50
-1	73	41	93	37	90	15	89	31	44	17	41	87	65	11	81	27	7	24	14	60	65	55	67	68	42	100	78	38	55	80	78	21	96	53	42	31	40	63	79	38	54	66	3	20	75	65	79	55	82	
73	-1	82	19	61	29	32	63	50	88	73	48	10	18	55	71	25	24	45	44	91	3	1	83	97	74	37	92	9	43	30	25	1	44	49	88	79	13	17	44	80	80	99	40	98	26	28	43	34	44	
41	82	-1	44	71	98	63	99	40	7	24	89	7	75	99	74	70	5	75	79	78	100	55	34	64	57	82	20	60	11	72	5	75	65	59	67	34	11	37	2	19	1	72	44	60	17	37	37	90	29	
93	19	44	-1	98	81	20	24	18	45	32	41	2	94	17	36	21	24	2	34	87	82	18	99	7	22	72	66	6	36	64	11	55	58	19	3	93	51	87	89	33	44	51	20	1	34	2	42	65	62	
37	61	71	98	-1	21	79	31	13	14	8	86	71	46	58	58	86	79	14	76	18	10	14	84	37	91	53	66	100	11	11	53	8	73	35	96	66	84	38	39	99	91	69	90	37	14	21	45	6	100	
90	29	98	81	21	-1	56	28	98	82	15	11	74	19	11	12	49	60	61	51	100	30	74	75	86	66	42	11	70	20	15	64	39	67	100	65	23	32	52	66	15	1	81	66	51	64	76	67	31	39	
15	32	63	20	79	56	-1	6	99	49	50	24	24	8	31	15	27	8	50	64	50	70	58	98	99	55	54	55	84	24	63	52	53	76	61	35	91	54	80	15	54	48	81	99	1	21	41	46	52	78	
89	63	99	24	31	28	6	-1	69	75	62	91	62	79	12	68	51	67	1	84	57	64	96	9	19	20	12	97	34	19	86	42	78	54	60	85	5	50	32	4	72	88	74	63	12	4	46	51	51	67	
31	50	40	18	13	98	99	69	-1	41	86	23	14	95	98	53	75	86	78	14	38	17	60	6	57	55	96	66	36	92	25	27	52	60	57	100	60	67	80	85	12	25	63	28	57	39	11	52	57	5	
44	88	7	45	14	82	49	75	41	-1	79	55	61	81	57	68	20	40	49	50	10	12	3	48	29	62	8	5	63	13	14	29	36	35	15	65	81	62	67	15	33	93	25	18	67	96	4	77	36	33	
17	73	24	32	8	15	50	62	86	79	-1	17	77	39	85	16	16	26	18	23	63	58	82	71	32	21	60	78	13	31	46	7	79	48	38	71	50	96	29	56	16	41	21	37	92	48	17	33	90	92	
41	48	89	41	86	11	24	91	23	55	17	-1	35	11	8	16	45	49	50	91	48	23	13	50	93	91	56	92	29	83	28	53	95	26	46	13	84	83	95	62	34	74	67	25	49	88	53	73	26	37	
87	10	7	2	71	74	24	62	14	61	77	35	-1	78	49	84	32	60	74	17	67	97	36	52	55	48	1	28	10	99	78	6	31	9	98	74	11	22	32	96	34	81	21	65	75	53	43	14	79	7	
65	18	75	94	46	19	8	79	95	81	39	11	78	-1	68	80	98	63	89	93	56	33	68	7	60	50	75	35	99	19	68	27	35	33	66	12	68	54	21	49	23	18	97	56	49	66	59	32	6	85	
11	55	99	17	58	11	31	12	98	57	85	8	49	68	-1	77	2	90	96	6	60	44	80	17	51	69	96	78	96	95	88	54	65	15	32	20	52	60	94	52	52	26	4	99	100	29	40	70	33	33	
81	71	74	36	58	12	15	68	53	68	16	16	84	80	77	-1	4	64	67	53	76	63	66	63	37	30	1	24	49	40	19	32	96	35	90	87	37	19	84	1	45	41	28	92	75	15	64	24	54	21	
27	25	70	21	86	49	27	51	75	20	16	45	32	98	2	4	-1	88	64	35	53	60	3	61	23	9	3	49	44	42	81	54	5	33	25	82	94	95	32	43	92	75	43	11	5	13	49	61	14	67	
7	24	5	24	79	60	8	67	86	40	26	49	60	63	90	64	88	-1	73	60	67	9	49	49	46	74	43	31	31	98	94	33	98	30	12	34	49	28	13	31	60	19	46	12	42	27	54	2	10	29	
24	45	75	2	14	61	50	1	78	49	18	50	74	89	96	67	64	73	-1	96	28	2	89	67	1	18	95	31	12	8	84	73	21	46	17	72	8	33	93	9	80	9	15	84	81	10	18	60	8	37	
14	44	79	34	76	51	64	84	14	50	23	91	17	93	6	53	35	60	96	-1	12	69	90	61	9	88	76	55	88	82	15	99	94	88	96	42	6	55	57	41	97	56	72	4	71	30	95	67	98	23	
60	91	78	87	18	100	50	57	38	10	63	48	67	56	60	76	53	67	28	12	-1	4	83	9	79	3	96	43	47	59	97	50	25	38	1	89	49	59	5	98	23	12	78	80	57	55	32	44	76	5	
65	3	100	82	10	30	70	64	17	12	58	23	97	33	44	63	60	9	2	69	4	-1	19	10	3	2	69	25	4	67	68	97	85	53	17	27	12	85	25	66	98	37	83	3	30	6	63	50	54	98	
55	1	55	18	14	74	58	96	60	3	82	13	36	68	80	66	3	49	89	90	83	19	-1	46	36	34	4	81	100	27	73	38	46	70	89	16	9	78	27	46	16	15	69	27	47	83	44	21	19	14	
67	83	34	99	84	75	98	9	6	48	71	50	52	7	17	63	61	49	67	61	9	10	46	-1	18	24	75	89	93	24	68	32	55	50	8	64	46	30	78	62	14	60	85	37	32	45	61	90	42	72	
68	97	64	7	37	86	99	19	57	29	32	93	55	60	51	37	23	46	1	9	79	3	36	18	-1	94	90	20	90	56	31	97	69	95	79	23	8	44	22	67	60	76	46	4	50	71	11	97	29	27	
42	74	57	22	91	66	55	20	55	62	21	91	48	50	69	30	9	74	18	88	3	2	34	24	94	-1	12	17	100	91	48	99	7	94	38	66	86	8	95	35	15	78	4	64	66	81	75	19	33	41	
100	37	82	72	53	42	54	12	96	8	60	56	1	75	96	1	3	43	95	76	96	69	4	75	90	12	-1	81	92	93	27	7	99	30	37	21	50	29	80	86	5	20	38	14	66	74	50	68	95	93	
78	92	20	66	66	11	55	97	66	5	78	92	28	35	78	24	49	31	31	55	43	25	81	89	20	17	81	-1	93	20	14	28	13	80	100	65	79	77	77	83	97	24	56	15	50	85	58	44	53	89	
38	9	60	6	100	70	84	34	36	63	13	29	10	99	96	49	44	31	12	88	47	4	100	93	90	100	92	93	-1	3	80	80	15	67	9	73	72	18	12	6	51	27	88	90	81	38	59	59	77	48	
55	43	11	36	11	20	24	19	92	13	31	83	99	19	95	40	42	98	8	82	59	67	27	24	56	91	93	20	3	-1	9	12	24	42	49	66	96	57	47	51	22	42	98	43	37	6	39	19	73	83	
80	30	72	64	11	15	63	86	25	14	46	28	78	68	88	19	81	94	84	15	97	68	73	68	31	48	27	14	80	9	-1	90	18	52	83	66	10	74	68	67	19	31	21	49	54	85	76	38	17	82	
78	25	5	11	53	64	52	42	27	29	7	53	6	27	54	32	54	33	73	99	50	97	38	32	97	99	7	28	80	12	90	-1	56	76	65	48	9	66	11	12	74	45	43	64	43	25	94	56	87	40	
21	1	75	55	8	39	53	78	52	36	79	95	31	35	65	96	5	98	21	94	25	85	46	55	69	7	99	13	15	24	18	56	-1	87	42	67	21	92	21	99	82	54	75	80	73	35	75	23	27	98	
96	44	65	58	73	67	76	54	60	35	48	26	9	33	15	35	33	30	46	88	38	53	70	50	95	94	30	80	67	42	52	76	87	-1	6	69	84	36	75	56	98	17	20	93	61	96	63	98	88	84	
53	49	59	19	35	100	61	60	57	15	38	46	98	66	32	90	25	12	17	96	1	17	89	8	79	38	37	100	9	49	83	65	42	6	-1	23	82	62	51	36	15	9	92	16	87	83	16	6	78	86	
42	88	67	3	96	65	35	85	100	65	71	13	74	12	20	87	82	34	72	42	89	27	16	64	23	66	21	65	73	66	66	48	67	69	23	-1	4	91	58	69	70	100	28	2	93	39	34	48	58	73	
31	79	34	93	66	23	91	5	60	81	50	84	11	68	52	37	94	49	8	6	49	12	9	46	8	86	50	79	72	96	10	9	21	84	82	4	-1	2	50	44	71	42	41	58	100	52	32	28	46	100	
40	13	11	51	84	32	54	50	67	62	96	83	22	54	60	19	95	28	33	55	59	85	78	30	44	8	29	77	18	57	74	66	92	36	62	91	2	-1	78	24	48	67	75	22	88	55	44	29	29	53	
63	17	37	87	38	52	80	32	80	67	29	95	32	21	94	84	32	13	93	57	5	25	27	78	22	95	80	77	12	47	68	11	21	75	51	58	50	78	-1	85	43	71	42	24	70	26	72	88	33	95	
79	44	2	89	39	66	15	4	85	15	56	62	96	49	52	1	43	31	9	41	98	66	46	62	67	35	86	83	6	51	67	12	99	56	36	69	44	24	85	-1	74	22	83	72	55	42	6	59	100	45	
38	80	19	33	99	15	54	72	12	33	16	34	34	23	52	45	92	60	80	97	23	98	16	14	60	15	5	97	51	22	19	74	82	98	15	70	71	48	43	74	-1	19	73	29	5	36	65	45	46	61	
54	80	1	44	91	1	48	88	25	93	41	74	81	18	26	41	75	19	9	56	12	37	15	60	76	78	20	24	27	42	31	45	54	17	9	100	42	67	71	22	19	-1	39	19	40	51	53	32	29	98	
66	99	72	51	69	81	81	74	63	25	21	67	21	97	4	28	43	46	15	72	78	83	69	85	46	4	38	56	88	98	21	43	75	20	92	28	41	75	42	83	73	39	-1	29	42	32	90	91	87	49	
3	40	44	20	90	66	99	63	28	18	37	25	65	56	99	92	11	12	84	4	80	3	27	37	4	64	14	15	90	43	49	64	80	93	16	2	58	22	24	72	29	19	29	-1	89	85	91	64	54	1	
20	98	60	1	37	51	1	12	57	67	92	49	75	49	100	75	5	42	81	71	57	30	47	32	50	66	66	50	81	37	54	43	73	61	87	93	100	88	70	55	5	40	42	89	-1	38	84	29	61	58	
75	26	17	34	14	64	21	4	39	96	48	88	53	66	29	15	13	27	10	30	55	6	83	45	71	81	74	85	38	6	85	25	35	96	83	39	52	55	26	42	36	51	32	85	38	-1	53	46	10	19	
65	28	37	2	21	76	41	46	11	4	17	53	43	59	40	64	49	54	18	95	32	63	44	61	11	75	50	58	59	39	76	94	75	63	16	34	32	44	72	6	65	53	90	91	84	53	-1	90	83	13	
79	43	37	42	45	67	46	51	52	77	33	73	14	32	70	24	61	2	60	67	44	50	21	90	97	19	68	44	59	19	38	56	23	98	6	48	28	29	88	59	45	32	91	64	29	46	90	-1	43	50	
55	34	90	65	6	31	52	51	57	36	90	26	79	6	33	54	14	10	8	98	76	54	19	42	29	33	95	53	77	73	17	87	27	88	78	58	46	29	33	100	46	29	87	54	61	10	83	43	-1	85	
82	44	29	62	100	39	78	67	5	33	92	37	7	85	33	21	67	29	37	23	5	98	14	72	27	41	93	89	48	83	82	40	98	84	86	73	100	53	95	45	61	98	49	1	58	19	13	50	85	-1	
