50
-1	80	28	74	82	93	41	32	89	84	83	54	35	87	62	99	55	35	68	69	9	36	24	59	24	44	74	90	38	64	21	58	6	67	25	29	70	19	39	100	82	93	98	56	1	52	71	55	48	1	
80	-1	79	83	91	1	7	35	21	32	39	85	63	44	43	26	1	77	92	64	59	52	63	29	69	42	80	65	78	34	32	78	14	85	30	38	23	9	75	36	44	80	72	67	23	83	29	47	13	82	
28	79	-1	39	33	79	5	46	17	91	75	20	1	7	10	5	93	45	32	19	70	12	33	1	40	2	88	63	55	55	34	92	67	57	28	80	26	79	45	34	10	91	81	44	84	15	87	26	73	76	
74	83	39	-1	29	41	58	54	7	78	33	43	69	34	74	46	55	30	23	53	45	57	72	38	4	25	77	90	94	71	38	55	66	19	11	48	76	20	80	39	61	72	32	58	46	75	48	81	25	88	
82	91	33	29	-1	67	66	37	80	67	86	11	29	74	79	61	57	58	3	41	53	90	44	85	16	18	8	19	5	65	76	19	40	73	27	24	94	74	96	86	23	46	47	17	44	9	27	71	91	73	
93	1	79	41	67	-1	26	75	46	77	53	77	85	25	100	31	79	52	100	69	47	80	17	21	61	6	54	90	60	47	2	74	44	42	42	94	23	83	81	13	67	23	75	87	20	89	73	79	80	96	
41	7	5	58	66	26	-1	43	87	18	38	2	83	11	73	57	21	66	40	23	27	23	56	71	9	6	28	51	41	1	73	77	28	7	34	75	38	74	23	56	41	36	88	59	38	22	12	64	61	8	
32	35	46	54	37	75	43	-1	38	37	11	88	85	3	8	56	43	73	98	46	83	39	86	35	23	83	77	43	43	100	12	85	68	56	75	16	75	72	8	28	53	65	30	62	15	1	60	58	42	10	
89	21	17	7	80	46	87	38	-1	56	52	1	15	67	57	54	60	27	86	21	7	58	13	22	84	13	35	34	88	69	93	1	82	45	19	87	70	12	26	35	51	44	82	95	94	83	59	93	96	48	
84	32	91	78	67	77	18	37	56	-1	15	5	16	18	68	68	24	28	97	16	25	97	39	2	57	78	14	28	85	92	74	7	4	56	15	80	47	56	27	45	68	93	62	34	43	37	30	88	51	29	
83	39	75	33	86	53	38	11	52	15	-1	76	35	71	55	34	11	14	84	51	52	99	69	48	74	72	15	81	65	11	92	75	85	14	12	3	30	78	77	47	35	26	83	59	89	53	83	10	53	68	
54	85	20	43	11	77	2	88	1	5	76	-1	72	14	25	4	26	62	59	79	66	23	10	37	71	89	55	62	16	34	71	15	9	95	2	73	54	78	95	72	69	68	24	23	52	7	100	99	55	59	
35	63	1	69	29	85	83	85	15	16	35	72	-1	56	43	23	1	91	79	51	16	37	28	74	95	18	22	81	86	46	99	35	53	60	71	46	2	56	44	91	15	17	25	29	14	91	1	57	91	8	
87	44	7	34	74	25	11	3	67	18	71	14	56	-1	33	2	35	13	86	88	14	55	12	22	28	66	40	8	84	78	99	53	45	16	19	89	100	36	61	99	73	97	52	69	85	12	68	7	28	37	
62	43	10	74	79	100	73	8	57	68	55	25	43	33	-1	39	53	32	50	68	3	98	60	25	92	51	23	47	14	25	10	55	3	15	33	95	89	7	74	50	86	87	76	64	59	6	97	5	25	71	
99	26	5	46	61	31	57	56	54	68	34	4	23	2	39	-1	26	83	9	2	66	34	92	22	29	80	94	39	12	25	88	88	43	25	75	92	61	7	32	89	57	36	29	45	87	69	53	68	92	21	
55	1	93	55	57	79	21	43	60	24	11	26	1	35	53	26	-1	66	14	54	42	14	41	14	2	36	9	67	84	25	36	15	17	74	100	32	92	23	27	64	45	1	89	69	98	52	48	76	21	16	
35	77	45	30	58	52	66	73	27	28	14	62	91	13	32	83	66	-1	4	37	46	89	72	46	24	28	65	55	85	24	17	25	15	49	35	97	65	8	89	32	22	67	14	77	56	62	45	26	32	43	
68	92	32	23	3	100	40	98	86	97	84	59	79	86	50	9	14	4	-1	78	22	1	45	59	87	66	39	30	92	32	55	77	61	4	5	1	69	9	26	44	8	72	68	28	45	61	84	45	46	73	
69	64	19	53	41	69	23	46	21	16	51	79	51	88	68	2	54	37	78	-1	9	38	63	20	3	63	11	89	12	95	33	24	85	11	3	40	29	34	68	65	13	42	31	79	55	35	10	55	49	83	
9	59	70	45	53	47	27	83	7	25	52	66	16	14	3	66	42	46	22	9	-1	20	73	24	22	42	7	46	26	16	61	71	50	35	14	43	26	14	22	49	3	78	64	66	52	90	94	89	44	15	
36	52	12	57	90	80	23	39	58	97	99	23	37	55	98	34	14	89	1	38	20	-1	38	81	42	91	99	71	29	16	85	50	74	52	21	17	82	58	49	48	48	11	23	41	74	23	63	44	91	97	
24	63	33	72	44	17	56	86	13	39	69	10	28	12	60	92	41	72	45	63	73	38	-1	13	76	57	74	35	1	88	52	28	83	59	41	42	24	45	88	86	29	79	98	98	20	16	34	54	26	48	
59	29	1	38	85	21	71	35	22	2	48	37	74	22	25	22	14	46	59	20	24	81	13	-1	62	73	99	22	80	73	2	11	97	94	56	4	19	44	67	44	45	84	67	33	15	44	63	61	87	20	
24	69	40	4	16	61	9	23	84	57	74	71	95	28	92	29	2	24	87	3	22	42	76	62	-1	4	54	39	4	67	90	24	31	80	60	23	14	31	11	37	54	54	18	24	70	43	84	28	76	7	
44	42	2	25	18	6	6	83	13	78	72	89	18	66	51	80	36	28	66	63	42	91	57	73	4	-1	73	43	26	55	12	29	100	39	34	2	32	72	62	77	33	30	67	61	55	69	55	50	7	35	
74	80	88	77	8	54	28	77	35	14	15	55	22	40	23	94	9	65	39	11	7	99	74	99	54	73	-1	10	55	71	43	75	21	77	37	52	66	68	22	52	95	45	93	8	87	7	30	30	89	62	
90	65	63	90	19	90	51	43	34	28	81	62	81	8	47	39	67	55	30	89	46	71	35	22	39	43	10	-1	53	90	83	21	70	45	24	79	64	76	51	18	44	13	29	65	40	8	1	15	51	61	
38	78	55	94	5	60	41	43	88	85	65	16	86	84	14	12	84	85	92	12	26	29	1	80	4	26	55	53	-1	94	20	30	12	45	73	40	88	100	26	50	20	33	8	66	80	55	75	100	60	5	
64	34	55	71	65	47	1	100	69	92	11	34	46	78	25	25	25	24	32	95	16	16	88	73	67	55	71	90	94	-1	56	33	58	60	8	96	28	16	19	15	23	6	49	7	66	9	9	10	30	81	
21	32	34	38	76	2	73	12	93	74	92	71	99	99	10	88	36	17	55	33	61	85	52	2	90	12	43	83	20	56	-1	27	12	71	39	55	95	59	70	66	100	54	97	40	11	6	58	39	14	76	
58	78	92	55	19	74	77	85	1	7	75	15	35	53	55	88	15	25	77	24	71	50	28	11	24	29	75	21	30	33	27	-1	35	39	60	86	79	11	43	38	39	7	65	51	81	18	95	66	49	74	
6	14	67	66	40	44	28	68	82	4	85	9	53	45	3	43	17	15	61	85	50	74	83	97	31	100	21	70	12	58	12	35	-1	15	44	6	10	78	34	27	63	52	81	67	5	60	72	98	8	80	
67	85	57	19	73	42	7	56	45	56	14	95	60	16	15	25	74	49	4	11	35	52	59	94	80	39	77	45	45	60	71	39	15	-1	62	97	75	19	76	43	32	67	75	48	50	83	13	98	54	21	
25	30	28	11	27	42	34	75	19	15	12	2	71	19	33	75	100	35	5	3	14	21	41	56	60	34	37	24	73	8	39	60	44	62	-1	34	63	87	81	57	47	93	15	12	38	20	4	12	32	66	
29	38	80	48	24	94	75	16	87	80	3	73	46	89	95	92	32	97	1	40	43	17	42	4	23	2	52	79	40	96	55	86	6	97	34	-1	79	32	47	36	77	13	48	20	99	94	98	57	89	36	
70	23	26	76	94	23	38	75	70	47	30	54	2	100	89	61	92	65	69	29	26	82	24	19	14	32	66	64	88	28	95	79	10	75	63	79	-1	75	87	94	89	49	38	14	29	28	37	97	85	93	
19	9	79	20	74	83	74	72	12	56	78	78	56	36	7	7	23	8	9	34	14	58	45	44	31	72	68	76	100	16	59	11	78	19	87	32	75	-1	13	34	80	22	60	40	38	90	47	87	95	72	
39	75	45	80	96	81	23	8	26	27	77	95	44	61	74	32	27	89	26	68	22	49	88	67	11	62	22	51	26	19	70	43	34	76	81	47	87	13	-1	51	46	63	55	35	52	8	21	8	85	69	
100	36	34	39	86	13	56	28	35	45	47	72	91	99	50	89	64	32	44	65	49	48	86	44	37	77	52	18	50	15	66	38	27	43	57	36	94	34	51	-1	40	95	79	7	64	43	80	26	50	43	
82	44	10	61	23	67	41	53	51	68	35	69	15	73	86	57	45	22	8	13	3	48	29	45	54	33	95	44	20	23	100	39	63	32	47	77	89	80	46	40	-1	73	36	100	78	55	94	18	47	49	
93	80	91	72	46	23	36	65	44	93	26	68	17	97	87	36	1	67	72	42	78	11	79	84	54	30	45	13	33	6	54	7	52	67	93	13	49	22	63	95	73	-1	87	49	75	46	40	6	5	73	
98	72	81	32	47	75	88	30	82	62	83	24	25	52	76	29	89	14	68	31	64	23	98	67	18	67	93	29	8	49	97	65	81	75	15	48	38	60	55	79	36	87	-1	15	29	58	94	2	15	77	
56	67	44	58	17	87	59	62	95	34	59	23	29	69	64	45	69	77	28	79	66	41	98	33	24	61	8	65	66	7	40	51	67	48	12	20	14	40	35	7	100	49	15	-1	71	60	33	36	51	89	
1	23	84	46	44	20	38	15	94	43	89	52	14	85	59	87	98	56	45	55	52	74	20	15	70	55	87	40	80	66	11	81	5	50	38	99	29	38	52	64	78	75	29	71	-1	38	23	1	96	54	
52	83	15	75	9	89	22	1	83	37	53	7	91	12	6	69	52	62	61	35	90	23	16	44	43	69	7	8	55	9	6	18	60	83	20	94	28	90	8	43	55	46	58	60	38	-1	17	96	38	95	
71	29	87	48	27	73	12	60	59	30	83	100	1	68	97	53	48	45	84	10	94	63	34	63	84	55	30	1	75	9	58	95	72	13	4	98	37	47	21	80	94	40	94	33	23	17	-1	73	21	34	
55	47	26	81	71	79	64	58	93	88	10	99	57	7	5	68	76	26	45	55	89	44	54	61	28	50	30	15	100	10	39	66	98	98	12	57	97	87	8	26	18	6	2	36	1	96	73	-1	36	55	
48	13	73	25	91	80	61	42	96	51	53	55	91	28	25	92	21	32	46	49	44	91	26	87	76	7	89	51	60	30	14	49	8	54	32	89	85	95	85	50	47	5	15	51	96	38	21	36	-1	42	
1	82	76	88	73	96	8	10	48	29	68	59	8	37	71	21	16	43	73	83	15	97	48	20	7	35	62	61	5	81	76	74	80	21	66	36	93	72	69	43	49	73	77	89	54	95	34	55	42	-1	
