50
-1	88	13	54	36	45	51	76	20	71	43	87	52	9	64	80	47	71	94	5	33	38	18	47	16	36	52	70	59	75	18	24	43	36	20	5	47	12	17	41	44	58	65	23	72	98	91	48	78	38	
88	-1	17	47	53	40	49	35	72	47	91	82	6	25	32	93	99	44	29	39	15	95	40	18	85	28	50	95	7	51	30	70	48	49	25	71	58	54	74	7	61	44	12	53	56	90	2	26	26	16	
13	17	-1	54	35	60	23	21	90	21	19	45	20	90	62	60	34	23	32	85	29	85	97	73	10	33	43	31	93	41	29	3	57	14	8	19	49	2	63	23	70	71	20	39	65	87	92	18	18	17	
54	47	54	-1	71	73	85	100	22	17	20	15	44	73	21	93	44	68	50	34	95	53	18	93	53	27	29	75	42	55	2	27	41	32	100	28	33	7	80	41	78	3	74	23	31	2	2	8	97	52	
36	53	35	71	-1	59	73	74	28	88	85	95	76	71	85	15	66	56	43	45	85	51	99	43	77	1	38	60	18	38	49	47	57	46	82	30	36	38	1	61	19	85	26	66	35	25	73	57	12	90	
45	40	60	73	59	-1	94	76	86	72	58	9	79	44	29	95	71	38	5	50	83	8	43	81	23	66	37	24	46	45	32	46	60	13	23	69	76	48	7	41	2	54	49	27	90	18	41	42	97	66	
51	49	23	85	73	94	-1	51	54	99	53	19	58	42	84	49	19	3	83	51	83	30	25	3	7	46	19	80	21	22	53	64	13	17	77	5	6	21	1	96	23	34	59	71	79	77	63	21	22	19	
76	35	21	100	74	76	51	-1	91	64	93	82	5	61	83	56	34	100	97	93	54	43	98	86	88	87	55	58	23	62	79	88	81	53	91	71	99	49	92	5	73	81	67	43	64	98	89	7	73	95	
20	72	90	22	28	86	54	91	-1	18	20	99	10	76	86	24	46	61	49	4	90	61	68	19	26	13	57	84	17	46	39	14	15	26	66	38	92	76	14	24	21	75	30	98	5	17	19	43	10	68	
71	47	21	17	88	72	99	64	18	-1	58	45	69	24	58	86	79	2	26	7	21	84	77	5	43	2	58	23	9	13	95	56	66	23	12	51	48	18	29	76	39	55	4	77	37	49	80	5	98	18	
43	91	19	20	85	58	53	93	20	58	-1	91	15	74	94	80	18	7	23	88	84	27	20	42	48	86	89	6	21	43	58	64	68	25	4	100	88	80	68	31	44	9	21	91	52	2	84	20	38	81	
87	82	45	15	95	9	19	82	99	45	91	-1	89	44	4	40	41	24	89	1	6	47	96	11	39	46	41	92	33	13	99	68	65	82	48	95	78	55	91	18	13	72	92	8	71	73	35	58	68	49	
52	6	20	44	76	79	58	5	10	69	15	89	-1	82	31	6	92	32	50	47	74	30	64	31	4	89	51	11	42	76	7	90	2	63	47	62	53	52	91	11	15	53	7	16	96	39	92	93	88	74	
9	25	90	73	71	44	42	61	76	24	74	44	82	-1	45	23	50	12	62	89	56	66	96	64	34	96	67	30	77	97	95	100	54	39	4	83	32	99	30	54	22	52	5	6	44	65	65	95	87	45	
64	32	62	21	85	29	84	83	86	58	94	4	31	45	-1	8	5	42	99	86	2	80	88	22	72	80	79	24	76	76	79	82	100	73	73	14	35	58	58	84	55	19	73	88	7	4	64	23	73	62	
80	93	60	93	15	95	49	56	24	86	80	40	6	23	8	-1	55	19	22	48	13	88	92	2	31	36	1	23	83	65	14	53	69	1	32	5	4	11	86	34	99	80	59	93	81	92	62	3	58	42	
47	99	34	44	66	71	19	34	46	79	18	41	92	50	5	55	-1	40	80	6	81	40	92	64	89	98	74	64	17	8	2	77	78	8	42	50	32	16	69	66	88	38	56	89	65	44	78	28	19	27	
71	44	23	68	56	38	3	100	61	2	7	24	32	12	42	19	40	-1	21	16	13	98	89	83	18	46	85	92	10	39	12	16	17	74	54	33	97	29	23	98	72	17	99	23	28	59	22	50	26	41	
94	29	32	50	43	5	83	97	49	26	23	89	50	62	99	22	80	21	-1	61	2	64	24	58	91	10	46	81	38	40	100	100	67	2	97	64	100	48	80	20	75	43	20	70	63	28	82	32	31	91	
5	39	85	34	45	50	51	93	4	7	88	1	47	89	86	48	6	16	61	-1	56	96	36	46	4	51	52	3	50	34	22	75	85	70	100	69	30	10	47	99	31	14	10	95	27	58	2	48	31	55	
33	15	29	95	85	83	83	54	90	21	84	6	74	56	2	13	81	13	2	56	-1	80	26	69	62	66	35	66	79	23	12	62	83	77	12	26	53	90	71	13	93	79	57	40	38	6	71	70	58	10	
38	95	85	53	51	8	30	43	61	84	27	47	30	66	80	88	40	98	64	96	80	-1	2	52	36	27	20	64	1	21	76	40	46	23	37	41	13	46	13	25	33	62	70	38	63	11	33	40	63	32	
18	40	97	18	99	43	25	98	68	77	20	96	64	96	88	92	92	89	24	36	26	2	-1	27	32	76	38	37	98	6	34	15	40	68	72	75	60	9	100	94	33	47	82	43	20	92	46	51	84	8	
47	18	73	93	43	81	3	86	19	5	42	11	31	64	22	2	64	83	58	46	69	52	27	-1	71	1	67	71	83	71	55	53	75	29	29	22	93	100	91	17	3	73	96	52	30	15	68	82	83	95	
16	85	10	53	77	23	7	88	26	43	48	39	4	34	72	31	89	18	91	4	62	36	32	71	-1	85	96	93	11	85	56	31	68	88	10	79	91	93	7	95	58	100	96	19	48	55	17	43	79	18	
36	28	33	27	1	66	46	87	13	2	86	46	89	96	80	36	98	46	10	51	66	27	76	1	85	-1	82	50	81	31	58	95	95	98	69	19	96	23	41	44	6	49	49	8	60	59	66	81	64	77	
52	50	43	29	38	37	19	55	57	58	89	41	51	67	79	1	74	85	46	52	35	20	38	67	96	82	-1	67	24	13	29	71	31	95	71	96	59	18	26	18	6	5	39	64	33	35	39	78	5	87	
70	95	31	75	60	24	80	58	84	23	6	92	11	30	24	23	64	92	81	3	66	64	37	71	93	50	67	-1	24	48	47	64	16	94	94	59	90	64	84	33	61	60	51	27	66	17	49	39	44	82	
59	7	93	42	18	46	21	23	17	9	21	33	42	77	76	83	17	10	38	50	79	1	98	83	11	81	24	24	-1	14	47	94	84	74	41	89	45	55	47	94	22	39	4	50	29	5	15	76	2	100	
75	51	41	55	38	45	22	62	46	13	43	13	76	97	76	65	8	39	40	34	23	21	6	71	85	31	13	48	14	-1	90	19	39	68	78	85	90	45	72	63	12	1	47	14	30	74	5	52	70	76	
18	30	29	2	49	32	53	79	39	95	58	99	7	95	79	14	2	12	100	22	12	76	34	55	56	58	29	47	47	90	-1	91	11	80	84	1	95	22	66	40	39	94	34	90	90	69	89	15	46	51	
24	70	3	27	47	46	64	88	14	56	64	68	90	100	82	53	77	16	100	75	62	40	15	53	31	95	71	64	94	19	91	-1	26	26	45	73	87	92	90	54	62	70	62	83	3	85	59	85	47	85	
43	48	57	41	57	60	13	81	15	66	68	65	2	54	100	69	78	17	67	85	83	46	40	75	68	95	31	16	84	39	11	26	-1	13	23	37	39	87	39	81	79	84	85	98	76	6	27	5	91	7	
36	49	14	32	46	13	17	53	26	23	25	82	63	39	73	1	8	74	2	70	77	23	68	29	88	98	95	94	74	68	80	26	13	-1	8	74	6	83	3	57	62	65	57	5	30	30	30	87	10	41	
20	25	8	100	82	23	77	91	66	12	4	48	47	4	73	32	42	54	97	100	12	37	72	29	10	69	71	94	41	78	84	45	23	8	-1	97	95	50	99	94	90	59	59	64	28	92	21	2	20	9	
5	71	19	28	30	69	5	71	38	51	100	95	62	83	14	5	50	33	64	69	26	41	75	22	79	19	96	59	89	85	1	73	37	74	97	-1	21	99	8	8	21	78	79	20	34	71	40	27	83	90	
47	58	49	33	36	76	6	99	92	48	88	78	53	32	35	4	32	97	100	30	53	13	60	93	91	96	59	90	45	90	95	87	39	6	95	21	-1	56	38	14	11	55	42	57	75	47	45	64	54	86	
12	54	2	7	38	48	21	49	76	18	80	55	52	99	58	11	16	29	48	10	90	46	9	100	93	23	18	64	55	45	22	92	87	83	50	99	56	-1	63	87	18	41	2	75	66	12	52	72	74	72	
17	74	63	80	1	7	1	92	14	29	68	91	91	30	58	86	69	23	80	47	71	13	100	91	7	41	26	84	47	72	66	90	39	3	99	8	38	63	-1	100	93	78	3	6	79	70	71	51	79	41	
41	7	23	41	61	41	96	5	24	76	31	18	11	54	84	34	66	98	20	99	13	25	94	17	95	44	18	33	94	63	40	54	81	57	94	8	14	87	100	-1	49	20	11	85	23	65	99	14	92	53	
44	61	70	78	19	2	23	73	21	39	44	13	15	22	55	99	88	72	75	31	93	33	33	3	58	6	6	61	22	12	39	62	79	62	90	21	11	18	93	49	-1	68	72	27	44	12	74	91	89	3	
58	44	71	3	85	54	34	81	75	55	9	72	53	52	19	80	38	17	43	14	79	62	47	73	100	49	5	60	39	1	94	70	84	65	59	78	55	41	78	20	68	-1	8	45	74	86	9	70	33	86	
65	12	20	74	26	49	59	67	30	4	21	92	7	5	73	59	56	99	20	10	57	70	82	96	96	49	39	51	4	47	34	62	85	57	59	79	42	2	3	11	72	8	-1	66	39	11	39	5	50	82	
23	53	39	23	66	27	71	43	98	77	91	8	16	6	88	93	89	23	70	95	40	38	43	52	19	8	64	27	50	14	90	83	98	5	64	20	57	75	6	85	27	45	66	-1	82	21	59	67	51	40	
72	56	65	31	35	90	79	64	5	37	52	71	96	44	7	81	65	28	63	27	38	63	20	30	48	60	33	66	29	30	90	3	76	30	28	34	75	66	79	23	44	74	39	82	-1	78	58	63	23	71	
98	90	87	2	25	18	77	98	17	49	2	73	39	65	4	92	44	59	28	58	6	11	92	15	55	59	35	17	5	74	69	85	6	30	92	71	47	12	70	65	12	86	11	21	78	-1	54	61	27	87	
91	2	92	2	73	41	63	89	19	80	84	35	92	65	64	62	78	22	82	2	71	33	46	68	17	66	39	49	15	5	89	59	27	30	21	40	45	52	71	99	74	9	39	59	58	54	-1	71	88	20	
48	26	18	8	57	42	21	7	43	5	20	58	93	95	23	3	28	50	32	48	70	40	51	82	43	81	78	39	76	52	15	85	5	87	2	27	64	72	51	14	91	70	5	67	63	61	71	-1	29	30	
78	26	18	97	12	97	22	73	10	98	38	68	88	87	73	58	19	26	31	31	58	63	84	83	79	64	5	44	2	70	46	47	91	10	20	83	54	74	79	92	89	33	50	51	23	27	88	29	-1	76	
38	16	17	52	90	66	19	95	68	18	81	49	74	45	62	42	27	41	91	55	10	32	8	95	18	77	87	82	100	76	51	85	7	41	9	90	86	72	41	53	3	86	82	40	71	87	20	30	76	-1	
