50
-1	19	30	51	70	87	47	81	13	47	33	50	1	38	18	95	20	53	37	49	19	70	39	4	72	23	57	10	79	33	49	67	99	50	74	60	25	72	97	33	22	75	34	4	65	37	91	14	35	47	
19	-1	55	36	66	14	62	79	59	4	64	11	92	17	31	82	50	9	33	67	23	94	74	53	34	26	21	38	45	75	77	52	87	58	55	98	31	81	87	6	58	31	23	22	97	60	2	4	33	38	
30	55	-1	72	30	94	51	41	82	89	8	77	78	29	45	27	12	20	42	85	84	55	77	14	18	7	45	37	45	6	79	66	76	77	79	86	29	19	29	67	71	95	92	36	40	57	59	34	46	42	
51	36	72	-1	30	80	9	24	99	85	50	80	54	39	51	83	14	34	54	75	81	57	6	27	33	28	80	20	23	22	3	13	13	61	46	97	19	37	77	8	27	9	90	11	6	84	93	72	20	26	
70	66	30	30	-1	39	50	95	89	35	60	55	75	85	4	49	57	43	70	26	85	53	93	81	7	25	93	97	77	67	42	12	85	65	2	75	35	74	93	7	51	48	48	7	64	71	15	86	42	60	
87	14	94	80	39	-1	42	99	18	82	35	52	99	84	13	97	83	88	4	61	10	46	79	77	65	83	94	75	27	3	66	16	28	33	89	54	48	19	66	93	47	98	61	8	48	78	87	34	59	5	
47	62	51	9	50	42	-1	33	74	86	16	97	75	19	67	76	24	64	58	37	71	7	47	59	77	60	11	23	82	100	39	12	92	43	60	11	1	86	82	28	40	97	80	62	5	82	73	91	50	99	
81	79	41	24	95	99	33	-1	96	3	8	12	34	91	14	25	24	79	62	15	91	89	22	100	45	68	14	43	96	23	90	52	73	64	59	78	89	91	89	55	98	87	83	64	57	50	94	81	39	48	
13	59	82	99	89	18	74	96	-1	51	65	50	62	80	90	41	88	73	24	98	49	19	51	55	9	44	66	51	64	40	21	35	25	40	91	25	69	17	20	99	25	51	37	90	33	87	42	52	18	97	
47	4	89	85	35	82	86	3	51	-1	58	89	70	30	13	19	83	57	18	76	26	77	100	75	73	10	60	24	42	19	95	40	58	52	84	97	100	67	43	79	86	28	83	76	14	92	87	15	57	15	
33	64	8	50	60	35	16	8	65	58	-1	79	19	93	42	93	14	99	43	47	56	99	4	14	62	70	60	41	71	65	47	70	49	36	56	47	47	10	13	45	58	15	52	69	17	49	48	56	45	23	
50	11	77	80	55	52	97	12	50	89	79	-1	73	69	28	35	15	76	94	43	7	46	50	58	25	90	15	61	30	2	70	52	69	78	53	93	56	11	52	6	75	68	19	77	25	82	97	74	97	38	
1	92	78	54	75	99	75	34	62	70	19	73	-1	23	32	7	43	92	77	67	96	28	3	82	7	54	97	8	74	6	7	37	38	50	13	74	66	85	14	75	81	62	43	30	47	34	13	95	21	92	
38	17	29	39	85	84	19	91	80	30	93	69	23	-1	85	42	35	100	51	64	30	22	41	77	74	12	21	89	94	83	48	3	77	50	96	50	75	35	68	2	40	38	42	26	8	95	10	90	16	35	
18	31	45	51	4	13	67	14	90	13	42	28	32	85	-1	13	47	80	6	5	66	46	32	19	61	22	98	88	84	54	18	4	68	39	5	72	65	81	39	59	41	35	56	80	86	35	70	46	92	41	
95	82	27	83	49	97	76	25	41	19	93	35	7	42	13	-1	55	47	61	77	84	29	53	78	23	46	78	4	53	71	63	26	38	43	42	53	41	85	68	47	39	87	12	79	100	84	44	32	88	21	
20	50	12	14	57	83	24	24	88	83	14	15	43	35	47	55	-1	55	20	55	63	21	91	62	60	49	28	84	39	56	31	49	69	63	100	73	22	55	91	24	23	82	25	81	17	1	18	9	81	11	
53	9	20	34	43	88	64	79	73	57	99	76	92	100	80	47	55	-1	74	82	86	37	33	67	76	32	50	98	6	23	19	27	38	58	23	26	91	1	24	100	80	81	44	66	79	79	38	63	49	95	
37	33	42	54	70	4	58	62	24	18	43	94	77	51	6	61	20	74	-1	40	7	4	96	43	99	33	97	49	43	78	59	66	74	3	92	46	84	61	27	78	34	14	97	61	2	56	52	1	41	76	
49	67	85	75	26	61	37	15	98	76	47	43	67	64	5	77	55	82	40	-1	41	34	97	46	12	42	98	2	82	97	63	85	10	19	69	14	36	16	96	46	42	88	71	82	58	91	29	79	10	26	
19	23	84	81	85	10	71	91	49	26	56	7	96	30	66	84	63	86	7	41	-1	79	46	22	35	76	53	51	53	14	57	100	92	67	66	46	35	72	24	64	6	69	16	4	34	33	70	55	11	52	
70	94	55	57	53	46	7	89	19	77	99	46	28	22	46	29	21	37	4	34	79	-1	99	62	74	58	42	78	8	37	15	65	41	77	69	95	47	87	45	52	41	84	13	86	80	7	81	93	1	58	
39	74	77	6	93	79	47	22	51	100	4	50	3	41	32	53	91	33	96	97	46	99	-1	31	21	85	1	14	76	77	68	14	53	80	63	38	64	45	26	38	19	13	49	94	36	78	88	66	80	57	
4	53	14	27	81	77	59	100	55	75	14	58	82	77	19	78	62	67	43	46	22	62	31	-1	75	11	75	49	58	86	25	100	3	39	32	42	16	77	63	31	98	45	71	46	50	68	87	84	47	68	
72	34	18	33	7	65	77	45	9	73	62	25	7	74	61	23	60	76	99	12	35	74	21	75	-1	26	53	8	61	96	13	32	80	4	77	55	85	100	37	11	34	2	17	79	11	91	71	51	71	33	
23	26	7	28	25	83	60	68	44	10	70	90	54	12	22	46	49	32	33	42	76	58	85	11	26	-1	32	76	27	93	88	64	5	33	19	17	80	18	17	66	22	18	94	55	46	93	31	75	79	9	
57	21	45	80	93	94	11	14	66	60	60	15	97	21	98	78	28	50	97	98	53	42	1	75	53	32	-1	92	87	28	58	58	56	6	83	62	48	79	59	6	13	24	27	36	62	34	4	29	94	44	
10	38	37	20	97	75	23	43	51	24	41	61	8	89	88	4	84	98	49	2	51	78	14	49	8	76	92	-1	43	48	6	52	43	43	38	34	62	60	43	73	88	16	76	49	5	5	50	92	82	10	
79	45	45	23	77	27	82	96	64	42	71	30	74	94	84	53	39	6	43	82	53	8	76	58	61	27	87	43	-1	68	62	58	67	35	66	12	64	91	6	91	94	62	82	65	24	5	75	25	92	31	
33	75	6	22	67	3	100	23	40	19	65	2	6	83	54	71	56	23	78	97	14	37	77	86	96	93	28	48	68	-1	24	41	22	36	52	39	36	15	31	94	63	32	1	67	20	45	22	36	95	29	
49	77	79	3	42	66	39	90	21	95	47	70	7	48	18	63	31	19	59	63	57	15	68	25	13	88	58	6	62	24	-1	20	28	92	65	86	76	15	42	63	46	66	76	22	13	12	90	83	76	40	
67	52	66	13	12	16	12	52	35	40	70	52	37	3	4	26	49	27	66	85	100	65	14	100	32	64	58	52	58	41	20	-1	86	22	94	53	2	6	45	45	39	77	74	85	44	74	5	83	94	43	
99	87	76	13	85	28	92	73	25	58	49	69	38	77	68	38	69	38	74	10	92	41	53	3	80	5	56	43	67	22	28	86	-1	96	83	79	36	29	30	85	11	3	77	17	22	30	72	83	98	24	
50	58	77	61	65	33	43	64	40	52	36	78	50	50	39	43	63	58	3	19	67	77	80	39	4	33	6	43	35	36	92	22	96	-1	58	72	29	74	59	45	71	63	23	29	8	93	75	78	97	13	
74	55	79	46	2	89	60	59	91	84	56	53	13	96	5	42	100	23	92	69	66	69	63	32	77	19	83	38	66	52	65	94	83	58	-1	17	4	51	29	45	43	64	17	1	94	69	95	97	39	52	
60	98	86	97	75	54	11	78	25	97	47	93	74	50	72	53	73	26	46	14	46	95	38	42	55	17	62	34	12	39	86	53	79	72	17	-1	22	44	93	99	16	61	3	44	70	21	75	46	17	19	
25	31	29	19	35	48	1	89	69	100	47	56	66	75	65	41	22	91	84	36	35	47	64	16	85	80	48	62	64	36	76	2	36	29	4	22	-1	20	60	55	65	36	81	88	43	8	87	25	58	23	
72	81	19	37	74	19	86	91	17	67	10	11	85	35	81	85	55	1	61	16	72	87	45	77	100	18	79	60	91	15	15	6	29	74	51	44	20	-1	68	24	87	97	78	33	71	13	62	25	17	30	
97	87	29	77	93	66	82	89	20	43	13	52	14	68	39	68	91	24	27	96	24	45	26	63	37	17	59	43	6	31	42	45	30	59	29	93	60	68	-1	4	73	46	67	92	89	76	36	8	49	62	
33	6	67	8	7	93	28	55	99	79	45	6	75	2	59	47	24	100	78	46	64	52	38	31	11	66	6	73	91	94	63	45	85	45	45	99	55	24	4	-1	51	80	100	63	90	86	36	45	38	51	
22	58	71	27	51	47	40	98	25	86	58	75	81	40	41	39	23	80	34	42	6	41	19	98	34	22	13	88	94	63	46	39	11	71	43	16	65	87	73	51	-1	89	85	13	2	5	56	45	16	39	
75	31	95	9	48	98	97	87	51	28	15	68	62	38	35	87	82	81	14	88	69	84	13	45	2	18	24	16	62	32	66	77	3	63	64	61	36	97	46	80	89	-1	71	57	87	14	26	48	67	5	
34	23	92	90	48	61	80	83	37	83	52	19	43	42	56	12	25	44	97	71	16	13	49	71	17	94	27	76	82	1	76	74	77	23	17	3	81	78	67	100	85	71	-1	41	54	49	97	5	93	18	
4	22	36	11	7	8	62	64	90	76	69	77	30	26	80	79	81	66	61	82	4	86	94	46	79	55	36	49	65	67	22	85	17	29	1	44	88	33	92	63	13	57	41	-1	82	50	73	31	29	17	
65	97	40	6	64	48	5	57	33	14	17	25	47	8	86	100	17	79	2	58	34	80	36	50	11	46	62	5	24	20	13	44	22	8	94	70	43	71	89	90	2	87	54	82	-1	99	63	13	47	20	
37	60	57	84	71	78	82	50	87	92	49	82	34	95	35	84	1	79	56	91	33	7	78	68	91	93	34	5	5	45	12	74	30	93	69	21	8	13	76	86	5	14	49	50	99	-1	14	53	38	24	
91	2	59	93	15	87	73	94	42	87	48	97	13	10	70	44	18	38	52	29	70	81	88	87	71	31	4	50	75	22	90	5	72	75	95	75	87	62	36	36	56	26	97	73	63	14	-1	3	82	8	
14	4	34	72	86	34	91	81	52	15	56	74	95	90	46	32	9	63	1	79	55	93	66	84	51	75	29	92	25	36	83	83	83	78	97	46	25	25	8	45	45	48	5	31	13	53	3	-1	89	97	
35	33	46	20	42	59	50	39	18	57	45	97	21	16	92	88	81	49	41	10	11	1	80	47	71	79	94	82	92	95	76	94	98	97	39	17	58	17	49	38	16	67	93	29	47	38	82	89	-1	74	
47	38	42	26	60	5	99	48	97	15	23	38	92	35	41	21	11	95	76	26	52	58	57	68	33	9	44	10	31	29	40	43	24	13	52	19	23	30	62	51	39	5	18	17	20	24	8	97	74	-1	
