50
-1	68	84	64	41	46	33	99	97	51	18	23	94	6	44	95	61	87	23	99	37	99	25	68	11	96	56	56	66	75	80	49	78	87	97	20	84	72	76	48	52	68	59	9	62	84	46	77	52	54	
68	-1	33	10	28	54	27	56	1	35	48	13	96	4	66	50	2	70	80	76	50	83	7	88	28	55	38	15	83	22	57	37	95	71	25	91	52	43	6	87	40	73	20	35	40	68	38	25	24	5	
84	33	-1	99	18	65	91	55	100	64	81	74	34	39	11	7	94	59	75	32	68	62	57	8	42	56	48	77	1	85	88	27	35	21	89	57	71	78	69	22	24	45	89	55	62	95	67	67	85	95	
64	10	99	-1	24	22	99	41	16	67	16	16	14	24	61	79	42	15	58	77	29	82	31	31	84	2	48	22	71	69	67	14	35	93	34	20	13	28	46	23	37	29	27	97	67	27	29	95	77	33	
41	28	18	24	-1	94	15	45	10	25	92	64	66	79	96	63	64	48	45	22	57	17	97	50	44	43	36	27	92	41	50	45	56	62	97	94	25	1	31	37	1	59	48	34	65	51	3	46	28	14	
46	54	65	22	94	-1	99	96	79	65	92	92	4	90	65	58	99	84	64	6	77	83	68	27	55	13	67	14	19	67	80	45	5	10	86	43	77	74	70	53	63	27	81	70	99	29	86	63	46	62	
33	27	91	99	15	99	-1	6	10	24	86	89	67	99	96	32	63	92	90	24	77	5	93	98	59	91	6	82	86	93	76	13	60	92	66	62	69	9	40	13	35	96	1	91	7	17	24	49	85	48	
99	56	55	41	45	96	6	-1	72	43	70	65	87	30	40	18	22	17	78	69	29	48	50	77	47	54	96	79	97	65	99	20	94	35	25	18	34	76	54	80	24	53	29	1	2	51	48	75	44	8	
97	1	100	16	10	79	10	72	-1	46	43	33	45	41	13	54	5	96	98	71	49	69	94	3	69	35	92	41	81	96	78	100	99	85	45	32	64	19	4	26	54	28	80	15	45	45	24	4	88	82	
51	35	64	67	25	65	24	43	46	-1	26	80	58	22	49	32	64	45	12	87	73	11	99	82	13	63	81	27	54	36	82	26	36	98	58	58	59	16	66	52	99	25	29	69	59	45	9	59	20	54	
18	48	81	16	92	92	86	70	43	26	-1	35	30	100	41	36	95	18	82	69	85	73	59	58	70	97	88	11	31	40	56	95	88	89	94	100	62	97	70	2	30	23	90	63	15	85	12	7	31	63	
23	13	74	16	64	92	89	65	33	80	35	-1	26	58	62	84	92	2	23	39	20	81	54	48	44	67	74	34	83	39	11	51	9	52	59	18	45	18	6	25	92	70	86	19	3	74	32	23	19	92	
94	96	34	14	66	4	67	87	45	58	30	26	-1	84	14	20	98	71	82	37	2	7	35	86	2	11	46	19	19	100	40	4	34	91	91	91	76	23	15	54	94	89	68	37	35	27	75	36	4	42	
6	4	39	24	79	90	99	30	41	22	100	58	84	-1	50	69	52	87	84	87	22	88	45	99	23	6	82	13	65	69	60	71	44	48	71	10	79	47	100	86	34	22	90	78	61	14	69	54	69	50	
44	66	11	61	96	65	96	40	13	49	41	62	14	50	-1	60	32	49	12	53	62	57	36	95	83	41	70	51	64	92	95	30	99	67	72	14	12	99	46	54	52	40	89	59	20	38	35	4	31	85	
95	50	7	79	63	58	32	18	54	32	36	84	20	69	60	-1	44	82	30	39	52	53	47	80	36	25	52	71	41	92	78	20	17	72	49	65	15	88	25	32	21	83	97	73	88	44	20	8	31	83	
61	2	94	42	64	99	63	22	5	64	95	92	98	52	32	44	-1	73	90	52	84	71	81	96	46	93	61	30	51	30	8	21	82	36	100	41	35	26	11	83	46	72	91	19	35	97	52	39	49	3	
87	70	59	15	48	84	92	17	96	45	18	2	71	87	49	82	73	-1	63	37	81	82	56	2	89	58	46	9	20	67	21	14	57	26	8	79	28	46	32	2	91	34	73	13	85	56	28	86	47	78	
23	80	75	58	45	64	90	78	98	12	82	23	82	84	12	30	90	63	-1	8	11	20	33	1	57	35	96	38	31	6	30	94	38	49	82	89	51	59	1	99	60	71	88	98	86	99	85	31	14	18	
99	76	32	77	22	6	24	69	71	87	69	39	37	87	53	39	52	37	8	-1	68	11	82	40	39	28	19	7	97	17	49	39	54	82	26	21	12	43	83	43	71	96	87	10	83	77	29	33	30	7	
37	50	68	29	57	77	77	29	49	73	85	20	2	22	62	52	84	81	11	68	-1	13	77	21	19	26	66	12	65	62	98	36	27	17	71	35	87	66	41	68	2	36	84	65	27	72	75	79	24	68	
99	83	62	82	17	83	5	48	69	11	73	81	7	88	57	53	71	82	20	11	13	-1	70	5	47	96	45	59	47	22	49	88	88	83	47	26	80	100	83	97	60	94	51	51	99	42	47	18	9	87	
25	7	57	31	97	68	93	50	94	99	59	54	35	45	36	47	81	56	33	82	77	70	-1	71	14	46	61	51	13	63	94	86	56	77	23	66	36	21	66	63	29	17	57	75	29	1	69	100	36	60	
68	88	8	31	50	27	98	77	3	82	58	48	86	99	95	80	96	2	1	40	21	5	71	-1	68	20	95	8	24	13	38	86	77	71	23	43	61	3	27	56	13	49	83	41	47	97	16	48	58	74	
11	28	42	84	44	55	59	47	69	13	70	44	2	23	83	36	46	89	57	39	19	47	14	68	-1	42	58	37	47	75	18	88	78	86	5	63	22	78	86	48	19	61	95	99	5	97	60	16	53	86	
96	55	56	2	43	13	91	54	35	63	97	67	11	6	41	25	93	58	35	28	26	96	46	20	42	-1	2	45	74	39	46	69	60	81	63	96	54	37	66	76	90	13	33	35	61	43	53	46	75	86	
56	38	48	48	36	67	6	96	92	81	88	74	46	82	70	52	61	46	96	19	66	45	61	95	58	2	-1	75	33	79	5	1	92	90	27	9	5	26	59	52	99	79	81	96	95	93	97	62	41	83	
56	15	77	22	27	14	82	79	41	27	11	34	19	13	51	71	30	9	38	7	12	59	51	8	37	45	75	-1	92	70	93	31	48	91	78	6	47	88	43	82	67	55	36	2	20	19	23	60	83	36	
66	83	1	71	92	19	86	97	81	54	31	83	19	65	64	41	51	20	31	97	65	47	13	24	47	74	33	92	-1	56	56	42	54	74	77	11	36	31	38	98	45	41	75	21	8	21	4	58	52	25	
75	22	85	69	41	67	93	65	96	36	40	39	100	69	92	92	30	67	6	17	62	22	63	13	75	39	79	70	56	-1	45	43	98	13	14	41	66	11	89	95	4	84	50	56	11	56	58	80	10	97	
80	57	88	67	50	80	76	99	78	82	56	11	40	60	95	78	8	21	30	49	98	49	94	38	18	46	5	93	56	45	-1	31	34	71	39	78	38	4	92	22	26	72	62	77	74	70	59	13	88	4	
49	37	27	14	45	45	13	20	100	26	95	51	4	71	30	20	21	14	94	39	36	88	86	86	88	69	1	31	42	43	31	-1	5	100	24	91	34	71	80	32	19	63	47	42	61	89	35	7	63	32	
78	95	35	35	56	5	60	94	99	36	88	9	34	44	99	17	82	57	38	54	27	88	56	77	78	60	92	48	54	98	34	5	-1	84	20	4	100	19	65	60	57	43	11	46	73	27	100	61	22	13	
87	71	21	93	62	10	92	35	85	98	89	52	91	48	67	72	36	26	49	82	17	83	77	71	86	81	90	91	74	13	71	100	84	-1	100	23	23	29	58	93	61	68	55	77	37	62	28	44	32	22	
97	25	89	34	97	86	66	25	45	58	94	59	91	71	72	49	100	8	82	26	71	47	23	23	5	63	27	78	77	14	39	24	20	100	-1	18	12	69	70	65	73	74	79	61	50	62	81	5	18	55	
20	91	57	20	94	43	62	18	32	58	100	18	91	10	14	65	41	79	89	21	35	26	66	43	63	96	9	6	11	41	78	91	4	23	18	-1	78	33	76	67	47	47	27	23	80	4	38	18	69	60	
84	52	71	13	25	77	69	34	64	59	62	45	76	79	12	15	35	28	51	12	87	80	36	61	22	54	5	47	36	66	38	34	100	23	12	78	-1	35	87	93	3	39	18	2	21	14	56	88	25	15	
72	43	78	28	1	74	9	76	19	16	97	18	23	47	99	88	26	46	59	43	66	100	21	3	78	37	26	88	31	11	4	71	19	29	69	33	35	-1	37	7	17	37	10	19	89	79	19	7	73	25	
76	6	69	46	31	70	40	54	4	66	70	6	15	100	46	25	11	32	1	83	41	83	66	27	86	66	59	43	38	89	92	80	65	58	70	76	87	37	-1	66	94	75	44	68	8	10	72	40	83	40	
48	87	22	23	37	53	13	80	26	52	2	25	54	86	54	32	83	2	99	43	68	97	63	56	48	76	52	82	98	95	22	32	60	93	65	67	93	7	66	-1	12	94	35	66	78	70	88	37	20	13	
52	40	24	37	1	63	35	24	54	99	30	92	94	34	52	21	46	91	60	71	2	60	29	13	19	90	99	67	45	4	26	19	57	61	73	47	3	17	94	12	-1	48	19	66	3	77	68	96	54	44	
68	73	45	29	59	27	96	53	28	25	23	70	89	22	40	83	72	34	71	96	36	94	17	49	61	13	79	55	41	84	72	63	43	68	74	47	39	37	75	94	48	-1	58	11	81	66	23	91	49	57	
59	20	89	27	48	81	1	29	80	29	90	86	68	90	89	97	91	73	88	87	84	51	57	83	95	33	81	36	75	50	62	47	11	55	79	27	18	10	44	35	19	58	-1	66	79	48	90	95	92	98	
9	35	55	97	34	70	91	1	15	69	63	19	37	78	59	73	19	13	98	10	65	51	75	41	99	35	96	2	21	56	77	42	46	77	61	23	2	19	68	66	66	11	66	-1	18	47	15	61	79	35	
62	40	62	67	65	99	7	2	45	59	15	3	35	61	20	88	35	85	86	83	27	99	29	47	5	61	95	20	8	11	74	61	73	37	50	80	21	89	8	78	3	81	79	18	-1	86	96	16	75	5	
84	68	95	27	51	29	17	51	45	45	85	74	27	14	38	44	97	56	99	77	72	42	1	97	97	43	93	19	21	56	70	89	27	62	62	4	14	79	10	70	77	66	48	47	86	-1	91	39	66	25	
46	38	67	29	3	86	24	48	24	9	12	32	75	69	35	20	52	28	85	29	75	47	69	16	60	53	97	23	4	58	59	35	100	28	81	38	56	19	72	88	68	23	90	15	96	91	-1	37	86	44	
77	25	67	95	46	63	49	75	4	59	7	23	36	54	4	8	39	86	31	33	79	18	100	48	16	46	62	60	58	80	13	7	61	44	5	18	88	7	40	37	96	91	95	61	16	39	37	-1	60	61	
52	24	85	77	28	46	85	44	88	20	31	19	4	69	31	31	49	47	14	30	24	9	36	58	53	75	41	83	52	10	88	63	22	32	18	69	25	73	83	20	54	49	92	79	75	66	86	60	-1	100	
54	5	95	33	14	62	48	8	82	54	63	92	42	50	85	83	3	78	18	7	68	87	60	74	86	86	83	36	25	97	4	32	13	22	55	60	15	25	40	13	44	57	98	35	5	25	44	61	100	-1	
