50
-1	8	28	96	97	48	47	21	71	22	78	14	62	49	10	75	85	84	97	42	60	76	97	29	3	22	24	81	49	62	10	54	43	76	47	16	26	50	25	42	93	50	70	48	6	9	34	26	35	48	
8	-1	8	83	84	55	21	68	79	95	37	90	94	88	96	61	20	19	88	81	99	15	9	76	58	67	89	66	43	71	90	30	45	83	48	54	57	33	31	84	2	17	20	62	52	35	91	7	54	88	
28	8	-1	17	79	6	8	91	97	37	79	31	70	50	54	81	33	96	12	1	29	12	6	99	95	83	55	71	36	96	100	22	37	45	79	68	37	91	88	51	99	75	44	56	69	66	70	29	72	4	
96	83	17	-1	72	51	89	37	67	9	35	4	49	49	22	60	46	97	11	96	4	4	21	22	12	14	27	27	94	61	7	53	28	65	3	96	78	43	82	47	35	29	29	86	92	13	98	100	93	76	
97	84	79	72	-1	76	87	48	25	29	22	95	22	81	18	72	36	28	59	63	41	33	37	54	59	91	43	23	8	16	63	47	57	45	64	25	99	38	7	11	90	98	7	49	32	81	83	34	74	15	
48	55	6	51	76	-1	66	7	21	24	3	40	76	6	88	5	12	30	71	26	72	15	54	55	58	15	48	67	97	68	18	14	84	30	63	48	32	57	67	84	21	58	4	17	7	85	99	88	54	49	
47	21	8	89	87	66	-1	21	53	14	96	1	22	25	16	77	6	73	46	51	91	35	89	42	23	100	42	24	83	70	36	99	12	62	53	19	1	99	11	2	61	7	43	23	27	20	69	71	95	78	
21	68	91	37	48	7	21	-1	82	93	75	87	2	75	86	100	62	49	19	14	78	82	65	83	10	81	6	57	70	6	29	71	53	97	33	47	22	45	43	36	54	57	90	62	69	91	1	18	81	82	
71	79	97	67	25	21	53	82	-1	36	82	91	22	25	12	55	40	22	58	67	64	82	26	22	90	96	27	6	56	40	39	83	10	89	94	6	29	17	44	95	18	3	50	73	62	87	55	94	14	33	
22	95	37	9	29	24	14	93	36	-1	12	97	52	19	60	50	90	4	26	79	100	20	44	25	81	83	69	85	34	25	93	7	41	23	11	66	55	91	87	97	36	15	77	42	88	24	58	41	83	2	
78	37	79	35	22	3	96	75	82	12	-1	62	79	48	63	73	4	49	16	86	97	90	25	52	22	96	89	7	39	56	53	11	9	72	77	28	68	89	85	34	35	38	33	33	99	12	24	79	47	91	
14	90	31	4	95	40	1	87	91	97	62	-1	25	29	87	56	33	3	48	19	55	28	12	98	38	65	10	6	51	21	64	90	39	41	7	86	33	57	87	45	71	83	19	39	72	93	51	100	74	29	
62	94	70	49	22	76	22	2	22	52	79	25	-1	97	33	7	80	57	20	54	52	16	81	63	64	70	56	69	60	38	13	35	96	74	39	84	39	57	12	84	96	73	27	83	46	48	19	24	53	1	
49	88	50	49	81	6	25	75	25	19	48	29	97	-1	71	15	40	46	66	7	44	78	34	99	37	8	63	30	96	14	93	56	29	63	58	82	65	57	21	45	98	55	52	79	50	57	35	23	97	22	
10	96	54	22	18	88	16	86	12	60	63	87	33	71	-1	85	66	99	3	10	34	54	73	37	6	88	13	84	54	39	9	47	16	12	26	69	51	1	68	61	75	23	57	7	85	91	70	85	53	81	
75	61	81	60	72	5	77	100	55	50	73	56	7	15	85	-1	78	72	21	21	53	95	79	80	28	92	26	51	9	4	61	65	89	100	5	63	80	65	40	75	53	24	85	19	19	6	42	92	24	57	
85	20	33	46	36	12	6	62	40	90	4	33	80	40	66	78	-1	56	84	39	52	94	99	75	72	33	80	41	48	90	32	78	17	23	65	51	45	67	92	17	93	92	79	33	45	4	49	10	69	76	
84	19	96	97	28	30	73	49	22	4	49	3	57	46	99	72	56	-1	86	28	49	22	23	81	52	9	37	90	89	1	74	73	97	66	13	76	1	6	5	41	31	45	100	47	54	68	52	99	23	63	
97	88	12	11	59	71	46	19	58	26	16	48	20	66	3	21	84	86	-1	3	84	13	64	7	36	37	5	40	40	55	24	29	10	92	41	84	57	92	8	98	36	61	33	46	35	80	60	17	2	8	
42	81	1	96	63	26	51	14	67	79	86	19	54	7	10	21	39	28	3	-1	48	7	75	37	47	59	74	39	46	64	83	7	83	54	80	25	96	51	28	35	14	68	35	48	22	78	67	88	99	9	
60	99	29	4	41	72	91	78	64	100	97	55	52	44	34	53	52	49	84	48	-1	18	83	100	73	5	29	95	36	88	73	70	21	11	57	60	58	57	28	28	88	62	69	94	61	54	95	22	22	24	
76	15	12	4	33	15	35	82	82	20	90	28	16	78	54	95	94	22	13	7	18	-1	6	1	38	64	53	73	75	49	92	92	72	90	100	28	87	19	8	2	23	35	10	76	33	3	95	47	74	65	
97	9	6	21	37	54	89	65	26	44	25	12	81	34	73	79	99	23	64	75	83	6	-1	51	89	72	86	17	11	2	80	94	94	85	17	18	19	24	76	83	81	70	41	89	14	91	31	15	24	24	
29	76	99	22	54	55	42	83	22	25	52	98	63	99	37	80	75	81	7	37	100	1	51	-1	63	64	33	51	24	100	21	19	69	25	64	79	26	21	4	69	23	61	47	60	97	63	99	46	43	51	
3	58	95	12	59	58	23	10	90	81	22	38	64	37	6	28	72	52	36	47	73	38	89	63	-1	1	44	12	99	69	31	21	57	41	53	10	1	32	86	60	63	60	95	10	94	21	100	84	58	48	
22	67	83	14	91	15	100	81	96	83	96	65	70	8	88	92	33	9	37	59	5	64	72	64	1	-1	33	59	56	69	87	66	39	92	52	100	88	86	89	67	77	86	22	52	91	77	63	84	19	28	
24	89	55	27	43	48	42	6	27	69	89	10	56	63	13	26	80	37	5	74	29	53	86	33	44	33	-1	25	63	78	43	78	87	43	51	41	48	13	16	66	17	84	79	30	69	53	59	65	19	17	
81	66	71	27	23	67	24	57	6	85	7	6	69	30	84	51	41	90	40	39	95	73	17	51	12	59	25	-1	80	83	2	41	57	5	1	4	23	28	39	77	78	39	54	4	15	2	77	62	18	53	
49	43	36	94	8	97	83	70	56	34	39	51	60	96	54	9	48	89	40	46	36	75	11	24	99	56	63	80	-1	42	11	12	45	12	68	21	61	2	29	96	45	28	36	19	32	39	55	29	46	40	
62	71	96	61	16	68	70	6	40	25	56	21	38	14	39	4	90	1	55	64	88	49	2	100	69	69	78	83	42	-1	6	45	80	47	21	92	46	74	8	90	85	87	36	77	79	45	17	11	8	80	
10	90	100	7	63	18	36	29	39	93	53	64	13	93	9	61	32	74	24	83	73	92	80	21	31	87	43	2	11	6	-1	52	33	95	54	64	19	32	66	31	22	98	91	50	8	35	60	29	99	55	
54	30	22	53	47	14	99	71	83	7	11	90	35	56	47	65	78	73	29	7	70	92	94	19	21	66	78	41	12	45	52	-1	90	27	96	67	5	62	13	63	68	57	85	38	80	87	55	40	56	20	
43	45	37	28	57	84	12	53	10	41	9	39	96	29	16	89	17	97	10	83	21	72	94	69	57	39	87	57	45	80	33	90	-1	94	21	82	49	79	92	99	4	43	34	59	56	11	60	95	66	77	
76	83	45	65	45	30	62	97	89	23	72	41	74	63	12	100	23	66	92	54	11	90	85	25	41	92	43	5	12	47	95	27	94	-1	97	16	85	61	73	33	52	39	15	72	89	19	66	29	76	22	
47	48	79	3	64	63	53	33	94	11	77	7	39	58	26	5	65	13	41	80	57	100	17	64	53	52	51	1	68	21	54	96	21	97	-1	19	62	52	67	80	66	69	39	39	80	87	32	36	43	86	
16	54	68	96	25	48	19	47	6	66	28	86	84	82	69	63	51	76	84	25	60	28	18	79	10	100	41	4	21	92	64	67	82	16	19	-1	20	77	44	95	16	41	47	9	18	67	26	39	8	12	
26	57	37	78	99	32	1	22	29	55	68	33	39	65	51	80	45	1	57	96	58	87	19	26	1	88	48	23	61	46	19	5	49	85	62	20	-1	90	77	98	42	79	37	15	98	70	89	91	80	29	
50	33	91	43	38	57	99	45	17	91	89	57	57	57	1	65	67	6	92	51	57	19	24	21	32	86	13	28	2	74	32	62	79	61	52	77	90	-1	66	95	13	11	51	21	6	49	97	6	43	3	
25	31	88	82	7	67	11	43	44	87	85	87	12	21	68	40	92	5	8	28	28	8	76	4	86	89	16	39	29	8	66	13	92	73	67	44	77	66	-1	5	41	90	83	73	70	26	7	75	55	70	
42	84	51	47	11	84	2	36	95	97	34	45	84	45	61	75	17	41	98	35	28	2	83	69	60	67	66	77	96	90	31	63	99	33	80	95	98	95	5	-1	81	60	82	66	84	11	79	52	80	88	
93	2	99	35	90	21	61	54	18	36	35	71	96	98	75	53	93	31	36	14	88	23	81	23	63	77	17	78	45	85	22	68	4	52	66	16	42	13	41	81	-1	95	2	27	32	57	15	94	30	87	
50	17	75	29	98	58	7	57	3	15	38	83	73	55	23	24	92	45	61	68	62	35	70	61	60	86	84	39	28	87	98	57	43	39	69	41	79	11	90	60	95	-1	71	50	27	77	45	51	18	14	
70	20	44	29	7	4	43	90	50	77	33	19	27	52	57	85	79	100	33	35	69	10	41	47	95	22	79	54	36	36	91	85	34	15	39	47	37	51	83	82	2	71	-1	80	36	93	43	87	16	68	
48	62	56	86	49	17	23	62	73	42	33	39	83	79	7	19	33	47	46	48	94	76	89	60	10	52	30	4	19	77	50	38	59	72	39	9	15	21	73	66	27	50	80	-1	52	84	96	92	91	46	
6	52	69	92	32	7	27	69	62	88	99	72	46	50	85	19	45	54	35	22	61	33	14	97	94	91	69	15	32	79	8	80	56	89	80	18	98	6	70	84	32	27	36	52	-1	47	14	84	59	6	
9	35	66	13	81	85	20	91	87	24	12	93	48	57	91	6	4	68	80	78	54	3	91	63	21	77	53	2	39	45	35	87	11	19	87	67	70	49	26	11	57	77	93	84	47	-1	41	15	2	48	
34	91	70	98	83	99	69	1	55	58	24	51	19	35	70	42	49	52	60	67	95	95	31	99	100	63	59	77	55	17	60	55	60	66	32	26	89	97	7	79	15	45	43	96	14	41	-1	16	76	2	
26	7	29	100	34	88	71	18	94	41	79	100	24	23	85	92	10	99	17	88	22	47	15	46	84	84	65	62	29	11	29	40	95	29	36	39	91	6	75	52	94	51	87	92	84	15	16	-1	49	36	
35	54	72	93	74	54	95	81	14	83	47	74	53	97	53	24	69	23	2	99	22	74	24	43	58	19	19	18	46	8	99	56	66	76	43	8	80	43	55	80	30	18	16	91	59	2	76	49	-1	100	
48	88	4	76	15	49	78	82	33	2	91	29	1	22	81	57	76	63	8	9	24	65	24	51	48	28	17	53	40	80	55	20	77	22	86	12	29	3	70	88	87	14	68	46	6	48	2	36	100	-1	
