50
-1	7	47	86	93	4	4	8	93	73	49	19	8	7	100	28	24	71	53	89	76	5	7	41	57	4	78	71	18	95	40	30	34	70	99	24	49	44	27	58	32	98	76	96	5	100	87	30	91	68	
7	-1	98	34	92	52	20	55	31	5	30	17	72	55	38	41	69	20	94	59	72	27	21	19	58	98	63	5	30	55	71	93	63	65	76	13	62	90	21	12	24	32	18	15	90	14	90	93	62	89	
47	98	-1	58	97	80	87	10	82	25	74	98	42	28	72	44	60	93	89	25	6	43	45	64	72	85	100	54	21	37	12	34	50	44	70	41	24	68	71	82	41	74	56	86	87	78	95	98	84	93	
86	34	58	-1	100	99	77	31	17	71	62	17	86	98	6	49	27	48	80	39	18	1	80	2	36	89	58	7	67	77	39	5	81	57	82	98	83	68	46	97	84	61	84	17	28	31	68	1	25	71	
93	92	97	100	-1	18	28	81	16	95	90	48	19	2	48	59	40	56	5	29	13	7	1	17	46	81	54	72	21	4	5	60	7	85	78	46	74	74	51	40	12	84	14	57	56	77	12	81	60	8	
4	52	80	99	18	-1	17	52	87	54	18	10	71	9	86	85	33	27	56	10	72	22	71	4	99	22	67	30	63	14	27	19	85	54	36	40	35	56	85	72	65	18	24	67	90	39	84	33	84	29	
4	20	87	77	28	17	-1	6	32	80	3	45	65	81	43	97	87	60	38	96	4	88	10	19	40	15	48	95	59	36	94	15	83	3	35	16	78	86	54	12	44	73	31	7	100	24	52	16	71	43	
8	55	10	31	81	52	6	-1	64	22	94	47	26	46	46	95	47	72	93	53	51	16	86	54	49	23	55	23	50	22	94	5	68	2	98	96	35	61	75	64	52	16	81	8	48	61	49	90	75	51	
93	31	82	17	16	87	32	64	-1	64	66	93	71	96	7	85	53	13	7	32	12	84	14	24	18	54	65	82	19	14	63	49	64	35	53	64	99	73	62	70	5	74	93	96	15	30	42	62	93	10	
73	5	25	71	95	54	80	22	64	-1	18	57	8	20	19	100	50	76	63	18	75	5	92	20	90	6	92	64	53	99	54	25	17	7	49	67	45	95	83	61	8	21	100	13	33	65	56	80	99	84	
49	30	74	62	90	18	3	94	66	18	-1	90	39	69	51	19	21	27	86	39	71	70	69	26	52	73	85	81	88	76	68	10	42	97	91	65	96	97	8	77	72	40	43	11	9	60	24	28	56	15	
19	17	98	17	48	10	45	47	93	57	90	-1	81	69	80	59	58	54	50	5	46	7	9	85	44	79	57	73	50	22	2	68	4	46	100	90	96	20	64	5	88	19	53	69	41	89	24	15	31	62	
8	72	42	86	19	71	65	26	71	8	39	81	-1	69	14	73	2	51	4	87	98	6	88	37	45	94	7	65	47	39	40	63	82	7	79	100	41	88	10	93	77	3	27	18	58	15	80	59	14	34	
7	55	28	98	2	9	81	46	96	20	69	69	69	-1	88	85	92	12	97	100	75	46	30	67	44	58	19	45	58	47	87	83	92	28	65	10	72	88	6	74	62	13	86	7	87	85	17	23	63	85	
100	38	72	6	48	86	43	46	7	19	51	80	14	88	-1	68	36	21	96	44	83	17	73	35	17	6	97	84	49	18	58	71	11	78	89	21	51	14	7	57	69	29	2	64	48	69	19	39	84	17	
28	41	44	49	59	85	97	95	85	100	19	59	73	85	68	-1	85	46	44	30	56	63	35	88	66	55	43	13	18	72	88	3	80	100	62	66	61	24	37	84	15	89	64	44	95	91	96	5	92	24	
24	69	60	27	40	33	87	47	53	50	21	58	2	92	36	85	-1	75	60	63	91	100	94	9	8	36	91	64	51	85	48	10	58	46	91	58	96	52	24	61	12	44	74	48	79	69	20	67	25	66	
71	20	93	48	56	27	60	72	13	76	27	54	51	12	21	46	75	-1	33	37	12	55	82	77	38	28	10	8	64	87	51	95	4	8	35	4	21	97	57	44	7	15	61	68	28	42	61	28	17	99	
53	94	89	80	5	56	38	93	7	63	86	50	4	97	96	44	60	33	-1	26	11	94	24	7	61	1	12	80	81	44	89	77	23	1	42	36	21	82	69	24	72	9	69	23	93	77	35	34	96	61	
89	59	25	39	29	10	96	53	32	18	39	5	87	100	44	30	63	37	26	-1	86	32	1	12	76	57	22	75	11	60	1	31	100	30	49	74	10	8	86	11	38	91	24	8	26	23	52	32	44	70	
76	72	6	18	13	72	4	51	12	75	71	46	98	75	83	56	91	12	11	86	-1	31	41	65	89	43	47	22	87	88	29	41	21	6	36	38	43	35	66	96	17	63	9	58	99	14	52	35	45	93	
5	27	43	1	7	22	88	16	84	5	70	7	6	46	17	63	100	55	94	32	31	-1	45	14	69	25	32	70	55	93	55	18	51	59	26	83	21	85	48	69	46	7	82	14	9	99	52	93	17	28	
7	21	45	80	1	71	10	86	14	92	69	9	88	30	73	35	94	82	24	1	41	45	-1	46	72	85	48	74	28	27	78	67	33	69	94	99	68	32	38	12	7	31	81	27	37	37	66	18	10	50	
41	19	64	2	17	4	19	54	24	20	26	85	37	67	35	88	9	77	7	12	65	14	46	-1	100	91	49	11	51	54	39	22	5	12	55	44	89	33	40	82	44	15	53	50	30	31	52	71	28	39	
57	58	72	36	46	99	40	49	18	90	52	44	45	44	17	66	8	38	61	76	89	69	72	100	-1	92	46	48	21	19	15	20	83	12	83	74	95	2	19	71	69	2	80	95	11	45	100	89	84	64	
4	98	85	89	81	22	15	23	54	6	73	79	94	58	6	55	36	28	1	57	43	25	85	91	92	-1	86	12	80	43	45	4	63	4	35	92	36	42	68	68	60	82	63	59	78	56	85	71	57	57	
78	63	100	58	54	67	48	55	65	92	85	57	7	19	97	43	91	10	12	22	47	32	48	49	46	86	-1	63	72	72	27	74	66	22	70	90	94	83	42	37	82	13	13	98	72	94	6	48	8	93	
71	5	54	7	72	30	95	23	82	64	81	73	65	45	84	13	64	8	80	75	22	70	74	11	48	12	63	-1	97	53	36	38	21	81	86	28	52	89	28	45	63	72	31	88	53	75	24	19	32	16	
18	30	21	67	21	63	59	50	19	53	88	50	47	58	49	18	51	64	81	11	87	55	28	51	21	80	72	97	-1	18	46	41	29	34	20	31	85	51	94	47	48	71	68	50	15	13	41	100	51	43	
95	55	37	77	4	14	36	22	14	99	76	22	39	47	18	72	85	87	44	60	88	93	27	54	19	43	72	53	18	-1	46	20	10	91	15	40	89	24	24	61	64	20	25	90	87	59	93	38	18	71	
40	71	12	39	5	27	94	94	63	54	68	2	40	87	58	88	48	51	89	1	29	55	78	39	15	45	27	36	46	46	-1	52	31	12	34	84	18	43	7	64	20	39	68	86	62	88	76	79	32	77	
30	93	34	5	60	19	15	5	49	25	10	68	63	83	71	3	10	95	77	31	41	18	67	22	20	4	74	38	41	20	52	-1	44	60	38	78	52	23	3	96	99	18	33	71	18	59	90	5	29	57	
34	63	50	81	7	85	83	68	64	17	42	4	82	92	11	80	58	4	23	100	21	51	33	5	83	63	66	21	29	10	31	44	-1	66	42	7	74	16	10	89	30	49	86	32	91	83	85	14	12	34	
70	65	44	57	85	54	3	2	35	7	97	46	7	28	78	100	46	8	1	30	6	59	69	12	12	4	22	81	34	91	12	60	66	-1	75	61	83	69	12	42	90	94	17	1	50	47	23	70	83	60	
99	76	70	82	78	36	35	98	53	49	91	100	79	65	89	62	91	35	42	49	36	26	94	55	83	35	70	86	20	15	34	38	42	75	-1	30	36	19	97	89	28	37	2	68	28	7	16	55	56	23	
24	13	41	98	46	40	16	96	64	67	65	90	100	10	21	66	58	4	36	74	38	83	99	44	74	92	90	28	31	40	84	78	7	61	30	-1	45	17	16	94	91	27	43	94	53	42	84	34	34	58	
49	62	24	83	74	35	78	35	99	45	96	96	41	72	51	61	96	21	21	10	43	21	68	89	95	36	94	52	85	89	18	52	74	83	36	45	-1	99	20	98	80	75	86	54	63	10	52	36	14	52	
44	90	68	68	74	56	86	61	73	95	97	20	88	88	14	24	52	97	82	8	35	85	32	33	2	42	83	89	51	24	43	23	16	69	19	17	99	-1	56	3	29	3	23	68	49	5	79	45	93	32	
27	21	71	46	51	85	54	75	62	83	8	64	10	6	7	37	24	57	69	86	66	48	38	40	19	68	42	28	94	24	7	3	10	12	97	16	20	56	-1	42	41	51	11	26	63	2	34	77	4	13	
58	12	82	97	40	72	12	64	70	61	77	5	93	74	57	84	61	44	24	11	96	69	12	82	71	68	37	45	47	61	64	96	89	42	89	94	98	3	42	-1	20	76	55	19	98	82	60	85	43	42	
32	24	41	84	12	65	44	52	5	8	72	88	77	62	69	15	12	7	72	38	17	46	7	44	69	60	82	63	48	64	20	99	30	90	28	91	80	29	41	20	-1	97	85	22	72	54	100	72	75	55	
98	32	74	61	84	18	73	16	74	21	40	19	3	13	29	89	44	15	9	91	63	7	31	15	2	82	13	72	71	20	39	18	49	94	37	27	75	3	51	76	97	-1	98	39	97	14	96	17	51	55	
76	18	56	84	14	24	31	81	93	100	43	53	27	86	2	64	74	61	69	24	9	82	81	53	80	63	13	31	68	25	68	33	86	17	2	43	86	23	11	55	85	98	-1	79	25	57	60	96	91	56	
96	15	86	17	57	67	7	8	96	13	11	69	18	7	64	44	48	68	23	8	58	14	27	50	95	59	98	88	50	90	86	71	32	1	68	94	54	68	26	19	22	39	79	-1	13	47	58	56	80	23	
5	90	87	28	56	90	100	48	15	33	9	41	58	87	48	95	79	28	93	26	99	9	37	30	11	78	72	53	15	87	62	18	91	50	28	53	63	49	63	98	72	97	25	13	-1	63	72	25	93	51	
100	14	78	31	77	39	24	61	30	65	60	89	15	85	69	91	69	42	77	23	14	99	37	31	45	56	94	75	13	59	88	59	83	47	7	42	10	5	2	82	54	14	57	47	63	-1	15	87	13	9	
87	90	95	68	12	84	52	49	42	56	24	24	80	17	19	96	20	61	35	52	52	52	66	52	100	85	6	24	41	93	76	90	85	23	16	84	52	79	34	60	100	96	60	58	72	15	-1	54	26	94	
30	93	98	1	81	33	16	90	62	80	28	15	59	23	39	5	67	28	34	32	35	93	18	71	89	71	48	19	100	38	79	5	14	70	55	34	36	45	77	85	72	17	96	56	25	87	54	-1	97	88	
91	62	84	25	60	84	71	75	93	99	56	31	14	63	84	92	25	17	96	44	45	17	10	28	84	57	8	32	51	18	32	29	12	83	56	34	14	93	4	43	75	51	91	80	93	13	26	97	-1	24	
68	89	93	71	8	29	43	51	10	84	15	62	34	85	17	24	66	99	61	70	93	28	50	39	64	57	93	16	43	71	77	57	34	60	23	58	52	32	13	42	55	55	56	23	51	9	94	88	24	-1	
