50
-1	66	55	33	89	32	59	40	74	32	86	46	1	14	3	32	81	44	1	79	18	50	91	51	83	6	92	21	69	99	10	23	16	16	85	40	5	75	21	8	59	2	52	97	66	62	21	37	17	50	
66	-1	14	9	39	15	47	35	28	69	67	29	96	60	26	50	9	68	7	88	97	86	88	30	50	25	64	74	93	39	61	47	88	75	39	73	24	67	79	33	94	13	91	91	1	16	100	89	4	48	
55	14	-1	49	94	8	93	40	86	94	76	14	59	78	55	88	33	70	75	95	34	72	59	23	98	13	70	72	17	21	85	97	36	47	78	26	69	100	40	31	37	6	5	54	20	97	4	1	12	11	
33	9	49	-1	78	95	17	69	63	57	29	18	36	7	74	6	72	57	28	81	88	43	49	48	27	28	18	68	94	90	92	43	39	81	74	84	80	7	41	82	70	27	66	35	79	48	94	89	73	95	
89	39	94	78	-1	16	14	76	31	38	8	69	97	45	59	28	57	3	54	59	76	61	31	12	22	86	27	93	93	33	29	38	6	70	18	63	64	60	21	75	79	61	88	40	19	11	91	99	9	9	
32	15	8	95	16	-1	87	22	45	25	61	48	24	96	100	29	16	27	29	86	50	21	94	44	27	1	76	56	99	77	44	98	41	54	8	30	95	27	83	2	88	56	79	90	55	40	50	96	3	27	
59	47	93	17	14	87	-1	25	3	71	27	59	66	53	53	18	29	58	3	81	20	24	93	86	87	50	36	28	28	10	32	23	15	76	85	71	98	67	85	47	1	54	69	11	2	85	83	19	4	84	
40	35	40	69	76	22	25	-1	17	17	69	99	17	33	100	38	44	92	16	91	69	67	2	78	24	76	61	92	6	49	32	71	14	28	44	40	28	16	26	26	61	89	31	7	36	57	38	77	88	61	
74	28	86	63	31	45	3	17	-1	66	86	29	78	33	7	11	89	60	73	97	25	15	85	30	36	67	10	42	43	47	60	39	50	76	95	33	66	41	9	27	37	65	56	22	91	94	63	96	91	58	
32	69	94	57	38	25	71	17	66	-1	43	82	62	8	21	78	77	73	58	20	37	55	49	45	98	93	85	68	65	49	34	57	3	91	37	31	76	38	43	23	68	8	9	97	84	69	86	13	77	76	
86	67	76	29	8	61	27	69	86	43	-1	57	70	98	69	82	5	19	94	2	18	24	73	77	95	90	34	36	57	32	25	95	66	66	78	56	87	42	63	21	19	75	81	54	81	59	87	75	7	7	
46	29	14	18	69	48	59	99	29	82	57	-1	75	84	66	48	30	86	24	16	43	5	71	91	15	62	91	3	91	4	43	58	21	49	41	95	80	70	48	18	35	27	65	48	84	7	40	6	69	32	
1	96	59	36	97	24	66	17	78	62	70	75	-1	52	8	86	33	61	85	40	9	94	21	57	16	34	83	81	55	86	41	49	64	47	41	14	34	21	1	24	54	85	64	12	11	83	82	14	20	28	
14	60	78	7	45	96	53	33	33	8	98	84	52	-1	78	99	91	65	39	38	64	39	69	81	14	22	1	83	37	67	22	24	13	15	45	20	50	84	24	47	77	50	30	37	69	10	66	65	89	90	
3	26	55	74	59	100	53	100	7	21	69	66	8	78	-1	61	51	25	50	65	31	23	45	43	36	1	39	91	40	8	9	42	12	59	69	53	72	71	80	64	45	93	33	9	42	74	48	39	32	51	
32	50	88	6	28	29	18	38	11	78	82	48	86	99	61	-1	71	85	72	74	80	87	6	35	39	42	36	50	1	35	96	51	49	46	81	32	94	44	87	79	61	35	10	39	48	72	1	1	83	46	
81	9	33	72	57	16	29	44	89	77	5	30	33	91	51	71	-1	91	10	14	65	86	32	24	69	22	64	78	16	20	9	11	37	7	82	42	78	27	20	37	5	81	72	57	46	34	40	13	92	71	
44	68	70	57	3	27	58	92	60	73	19	86	61	65	25	85	91	-1	4	92	29	83	19	25	63	15	61	89	93	87	19	19	21	22	69	70	91	16	84	85	41	70	80	43	92	58	43	30	72	99	
1	7	75	28	54	29	3	16	73	58	94	24	85	39	50	72	10	4	-1	15	56	44	95	4	22	84	67	14	81	90	51	6	18	26	30	2	18	21	64	46	5	37	98	96	94	59	90	59	84	28	
79	88	95	81	59	86	81	91	97	20	2	16	40	38	65	74	14	92	15	-1	1	96	12	56	36	65	35	20	98	50	26	43	86	5	94	12	43	77	17	26	93	86	74	79	90	43	35	9	30	40	
18	97	34	88	76	50	20	69	25	37	18	43	9	64	31	80	65	29	56	1	-1	69	38	3	54	24	62	76	20	1	95	63	91	92	44	21	93	50	7	36	81	99	40	16	98	51	93	99	38	77	
50	86	72	43	61	21	24	67	15	55	24	5	94	39	23	87	86	83	44	96	69	-1	87	98	49	57	76	37	58	50	43	1	61	31	29	27	10	76	62	35	85	59	3	63	59	20	20	97	7	68	
91	88	59	49	31	94	93	2	85	49	73	71	21	69	45	6	32	19	95	12	38	87	-1	97	92	84	1	57	38	22	30	20	37	96	80	26	87	25	50	10	19	41	33	47	98	70	47	56	6	46	
51	30	23	48	12	44	86	78	30	45	77	91	57	81	43	35	24	25	4	56	3	98	97	-1	33	67	56	88	6	13	100	10	41	96	73	37	18	8	6	83	30	18	96	52	25	58	36	44	51	4	
83	50	98	27	22	27	87	24	36	98	95	15	16	14	36	39	69	63	22	36	54	49	92	33	-1	96	11	81	58	54	35	48	32	97	82	56	24	58	4	67	94	52	43	60	14	83	23	10	49	74	
6	25	13	28	86	1	50	76	67	93	90	62	34	22	1	42	22	15	84	65	24	57	84	67	96	-1	89	36	90	53	66	43	82	34	49	37	29	98	9	80	14	75	44	86	49	71	73	39	61	75	
92	64	70	18	27	76	36	61	10	85	34	91	83	1	39	36	64	61	67	35	62	76	1	56	11	89	-1	99	41	77	13	45	26	58	59	93	7	24	41	44	84	79	8	92	76	94	36	77	58	99	
21	74	72	68	93	56	28	92	42	68	36	3	81	83	91	50	78	89	14	20	76	37	57	88	81	36	99	-1	71	32	44	6	79	21	11	87	30	71	56	65	8	69	45	68	1	91	11	9	43	77	
69	93	17	94	93	99	28	6	43	65	57	91	55	37	40	1	16	93	81	98	20	58	38	6	58	90	41	71	-1	78	13	30	27	29	35	62	3	52	82	13	78	55	10	62	37	69	46	21	95	45	
99	39	21	90	33	77	10	49	47	49	32	4	86	67	8	35	20	87	90	50	1	50	22	13	54	53	77	32	78	-1	50	52	71	64	21	9	24	59	62	4	50	22	46	100	15	45	74	13	42	85	
10	61	85	92	29	44	32	32	60	34	25	43	41	22	9	96	9	19	51	26	95	43	30	100	35	66	13	44	13	50	-1	11	21	60	90	41	67	5	25	92	75	88	29	100	96	49	70	36	42	99	
23	47	97	43	38	98	23	71	39	57	95	58	49	24	42	51	11	19	6	43	63	1	20	10	48	43	45	6	30	52	11	-1	11	93	8	75	11	92	69	19	14	61	93	38	46	50	94	87	98	47	
16	88	36	39	6	41	15	14	50	3	66	21	64	13	12	49	37	21	18	86	91	61	37	41	32	82	26	79	27	71	21	11	-1	44	97	85	63	6	2	2	15	97	66	83	85	82	37	40	20	75	
16	75	47	81	70	54	76	28	76	91	66	49	47	15	59	46	7	22	26	5	92	31	96	96	97	34	58	21	29	64	60	93	44	-1	51	29	78	46	84	38	82	74	97	50	75	94	17	2	40	15	
85	39	78	74	18	8	85	44	95	37	78	41	41	45	69	81	82	69	30	94	44	29	80	73	82	49	59	11	35	21	90	8	97	51	-1	75	19	46	12	64	75	95	48	68	15	88	95	62	25	85	
40	73	26	84	63	30	71	40	33	31	56	95	14	20	53	32	42	70	2	12	21	27	26	37	56	37	93	87	62	9	41	75	85	29	75	-1	57	39	29	84	87	21	100	83	36	76	73	14	27	46	
5	24	69	80	64	95	98	28	66	76	87	80	34	50	72	94	78	91	18	43	93	10	87	18	24	29	7	30	3	24	67	11	63	78	19	57	-1	10	100	1	94	22	41	78	10	1	40	75	59	75	
75	67	100	7	60	27	67	16	41	38	42	70	21	84	71	44	27	16	21	77	50	76	25	8	58	98	24	71	52	59	5	92	6	46	46	39	10	-1	45	66	73	26	2	49	54	17	2	72	55	57	
21	79	40	41	21	83	85	26	9	43	63	48	1	24	80	87	20	84	64	17	7	62	50	6	4	9	41	56	82	62	25	69	2	84	12	29	100	45	-1	14	22	98	55	11	90	78	2	36	66	100	
8	33	31	82	75	2	47	26	27	23	21	18	24	47	64	79	37	85	46	26	36	35	10	83	67	80	44	65	13	4	92	19	2	38	64	84	1	66	14	-1	19	68	76	50	10	14	10	5	30	41	
59	94	37	70	79	88	1	61	37	68	19	35	54	77	45	61	5	41	5	93	81	85	19	30	94	14	84	8	78	50	75	14	15	82	75	87	94	73	22	19	-1	35	10	84	78	44	69	72	40	33	
2	13	6	27	61	56	54	89	65	8	75	27	85	50	93	35	81	70	37	86	99	59	41	18	52	75	79	69	55	22	88	61	97	74	95	21	22	26	98	68	35	-1	82	80	90	85	33	29	58	99	
52	91	5	66	88	79	69	31	56	9	81	65	64	30	33	10	72	80	98	74	40	3	33	96	43	44	8	45	10	46	29	93	66	97	48	100	41	2	55	76	10	82	-1	20	7	90	70	25	97	59	
97	91	54	35	40	90	11	7	22	97	54	48	12	37	9	39	57	43	96	79	16	63	47	52	60	86	92	68	62	100	100	38	83	50	68	83	78	49	11	50	84	80	20	-1	65	97	45	14	91	23	
66	1	20	79	19	55	2	36	91	84	81	84	11	69	42	48	46	92	94	90	98	59	98	25	14	49	76	1	37	15	96	46	85	75	15	36	10	54	90	10	78	90	7	65	-1	81	42	30	22	81	
62	16	97	48	11	40	85	57	94	69	59	7	83	10	74	72	34	58	59	43	51	20	70	58	83	71	94	91	69	45	49	50	82	94	88	76	1	17	78	14	44	85	90	97	81	-1	25	42	47	87	
21	100	4	94	91	50	83	38	63	86	87	40	82	66	48	1	40	43	90	35	93	20	47	36	23	73	36	11	46	74	70	94	37	17	95	73	40	2	2	10	69	33	70	45	42	25	-1	90	89	69	
37	89	1	89	99	96	19	77	96	13	75	6	14	65	39	1	13	30	59	9	99	97	56	44	10	39	77	9	21	13	36	87	40	2	62	14	75	72	36	5	72	29	25	14	30	42	90	-1	85	23	
17	4	12	73	9	3	4	88	91	77	7	69	20	89	32	83	92	72	84	30	38	7	6	51	49	61	58	43	95	42	42	98	20	40	25	27	59	55	66	30	40	58	97	91	22	47	89	85	-1	77	
50	48	11	95	9	27	84	61	58	76	7	32	28	90	51	46	71	99	28	40	77	68	46	4	74	75	99	77	45	85	99	47	75	15	85	46	75	57	100	41	33	99	59	23	81	87	69	23	77	-1	
