50
-1	93	45	34	27	34	57	74	62	62	3	65	85	99	98	32	11	96	22	37	62	74	60	3	92	72	71	47	68	39	39	58	70	56	11	11	41	99	21	43	31	28	24	98	2	27	81	3	1	26	
93	-1	50	79	84	34	77	94	41	26	72	18	83	38	45	21	92	50	39	80	65	27	1	5	25	66	79	53	92	53	75	30	49	93	49	69	13	48	2	90	9	51	37	28	14	51	12	58	68	1	
45	50	-1	6	74	1	78	81	33	86	80	49	75	43	74	45	61	59	66	98	28	50	77	10	11	30	43	4	28	66	92	88	87	14	54	28	100	48	12	4	94	4	58	57	87	74	57	22	42	22	
34	79	6	-1	69	18	87	25	18	74	38	82	20	46	82	76	78	47	15	58	13	96	78	2	60	35	16	50	43	33	94	39	5	88	47	44	82	69	18	36	1	54	14	95	16	82	63	42	97	82	
27	84	74	69	-1	15	48	29	6	73	95	24	29	92	11	32	45	75	54	21	83	43	44	64	86	14	45	62	33	11	16	21	69	58	2	41	47	18	44	44	100	27	23	38	99	37	25	74	75	86	
34	34	1	18	15	-1	69	50	8	27	26	69	77	2	50	43	56	94	5	77	38	31	87	2	22	84	26	16	87	62	46	79	84	67	43	70	4	67	65	68	51	89	75	31	59	62	78	83	54	57	
57	77	78	87	48	69	-1	38	80	95	59	60	43	71	33	18	26	90	46	61	55	77	54	33	11	27	31	58	27	23	84	89	7	24	15	52	93	16	23	7	12	52	93	87	65	20	86	28	38	67	
74	94	81	25	29	50	38	-1	54	90	81	98	3	43	36	9	37	28	75	64	57	21	5	31	28	70	90	57	73	20	8	30	33	63	72	20	18	16	40	18	42	94	39	54	77	9	8	25	58	20	
62	41	33	18	6	8	80	54	-1	35	68	18	35	88	89	77	19	58	82	21	1	87	89	56	84	36	9	69	87	35	20	10	98	15	14	37	75	76	21	72	12	32	17	70	80	6	41	18	59	84	
62	26	86	74	73	27	95	90	35	-1	50	74	54	94	96	48	78	33	16	40	63	84	21	71	88	66	33	34	41	72	85	77	82	58	23	45	50	25	8	88	42	26	50	97	3	21	60	44	69	74	
3	72	80	38	95	26	59	81	68	50	-1	64	94	50	100	44	80	90	84	60	52	52	20	46	45	4	13	51	36	59	70	13	98	60	78	58	88	84	84	64	21	85	44	29	87	66	44	86	73	22	
65	18	49	82	24	69	60	98	18	74	64	-1	65	98	99	34	92	76	90	88	97	24	98	1	13	61	5	97	5	5	5	82	82	97	69	82	27	17	40	13	71	50	95	38	72	12	16	32	47	14	
85	83	75	20	29	77	43	3	35	54	94	65	-1	74	72	13	23	79	86	17	56	76	41	39	84	32	99	68	91	87	84	79	50	64	77	16	49	5	25	43	53	34	7	2	81	72	66	35	88	92	
99	38	43	46	92	2	71	43	88	94	50	98	74	-1	72	96	81	27	77	84	42	83	84	19	81	87	79	24	12	35	92	6	34	71	98	48	67	49	65	58	100	1	5	37	78	8	37	84	93	46	
98	45	74	82	11	50	33	36	89	96	100	99	72	72	-1	87	12	52	68	6	93	47	94	56	58	12	90	73	50	30	73	43	96	83	82	32	96	4	56	61	36	14	27	36	2	19	74	56	34	77	
32	21	45	76	32	43	18	9	77	48	44	34	13	96	87	-1	23	79	34	75	75	1	44	14	92	84	12	73	4	75	99	31	84	78	27	64	77	2	11	39	45	41	90	64	54	65	63	70	78	33	
11	92	61	78	45	56	26	37	19	78	80	92	23	81	12	23	-1	80	22	78	68	51	73	1	73	44	34	67	42	68	91	67	61	10	93	85	100	52	86	19	40	76	71	14	60	47	75	27	15	13	
96	50	59	47	75	94	90	28	58	33	90	76	79	27	52	79	80	-1	59	92	39	15	33	5	36	14	62	79	56	57	2	40	84	56	15	42	19	45	15	100	5	39	93	59	91	6	27	26	85	7	
22	39	66	15	54	5	46	75	82	16	84	90	86	77	68	34	22	59	-1	55	88	100	12	67	85	85	13	12	63	65	52	61	70	66	98	53	90	27	83	73	69	88	12	22	36	100	27	51	53	90	
37	80	98	58	21	77	61	64	21	40	60	88	17	84	6	75	78	92	55	-1	88	97	46	65	17	35	20	80	18	13	59	13	10	56	85	77	56	12	17	56	94	64	65	57	16	57	73	1	72	62	
62	65	28	13	83	38	55	57	1	63	52	97	56	42	93	75	68	39	88	88	-1	90	88	100	3	59	52	12	53	47	97	57	68	15	45	91	30	45	68	34	99	86	70	78	21	24	64	57	71	75	
74	27	50	96	43	31	77	21	87	84	52	24	76	83	47	1	51	15	100	97	90	-1	1	67	68	40	22	77	69	30	72	79	64	65	96	82	54	92	35	58	19	71	71	23	99	73	2	3	96	10	
60	1	77	78	44	87	54	5	89	21	20	98	41	84	94	44	73	33	12	46	88	1	-1	41	59	11	56	44	9	99	4	84	70	100	7	73	39	32	70	49	93	54	97	60	13	16	74	2	5	67	
3	5	10	2	64	2	33	31	56	71	46	1	39	19	56	14	1	5	67	65	100	67	41	-1	66	10	72	100	84	5	36	66	15	38	2	77	76	78	82	40	19	31	80	82	86	49	13	29	78	93	
92	25	11	60	86	22	11	28	84	88	45	13	84	81	58	92	73	36	85	17	3	68	59	66	-1	22	37	99	93	74	68	98	23	94	34	97	18	86	63	53	23	50	78	47	96	6	72	1	26	29	
72	66	30	35	14	84	27	70	36	66	4	61	32	87	12	84	44	14	85	35	59	40	11	10	22	-1	94	62	98	84	11	32	8	94	21	81	56	83	74	12	70	13	26	65	61	63	39	92	3	92	
71	79	43	16	45	26	31	90	9	33	13	5	99	79	90	12	34	62	13	20	52	22	56	72	37	94	-1	39	34	75	86	57	37	66	16	71	77	85	68	3	98	75	37	1	20	56	36	96	96	9	
47	53	4	50	62	16	58	57	69	34	51	97	68	24	73	73	67	79	12	80	12	77	44	100	99	62	39	-1	77	22	33	63	69	37	59	86	74	88	51	33	54	58	55	95	71	42	39	15	14	22	
68	92	28	43	33	87	27	73	87	41	36	5	91	12	50	4	42	56	63	18	53	69	9	84	93	98	34	77	-1	60	100	63	32	8	3	24	54	19	98	2	65	68	35	64	6	27	40	74	72	37	
39	53	66	33	11	62	23	20	35	72	59	5	87	35	30	75	68	57	65	13	47	30	99	5	74	84	75	22	60	-1	75	25	48	28	85	31	58	85	71	21	19	83	53	19	59	2	22	57	41	24	
39	75	92	94	16	46	84	8	20	85	70	5	84	92	73	99	91	2	52	59	97	72	4	36	68	11	86	33	100	75	-1	60	75	17	6	36	26	74	82	1	45	36	28	54	4	11	39	44	36	96	
58	30	88	39	21	79	89	30	10	77	13	82	79	6	43	31	67	40	61	13	57	79	84	66	98	32	57	63	63	25	60	-1	42	88	47	23	6	1	95	18	17	26	65	93	67	86	22	35	8	44	
70	49	87	5	69	84	7	33	98	82	98	82	50	34	96	84	61	84	70	10	68	64	70	15	23	8	37	69	32	48	75	42	-1	85	36	22	5	38	7	21	32	16	98	84	44	58	55	70	52	30	
56	93	14	88	58	67	24	63	15	58	60	97	64	71	83	78	10	56	66	56	15	65	100	38	94	94	66	37	8	28	17	88	85	-1	37	49	47	41	68	65	5	33	50	17	30	33	30	29	82	27	
11	49	54	47	2	43	15	72	14	23	78	69	77	98	82	27	93	15	98	85	45	96	7	2	34	21	16	59	3	85	6	47	36	37	-1	65	87	20	79	10	43	31	35	37	36	90	76	28	21	94	
11	69	28	44	41	70	52	20	37	45	58	82	16	48	32	64	85	42	53	77	91	82	73	77	97	81	71	86	24	31	36	23	22	49	65	-1	100	70	9	57	50	29	51	65	97	58	52	47	73	3	
41	13	100	82	47	4	93	18	75	50	88	27	49	67	96	77	100	19	90	56	30	54	39	76	18	56	77	74	54	58	26	6	5	47	87	100	-1	17	89	54	8	96	11	58	24	78	45	57	66	46	
99	48	48	69	18	67	16	16	76	25	84	17	5	49	4	2	52	45	27	12	45	92	32	78	86	83	85	88	19	85	74	1	38	41	20	70	17	-1	84	71	95	44	94	35	6	61	30	17	75	42	
21	2	12	18	44	65	23	40	21	8	84	40	25	65	56	11	86	15	83	17	68	35	70	82	63	74	68	51	98	71	82	95	7	68	79	9	89	84	-1	64	45	44	31	89	73	49	89	59	91	18	
43	90	4	36	44	68	7	18	72	88	64	13	43	58	61	39	19	100	73	56	34	58	49	40	53	12	3	33	2	21	1	18	21	65	10	57	54	71	64	-1	81	76	40	86	11	24	36	58	79	63	
31	9	94	1	100	51	12	42	12	42	21	71	53	100	36	45	40	5	69	94	99	19	93	19	23	70	98	54	65	19	45	17	32	5	43	50	8	95	45	81	-1	64	27	83	83	3	32	25	98	40	
28	51	4	54	27	89	52	94	32	26	85	50	34	1	14	41	76	39	88	64	86	71	54	31	50	13	75	58	68	83	36	26	16	33	31	29	96	44	44	76	64	-1	3	2	40	88	2	87	8	71	
24	37	58	14	23	75	93	39	17	50	44	95	7	5	27	90	71	93	12	65	70	71	97	80	78	26	37	55	35	53	28	65	98	50	35	51	11	94	31	40	27	3	-1	85	79	59	81	22	18	81	
98	28	57	95	38	31	87	54	70	97	29	38	2	37	36	64	14	59	22	57	78	23	60	82	47	65	1	95	64	19	54	93	84	17	37	65	58	35	89	86	83	2	85	-1	57	56	81	62	70	68	
2	14	87	16	99	59	65	77	80	3	87	72	81	78	2	54	60	91	36	16	21	99	13	86	96	61	20	71	6	59	4	67	44	30	36	97	24	6	73	11	83	40	79	57	-1	41	28	5	20	72	
27	51	74	82	37	62	20	9	6	21	66	12	72	8	19	65	47	6	100	57	24	73	16	49	6	63	56	42	27	2	11	86	58	33	90	58	78	61	49	24	3	88	59	56	41	-1	43	26	17	33	
81	12	57	63	25	78	86	8	41	60	44	16	66	37	74	63	75	27	27	73	64	2	74	13	72	39	36	39	40	22	39	22	55	30	76	52	45	30	89	36	32	2	81	81	28	43	-1	57	53	4	
3	58	22	42	74	83	28	25	18	44	86	32	35	84	56	70	27	26	51	1	57	3	2	29	1	92	96	15	74	57	44	35	70	29	28	47	57	17	59	58	25	87	22	62	5	26	57	-1	20	80	
1	68	42	97	75	54	38	58	59	69	73	47	88	93	34	78	15	85	53	72	71	96	5	78	26	3	96	14	72	41	36	8	52	82	21	73	66	75	91	79	98	8	18	70	20	17	53	20	-1	23	
26	1	22	82	86	57	67	20	84	74	22	14	92	46	77	33	13	7	90	62	75	10	67	93	29	92	9	22	37	24	96	44	30	27	94	3	46	42	18	63	40	71	81	68	72	33	4	80	23	-1	
