100
-1	16	20	73	29	42	35	59	92	44	87	57	18	21	10	98	39	23	46	70	51	71	32	64	43	63	1	88	42	99	23	52	51	23	5	47	85	36	20	82	14	69	65	6	65	76	3	41	20	17	83	21	53	42	88	38	55	92	80	87	43	17	16	28	55	58	75	9	82	98	11	34	25	68	91	73	54	86	80	56	56	59	88	36	42	98	75	21	23	87	42	93	65	85	54	59	41	48	63	51	
2	-1	98	20	59	13	73	24	99	57	34	13	81	10	40	44	67	32	30	49	78	21	27	80	20	22	56	64	16	10	50	32	13	87	13	75	36	66	75	20	38	93	13	86	26	56	77	24	42	17	35	41	67	55	13	45	65	76	61	19	77	33	76	70	15	23	61	81	79	12	86	100	63	40	55	28	97	96	9	34	77	18	85	27	50	70	36	86	45	48	69	2	45	20	93	61	65	59	34	89	
27	10	-1	11	75	63	92	99	78	32	75	69	5	32	7	91	31	85	14	81	13	18	11	87	9	24	13	61	54	15	90	64	92	92	29	46	17	40	98	58	56	1	36	44	65	87	3	5	85	98	2	20	64	98	86	68	48	87	25	98	88	2	34	57	61	79	38	74	63	80	57	87	55	42	65	47	67	3	56	25	34	80	92	84	6	75	88	4	4	36	8	77	99	76	61	28	16	30	6	72	
76	18	27	-1	79	86	57	76	13	62	54	92	80	70	18	2	61	32	63	79	90	40	4	82	33	16	70	97	31	49	14	76	76	48	37	46	6	65	48	94	71	94	34	96	81	23	70	29	96	33	17	13	35	65	59	2	15	66	37	15	26	37	39	27	73	32	3	12	7	24	46	43	37	36	13	72	42	43	55	1	93	89	77	56	82	97	70	30	10	69	39	46	51	31	42	6	11	75	99	34	
66	72	19	83	-1	86	55	85	8	51	85	93	18	12	49	67	69	20	34	31	92	16	6	58	9	47	91	21	30	31	21	53	15	8	28	31	46	83	79	84	15	73	86	36	15	67	84	23	59	76	20	44	57	61	52	89	3	33	62	50	55	61	6	45	10	97	25	78	31	51	1	36	54	11	25	100	34	37	30	69	60	51	41	35	93	98	79	80	85	30	95	91	37	20	63	71	22	72	6	24	
11	3	36	40	10	-1	79	94	37	81	16	15	5	86	89	63	70	3	3	20	54	100	5	86	46	3	53	19	7	49	78	23	29	58	11	100	84	48	90	97	95	1	96	32	83	74	37	61	40	1	39	34	25	5	96	80	46	19	27	63	81	65	34	44	22	84	2	66	100	95	7	47	54	78	91	100	39	80	19	60	4	93	31	45	84	19	15	96	54	47	35	77	33	6	1	14	61	1	60	36	
72	22	95	39	31	95	-1	34	100	21	80	33	91	92	32	26	69	39	76	83	66	68	60	25	40	56	90	15	20	71	92	62	77	100	92	61	41	100	42	24	38	61	70	16	66	59	66	29	51	78	66	28	66	15	98	36	25	20	24	15	62	45	42	8	46	64	86	19	38	43	41	74	20	8	97	47	74	29	83	68	98	77	27	49	85	23	68	32	98	82	99	17	21	37	43	53	97	28	72	57	
57	66	21	99	78	24	98	-1	80	82	58	42	94	43	21	88	23	22	52	52	35	90	15	60	78	84	69	19	82	13	4	6	72	34	83	14	93	70	55	29	71	70	34	36	19	16	48	96	97	22	94	96	22	57	37	71	62	87	63	34	30	2	21	60	32	22	32	84	16	86	95	30	57	94	45	98	8	43	43	53	96	8	5	53	28	20	50	20	5	11	5	52	26	5	89	61	80	48	23	70	
81	42	22	29	78	23	75	89	-1	53	8	75	13	84	44	78	47	46	22	40	74	85	11	14	40	26	53	33	90	69	84	27	45	92	12	27	73	49	72	45	52	1	58	62	82	64	78	99	34	27	7	73	95	89	23	73	71	69	74	98	48	54	83	47	53	80	6	85	31	26	29	69	58	93	1	2	85	48	67	57	9	45	11	64	57	7	96	36	21	59	93	70	20	68	40	25	6	62	55	86	
92	39	67	32	14	57	41	77	37	-1	22	46	73	38	96	31	13	93	7	21	14	66	54	57	91	13	50	95	60	20	49	56	5	25	90	65	83	37	80	42	85	73	11	59	97	87	37	62	100	19	30	34	59	21	67	46	16	22	49	68	56	83	42	32	94	61	23	83	68	39	38	65	72	8	50	67	83	61	48	89	53	70	56	51	15	4	41	69	48	22	49	88	13	14	96	67	25	79	91	58	
1	76	68	98	32	51	12	5	13	67	-1	96	63	52	40	8	65	30	1	2	93	9	82	13	98	31	42	64	73	50	46	53	5	60	68	94	55	12	27	12	85	5	83	10	92	89	35	15	79	80	37	74	46	34	86	74	51	43	59	82	95	37	79	6	52	23	6	99	14	4	13	40	36	38	87	41	48	76	20	12	46	78	72	66	88	71	74	43	78	79	33	13	64	6	54	94	36	1	87	56	
14	48	44	56	93	27	33	30	100	69	43	-1	76	88	66	34	14	40	56	69	69	87	68	63	46	49	22	63	60	8	2	75	28	88	72	3	65	4	18	3	77	7	44	7	27	47	17	58	77	13	5	53	75	34	74	23	56	37	31	49	61	96	1	6	4	99	80	61	79	98	58	21	37	26	58	70	88	75	8	13	3	52	14	20	26	52	26	19	80	52	34	82	24	5	4	48	95	35	28	43	
13	77	55	49	58	75	81	70	92	30	77	39	-1	38	92	63	23	94	16	82	28	9	74	44	44	54	85	50	44	38	48	88	61	60	92	53	13	78	100	3	4	10	54	30	12	39	33	16	66	90	82	36	66	60	80	55	40	59	34	80	40	25	51	49	79	19	4	28	15	22	41	26	88	90	99	37	8	33	35	18	40	66	51	79	17	73	41	13	30	22	92	28	78	39	51	9	80	31	19	88	
21	13	32	36	22	54	59	36	47	98	19	95	55	-1	52	34	66	32	79	89	76	57	35	10	63	79	89	16	89	69	8	52	37	4	24	71	99	93	28	44	62	76	34	68	56	9	77	87	23	36	98	20	22	87	31	84	89	95	38	79	90	3	5	35	52	71	90	18	69	79	80	37	14	52	70	94	94	51	88	10	5	90	44	55	42	2	14	90	38	49	43	63	94	24	50	73	99	36	1	91	
9	38	23	71	62	35	58	2	15	85	62	52	64	87	-1	50	46	8	75	63	81	11	34	83	56	99	28	13	85	83	45	5	4	67	83	37	21	37	17	37	27	9	67	58	68	19	98	47	3	11	62	67	88	6	15	95	71	19	33	67	99	9	83	8	100	43	50	13	39	71	61	8	29	15	40	38	95	24	22	81	100	21	75	18	19	21	54	7	19	84	41	67	92	43	38	3	84	13	58	83	
58	92	73	58	1	52	33	38	44	31	66	96	72	61	41	-1	19	63	50	55	2	4	73	10	66	15	51	34	80	87	73	81	53	52	32	19	36	94	26	63	72	43	86	71	89	48	31	46	78	51	59	24	57	27	46	78	99	100	36	63	15	37	35	77	32	79	51	40	77	20	20	95	89	60	74	17	84	86	52	24	44	59	39	4	3	10	47	9	36	88	57	56	76	54	91	95	43	3	10	48	
10	87	70	24	84	76	7	52	60	41	22	32	41	12	85	70	-1	97	48	100	53	21	34	84	14	85	91	49	99	12	35	35	54	87	100	24	53	54	86	1	28	53	90	26	14	100	73	55	7	86	54	49	45	79	2	76	73	29	91	1	9	71	63	51	44	51	54	82	13	74	59	69	64	25	11	96	97	58	54	76	31	75	74	14	4	34	69	97	5	78	26	20	96	33	55	83	68	67	10	92	
17	58	77	85	21	94	39	13	31	94	11	68	29	59	47	3	39	-1	53	89	39	54	97	65	60	53	42	56	85	83	26	87	50	1	26	2	63	91	36	6	71	50	93	13	55	95	91	10	36	46	81	97	30	31	5	3	27	61	57	89	15	49	9	69	37	53	43	6	9	74	16	73	20	11	50	71	93	87	79	89	85	5	97	2	62	53	14	64	39	13	75	22	59	94	55	96	79	45	9	3	
1	34	25	27	50	22	30	10	34	2	58	10	35	47	94	94	59	72	-1	62	1	2	64	31	36	71	49	25	77	21	72	3	91	9	10	44	84	75	74	77	97	98	8	85	93	52	97	100	40	9	8	7	93	62	85	38	86	2	52	6	75	56	47	74	9	43	8	77	57	17	21	2	80	70	9	75	16	57	60	54	52	4	89	29	48	25	99	15	8	71	5	76	86	90	7	81	74	74	38	87	
81	54	25	30	15	68	45	1	89	47	62	32	87	65	75	73	3	2	51	-1	87	18	28	17	100	99	17	65	89	81	70	81	59	60	41	43	24	7	73	23	90	16	4	83	56	80	42	29	3	57	61	5	22	73	88	100	4	65	39	68	37	6	3	16	36	54	18	15	85	71	2	24	31	59	26	57	83	43	25	88	6	66	14	45	91	44	99	1	4	28	82	71	38	34	41	1	19	20	73	33	
60	63	1	64	68	80	92	70	16	69	28	88	94	54	25	7	11	12	9	38	-1	71	65	49	21	80	27	52	54	100	77	10	12	66	56	52	63	68	67	98	60	92	93	73	69	72	2	70	14	37	4	30	97	70	7	23	51	90	95	68	68	94	38	49	53	95	33	65	40	24	66	87	53	30	95	70	10	100	21	13	11	30	56	74	3	89	86	10	45	37	58	21	7	37	10	58	41	14	18	86	
25	51	59	21	61	16	36	73	57	30	48	94	58	93	52	18	48	3	26	61	11	-1	96	47	43	35	30	29	53	14	28	52	90	8	21	13	39	50	78	19	25	92	1	18	73	7	71	21	36	63	48	48	40	72	16	70	99	20	57	91	70	32	52	49	53	90	68	33	69	39	89	24	42	4	81	91	90	94	15	66	73	82	85	31	31	74	88	83	47	65	97	57	22	9	7	72	83	7	10	9	
15	63	25	80	100	81	91	23	70	38	82	71	34	7	62	20	98	47	77	51	52	47	-1	51	46	7	43	88	94	88	27	59	36	33	83	37	90	11	82	47	67	83	85	72	65	93	43	54	82	89	76	55	17	7	10	79	74	6	20	64	65	72	25	52	95	64	75	50	38	51	37	52	34	18	61	56	55	24	66	58	85	65	1	65	5	70	34	27	50	80	42	46	80	75	79	49	32	58	39	31	
84	28	44	99	64	44	47	83	25	93	56	61	53	4	41	27	80	99	3	6	45	8	37	-1	83	48	65	3	65	90	84	22	85	1	18	40	43	26	48	46	72	72	74	28	44	11	67	46	70	21	53	4	78	59	81	15	67	51	14	46	77	69	31	97	60	40	93	29	25	51	97	80	52	35	2	68	43	6	31	42	26	84	19	27	64	53	77	74	29	23	22	63	80	2	61	21	43	29	25	87	
80	63	41	55	58	2	76	62	85	50	86	46	3	38	55	66	11	50	55	32	10	36	57	76	-1	31	12	28	36	62	9	55	57	29	82	79	33	67	2	98	35	18	16	6	98	83	25	12	82	20	98	18	59	85	45	52	11	77	19	26	38	87	31	81	88	24	57	27	60	27	78	99	50	20	71	81	50	57	8	46	10	18	78	92	80	79	78	37	33	87	40	73	45	59	92	76	65	100	96	48	
36	97	82	79	5	88	43	17	81	19	84	5	52	90	28	48	70	51	47	46	38	89	82	63	59	-1	65	98	41	42	21	69	88	83	6	14	34	98	13	25	1	52	41	3	77	78	43	19	6	95	34	5	5	98	66	49	42	70	58	71	43	7	41	10	42	7	61	83	92	35	41	32	69	48	1	88	42	1	42	44	70	1	40	51	80	17	62	10	5	52	73	6	45	58	1	78	55	34	7	76	
49	90	40	80	4	34	48	11	52	97	43	29	56	29	84	61	30	2	43	23	60	1	80	48	49	89	-1	72	29	17	78	63	94	34	72	75	41	12	69	44	85	20	82	25	61	1	31	86	23	14	35	30	11	67	99	59	48	18	33	44	80	73	36	90	79	69	60	30	20	40	60	89	5	24	40	93	52	19	19	16	6	26	62	6	91	34	49	63	38	47	62	33	74	47	95	24	89	83	72	80	
80	20	34	87	40	45	26	6	11	43	89	7	85	57	67	73	73	17	38	20	31	66	48	44	20	44	29	-1	4	56	97	94	57	14	100	40	21	4	28	66	85	77	53	20	6	85	63	72	95	100	88	7	97	46	34	67	77	48	86	28	78	90	69	83	55	77	13	46	79	27	83	86	69	47	14	49	98	73	68	36	89	36	3	16	3	15	79	30	83	24	78	37	39	85	89	63	51	81	1	8	
22	81	52	82	27	79	4	32	78	93	24	50	67	14	99	49	53	50	93	55	75	72	41	56	15	73	7	30	-1	20	38	93	30	54	48	9	24	15	63	17	77	12	37	55	79	28	89	94	37	4	40	33	60	88	74	10	69	77	100	81	15	56	21	2	75	18	90	64	15	12	14	64	44	41	74	77	91	28	14	89	1	88	20	21	66	15	80	68	79	70	92	94	55	11	61	50	89	99	47	20	
94	58	13	36	48	80	15	11	22	85	3	37	18	40	35	82	64	7	98	17	80	46	84	29	23	30	86	14	6	-1	52	69	17	6	14	27	43	90	17	21	39	11	69	30	68	10	72	7	68	84	69	62	40	14	96	89	72	89	13	53	19	78	78	86	90	95	68	60	40	59	50	26	46	36	76	35	32	57	38	6	100	56	1	6	32	78	88	34	6	1	19	13	36	47	16	5	13	45	28	73	
35	92	80	12	45	75	95	12	59	29	95	12	64	49	90	21	11	24	63	87	43	73	97	42	20	4	79	79	85	75	-1	60	89	48	52	22	39	50	77	1	55	31	76	46	47	46	67	16	28	36	87	69	97	31	55	50	49	45	28	87	70	6	74	91	60	83	86	90	41	11	62	96	87	39	72	28	49	60	82	17	10	55	25	25	58	50	1	79	37	94	52	35	89	13	3	35	98	28	25	12	
4	3	85	5	89	31	75	28	66	92	74	82	43	60	80	64	40	12	69	67	66	3	96	92	53	100	88	64	12	15	90	-1	85	88	37	72	46	72	31	29	96	88	21	86	2	99	28	17	85	27	26	83	95	96	24	32	65	96	68	93	44	5	96	53	85	27	59	17	23	40	83	36	64	21	62	39	47	11	85	16	69	78	2	77	31	80	89	15	39	25	45	24	24	6	39	42	91	43	76	53	
68	62	43	11	1	12	61	49	17	42	36	48	64	33	81	82	66	65	82	27	69	28	96	47	51	73	25	32	92	27	64	12	-1	99	64	19	61	51	22	29	76	37	12	73	35	29	8	72	33	85	28	99	98	88	6	79	76	26	28	84	61	15	20	95	34	67	72	67	43	33	22	46	76	19	42	1	51	96	100	13	71	27	3	88	13	100	34	23	17	76	55	29	75	97	5	9	26	2	2	23	
69	4	60	52	12	34	43	74	93	7	80	78	72	57	25	77	76	16	100	21	51	15	24	25	83	82	46	10	65	100	33	43	35	-1	31	32	23	85	43	87	30	41	71	100	1	80	62	19	46	10	56	41	64	97	51	13	46	41	85	47	2	31	11	41	28	92	19	11	35	95	65	79	19	31	79	57	56	78	23	75	88	61	81	64	7	9	13	18	22	29	30	97	89	76	8	58	64	45	84	80	
61	82	77	14	43	51	57	26	78	51	76	8	45	91	91	29	76	9	93	33	28	10	18	23	71	52	90	53	16	51	77	68	39	54	-1	10	84	21	8	41	23	99	88	80	62	75	17	61	69	90	90	66	48	19	1	53	1	49	83	46	13	37	52	62	81	6	22	25	42	17	95	40	80	86	78	51	78	20	43	40	63	5	84	69	46	73	74	14	52	57	60	23	94	89	76	9	5	67	68	34	
3	78	28	37	74	73	52	34	55	2	25	16	35	73	87	61	40	45	53	90	71	24	48	55	77	54	77	23	36	56	74	76	75	2	7	-1	58	24	91	73	93	89	59	38	52	53	46	38	95	37	71	14	41	3	19	79	38	37	27	89	59	48	11	97	48	30	4	51	32	95	36	8	83	5	45	47	52	66	8	75	10	69	7	20	66	66	100	21	57	14	56	34	38	95	62	93	1	33	76	2	
97	62	72	94	85	85	99	33	29	97	43	72	39	68	21	89	77	62	33	14	20	4	32	22	27	73	11	89	80	79	30	50	33	81	60	39	-1	3	12	37	98	67	19	31	10	38	59	65	23	55	98	77	65	26	4	33	13	96	92	20	83	52	89	27	44	28	84	94	19	64	59	27	30	89	42	56	37	86	93	7	79	24	31	92	55	32	1	86	25	93	38	23	73	10	78	73	16	73	16	99	
82	52	96	53	7	32	96	63	68	52	51	32	65	47	60	69	96	85	80	63	25	35	10	15	64	69	26	25	18	36	64	67	43	80	54	15	87	-1	36	17	98	97	99	76	34	44	97	97	70	8	90	84	88	100	86	53	56	28	2	37	59	21	26	96	23	88	12	58	25	87	12	88	38	10	12	4	98	66	17	63	82	79	7	21	1	27	45	18	10	8	73	16	96	86	27	25	57	7	39	62	
47	75	16	1	96	36	98	99	85	97	28	60	61	64	23	23	23	66	21	41	33	50	69	54	38	26	58	38	23	93	74	17	61	71	45	96	78	7	-1	58	90	41	26	89	3	63	93	14	91	56	97	97	98	53	68	35	11	43	35	84	39	75	73	56	96	64	15	67	89	94	22	16	96	96	97	33	77	40	28	81	44	21	55	62	46	94	83	6	40	9	33	76	41	35	49	82	73	62	2	93	
77	51	19	51	1	56	69	4	88	81	70	48	70	87	93	48	52	12	83	75	52	90	26	79	99	54	19	4	79	16	14	40	32	88	4	67	81	51	24	-1	13	47	68	54	62	50	68	20	22	61	96	92	25	55	85	4	12	17	16	56	65	10	35	81	99	36	43	54	30	77	52	96	85	46	18	58	64	91	34	94	100	63	68	5	97	22	9	44	32	44	36	36	66	23	9	23	35	87	87	49	
89	57	19	6	15	90	83	52	82	97	95	27	31	92	13	87	23	47	28	10	75	34	68	3	66	33	12	50	87	60	24	5	23	79	56	26	8	90	44	22	-1	35	33	21	89	11	64	52	39	58	93	57	54	80	62	23	5	77	20	99	53	4	72	54	73	30	37	18	20	39	74	15	78	35	58	86	62	71	1	67	98	47	77	24	44	95	73	81	57	77	57	5	43	38	54	13	11	2	46	43	
31	29	47	42	8	51	60	24	88	20	73	12	39	93	17	73	3	10	29	90	48	60	46	52	21	48	14	33	77	56	55	50	61	2	88	72	2	7	56	42	25	-1	38	96	34	73	57	56	32	76	50	65	95	2	78	86	75	39	7	72	46	32	96	2	76	96	57	93	12	50	18	21	68	85	48	24	48	11	90	99	45	59	90	33	70	11	12	30	58	1	86	93	85	76	85	94	35	41	34	99	
44	82	93	95	10	66	46	99	36	70	1	80	37	68	36	58	28	75	62	68	1	66	38	52	76	76	11	24	28	23	15	57	7	28	27	10	60	55	1	100	77	6	-1	21	25	14	71	40	15	41	89	55	47	20	48	18	37	52	38	84	86	39	88	85	27	9	57	9	63	58	55	25	56	47	39	7	94	33	23	95	53	86	27	39	8	79	9	91	49	74	68	6	99	97	66	43	49	58	72	51	
77	92	91	1	70	94	97	7	2	35	70	33	66	1	59	24	89	58	66	29	63	100	79	69	47	48	79	23	40	26	83	88	37	34	7	22	58	58	7	24	61	38	2	-1	25	28	92	94	3	88	53	27	43	67	24	83	90	71	90	97	33	63	85	64	44	86	5	3	19	48	83	71	19	11	48	4	20	91	29	79	3	1	77	11	53	30	36	31	8	10	97	76	26	59	71	32	40	68	7	58	
33	13	9	55	11	56	47	75	37	17	50	28	34	47	88	68	52	63	62	45	20	96	67	98	26	79	20	3	16	83	57	81	12	4	8	63	77	93	73	73	5	48	22	27	-1	64	42	63	56	8	54	57	47	50	26	6	25	64	19	100	97	35	64	24	93	75	82	88	41	17	46	9	36	91	35	81	97	22	98	95	96	96	72	8	30	41	51	72	43	13	87	48	69	22	66	90	4	18	53	54	
32	53	1	18	94	40	43	26	30	24	88	22	88	97	96	5	58	30	91	8	86	52	72	94	81	53	45	53	10	42	71	40	15	36	40	86	25	68	47	23	54	13	79	2	24	-1	67	50	67	63	8	90	34	15	34	69	3	27	67	50	27	97	59	64	16	11	68	38	40	29	30	99	71	1	86	67	6	79	69	2	78	49	96	57	22	37	54	54	40	40	24	19	10	63	16	7	84	72	82	100	
28	96	27	99	66	34	34	40	21	82	7	1	22	19	66	91	60	18	13	16	36	24	9	63	45	2	74	19	78	90	93	25	10	64	62	56	4	62	2	87	85	18	26	70	83	50	-1	17	57	16	40	86	18	50	82	98	43	28	20	61	99	96	56	82	5	98	27	48	93	82	89	61	52	49	53	10	14	78	54	5	78	78	40	59	72	80	92	54	21	67	45	52	20	72	4	16	64	52	63	4	
7	22	27	40	9	81	75	86	80	85	47	75	6	10	6	17	67	17	96	70	52	90	95	23	4	33	32	52	51	45	73	91	9	21	88	91	96	97	62	19	60	53	12	99	89	64	82	-1	94	34	20	11	93	21	69	37	63	50	79	9	74	77	3	8	44	55	3	55	21	76	97	8	85	58	26	39	72	36	5	64	26	53	15	21	92	39	28	58	100	67	2	11	53	15	31	42	37	45	93	49	
99	42	61	26	94	59	17	18	43	50	79	99	60	44	57	82	30	10	7	35	65	10	97	9	53	99	54	65	51	24	13	91	80	48	53	20	37	54	68	10	56	31	52	24	81	44	70	81	-1	92	38	26	28	71	11	59	21	63	59	6	90	12	83	85	74	45	8	54	42	76	83	89	79	77	4	34	59	49	64	74	15	90	20	89	17	29	83	77	25	95	19	77	81	80	22	95	61	1	34	22	
100	48	63	55	93	29	24	87	48	63	61	25	81	55	43	17	69	100	12	44	42	48	97	33	26	94	22	33	83	41	97	2	21	60	21	73	55	26	7	53	83	99	37	40	45	12	63	76	73	-1	12	68	16	60	51	39	28	24	67	37	50	75	21	29	55	87	65	97	49	38	73	30	94	47	39	7	5	43	76	25	51	2	36	63	49	71	52	88	93	5	15	42	62	42	16	58	87	96	54	75	
54	18	33	100	49	74	36	92	37	17	52	4	7	82	16	20	64	2	26	81	11	43	97	46	20	60	58	41	24	68	92	20	60	43	23	49	41	50	57	98	53	9	71	4	94	93	73	39	47	87	-1	37	81	16	3	49	43	74	73	76	61	36	45	18	3	35	29	22	74	12	83	67	72	67	64	18	90	74	1	99	68	83	56	42	80	87	69	8	36	71	60	50	30	81	18	13	45	83	96	95	
97	49	67	49	6	60	66	5	89	62	60	61	32	61	50	85	35	52	44	26	74	91	75	51	88	30	66	97	9	36	63	1	5	56	49	85	73	81	67	99	53	86	8	100	66	59	8	69	24	23	18	-1	54	48	82	4	12	72	66	22	29	35	62	91	89	7	85	28	99	84	5	23	93	99	21	71	96	18	31	8	23	62	96	33	25	98	21	36	53	78	27	38	14	11	93	76	31	81	72	57	
60	3	11	57	2	6	97	61	40	12	56	96	62	50	79	54	38	72	50	99	17	96	64	54	91	2	25	82	90	62	2	76	40	66	77	66	99	42	89	76	24	53	82	90	63	90	96	97	6	31	14	57	-1	40	80	77	93	13	51	58	45	19	46	5	77	86	90	78	82	15	11	53	3	89	25	88	8	26	77	92	61	13	14	21	41	15	9	14	1	67	11	85	68	29	94	98	39	19	39	54	
5	71	6	97	77	11	50	20	6	70	67	53	40	82	5	12	88	58	27	39	76	54	48	68	60	57	57	14	96	2	15	45	39	78	18	77	59	73	70	21	46	79	77	84	72	81	65	25	38	8	39	100	3	-1	9	40	1	65	58	51	95	30	4	4	59	60	73	32	30	25	36	32	35	23	22	86	10	54	16	1	34	67	98	76	94	18	46	75	42	63	53	21	74	82	1	69	100	11	84	58	
10	7	95	33	70	100	95	2	97	34	64	97	9	87	84	63	63	80	50	51	17	6	78	70	28	44	76	83	4	5	90	38	86	20	95	75	3	82	49	94	67	48	16	18	20	46	8	90	36	99	15	50	16	13	-1	32	30	16	24	21	96	7	26	36	44	11	37	80	12	36	73	61	57	19	48	97	3	70	63	9	40	22	5	9	59	29	9	3	30	13	89	1	42	13	62	17	35	83	15	37	
72	10	48	31	83	4	9	46	4	59	59	45	90	79	15	39	47	11	19	4	25	13	56	88	93	87	68	90	39	20	28	62	94	97	85	82	61	88	60	69	54	87	26	37	46	81	33	54	93	82	73	3	31	87	29	-1	29	35	95	6	2	8	52	40	24	30	34	66	62	70	86	81	50	91	85	92	56	42	82	15	78	21	62	71	60	29	27	32	9	34	71	2	22	90	61	37	99	44	55	8	
44	18	94	4	14	6	55	20	3	9	92	36	70	100	35	15	93	58	69	9	91	66	77	57	78	30	77	17	38	9	30	99	24	45	60	84	25	28	24	12	65	100	94	93	70	8	21	11	9	18	33	23	76	17	11	7	-1	21	32	78	74	98	12	57	63	53	48	44	63	54	35	57	6	59	69	28	3	23	7	100	68	74	73	91	56	72	85	67	23	59	58	91	14	43	17	38	60	44	90	58	
63	14	46	80	7	52	63	9	32	81	65	24	30	8	16	27	46	94	50	7	15	26	6	60	65	12	1	36	53	96	56	26	33	25	61	54	27	41	23	7	36	67	97	73	81	61	30	41	82	35	30	58	93	43	31	77	77	-1	17	14	14	43	2	32	92	73	13	25	39	45	10	52	5	93	82	95	60	5	34	64	17	40	90	95	11	6	93	82	50	53	79	91	38	66	10	61	81	67	13	61	
60	11	2	46	35	61	34	63	63	89	90	92	20	15	64	52	24	6	46	70	35	12	26	41	35	62	27	84	63	54	67	34	75	11	49	65	45	89	69	18	27	26	78	52	64	57	36	62	56	80	30	3	72	63	57	18	65	7	-1	17	67	95	28	56	22	5	34	77	98	100	81	10	87	65	8	77	76	46	100	91	56	27	86	30	81	81	34	49	57	88	12	34	73	82	31	3	51	7	40	32	
24	42	21	51	42	83	67	17	90	79	65	56	46	93	50	26	1	67	73	17	67	64	94	87	94	10	64	4	53	36	57	18	88	36	85	29	32	91	71	22	48	21	64	32	56	74	5	13	54	48	79	18	70	49	5	83	47	81	10	-1	33	42	43	84	32	60	91	32	87	52	28	55	73	34	86	20	59	91	23	83	20	24	93	73	48	37	100	33	43	79	14	75	32	76	82	23	93	42	33	44	
42	42	34	29	42	58	65	51	20	94	58	20	58	60	19	96	46	9	7	38	54	98	8	49	53	90	36	12	46	62	3	87	53	55	48	99	56	26	65	91	36	58	96	24	36	69	92	74	88	44	23	80	22	40	81	77	57	65	57	60	-1	91	38	26	13	85	49	40	46	36	37	44	25	70	85	54	70	13	55	94	87	95	45	69	22	43	6	28	23	8	92	24	43	51	60	41	32	9	3	13	
53	25	56	73	29	27	57	14	71	46	83	87	69	59	24	63	1	42	51	65	3	49	43	55	76	11	4	3	67	6	66	3	74	56	38	44	63	82	34	22	11	11	12	21	70	47	6	58	21	31	100	88	21	92	30	29	45	74	76	18	97	-1	32	36	42	63	88	99	57	6	88	50	92	74	75	30	23	32	68	26	3	22	45	32	73	100	95	50	27	36	73	46	69	23	10	20	66	45	3	55	
32	60	37	91	70	16	30	54	69	13	34	32	49	79	13	91	84	17	51	70	91	38	59	9	28	97	13	6	39	84	70	47	73	75	96	49	66	28	62	59	55	57	36	85	43	10	50	17	61	100	99	43	66	79	45	26	11	23	48	27	26	12	-1	23	42	96	92	69	94	58	7	72	85	52	98	34	51	99	61	33	75	64	1	13	60	28	22	67	80	17	60	64	22	57	61	14	41	2	70	6	
12	21	17	63	64	91	55	33	49	96	53	62	28	2	88	45	29	54	1	48	87	97	54	84	48	93	38	54	30	37	23	60	62	63	58	85	93	73	63	45	4	14	10	24	65	29	16	88	98	82	50	41	55	48	35	9	35	63	16	44	36	66	81	-1	94	85	56	70	50	95	23	15	85	22	29	23	67	36	50	95	74	64	85	78	17	21	83	88	6	29	61	7	43	4	38	30	10	64	40	92	
63	55	45	55	46	50	17	90	97	87	22	51	74	98	4	25	9	52	98	85	24	86	45	59	36	76	79	8	16	95	55	70	16	15	59	15	27	85	22	41	71	94	47	1	37	20	42	71	36	41	5	81	15	36	41	88	27	59	3	7	65	18	69	82	-1	92	21	1	10	69	98	84	45	80	55	11	13	14	27	2	31	47	74	65	22	38	93	39	81	15	85	100	5	81	86	18	13	31	73	24	
13	52	73	75	10	29	36	81	74	2	57	86	23	10	69	52	70	62	13	62	28	53	14	48	1	95	94	6	82	67	33	26	81	95	38	4	8	21	96	40	25	36	65	29	37	84	38	60	10	26	62	98	23	88	3	6	10	79	18	66	15	54	63	25	56	-1	94	70	5	50	78	20	90	63	93	80	99	30	21	19	27	78	47	22	66	95	88	68	78	37	47	79	96	2	4	47	51	66	86	16	
83	54	48	23	10	30	21	12	91	62	62	46	11	30	81	48	56	44	83	55	56	74	85	72	62	72	22	67	54	97	79	8	7	2	37	81	32	30	11	12	7	32	75	15	50	9	23	77	51	5	19	70	76	28	53	73	62	61	67	1	29	83	56	87	79	47	-1	74	99	100	17	60	81	43	74	12	16	98	44	77	55	35	19	72	48	93	33	88	39	26	69	61	85	88	50	10	40	33	48	13	
39	78	29	75	62	61	26	55	67	58	20	56	41	93	27	75	54	78	3	29	65	48	68	73	85	22	36	37	95	99	67	30	100	74	60	1	39	22	93	7	15	50	35	76	72	39	39	84	42	80	75	29	31	58	33	41	95	13	5	44	65	79	30	93	99	84	56	-1	57	16	54	87	98	37	6	13	32	94	86	39	10	35	68	5	76	90	47	78	85	70	84	39	75	33	100	75	92	22	48	50	
72	34	17	19	76	64	78	64	21	2	50	13	58	10	90	69	1	9	75	81	20	27	75	73	51	67	62	68	14	12	90	61	77	16	36	75	54	32	30	14	18	32	76	79	87	45	14	31	41	32	33	63	51	12	10	62	100	7	89	49	61	77	51	27	49	30	33	73	-1	64	29	78	44	4	1	6	99	86	75	53	2	43	16	11	43	74	64	29	79	21	46	13	64	98	18	85	74	4	53	33	
2	29	12	18	58	67	68	22	63	26	100	37	55	92	95	32	47	4	84	21	20	59	79	90	55	12	62	98	15	29	76	25	22	98	28	62	8	34	5	94	71	44	13	44	10	80	48	84	33	21	2	20	33	93	87	80	8	47	1	76	14	25	67	28	29	7	90	6	2	-1	78	65	36	89	59	69	36	43	42	64	56	2	91	41	47	17	16	89	75	37	9	20	21	55	91	71	97	86	87	64	
27	67	6	39	50	56	56	16	91	46	86	81	62	18	3	21	3	93	56	89	63	35	20	66	83	77	76	47	50	31	22	88	15	17	3	35	78	43	71	99	32	70	25	10	59	85	76	23	38	2	52	63	68	57	64	47	32	38	96	63	38	66	25	22	16	86	60	38	59	27	-1	67	57	34	81	51	43	95	10	11	86	86	70	48	36	11	33	50	68	15	80	77	100	45	68	96	52	84	59	10	
43	29	88	61	22	91	65	91	17	87	35	7	50	61	77	97	43	78	61	42	56	64	36	54	16	19	80	58	100	93	43	92	90	92	10	32	26	38	99	50	79	49	74	50	12	61	89	91	96	55	74	27	7	27	22	33	82	76	52	28	10	98	32	51	99	48	76	13	90	99	6	-1	72	21	31	76	84	31	32	92	97	88	60	44	53	41	64	41	95	79	96	98	45	20	70	36	43	67	33	12	
96	65	10	36	8	16	11	93	10	27	36	60	24	54	11	79	22	39	23	51	63	1	91	76	6	68	95	24	27	69	47	8	60	100	59	55	82	43	35	12	88	85	52	83	52	74	22	87	95	80	96	94	98	51	73	40	30	49	8	80	72	58	54	93	13	34	78	48	63	98	46	63	-1	65	47	4	41	36	41	43	83	23	69	27	99	3	13	18	50	30	88	29	76	21	64	18	98	52	3	87	
55	23	18	55	36	82	20	36	32	40	26	21	84	80	37	40	18	55	80	70	72	74	4	54	35	23	65	72	93	97	71	19	4	9	86	72	64	70	69	4	43	65	9	68	10	98	80	11	50	74	91	6	69	21	13	35	7	69	49	10	48	91	31	20	71	42	30	36	51	82	24	16	9	-1	91	18	95	49	70	22	29	53	15	99	96	80	88	55	36	86	56	79	25	5	3	70	23	55	17	90	
23	65	66	8	28	23	1	90	48	29	40	12	32	1	78	94	82	42	82	35	37	57	55	35	46	42	25	100	9	77	39	83	37	13	21	37	76	97	20	44	70	77	79	97	10	23	36	86	2	99	32	52	66	92	79	69	31	4	40	2	72	73	47	72	50	8	7	92	17	27	15	5	70	26	-1	16	17	29	35	69	59	94	31	29	67	4	14	48	17	6	10	88	11	90	3	62	98	66	30	77	
80	17	96	91	12	54	12	2	9	79	5	32	43	28	17	50	98	41	69	21	24	62	14	34	27	89	43	40	44	53	63	3	70	29	77	96	17	63	7	14	100	58	85	18	44	6	10	66	31	22	51	31	46	18	38	98	11	47	92	12	42	16	59	84	92	22	27	17	48	1	87	51	18	84	18	-1	31	49	95	99	70	10	72	45	21	81	100	75	59	86	19	35	19	64	85	42	9	40	74	20	
82	46	8	27	6	47	24	65	78	23	63	42	46	73	29	55	40	79	27	57	54	100	49	8	4	67	61	3	58	98	87	20	28	94	53	77	91	36	58	6	43	73	42	99	1	22	87	37	76	63	19	16	42	2	88	3	24	46	77	7	98	80	7	45	63	56	6	55	13	29	18	9	83	51	96	36	-1	36	53	81	98	60	34	60	19	40	62	46	96	38	77	95	54	93	100	32	29	38	9	1	
14	100	60	48	26	98	25	89	19	6	88	66	72	60	7	2	76	23	51	74	83	47	81	81	44	92	57	73	30	10	68	4	78	6	31	76	64	91	36	17	54	24	13	12	37	89	6	61	25	56	62	76	15	95	57	61	85	7	88	90	54	79	33	49	42	40	1	82	84	7	7	76	79	94	75	70	30	-1	99	67	85	79	95	57	37	93	97	49	65	48	33	52	27	65	48	13	35	36	73	58	
58	30	1	3	58	38	11	47	44	74	81	39	59	22	87	51	23	77	42	78	84	82	63	69	7	13	29	95	58	58	27	87	44	70	66	66	23	45	59	100	14	43	36	81	57	69	1	60	51	39	61	42	46	35	76	92	77	97	11	43	13	13	50	31	32	56	2	55	64	82	47	98	80	99	3	97	96	78	-1	64	93	53	10	27	56	7	23	77	31	22	40	86	1	98	41	51	31	31	27	52	
35	3	3	11	65	90	91	31	72	53	3	29	85	46	72	83	73	90	2	94	60	15	15	57	90	72	49	94	85	59	41	96	84	98	30	6	58	8	51	8	29	2	9	39	4	56	59	50	63	53	27	46	47	12	18	65	77	95	19	98	59	90	44	60	93	3	56	45	24	79	3	61	8	57	24	91	75	97	28	-1	19	69	84	96	77	55	49	97	25	7	59	65	8	9	42	33	5	30	40	76	
35	71	65	19	95	62	88	15	45	85	63	87	59	84	1	3	52	72	46	51	94	67	88	72	59	53	85	27	70	7	95	56	5	8	43	26	85	82	73	20	12	18	64	95	78	74	25	49	31	54	72	33	4	25	7	96	12	5	69	64	97	49	54	62	75	98	38	74	15	8	83	13	64	51	26	2	55	21	8	38	-1	61	46	9	88	22	61	2	29	82	73	64	2	74	60	100	3	52	38	60	
25	11	61	21	3	99	91	59	42	15	49	34	9	47	23	23	70	96	96	62	98	78	27	17	18	26	50	53	51	72	14	99	36	71	100	61	70	66	2	50	68	53	61	52	39	21	89	96	95	79	1	76	68	64	65	92	8	20	13	25	18	29	80	25	78	67	33	70	30	44	17	7	56	74	5	76	41	65	9	94	97	-1	95	88	26	76	95	46	37	92	30	20	100	20	68	79	32	13	80	80	
52	2	66	55	50	30	85	5	56	97	94	42	96	26	11	14	34	88	15	91	15	38	1	52	22	36	96	20	87	83	30	38	7	76	23	4	51	5	75	2	2	91	6	76	93	92	36	50	14	80	98	15	5	37	60	68	7	59	10	38	9	57	44	82	35	10	97	40	30	15	68	7	96	49	30	27	35	49	50	8	16	98	-1	2	94	100	30	64	40	31	9	65	61	36	87	90	65	69	33	28	
76	87	78	63	84	81	25	45	72	13	45	76	49	23	52	11	36	9	49	52	16	6	14	71	14	19	77	46	50	71	9	78	43	6	67	100	69	100	53	60	50	35	46	42	8	46	27	34	6	24	42	2	25	40	38	96	52	22	86	26	81	38	41	100	74	55	41	92	79	95	59	38	94	93	35	53	69	67	11	2	99	21	13	-1	62	38	10	80	34	87	97	60	22	46	34	67	41	27	83	82	
63	9	9	48	100	99	27	19	85	25	65	24	40	3	21	49	93	39	54	10	66	95	72	61	63	78	88	93	98	24	84	52	41	100	14	87	57	89	25	87	89	78	16	94	28	71	98	60	27	57	14	66	2	81	63	42	88	52	90	32	2	45	75	5	24	99	82	22	46	80	28	51	58	47	96	16	69	82	37	40	35	31	60	25	-1	70	76	99	75	10	92	2	64	31	32	85	11	95	38	85	
27	27	21	18	43	23	93	81	56	92	8	11	6	98	13	98	98	62	72	90	15	49	63	15	73	29	91	89	94	100	89	27	51	83	83	68	78	93	86	11	16	48	54	39	90	3	100	30	3	85	94	97	8	96	44	84	78	57	90	82	36	32	5	44	42	87	71	63	61	11	13	62	1	14	47	52	15	79	31	94	22	79	57	97	16	-1	52	59	35	4	39	87	6	100	54	49	73	56	38	79	
1	85	35	34	71	18	57	47	4	54	61	58	21	12	37	38	80	56	60	40	55	43	18	72	20	1	74	30	44	80	93	69	99	88	58	90	8	81	34	7	58	4	90	82	47	97	43	43	88	32	1	68	64	27	31	96	63	12	38	66	58	76	95	24	90	70	50	32	78	36	93	42	98	43	86	73	36	5	72	6	43	68	99	34	82	20	-1	5	36	25	89	63	55	48	6	17	29	21	13	19	
56	18	36	5	92	19	39	36	90	20	100	21	22	51	71	81	39	61	58	57	67	45	44	48	41	44	35	87	91	87	19	16	39	26	33	35	97	35	78	72	26	63	49	81	84	31	39	51	30	85	48	95	57	75	72	91	42	76	67	52	50	34	46	66	64	72	19	66	22	41	34	68	95	93	25	33	7	55	54	22	67	38	63	50	34	19	22	-1	68	60	6	5	25	3	57	68	1	31	55	53	
11	94	14	1	34	16	6	32	44	39	6	17	46	50	68	51	78	91	29	34	96	3	28	27	69	77	32	13	55	13	38	1	69	2	80	57	90	21	30	82	79	89	86	51	14	64	55	60	92	47	6	28	31	93	37	11	9	96	51	31	47	33	19	61	1	61	48	35	97	23	89	87	22	91	14	98	27	32	15	41	64	15	32	80	4	96	89	2	-1	24	76	54	25	59	87	29	70	54	83	42	
54	22	41	44	98	80	12	18	52	56	95	93	48	53	69	72	54	52	91	12	56	87	94	33	46	20	88	96	68	1	8	34	20	74	80	49	1	22	9	50	94	18	31	31	7	44	83	74	29	22	35	26	57	57	93	60	71	65	86	12	63	74	37	49	59	1	46	30	50	71	36	71	28	33	70	43	11	80	21	3	10	31	59	23	64	23	38	55	28	-1	67	52	5	2	92	65	21	48	94	33	
41	74	8	8	27	6	96	84	35	24	26	74	69	85	75	11	55	39	93	60	22	65	45	95	35	66	100	84	40	87	14	8	4	32	4	69	79	36	11	55	17	14	74	98	34	94	85	47	46	76	34	47	82	13	52	37	90	43	1	11	72	92	100	84	37	26	56	24	40	77	56	13	96	84	71	9	9	33	1	4	12	44	3	55	1	61	87	13	62	85	-1	88	61	71	70	97	52	26	22	15	
40	100	79	44	61	11	75	54	51	17	49	76	93	73	46	83	29	65	18	56	67	40	20	76	74	4	11	56	80	90	25	26	77	100	40	38	88	100	96	18	29	36	44	62	75	45	88	11	12	4	74	100	24	78	7	6	55	51	57	70	49	13	11	57	24	1	13	32	53	2	60	83	47	21	4	22	16	81	48	18	72	68	9	41	19	61	80	78	98	43	9	-1	39	86	75	24	31	100	6	5	
2	32	17	50	27	95	12	70	61	66	59	3	57	42	87	25	3	96	78	37	79	2	30	15	70	91	92	12	97	81	70	10	93	10	49	53	48	99	97	1	91	17	29	5	72	48	43	40	21	16	11	51	54	48	7	78	44	48	76	26	62	44	67	38	93	81	66	56	38	78	80	47	27	39	1	70	30	45	95	60	36	46	14	94	74	22	86	24	16	50	43	51	-1	55	56	80	58	61	91	100	
52	14	77	13	6	61	82	57	90	23	46	55	11	95	2	97	77	100	67	27	27	83	68	1	79	32	45	13	86	1	92	83	37	80	70	32	63	62	5	40	20	37	33	83	69	87	41	14	49	15	88	7	84	80	51	30	38	68	72	82	62	55	15	47	43	99	96	21	26	2	49	93	57	73	73	54	4	8	34	44	91	28	83	16	79	84	93	70	24	99	55	54	77	-1	4	36	89	70	92	48	
12	87	60	93	26	34	34	71	26	99	29	97	31	57	38	50	63	12	47	32	66	100	86	9	80	45	75	75	35	57	2	20	89	58	93	1	46	48	70	18	7	89	59	23	23	36	2	77	4	6	60	88	56	7	77	7	57	60	30	65	50	45	66	99	49	38	28	46	61	42	61	6	51	3	49	83	28	55	32	14	12	70	87	20	82	49	79	91	30	11	73	17	27	78	-1	7	33	70	12	2	
42	75	87	76	51	63	17	60	93	58	76	67	75	73	100	69	68	46	34	57	88	95	98	17	19	57	72	10	67	18	20	90	24	60	26	75	2	63	63	87	81	21	97	68	100	93	76	54	84	22	10	66	94	32	48	50	72	31	75	14	36	99	18	45	93	88	76	73	30	87	88	7	20	57	55	86	91	22	2	93	96	12	57	51	98	2	71	63	87	75	74	84	8	11	86	-1	55	71	59	85	
15	39	88	34	99	93	74	54	98	78	62	30	51	81	18	94	16	15	11	29	57	52	44	27	8	76	61	87	87	53	78	41	28	94	32	55	84	28	44	70	72	53	64	35	28	91	75	42	20	21	21	75	75	4	25	60	97	31	40	38	78	15	75	99	37	50	69	60	90	2	4	46	62	34	92	78	99	88	83	61	47	93	2	9	30	21	8	70	88	21	90	11	43	10	19	21	-1	53	63	29	
48	52	62	24	99	19	71	61	39	80	82	74	11	7	62	80	91	46	94	44	88	40	58	66	30	35	69	43	1	81	14	94	1	47	9	41	45	81	39	37	54	32	60	80	55	29	24	25	60	86	24	53	20	70	51	72	39	13	100	41	72	49	78	27	89	26	45	24	72	77	43	31	7	83	19	97	31	72	36	27	82	86	93	51	68	54	67	96	66	82	24	11	2	72	27	39	34	-1	78	28	
4	4	58	14	39	73	72	69	21	5	14	49	53	3	91	92	22	9	23	3	42	62	14	8	16	98	94	94	60	10	2	21	80	69	5	80	37	77	12	65	48	86	27	11	55	28	21	89	82	23	65	14	26	64	28	60	15	70	48	6	65	82	3	65	54	62	49	61	85	67	22	40	38	18	4	63	69	44	99	69	12	90	61	56	84	60	44	37	38	60	90	51	78	29	61	47	53	84	-1	83	
42	60	75	31	4	83	81	64	7	11	93	94	23	90	62	15	73	33	62	96	70	40	17	100	45	75	89	95	99	41	71	91	2	16	53	3	12	76	22	85	42	81	37	77	88	97	26	54	10	35	61	85	39	81	93	48	69	80	48	34	66	13	63	76	77	62	40	49	32	7	98	64	25	91	57	97	46	78	75	63	70	7	11	26	32	85	75	33	94	97	15	77	35	31	4	70	72	87	62	-1	
