100
-1	34	79	28	68	67	35	81	96	37	72	92	37	19	36	12	45	74	15	46	14	46	2	32	53	21	86	4	4	56	84	34	99	20	64	82	95	35	95	73	42	39	82	43	70	21	51	38	2	90	62	29	76	42	65	79	40	50	100	84	69	47	76	72	37	76	80	87	68	5	100	41	63	80	85	7	27	24	61	9	15	67	45	77	17	40	56	16	37	70	34	56	23	4	13	26	32	49	11	53	
46	-1	85	52	71	91	85	69	14	59	55	97	49	37	98	11	12	40	17	32	29	49	33	91	81	48	40	70	2	23	11	66	6	47	24	97	48	98	69	79	18	43	55	40	14	27	98	68	97	36	24	97	1	13	16	60	65	41	50	64	71	23	24	52	21	69	10	95	88	87	5	58	49	71	100	44	57	83	12	85	15	50	90	29	16	35	87	34	34	26	95	57	37	76	5	69	22	33	6	13	
76	72	-1	20	10	25	23	77	48	32	31	68	61	100	78	79	22	90	27	37	30	26	39	86	92	36	66	1	77	13	15	17	67	58	63	3	64	8	98	11	61	25	76	21	88	31	4	98	79	71	39	83	28	63	75	33	18	4	44	10	37	49	39	18	49	52	77	30	15	12	50	69	77	86	22	52	86	36	100	64	81	39	53	28	98	84	11	56	34	41	67	56	64	4	20	62	96	100	66	4	
83	32	17	-1	60	30	69	41	96	72	95	53	96	55	74	91	37	78	41	84	85	48	15	96	56	39	94	91	41	91	84	17	81	85	12	24	95	3	52	76	14	89	68	40	23	5	20	75	97	31	69	7	53	12	90	21	82	69	89	73	54	94	47	92	47	64	11	19	67	85	21	45	57	42	99	93	84	47	21	65	21	14	86	23	39	59	98	78	97	90	6	4	42	9	32	17	71	92	7	98	
4	50	19	26	-1	34	66	13	60	20	42	53	59	9	14	59	23	88	64	36	1	53	98	77	8	84	53	49	57	88	1	55	80	9	46	30	76	76	53	16	9	50	61	25	56	52	43	4	50	27	47	98	60	64	54	18	35	37	21	5	48	16	56	63	38	91	63	62	83	40	59	97	63	99	56	11	27	3	13	18	37	18	77	45	65	63	45	62	79	92	86	8	25	67	12	88	60	37	75	26	
7	74	5	33	32	-1	99	56	17	9	33	61	47	68	1	29	74	58	9	83	19	30	22	31	62	66	78	86	32	94	4	65	68	75	13	34	6	42	89	32	81	78	43	50	88	15	53	23	7	87	52	49	55	90	2	20	7	45	9	24	16	4	91	26	28	88	54	54	90	10	50	36	9	81	84	9	85	34	62	96	6	70	64	10	76	51	17	57	79	11	75	68	44	38	71	64	80	82	48	34	
67	3	1	65	3	100	-1	37	24	67	68	87	91	58	94	10	34	80	59	23	31	14	48	84	54	1	67	59	65	65	61	72	37	43	11	39	26	65	53	38	81	8	50	29	64	54	82	14	50	42	44	19	69	81	8	70	44	85	16	76	89	87	33	25	55	65	4	64	71	30	61	14	56	33	97	63	84	16	27	83	77	17	24	78	16	46	15	19	64	14	93	82	43	87	77	64	41	64	48	86	
65	98	16	49	87	51	74	-1	70	30	63	93	90	35	15	69	79	86	10	60	11	2	18	98	48	79	99	7	73	41	26	53	88	82	69	46	84	76	17	76	5	58	83	44	94	1	91	36	75	49	38	8	83	36	47	10	15	61	24	41	87	2	78	87	28	45	39	15	19	87	34	78	1	4	60	51	12	82	17	36	93	45	92	91	62	12	96	35	66	62	35	100	71	89	68	72	71	47	72	90	
10	6	60	7	26	49	14	20	-1	52	46	45	67	70	60	6	45	2	34	76	59	94	1	94	8	44	72	56	78	52	70	32	8	67	55	30	48	91	84	25	25	13	89	47	43	46	96	38	42	40	32	17	27	62	10	71	24	83	10	54	35	88	97	79	45	65	13	28	69	17	14	9	47	15	4	7	1	72	61	18	89	46	36	26	99	43	97	29	13	55	92	86	21	94	64	41	9	30	21	58	
58	59	18	83	97	7	42	93	65	-1	36	9	5	67	76	1	63	59	17	51	32	76	53	32	65	100	35	48	78	48	46	82	100	90	86	56	57	65	25	83	53	43	4	10	91	88	9	44	4	74	35	36	75	47	24	12	77	94	43	36	15	9	90	60	54	95	5	32	12	2	96	4	56	99	13	71	36	40	50	7	69	65	26	26	88	67	77	36	31	42	25	97	74	82	62	47	68	87	29	63	
93	67	41	40	44	80	42	53	59	7	-1	95	1	34	8	57	47	66	11	8	71	16	67	97	41	81	53	53	32	6	99	14	8	42	89	99	92	19	87	9	19	22	16	95	23	51	31	37	62	33	61	4	81	34	82	84	58	22	51	8	62	80	87	87	7	37	96	3	18	23	12	42	49	9	61	26	39	25	46	49	84	49	95	10	22	75	87	82	52	19	67	3	14	18	90	52	9	16	55	13	
72	86	27	6	35	74	4	58	72	74	89	-1	14	99	6	34	61	47	5	98	26	33	26	71	28	58	65	70	87	9	57	40	40	6	50	28	45	78	38	46	44	6	35	79	31	45	25	34	50	34	78	18	97	59	61	29	74	96	79	41	73	47	63	21	57	62	41	62	38	57	17	90	71	58	57	57	5	66	96	19	28	94	93	9	79	1	75	14	83	24	2	36	5	39	74	43	91	46	34	30	
41	33	63	10	72	67	38	83	12	17	40	16	-1	68	96	97	13	31	4	52	66	88	60	24	7	44	50	25	18	63	25	52	21	52	72	61	48	14	37	96	5	71	34	46	58	34	70	92	59	53	95	8	97	48	90	19	62	33	88	22	30	48	28	69	72	41	24	21	86	83	33	94	18	11	97	28	13	49	43	89	67	86	42	23	55	80	62	73	60	82	35	32	30	15	46	40	46	16	81	29	
70	87	82	43	80	95	31	76	17	26	36	52	4	-1	78	61	45	55	19	78	60	46	47	25	23	76	19	95	33	90	98	13	95	20	31	4	41	61	100	71	4	78	100	64	25	64	16	13	86	54	66	12	99	21	90	97	95	58	13	55	4	35	10	70	33	26	71	16	31	86	73	65	62	40	32	71	36	53	65	33	90	8	40	23	58	2	76	71	13	5	65	3	85	2	21	11	86	78	58	60	
73	35	3	6	33	82	73	61	61	68	92	74	37	77	-1	18	4	21	96	51	80	7	49	74	38	97	31	3	9	97	6	65	43	75	40	86	28	28	89	32	35	60	61	42	26	67	57	4	74	88	94	95	99	42	25	93	61	70	14	3	79	76	8	87	98	97	52	25	50	29	13	41	88	38	63	99	31	25	15	89	81	75	7	100	49	47	71	33	26	53	62	42	17	98	17	81	19	43	76	65	
97	47	10	55	77	53	68	54	5	81	21	21	33	14	100	-1	97	28	16	29	95	91	79	77	15	28	35	72	91	65	37	36	21	7	26	8	22	16	11	82	7	43	77	13	78	3	17	57	22	82	42	8	38	4	58	41	59	62	27	15	20	84	83	44	54	95	42	66	47	87	98	66	64	17	51	68	54	54	80	18	56	99	86	24	79	71	55	27	50	50	46	20	60	25	69	32	95	58	71	53	
58	30	51	4	70	47	9	65	73	47	16	71	51	45	39	92	-1	57	34	15	27	39	65	60	4	28	27	64	48	53	66	53	70	38	47	91	64	48	61	85	18	12	68	51	95	34	98	88	2	70	57	29	53	82	25	41	83	32	27	18	63	71	6	96	22	100	68	17	66	92	68	49	13	74	71	26	19	38	81	95	8	7	34	72	100	44	61	58	45	71	19	33	2	74	3	73	16	76	52	80	
49	70	20	68	71	88	64	2	28	6	63	11	71	78	23	6	89	-1	33	13	9	9	66	65	91	41	22	99	86	67	21	52	46	78	91	47	78	52	70	53	85	55	19	55	24	55	87	40	2	88	60	2	27	73	65	17	90	76	82	45	72	86	19	47	30	97	6	91	75	16	95	72	65	95	32	81	54	92	93	27	16	21	14	91	13	63	35	89	12	90	67	5	36	58	7	49	28	42	73	39	
91	59	28	53	81	55	10	46	53	49	81	62	88	68	19	24	61	12	-1	4	59	19	21	24	20	76	39	49	95	20	32	53	56	90	84	24	82	52	62	89	92	5	36	27	44	2	88	46	22	37	24	25	30	58	55	46	9	62	17	64	47	2	41	89	84	36	60	100	13	48	69	80	50	26	91	58	38	30	35	35	48	35	2	74	35	53	69	96	68	93	55	29	72	50	27	22	14	21	63	56	
25	56	76	36	17	32	95	66	98	56	75	71	14	85	24	14	1	83	59	-1	15	42	64	15	11	19	24	71	43	7	9	1	55	27	44	39	80	79	71	64	32	46	16	33	10	41	10	100	70	16	74	41	47	17	9	31	71	74	32	73	42	45	56	54	49	22	92	65	49	27	23	13	24	30	90	85	47	96	6	79	89	65	33	14	79	24	23	40	89	48	67	17	87	47	23	73	79	38	36	52	
78	65	1	100	5	57	79	26	23	23	61	45	8	26	16	35	40	40	2	46	-1	72	81	99	10	55	81	32	43	13	71	88	78	20	42	47	15	24	99	29	38	81	78	99	86	91	37	64	44	61	87	38	60	16	6	85	9	94	28	9	21	42	6	12	12	27	53	7	51	93	84	5	23	74	30	12	25	21	2	63	37	87	64	27	28	42	54	30	63	27	7	72	32	11	26	20	10	94	34	23	
40	75	77	52	2	29	22	84	59	74	16	50	26	65	84	25	32	30	13	20	65	-1	83	54	79	39	27	8	77	43	57	6	37	82	62	61	96	19	47	15	39	49	87	35	77	47	52	66	24	57	47	72	25	70	33	18	80	73	19	22	89	9	61	60	88	80	35	56	83	33	36	40	61	96	48	79	49	19	79	78	80	59	54	74	28	49	22	86	29	69	39	2	17	18	90	36	83	43	98	71	
4	26	75	13	2	71	40	97	80	83	51	100	18	62	99	63	28	25	69	62	77	100	-1	98	76	2	71	36	87	60	79	46	76	66	32	21	90	47	13	68	60	4	99	12	89	88	61	57	8	11	43	67	94	8	74	28	66	2	88	93	7	90	68	32	78	63	72	5	76	10	97	27	8	35	47	13	80	47	22	92	72	40	67	48	39	2	67	91	90	91	77	72	39	77	94	99	66	30	86	96	
18	8	4	38	38	71	26	83	17	80	43	61	51	63	81	19	37	43	62	32	60	56	61	-1	83	100	53	41	48	66	91	34	37	8	22	18	13	77	59	22	85	61	37	65	8	29	8	21	97	98	43	9	26	82	100	89	82	88	22	32	70	29	50	31	81	51	30	55	19	77	26	9	64	79	36	59	36	23	87	42	33	20	50	94	34	26	45	26	63	42	84	60	14	68	59	43	88	62	14	39	
81	90	18	76	31	87	27	71	74	44	28	57	60	70	72	10	47	87	26	22	59	19	35	53	-1	20	58	86	88	21	33	49	61	14	25	26	39	11	42	24	47	5	97	7	94	45	32	89	81	39	58	59	85	48	81	75	43	47	67	83	7	89	5	10	50	27	22	62	94	32	83	42	37	38	80	48	37	33	35	9	7	46	58	80	73	78	6	33	97	20	59	83	91	3	93	11	70	47	79	14	
60	97	90	25	27	5	92	28	54	75	50	77	83	98	67	1	96	41	14	39	89	14	95	32	22	-1	87	57	55	57	99	94	90	42	51	91	21	73	61	50	1	32	28	94	95	82	4	93	90	87	100	35	87	25	30	26	31	62	71	5	86	15	58	86	46	32	77	23	38	37	54	44	72	17	60	29	41	44	78	9	91	30	27	83	3	82	63	68	93	33	21	22	40	52	29	43	86	6	68	69	
88	78	90	49	98	35	74	93	49	9	80	46	37	29	67	14	49	76	26	98	44	37	13	67	57	75	-1	4	78	99	64	23	26	11	63	94	73	13	35	19	41	61	57	34	64	2	8	40	90	79	23	63	87	98	34	100	17	41	69	34	62	51	54	47	29	15	61	21	53	39	84	14	66	12	36	51	52	47	78	5	93	87	42	1	67	13	2	6	23	60	50	92	68	95	47	55	30	76	44	44	
84	75	4	56	11	1	33	67	25	17	37	31	11	28	58	28	67	67	71	94	13	83	70	9	22	32	68	-1	36	93	62	19	34	58	4	37	44	60	34	33	43	28	2	67	25	46	89	32	94	74	83	27	5	31	44	84	42	18	44	93	82	55	82	100	77	63	60	77	91	78	42	64	31	67	76	36	68	44	92	25	96	40	1	72	18	62	76	90	70	44	97	50	64	71	2	33	89	44	58	2	
77	8	25	86	2	76	29	38	51	60	24	4	97	9	13	31	86	37	44	14	62	78	70	58	91	1	60	35	-1	43	80	94	48	61	34	79	62	25	50	99	48	3	67	69	72	15	22	87	79	36	32	78	21	82	34	94	19	46	54	90	62	35	40	80	69	40	88	4	62	55	14	41	93	28	76	79	100	54	14	79	50	5	36	76	82	77	79	47	55	54	17	26	38	84	91	80	3	85	83	60	
88	5	19	22	90	37	11	2	97	83	14	25	90	33	12	33	35	92	82	24	7	78	86	34	55	67	57	70	12	-1	77	70	75	81	78	77	32	75	47	76	54	43	90	81	9	72	3	4	76	23	26	34	1	7	59	38	80	44	19	62	10	74	67	50	45	85	3	65	2	36	53	88	52	86	54	99	67	16	39	100	31	89	100	59	70	35	41	60	59	6	65	23	8	22	84	65	63	11	100	50	
16	48	20	70	6	78	11	48	79	66	38	1	93	50	29	73	39	58	79	48	35	9	53	51	89	7	28	73	51	13	-1	8	32	6	41	87	94	29	38	59	73	81	50	72	19	18	22	86	21	32	33	65	14	35	61	90	19	91	71	6	42	2	5	96	67	20	61	3	77	2	27	79	77	18	51	53	8	62	60	30	10	53	100	37	79	57	70	72	25	71	4	2	46	73	48	87	12	90	9	24	
78	31	37	82	56	20	38	63	70	49	90	14	9	58	55	32	10	24	15	57	35	34	19	5	11	50	98	62	14	93	9	-1	77	1	94	32	34	39	33	31	1	84	67	70	50	45	83	10	69	84	29	13	50	73	98	12	11	73	23	19	92	17	23	64	30	99	65	48	23	45	19	74	97	7	68	65	69	10	17	1	70	24	30	16	26	89	1	71	59	42	79	74	74	58	93	72	96	99	86	20	
66	26	20	27	59	5	40	43	96	88	90	47	99	62	16	44	6	97	25	31	58	44	33	69	59	72	60	43	59	73	28	22	-1	67	91	95	37	37	28	35	40	78	96	56	89	61	78	75	25	45	72	40	86	96	15	7	38	60	52	34	14	42	74	31	64	21	47	19	6	84	68	2	28	56	73	45	19	100	97	31	51	13	19	25	10	64	33	48	90	9	88	5	69	10	29	31	59	13	26	18	
88	99	92	91	50	25	23	75	53	35	18	37	53	42	33	48	36	94	60	8	5	97	30	11	16	71	46	63	22	54	25	95	55	-1	83	16	51	87	6	79	8	54	59	89	43	68	90	74	53	80	63	63	99	62	41	57	10	46	36	45	33	75	45	98	6	37	83	64	63	87	75	32	26	44	39	67	3	32	98	63	72	45	83	27	37	79	12	10	5	72	25	55	72	4	10	68	87	45	81	9	
73	70	35	70	88	93	16	55	31	53	40	82	49	57	77	74	66	10	75	56	48	63	35	19	81	2	64	76	26	14	5	97	59	23	-1	42	41	6	62	69	1	13	6	8	10	44	90	74	47	98	12	18	59	42	33	34	90	58	33	11	100	91	29	52	91	68	8	14	26	7	63	91	98	96	41	54	16	1	73	9	91	77	45	16	12	37	90	29	30	68	61	16	75	98	62	30	28	40	83	56	
28	33	28	42	13	60	72	52	2	44	58	27	36	80	72	5	97	68	60	37	86	75	86	67	97	16	9	86	58	18	81	35	80	75	40	-1	25	98	84	20	69	95	49	12	12	85	81	27	78	33	83	85	50	75	40	47	7	59	91	45	9	8	12	70	69	45	73	72	84	77	82	41	59	83	5	25	23	90	53	12	19	93	14	98	31	99	25	53	37	48	88	4	58	87	93	22	70	11	16	48	
5	91	29	26	71	87	50	71	56	48	73	100	67	47	6	51	84	33	56	80	16	81	88	72	38	10	69	76	75	30	42	80	45	87	37	9	-1	8	18	6	79	21	62	75	67	55	62	57	48	54	33	27	76	29	96	53	86	93	5	76	78	44	83	4	100	71	94	46	84	98	48	75	65	95	84	65	25	34	98	76	45	97	100	96	25	80	3	93	38	70	80	86	6	92	9	6	56	89	83	32	
88	95	82	11	97	1	79	82	21	21	8	92	21	4	76	85	14	68	66	2	8	61	56	36	45	60	76	33	19	11	6	100	61	73	15	80	63	-1	64	86	57	77	16	11	47	38	76	56	52	33	14	11	22	23	67	60	24	82	15	85	83	46	94	59	24	43	100	39	68	2	23	25	28	79	14	15	98	14	20	1	52	8	29	28	12	36	92	69	87	7	78	23	74	81	98	47	73	45	65	75	
74	43	52	92	26	52	63	29	22	17	53	29	37	36	18	36	80	19	47	33	90	78	28	14	4	20	26	89	52	17	52	2	10	34	67	64	19	24	-1	9	52	74	73	62	95	63	48	72	12	45	28	89	86	99	60	2	3	87	46	87	81	63	41	64	96	8	7	94	60	71	26	45	12	89	57	80	36	46	50	76	95	81	39	10	36	43	17	28	69	54	29	64	32	8	74	97	29	48	49	62	
45	10	92	66	2	93	64	43	63	70	12	37	89	75	83	12	69	55	53	57	80	80	91	50	61	53	3	5	66	58	2	9	30	36	92	81	5	53	43	-1	94	36	87	44	20	54	31	78	70	19	62	72	29	5	63	41	72	64	64	58	97	2	82	24	51	67	73	67	65	1	89	98	86	91	45	24	17	83	66	58	34	30	23	17	13	3	78	75	7	86	8	1	44	90	12	28	4	24	85	61	
8	67	33	49	10	77	24	32	71	95	46	80	61	88	68	66	65	62	17	41	99	78	12	33	100	49	24	14	62	78	29	53	30	1	5	39	67	85	73	90	-1	87	71	56	20	46	95	20	33	97	66	88	6	67	40	42	90	17	55	10	34	96	16	99	61	9	6	33	30	96	87	2	84	92	85	28	5	30	94	39	70	47	28	15	59	39	81	25	12	100	80	75	59	76	42	16	35	42	3	69	
68	14	100	56	72	71	75	43	21	56	42	81	99	46	19	2	76	17	23	89	7	81	29	41	50	55	65	73	100	87	82	41	90	72	83	80	80	67	41	63	34	-1	77	6	2	43	44	76	5	85	74	33	26	22	11	93	46	52	20	8	56	48	92	58	61	48	36	40	48	40	13	5	2	1	20	98	22	29	86	25	61	98	29	20	96	7	71	32	76	95	36	7	87	75	97	7	25	17	71	24	
2	54	65	25	86	94	86	42	29	54	35	61	56	51	36	42	23	12	96	99	69	31	38	75	21	44	93	2	78	59	91	94	85	25	70	85	93	76	15	75	11	54	-1	19	33	23	95	91	30	63	26	11	5	7	66	7	35	73	93	36	74	42	20	12	90	32	24	100	91	81	29	54	40	16	97	52	23	15	39	35	32	73	40	99	58	92	22	26	91	97	92	3	51	63	65	57	65	85	64	84	
53	60	19	28	65	65	22	40	38	30	43	44	5	71	84	1	30	39	44	56	88	76	50	62	90	95	50	95	46	79	89	74	70	85	67	32	19	4	75	43	82	50	87	-1	37	16	14	88	17	18	12	64	29	21	58	42	68	42	80	79	62	9	86	83	81	71	96	81	3	49	18	66	50	88	6	2	75	45	19	21	34	14	59	30	52	90	59	54	6	51	4	47	5	70	38	65	38	11	81	21	
52	48	20	12	72	46	77	10	89	49	72	19	64	72	44	82	41	79	91	100	15	26	73	31	12	62	39	24	69	10	44	98	96	86	89	65	42	47	93	49	56	99	23	90	-1	77	42	43	39	50	13	2	2	56	34	6	32	76	92	21	53	57	81	5	50	63	45	4	80	88	4	29	44	87	75	87	78	34	67	84	14	8	31	68	82	52	71	39	36	1	81	48	46	6	30	32	59	16	52	43	
51	57	63	81	75	75	70	47	94	86	19	11	3	18	82	1	100	48	62	88	11	94	60	21	35	82	95	9	34	63	80	17	4	90	27	89	6	48	87	49	59	75	31	48	22	-1	58	92	78	22	44	61	89	55	40	37	34	90	2	72	68	98	18	44	65	72	82	33	13	56	41	6	40	89	65	30	3	39	44	35	37	47	99	15	22	74	27	100	16	13	12	20	94	33	2	72	33	55	90	40	
57	30	98	24	32	76	81	9	1	9	69	95	23	42	98	65	19	1	53	50	96	14	48	59	49	69	78	5	24	25	26	4	45	52	5	43	1	12	3	14	44	10	65	98	41	16	-1	80	17	60	56	57	62	68	35	34	37	46	92	48	25	78	89	89	77	81	34	19	14	59	92	34	95	21	68	3	86	61	9	10	2	73	75	85	24	90	93	85	99	82	8	20	63	35	92	75	40	53	72	75	
30	78	49	3	92	69	32	100	43	89	69	75	12	6	82	22	73	20	35	77	48	100	73	79	56	63	46	34	32	30	86	11	97	70	51	61	71	75	38	39	31	96	75	56	4	84	20	-1	27	16	84	51	39	84	27	1	17	94	67	3	39	89	30	43	39	34	71	38	85	30	70	73	85	92	81	48	20	61	81	23	37	13	69	63	27	68	73	55	65	36	13	83	57	8	19	36	16	1	89	18	
74	29	8	10	37	46	82	9	64	59	27	69	91	96	31	32	20	54	29	86	27	26	2	42	73	48	47	73	70	39	61	34	21	86	20	46	8	55	30	16	36	39	24	98	38	78	57	86	-1	51	29	2	31	53	17	3	39	38	61	80	86	68	67	57	36	6	15	54	59	78	61	25	29	11	68	98	32	33	19	33	25	83	2	14	14	93	72	10	71	18	64	64	22	55	13	79	74	100	27	5	
17	38	19	31	14	22	6	20	82	9	17	46	52	33	47	4	46	75	67	25	70	9	32	97	19	46	86	97	37	99	59	23	74	21	94	12	37	24	14	77	43	34	22	12	41	40	67	60	57	-1	68	23	74	72	28	1	90	99	34	5	9	13	25	10	35	68	30	92	64	71	66	7	39	96	19	57	47	98	37	23	82	29	15	7	55	49	19	40	71	71	14	2	49	97	19	72	18	29	78	72	
15	21	16	33	25	45	49	94	36	36	48	42	58	99	98	59	94	8	45	8	15	63	95	18	15	87	84	1	98	67	52	31	93	96	69	32	3	46	51	46	89	3	16	40	21	23	38	4	85	30	-1	31	93	16	59	53	72	70	81	10	82	16	83	45	47	91	79	77	9	89	38	90	72	23	18	82	65	53	45	69	41	55	63	24	79	13	90	11	32	46	16	81	58	64	60	24	75	31	84	49	
27	15	51	73	45	83	3	37	94	55	25	27	46	60	23	29	11	66	49	93	7	35	100	2	1	83	8	66	83	74	33	53	79	97	67	49	79	11	48	34	30	71	14	91	11	24	66	74	64	12	40	-1	69	84	1	72	5	48	59	81	19	16	9	12	12	84	63	19	5	68	20	46	48	37	2	45	14	69	35	83	10	3	5	27	80	31	100	82	41	26	65	28	38	29	22	82	39	26	93	63	
71	52	19	65	12	44	90	74	56	31	17	100	81	26	82	90	77	56	60	44	91	59	54	45	20	58	71	38	73	13	84	38	80	45	83	68	18	2	33	45	16	90	22	15	20	23	63	29	14	52	5	43	-1	90	100	60	52	36	48	7	14	43	18	10	38	78	77	83	61	77	31	38	82	2	13	70	61	87	46	17	63	55	50	91	67	63	28	37	84	99	26	49	76	37	40	64	45	49	55	29	
50	61	72	96	68	64	48	13	42	61	9	26	69	5	30	6	76	61	19	52	35	93	24	15	29	62	7	23	24	16	28	56	12	68	32	53	5	55	83	68	97	15	54	92	71	76	81	75	29	57	42	85	47	-1	9	26	88	17	86	8	41	63	80	95	4	59	47	11	64	11	73	59	49	71	45	85	93	17	19	74	80	59	51	28	67	85	15	21	52	48	71	62	28	34	13	60	41	75	45	5	
1	63	22	87	42	41	38	32	63	38	95	86	42	35	62	37	48	33	52	48	87	6	94	45	3	64	26	76	3	79	60	3	52	84	46	59	57	25	38	89	81	56	3	75	14	58	71	57	23	94	68	88	73	38	-1	98	66	5	30	7	41	90	93	16	24	89	92	28	16	44	39	78	44	74	41	84	11	11	71	81	1	36	58	50	68	90	1	77	60	52	69	85	30	2	43	30	81	96	49	60	
5	13	9	54	11	20	54	53	9	16	17	85	16	15	67	95	56	82	51	19	55	15	63	28	96	39	58	74	49	77	12	11	50	42	57	77	68	14	7	99	94	11	43	2	39	5	86	38	72	61	16	37	11	78	16	-1	11	69	65	34	43	28	48	85	53	28	42	13	24	22	64	64	50	69	43	98	73	69	60	63	24	41	36	24	31	81	5	90	51	60	8	42	57	50	9	60	65	17	21	75	
90	38	26	76	45	50	92	70	29	34	25	33	5	2	13	42	60	44	48	95	3	89	1	52	98	76	76	84	4	48	18	44	64	78	76	16	24	30	69	47	95	26	20	54	36	39	69	40	8	77	3	96	68	89	34	6	-1	95	89	46	23	97	26	11	91	57	33	34	76	77	80	52	57	51	26	54	100	17	49	77	24	49	51	18	77	82	71	5	81	79	41	65	27	13	69	3	90	39	52	72	
32	57	16	84	27	68	49	77	32	89	35	7	35	80	30	22	10	24	55	36	57	96	73	31	69	96	72	34	19	35	17	79	16	67	34	73	59	39	35	63	34	32	17	33	20	56	42	25	19	47	42	21	85	86	56	18	73	-1	97	44	73	59	95	67	89	12	45	71	96	51	51	85	62	38	98	92	54	29	23	8	56	79	78	11	83	87	82	90	56	19	4	67	22	26	63	70	19	55	71	46	
55	44	13	30	76	68	49	99	41	44	49	43	56	56	50	50	77	17	4	4	20	2	18	40	50	40	66	59	6	38	34	20	59	13	24	94	88	95	56	58	96	22	63	27	51	32	38	96	61	4	63	85	33	7	79	4	25	56	-1	97	25	96	69	62	99	44	68	77	98	66	16	25	34	86	87	81	65	15	11	91	59	86	76	64	17	37	74	30	45	80	4	99	20	91	80	90	37	83	59	84	
88	21	43	8	34	7	35	46	24	70	83	64	98	40	1	66	13	87	23	60	94	45	78	77	93	2	18	95	30	42	35	20	43	19	12	94	78	27	62	55	32	22	91	22	46	7	79	18	79	23	34	96	27	54	43	59	55	60	21	-1	92	16	91	52	78	64	7	75	83	98	74	35	99	82	58	30	1	21	71	17	64	50	97	2	7	97	33	3	28	74	43	43	6	85	28	34	45	53	45	71	
10	71	12	59	23	57	13	49	44	10	84	24	67	55	13	45	33	39	80	61	93	19	46	29	36	33	55	72	66	33	45	61	92	84	1	74	98	37	9	84	72	86	26	12	83	20	55	97	93	93	21	63	21	80	45	39	87	34	35	32	-1	8	97	32	25	44	38	37	24	85	30	45	59	76	95	13	97	25	28	23	83	40	15	18	51	1	84	100	89	71	10	67	80	96	23	48	95	63	7	13	
89	4	41	5	45	89	31	58	94	65	63	38	11	41	6	62	6	80	44	83	46	75	60	45	53	45	61	18	91	49	49	51	84	30	97	53	40	18	66	71	29	94	98	26	76	33	78	45	48	63	6	86	67	27	93	100	23	28	15	14	16	-1	77	32	77	30	96	95	5	90	44	46	34	56	1	4	4	96	27	17	23	65	77	77	13	92	61	64	24	65	45	83	93	32	28	98	81	16	25	18	
25	32	22	1	53	4	25	14	37	37	76	61	52	12	43	57	88	49	50	5	45	61	79	99	25	49	93	73	17	67	66	50	58	86	13	35	42	37	67	86	67	56	39	85	20	50	37	11	79	18	13	28	19	25	11	19	64	32	100	57	7	46	-1	90	99	98	23	89	30	3	55	83	42	24	93	53	49	47	80	58	62	39	35	72	22	74	10	76	25	44	32	23	96	5	52	58	74	22	9	57	
16	50	29	88	98	18	43	22	22	53	32	99	95	70	19	23	54	31	36	99	35	51	55	4	48	93	52	25	38	91	54	70	33	50	32	87	64	7	56	97	15	59	42	39	24	89	43	39	37	12	63	32	21	52	91	95	48	93	19	1	19	79	91	-1	51	31	78	8	39	14	34	30	31	21	43	20	19	91	29	35	96	93	6	18	13	53	62	85	57	13	20	61	19	74	44	76	33	40	36	37	
1	47	55	86	55	42	26	72	66	32	5	75	81	24	34	67	41	97	47	33	22	30	90	22	37	54	56	81	56	99	63	67	80	60	9	100	74	60	89	79	69	13	80	94	87	78	78	44	6	44	86	87	65	7	51	50	39	3	41	97	31	29	59	18	-1	77	8	18	96	95	67	10	25	72	92	36	14	13	77	60	18	53	83	43	83	98	89	15	28	28	62	34	6	78	93	24	45	83	43	85	
57	7	33	7	94	42	92	32	5	68	91	94	65	17	29	62	76	79	70	30	77	69	34	23	38	94	31	26	73	15	77	98	81	34	8	54	42	4	94	47	60	31	4	66	60	95	58	71	79	1	56	40	89	18	79	7	14	47	99	98	34	77	87	26	54	-1	7	52	65	60	9	77	7	59	27	70	54	52	34	74	46	52	71	27	90	56	82	25	72	37	12	26	2	56	32	40	83	17	66	35	
15	77	93	77	23	66	84	95	8	58	79	14	80	47	95	14	54	42	65	57	53	1	38	55	35	43	1	1	70	61	29	43	48	58	26	63	83	100	37	94	7	96	94	5	11	64	93	85	9	46	60	22	30	84	16	42	61	98	95	28	3	100	45	35	3	4	-1	90	61	95	66	98	28	95	22	2	67	64	26	22	92	28	37	83	97	3	15	43	84	41	30	15	75	47	32	81	84	22	54	33	
98	16	20	21	68	16	98	83	21	12	43	82	32	17	23	73	17	17	82	59	60	33	15	20	90	80	43	3	9	44	47	56	87	16	10	59	62	14	51	10	78	41	41	12	76	50	12	31	82	34	53	39	90	67	37	27	83	100	3	55	70	73	94	55	46	48	64	-1	15	38	65	12	75	11	89	37	93	8	61	16	8	20	67	88	40	43	97	76	8	60	49	36	86	75	14	76	9	78	48	66	
27	37	9	86	65	90	74	99	76	61	24	83	53	84	9	94	53	94	49	55	62	85	89	24	24	77	33	77	63	87	37	55	43	42	18	77	57	45	98	14	26	6	6	100	66	57	70	73	46	35	46	96	9	52	94	30	64	39	3	17	12	38	45	52	84	82	1	60	-1	83	67	44	23	10	95	6	20	10	83	39	3	93	35	8	93	62	19	90	69	78	2	88	51	13	54	90	69	10	95	92	
13	66	77	43	55	37	28	94	3	34	71	61	25	44	37	91	75	89	1	84	14	16	84	89	41	13	55	70	2	92	67	96	18	22	54	13	56	91	46	1	9	45	52	23	58	87	65	78	41	85	79	64	89	27	19	4	81	81	58	99	34	39	30	18	24	56	42	49	58	-1	95	68	59	1	11	22	96	16	19	23	91	29	67	24	70	69	42	15	31	72	77	38	8	35	34	22	88	87	64	46	
31	19	14	27	64	17	54	6	2	25	76	24	82	9	75	4	22	88	95	58	32	14	88	99	72	91	34	65	44	31	65	96	55	41	87	66	12	23	52	55	44	2	5	59	29	58	8	84	88	24	26	14	37	14	86	73	57	15	38	23	49	84	4	86	29	54	59	5	99	96	-1	45	81	42	15	54	33	85	88	22	18	88	50	20	62	73	14	41	89	2	35	51	34	2	5	48	8	49	68	49	
76	18	12	58	60	60	88	53	92	62	47	63	64	22	22	33	55	99	92	38	35	67	31	53	24	1	99	22	41	88	84	86	92	95	83	47	29	17	60	64	31	8	87	68	66	74	48	28	60	77	97	28	61	28	38	63	88	9	66	42	65	4	21	1	40	55	60	51	83	48	61	-1	31	51	36	95	31	99	9	24	78	53	62	45	81	77	73	13	41	71	86	82	15	52	38	85	39	88	23	28	
2	83	62	5	99	70	56	28	4	67	73	33	26	27	78	91	25	26	42	96	57	60	28	87	1	71	11	66	48	81	21	79	62	16	60	61	23	15	46	50	31	70	32	76	61	81	49	29	13	40	23	15	16	55	27	60	25	49	93	45	83	42	39	69	40	30	18	49	100	90	80	57	-1	75	33	96	41	7	27	95	49	21	16	53	18	5	100	43	18	31	78	6	18	41	71	95	62	79	1	100	
76	66	80	68	49	28	11	95	72	31	21	4	16	48	45	50	5	78	52	32	14	86	11	52	73	93	17	79	89	5	70	83	4	96	11	16	29	3	52	35	61	41	68	60	98	87	80	83	95	31	10	18	33	19	59	81	77	52	3	42	20	38	100	57	79	43	58	30	7	40	37	46	23	-1	86	79	52	31	85	99	37	97	69	87	89	70	10	98	28	92	33	97	67	25	55	87	100	34	62	38	
17	21	98	100	35	28	22	78	26	55	15	12	10	71	72	5	2	20	2	33	40	92	65	48	72	13	24	88	34	89	54	81	45	88	66	80	57	26	44	38	67	45	40	23	52	29	91	34	7	78	91	59	51	42	48	47	40	96	36	86	1	52	59	94	86	23	51	2	54	26	57	70	92	82	-1	45	62	58	70	51	54	94	13	34	36	8	94	53	30	51	85	72	25	51	14	20	62	40	12	90	
92	13	55	37	2	79	14	41	23	75	16	87	87	77	29	43	84	39	15	65	13	85	34	7	82	94	89	93	16	43	77	38	65	70	95	3	71	42	29	98	93	33	5	40	39	42	2	21	88	88	99	35	89	90	29	2	55	81	7	39	96	59	11	12	38	13	76	79	24	59	47	73	89	75	62	-1	57	90	3	39	61	23	19	52	28	29	10	95	12	43	12	57	26	90	56	42	52	14	10	19	
66	89	44	59	16	54	61	99	27	62	78	90	82	62	72	71	47	50	22	56	82	3	7	74	97	63	30	2	17	33	46	64	4	39	4	62	99	92	67	48	46	97	78	37	93	35	7	8	1	42	68	11	48	89	66	20	1	90	46	59	32	55	51	3	40	89	83	88	54	71	17	28	85	74	51	33	-1	58	8	65	63	10	15	57	26	33	48	69	5	61	91	30	84	4	77	42	48	95	67	53	
37	67	88	51	76	52	54	9	34	100	1	100	91	29	53	30	3	22	89	16	26	10	35	47	86	38	82	52	98	64	46	89	13	53	30	25	52	69	40	60	99	99	33	53	69	58	46	93	83	22	14	87	35	52	97	22	42	57	86	91	38	16	76	65	91	10	50	43	32	57	84	84	58	61	48	13	93	-1	38	72	52	6	30	58	10	4	98	65	13	65	78	66	56	8	62	87	53	49	34	27	
93	48	51	79	53	77	79	54	14	75	81	15	9	20	1	78	97	57	1	40	82	74	9	93	92	32	51	19	19	33	75	33	44	84	89	31	43	25	40	88	10	19	74	69	38	72	48	32	9	69	88	33	16	87	13	67	58	54	75	59	36	60	6	40	46	7	19	90	62	38	85	44	68	13	14	76	38	48	-1	7	35	88	6	27	68	38	98	10	81	97	5	65	67	4	49	26	9	68	78	62	
52	46	28	49	49	39	28	1	23	76	2	5	63	60	50	92	78	38	29	82	26	67	2	94	19	23	26	56	35	59	73	14	92	36	2	54	88	21	29	10	39	22	27	90	93	63	38	33	10	3	13	94	50	43	85	41	36	30	49	79	2	50	88	42	58	66	46	84	11	29	60	93	67	39	83	75	88	23	25	-1	2	88	85	14	77	65	45	10	27	81	19	48	61	59	56	70	22	82	5	42	
8	57	95	57	7	59	27	33	56	44	43	57	100	80	36	35	45	80	13	53	11	30	56	21	98	49	39	93	40	73	58	43	58	35	31	40	16	48	14	15	88	54	78	28	95	99	8	49	74	62	67	46	30	72	3	4	7	76	46	11	18	14	56	8	85	40	97	80	91	76	32	63	20	100	30	87	66	40	49	33	-1	29	40	75	68	60	70	58	71	32	40	68	65	20	5	30	31	34	100	5	
6	45	65	73	18	56	65	54	70	29	36	43	29	66	73	25	60	80	68	80	28	36	34	51	51	87	86	82	6	4	3	15	62	97	47	34	24	55	54	14	33	46	70	71	21	96	45	49	42	83	23	28	89	44	13	54	85	31	14	7	71	56	66	35	84	76	1	5	60	69	73	62	83	82	34	11	27	59	72	31	58	-1	64	66	64	100	3	30	49	2	71	85	100	60	6	68	90	88	82	79	
79	44	75	49	30	82	44	32	76	1	81	95	4	3	63	41	43	46	18	60	28	55	35	9	27	77	57	82	86	13	22	85	81	62	41	79	66	12	46	81	47	1	79	17	14	27	26	40	57	82	17	11	64	88	24	8	11	68	41	74	76	53	12	96	65	67	54	45	66	6	76	8	62	89	32	38	90	96	3	28	62	34	-1	51	83	43	61	46	49	48	11	48	74	69	18	10	35	21	55	63	
65	42	88	63	17	3	93	38	83	13	67	22	20	10	60	96	73	2	54	85	41	62	56	51	6	15	9	77	70	3	54	7	51	59	61	11	25	40	83	85	75	9	16	48	5	25	57	89	40	29	3	96	74	78	53	57	20	84	73	52	14	65	95	15	38	23	91	95	95	83	62	22	94	24	34	93	50	23	61	86	32	57	59	-1	43	50	18	59	56	66	27	52	12	58	58	48	39	94	95	20	
100	31	3	69	21	21	81	39	100	3	93	8	66	34	36	63	63	13	71	97	64	51	43	68	76	38	33	83	90	79	52	17	49	85	40	49	77	59	55	97	30	56	49	69	6	53	68	43	36	86	93	97	90	12	18	66	70	66	76	9	69	50	48	2	43	54	29	46	43	76	72	29	74	46	8	22	98	57	99	79	13	5	37	57	-1	65	44	47	10	94	71	66	69	31	58	57	47	54	46	76	
12	94	1	3	75	73	84	19	13	97	47	95	34	86	82	21	10	79	43	78	84	22	20	87	13	28	79	2	79	93	43	80	30	99	88	36	63	2	66	28	59	79	14	67	98	25	42	99	60	41	62	75	92	67	62	83	91	34	57	18	12	16	11	77	26	82	60	75	72	46	61	85	76	81	14	10	9	100	56	85	83	57	15	14	21	-1	19	92	70	57	75	25	27	76	84	25	67	22	90	26	
40	36	33	52	64	55	95	60	70	92	95	36	29	55	87	49	23	16	74	78	56	1	39	47	32	24	97	37	15	83	63	28	99	73	26	31	47	22	100	99	74	59	99	74	14	55	15	65	46	41	68	36	22	16	7	13	13	95	66	80	51	4	98	37	36	92	33	71	41	3	73	35	62	42	39	75	19	68	15	33	75	12	44	63	42	97	-1	79	45	74	47	40	29	72	23	83	81	52	48	67	
54	90	31	9	100	94	60	21	55	58	14	54	12	83	29	54	30	57	82	46	22	63	58	42	73	75	11	93	21	93	59	84	11	34	74	97	59	74	50	54	72	42	81	22	94	60	84	87	53	76	37	92	53	76	61	37	74	54	75	65	8	92	19	80	43	81	36	49	99	26	5	88	64	83	29	32	28	79	16	79	61	37	67	59	76	29	72	-1	97	14	2	24	90	95	30	50	53	72	3	24	
100	73	22	34	51	82	89	53	87	93	93	22	33	61	14	84	76	89	51	63	65	45	12	42	17	52	33	54	18	25	4	83	74	59	15	36	75	87	36	54	15	65	40	82	98	69	77	100	66	52	84	26	29	1	43	12	22	89	47	23	57	75	56	26	92	32	7	62	30	49	32	32	38	77	38	100	93	18	96	94	75	88	57	68	83	60	50	20	-1	100	69	98	71	26	8	27	70	26	61	15	
15	67	23	18	27	30	60	22	63	47	47	6	87	3	45	47	55	92	13	91	56	8	89	96	61	59	22	53	70	75	76	44	84	72	66	64	47	23	6	75	76	27	8	74	68	79	67	76	37	67	61	53	81	21	68	32	76	25	57	67	81	28	68	4	81	6	56	75	4	10	68	31	72	78	66	2	27	55	95	22	83	22	15	92	91	12	26	14	21	-1	75	100	35	62	97	25	65	2	4	8	
56	77	71	93	37	93	16	28	21	24	70	96	3	84	77	99	92	18	72	40	62	88	58	47	90	78	85	96	6	95	10	86	41	19	45	57	57	7	64	82	63	25	57	98	29	82	65	18	73	65	18	17	83	85	73	42	97	25	20	87	22	99	42	31	100	50	60	32	71	4	86	92	92	64	39	57	51	39	90	14	19	6	93	25	31	75	50	6	82	75	-1	55	73	95	67	22	98	63	62	6	
83	39	54	56	35	4	79	29	94	72	72	27	50	46	47	62	60	42	43	33	69	79	100	62	83	48	43	82	47	100	14	88	69	73	19	51	66	59	8	98	89	46	17	96	27	2	69	13	47	66	26	71	78	11	39	76	47	61	55	95	91	41	36	45	15	65	9	58	18	86	95	7	80	40	62	91	27	3	20	25	73	72	77	56	18	73	73	86	20	26	19	-1	72	80	16	30	67	67	91	93	
71	33	43	22	40	73	70	46	9	9	29	83	71	83	76	7	83	91	59	82	39	51	15	2	35	17	56	29	70	40	75	22	90	1	23	72	8	31	68	3	25	77	25	48	42	87	10	47	57	40	24	18	40	19	20	93	9	7	89	9	59	71	58	2	24	90	83	28	44	47	50	43	85	48	69	5	59	55	23	76	57	90	60	37	84	64	13	69	96	8	75	45	-1	66	94	26	91	89	42	77	
15	3	39	44	35	13	81	39	83	97	19	9	63	36	72	23	94	56	86	14	19	40	51	74	83	10	8	53	2	40	51	31	93	34	25	99	67	2	16	9	78	53	5	50	32	86	34	33	51	68	50	95	62	21	49	10	5	72	33	89	99	42	17	63	21	76	49	73	46	56	2	21	25	55	35	36	23	74	32	78	38	83	11	9	29	61	57	11	96	51	90	40	34	-1	30	50	95	69	90	13	
11	2	86	66	18	26	46	25	49	64	76	35	10	88	62	89	90	75	27	75	29	12	8	58	88	78	17	44	78	67	64	20	74	77	41	84	67	23	66	85	44	2	5	90	50	73	84	65	87	41	21	15	25	77	26	13	35	89	54	34	96	24	73	27	100	8	12	5	46	25	44	21	64	7	85	54	12	64	90	46	69	19	56	34	81	54	46	23	28	77	2	1	32	12	-1	85	60	83	47	32	
91	22	44	32	100	99	97	11	97	45	38	75	36	83	57	15	67	54	72	32	89	67	39	93	36	4	11	25	1	61	34	40	85	67	32	41	51	56	81	20	1	2	8	92	68	24	19	94	94	97	36	7	35	32	95	34	75	91	1	41	65	24	96	17	36	13	72	36	65	55	50	24	58	93	24	53	33	42	60	59	40	92	12	15	47	19	44	74	2	9	33	40	89	7	11	-1	15	78	64	90	
45	58	100	22	73	38	100	70	93	19	32	17	16	40	25	76	94	43	72	80	32	42	34	60	19	43	98	45	29	50	84	40	79	10	79	59	26	91	34	36	1	43	1	50	81	74	43	74	37	98	19	9	41	98	15	6	98	90	64	83	28	73	73	55	46	30	92	50	17	9	6	81	96	80	47	39	43	3	97	48	63	52	4	64	68	23	26	99	88	55	59	64	87	77	63	31	-1	76	53	23	
99	19	98	26	32	83	38	9	48	29	30	65	19	46	38	51	93	90	8	76	35	89	57	14	82	55	40	83	3	22	12	73	2	11	8	5	54	93	81	79	28	13	3	62	39	18	83	68	32	26	93	9	13	30	44	45	79	23	50	95	45	94	62	56	35	82	66	47	83	47	74	65	52	68	82	32	96	36	12	12	68	34	94	66	3	27	24	84	88	56	69	61	27	96	91	37	97	-1	27	45	
96	54	56	4	88	45	48	72	19	86	80	39	53	46	11	8	85	79	19	2	12	93	26	11	7	98	52	15	97	41	15	96	88	45	89	24	86	48	77	56	67	100	53	14	81	26	31	74	72	14	71	77	55	98	8	64	27	2	45	11	62	71	57	15	63	30	42	44	80	96	55	63	84	8	52	9	98	24	42	8	97	55	71	74	26	27	58	26	11	23	15	82	14	47	2	42	25	58	-1	62	
42	70	4	20	96	10	76	28	58	90	8	63	43	98	84	65	15	85	91	70	43	17	16	59	60	7	13	42	62	42	45	58	18	45	75	87	39	53	45	90	59	91	98	23	49	42	87	56	18	77	88	9	7	68	38	33	9	23	64	8	6	50	79	93	2	3	2	78	56	85	86	5	72	87	69	58	17	33	17	70	27	24	32	18	48	51	81	48	82	17	21	73	14	50	16	92	20	94	25	-1	
