100
-1	48	100	33	66	72	56	43	39	62	80	36	91	100	3	61	31	50	64	11	23	3	30	36	7	98	31	46	39	91	66	8	26	86	46	40	11	66	76	21	19	70	31	3	46	84	86	11	86	39	45	51	88	55	54	41	84	93	75	99	16	41	11	55	23	59	33	84	39	81	61	60	40	83	82	11	55	38	86	53	88	79	28	7	38	91	28	80	39	19	30	53	10	5	24	29	63	91	13	95	
72	-1	45	45	85	22	30	80	46	58	75	94	34	36	26	80	40	15	96	28	56	42	77	40	2	3	65	53	51	50	32	35	95	48	65	76	50	25	26	65	39	42	15	78	41	39	21	94	24	56	93	70	8	70	97	46	21	93	42	90	67	56	83	6	14	28	49	41	76	76	12	10	74	20	81	86	92	1	100	24	17	81	47	51	74	71	67	80	66	69	67	4	98	56	47	30	34	92	86	76	
84	40	-1	20	41	82	56	41	11	34	70	86	92	57	62	33	47	89	93	94	4	9	71	41	42	57	31	38	4	53	39	100	93	92	18	37	57	77	34	36	88	15	25	96	41	2	90	28	72	21	55	15	8	73	27	11	64	58	65	68	23	17	23	26	53	86	48	75	7	22	58	46	66	51	52	1	44	87	14	88	92	74	47	18	11	28	16	27	7	83	74	74	39	89	14	37	23	48	2	8	
77	61	15	-1	94	72	18	69	66	72	100	98	40	50	12	27	54	26	62	39	49	54	74	82	80	36	45	73	49	83	96	94	25	74	90	50	41	10	96	1	10	85	40	62	85	30	68	92	27	59	41	81	42	97	77	48	69	91	44	12	49	94	77	66	81	39	49	27	58	28	30	8	78	76	61	78	66	65	72	6	34	49	82	15	46	9	3	65	46	75	64	62	1	58	38	39	14	70	67	94	
54	23	94	53	-1	74	31	30	70	100	98	21	36	63	89	53	68	8	4	60	65	42	57	28	9	74	26	61	97	92	29	82	55	49	98	29	38	21	65	27	17	42	50	79	56	89	9	2	19	17	81	88	52	46	64	44	91	12	87	21	32	36	40	83	29	98	69	80	29	4	19	53	84	25	51	39	4	17	92	94	31	100	9	62	94	70	52	33	65	34	83	98	68	30	85	79	62	69	69	49	
67	94	31	18	87	-1	52	47	95	61	3	22	7	25	62	74	20	66	13	5	33	43	97	29	100	100	41	47	20	80	99	33	10	28	92	32	19	66	36	94	73	71	98	76	7	5	11	3	70	46	71	4	65	89	68	86	3	62	98	95	80	32	72	49	65	92	85	50	100	45	97	22	64	54	42	89	100	31	30	73	46	48	62	24	65	54	20	92	15	56	88	34	9	85	72	78	88	70	18	6	
58	31	62	13	59	29	-1	32	97	84	79	11	98	17	21	91	97	50	8	65	66	76	87	52	61	77	29	61	95	78	20	26	83	99	25	96	54	80	85	56	93	66	80	19	80	19	84	56	24	22	73	26	69	91	94	25	100	31	2	10	52	70	92	6	25	48	43	42	14	50	18	93	32	69	20	94	23	20	31	81	28	63	62	31	75	98	27	96	37	6	69	57	14	98	79	74	5	82	53	49	
72	89	88	80	98	71	1	-1	47	82	85	52	46	29	71	3	81	35	34	64	81	54	16	6	22	88	61	9	37	58	88	47	73	52	17	31	8	35	91	48	67	21	80	77	18	76	60	79	20	45	68	22	51	26	24	85	62	62	23	13	28	44	37	1	9	23	18	47	62	20	69	72	45	48	3	72	93	44	61	60	63	14	34	57	34	58	78	22	9	100	48	93	70	56	19	42	61	31	76	43	
49	52	25	35	86	52	48	37	-1	56	5	85	68	71	29	34	93	20	49	38	92	98	79	32	83	8	77	69	87	74	3	43	60	70	28	27	87	30	64	81	82	15	24	26	12	40	18	99	22	50	59	16	20	10	86	71	60	82	87	39	40	100	72	67	78	45	71	63	65	60	60	93	45	69	64	27	88	41	58	28	43	59	76	4	23	32	22	58	32	83	63	97	53	98	56	28	45	21	69	65	
57	33	64	11	40	43	77	48	43	-1	54	36	19	53	73	85	11	94	57	29	83	46	99	3	59	37	1	14	6	45	3	34	17	75	12	41	29	81	80	47	29	15	32	84	99	92	72	61	59	24	53	97	75	20	71	10	25	86	48	82	50	33	50	43	84	47	70	2	70	53	89	55	94	22	71	78	100	64	97	12	25	84	95	94	91	72	67	73	75	82	88	77	66	34	47	31	80	52	18	72	
26	75	30	72	47	41	70	75	14	13	-1	12	7	62	65	64	62	85	91	42	14	41	58	77	26	68	76	37	98	3	63	41	82	17	9	22	67	12	32	6	38	33	50	72	73	40	12	51	27	15	5	13	80	67	70	74	33	98	23	53	5	95	32	66	12	99	45	73	2	26	11	58	80	85	24	86	35	49	25	84	57	99	74	15	15	81	57	16	83	30	75	19	3	22	3	94	54	60	80	20	
68	39	41	87	56	26	55	57	43	55	88	-1	69	30	59	29	13	60	96	49	14	71	70	35	14	44	90	36	33	41	84	18	51	50	20	48	53	66	12	31	46	47	12	4	84	4	14	76	59	10	34	56	85	1	60	44	10	73	61	78	30	88	92	59	49	62	54	2	63	90	68	12	68	86	51	67	13	82	79	49	96	29	73	15	88	26	71	79	37	93	74	98	42	20	66	10	19	47	39	96	
25	17	12	89	64	65	87	51	49	45	8	25	-1	92	74	35	10	52	8	39	17	12	72	21	16	64	71	55	49	25	73	25	46	96	50	65	96	66	47	22	57	60	84	48	48	5	92	62	49	52	22	36	77	14	7	73	72	33	91	76	54	18	72	75	15	32	1	48	67	61	24	35	64	85	35	47	65	84	31	40	23	1	85	94	46	9	52	88	94	28	72	75	74	10	5	68	25	100	95	43	
39	30	53	86	14	4	47	53	62	68	32	75	13	-1	87	63	49	75	53	62	33	30	98	16	34	29	70	92	34	14	77	35	36	52	8	80	23	94	43	14	10	25	87	62	18	51	1	95	1	61	31	78	96	43	71	9	95	74	22	15	16	7	75	33	73	85	56	84	6	15	27	6	98	43	61	17	73	21	48	70	82	96	15	46	45	54	78	75	72	67	81	52	42	52	17	18	40	84	25	2	
11	38	27	39	94	12	35	90	24	99	35	50	24	80	-1	100	33	65	3	59	84	40	38	56	42	20	44	31	25	16	31	24	68	31	47	21	76	72	27	44	99	3	73	47	13	88	49	6	71	86	50	96	90	43	16	42	18	74	37	22	2	13	47	52	77	4	45	57	85	9	22	82	59	94	54	39	47	72	38	79	17	61	6	42	52	53	5	96	43	44	69	34	77	75	56	30	17	55	86	96	
86	14	99	30	79	93	11	76	50	1	56	52	58	51	5	-1	60	43	78	41	93	37	86	97	50	87	82	81	42	41	57	80	70	40	89	31	31	29	16	24	29	32	40	15	20	78	70	29	52	14	58	31	38	52	72	33	63	15	42	88	55	60	96	56	18	54	44	94	46	76	55	1	79	49	43	95	97	18	16	87	94	93	65	20	23	37	22	41	4	90	99	39	98	82	10	94	53	44	45	100	
66	44	59	30	42	67	72	48	23	49	63	67	3	88	99	57	-1	99	31	5	4	82	83	57	39	58	76	49	30	30	43	34	96	1	90	86	22	81	32	50	57	95	39	73	48	39	52	100	55	39	2	71	60	9	78	60	60	44	37	51	51	42	90	42	72	55	29	45	74	29	68	97	84	37	81	88	64	65	80	68	5	42	15	90	99	40	71	44	74	87	25	62	99	92	69	72	78	89	73	97	
38	25	73	4	51	92	30	34	61	85	80	71	94	97	61	76	66	-1	35	35	82	28	48	93	20	68	89	80	90	7	87	95	12	82	22	61	25	23	97	38	82	80	49	73	42	81	83	60	63	21	31	89	76	3	39	88	68	71	85	64	31	86	56	62	48	30	40	23	79	99	11	50	24	77	75	22	11	63	69	61	61	15	4	61	63	52	67	86	6	8	67	40	23	49	29	2	12	58	74	28	
18	49	19	5	64	96	91	4	44	8	19	7	4	86	37	28	44	24	-1	93	91	14	34	36	9	98	94	61	72	55	61	64	55	26	79	29	71	22	100	98	37	3	16	48	34	35	20	55	41	86	14	4	36	84	55	95	78	84	27	65	59	83	56	19	96	87	30	72	12	34	39	71	91	18	59	33	43	82	94	22	64	88	49	77	48	28	65	57	3	77	86	80	7	79	11	27	23	49	14	68	
85	20	83	95	5	16	80	37	93	88	4	77	74	48	56	79	48	6	41	-1	41	48	6	15	67	92	11	82	43	81	93	47	2	77	12	53	58	4	56	56	21	8	79	97	32	58	65	4	71	86	94	19	8	94	93	28	10	83	31	76	36	65	33	81	74	1	94	61	91	19	32	71	28	68	62	11	8	12	99	29	32	8	49	83	93	60	31	76	52	11	35	91	13	11	46	35	79	99	99	66	
99	30	67	41	99	90	93	64	33	48	81	71	3	86	9	4	69	46	81	42	-1	94	37	7	5	19	36	13	2	2	41	73	53	25	58	53	54	93	9	81	33	6	87	37	74	16	55	63	43	88	33	61	51	91	12	75	87	46	67	76	10	18	27	13	91	26	69	78	2	31	62	44	78	36	28	94	13	22	75	52	44	37	76	29	95	24	52	19	25	53	8	77	55	28	15	32	34	58	46	30	
76	89	11	87	47	6	84	44	74	2	38	26	39	13	11	39	70	100	1	68	26	-1	45	44	58	5	56	27	56	55	56	10	97	9	66	46	62	39	73	42	12	75	23	97	23	80	19	15	77	39	12	64	64	52	97	34	61	63	13	47	31	17	60	63	63	69	55	55	38	44	33	70	52	68	78	98	94	3	36	15	30	39	15	40	100	81	25	54	57	3	72	17	48	2	87	20	49	56	3	16	
97	100	57	80	89	83	18	16	2	35	47	11	45	11	87	57	85	14	59	21	18	35	-1	96	11	15	76	25	37	37	13	15	71	41	68	57	61	43	47	16	20	1	17	45	20	44	25	25	4	78	39	25	62	47	72	70	28	55	28	69	19	44	14	54	92	84	28	86	84	35	55	36	76	54	49	98	96	74	93	23	100	14	28	99	21	82	61	69	97	42	30	24	45	19	73	41	9	56	79	68	
93	15	76	69	75	41	47	45	14	15	65	29	21	51	72	26	46	58	60	30	9	63	10	-1	2	75	40	39	20	48	4	7	6	13	5	82	92	6	26	15	67	19	83	23	82	44	60	20	94	6	75	19	76	48	90	47	86	14	25	64	58	97	55	18	5	15	19	13	8	84	85	8	87	5	54	56	79	68	60	36	30	4	34	68	88	94	75	10	100	9	49	71	47	38	23	37	81	11	7	12	
78	85	14	71	66	43	77	53	76	89	21	72	70	65	65	33	74	88	86	16	13	88	23	18	-1	5	17	99	44	89	94	84	61	21	49	89	100	7	50	26	7	48	35	58	68	56	15	1	78	61	65	75	7	97	56	93	99	1	37	59	70	25	67	97	74	10	41	34	43	55	52	78	17	63	23	7	16	70	1	6	9	38	90	7	71	99	96	66	47	70	99	95	69	26	14	60	40	13	24	26	
4	94	55	9	81	82	68	16	59	4	8	41	60	48	21	64	26	8	68	50	62	98	97	11	75	-1	36	59	84	15	17	87	51	70	15	43	92	69	89	79	49	62	87	70	32	41	60	13	11	34	51	80	85	83	61	58	99	49	38	75	45	22	70	80	50	51	50	10	33	19	23	27	86	77	58	30	77	94	33	47	29	48	65	49	11	84	32	27	95	67	25	77	55	27	9	49	12	77	72	30	
38	76	81	76	24	76	30	44	98	35	16	65	44	72	25	70	32	75	3	22	88	29	96	62	22	28	-1	98	70	3	93	29	23	45	83	18	86	73	15	55	77	57	14	16	6	70	34	84	84	52	5	89	82	12	82	92	33	54	26	20	41	13	2	72	15	24	90	15	14	62	37	60	8	40	18	31	2	66	42	98	42	7	22	99	75	52	100	25	42	56	61	84	96	41	26	66	16	42	15	40	
7	32	7	78	61	73	70	14	81	39	27	66	8	33	46	64	66	77	5	50	49	2	73	26	58	2	39	-1	79	9	35	47	20	45	41	9	84	36	43	31	79	100	51	43	93	90	63	69	73	46	33	6	27	63	29	41	1	48	66	34	18	95	70	10	39	33	31	11	95	46	38	97	94	75	73	24	58	9	63	82	5	35	22	35	61	3	74	47	57	13	12	27	99	81	45	32	39	6	24	5	
99	82	10	100	86	84	61	63	82	60	98	14	65	82	23	39	60	29	39	41	99	61	72	50	83	19	59	45	-1	17	56	26	99	91	45	79	75	72	1	55	35	60	87	33	33	81	30	99	56	7	18	26	12	59	33	90	23	66	9	8	48	100	12	56	56	43	50	61	64	28	93	7	38	25	11	30	7	100	15	96	8	27	89	1	47	20	23	62	53	19	60	88	46	30	21	85	57	32	21	40	
41	17	25	53	22	21	63	87	76	34	38	73	72	52	38	98	44	95	62	32	2	55	27	96	79	11	99	99	74	-1	78	62	32	83	63	87	13	56	63	55	95	11	49	25	42	40	53	42	47	97	83	3	92	80	93	75	90	91	8	86	65	27	72	86	49	41	43	98	87	96	8	40	50	29	66	99	95	63	42	88	82	8	77	32	86	19	62	83	63	94	37	19	99	23	47	88	76	65	65	39	
91	18	19	85	75	74	36	9	72	11	40	40	62	79	93	56	3	41	94	71	7	39	73	61	1	28	78	4	19	77	-1	20	52	25	18	1	2	96	34	93	1	29	2	75	11	83	82	2	51	17	85	32	7	47	80	84	73	19	52	10	51	27	3	61	40	2	11	33	79	4	29	33	14	74	45	46	51	41	95	36	18	49	6	56	4	5	3	28	42	82	32	67	88	9	33	96	35	52	34	68	
85	55	82	9	16	27	68	30	63	60	97	16	84	72	85	60	17	71	69	82	80	36	88	76	56	7	36	92	98	21	39	-1	97	99	1	55	65	72	24	87	42	24	100	35	86	9	4	22	69	14	31	73	57	67	10	27	42	1	31	75	5	16	3	70	57	78	98	10	32	69	54	33	39	56	85	62	81	42	83	65	90	8	39	49	43	8	12	79	72	21	20	56	16	37	76	55	20	88	99	16	
2	96	15	28	84	26	71	34	94	66	92	21	1	57	14	63	28	34	39	22	50	87	45	85	97	42	31	73	1	12	54	8	-1	25	31	93	78	83	46	83	42	77	21	30	80	18	32	40	88	57	73	29	89	38	20	48	7	43	34	75	93	57	7	48	28	71	16	86	44	77	41	71	48	1	44	15	52	70	42	100	32	30	50	40	68	66	47	64	98	39	13	34	3	15	43	97	50	36	23	12	
6	56	78	92	82	66	98	10	70	56	17	44	39	38	80	46	31	70	40	97	78	96	75	47	43	16	35	50	55	9	14	97	63	-1	44	69	31	13	93	11	31	82	50	24	19	57	30	75	1	5	67	55	47	30	15	45	2	73	99	7	21	91	65	51	91	1	40	75	38	45	94	35	6	59	65	48	73	69	45	44	76	35	77	53	18	12	19	6	35	73	21	64	56	78	74	21	21	26	21	63	
99	18	40	55	79	59	91	12	18	96	80	54	91	21	27	45	74	14	57	39	34	42	70	21	34	72	25	73	99	63	35	13	61	76	-1	92	78	46	56	24	88	67	30	22	69	81	47	17	48	15	33	69	83	99	1	13	6	98	96	4	50	16	92	100	54	7	66	65	13	83	47	100	92	62	63	48	45	32	21	61	61	38	1	18	42	14	22	58	55	94	48	83	92	50	76	83	53	83	5	4	
91	14	16	94	53	12	59	30	71	75	67	36	60	41	17	57	80	48	33	50	21	29	90	58	32	92	37	18	26	4	45	73	72	79	30	-1	26	74	93	17	23	58	26	96	69	33	17	23	29	22	47	9	13	96	11	58	83	64	14	77	50	34	14	10	27	48	39	47	53	7	14	6	12	19	18	5	90	13	31	89	71	55	76	20	75	54	48	90	73	46	5	21	98	47	89	92	82	36	60	73	
75	13	45	35	4	89	29	14	71	75	73	96	74	27	16	48	2	13	44	93	62	30	71	81	51	84	41	54	8	47	68	73	63	99	28	41	-1	64	32	56	59	57	43	5	56	23	15	61	66	73	100	39	10	74	27	97	21	44	2	10	61	98	57	97	59	66	17	97	75	79	76	43	100	36	50	49	88	22	58	57	98	6	24	37	58	63	77	87	56	82	43	72	50	7	67	1	35	3	28	58	
84	94	78	51	44	31	39	31	78	70	20	94	23	57	35	38	17	34	84	26	28	12	22	99	22	8	40	46	52	3	75	78	51	81	17	90	56	-1	79	2	74	48	87	30	86	39	92	31	46	43	54	45	80	55	55	3	31	24	72	68	50	56	1	42	93	1	99	73	49	20	19	71	65	27	87	75	88	96	48	88	94	23	8	83	67	18	75	27	5	99	53	71	12	37	6	94	34	22	64	19	
5	40	36	95	58	11	3	75	8	99	8	56	16	87	47	54	17	77	71	9	91	94	31	30	48	44	34	5	3	78	53	22	13	4	50	30	8	32	-1	66	6	1	4	89	2	41	29	5	39	44	83	20	81	27	26	15	89	86	77	44	98	63	33	30	10	44	56	92	10	31	25	22	9	73	55	54	99	38	14	42	81	79	6	73	84	11	51	33	82	74	55	32	34	46	18	18	8	20	91	30	
85	79	64	15	88	11	15	69	4	66	46	79	16	65	68	55	37	13	25	36	11	72	88	72	91	12	74	98	99	44	26	13	10	68	91	10	1	83	70	-1	78	14	20	28	88	76	32	78	61	4	63	75	37	35	92	66	73	92	58	73	74	31	68	61	89	89	15	83	95	10	10	18	30	41	98	6	4	26	23	64	32	94	27	67	3	42	94	2	58	33	42	59	5	12	92	88	85	39	66	92	
49	98	58	20	81	3	91	22	16	18	62	9	48	62	4	31	91	17	18	64	85	95	93	44	43	11	100	46	2	83	34	65	44	81	76	16	62	70	58	25	-1	3	34	57	15	60	4	54	72	53	71	24	36	22	97	35	79	33	59	24	97	43	62	67	60	42	100	96	1	78	85	57	99	38	56	32	68	97	65	41	30	92	9	17	57	46	76	25	17	7	17	12	91	93	54	42	67	24	58	35	
25	72	5	79	100	17	55	59	77	58	100	57	12	72	65	51	20	37	6	53	46	20	35	28	93	72	57	1	47	69	55	87	90	33	97	12	51	23	99	94	38	-1	88	73	30	32	51	69	100	38	18	13	41	94	57	32	16	59	75	7	22	64	43	84	98	85	53	73	12	45	100	85	6	31	34	64	52	40	2	13	82	72	54	33	75	21	85	81	40	96	38	22	12	85	66	32	62	18	99	89	
31	14	81	36	13	55	53	62	47	53	64	79	67	77	80	8	45	27	37	24	77	98	39	96	10	48	23	15	57	48	11	50	58	26	26	73	52	32	40	66	71	27	-1	94	17	5	24	9	100	34	79	65	92	17	79	27	68	26	91	50	78	41	93	38	99	75	49	82	6	40	68	4	88	80	54	11	35	98	68	92	8	94	18	76	13	70	4	61	91	95	27	10	60	56	51	36	65	67	23	54	
13	75	24	53	21	63	61	53	99	61	22	22	49	41	16	75	76	26	29	7	28	89	32	88	93	93	43	68	46	83	91	38	98	7	80	6	64	38	14	20	11	58	50	-1	67	46	90	85	85	100	59	26	69	83	12	26	27	42	56	45	71	60	73	34	21	23	99	67	24	98	58	79	33	62	37	68	66	35	59	40	86	61	23	86	60	45	96	25	28	62	69	17	89	67	83	32	79	82	62	7	
6	45	44	61	40	73	94	80	100	100	91	31	56	68	56	58	4	40	45	20	83	69	100	2	4	33	27	73	49	98	30	70	93	79	75	67	40	59	73	9	92	34	35	12	-1	53	55	45	39	24	15	23	68	7	79	37	37	47	44	83	45	23	84	42	17	100	43	70	43	30	64	70	32	3	72	1	8	33	53	90	14	92	87	98	33	36	33	48	75	12	60	29	39	48	19	94	92	16	98	43	
99	62	60	93	45	36	67	66	11	73	19	11	58	82	54	66	79	71	66	49	54	44	83	43	52	33	7	94	95	37	15	41	21	6	80	34	64	68	78	6	85	45	7	40	26	-1	11	59	91	41	96	75	8	98	18	99	32	80	5	16	34	9	98	74	11	27	33	19	1	25	18	9	98	61	36	64	93	65	2	22	70	25	22	18	42	57	27	35	4	59	89	75	18	7	12	36	31	41	29	33	
51	83	44	12	80	44	66	99	34	72	53	44	61	37	86	17	45	61	30	32	67	93	29	39	38	81	62	72	12	89	11	7	54	48	43	16	61	74	9	14	11	67	68	68	94	54	-1	79	88	98	95	96	5	93	89	60	93	30	7	41	98	62	65	46	20	99	46	57	92	78	59	94	12	52	18	28	14	27	60	50	37	98	31	36	50	54	25	74	16	50	17	12	10	93	39	98	44	91	62	98	
60	2	11	12	82	2	17	17	19	18	35	7	6	88	93	35	75	86	15	56	16	99	27	52	45	78	41	85	16	81	27	53	49	36	45	5	14	55	75	62	58	90	2	45	59	95	61	-1	81	65	25	76	14	61	27	8	4	22	55	80	17	99	68	31	51	65	50	47	45	91	20	21	64	23	34	50	89	22	61	98	41	83	7	28	11	84	4	85	25	2	65	95	26	85	6	16	60	31	11	39	
25	25	22	8	30	47	4	71	14	21	13	90	20	37	33	58	72	40	44	66	11	91	44	68	37	27	58	7	23	40	19	78	29	53	35	1	77	8	55	65	93	3	22	71	97	48	33	63	-1	41	85	13	15	61	75	65	9	65	40	40	20	88	70	73	92	32	78	17	95	60	33	39	28	49	49	78	34	61	79	9	72	88	32	25	15	20	18	94	71	48	32	15	55	16	40	71	12	99	28	3	
97	76	23	76	32	67	66	20	22	3	6	23	83	8	92	10	36	3	26	69	10	15	7	65	32	35	83	44	40	53	59	16	2	61	24	14	12	22	86	36	33	28	50	73	96	51	1	79	32	-1	71	53	20	14	52	98	81	90	52	6	89	78	75	24	58	27	94	95	5	81	47	73	26	81	76	10	53	21	62	27	28	80	51	31	49	11	71	32	12	23	44	65	64	35	100	3	16	40	60	73	
65	83	30	20	10	3	62	62	25	96	36	95	96	76	84	98	87	64	40	98	12	77	66	92	98	19	57	2	90	65	50	4	6	98	50	78	57	91	78	95	48	71	66	96	13	100	50	12	29	74	-1	82	79	26	84	11	32	51	77	98	27	96	9	65	18	45	14	44	28	81	85	54	76	82	88	31	79	86	55	68	68	9	77	13	19	10	98	47	40	16	95	66	5	34	34	44	15	24	50	75	
44	47	81	27	81	50	36	4	55	3	30	99	79	18	45	6	90	41	58	81	84	47	55	26	33	52	54	36	13	56	31	92	32	71	94	44	35	10	34	76	32	73	97	42	32	20	90	93	29	69	87	-1	61	41	69	50	37	61	78	70	29	6	18	17	38	56	50	61	91	36	85	8	4	42	14	20	42	59	39	55	93	63	35	66	81	34	71	36	12	39	28	38	50	98	53	8	14	43	94	70	
24	99	63	16	96	18	63	79	46	72	67	89	19	84	92	59	66	99	40	77	22	11	27	97	3	39	100	36	7	44	33	61	48	13	65	91	51	47	8	6	79	60	96	80	38	9	75	50	23	49	95	72	-1	96	48	53	41	66	59	69	72	35	82	42	98	35	48	41	33	62	17	50	56	36	90	51	48	43	53	35	78	61	7	58	55	90	82	99	52	20	30	99	22	67	94	80	92	100	15	44	
78	8	9	71	70	22	75	50	85	85	56	74	33	3	77	76	64	11	9	74	95	60	2	93	96	65	90	57	80	100	74	58	97	30	62	73	8	49	69	50	18	5	23	39	61	71	4	1	76	59	18	100	90	-1	16	5	57	75	49	38	96	15	62	62	100	4	23	16	70	82	36	10	72	13	67	16	29	23	65	14	48	99	95	92	19	45	92	14	26	6	62	96	69	70	59	90	52	9	8	100	
92	59	76	10	66	72	58	30	58	39	26	46	67	16	67	11	18	51	5	14	36	43	37	22	64	40	34	54	60	29	29	41	54	25	68	59	86	96	26	18	21	44	38	45	37	45	46	47	100	89	39	100	55	76	-1	34	3	85	72	72	23	38	48	53	59	47	86	53	95	14	29	41	30	66	96	52	73	71	4	65	5	19	24	57	16	15	62	100	84	52	65	64	80	64	89	5	39	53	67	46	
66	100	78	60	41	17	37	33	33	79	86	8	45	46	5	59	14	48	65	7	3	33	72	12	49	84	46	36	24	31	80	4	94	58	61	6	92	19	96	17	41	6	51	22	93	29	43	23	27	87	49	52	34	80	65	-1	85	39	40	77	51	50	89	25	55	85	70	24	17	13	62	57	46	26	28	26	39	35	36	61	62	62	94	82	23	73	57	72	1	65	75	83	81	21	51	53	34	22	47	88	
93	34	87	55	39	59	22	81	88	18	15	2	3	7	98	35	95	11	81	36	80	87	29	64	47	62	57	1	22	30	37	9	23	79	86	80	22	25	58	50	85	19	98	31	76	31	60	49	5	36	50	59	17	45	10	92	-1	28	100	63	61	66	80	48	14	55	30	96	6	92	50	45	74	69	40	65	36	17	73	74	4	13	28	41	23	81	24	58	6	25	16	41	45	27	56	24	65	60	1	39	
30	88	8	88	93	73	47	45	17	7	25	66	44	66	64	55	69	16	19	41	20	34	24	12	49	36	18	73	60	31	32	17	64	90	19	26	55	17	68	16	2	66	52	94	89	4	83	30	53	37	71	67	44	34	99	10	93	-1	2	7	71	36	55	57	16	12	56	77	58	7	79	58	39	30	85	33	16	58	92	85	64	22	4	99	36	31	38	42	20	76	68	38	90	65	41	42	6	61	44	56	
58	35	98	97	23	2	33	24	19	9	86	95	32	6	15	63	16	32	5	83	11	59	59	8	3	87	88	79	2	53	22	11	57	61	32	33	26	35	17	26	95	32	29	4	57	55	7	75	44	41	96	49	97	18	35	23	80	13	-1	89	50	36	14	67	71	55	42	34	3	22	62	54	86	27	60	26	96	81	74	94	20	50	12	86	92	44	49	31	1	58	60	24	41	23	25	63	43	20	5	75	
74	33	10	63	92	37	24	68	47	59	87	32	61	100	78	48	60	67	67	24	6	42	45	64	91	29	86	33	83	47	84	24	10	33	86	45	48	44	62	8	66	63	38	45	42	24	71	42	30	25	10	97	12	30	22	5	41	97	84	-1	41	55	71	45	36	67	9	53	68	35	32	76	17	88	81	22	36	84	88	27	19	6	36	32	75	5	24	79	69	86	91	61	61	68	17	58	24	30	28	60	
43	44	18	79	64	42	81	57	13	18	50	18	19	54	23	78	21	49	23	82	97	22	87	7	2	77	14	97	91	47	12	11	23	12	16	47	69	19	15	45	93	88	8	51	12	68	98	40	8	86	58	89	60	37	46	3	87	83	90	39	-1	66	24	60	26	99	17	7	96	79	71	51	43	32	83	53	39	19	3	85	70	16	38	27	69	80	16	74	49	74	60	37	63	1	31	24	80	4	58	39	
78	99	78	6	27	61	33	45	99	87	76	92	67	32	100	61	58	73	34	64	97	31	99	16	87	39	67	100	3	45	100	57	80	20	85	10	24	85	21	7	44	54	98	11	20	81	53	52	64	80	31	88	18	67	33	13	29	44	88	72	41	-1	71	61	39	59	63	27	44	20	15	32	65	65	48	77	78	5	98	16	96	95	97	44	3	5	98	8	22	78	42	51	69	31	2	36	95	80	3	68	
41	13	4	4	74	53	22	13	17	14	60	89	85	62	11	32	11	71	79	47	29	30	46	3	37	25	1	61	67	68	5	37	11	28	12	12	54	35	20	35	96	63	82	48	79	51	35	55	34	45	7	50	24	77	63	21	69	30	36	89	65	94	-1	61	21	48	37	38	49	62	40	73	2	4	20	53	86	34	44	36	30	74	82	85	97	57	18	87	43	45	76	53	78	95	61	18	68	30	35	90	
49	12	36	74	98	7	68	36	66	42	30	43	4	81	17	94	81	50	22	70	4	22	41	65	39	63	76	12	91	15	40	85	26	61	95	70	72	55	52	4	37	23	68	35	53	90	41	49	2	86	62	25	61	10	26	35	85	8	80	41	93	46	82	-1	11	72	89	52	34	31	82	96	69	85	34	20	57	46	16	67	79	74	81	44	84	7	31	51	24	14	66	89	22	10	11	50	63	22	49	89	
29	11	2	80	14	49	93	16	37	14	25	23	16	91	19	80	38	91	59	56	75	33	9	51	2	70	18	52	46	24	87	48	40	13	13	71	100	74	54	25	66	49	96	29	99	20	80	52	4	93	84	32	66	63	69	85	43	30	54	80	3	38	85	46	-1	47	60	61	23	26	50	67	51	21	39	25	53	13	46	44	42	53	51	41	60	49	31	82	48	73	41	57	81	87	33	89	3	49	8	9	
38	69	47	50	34	73	1	92	50	9	60	59	72	50	35	18	41	90	81	48	65	73	16	79	56	22	60	45	6	6	6	1	45	40	48	17	17	83	10	89	1	52	66	1	32	14	76	82	88	18	97	99	30	83	30	90	58	75	11	96	49	100	97	28	56	-1	64	74	86	82	34	39	60	98	9	48	82	82	58	31	19	12	80	80	67	75	30	51	71	25	19	90	53	58	4	21	68	35	69	67	
4	11	3	87	30	93	61	67	78	20	50	51	28	36	89	37	13	70	70	43	58	49	1	50	58	66	17	10	44	33	26	39	47	25	53	50	73	54	55	26	98	77	81	52	25	71	72	24	35	17	81	67	99	80	42	82	86	9	57	61	64	55	44	84	31	12	-1	9	48	46	4	52	77	80	24	36	10	43	82	23	6	58	62	96	74	91	44	37	63	77	54	4	29	17	61	74	40	63	100	83	
70	22	85	16	17	66	66	54	62	92	21	50	26	47	43	42	80	48	99	91	40	3	79	27	67	5	95	77	90	21	16	14	91	19	23	54	49	94	79	100	39	69	92	62	40	56	12	1	62	32	79	43	9	36	94	54	85	17	53	16	63	17	93	31	19	43	3	-1	79	93	2	74	61	70	86	19	15	49	47	51	13	23	85	44	14	46	80	44	32	25	57	87	32	29	53	67	49	59	12	24	
78	46	92	37	86	73	4	77	100	96	75	47	43	31	5	72	60	68	3	49	37	91	74	32	72	6	38	10	81	70	60	44	80	47	34	82	75	34	65	67	86	5	63	91	79	47	31	93	12	38	42	61	35	9	70	13	57	58	12	30	26	80	6	33	53	16	63	66	-1	55	97	26	38	80	45	1	8	32	58	22	93	43	65	95	36	80	9	27	74	15	24	12	70	41	74	13	21	39	50	11	
81	10	32	64	23	31	59	8	62	39	16	52	42	100	35	31	33	84	43	43	11	49	20	8	48	74	66	99	22	57	23	78	87	49	9	66	49	26	39	4	53	59	66	44	97	68	78	47	49	52	57	100	39	68	46	69	46	96	35	91	68	61	58	28	16	72	24	3	59	-1	66	21	41	48	77	47	2	33	10	6	41	16	43	29	93	96	55	7	96	53	72	82	5	81	84	52	25	67	99	99	
65	80	51	86	3	57	1	95	46	84	59	37	75	38	79	31	1	4	35	58	23	25	53	41	33	99	97	47	65	13	44	52	55	61	60	57	6	18	94	6	80	96	59	37	79	87	97	25	86	4	71	27	84	21	16	71	55	52	13	98	8	26	46	98	89	6	46	39	66	44	-1	80	37	56	42	57	50	47	2	31	9	91	60	4	58	10	74	96	61	95	82	51	5	18	50	31	78	71	3	32	
79	100	50	4	75	74	42	77	98	6	64	73	70	40	52	46	40	97	85	86	93	30	57	40	45	51	65	51	27	49	59	19	69	50	90	6	100	50	8	85	79	48	21	2	25	41	83	16	69	8	20	33	81	50	63	12	73	68	86	83	9	23	72	14	81	65	83	45	21	17	100	-1	50	40	97	57	55	52	18	6	43	87	5	20	10	97	28	39	42	58	23	35	59	84	41	88	98	64	22	88	
38	9	89	1	51	2	44	60	96	58	43	65	26	52	83	28	17	8	53	76	46	74	10	34	70	73	99	8	27	13	63	30	96	61	96	12	42	100	43	53	8	44	72	20	42	95	2	58	37	10	95	87	13	83	15	40	97	91	9	20	28	96	66	77	84	3	48	57	47	46	86	66	-1	35	72	74	19	38	61	86	56	51	27	76	36	75	17	60	84	12	47	67	31	69	34	5	92	94	25	43	
76	67	96	23	93	47	1	35	94	39	4	59	43	94	44	30	75	67	54	63	64	41	79	50	3	64	54	22	49	37	43	55	97	46	87	75	3	29	15	56	100	8	26	14	39	91	39	11	75	70	20	78	82	75	89	84	14	94	60	20	86	54	31	46	35	95	98	26	99	100	63	90	78	-1	50	75	69	72	93	59	82	94	100	18	56	43	88	37	43	33	86	72	7	80	4	99	55	23	70	22	
28	87	97	52	99	20	9	70	81	33	41	69	94	42	16	61	13	87	81	45	17	12	69	19	18	11	76	46	5	50	5	93	30	77	19	18	1	74	4	15	3	55	67	35	45	84	86	8	65	62	45	63	48	59	18	9	91	95	45	33	70	21	66	93	46	83	16	94	27	71	28	22	21	74	-1	90	84	50	4	83	95	60	12	97	39	90	97	79	60	93	51	44	51	73	99	97	82	26	19	100	
39	88	65	48	16	53	58	91	69	69	37	23	38	78	56	40	11	13	7	4	34	60	69	100	84	82	63	51	62	80	69	72	41	14	62	73	68	81	83	73	73	50	41	25	30	99	15	75	81	72	58	23	42	24	39	26	44	85	12	87	51	22	27	92	49	48	19	14	22	91	93	97	4	85	58	-1	22	74	35	45	85	80	99	95	37	68	18	58	62	76	82	99	70	40	31	47	75	5	18	52	
96	7	62	99	46	70	18	53	13	87	94	74	51	33	82	97	88	13	72	58	71	11	26	64	8	70	14	27	26	52	32	89	47	57	41	86	29	36	73	6	11	63	88	30	41	91	53	19	92	52	83	6	6	18	47	35	48	88	81	29	12	19	82	17	38	23	10	74	14	65	59	88	32	8	26	48	-1	46	2	60	40	41	38	80	8	78	51	62	19	43	58	75	90	18	4	40	73	46	30	12	
19	20	78	98	21	3	6	46	98	50	10	67	57	98	69	25	38	24	32	4	54	56	17	100	13	24	62	62	49	54	84	91	13	95	93	96	47	52	16	22	50	27	84	90	22	67	59	11	73	67	45	83	22	56	83	64	8	65	77	52	57	23	68	59	87	44	56	7	27	57	14	60	81	7	55	57	7	-1	61	96	63	61	24	96	28	96	87	19	71	81	33	98	66	61	16	75	88	70	63	75	
100	77	95	84	30	70	46	20	13	68	100	10	8	85	2	59	20	32	64	66	57	17	81	96	5	77	42	43	22	35	3	84	64	97	21	22	2	67	89	29	16	16	43	15	1	67	99	34	82	78	47	74	94	64	81	8	87	8	80	27	33	83	5	13	98	11	29	69	14	22	39	36	79	48	91	34	100	29	-1	68	11	25	29	33	74	15	10	32	64	14	79	51	84	26	25	73	89	17	90	55	
77	97	56	57	17	91	81	19	68	92	64	23	16	7	70	94	42	54	42	23	22	100	34	83	92	7	40	26	97	91	31	40	44	19	97	27	10	94	84	8	96	97	4	32	33	3	73	77	63	44	58	34	38	11	69	79	66	77	39	48	52	31	78	3	44	80	37	88	85	10	48	49	42	3	45	54	72	65	94	-1	3	100	18	16	100	90	93	99	16	2	9	75	12	62	37	35	34	32	76	40	
9	70	46	48	3	43	62	26	10	7	69	77	32	65	38	17	81	56	12	62	9	45	33	36	46	100	53	53	62	73	39	41	77	87	85	47	10	41	22	17	4	73	99	85	31	43	70	97	98	39	11	12	83	78	87	46	69	28	75	74	62	41	65	77	73	22	69	94	45	35	3	96	3	67	59	68	44	1	40	59	-1	59	40	86	26	1	65	2	64	58	45	47	88	43	27	14	56	33	22	13	
25	61	22	85	72	27	11	1	28	52	15	10	17	95	86	44	32	72	83	41	56	16	100	61	12	28	28	14	54	20	96	53	96	49	52	84	29	93	59	25	90	47	42	75	77	31	97	79	46	40	18	70	52	100	15	93	42	75	22	25	51	50	11	5	14	10	52	44	18	1	27	15	62	24	45	91	24	78	26	66	35	-1	24	37	52	57	94	97	68	98	52	64	72	62	68	99	1	41	51	26	
82	61	82	22	4	39	88	4	18	42	77	83	93	88	85	13	15	11	1	22	24	19	68	22	45	76	74	20	89	59	85	23	4	80	85	12	2	39	86	7	12	51	88	74	69	13	26	72	19	89	53	23	18	30	39	41	34	14	55	27	33	1	36	2	24	72	86	65	10	60	3	23	29	42	30	35	80	6	20	9	24	5	-1	71	63	87	12	52	76	61	1	96	67	45	23	63	3	48	33	52	
42	5	27	30	31	57	76	47	29	95	11	50	73	90	5	67	98	17	26	72	31	48	100	32	21	54	64	38	43	22	31	39	94	49	80	4	88	84	18	4	44	34	32	73	15	73	78	76	81	46	27	70	51	45	78	28	55	2	54	2	17	49	69	28	5	84	14	65	29	94	33	61	68	34	20	52	39	97	76	23	59	89	18	-1	91	59	42	34	36	7	50	3	75	29	36	20	91	20	5	11	
28	66	7	92	65	14	9	84	92	89	19	27	28	72	13	22	18	59	86	41	31	69	39	80	13	100	89	28	55	77	83	37	14	59	40	2	89	25	61	16	5	22	57	90	94	93	4	52	80	63	97	75	49	63	59	73	14	56	79	73	41	11	44	13	86	77	75	38	60	1	36	96	42	73	100	31	53	17	57	4	9	32	55	44	-1	16	75	84	18	53	40	74	71	92	83	27	15	17	67	61	
81	35	11	100	23	96	54	1	84	30	4	20	30	12	70	76	99	77	17	1	78	8	69	10	74	41	83	88	67	14	21	47	11	22	46	100	87	34	26	42	86	69	74	89	98	70	55	40	22	43	27	49	62	67	9	55	37	79	30	95	16	98	80	11	84	56	26	95	22	65	88	9	44	5	44	8	99	38	49	59	67	71	75	14	7	-1	92	67	9	21	23	37	36	32	93	55	99	20	98	35	
31	89	68	56	84	4	35	57	73	42	13	23	45	59	88	24	31	95	48	96	36	86	45	43	79	97	66	42	22	10	27	50	35	68	32	23	49	76	74	18	92	91	62	25	42	58	68	67	84	98	13	94	68	32	40	20	40	20	90	78	23	83	84	43	15	23	89	24	51	14	31	61	57	62	98	52	26	92	79	87	73	10	71	71	70	58	-1	29	96	56	24	44	14	44	39	68	80	95	5	6	
75	2	68	6	13	77	91	4	7	6	96	51	100	82	41	78	15	68	6	55	32	5	91	52	10	28	10	32	23	83	19	28	36	82	94	22	31	74	65	5	7	56	71	29	82	39	56	65	56	92	14	55	47	52	19	8	74	47	36	87	63	67	25	6	80	67	22	23	33	53	62	1	14	14	25	23	2	28	7	68	40	100	27	20	89	46	94	-1	46	55	73	57	70	16	51	99	33	54	33	11	
51	30	3	8	63	70	86	34	29	27	42	98	68	55	22	25	67	3	13	18	46	16	78	16	41	63	92	5	72	87	24	60	63	30	58	52	40	90	78	42	71	17	27	85	85	67	12	28	4	92	99	51	89	30	34	94	83	11	88	95	32	18	80	38	14	2	8	97	83	39	25	65	92	25	76	79	10	90	28	19	58	56	62	39	67	84	41	43	-1	69	29	60	4	92	31	41	85	13	41	84	
29	89	24	62	54	28	70	66	46	80	44	29	91	53	56	48	12	11	6	36	47	66	79	9	57	41	54	11	8	59	75	37	90	25	29	59	98	8	61	87	100	34	31	66	5	67	47	80	88	62	72	85	97	95	55	49	98	7	60	99	85	78	88	1	42	36	55	47	21	16	4	81	77	21	65	29	86	69	13	98	69	31	35	89	87	35	77	46	55	-1	57	36	3	98	82	29	55	63	70	73	
26	87	59	1	2	3	64	1	69	37	22	66	58	16	71	26	45	79	23	91	47	79	36	10	29	32	44	73	31	21	18	39	60	23	70	79	92	53	92	76	74	61	72	79	64	68	45	85	51	38	55	43	83	72	59	59	43	39	28	25	9	70	45	17	81	99	36	31	38	22	45	37	92	61	95	55	72	59	86	37	5	67	46	68	64	24	19	66	47	79	-1	85	84	49	16	54	52	17	85	6	
40	39	27	30	8	75	14	56	23	50	3	70	45	66	72	41	99	85	76	79	95	39	44	60	10	63	53	94	95	96	54	51	54	85	36	68	93	3	32	47	6	50	37	80	85	97	28	35	99	58	92	44	59	85	97	52	23	43	27	16	15	46	18	96	46	7	73	50	73	61	31	43	24	72	85	72	13	92	78	89	20	71	52	30	73	16	39	90	76	65	3	-1	13	54	28	20	97	19	57	9	
77	75	23	95	84	57	68	55	11	30	42	7	14	46	68	91	52	73	92	6	86	12	86	100	89	70	96	14	93	5	67	10	88	35	6	11	32	50	34	43	1	12	71	31	83	58	5	66	74	99	44	38	15	72	80	60	15	27	43	50	85	28	85	54	32	70	87	4	68	70	87	64	54	49	71	37	23	59	54	49	30	76	66	11	73	54	100	5	75	71	94	53	-1	96	45	7	10	29	39	76	
70	71	49	21	87	88	43	30	19	87	54	71	36	61	67	17	4	14	56	87	80	26	60	35	79	75	35	46	34	42	82	15	5	39	16	50	68	98	5	68	67	51	70	24	75	50	53	58	66	83	70	91	53	64	62	88	60	93	42	64	97	7	16	78	77	96	90	100	47	50	92	9	14	82	31	2	98	87	53	75	49	51	10	18	40	92	87	40	59	79	71	2	29	-1	33	68	75	53	55	87	
17	20	84	6	69	92	5	89	3	60	68	35	29	41	39	94	82	12	23	29	42	46	52	89	57	8	72	78	77	79	56	20	92	34	18	61	36	41	67	93	81	34	98	79	40	2	2	61	21	95	9	24	12	91	89	25	99	3	15	31	56	93	26	92	32	23	5	49	59	97	41	50	98	48	89	42	96	92	78	16	14	31	41	82	1	71	26	65	90	66	27	90	48	76	-1	86	39	95	9	76	
5	52	71	22	96	40	14	92	23	86	42	99	22	93	85	19	65	57	62	18	27	100	37	48	59	24	11	43	54	88	96	100	77	100	76	31	64	1	31	36	38	60	21	55	39	6	9	52	76	28	11	50	26	19	75	57	94	86	20	34	95	31	82	56	57	84	60	80	13	95	53	84	44	4	33	55	88	49	2	20	96	62	72	25	67	50	25	6	56	33	21	15	49	28	10	-1	94	50	82	11	
68	31	53	86	45	44	100	50	5	15	66	26	78	83	71	63	76	17	13	24	60	56	2	43	1	57	99	15	6	70	8	16	87	66	83	87	2	50	66	51	65	35	85	87	23	12	67	41	55	76	75	18	19	79	55	78	32	65	12	50	93	12	37	69	55	63	44	4	8	23	17	82	19	17	82	50	22	96	26	34	41	65	58	83	90	55	25	62	37	40	19	55	27	81	81	28	-1	77	61	82	
1	27	34	65	61	41	27	49	63	88	97	93	37	34	6	25	77	26	63	40	59	72	78	85	54	23	59	47	62	84	93	84	29	62	95	57	73	66	96	94	61	5	54	74	52	27	46	92	10	83	88	65	76	44	8	92	94	2	41	13	35	98	54	94	61	57	2	71	74	48	76	74	2	96	83	10	13	40	94	59	47	24	32	58	54	58	81	5	41	91	68	50	55	95	100	65	53	-1	30	60	
54	91	68	56	59	60	93	13	42	61	8	20	39	8	53	2	17	37	37	14	37	45	27	55	30	93	12	15	3	85	38	16	78	54	97	11	7	64	6	83	8	4	100	23	58	29	51	54	96	5	66	13	50	79	54	66	93	63	9	48	93	53	84	35	55	93	95	17	16	62	44	13	46	22	67	95	97	34	38	57	57	10	17	20	90	35	87	73	75	43	69	70	39	9	70	52	25	77	-1	84	
43	76	90	98	64	91	62	90	61	17	34	37	53	22	3	21	67	47	57	18	97	13	18	1	17	94	88	44	19	61	14	70	52	53	100	93	11	46	78	73	68	24	59	53	1	49	78	67	12	67	76	80	33	73	39	68	54	88	47	95	32	69	44	89	68	65	35	100	6	81	56	75	60	79	59	57	66	57	93	66	81	73	77	77	90	24	32	59	40	75	66	19	64	18	10	62	12	43	88	-1	
