100
-1	93	13	27	89	44	78	55	70	34	62	2	9	87	21	5	96	56	18	99	55	89	59	49	37	15	34	49	62	41	31	3	7	56	9	16	37	94	89	43	50	71	48	4	61	25	81	18	25	70	19	96	5	91	96	28	79	28	70	28	50	61	1	9	92	47	45	48	31	18	21	46	42	65	57	79	51	29	32	54	40	15	1	12	14	97	90	71	62	73	49	57	63	18	26	73	62	63	54	51	
41	-1	43	99	86	73	88	4	47	85	6	42	64	4	89	50	12	50	54	81	93	40	11	22	2	56	2	39	23	27	42	11	89	1	46	6	66	60	83	45	56	73	57	75	84	3	3	32	91	21	6	70	20	22	69	53	65	59	18	99	71	77	64	72	90	20	66	58	70	39	35	20	90	25	2	88	35	3	7	91	40	34	86	80	63	72	56	51	9	66	73	31	41	93	49	69	82	6	97	60	
2	98	-1	3	42	29	57	56	100	15	61	22	13	57	35	50	35	14	70	16	71	65	78	21	14	45	7	55	79	90	74	23	82	42	12	20	2	86	87	56	60	73	21	47	68	65	70	78	19	13	51	36	77	95	99	46	28	3	39	85	25	72	42	90	59	58	11	61	40	75	69	93	74	77	78	87	99	56	91	8	77	84	72	76	46	62	1	21	13	92	60	81	39	53	60	27	44	62	41	71	
73	37	29	-1	56	48	8	14	53	95	86	88	35	48	99	5	74	32	94	28	10	70	98	63	24	2	90	85	92	95	54	3	73	24	21	93	52	14	60	31	30	91	11	84	13	1	14	46	99	2	83	23	32	94	95	93	37	69	37	9	69	91	78	53	97	1	65	25	14	62	15	50	13	31	87	38	83	30	98	75	6	1	53	72	100	41	65	48	17	8	48	28	26	12	62	30	76	53	79	95	
66	82	31	47	-1	67	7	66	15	12	62	37	60	81	83	64	57	49	100	82	12	67	100	78	41	94	27	83	96	56	43	70	38	55	26	54	49	36	88	68	83	24	46	32	20	88	83	72	35	72	14	60	59	100	100	10	50	25	3	35	97	21	75	77	93	85	32	74	6	99	53	13	10	69	32	36	64	100	45	66	97	52	27	69	43	67	12	98	25	96	36	92	66	94	2	38	5	85	78	1	
16	13	26	50	71	-1	53	27	79	84	29	62	32	5	30	7	56	45	61	17	57	75	75	47	76	59	8	19	92	86	75	95	58	100	5	44	61	8	68	67	43	60	90	1	59	57	70	87	53	93	82	38	3	11	85	19	97	80	35	34	75	52	98	80	85	34	16	22	63	67	71	53	95	91	80	6	32	86	95	59	8	71	37	15	84	83	11	100	41	88	22	31	87	90	55	88	2	78	21	53	
37	65	5	7	10	99	-1	30	6	69	32	49	9	49	51	6	60	12	5	56	63	46	96	89	43	64	21	70	3	81	43	5	39	94	86	39	88	86	54	81	100	88	99	38	87	56	20	47	34	3	67	53	75	99	73	97	9	38	6	58	42	74	31	60	30	81	85	97	41	34	81	16	36	36	35	87	4	21	91	85	76	33	23	85	32	68	33	82	50	41	71	23	7	49	60	53	85	76	24	94	
12	14	28	88	75	96	15	-1	47	64	88	92	27	67	46	1	1	63	5	84	19	65	6	16	99	72	58	71	56	45	54	29	39	40	34	59	29	20	50	60	28	36	49	39	15	33	19	67	69	82	74	84	57	94	95	75	35	33	33	23	51	25	58	97	27	58	18	25	74	83	41	22	26	11	12	100	65	16	26	84	12	40	27	11	56	93	69	54	45	81	91	94	91	17	30	32	15	61	74	31	
67	29	17	89	66	14	66	66	-1	38	100	8	23	15	46	60	30	42	95	93	27	97	4	62	50	7	98	9	38	79	5	90	69	26	24	54	89	96	95	49	79	98	43	6	89	17	2	21	25	90	43	57	72	83	50	91	45	65	50	3	86	22	42	38	51	76	23	96	49	19	68	50	65	52	87	90	26	51	7	38	36	78	25	55	34	18	96	75	81	77	36	48	57	36	17	38	5	16	83	51	
70	96	73	6	9	45	84	98	78	-1	4	89	23	83	91	42	45	32	10	45	93	82	92	61	48	63	75	5	59	19	20	78	59	20	78	44	68	43	32	96	1	28	21	37	37	13	24	5	17	88	88	65	68	30	70	47	40	88	76	42	87	92	68	59	28	71	78	79	71	22	10	97	34	93	73	98	22	56	10	70	62	88	44	49	14	88	74	21	58	20	6	57	88	17	13	86	30	31	59	38	
33	55	10	7	31	98	21	84	36	94	-1	24	73	100	29	85	19	18	39	8	59	35	47	18	77	44	70	19	36	70	11	14	3	85	3	77	56	59	65	13	68	53	63	15	91	18	39	84	94	23	88	90	14	8	28	27	86	21	15	53	24	50	61	23	24	43	44	63	86	50	54	92	85	63	89	38	84	70	50	32	83	51	91	70	85	3	28	71	69	33	67	92	14	40	63	93	12	2	14	87	
84	4	99	91	95	5	47	90	18	43	33	-1	14	96	73	59	8	44	90	11	6	65	78	64	51	15	74	6	16	36	44	99	18	47	81	66	97	23	98	64	75	75	17	94	5	100	77	90	41	16	27	81	89	14	99	60	91	46	22	46	50	95	96	73	91	53	13	92	59	88	80	93	4	14	12	39	2	56	99	66	44	64	80	10	92	17	24	64	7	35	78	10	36	49	3	62	87	57	28	86	
13	34	70	66	62	35	77	49	29	91	23	56	-1	99	32	7	5	14	97	96	40	72	63	12	64	9	54	23	12	25	88	86	21	54	5	100	7	40	23	90	40	65	57	18	84	63	9	70	11	12	78	41	68	66	45	19	38	27	27	65	56	66	28	80	80	66	70	90	23	39	69	32	27	47	66	66	26	66	94	28	12	1	44	34	83	76	49	95	5	6	11	53	45	77	96	68	45	26	92	36	
12	66	78	84	100	34	95	100	10	80	31	5	24	-1	18	40	31	6	26	84	36	69	19	46	96	21	67	60	7	70	34	32	86	52	2	64	56	17	15	15	32	51	84	44	57	35	59	5	5	81	22	73	2	5	62	1	12	74	84	33	22	9	13	9	72	12	2	89	57	39	29	90	95	86	63	66	8	36	7	8	42	100	1	80	85	63	58	71	42	49	83	70	99	55	44	71	6	80	28	25	
32	62	77	13	99	3	45	44	78	21	74	75	47	79	-1	50	49	13	21	16	80	39	78	97	71	28	71	66	30	49	95	81	54	88	21	15	39	6	10	61	35	55	88	25	68	40	50	55	73	42	100	39	13	69	13	61	53	28	23	40	23	11	87	39	38	64	86	58	84	27	67	19	6	91	2	88	39	22	68	48	15	28	56	88	17	86	57	88	3	82	45	54	49	85	2	54	52	2	31	42	
25	85	57	37	5	38	35	74	98	43	6	34	55	95	45	-1	10	32	57	36	30	25	12	42	83	4	80	5	81	45	73	65	65	69	90	14	68	56	49	58	24	23	69	24	57	18	64	62	14	31	98	60	10	99	65	22	95	77	18	52	89	80	13	68	44	16	33	24	42	96	2	16	34	50	82	2	68	71	21	40	32	77	4	94	64	18	93	97	84	51	41	47	82	97	26	24	58	26	86	96	
31	72	83	22	55	9	80	7	96	27	83	80	19	94	25	54	-1	33	85	8	47	27	6	36	17	71	17	80	16	73	92	69	21	43	44	70	90	67	62	10	57	72	44	39	83	20	6	24	75	29	49	90	23	35	15	74	75	80	34	43	70	45	97	54	81	65	49	45	72	3	97	63	26	73	24	4	60	38	26	45	51	43	1	87	78	2	13	9	22	34	59	15	8	59	54	61	10	21	2	86	
26	91	60	21	71	10	50	93	54	34	33	48	56	36	81	43	72	-1	48	96	8	72	5	77	28	95	19	38	90	25	44	63	3	42	10	97	43	40	8	79	56	76	59	64	78	87	43	69	2	29	86	56	23	1	64	86	46	27	88	85	93	2	42	5	75	50	37	47	37	29	95	82	40	79	54	86	57	92	77	94	73	81	52	14	54	99	64	29	65	7	54	91	70	97	94	42	42	80	31	43	
95	57	74	39	89	15	86	27	62	74	22	63	98	91	1	49	49	12	-1	28	94	50	73	27	17	69	25	89	73	11	1	85	79	89	97	89	47	50	40	76	43	81	91	1	56	50	33	53	70	8	37	53	14	27	99	8	14	55	84	54	99	60	16	6	14	75	73	94	41	1	14	8	87	55	81	14	6	6	9	82	16	75	26	11	64	90	62	24	66	6	24	26	74	24	67	68	29	25	61	42	
5	17	64	81	2	2	9	66	16	32	64	49	83	83	83	13	100	97	78	-1	25	14	20	86	49	25	75	64	92	6	60	61	72	99	74	92	28	96	96	55	73	38	70	9	13	31	38	32	80	91	74	94	15	65	7	62	6	61	86	88	32	52	14	57	18	64	81	32	64	38	51	55	55	69	23	94	84	85	5	84	3	12	12	36	27	83	93	60	53	32	91	23	28	35	72	16	96	83	8	89	
34	91	73	97	70	16	90	69	98	92	25	69	19	87	66	22	49	97	89	47	-1	23	5	91	21	11	88	3	31	95	85	96	38	37	15	9	20	57	99	41	23	16	96	56	69	67	85	58	13	92	62	50	40	56	49	54	73	70	66	89	46	75	76	49	25	98	27	27	85	58	47	11	16	22	6	40	56	64	84	43	41	93	94	54	43	31	22	81	73	84	57	28	89	71	74	72	96	65	9	6	
8	21	71	96	72	23	53	31	52	97	75	73	38	43	74	20	80	33	19	34	47	-1	58	10	67	75	60	11	31	36	41	40	12	89	39	55	28	59	20	33	3	68	99	27	32	72	63	40	88	27	25	84	47	64	52	68	69	78	93	25	64	33	91	53	56	80	8	31	39	76	100	71	75	31	38	86	40	82	25	95	10	15	8	70	82	92	17	67	48	84	59	70	69	79	66	50	2	88	35	44	
57	92	12	50	50	58	25	79	45	45	28	100	58	94	58	76	1	2	62	8	95	2	-1	25	46	80	97	79	90	58	6	97	81	10	51	91	18	82	85	81	7	63	5	60	49	16	34	90	78	30	72	18	49	22	28	60	91	96	89	29	62	53	82	13	75	26	61	66	83	38	32	61	52	42	46	2	25	84	56	61	32	99	44	78	49	21	10	80	95	44	17	41	80	93	80	80	100	98	2	89	
14	34	10	2	8	63	15	58	76	79	4	34	39	31	35	85	21	32	51	36	89	90	54	-1	98	26	3	88	98	82	16	57	3	42	2	13	7	11	36	38	55	79	67	73	82	75	86	61	80	47	47	4	56	82	29	4	41	72	23	9	6	89	6	79	73	60	58	55	93	43	7	5	78	69	61	13	48	30	52	46	58	30	2	45	42	97	21	78	98	16	10	69	89	95	90	25	22	55	30	37	
15	34	86	41	34	79	58	58	21	38	53	77	36	74	21	34	67	66	26	54	24	24	98	82	-1	34	26	90	52	67	7	99	15	66	20	83	14	60	67	4	97	24	78	9	51	26	8	40	87	82	33	68	82	32	20	77	77	73	50	60	91	11	96	59	60	86	51	72	88	76	23	61	38	26	6	8	65	59	87	12	4	9	55	7	47	21	18	81	5	76	45	54	73	51	91	19	70	14	57	27	
34	97	31	3	8	35	27	70	85	28	100	71	36	12	31	32	37	52	36	96	40	89	37	90	33	-1	38	59	8	23	71	10	87	93	96	97	24	57	66	52	80	47	48	25	34	60	96	42	97	12	77	82	21	72	28	61	86	44	86	28	32	52	12	60	23	41	32	31	67	51	40	6	20	93	56	4	70	68	73	42	59	31	66	22	71	10	54	66	93	78	24	55	17	77	38	37	41	58	94	64	
20	11	20	59	7	97	83	9	90	40	26	33	3	60	86	58	80	54	67	7	27	15	46	23	33	6	-1	21	16	44	60	89	61	22	45	11	25	26	72	82	2	93	75	84	31	15	1	59	81	27	20	74	56	100	3	68	76	70	30	72	82	32	67	86	9	63	45	56	64	19	2	97	45	93	27	46	58	49	55	98	12	40	44	55	62	28	25	61	23	67	63	47	98	73	66	76	28	14	26	40	
78	4	39	63	57	17	34	85	84	51	66	70	66	67	49	68	83	91	34	90	99	8	3	7	40	35	18	-1	40	30	59	54	23	85	23	39	5	23	44	89	84	89	39	9	72	87	100	80	38	25	97	22	75	100	28	3	20	92	15	83	86	56	35	47	36	77	22	25	38	18	32	4	32	67	95	65	19	79	15	65	72	4	27	49	27	50	13	34	61	55	79	61	41	9	24	14	51	92	44	26	
2	14	92	11	57	20	33	51	56	11	73	88	44	79	55	11	14	70	30	90	15	4	88	20	26	54	27	78	-1	86	48	65	43	63	80	80	61	62	63	100	53	79	10	44	17	6	58	22	75	97	39	27	13	69	59	6	31	20	81	92	21	26	4	92	73	7	74	4	59	59	25	72	27	79	64	21	75	83	89	5	10	24	2	36	36	56	21	62	35	56	12	52	5	34	69	99	91	78	91	53	
97	66	41	61	99	68	94	77	36	7	1	74	88	2	94	70	43	16	33	14	76	61	95	17	20	12	26	93	36	-1	81	76	97	51	40	63	11	100	19	75	62	30	85	1	3	53	96	47	23	6	24	15	24	70	84	4	85	100	4	35	10	51	8	47	57	21	48	51	62	25	60	52	18	38	30	41	62	17	61	21	76	81	69	4	46	65	33	81	66	37	91	72	23	85	42	43	69	91	96	10	
90	47	42	55	59	96	61	50	21	28	10	73	22	79	42	75	74	16	3	90	22	45	69	22	98	54	24	32	86	28	-1	96	59	67	2	42	86	23	55	43	35	83	37	11	18	35	98	11	52	63	13	50	25	59	87	97	16	72	46	85	11	38	25	73	59	34	65	92	100	93	60	7	48	47	1	91	100	8	20	86	36	69	82	19	76	71	14	19	27	45	48	50	7	11	58	19	16	93	82	51	
18	100	4	98	21	15	76	3	92	82	82	13	74	44	52	14	58	97	63	45	41	86	22	94	72	35	91	69	16	81	67	-1	31	55	94	33	100	95	86	26	18	61	80	7	16	22	7	58	26	52	93	58	96	24	21	30	58	55	60	71	68	91	3	37	73	51	38	47	36	57	56	78	4	35	73	5	92	48	80	34	40	97	31	42	67	84	20	5	34	31	13	4	31	43	25	48	73	47	44	36	
3	40	25	70	51	7	15	38	77	69	79	54	32	61	31	13	92	75	9	83	73	4	73	44	83	30	81	56	82	5	40	70	-1	40	19	53	36	37	60	77	23	14	40	86	91	65	41	29	53	79	31	86	67	51	74	34	68	55	48	70	89	13	55	6	11	60	14	36	85	34	42	11	28	91	34	50	93	95	27	45	99	13	59	78	35	34	70	75	36	20	71	91	74	65	85	66	5	14	25	3	
61	35	25	49	41	66	61	87	8	36	5	11	7	82	84	76	65	43	12	52	32	58	21	74	48	63	78	29	49	99	97	76	76	-1	28	14	10	37	73	52	9	20	57	91	79	21	17	37	42	70	97	50	73	55	52	29	50	47	59	10	85	98	46	53	84	45	52	40	93	46	48	8	97	84	20	92	46	1	23	30	99	70	62	30	30	30	66	40	11	43	56	89	43	90	64	57	48	57	75	28	
43	82	44	47	25	57	77	44	26	62	11	52	71	52	34	59	27	29	34	73	21	12	18	16	56	83	37	90	26	100	55	65	93	78	-1	12	60	75	67	4	47	17	9	34	70	46	74	34	69	52	80	29	96	4	65	34	54	62	90	20	7	40	34	37	67	55	58	49	87	17	46	64	94	29	62	20	64	80	62	38	25	10	99	70	85	88	87	48	91	83	43	10	44	44	87	64	10	57	25	59	
13	65	94	17	72	60	29	100	90	61	81	45	50	19	18	11	97	61	31	27	16	85	58	10	46	24	90	94	99	76	45	49	64	89	46	-1	8	97	16	38	50	85	73	31	80	97	80	92	16	99	47	14	68	40	22	42	33	72	67	81	47	1	70	60	72	47	63	12	45	82	59	4	51	28	69	48	90	12	46	26	90	4	70	31	51	71	93	85	62	90	88	62	68	76	17	39	19	47	58	66	
87	29	64	61	27	43	99	40	16	5	79	16	77	66	83	45	51	14	45	97	58	81	41	10	57	81	3	2	55	26	46	89	87	77	18	63	-1	5	67	12	82	85	80	65	6	64	23	40	83	32	32	80	75	89	36	5	69	73	67	6	89	52	23	63	96	56	83	63	51	90	15	25	87	86	31	67	31	44	87	27	82	83	85	77	39	26	59	96	18	97	78	76	59	57	95	9	41	95	5	54	
84	94	11	16	71	62	88	28	77	48	48	94	46	16	25	32	56	18	66	94	11	36	55	55	58	90	1	88	78	59	30	27	76	32	28	35	86	-1	15	38	14	14	53	44	27	83	2	5	89	84	20	82	79	98	19	100	62	52	80	17	64	100	33	35	2	61	64	13	24	56	2	30	68	3	38	55	40	68	2	32	76	65	61	78	95	40	33	76	29	26	95	63	69	71	89	63	15	24	91	94	
97	36	73	7	82	56	28	39	15	83	31	79	37	64	76	39	55	61	91	8	44	51	42	4	35	19	22	14	83	5	85	8	29	91	36	9	32	5	-1	83	34	67	10	66	12	28	29	46	55	97	92	93	14	39	21	74	51	27	16	53	88	36	32	61	74	96	85	87	68	10	1	6	55	40	2	39	93	94	96	51	68	66	67	66	77	62	46	78	88	39	29	25	42	27	81	72	16	38	18	12	
81	56	49	9	95	82	51	5	78	53	52	18	94	3	88	59	6	45	59	87	84	64	3	75	31	85	51	13	43	30	30	94	35	58	41	78	93	1	80	-1	80	18	14	42	79	95	46	60	79	3	36	76	5	82	99	15	94	35	56	95	21	5	10	92	63	19	20	53	34	97	41	87	34	25	30	94	39	77	1	27	91	35	95	69	11	2	66	10	99	67	37	85	39	64	86	18	83	8	98	85	
80	4	46	70	60	7	39	56	14	60	6	1	50	27	2	62	58	13	27	75	30	94	5	45	52	28	24	54	36	10	61	53	54	16	20	30	45	33	59	28	-1	55	70	31	29	1	1	50	98	73	26	37	28	82	84	87	87	16	16	29	49	63	97	91	60	36	19	39	75	98	97	57	34	59	85	11	65	48	76	49	43	88	29	19	27	47	66	58	42	62	56	69	90	63	30	57	31	47	9	75	
45	54	62	84	45	94	88	13	95	82	92	57	11	81	59	95	30	35	27	44	27	31	56	44	35	89	68	76	74	51	93	65	51	35	9	74	90	35	44	71	80	-1	23	58	80	7	30	27	52	70	47	19	84	46	34	5	55	42	56	31	79	21	47	87	79	75	89	24	6	17	98	28	52	12	44	41	76	86	27	57	10	43	46	18	2	91	92	98	32	77	34	68	13	87	79	55	54	67	21	46	
12	26	76	60	20	90	45	69	16	26	69	85	53	20	82	33	2	38	32	79	9	34	83	54	40	10	65	6	91	16	63	48	72	37	33	73	71	48	49	67	87	21	-1	24	24	1	6	27	99	72	83	91	69	44	85	88	61	75	76	95	59	89	45	98	29	46	89	72	41	69	88	69	85	59	88	71	33	2	46	14	45	80	77	9	99	71	36	25	53	9	62	33	10	15	48	71	81	78	43	42	
86	74	87	41	38	19	95	62	49	4	14	35	94	78	21	69	45	81	61	25	27	20	32	52	3	67	55	17	92	28	11	58	76	15	53	28	31	99	66	23	51	92	62	-1	65	34	34	7	28	32	1	74	13	70	67	66	32	91	76	100	61	15	72	61	85	86	50	65	46	38	83	72	19	35	8	40	44	77	32	11	49	23	25	53	100	99	90	31	24	6	37	85	19	93	67	77	55	4	36	9	
40	86	71	47	25	69	65	2	66	100	37	92	4	30	76	51	27	25	81	84	56	58	48	50	62	99	19	30	43	66	2	35	42	36	43	1	87	70	12	42	48	74	95	36	-1	7	77	46	55	22	56	45	33	97	1	100	73	54	99	85	82	65	17	66	68	43	6	95	3	93	33	87	18	1	27	3	9	40	97	55	59	68	24	68	38	55	2	21	96	85	91	34	43	11	80	86	100	56	82	75	
9	8	94	36	62	23	24	42	100	31	37	59	85	77	94	23	15	46	38	35	5	96	31	20	78	42	87	48	91	88	72	12	90	32	38	33	8	2	48	70	85	81	86	78	2	-1	82	57	26	96	25	99	35	82	94	5	13	38	65	55	6	8	32	47	12	76	76	60	52	59	23	19	33	91	98	47	32	6	7	29	50	100	24	51	43	52	1	59	64	29	21	39	47	21	44	7	4	13	25	32	
32	22	90	46	90	32	61	32	6	37	67	27	41	4	80	42	48	70	1	36	4	73	1	75	18	32	99	80	97	2	2	6	77	6	62	100	80	10	63	33	50	66	35	58	33	100	-1	37	27	70	2	35	5	19	83	59	11	41	18	98	23	45	27	72	11	26	59	60	17	29	46	31	87	81	39	7	26	76	68	50	6	66	42	2	97	72	23	63	72	27	22	32	51	58	64	43	87	81	97	95	
26	8	12	2	41	80	98	2	96	32	7	75	27	18	59	24	4	11	9	23	61	28	26	49	44	23	4	94	20	45	71	32	81	73	4	87	55	29	28	96	59	16	71	82	15	12	57	-1	78	15	64	77	16	27	88	80	59	10	75	61	9	8	18	39	99	37	28	65	71	98	6	13	94	71	87	30	77	73	66	44	2	44	43	86	100	29	55	6	20	82	4	33	21	58	100	91	7	3	25	33	
14	21	57	44	20	81	59	13	40	13	62	96	56	2	44	77	35	39	5	58	56	92	77	5	62	22	24	24	64	89	100	58	47	48	28	79	21	32	91	96	28	95	47	60	92	94	7	46	-1	61	5	51	33	44	30	46	84	7	1	52	1	99	98	69	13	42	20	62	44	6	64	23	79	4	24	36	53	84	54	92	45	85	88	67	58	20	50	43	60	9	2	17	60	100	26	33	57	16	51	99	
40	38	9	83	45	38	48	43	63	31	9	8	42	91	95	62	3	75	31	52	79	87	82	12	36	10	66	74	4	57	72	15	35	38	64	75	35	39	93	11	10	23	83	9	57	40	74	45	34	-1	25	50	1	6	42	3	67	72	98	37	89	84	25	20	50	65	86	84	55	6	93	29	20	22	41	25	68	1	96	22	86	24	80	77	74	25	46	11	7	77	23	24	91	51	54	13	44	37	49	54	
95	35	24	75	10	94	88	50	6	35	98	78	27	85	33	78	32	8	74	62	93	67	34	65	42	43	59	14	1	64	19	52	16	53	100	24	25	91	92	30	93	75	27	94	2	93	11	13	85	43	-1	82	54	84	25	39	2	56	16	86	64	57	27	49	89	52	11	91	14	5	17	39	34	15	89	70	99	85	31	56	69	94	77	96	33	67	73	33	66	55	84	95	45	16	39	79	30	56	80	80	
64	59	76	39	93	7	96	88	68	75	16	72	98	4	72	49	54	100	97	73	86	53	10	84	23	14	23	40	41	29	81	85	35	89	44	24	31	84	5	16	85	39	41	20	8	69	78	84	54	6	94	-1	70	49	5	13	90	74	84	2	89	13	17	94	39	69	100	97	19	1	80	45	31	83	47	92	16	40	67	32	15	44	37	60	61	7	51	62	96	81	24	35	70	34	90	15	5	49	33	18	
72	18	10	62	17	69	30	65	35	29	52	57	98	48	13	27	37	5	83	81	19	44	67	51	54	17	59	92	63	71	18	24	54	58	70	88	97	63	20	94	10	35	30	63	30	35	86	62	51	82	68	82	-1	22	3	78	18	69	4	87	60	31	44	61	3	61	25	8	13	99	29	45	9	96	50	56	44	15	51	8	75	42	74	32	92	39	83	19	36	32	70	20	44	63	87	92	79	47	84	16	
75	1	80	37	16	6	91	97	85	96	23	27	72	43	77	75	64	78	78	20	45	19	76	85	20	91	32	81	11	89	30	74	68	76	67	88	89	79	74	7	54	25	52	59	66	78	48	15	67	56	35	8	52	-1	61	20	26	48	56	52	22	97	54	84	74	38	15	59	63	36	8	37	53	7	64	88	20	73	90	6	53	54	97	39	42	70	51	89	35	12	1	69	81	71	68	28	24	50	76	30	
16	39	13	18	87	83	42	90	22	8	52	68	73	72	96	60	48	15	32	100	52	11	84	50	89	34	11	77	48	23	59	38	76	49	1	80	5	80	34	94	78	29	91	72	39	48	94	41	53	3	13	64	1	34	-1	26	68	6	62	92	32	55	99	41	51	32	81	41	16	55	44	22	17	30	58	24	24	100	97	66	39	77	22	85	21	22	26	65	13	92	94	7	99	63	100	70	43	74	96	88	
80	37	44	26	86	60	92	94	88	86	88	1	53	44	63	37	7	35	8	77	84	75	80	43	37	14	39	69	8	92	82	23	54	28	68	43	5	38	59	34	58	75	77	91	63	10	56	77	83	44	67	10	26	47	98	-1	13	70	58	48	35	14	4	38	85	82	54	87	41	27	10	94	36	88	93	72	3	93	27	27	72	40	70	2	86	94	64	37	84	87	65	11	71	71	32	94	71	34	96	67	
63	11	15	35	43	62	54	33	9	44	15	13	79	98	11	64	4	56	18	17	49	31	53	67	22	5	95	20	65	45	11	50	62	97	92	88	63	22	49	75	62	31	59	82	81	70	20	62	66	56	30	30	91	10	24	6	-1	7	51	77	85	78	8	41	5	93	38	79	62	57	42	17	100	14	11	9	41	15	31	30	56	53	87	54	3	19	96	25	6	87	58	93	1	10	45	44	52	25	92	15	
37	13	21	84	26	96	18	82	99	12	17	88	26	48	48	79	69	65	54	88	64	26	49	61	76	54	74	58	31	93	6	68	97	70	56	57	30	45	70	27	5	93	29	25	72	11	19	22	97	80	8	93	64	31	96	28	26	-1	58	42	73	33	46	93	74	93	33	70	88	3	5	59	22	73	66	90	87	77	12	25	1	21	80	12	4	9	51	79	42	34	61	54	60	72	72	87	33	15	58	47	
49	95	26	87	85	19	34	56	5	18	21	69	34	49	35	84	97	57	9	59	15	53	60	80	71	14	62	95	13	89	92	99	60	36	3	72	91	37	22	76	86	51	54	31	72	27	2	31	36	82	98	39	60	43	43	15	73	44	-1	21	38	78	8	75	3	21	47	34	6	51	50	45	93	92	56	68	72	58	65	36	93	61	49	89	4	83	96	21	84	20	33	24	78	60	40	73	94	52	100	24	
59	43	85	12	79	66	97	90	59	78	84	11	71	64	6	59	13	97	8	26	74	79	75	20	93	24	52	67	69	18	55	56	17	42	43	50	2	64	93	26	76	43	100	91	92	21	57	59	70	78	46	55	65	30	12	64	39	28	82	-1	7	19	33	92	83	39	24	56	16	91	94	49	49	83	97	5	33	13	89	21	15	95	31	80	56	33	5	45	57	10	70	4	25	32	30	74	68	34	61	95	
21	1	13	58	81	17	52	91	53	16	38	11	56	49	62	48	68	83	85	58	3	88	76	63	81	56	54	22	12	17	25	38	34	17	55	61	46	61	84	53	18	83	90	19	92	71	13	59	24	78	64	87	81	93	72	39	90	36	35	72	-1	26	84	88	91	83	17	77	25	76	12	1	25	25	86	47	29	67	45	18	60	12	47	55	24	7	91	48	16	60	7	51	52	27	43	22	71	15	11	79	
65	9	73	79	41	25	27	63	41	36	36	15	33	42	76	18	12	79	28	30	81	88	37	28	38	7	11	27	26	7	67	82	20	96	60	90	6	63	4	72	11	60	50	7	28	21	83	62	17	62	60	41	59	62	18	76	93	29	87	7	12	-1	22	47	84	11	87	5	6	95	2	9	24	10	43	74	94	2	39	80	45	53	31	21	32	74	93	43	18	70	34	43	95	17	49	77	3	18	15	13	
100	22	3	60	86	35	24	37	43	79	49	37	77	57	68	25	29	58	86	60	30	73	65	68	57	32	35	13	69	37	11	3	6	97	46	71	38	66	55	49	52	87	90	56	77	52	61	27	15	75	32	79	31	26	79	57	58	58	17	33	64	48	-1	19	71	62	9	2	53	44	3	93	29	88	90	63	33	84	16	43	32	10	29	48	10	31	5	35	23	63	23	23	15	51	90	93	58	2	42	67	
11	84	34	70	10	47	55	23	90	88	43	82	51	30	59	77	20	13	74	2	48	34	99	68	31	41	84	19	51	60	56	63	8	54	30	89	35	57	19	51	13	24	50	89	76	27	6	84	6	81	16	56	2	1	89	96	43	96	6	29	46	34	43	-1	32	72	62	52	99	56	15	58	82	49	44	5	48	11	82	50	25	22	87	100	44	60	91	39	41	49	91	84	32	20	90	66	6	91	68	48	
15	73	79	12	13	7	47	64	89	5	9	39	11	27	100	50	90	43	64	55	56	68	86	70	3	92	59	94	14	50	16	14	2	67	78	65	28	54	87	34	73	49	21	24	47	62	66	74	60	86	79	90	92	53	89	27	32	94	37	95	71	60	62	6	-1	92	89	100	96	2	22	28	13	79	15	30	95	60	73	54	35	23	65	94	60	83	46	56	80	76	70	52	9	14	25	47	59	60	75	74	
95	3	3	84	79	17	52	17	74	3	95	77	15	26	5	32	85	93	90	59	38	73	9	31	12	43	14	25	3	54	2	18	48	89	18	84	1	43	19	56	22	83	28	97	84	55	4	17	24	75	50	54	58	63	42	68	83	77	90	34	12	32	29	58	16	-1	38	50	76	35	86	56	25	39	1	97	28	95	66	77	1	39	37	24	78	91	30	82	55	71	29	77	28	87	23	88	12	94	90	8	
20	52	50	80	62	89	13	25	28	56	64	45	40	24	46	35	81	36	60	16	82	28	98	92	9	11	98	28	2	80	6	62	61	82	10	18	45	11	66	92	79	30	21	46	55	48	95	35	100	80	88	44	6	10	81	50	27	58	34	4	79	44	41	14	57	3	-1	83	10	45	10	100	11	35	99	20	91	60	14	63	73	52	64	16	14	83	41	57	59	52	82	86	52	95	23	4	92	50	84	28	
41	66	67	9	21	74	93	81	40	8	28	23	88	3	48	57	15	2	16	71	56	31	64	76	21	97	93	63	82	98	77	78	6	80	55	10	22	19	37	70	62	48	100	38	20	35	12	94	82	13	1	51	4	28	32	40	33	39	98	9	38	39	22	36	13	54	61	-1	18	74	42	3	21	4	62	75	61	98	11	56	87	27	5	62	20	95	59	38	83	63	32	18	23	72	63	10	51	14	94	72	
63	38	31	19	14	58	31	5	72	49	10	63	6	11	95	36	91	85	83	18	89	56	24	72	80	22	40	91	43	6	100	7	37	61	90	96	98	97	36	6	34	93	30	42	20	33	33	99	67	23	50	95	45	38	95	45	41	58	25	95	39	64	2	59	89	60	39	4	-1	100	68	20	2	43	47	14	17	16	9	69	26	41	52	52	46	12	48	90	97	61	11	50	39	8	41	1	92	59	6	46	
25	54	99	62	84	81	21	22	36	80	64	50	99	64	77	63	36	30	2	51	52	85	70	35	98	57	35	29	70	74	3	63	36	29	27	72	82	85	22	94	95	72	69	92	100	45	65	44	42	37	93	23	42	49	22	12	30	39	57	14	93	22	15	54	60	43	35	93	58	-1	90	15	58	45	1	72	38	50	83	44	35	39	56	28	78	66	76	15	65	45	9	92	53	68	17	67	4	11	16	19	
97	48	46	62	18	27	39	65	70	5	35	2	61	46	9	24	61	93	51	57	90	77	32	74	40	68	56	14	7	87	43	51	28	90	1	54	30	98	41	89	63	88	13	92	24	6	29	7	42	64	81	53	35	8	80	46	69	5	34	36	12	74	93	48	54	59	24	40	66	99	-1	96	91	61	33	56	25	13	48	23	19	27	84	63	2	28	42	96	96	66	59	33	10	48	42	10	73	83	98	7	
34	46	33	39	68	40	70	57	9	33	52	35	12	86	4	52	97	49	5	100	93	89	14	93	7	25	52	77	67	51	20	33	10	75	15	7	23	40	100	3	81	35	22	23	12	25	3	61	24	23	39	22	79	60	89	79	27	37	79	18	81	62	77	10	72	67	80	16	8	34	63	-1	3	68	54	9	45	65	43	100	26	69	60	78	91	13	5	78	79	31	27	57	99	79	48	21	4	46	91	21	
53	51	28	67	56	62	40	91	37	86	76	16	6	8	54	68	54	60	11	3	4	74	19	68	25	33	14	43	37	62	64	46	78	93	27	23	87	52	24	94	44	8	23	43	53	15	7	14	20	2	98	29	23	40	20	17	42	100	22	69	53	4	17	87	29	17	68	80	12	16	90	31	-1	46	38	86	9	77	56	81	39	84	62	86	23	63	42	52	28	38	43	5	93	25	86	29	60	47	55	85	
54	34	33	1	69	2	96	60	45	39	95	11	85	40	9	27	19	9	18	54	77	73	2	96	84	44	54	34	64	51	16	48	1	50	4	35	30	76	82	9	85	66	86	84	82	56	22	5	91	69	71	14	95	82	2	90	42	32	43	39	60	62	15	55	45	79	31	55	21	74	37	97	99	-1	67	83	6	47	82	93	36	80	6	30	100	31	5	38	14	74	94	54	7	20	15	20	8	78	98	5	
5	65	73	84	85	28	49	65	60	80	31	26	4	66	76	53	64	90	95	22	98	22	64	46	16	8	12	4	38	63	42	51	46	11	28	88	99	48	6	41	14	37	98	70	21	97	60	91	74	25	8	43	69	96	98	75	89	40	1	90	8	37	4	47	16	91	65	60	100	7	90	46	20	93	-1	48	48	36	57	62	60	47	47	39	32	82	45	43	58	2	47	67	74	80	32	63	43	8	56	52	
88	12	88	43	12	74	78	24	100	27	1	9	69	81	19	61	1	67	21	72	73	11	22	6	1	85	92	28	43	30	48	30	40	60	8	98	63	92	38	4	75	71	54	86	21	89	56	85	6	11	12	45	27	57	70	85	57	15	89	95	81	35	57	83	61	98	59	45	88	70	42	44	100	13	76	-1	100	81	36	59	64	16	70	41	81	53	58	52	13	77	98	38	19	19	61	28	30	74	52	33	
100	2	88	10	73	11	27	99	88	7	100	16	58	42	100	1	24	17	19	51	37	38	58	21	77	17	30	93	72	79	41	58	67	14	75	49	27	29	91	23	70	89	75	71	34	9	53	92	40	6	60	66	82	62	87	56	72	57	76	72	44	25	16	34	73	62	73	21	81	13	76	51	61	10	40	84	-1	32	83	50	46	86	8	82	84	12	84	73	31	29	21	17	32	91	34	99	28	74	48	7	
72	88	35	89	25	66	79	18	2	1	47	9	67	13	36	35	46	30	48	41	72	32	17	20	3	32	77	73	45	79	32	90	3	39	16	68	19	12	71	19	95	97	90	79	95	90	65	53	12	48	11	77	42	56	47	69	23	60	99	22	61	88	68	40	34	31	15	52	14	88	50	66	13	83	50	13	37	-1	48	99	82	94	52	76	2	68	29	77	59	61	7	26	61	20	60	42	67	37	71	76	
9	25	69	81	31	33	96	74	89	42	41	35	56	60	67	55	1	55	44	66	72	97	48	29	4	69	12	66	26	71	40	47	7	6	88	19	70	14	79	54	89	26	77	68	86	61	96	73	92	39	77	67	39	70	64	89	34	94	79	46	52	18	90	29	14	79	4	48	19	70	85	27	27	73	61	82	99	70	-1	76	65	61	60	99	31	36	70	10	33	96	13	94	52	35	8	16	29	98	38	66	
48	98	67	38	44	49	39	49	29	77	47	58	79	87	29	3	98	91	39	47	65	32	51	44	79	74	94	19	100	23	40	46	96	75	26	5	29	97	83	92	86	43	36	96	8	21	60	8	44	49	74	14	33	23	68	74	20	21	47	42	41	22	56	39	91	2	51	59	22	17	98	95	93	73	37	86	55	9	3	-1	55	66	32	23	52	66	9	59	52	26	76	93	2	92	21	17	66	34	79	70	
47	40	16	52	21	80	59	1	65	68	30	43	44	27	49	58	80	35	67	94	69	13	55	10	22	9	53	94	38	79	86	95	90	11	70	45	27	45	41	65	77	8	64	72	62	15	56	98	23	92	3	7	78	21	22	32	99	25	11	65	92	16	56	89	51	5	51	49	25	75	7	90	73	45	55	13	57	83	26	20	-1	13	98	90	71	82	23	57	73	73	83	21	72	83	61	99	73	99	8	99	
35	14	90	29	17	78	98	11	32	2	42	45	52	89	92	1	94	82	82	57	37	87	71	45	27	64	88	81	51	9	83	18	85	90	3	28	45	91	92	76	91	89	32	19	10	32	26	75	24	65	27	32	18	61	58	37	52	7	3	12	83	66	71	80	41	2	21	38	93	85	33	22	95	5	58	98	62	29	97	11	40	-1	44	44	75	58	57	19	59	30	43	6	18	45	62	54	53	24	58	45	
12	28	76	40	25	48	59	79	52	28	41	12	15	96	86	19	99	55	72	46	30	20	92	23	74	68	92	98	5	85	89	73	83	75	15	5	22	58	19	23	96	15	3	23	86	46	88	60	58	59	85	71	6	47	35	76	7	5	33	11	73	50	84	31	1	78	98	73	19	36	40	11	62	20	24	27	92	83	66	41	62	71	-1	9	11	42	75	40	84	55	24	60	11	19	41	23	39	32	33	95	
91	17	32	70	86	33	55	24	66	96	99	27	96	33	50	99	86	56	36	66	92	9	85	62	96	77	92	9	75	23	24	47	91	21	96	82	28	7	88	22	63	100	25	72	20	9	38	21	66	35	33	66	39	41	96	34	78	77	33	70	53	33	18	73	82	65	81	40	73	27	71	19	11	99	99	88	38	45	97	75	65	95	39	-1	80	93	35	89	9	7	85	32	55	76	80	40	62	15	15	78	
27	54	25	11	86	24	90	87	56	1	44	44	43	74	21	63	39	50	31	79	31	85	91	63	76	9	55	30	13	86	37	49	24	30	9	69	68	21	99	98	48	21	24	79	38	29	27	15	31	3	45	35	47	88	61	100	64	79	2	20	64	8	65	88	62	58	39	57	52	34	55	76	23	7	20	94	58	47	94	11	74	3	45	49	-1	49	2	54	25	8	42	45	22	95	64	94	33	34	53	24	
75	31	44	82	100	33	62	48	28	99	19	2	5	65	31	16	61	67	29	94	48	23	82	60	39	59	54	88	82	56	27	22	75	41	70	9	88	23	50	8	11	37	50	32	15	70	30	20	34	38	80	72	22	46	76	3	92	84	23	7	11	35	52	38	96	21	13	90	90	57	63	80	89	51	54	58	67	73	68	38	86	9	12	46	34	-1	41	99	14	90	69	90	47	62	31	65	29	96	55	51	
82	63	58	90	28	31	97	93	61	55	82	45	71	15	98	24	39	78	23	52	13	26	59	55	100	14	69	25	65	21	32	42	74	35	43	10	65	93	68	7	82	76	96	22	93	46	97	96	71	12	4	62	4	15	33	62	26	82	93	24	100	36	16	86	21	66	15	35	85	46	4	42	28	65	39	18	34	51	43	84	31	33	85	89	8	92	-1	84	36	13	19	70	47	68	92	10	97	74	55	71	
70	65	52	12	96	74	92	92	49	4	93	8	25	37	9	90	17	23	76	8	8	21	13	61	9	23	27	59	97	55	4	63	14	98	25	45	8	26	95	27	27	29	54	7	98	6	76	98	27	2	40	40	58	70	23	82	50	64	31	83	25	47	19	34	28	26	98	26	63	23	87	71	25	84	100	28	28	58	41	18	94	78	12	28	43	17	43	-1	40	7	6	17	73	26	66	5	52	34	39	91	
20	56	1	12	45	43	57	52	5	49	42	14	78	22	66	72	58	30	12	71	99	10	47	81	61	59	28	10	11	18	43	44	66	27	96	54	24	75	55	18	3	79	4	73	96	76	61	52	19	100	45	76	84	54	70	7	24	28	80	13	88	91	60	16	13	29	12	32	9	11	68	58	69	10	62	35	87	47	45	71	50	11	62	26	71	24	35	99	-1	42	13	5	100	26	94	29	53	13	92	81	
36	59	38	99	83	21	76	26	20	49	91	13	2	20	65	85	65	31	70	22	12	2	43	48	89	86	94	34	21	93	59	71	56	55	1	100	31	83	63	10	47	75	56	8	5	80	9	60	69	25	3	23	24	1	21	18	5	59	55	78	73	90	15	14	89	69	6	8	16	88	63	56	10	80	87	24	24	84	36	5	49	36	28	50	97	42	96	63	76	-1	19	2	79	44	79	58	6	99	32	60	
5	83	12	14	10	71	73	23	4	59	28	17	31	58	73	75	60	47	2	62	55	29	2	54	36	32	41	99	80	21	29	88	56	20	98	66	47	95	81	97	4	61	17	32	86	48	36	10	95	44	33	26	39	66	70	91	33	43	35	90	62	29	39	20	13	74	71	46	7	82	61	4	32	67	27	10	13	43	80	21	76	43	90	69	21	89	68	57	34	11	-1	26	32	81	93	31	75	41	46	90	
95	98	4	24	32	77	70	9	54	58	67	85	59	44	19	41	89	74	71	6	89	52	54	50	100	66	94	28	33	82	53	60	64	92	100	7	69	77	47	56	80	64	83	57	68	85	1	60	57	71	88	16	86	81	8	54	18	39	12	15	39	2	33	57	13	93	83	34	92	17	29	31	84	8	24	21	56	5	37	56	25	15	52	18	72	2	31	22	19	62	30	-1	100	96	43	11	96	18	73	34	
56	8	69	99	11	3	60	26	100	59	86	95	88	89	41	78	91	72	75	1	83	14	90	2	10	72	67	98	69	64	100	35	82	21	50	96	40	56	29	93	99	42	66	30	82	58	55	52	3	33	41	16	5	59	46	18	1	28	16	28	9	46	11	38	75	28	94	41	41	4	87	1	89	61	60	84	38	84	56	28	51	67	26	90	60	23	52	39	87	51	48	47	-1	88	40	4	37	92	20	83	
14	6	21	6	94	24	2	99	83	1	29	44	31	51	15	72	28	30	16	95	93	69	25	70	64	17	99	80	54	44	49	83	75	41	25	55	87	52	15	1	40	54	3	19	88	10	76	66	85	74	65	95	80	74	62	70	99	85	22	72	54	4	100	40	76	19	80	36	97	14	7	29	90	55	93	77	33	61	78	47	7	86	3	36	3	52	71	88	64	52	81	74	69	-1	96	80	53	84	59	92	
87	12	38	51	95	55	65	32	18	96	59	14	37	52	2	80	70	36	11	51	44	22	53	1	20	35	7	93	97	24	50	15	70	56	43	78	27	6	58	59	2	51	53	99	71	73	4	51	81	17	84	67	74	22	28	45	68	24	78	40	70	36	91	81	55	56	74	48	69	2	82	98	57	4	10	49	69	70	73	89	17	95	59	42	30	37	30	89	48	43	8	48	79	84	-1	88	28	73	42	30	
17	81	24	21	81	79	63	95	5	98	67	3	72	58	50	15	60	44	53	47	58	87	73	54	37	84	16	53	14	52	48	72	34	40	72	34	53	60	78	92	1	8	3	26	62	53	1	56	5	36	46	10	15	77	62	63	91	93	67	39	70	23	43	16	78	100	29	57	1	25	96	76	4	98	76	18	63	44	2	12	18	3	14	56	40	41	26	40	91	62	90	74	5	16	67	-1	65	22	70	37	
31	93	64	72	80	3	17	64	58	89	13	11	64	2	59	71	32	22	5	21	12	8	63	98	25	6	90	95	83	64	39	54	40	74	35	27	95	56	59	4	66	2	2	57	91	89	34	18	55	59	56	71	100	43	52	12	69	9	73	41	28	38	41	57	71	35	24	21	2	42	5	84	7	74	53	68	91	40	6	79	20	70	82	35	12	26	66	51	85	22	21	87	41	64	2	46	-1	89	8	21	
82	4	37	51	75	17	19	40	79	20	74	5	62	92	72	40	78	83	48	23	14	66	2	94	18	93	96	52	5	29	42	44	77	34	50	6	75	3	3	73	96	27	75	73	59	15	3	80	68	70	94	24	20	8	16	49	90	10	80	45	5	72	60	47	39	7	44	28	94	86	62	23	89	84	88	36	53	36	10	19	73	20	78	22	46	14	45	72	27	72	91	47	72	69	98	81	9	-1	4	47	
27	1	21	82	93	3	50	84	1	46	76	17	77	68	6	75	47	16	64	75	52	56	24	66	76	80	45	37	94	25	57	16	93	48	9	93	57	50	46	31	27	24	66	61	3	95	59	89	17	78	44	76	78	11	61	68	95	30	36	99	38	67	57	2	100	43	21	66	18	82	83	90	52	60	75	89	11	100	96	85	27	64	43	64	100	58	41	25	84	70	45	59	25	17	21	49	34	9	-1	70	
58	8	15	26	51	31	81	82	61	83	100	65	53	56	93	100	25	4	2	73	90	39	71	88	62	3	89	20	98	69	96	12	28	31	72	35	33	68	37	4	46	97	79	97	52	2	38	52	65	72	82	63	77	40	23	23	70	52	40	19	84	88	34	6	52	19	14	57	49	83	90	1	95	35	60	52	27	8	59	82	32	22	44	71	33	79	36	76	18	16	27	38	3	63	76	21	18	37	1	-1	
