100
-1	25	6	57	25	70	4	71	10	55	57	33	66	13	93	64	34	37	37	2	94	87	100	54	51	31	98	1	91	9	43	91	11	69	48	49	56	59	45	52	15	85	71	73	43	35	12	39	22	90	63	14	14	88	62	1	1	59	16	42	98	52	92	60	46	94	75	42	67	63	34	26	46	5	12	69	99	73	73	41	21	4	11	83	35	43	67	53	58	70	31	27	64	3	27	30	32	95	22	96	
51	-1	72	18	15	75	28	6	40	5	82	43	31	80	63	53	12	64	88	60	4	33	43	90	6	60	41	90	47	42	77	66	32	63	70	73	50	57	70	88	70	30	71	82	54	99	59	74	43	78	50	12	29	61	2	18	100	28	75	95	81	68	20	65	4	1	30	68	47	73	58	39	74	18	8	79	28	98	54	36	47	89	18	59	84	31	45	49	90	74	64	10	10	26	75	54	65	59	83	34	
37	83	-1	24	50	38	45	16	53	31	49	59	82	24	81	99	61	41	15	73	1	58	79	97	65	68	80	67	45	36	74	87	63	2	75	77	25	41	27	12	16	50	79	16	61	10	73	62	75	23	40	65	98	17	27	18	54	33	49	63	31	99	50	51	43	5	49	97	12	63	79	35	73	20	34	81	71	41	87	99	20	100	88	39	42	16	34	94	33	67	74	40	79	40	27	81	59	22	96	7	
4	52	90	-1	14	95	31	12	16	55	81	49	89	9	92	57	19	19	66	24	17	48	49	47	9	5	74	17	69	50	49	61	68	40	85	84	73	42	50	34	86	98	30	20	40	49	33	100	38	21	10	56	5	45	3	12	27	34	16	63	35	25	95	4	51	69	4	21	19	42	61	4	37	98	21	99	81	76	8	57	72	50	26	23	95	63	73	69	58	69	80	86	18	15	18	9	65	50	54	97	
88	12	32	13	-1	49	33	48	88	32	54	49	88	32	28	57	26	54	67	83	69	69	26	45	70	50	48	59	12	62	23	43	11	41	35	43	7	82	55	40	57	72	76	40	5	7	78	43	30	100	88	73	18	41	97	91	71	24	80	74	68	33	72	12	100	26	52	94	84	31	30	94	84	34	93	10	39	92	9	24	42	45	46	99	38	21	23	94	17	84	64	4	87	42	58	67	4	18	34	97	
61	68	36	68	75	-1	46	89	73	75	56	4	72	1	94	93	65	10	70	51	98	35	1	11	35	95	99	88	14	99	82	45	16	78	6	29	88	47	54	41	91	53	43	59	27	86	71	78	92	61	87	10	43	26	72	29	37	9	13	46	55	29	37	13	96	22	97	7	80	83	1	52	42	65	36	14	25	42	27	72	14	45	45	71	73	90	80	19	28	64	43	97	96	10	64	27	27	7	68	16	
34	5	17	22	52	87	-1	59	22	2	21	3	11	52	64	23	86	92	67	2	44	46	46	79	11	4	93	99	2	23	27	20	12	73	67	23	12	32	50	77	78	26	75	30	92	39	43	10	15	40	65	5	64	38	65	25	79	47	35	1	82	6	35	60	29	17	30	98	45	5	8	98	90	66	95	97	42	89	58	2	67	22	95	46	32	3	46	58	62	92	60	22	8	18	99	5	81	89	58	11	
69	45	95	65	47	20	75	-1	51	13	36	5	98	93	8	7	41	26	59	5	25	2	5	28	4	47	81	42	42	91	7	83	89	65	75	4	99	44	54	41	61	86	26	100	11	89	100	15	25	61	33	42	20	86	85	70	76	59	1	10	36	28	58	8	49	72	99	42	64	25	30	62	55	72	57	46	88	64	32	76	30	2	73	77	4	79	60	88	65	37	65	61	23	39	90	71	98	58	73	43	
23	43	14	6	84	7	40	100	-1	90	69	38	46	10	51	7	49	51	24	95	20	81	32	8	12	14	48	23	82	69	87	97	53	88	97	32	44	56	24	3	70	12	36	52	52	6	67	79	51	73	9	16	3	96	56	84	35	62	27	70	86	18	16	91	45	8	31	14	54	73	17	54	52	27	74	4	92	21	7	81	31	58	66	52	85	71	17	28	82	58	89	13	31	24	64	55	7	39	34	87	
78	88	9	21	94	15	2	93	32	-1	13	85	90	21	97	40	27	42	58	20	88	29	3	93	65	68	24	11	74	15	12	37	74	33	84	49	76	63	95	20	47	9	30	15	28	41	90	86	2	25	32	28	64	71	36	11	39	87	13	2	78	65	32	52	1	35	31	83	11	17	28	36	62	95	45	69	36	27	82	4	31	87	25	66	36	89	38	92	45	10	8	4	48	4	10	4	59	7	89	50	
98	62	49	7	98	65	58	14	71	6	-1	53	39	7	52	99	89	36	19	65	63	60	34	84	50	49	37	99	23	36	39	47	51	25	59	99	32	15	1	52	46	67	91	94	82	51	44	63	45	9	13	12	96	61	55	10	66	91	16	58	92	20	25	81	16	60	87	61	88	5	17	8	21	14	46	66	33	18	59	92	10	49	15	79	8	23	72	74	42	36	85	88	32	99	62	22	35	60	52	24	
98	92	98	61	59	78	55	76	41	91	28	-1	80	57	1	48	47	26	85	91	91	26	94	72	65	13	26	18	62	96	23	36	19	94	100	100	36	41	81	89	33	93	60	89	79	85	90	29	64	90	89	18	65	60	59	56	68	14	51	61	51	9	66	48	83	24	17	15	84	75	86	41	56	93	40	44	34	22	58	22	89	53	70	62	57	86	70	38	54	27	59	67	27	52	58	48	96	45	32	2	
46	95	44	88	6	90	15	70	13	57	95	51	-1	55	42	68	71	23	3	19	42	86	89	67	43	50	61	45	16	9	56	31	62	86	35	53	60	15	6	68	43	7	41	75	52	66	65	83	93	71	40	9	4	1	47	21	2	77	66	25	84	47	5	99	96	59	86	60	73	90	80	13	78	97	86	52	52	1	6	87	15	99	88	66	88	42	93	71	28	51	61	45	39	13	17	57	6	45	37	61	
65	11	93	97	61	90	65	65	65	16	98	12	59	-1	70	63	25	6	94	32	95	73	6	1	65	86	12	27	20	100	46	35	100	26	4	39	1	42	15	81	65	89	72	16	26	83	94	13	38	57	17	79	7	25	67	35	64	17	59	83	3	56	23	24	73	34	26	21	35	14	27	62	22	9	69	77	93	84	47	79	41	62	10	94	49	43	84	74	36	80	11	10	88	52	95	76	88	15	84	55	
8	37	3	68	87	65	18	15	45	26	91	96	19	93	-1	45	82	67	88	65	54	88	71	96	79	58	41	68	60	6	54	20	2	64	74	47	84	60	80	100	4	78	76	79	29	70	10	4	26	68	92	37	12	80	41	17	38	56	75	42	67	97	86	50	69	48	91	14	25	57	68	7	68	21	76	90	68	11	56	8	54	60	91	57	6	16	32	18	47	28	42	74	22	54	1	3	5	62	58	25	
100	74	27	70	2	36	96	89	3	71	1	52	6	51	89	-1	37	31	20	98	53	79	53	70	44	75	82	73	75	4	15	80	51	12	60	6	57	86	17	49	7	14	32	27	6	99	45	57	44	32	97	52	43	81	7	54	55	72	67	31	5	8	80	1	57	93	77	77	85	8	22	15	22	43	88	39	10	28	82	77	38	27	33	57	23	50	30	60	36	89	15	23	42	1	60	33	30	3	34	31	
38	100	77	46	42	64	49	65	85	2	66	27	73	87	97	99	-1	31	89	99	22	6	56	76	85	5	45	90	23	19	31	95	46	75	75	5	61	32	41	45	12	55	72	97	56	18	48	42	12	15	50	52	81	42	43	20	4	23	82	8	25	23	60	1	84	97	57	61	49	48	68	50	14	15	66	79	19	8	7	66	89	64	61	94	76	7	37	61	54	63	63	81	25	72	34	42	30	47	44	35	
6	65	3	22	21	74	28	45	74	96	91	55	6	38	31	65	21	-1	30	59	1	97	70	21	9	16	47	94	28	52	6	18	14	60	56	61	36	38	43	43	29	11	97	52	71	59	72	75	34	62	55	92	19	78	92	95	91	26	26	71	81	41	61	34	18	79	44	55	12	21	43	42	61	96	13	71	64	32	11	25	71	84	89	8	15	1	88	41	25	18	73	61	39	75	13	97	31	63	50	24	
90	14	1	69	7	91	72	59	60	92	2	22	42	7	29	16	33	81	-1	87	55	42	62	43	57	57	12	62	86	5	51	45	36	58	80	86	77	29	100	59	52	9	64	6	85	49	91	58	10	69	64	28	82	71	92	17	42	3	5	55	57	56	20	30	56	16	69	74	97	89	97	82	50	2	88	18	10	58	59	89	21	99	72	92	9	38	17	67	28	64	22	9	50	32	82	93	6	52	51	12	
73	49	88	40	46	83	96	79	10	68	45	89	34	83	86	62	69	40	13	-1	84	59	74	51	15	78	49	85	81	40	98	83	24	62	68	87	58	32	12	68	1	100	6	47	51	3	65	38	35	5	1	27	56	36	16	100	42	68	20	80	31	38	38	4	75	94	38	40	47	86	61	71	3	16	6	2	54	35	34	16	10	73	82	9	24	58	22	32	29	56	23	57	2	43	5	48	69	84	18	32	
80	58	22	95	13	66	27	50	75	6	28	23	29	41	69	45	56	50	41	28	-1	89	59	72	38	15	91	45	61	86	85	98	18	53	19	99	82	33	39	97	99	42	49	72	52	41	86	23	24	75	99	35	88	14	36	73	52	77	14	87	45	76	99	33	24	49	37	48	57	36	66	76	96	10	27	3	15	68	99	65	38	62	21	85	100	95	27	72	63	21	5	80	22	34	37	79	40	12	41	74	
35	41	28	56	22	56	96	7	76	42	80	14	51	88	24	83	40	36	17	7	71	-1	39	19	82	100	26	92	57	99	43	22	27	86	34	12	61	97	83	77	22	23	98	9	57	26	82	49	10	99	82	97	56	79	42	4	39	41	60	30	49	69	66	1	8	60	47	18	16	77	84	81	95	56	49	11	16	33	32	27	20	26	17	75	90	28	70	73	74	60	18	66	44	50	96	88	38	66	85	58	
7	18	74	52	29	2	47	90	38	10	45	86	26	21	64	4	12	63	53	96	31	56	-1	21	57	58	85	38	93	11	32	60	25	23	83	30	91	74	38	83	56	75	98	26	83	17	36	56	11	96	93	8	44	97	50	68	41	8	16	56	88	81	2	23	18	85	70	80	29	93	96	25	3	43	8	62	1	100	79	65	36	77	5	46	74	82	18	60	97	40	21	69	35	74	76	67	49	11	45	15	
94	66	24	46	34	21	90	37	20	94	41	38	99	23	82	33	80	37	84	76	85	72	17	-1	53	96	40	73	91	79	87	81	80	70	25	26	62	66	60	58	25	13	73	4	27	65	34	47	61	77	70	63	66	42	14	24	77	90	6	34	72	43	95	18	78	10	78	93	60	22	69	70	88	14	88	98	29	73	46	25	11	14	29	88	22	51	12	29	69	34	16	51	89	53	53	31	2	89	89	66	
37	42	29	12	46	54	43	8	12	12	55	80	59	30	54	80	45	4	45	26	8	71	30	68	-1	99	38	7	70	71	80	66	77	28	74	48	13	12	58	54	42	83	45	94	76	96	29	26	8	75	41	88	41	35	73	56	17	98	33	39	17	94	13	1	42	10	47	2	68	86	12	21	55	27	16	25	81	78	7	79	35	59	11	19	39	81	8	86	17	53	86	96	25	34	87	3	29	35	64	4	
47	95	95	60	97	100	77	77	66	19	25	94	40	50	42	9	24	67	37	28	42	44	58	22	50	-1	16	55	58	93	94	45	88	16	87	20	3	94	100	29	47	72	49	34	35	18	11	40	2	32	5	83	2	78	57	19	93	51	20	3	75	44	51	83	100	48	40	53	62	67	98	83	93	79	96	50	19	58	11	55	34	2	30	99	80	6	13	56	21	26	17	42	75	44	16	53	6	87	79	29	
33	52	40	91	41	31	77	50	36	64	94	18	45	15	34	28	50	89	47	58	14	5	68	48	92	6	-1	98	71	16	45	31	41	96	40	79	58	49	48	63	5	36	28	43	1	71	16	70	78	49	13	65	67	12	57	24	54	48	33	88	34	28	37	38	43	44	77	6	91	75	81	19	47	42	94	82	57	48	54	10	53	91	80	47	66	23	22	30	91	42	47	11	17	48	80	4	50	83	57	26	
82	42	56	1	5	97	25	76	81	13	20	53	50	45	47	82	83	20	40	85	51	25	86	38	72	43	99	-1	90	10	43	65	42	31	70	31	20	34	27	75	65	18	32	33	88	60	96	58	30	95	5	90	46	54	63	15	11	28	45	16	80	60	62	5	7	51	15	71	13	50	71	46	28	82	2	20	95	35	74	9	26	49	15	85	29	81	39	78	46	95	54	59	13	67	62	64	40	33	28	39	
71	65	53	95	18	43	60	46	8	92	93	84	83	45	55	13	37	7	13	43	100	28	2	26	58	95	17	56	-1	74	14	95	73	47	88	77	65	30	41	32	7	58	74	16	50	80	56	91	58	67	37	1	30	5	56	85	19	70	33	13	39	45	5	35	79	81	18	63	90	65	62	84	75	95	49	55	64	78	1	57	80	6	70	63	46	100	57	99	8	94	99	53	30	96	30	97	66	4	88	47	
16	99	40	10	22	60	53	37	70	72	44	20	3	63	98	11	84	62	50	4	31	1	8	57	33	80	29	95	78	-1	40	85	49	80	47	19	72	19	52	11	72	28	71	30	43	26	41	45	69	25	79	3	64	68	20	65	25	36	56	15	78	31	34	29	69	38	66	85	97	83	64	46	87	54	51	42	24	82	97	60	81	98	77	93	3	97	3	76	41	47	57	47	26	9	58	36	23	34	87	40	
9	26	39	43	22	15	67	80	94	7	46	22	72	26	91	43	14	69	25	4	69	93	22	98	52	35	71	47	43	64	-1	15	27	67	100	50	77	33	69	79	89	13	41	30	36	12	12	63	18	19	3	19	74	25	23	100	46	98	98	26	65	78	7	61	3	93	93	92	24	60	22	89	55	9	60	10	68	58	83	74	64	76	88	8	40	73	73	78	89	78	94	99	90	22	68	78	3	46	28	18	
16	92	67	38	45	42	43	76	84	15	16	47	71	39	16	9	53	57	63	54	99	98	87	20	47	57	67	25	71	78	35	-1	72	18	63	87	9	4	4	40	4	40	69	11	78	75	30	51	57	86	74	33	61	22	68	77	48	91	41	80	3	63	78	8	17	53	94	16	92	86	19	1	97	86	22	84	41	86	35	56	17	13	98	42	77	56	94	99	65	70	20	35	20	84	96	16	14	73	22	72	
15	26	43	14	48	72	93	74	10	30	40	68	41	33	90	75	54	8	50	31	40	65	53	11	91	13	53	95	10	27	93	64	-1	51	36	100	41	73	37	81	7	73	42	96	60	72	6	59	28	47	27	39	79	36	79	11	45	5	75	97	16	78	54	9	52	80	73	11	41	47	18	36	25	55	71	87	1	10	57	95	89	57	76	1	24	38	80	56	89	57	36	81	61	13	26	84	16	17	72	26	
45	66	14	57	25	56	8	61	42	48	69	4	98	24	63	4	81	25	29	91	19	52	82	51	36	68	8	84	88	91	46	35	22	-1	87	17	56	58	83	21	66	94	34	86	9	15	91	73	84	4	94	16	72	27	33	37	89	62	23	91	87	87	1	85	88	8	90	80	29	62	16	94	50	8	75	16	77	51	14	36	41	83	72	96	35	93	85	71	73	22	77	63	23	86	88	27	35	79	42	53	
56	59	13	20	57	5	100	96	66	39	54	62	75	8	8	10	100	84	36	66	17	6	23	9	67	45	67	51	58	42	72	47	29	27	-1	67	70	67	9	97	54	43	99	79	35	18	8	6	36	3	53	81	17	32	5	8	4	15	76	59	50	39	15	31	99	60	60	17	25	56	80	77	80	24	35	32	22	2	50	97	41	60	72	96	61	25	82	9	52	7	43	96	95	93	44	60	43	5	75	37	
47	68	14	40	96	77	6	30	31	56	33	34	57	40	69	95	49	42	66	53	57	3	97	45	34	100	18	59	74	72	39	47	43	12	10	-1	47	81	18	90	60	50	10	64	60	77	21	19	99	41	90	29	29	12	7	80	50	28	36	93	51	80	54	46	36	26	26	74	82	80	11	85	23	12	57	49	12	52	4	60	3	10	9	70	16	72	43	78	65	12	12	60	80	14	85	34	40	62	52	76	
16	27	68	76	23	92	94	66	49	67	34	38	9	7	71	3	83	58	15	40	79	38	7	49	87	87	23	32	62	22	28	25	50	88	21	35	-1	71	14	75	63	52	28	73	62	93	28	80	66	90	80	12	93	27	66	94	26	32	7	70	24	83	90	24	100	35	59	47	49	20	79	30	90	29	41	35	56	40	45	8	76	20	81	100	91	79	37	14	60	34	43	44	42	90	30	78	51	20	59	72	
32	65	62	46	2	11	42	42	63	42	47	23	17	46	62	100	36	51	66	75	23	70	90	47	41	12	51	24	96	41	72	73	46	71	87	14	86	-1	18	53	40	17	62	93	62	41	35	53	77	17	96	49	49	23	72	8	97	63	16	37	65	56	89	42	75	76	81	91	88	71	63	68	52	100	72	27	91	72	8	13	81	14	10	27	41	3	31	50	93	2	47	18	1	23	17	74	85	58	76	16	
23	53	50	34	86	17	54	2	75	1	44	62	46	55	28	51	85	13	27	63	15	71	53	4	28	25	32	71	58	80	79	89	39	32	3	64	29	24	-1	26	81	15	93	48	49	82	56	59	50	18	71	1	23	27	38	25	14	14	94	66	93	68	53	87	11	20	75	40	33	23	33	16	40	73	80	80	48	55	20	54	66	77	30	81	34	9	22	28	81	87	93	77	64	34	6	36	28	50	23	4	
73	87	39	93	68	47	30	91	66	76	68	38	85	60	13	54	29	57	65	33	80	79	31	43	5	59	23	5	67	13	85	57	48	89	60	64	96	63	50	-1	89	100	73	12	6	38	1	50	29	35	79	25	53	99	82	12	68	60	65	4	11	65	57	39	23	83	50	98	14	100	87	14	8	12	22	80	67	34	31	35	9	41	71	15	7	38	24	48	13	3	83	5	81	32	99	33	84	65	68	10	
99	37	42	68	37	89	15	52	65	60	14	70	51	94	5	35	56	74	65	51	98	72	97	34	80	66	49	53	5	39	28	4	82	38	20	93	23	84	60	31	-1	19	80	45	57	39	42	41	5	67	62	98	4	98	30	39	54	83	3	88	53	53	47	94	43	68	15	81	73	72	40	81	39	25	39	54	36	76	89	52	28	49	70	45	29	45	38	57	78	3	57	93	91	41	27	15	8	68	92	13	
64	76	97	82	82	85	56	68	49	62	72	92	65	50	75	96	44	65	46	83	42	95	90	74	61	48	79	53	72	3	34	8	89	24	23	19	57	36	67	47	11	-1	51	50	67	60	61	36	73	46	3	40	94	66	56	74	9	60	40	93	54	85	65	56	18	10	24	15	96	75	33	80	15	1	52	83	95	45	43	85	98	94	66	96	52	58	54	91	36	55	37	59	12	24	21	47	31	89	43	28	
98	74	62	20	65	72	4	88	14	72	35	3	57	22	16	17	66	77	32	71	65	52	24	25	73	16	79	10	99	59	6	50	27	4	87	18	19	80	28	12	6	45	-1	82	81	68	64	5	3	33	72	75	54	35	89	37	37	59	11	88	89	42	59	60	94	32	74	81	23	66	16	47	31	41	55	36	87	50	25	78	50	55	75	74	22	50	75	39	65	80	7	36	44	76	95	78	67	82	44	20	
89	94	10	63	13	66	79	88	69	19	81	67	79	62	42	94	5	81	26	15	12	59	93	86	12	86	9	23	41	23	26	91	86	56	24	44	91	45	81	38	52	23	76	-1	99	9	56	9	75	78	98	90	40	71	4	77	75	72	50	14	80	81	21	20	87	26	6	59	43	25	94	13	95	8	46	58	55	84	95	4	96	94	36	18	19	1	67	51	15	84	86	94	29	46	87	13	7	67	94	55	
8	65	9	43	7	15	100	42	74	44	14	6	77	80	63	68	39	18	20	62	21	21	4	33	37	56	17	10	92	11	2	84	6	97	66	62	93	35	97	17	53	26	100	48	-1	47	48	11	98	17	3	83	43	21	62	86	87	60	28	54	3	57	42	84	58	34	96	61	79	18	39	49	7	79	25	23	82	74	14	81	69	25	62	56	15	48	67	7	47	51	5	60	72	91	14	51	88	7	2	2	
26	17	75	68	40	97	34	34	12	33	47	35	81	94	33	91	83	74	45	10	11	50	59	10	81	58	1	18	59	2	80	49	83	67	72	62	76	75	4	65	97	41	86	38	1	-1	9	12	20	6	14	7	73	73	85	58	28	81	25	50	31	23	51	93	10	86	20	69	40	50	40	15	32	51	21	87	51	3	81	58	28	31	89	85	3	37	10	63	54	14	36	90	37	72	9	98	74	58	67	15	
8	99	41	79	99	36	6	83	36	57	47	59	9	89	26	83	40	73	72	97	44	66	13	88	44	30	56	41	11	9	72	72	8	28	17	65	15	37	32	49	86	44	30	95	45	65	-1	62	86	56	24	73	45	3	86	9	64	96	60	66	40	79	65	44	14	10	78	69	72	74	58	78	9	62	44	15	43	98	99	40	57	55	97	74	53	49	33	95	10	69	27	96	67	12	43	95	92	52	64	48	
93	53	90	97	96	87	72	42	42	78	15	46	69	77	9	22	27	87	97	73	67	71	67	69	56	32	42	44	35	4	1	35	82	48	79	48	21	84	86	6	56	79	57	1	73	22	76	-1	93	39	2	44	59	18	7	52	58	5	69	20	56	18	36	4	34	57	68	19	68	40	79	72	63	82	11	56	71	33	27	50	85	16	60	67	6	24	51	58	66	6	77	15	31	93	15	66	4	30	3	95	
28	22	91	59	95	6	97	66	28	57	90	22	88	85	11	74	78	27	72	61	47	45	55	56	44	25	41	75	61	3	95	43	13	78	8	43	99	15	44	53	87	66	12	86	14	33	85	29	-1	42	77	75	44	17	36	83	23	79	53	46	27	82	14	66	87	10	32	50	56	38	50	78	10	33	23	26	36	32	73	32	16	75	6	62	56	81	54	56	84	93	33	62	85	31	23	90	34	16	88	69	
33	30	89	34	80	93	36	94	73	37	83	46	34	92	52	2	53	3	40	92	91	86	29	85	19	99	20	18	49	71	91	49	16	47	31	32	61	36	62	82	65	46	35	41	76	86	5	28	59	-1	34	89	82	51	93	86	11	31	31	59	22	48	14	68	38	11	22	5	44	35	6	64	49	83	71	91	44	50	20	93	39	65	87	97	39	58	63	55	36	62	99	51	85	31	1	88	88	99	79	38	
54	71	82	86	58	5	7	81	31	52	35	90	66	5	94	52	21	58	79	5	20	88	62	5	45	22	90	97	11	60	61	46	63	93	89	17	67	41	79	60	94	62	75	54	7	77	81	3	37	15	-1	70	78	23	89	40	24	49	97	47	57	55	45	8	45	53	45	26	23	71	40	34	45	41	83	27	80	93	18	63	29	11	51	72	96	2	16	42	72	97	47	12	72	33	12	46	44	57	87	94	
83	26	18	45	47	28	37	51	81	16	100	14	2	84	5	56	63	15	54	36	73	38	57	66	57	87	15	61	78	55	34	8	50	56	99	4	74	63	30	17	8	40	66	31	91	10	100	38	86	20	59	-1	9	84	98	59	96	72	63	83	61	47	12	55	53	62	17	38	98	90	98	59	98	97	89	30	33	91	26	81	12	25	3	91	78	52	94	77	67	89	35	48	79	44	38	74	20	62	29	64	
3	96	6	35	45	24	23	6	100	26	21	16	3	12	86	46	15	86	86	83	47	24	81	41	6	24	95	31	46	43	48	73	21	47	69	28	80	46	98	47	34	81	30	21	18	27	55	88	46	92	83	36	-1	79	42	4	36	55	67	62	54	71	3	26	33	41	95	92	56	31	62	6	41	93	3	36	67	67	63	64	52	26	4	79	53	80	47	79	71	98	22	94	90	42	92	47	80	78	21	92	
96	7	53	36	12	61	100	41	80	34	56	96	43	33	82	83	98	9	89	44	55	62	24	69	8	84	34	96	54	37	100	99	72	84	73	74	23	47	9	60	2	48	16	35	37	32	48	84	27	31	98	70	36	-1	36	41	42	60	56	32	23	30	17	68	31	64	13	92	73	72	46	61	25	98	9	5	97	78	82	88	89	44	86	49	93	30	95	1	53	90	31	98	41	57	36	58	50	40	55	58	
22	93	16	48	15	51	88	26	62	45	64	46	53	77	85	95	49	89	72	97	58	22	20	28	99	15	70	29	70	51	9	25	3	55	34	58	28	99	33	60	10	60	53	28	14	69	16	63	70	68	27	44	93	4	-1	72	91	43	24	56	1	86	70	52	31	34	1	38	40	75	33	2	65	89	5	78	4	91	89	40	97	92	60	39	91	10	67	83	1	87	40	18	91	10	89	95	92	97	41	88	
37	16	60	88	16	43	41	58	37	52	21	61	49	11	61	48	77	45	100	48	21	6	54	39	41	66	88	95	62	42	21	68	22	28	77	62	58	48	92	74	52	17	5	18	84	27	35	19	70	50	75	43	88	11	27	-1	60	94	66	31	16	83	48	58	53	94	69	68	34	89	17	89	26	100	50	64	96	13	37	17	4	70	89	84	82	52	44	59	76	11	98	69	93	2	27	41	43	81	80	100	
88	12	20	34	73	65	35	44	18	88	67	81	14	2	47	6	18	40	48	18	76	26	70	76	70	44	27	87	59	39	17	99	49	11	34	25	63	19	36	43	81	10	15	97	18	85	18	75	82	93	27	40	72	58	38	74	-1	65	16	56	27	17	21	53	35	17	83	32	39	74	35	33	46	25	54	71	78	8	35	51	41	39	62	89	32	99	60	74	76	3	66	58	55	20	70	42	41	63	31	52	
84	68	12	22	57	93	76	65	72	98	29	75	9	4	7	38	76	49	10	30	45	51	22	9	5	29	94	22	97	68	43	100	4	33	75	15	99	74	45	51	63	99	70	32	39	91	36	10	14	75	18	43	99	47	57	49	11	-1	63	62	43	71	87	48	43	82	82	46	5	50	91	36	23	2	5	26	52	6	25	2	78	31	49	52	31	40	39	54	18	10	31	5	7	18	13	85	84	72	50	75	
34	8	48	73	36	82	73	22	10	44	37	100	72	15	70	6	27	61	48	42	56	13	68	79	65	12	81	74	93	92	98	74	96	54	19	25	77	63	78	49	61	35	67	7	29	21	95	10	48	38	2	95	100	30	63	41	49	47	-1	68	79	1	35	78	81	29	28	50	3	68	73	61	91	83	52	61	41	81	42	68	48	92	99	36	32	20	43	32	33	6	36	26	9	8	29	29	30	23	50	33	
31	28	12	77	25	63	51	4	100	61	43	92	34	41	96	95	14	86	69	46	38	70	15	42	51	46	37	52	85	84	31	97	45	77	16	47	25	5	76	27	60	99	22	95	46	90	28	26	83	64	96	33	53	16	3	81	70	43	29	-1	2	32	66	100	14	26	63	24	10	94	65	22	96	7	57	79	30	56	83	56	90	25	24	80	83	16	8	6	50	41	63	7	92	61	40	5	59	65	6	77	
99	25	11	7	19	75	66	56	37	26	83	84	14	39	96	85	69	50	90	18	26	52	2	44	93	83	22	50	84	99	19	23	70	12	95	1	13	8	85	59	83	86	32	12	75	98	14	70	62	80	55	52	64	3	52	20	66	39	48	91	-1	51	43	84	42	2	6	85	93	70	92	76	70	57	91	57	52	49	24	73	4	52	20	77	40	89	39	74	78	31	100	66	100	90	53	46	54	64	55	98	
59	17	61	62	99	74	58	98	39	23	49	37	23	55	16	81	34	36	47	26	36	95	94	12	40	41	37	53	10	19	68	64	94	95	94	3	35	3	97	11	31	57	15	33	67	44	8	7	41	14	95	97	48	91	49	30	60	21	44	50	3	-1	52	48	32	48	79	80	55	29	76	19	36	66	88	12	91	12	15	94	76	18	39	28	12	67	78	86	20	60	49	33	11	29	70	28	99	55	26	18	
74	75	8	85	62	5	24	71	2	37	91	40	94	45	98	37	93	89	69	52	58	96	54	8	14	84	74	66	75	4	92	56	48	31	43	97	91	31	13	37	27	23	81	70	47	54	24	54	26	74	35	92	9	40	8	22	33	68	20	16	90	3	-1	80	82	65	30	50	10	76	10	10	32	20	58	56	66	37	29	52	60	66	53	41	76	47	87	18	2	10	52	23	98	86	47	94	1	9	36	53	
8	18	96	15	58	74	62	73	10	82	74	95	46	64	32	71	38	33	82	37	20	16	9	87	18	57	18	87	24	100	21	31	8	35	30	97	59	77	27	51	78	17	80	36	48	38	45	68	6	8	29	20	28	23	84	41	18	10	82	79	43	23	24	-1	25	17	93	4	68	26	49	48	63	4	22	92	4	47	39	1	68	66	62	12	36	55	35	87	37	65	69	60	33	95	24	23	30	71	6	66	
47	27	79	23	41	22	28	74	31	66	47	80	61	40	69	71	89	76	55	2	87	20	74	60	86	27	20	28	67	3	72	48	94	74	85	86	72	55	53	42	56	77	46	93	96	72	84	98	58	76	53	83	21	74	76	74	82	32	60	24	80	72	5	1	-1	43	60	85	74	68	60	56	100	96	28	16	94	48	68	10	8	63	50	29	16	34	43	17	17	40	80	23	95	36	98	99	34	100	20	29	
63	3	84	17	71	38	12	1	69	42	30	69	30	1	42	81	30	72	75	49	22	16	53	20	64	28	98	33	71	13	34	67	28	66	71	96	100	11	100	81	7	37	89	28	20	40	72	10	85	75	11	6	42	79	78	29	57	71	14	31	24	71	62	46	83	-1	44	25	69	47	18	41	32	4	7	2	71	14	87	69	12	13	41	54	37	15	69	28	61	100	6	21	5	93	38	9	82	46	79	15	
29	96	36	29	31	87	56	88	66	71	59	12	19	50	87	1	78	1	65	50	55	26	28	84	43	61	17	55	86	34	67	68	82	51	85	70	52	58	78	95	93	37	47	86	92	99	28	42	77	14	56	8	57	3	94	65	21	34	16	26	4	39	1	40	85	31	-1	52	16	4	19	18	99	20	42	16	25	93	69	93	67	31	16	69	7	38	3	47	87	59	70	56	28	47	20	93	48	79	14	73	
25	60	43	54	37	91	39	2	39	16	36	81	24	86	96	9	97	38	97	92	34	97	46	93	44	23	39	14	39	14	62	85	39	90	6	82	8	2	96	52	16	51	16	70	19	72	58	83	77	93	66	53	87	88	93	63	35	76	94	93	53	64	20	36	10	100	20	-1	58	5	66	40	18	90	92	93	36	62	67	26	44	16	43	23	81	53	34	29	69	39	14	90	13	59	79	59	81	100	25	100	
25	82	9	13	94	39	29	18	8	17	97	44	48	68	89	50	17	33	52	24	91	74	42	95	87	20	61	1	13	83	68	32	55	25	40	13	13	86	52	17	42	42	5	11	94	64	33	67	92	25	47	35	86	36	66	21	78	28	61	84	68	79	31	2	41	42	52	89	-1	18	100	80	16	17	63	14	13	87	44	8	32	95	87	97	38	14	32	91	43	79	36	42	5	89	50	81	71	35	39	51	
13	23	92	37	44	34	63	66	84	74	61	83	71	73	7	36	65	78	78	86	78	38	91	90	76	24	74	14	30	76	86	27	73	16	18	75	100	88	87	84	49	76	14	20	13	95	31	10	96	86	38	21	43	26	37	32	65	66	2	98	81	97	11	19	44	30	51	10	22	-1	28	74	72	51	84	11	84	90	57	37	17	2	24	89	98	91	40	43	48	92	79	67	29	22	53	68	46	91	33	33	
30	80	29	60	18	56	3	73	40	6	74	28	68	4	82	14	83	81	31	43	34	96	66	11	35	91	93	11	46	30	4	26	15	51	56	74	90	10	41	99	15	33	23	5	91	14	56	77	42	72	44	63	66	39	76	57	12	62	20	87	38	61	59	66	49	47	33	74	40	86	-1	45	33	36	10	3	27	62	92	19	91	74	95	14	59	4	31	92	2	20	43	95	5	54	8	28	68	80	16	71	
46	4	72	7	28	65	18	71	50	73	54	18	70	42	83	98	46	25	40	43	92	20	84	70	32	14	79	40	88	21	42	75	38	30	12	25	87	93	6	6	23	32	99	7	85	76	72	79	4	83	84	97	14	34	100	20	32	14	33	38	34	50	48	4	57	51	66	68	50	12	55	-1	81	92	63	53	11	9	71	70	98	37	87	38	61	36	23	42	78	33	38	55	68	87	44	91	79	75	13	17	
51	77	78	24	23	31	38	54	32	100	55	85	83	82	26	57	83	71	8	35	3	20	46	45	18	74	84	99	7	88	14	34	56	1	47	100	85	8	45	31	46	53	88	28	57	66	70	54	89	74	43	3	8	44	87	23	85	67	76	36	89	25	100	5	79	1	7	46	11	50	20	31	-1	69	17	26	85	29	13	73	61	40	45	86	78	64	13	55	65	37	83	62	2	13	73	97	6	85	34	46	
91	32	49	84	56	87	78	97	6	2	76	69	98	7	33	20	87	100	32	91	62	17	49	49	100	62	48	83	97	18	3	16	3	9	25	3	24	35	71	21	12	37	2	44	32	67	61	32	3	71	36	92	63	78	73	44	72	72	94	16	93	57	52	69	18	53	23	62	76	83	41	23	94	-1	49	31	33	25	75	65	40	63	18	18	96	1	75	40	17	60	73	84	7	27	91	73	22	43	73	54	
62	40	8	46	89	50	79	68	15	19	89	25	27	41	77	100	29	29	9	76	75	77	50	86	75	24	51	39	57	88	96	86	49	96	29	53	72	10	59	8	24	11	73	66	9	49	39	100	97	22	84	92	18	7	82	58	30	85	74	93	92	31	43	52	21	8	38	74	61	7	44	47	7	85	-1	5	27	34	33	85	97	54	3	15	37	82	33	67	62	91	41	35	31	37	21	26	43	25	63	5	
70	70	13	79	37	92	44	62	21	82	79	22	32	39	87	54	77	35	80	29	45	30	71	55	90	42	46	44	47	89	2	36	8	53	36	67	27	59	46	2	7	65	41	79	72	3	71	30	19	77	41	85	56	67	74	57	49	17	93	89	48	24	81	43	36	57	83	37	28	100	33	53	25	95	41	-1	12	13	84	43	79	83	40	42	75	1	2	71	11	72	8	56	79	23	56	48	19	47	29	72	
4	13	27	2	19	55	84	7	64	16	65	7	40	2	89	15	58	51	20	2	18	28	58	93	19	43	28	67	23	43	87	17	45	12	97	69	42	94	73	69	35	64	78	54	66	83	18	30	58	67	87	91	64	36	6	5	8	9	32	89	29	75	74	39	59	55	84	69	9	45	4	25	54	73	7	30	-1	12	15	92	25	85	79	52	17	33	88	98	60	64	48	72	88	42	100	70	94	67	66	45	
24	74	60	18	81	37	51	84	33	43	28	72	6	41	70	80	82	57	24	73	61	35	52	72	86	52	92	51	73	53	28	53	44	74	100	56	7	23	3	54	48	31	4	84	19	50	56	49	100	34	29	67	50	54	37	5	28	47	98	61	74	84	53	94	90	44	72	88	80	77	60	47	11	87	27	22	76	-1	29	82	56	80	11	98	56	37	17	16	21	45	63	83	8	95	57	81	6	78	33	92	
52	11	54	82	40	13	63	99	8	63	85	83	46	78	38	40	40	35	39	64	25	55	2	82	68	37	23	49	39	8	96	93	51	18	67	26	61	100	89	98	36	99	15	27	78	5	3	37	24	64	61	17	2	28	15	47	45	8	59	19	31	35	26	14	88	83	84	39	19	34	62	48	93	75	75	75	27	95	-1	8	88	42	8	82	4	50	22	20	6	48	48	64	86	96	1	58	7	97	95	100	
66	40	32	93	47	35	16	76	82	19	62	90	34	95	91	23	16	55	10	82	68	11	68	63	31	36	32	37	37	45	14	63	13	30	30	96	77	81	54	87	32	29	11	96	61	16	4	31	9	79	59	100	84	7	50	36	40	30	9	11	79	32	100	19	82	11	52	59	61	53	21	35	69	77	2	11	32	35	80	-1	43	96	72	84	50	14	37	12	90	52	10	100	3	85	54	17	29	100	25	41	
79	36	2	84	37	2	35	75	66	91	86	15	87	88	96	20	86	71	3	7	86	8	88	24	13	55	75	100	20	60	23	58	28	12	12	85	1	30	91	61	27	27	95	81	78	21	29	24	62	70	39	59	11	3	92	55	79	98	59	18	33	77	9	88	17	52	67	98	26	86	81	46	2	35	28	14	60	28	66	73	-1	10	43	43	63	10	1	66	19	78	69	66	79	11	99	34	96	94	89	48	
36	100	25	89	28	8	95	43	25	66	36	83	92	3	67	81	48	82	54	70	61	33	33	24	27	12	35	68	41	57	73	69	46	36	99	51	100	69	59	70	23	52	1	40	100	52	61	16	15	52	47	12	17	34	68	26	74	88	19	58	98	35	95	79	14	6	24	83	38	48	64	64	92	66	7	9	63	47	89	80	34	-1	72	91	85	71	85	96	30	71	17	18	40	26	3	27	55	94	69	41	
82	69	50	86	85	48	10	31	82	71	77	63	65	9	45	59	59	94	59	85	93	4	96	21	59	74	75	18	75	12	78	21	98	43	86	79	57	15	15	48	31	98	80	72	67	18	35	85	91	79	40	45	72	27	83	86	13	78	39	95	16	94	41	28	92	62	77	81	68	80	99	91	44	37	32	79	78	8	63	99	86	39	-1	83	34	89	69	26	24	47	58	24	30	55	37	24	23	77	47	15	
35	6	73	39	55	26	35	13	65	90	58	77	57	30	3	17	20	98	89	97	15	89	22	66	40	99	8	86	93	15	74	99	97	59	24	34	100	59	62	45	17	95	21	8	45	25	26	81	13	86	89	91	96	84	61	76	20	55	81	5	54	16	2	5	40	79	66	8	10	48	4	95	35	81	21	17	9	22	43	52	75	36	35	-1	60	66	90	92	3	74	65	58	86	51	71	49	82	7	18	2	
11	66	42	35	33	99	40	81	56	92	56	13	17	6	70	32	17	53	48	48	38	23	64	52	60	55	56	81	18	91	61	74	80	43	75	80	36	34	25	31	96	63	41	13	33	20	35	56	26	14	19	14	82	94	24	75	44	2	26	83	76	26	22	56	14	77	61	54	91	71	54	33	37	53	44	7	36	75	15	19	14	32	6	97	-1	6	63	81	43	81	53	23	99	25	62	51	62	63	1	30	
56	22	26	16	56	32	54	9	11	97	10	90	33	30	87	96	24	23	46	71	7	40	62	34	89	12	59	62	74	39	73	96	5	99	24	28	4	97	23	36	65	65	38	8	49	45	52	31	74	21	76	94	93	12	52	63	96	86	51	1	76	43	16	22	6	60	32	41	85	31	38	33	88	95	85	49	88	56	94	94	12	27	92	50	91	-1	10	32	30	57	7	24	46	94	3	43	84	88	21	98	
34	43	31	46	96	93	16	57	21	42	18	45	21	90	10	51	39	30	10	12	35	25	6	2	11	50	98	100	42	92	71	83	93	89	80	16	1	76	31	2	72	3	8	62	64	48	45	47	57	74	71	59	98	70	60	91	3	42	69	58	72	53	5	54	97	76	87	18	72	17	85	83	43	67	62	63	23	77	49	58	68	26	50	73	84	52	-1	12	73	98	32	47	86	98	89	29	63	26	88	84	
43	86	56	93	36	76	1	39	67	78	23	77	40	69	24	22	11	7	53	19	11	71	89	53	43	60	70	16	34	23	17	94	83	29	44	16	45	45	43	88	43	29	48	30	56	18	42	92	60	32	35	8	78	96	16	99	53	14	22	20	40	34	55	29	23	42	27	18	7	88	63	16	1	56	73	44	50	13	57	47	69	8	51	84	89	80	91	-1	52	100	64	22	65	96	2	29	62	6	14	31	
38	61	47	38	88	36	87	34	98	10	76	85	8	48	61	74	54	8	91	88	8	65	98	1	51	31	3	72	21	8	79	5	57	91	56	11	91	76	2	54	44	72	33	73	47	67	37	93	71	75	70	88	49	87	85	77	16	84	10	57	57	30	91	16	62	62	89	36	6	42	26	79	44	45	43	79	95	93	62	55	91	43	83	75	16	70	43	52	-1	11	3	29	49	47	3	17	22	82	45	44	
27	68	17	37	39	63	89	93	89	4	87	46	90	13	7	99	37	8	43	5	52	86	20	33	95	91	51	8	61	85	60	91	41	38	13	25	15	12	66	5	32	23	72	12	84	42	44	54	61	78	65	56	18	37	40	94	38	80	95	62	95	46	39	97	34	32	35	96	47	37	94	34	72	52	96	36	71	57	4	13	9	9	56	58	49	34	82	49	25	-1	26	14	62	69	49	91	26	38	93	18	
44	91	26	60	100	73	87	40	6	12	47	53	6	43	35	65	61	92	86	42	32	41	70	52	4	86	51	67	78	13	86	22	3	86	80	1	87	70	42	43	26	46	39	67	35	28	84	99	60	50	44	29	13	74	8	13	68	33	84	68	49	94	66	8	63	33	66	32	79	5	28	73	84	7	66	32	58	68	9	98	67	48	97	94	90	48	59	30	82	81	-1	51	1	35	54	14	23	59	45	30	
41	28	52	7	94	16	77	72	82	73	34	50	95	9	27	44	1	65	90	100	30	90	92	1	22	64	97	34	83	79	23	89	68	46	56	3	95	42	25	4	60	75	68	74	49	64	80	91	95	1	30	66	66	52	12	17	63	97	35	53	97	87	58	38	26	17	33	98	31	94	75	54	87	55	16	70	48	91	26	50	59	29	34	82	56	8	37	28	69	60	48	-1	23	63	35	25	38	74	54	34	
57	15	88	3	88	62	75	91	85	76	62	31	74	61	79	39	96	79	19	57	2	95	10	51	53	52	55	19	36	84	35	81	47	21	92	69	39	65	58	13	92	14	69	85	91	77	78	85	15	40	55	11	78	41	8	65	11	17	95	85	42	5	38	64	13	87	19	24	22	85	60	2	51	33	52	94	68	96	90	47	35	73	73	54	40	52	72	78	20	16	51	95	-1	44	64	73	44	70	81	31	
69	55	21	37	49	81	34	64	87	14	81	71	39	14	41	78	67	45	19	28	18	93	28	3	1	39	33	18	53	48	57	42	60	66	21	45	47	26	79	7	43	44	81	49	75	57	68	20	14	89	42	62	45	37	65	80	79	31	61	11	23	3	41	78	5	20	73	4	29	19	94	70	32	83	15	80	8	39	39	5	15	76	2	28	91	45	32	56	52	59	11	30	93	-1	84	13	85	64	93	14	
66	92	84	31	86	72	27	51	21	26	81	1	83	5	48	22	77	59	73	60	60	5	12	55	78	68	63	19	54	52	32	91	84	75	36	69	73	73	79	1	62	89	38	62	20	78	28	38	60	86	96	45	33	3	45	78	26	92	67	97	24	38	61	60	8	85	48	84	65	24	19	22	56	88	12	26	67	76	74	31	63	48	14	44	97	31	23	43	48	45	49	14	89	75	-1	42	26	19	97	16	
80	40	8	65	17	24	93	39	22	88	64	50	92	65	89	89	72	94	64	53	22	11	11	52	67	88	36	45	68	2	56	59	53	32	24	10	62	52	34	4	45	95	58	33	25	50	24	30	41	11	29	16	35	51	6	77	43	73	16	46	14	35	14	21	32	19	91	89	86	90	16	55	16	20	61	3	78	30	3	16	28	19	69	64	79	36	21	15	62	84	62	66	1	100	87	-1	39	37	31	82	
39	56	56	14	95	82	7	67	15	12	17	80	73	32	72	85	24	97	98	81	15	4	5	5	96	44	7	67	69	82	11	90	79	52	100	38	17	87	16	14	98	30	59	44	89	49	5	29	1	74	38	50	49	10	40	66	1	35	70	77	94	13	87	24	63	3	37	34	72	3	23	35	55	49	97	91	77	71	2	73	34	41	18	24	80	47	37	85	57	15	96	78	87	1	99	19	-1	51	8	78	
88	37	31	56	10	63	95	41	17	37	19	63	8	40	74	35	70	29	16	33	54	75	99	29	70	47	15	39	26	84	19	73	50	8	98	19	10	74	74	100	21	96	40	4	48	10	29	53	30	39	40	6	52	44	47	76	89	27	14	47	48	2	61	65	44	76	93	5	25	11	38	15	72	2	43	21	55	9	71	65	10	79	39	89	45	59	68	11	3	38	22	47	46	92	72	98	96	-1	21	2	
16	93	75	13	56	10	97	63	30	14	41	75	65	19	8	61	95	83	57	44	73	19	85	23	75	96	79	71	16	36	49	35	42	47	37	41	33	11	78	68	59	97	17	33	47	41	75	19	86	7	14	37	35	19	92	98	52	62	94	15	27	62	85	36	53	99	77	6	48	55	68	50	53	27	25	42	34	24	88	80	40	41	13	23	31	45	10	54	80	27	78	78	39	44	84	3	67	53	-1	17	
2	3	22	77	98	6	82	91	49	17	23	10	80	83	28	10	53	98	50	80	91	44	64	11	11	92	51	19	70	86	60	51	7	69	63	9	27	59	92	48	10	18	27	61	79	93	2	74	55	72	54	1	10	13	62	80	42	91	94	93	93	60	98	47	4	45	3	57	17	73	74	39	57	60	65	91	98	25	45	9	73	53	12	26	66	33	31	81	80	42	51	96	90	88	25	50	58	33	98	-1	
