100
-1	41	5	86	32	77	7	31	30	97	57	55	62	26	92	42	85	70	47	6	67	16	40	46	68	40	47	18	22	8	44	32	76	32	26	56	54	21	47	46	57	10	98	70	9	82	11	69	70	2	34	42	88	94	54	8	98	35	35	82	25	44	82	38	100	31	76	54	15	65	14	63	81	44	63	44	66	69	70	32	97	18	38	75	60	66	63	26	61	38	63	24	85	90	37	51	40	61	12	67	
48	-1	13	55	30	41	75	19	96	92	54	26	93	2	33	95	48	9	21	86	38	49	39	58	72	44	20	19	63	66	67	85	33	34	11	94	97	46	68	31	30	41	81	42	50	59	92	6	89	9	26	19	75	54	82	84	6	92	43	82	6	83	20	7	3	74	76	67	13	76	79	21	31	79	99	62	30	43	58	61	6	56	19	7	100	39	35	29	50	46	14	26	73	71	49	22	77	91	35	59	
58	11	-1	87	76	65	99	32	75	24	97	56	55	95	64	44	1	79	5	52	74	12	2	59	94	54	73	38	31	7	28	85	25	12	3	96	9	49	41	75	48	26	38	65	65	60	4	90	1	75	88	20	34	52	48	46	42	10	75	30	33	25	44	69	6	24	7	36	98	47	100	1	57	95	82	26	41	93	27	85	84	48	96	77	45	43	87	16	38	66	95	26	53	43	88	1	48	68	80	21	
10	44	62	-1	89	26	19	52	30	86	66	78	60	4	26	37	88	44	71	80	53	59	8	90	13	78	61	28	33	81	90	18	95	45	66	25	24	56	22	38	98	5	99	49	60	28	37	22	4	58	10	72	12	28	62	84	8	56	24	52	30	9	64	17	59	64	95	14	65	26	24	34	74	56	32	56	32	65	5	36	5	11	10	60	22	81	46	9	50	63	58	68	28	14	100	77	100	86	21	1	
81	93	81	37	-1	57	65	82	30	1	73	54	63	61	24	77	63	22	31	82	60	32	8	76	35	70	26	4	37	35	27	26	81	12	92	77	15	4	20	51	28	63	51	40	91	62	76	93	20	89	1	53	75	41	86	3	34	5	84	82	35	68	100	64	4	73	3	65	4	98	99	56	55	89	11	55	48	60	7	60	86	42	27	78	24	91	61	13	66	60	73	73	49	94	44	81	36	53	50	27	
76	44	44	30	73	-1	91	46	84	58	96	22	93	74	74	89	43	16	43	54	32	48	32	88	81	24	66	23	64	98	47	70	80	42	37	59	87	58	87	55	81	88	66	52	56	80	85	48	59	95	59	84	30	23	60	37	42	43	59	1	89	30	28	78	9	47	66	74	93	80	70	50	100	71	93	21	97	88	82	39	78	8	87	27	65	82	93	5	24	28	42	3	40	60	71	66	56	75	7	51	
27	57	43	92	23	47	-1	57	85	12	70	46	11	12	41	34	60	40	72	15	22	95	97	7	44	57	99	61	71	39	78	27	10	17	95	75	48	36	20	59	93	13	45	64	55	73	12	29	50	74	58	89	98	23	79	33	73	92	16	26	76	100	43	87	65	74	20	85	34	21	69	95	20	60	94	1	11	73	14	92	93	37	60	84	85	4	34	92	29	81	32	29	5	53	32	66	62	24	76	59	
7	92	8	49	75	29	77	-1	24	27	57	39	2	13	12	82	7	14	70	62	85	16	40	49	79	67	5	3	40	72	10	97	61	38	64	19	96	21	80	46	46	32	99	50	59	99	35	15	75	61	54	31	28	62	69	27	87	76	68	57	7	96	24	66	28	43	17	55	100	86	53	1	82	97	76	49	24	30	18	73	11	82	14	44	68	96	85	16	78	95	46	94	53	28	70	22	36	47	95	40	
18	62	37	97	93	38	61	2	-1	81	15	61	86	48	74	79	42	38	37	82	10	43	61	83	18	90	27	40	90	4	57	74	33	98	98	38	80	43	20	28	50	1	57	76	39	90	48	78	5	98	65	77	63	55	60	83	4	87	74	71	14	57	21	34	64	11	41	77	40	71	46	47	37	17	24	96	36	80	60	69	13	30	93	31	13	21	87	50	62	4	51	81	26	26	99	47	63	50	63	59	
30	58	36	24	7	16	72	27	100	-1	74	43	10	82	41	56	23	84	94	83	56	74	24	97	43	73	20	32	57	67	2	69	35	81	23	19	29	7	11	94	66	77	97	8	92	99	29	54	76	90	30	98	37	89	56	16	6	96	51	3	68	48	8	54	4	83	31	2	97	59	6	69	22	29	17	11	2	90	83	16	68	93	60	98	93	58	63	37	4	52	6	8	20	14	71	42	20	10	13	5	
27	49	92	77	85	41	42	89	98	45	-1	46	97	26	79	25	23	60	43	2	19	55	47	81	20	18	76	12	53	46	24	82	93	89	70	21	23	65	81	86	84	67	29	55	13	85	50	36	60	3	66	84	14	21	81	78	58	64	15	47	4	66	3	18	5	82	13	3	42	16	41	8	23	61	5	69	45	7	31	82	5	20	92	82	7	52	36	6	19	95	84	15	3	7	15	48	29	2	80	99	
62	44	28	34	7	32	47	41	95	59	65	-1	54	2	77	85	20	37	42	82	84	73	12	69	44	52	19	14	1	97	13	69	4	40	36	39	36	50	64	25	42	38	97	50	57	72	36	49	85	44	5	41	33	78	50	94	88	53	61	6	16	86	79	86	92	27	96	91	60	43	41	80	41	31	57	100	31	46	59	56	85	61	68	55	88	29	72	53	56	97	46	53	38	83	92	37	71	39	75	17	
55	90	11	60	58	68	23	88	59	100	41	45	-1	86	78	7	84	51	3	80	8	19	40	64	65	54	21	17	31	2	80	7	8	83	72	91	45	40	100	64	2	65	58	73	66	77	22	82	14	2	19	1	28	99	67	24	43	25	10	76	15	1	23	11	71	8	48	23	87	24	75	62	50	79	85	17	97	73	6	33	80	62	9	66	49	12	21	86	38	19	72	30	7	47	63	83	69	38	91	88	
73	37	70	82	96	38	60	64	22	44	12	16	65	-1	91	50	37	43	31	43	55	24	75	75	68	25	36	61	7	15	52	79	99	97	32	52	72	55	89	72	2	99	86	43	39	82	24	97	9	54	88	31	85	91	77	97	80	26	62	4	44	45	74	10	98	17	16	90	97	28	49	88	55	83	84	35	54	91	70	82	6	25	2	83	49	20	14	28	56	2	38	72	8	79	65	88	95	29	90	74	
99	39	81	20	43	1	50	17	34	4	76	17	56	42	-1	86	23	100	7	50	36	82	49	35	77	60	25	61	95	96	39	10	26	76	60	83	24	22	18	47	48	29	24	99	23	48	55	7	69	73	72	88	67	12	30	83	56	77	42	73	61	79	46	91	29	3	55	64	73	76	2	67	13	8	36	39	35	40	53	26	67	19	18	41	79	65	82	34	44	17	80	50	26	79	25	37	28	71	3	71	
42	26	53	28	22	24	17	63	66	53	59	58	61	40	71	-1	61	7	24	46	65	65	57	69	51	72	4	53	9	94	58	5	92	60	86	46	100	89	39	57	51	70	75	39	12	85	51	41	71	32	75	92	44	80	54	97	9	97	89	42	95	27	19	18	61	93	41	59	11	82	71	36	89	85	27	19	52	5	15	57	7	13	65	100	62	36	47	6	27	40	72	76	39	92	26	79	43	91	72	2	
50	31	82	56	2	23	27	4	65	80	14	71	42	86	42	84	-1	68	45	91	19	54	22	88	6	3	76	3	83	53	46	93	92	92	30	86	35	93	74	61	30	99	63	11	86	24	100	54	62	1	16	24	83	10	37	5	89	18	31	18	77	73	60	18	49	43	34	46	79	31	76	79	37	24	5	18	28	40	13	81	88	58	84	65	31	22	96	88	18	62	37	91	60	63	51	26	92	88	24	38	
46	3	41	63	37	65	14	95	35	55	99	31	84	58	77	50	15	-1	27	84	71	19	7	3	58	85	88	79	92	51	49	79	22	48	27	63	28	41	9	62	19	40	4	6	53	78	82	87	63	39	64	35	83	92	19	96	3	92	24	14	62	84	30	3	42	19	67	44	21	2	62	18	12	59	64	93	85	68	30	35	4	62	18	88	88	39	15	81	26	41	82	74	79	56	95	97	86	10	60	67	
56	4	24	41	19	59	19	68	4	85	61	100	89	98	80	31	83	30	-1	10	16	8	43	51	54	15	3	98	55	62	24	50	93	44	39	84	55	60	98	28	47	19	100	92	27	82	9	79	33	94	75	1	23	47	64	58	91	78	97	18	67	94	22	20	25	97	31	58	77	44	50	55	91	100	50	62	82	63	80	55	1	82	16	83	50	88	90	76	72	40	9	25	53	18	12	31	47	23	43	13	
54	21	44	42	75	89	47	4	68	28	83	19	59	8	34	6	71	64	58	-1	45	57	73	52	75	56	54	26	14	51	30	40	14	58	65	28	66	15	20	67	5	10	89	73	23	40	95	80	74	28	49	60	16	54	13	6	58	52	7	15	74	46	62	26	44	26	58	70	50	76	99	61	78	62	7	64	96	55	66	76	20	17	37	76	81	48	32	55	75	9	27	48	95	47	24	5	80	53	38	26	
56	97	93	46	59	75	56	50	70	60	79	8	32	100	39	33	69	2	62	19	-1	61	92	47	86	28	51	54	85	89	99	88	67	16	98	38	47	75	93	62	16	88	24	21	73	21	99	78	84	56	92	40	54	37	24	84	35	69	96	57	45	28	17	4	58	75	75	65	49	42	89	99	98	63	26	80	67	24	65	28	1	53	71	96	19	18	93	4	91	88	36	70	99	45	54	37	43	16	73	76	
19	37	30	57	20	87	54	76	54	100	11	80	8	13	2	95	11	38	48	53	40	-1	58	99	63	97	11	86	17	90	97	75	34	20	24	12	6	89	55	80	93	5	66	8	2	13	32	62	38	30	57	64	94	16	66	27	70	96	91	17	23	86	47	82	3	83	26	24	68	70	35	17	83	58	97	92	18	79	77	37	51	76	64	45	39	9	1	6	57	84	68	80	83	73	72	37	79	49	24	84	
14	80	76	56	62	23	26	59	28	92	88	61	100	57	31	91	83	61	30	68	58	88	-1	23	2	9	73	52	92	91	90	54	75	28	85	94	2	78	77	41	34	52	54	18	41	8	80	57	63	68	100	55	51	71	74	19	4	94	3	7	15	65	50	11	2	10	73	48	33	47	4	21	36	58	86	55	70	39	90	67	16	21	44	56	13	26	72	53	37	44	27	96	83	26	9	79	3	12	90	39	
43	50	19	71	46	95	100	30	11	48	35	40	67	82	92	22	85	54	55	36	77	52	65	-1	19	51	34	82	35	41	66	26	39	72	29	48	18	39	61	23	48	8	97	35	81	59	75	99	45	76	15	27	77	32	90	20	85	87	82	23	79	77	84	66	63	67	97	77	47	83	37	5	20	54	41	10	86	68	4	74	60	41	5	99	40	3	15	21	46	68	88	22	34	61	66	10	99	88	99	71	
65	14	88	80	67	79	36	15	6	26	94	77	76	80	48	49	76	17	29	45	53	85	78	4	-1	49	12	56	46	8	7	9	58	9	89	24	37	12	66	2	16	17	66	11	24	40	69	4	59	34	34	22	90	7	6	38	96	59	71	51	14	62	8	69	73	99	63	75	52	92	68	95	71	88	7	44	46	45	33	97	82	45	39	92	8	75	44	54	68	97	12	57	73	68	20	54	54	50	52	15	
84	47	91	68	85	75	5	94	32	19	71	51	74	6	43	29	37	38	90	13	50	15	66	71	41	-1	79	15	35	39	34	100	6	83	92	78	3	57	93	41	75	91	33	96	55	91	64	90	28	99	47	44	99	51	88	61	66	48	18	43	18	73	13	48	55	15	16	89	53	97	15	54	25	13	67	30	95	96	28	49	40	75	95	91	27	43	85	86	32	14	86	2	6	68	4	96	18	69	14	61	
66	47	37	48	54	10	38	43	60	86	62	50	99	93	82	17	47	6	29	60	11	13	86	99	71	40	-1	54	2	35	17	59	73	59	53	78	24	64	20	6	47	35	98	53	56	48	5	47	65	42	20	36	27	90	72	67	19	45	8	61	28	93	87	58	53	78	97	82	37	97	25	6	32	70	65	50	16	19	15	38	80	92	68	48	96	4	2	81	25	32	30	17	21	98	26	100	70	37	99	50	
11	51	99	43	4	51	98	88	16	24	10	45	88	41	71	59	65	11	4	23	25	96	96	3	98	1	100	-1	41	39	15	13	10	95	37	100	1	75	93	40	60	31	55	35	29	28	2	21	57	1	42	94	62	7	37	35	27	97	7	95	48	56	55	65	9	32	47	8	67	3	43	70	85	34	56	54	29	16	85	78	19	25	85	80	5	68	20	79	48	89	62	84	93	90	35	85	88	62	89	21	
37	94	83	5	4	23	52	47	19	45	99	70	81	27	4	85	5	19	7	63	90	3	3	26	58	60	30	35	-1	42	49	23	58	48	27	60	65	48	96	85	86	83	54	52	64	70	86	15	23	49	12	27	25	63	33	42	35	64	58	48	52	28	58	21	22	44	99	50	74	42	73	76	58	82	96	21	98	66	11	82	56	70	80	9	71	69	98	80	41	74	24	29	71	90	44	7	6	76	45	33	
24	34	41	98	73	80	61	76	42	79	72	21	37	72	2	79	82	64	46	95	98	22	11	45	70	31	92	49	54	-1	69	49	17	42	91	76	73	57	48	27	91	73	38	35	92	70	34	30	31	70	1	22	49	76	84	46	68	23	75	13	72	98	22	71	10	98	78	86	3	95	3	78	68	70	34	28	8	78	40	1	55	18	51	29	88	99	45	70	70	11	75	83	6	85	76	52	56	90	78	7	
74	18	96	40	13	83	9	38	95	7	87	58	41	16	47	67	70	49	97	34	51	86	71	38	8	88	11	75	91	90	-1	36	4	56	52	24	23	25	94	35	13	62	19	75	89	48	18	77	97	5	52	71	2	47	68	94	7	75	32	14	69	91	76	16	33	96	67	54	14	8	60	5	33	70	31	43	99	27	17	84	74	19	98	4	82	59	44	33	81	25	91	45	72	25	59	44	80	61	93	63	
42	93	73	3	71	89	47	8	63	68	45	5	82	83	85	11	95	53	44	36	16	56	29	9	6	31	18	67	95	33	44	-1	67	82	14	93	36	58	77	23	26	41	90	34	67	65	89	74	45	4	94	94	70	25	14	96	14	99	11	38	91	53	75	84	57	54	2	52	5	26	41	34	92	1	13	20	87	100	41	40	33	17	47	95	31	50	97	62	11	58	31	7	13	91	35	3	30	58	21	81	
65	63	32	77	78	24	85	6	41	18	59	49	44	23	75	83	36	66	16	81	57	2	61	17	16	76	5	39	25	35	99	21	-1	29	90	88	69	61	33	90	5	92	52	79	15	53	21	5	29	29	34	99	31	52	30	99	59	13	32	65	54	87	8	33	12	100	19	28	44	93	1	13	93	28	57	53	75	10	87	99	43	73	84	90	4	31	51	43	99	71	83	39	26	71	42	81	62	75	56	52	
22	33	75	64	86	98	53	81	85	36	10	52	35	93	71	13	18	74	51	24	35	15	46	72	88	34	80	36	19	38	7	44	49	-1	14	79	60	67	6	20	15	89	65	89	87	54	68	12	76	8	70	29	6	4	61	32	50	59	47	46	26	66	96	67	36	51	76	85	77	62	11	35	52	47	33	68	30	52	71	18	35	61	79	62	49	14	48	14	50	45	84	72	72	88	86	65	76	9	33	42	
96	57	98	1	74	10	51	71	4	17	29	29	98	86	68	37	80	4	40	90	61	36	58	39	32	10	63	83	60	59	40	45	91	49	-1	79	50	43	11	40	67	65	4	63	13	85	43	46	54	94	24	58	26	85	13	95	34	28	89	40	7	69	21	27	98	40	2	48	7	37	74	60	31	69	42	81	99	32	80	60	58	16	20	14	46	44	8	23	93	78	88	24	81	97	3	63	18	18	16	100	
95	54	39	42	24	100	96	82	78	28	64	3	3	35	13	75	100	4	37	81	29	40	6	44	40	53	64	23	68	96	94	13	62	100	70	-1	30	44	15	64	27	2	71	16	71	59	43	23	2	2	87	39	46	32	97	10	52	52	98	86	92	84	16	77	60	53	37	10	38	42	28	50	95	20	46	77	67	2	28	42	79	27	24	72	38	73	33	41	59	45	38	35	29	54	49	41	36	75	72	97	
87	39	92	28	59	71	86	5	71	91	79	65	77	12	98	78	48	97	31	71	97	8	67	63	31	39	99	66	26	92	28	85	76	41	24	40	-1	14	27	73	80	100	94	82	58	96	88	7	58	8	30	41	80	27	92	23	80	5	46	70	36	41	1	79	78	38	59	70	67	81	85	5	4	82	55	54	19	25	47	98	92	95	43	78	47	29	41	60	9	96	96	62	35	14	92	12	6	56	89	11	
57	72	72	93	27	16	35	84	21	76	78	35	19	89	17	90	58	10	63	17	97	28	16	43	86	36	84	99	48	76	100	96	62	54	8	1	23	-1	11	1	86	71	52	27	62	29	45	79	53	99	67	27	45	9	24	50	13	14	24	54	24	71	26	39	36	6	84	10	4	18	47	1	10	79	46	41	39	96	24	65	16	27	20	97	82	65	89	18	4	83	82	80	91	60	71	70	74	44	13	21	
64	88	79	95	71	59	77	21	10	53	65	59	85	2	12	95	79	37	98	49	48	89	73	61	17	23	19	61	56	41	14	13	56	35	3	52	17	61	-1	86	5	99	80	9	54	73	56	47	43	100	48	100	22	41	36	86	97	100	52	17	97	21	93	50	54	4	10	24	56	59	71	73	52	83	48	76	57	20	52	50	20	29	80	86	90	80	59	96	45	57	58	86	74	45	4	10	5	16	16	18	
97	43	45	93	50	48	79	89	52	35	63	5	2	30	95	53	51	91	67	72	60	85	75	53	62	36	10	5	89	12	46	36	49	80	77	26	20	35	79	-1	48	32	88	25	51	94	51	78	72	83	68	72	41	22	30	53	23	79	66	19	4	91	33	76	71	27	14	62	77	5	65	81	59	4	21	50	21	27	21	33	57	42	37	54	84	76	21	33	72	88	71	6	35	89	97	6	54	60	53	31	
42	81	40	29	67	88	36	82	35	62	82	51	25	26	24	65	77	93	71	71	83	98	23	88	45	25	73	51	58	18	70	21	4	49	82	95	63	45	71	5	-1	71	85	63	10	38	49	83	88	47	37	39	79	12	23	26	81	11	35	82	48	99	55	7	4	40	4	22	31	4	50	93	34	100	83	9	72	64	66	8	84	18	5	100	88	28	29	12	5	96	82	54	58	96	63	1	87	18	74	11	
44	97	55	6	26	16	29	74	22	74	78	50	78	67	84	12	15	67	60	86	15	57	58	75	19	77	85	24	84	61	44	51	31	80	57	74	5	36	33	68	96	-1	53	32	65	32	66	26	50	32	8	30	42	73	5	83	75	63	11	37	13	73	49	29	53	36	37	98	96	67	67	25	13	18	57	16	73	46	7	8	70	63	8	41	50	73	13	37	36	8	42	15	70	7	55	37	17	63	61	33	
6	75	10	72	47	95	81	3	58	90	72	5	8	16	58	1	72	16	73	65	84	20	53	64	97	6	75	40	87	95	16	91	99	63	84	27	93	92	29	35	4	70	-1	4	49	20	90	27	96	38	70	36	39	69	57	69	99	60	62	96	3	27	42	5	50	72	69	6	44	51	58	46	74	95	27	69	40	74	35	91	60	42	74	10	21	50	29	54	20	61	67	95	21	45	62	41	65	19	34	79	
2	8	27	84	56	47	73	19	99	90	85	33	69	14	70	65	41	3	28	11	68	95	52	71	47	1	68	80	100	33	66	96	42	98	87	34	96	72	24	72	81	100	65	-1	42	77	13	36	86	54	88	72	56	97	93	50	85	31	39	92	76	68	42	80	45	67	72	84	97	18	87	32	61	67	56	83	49	86	98	53	56	77	45	96	74	74	53	65	85	88	16	22	4	56	3	58	65	9	62	8	
13	94	2	16	17	95	23	2	91	39	27	41	13	21	30	19	93	40	2	69	10	19	2	61	34	33	74	54	24	92	80	44	96	73	94	69	21	7	79	4	47	61	23	19	-1	17	26	51	18	48	17	68	6	24	62	22	3	83	41	12	57	80	37	27	24	1	50	76	51	20	99	57	91	38	83	10	13	21	92	60	21	12	4	11	19	49	12	81	26	74	6	38	91	47	27	13	4	22	61	22	
94	76	97	70	84	55	17	8	49	37	84	98	8	36	46	23	93	94	57	97	95	35	96	7	88	29	39	31	24	32	59	74	98	13	23	76	59	99	23	37	24	28	25	79	78	-1	9	65	60	12	98	54	40	93	8	21	70	11	55	7	62	11	70	3	39	66	80	61	21	43	78	2	18	6	55	35	8	20	95	64	15	100	82	78	61	94	67	75	49	30	12	37	96	47	57	1	57	72	49	85	
96	86	7	33	69	31	97	59	2	75	65	52	74	13	1	73	27	20	64	25	27	15	77	53	42	62	48	70	31	26	47	37	8	18	75	9	71	39	95	40	91	1	63	87	26	79	-1	93	43	20	16	28	20	88	75	50	77	57	12	44	72	67	73	27	84	51	64	77	64	45	73	44	82	61	78	42	36	92	97	90	17	7	14	23	51	79	54	90	95	48	3	16	50	68	64	32	87	60	28	18	
48	37	78	97	82	38	8	30	47	22	68	13	22	32	30	56	54	50	67	78	87	2	62	77	53	2	85	63	37	27	6	9	53	61	38	66	67	40	41	90	45	69	96	10	47	59	100	-1	43	45	48	32	53	55	93	32	83	47	37	90	43	50	20	9	67	81	63	73	50	57	58	51	99	65	18	89	16	39	100	15	6	85	86	35	48	5	4	14	93	7	5	40	58	6	59	7	52	50	89	3	
9	69	72	96	5	87	16	22	24	74	15	84	38	9	74	33	46	100	71	60	44	17	38	63	9	50	80	50	95	20	17	19	61	46	42	88	63	72	78	77	53	60	80	3	46	34	89	86	-1	28	97	46	10	75	78	37	23	94	13	99	11	36	93	57	86	75	60	7	61	33	54	54	36	44	94	55	56	4	55	75	25	94	15	60	87	39	97	28	56	69	28	17	49	25	23	52	32	86	11	62	
66	88	84	55	88	97	7	81	79	96	76	41	84	71	2	100	37	91	31	8	33	41	53	16	46	47	1	42	29	12	96	12	38	72	55	25	53	67	20	12	59	83	49	25	29	76	66	27	58	-1	96	42	74	95	47	43	25	64	33	68	67	45	65	70	46	38	68	5	76	58	2	83	89	6	29	35	36	69	48	80	54	67	57	44	48	86	46	79	93	57	17	43	67	55	14	18	68	10	69	49	
84	33	72	10	33	14	5	73	11	12	84	75	45	4	23	57	28	54	55	3	14	63	75	18	14	37	55	50	66	18	6	16	25	76	6	77	78	100	28	15	57	38	75	44	44	56	78	15	68	83	-1	46	54	34	38	60	69	76	37	67	44	76	45	20	45	39	56	55	14	46	64	49	58	73	26	30	73	80	37	49	96	94	92	50	96	11	64	60	49	25	72	26	68	83	96	59	52	34	45	28	
55	72	61	97	8	97	66	89	16	27	41	37	56	61	7	88	93	23	4	42	53	93	29	66	84	85	28	42	1	15	51	28	91	3	64	7	52	64	8	75	49	43	21	81	29	25	86	39	66	93	73	-1	78	89	85	66	41	86	36	51	97	97	52	53	77	75	73	70	24	87	74	13	8	42	2	45	66	97	37	58	39	67	29	44	14	10	63	73	95	26	62	93	61	59	82	65	87	54	65	57	
28	55	90	9	61	33	62	37	48	47	55	91	50	38	87	41	4	15	29	15	33	18	49	72	10	51	10	37	36	72	75	93	78	43	46	91	2	50	93	72	54	84	94	52	86	21	71	39	40	12	77	24	-1	82	40	24	90	59	46	34	58	13	98	15	32	39	48	6	97	19	47	17	47	56	18	6	82	55	51	100	72	27	22	73	36	96	64	67	37	69	31	24	51	76	98	81	12	14	81	64	
93	90	46	69	79	99	80	76	90	58	57	81	86	4	44	11	23	12	84	69	55	36	2	10	78	1	35	49	63	16	30	49	56	22	58	37	2	67	67	82	86	83	29	63	18	88	54	85	92	100	66	44	72	-1	31	4	58	33	56	94	47	95	32	59	21	30	41	92	85	36	87	97	73	86	41	90	47	92	71	41	90	25	16	97	15	70	34	88	67	86	31	93	15	41	23	81	40	58	31	51	
33	59	24	29	65	76	5	17	17	84	80	72	50	32	71	94	90	20	66	54	97	71	9	43	45	20	88	83	99	94	5	31	77	65	85	67	35	10	2	52	37	22	56	23	56	2	6	99	93	73	55	10	44	28	-1	64	84	78	38	4	33	20	88	27	92	1	3	51	60	61	46	17	34	56	21	42	19	66	86	81	91	96	38	32	81	36	67	93	17	100	21	19	44	60	29	20	23	33	5	78	
67	53	78	57	27	36	18	59	26	3	78	83	99	88	11	42	30	33	34	15	37	85	14	88	3	76	45	1	3	53	95	61	96	21	2	23	92	23	33	67	91	87	36	20	89	71	72	32	70	27	11	42	36	51	49	-1	76	46	87	64	6	77	89	13	1	96	39	20	6	48	11	10	97	35	7	25	94	84	98	20	27	56	74	16	44	31	68	42	86	54	12	17	98	83	18	50	77	94	81	3	
19	79	46	41	25	64	45	45	26	36	6	44	91	20	98	38	47	37	18	32	31	50	5	74	29	87	66	24	38	98	21	90	34	30	83	41	100	21	90	100	3	26	41	85	59	10	23	36	99	94	39	45	95	2	17	73	-1	44	17	43	65	43	25	30	58	78	40	33	12	10	98	58	29	58	29	73	1	11	83	2	4	9	7	10	91	68	59	64	87	43	95	3	62	57	70	44	19	40	73	18	
8	86	68	66	42	26	81	16	72	32	6	21	40	9	39	63	31	89	11	62	95	17	39	88	18	19	9	35	25	59	61	13	2	29	74	60	85	89	15	100	100	82	91	2	45	86	82	14	53	28	65	59	47	83	97	85	63	-1	10	58	3	91	40	93	70	53	87	12	90	75	59	22	71	67	28	99	59	91	52	92	23	24	34	98	3	89	12	3	65	75	82	50	48	11	39	20	61	11	7	51	
2	96	73	58	27	83	43	97	46	50	13	50	70	70	94	40	38	79	1	31	50	19	30	60	6	7	3	23	6	6	17	74	74	3	87	4	75	38	11	65	9	34	94	67	15	65	73	94	76	39	37	76	39	47	23	73	41	8	-1	40	41	5	27	82	73	17	58	52	38	79	76	51	32	66	22	46	48	34	6	38	8	29	29	33	63	84	67	36	19	17	13	11	78	10	78	78	21	42	51	73	
67	11	67	27	65	64	31	11	60	19	9	34	79	37	79	57	43	53	66	86	44	99	92	72	30	22	87	48	1	23	51	81	88	63	58	8	48	47	81	21	63	10	77	13	10	13	56	32	32	26	94	96	36	13	47	98	58	87	98	-1	17	73	3	58	97	31	43	56	6	5	94	96	1	13	100	100	30	54	27	63	11	70	3	13	31	90	56	88	94	81	70	42	44	45	22	44	1	87	71	18	
72	45	83	68	95	31	91	16	53	69	53	5	33	98	96	40	94	86	89	57	16	79	52	8	34	66	84	80	60	4	87	56	31	47	25	24	42	92	41	58	55	97	97	58	63	79	1	15	66	12	34	3	47	65	95	64	94	67	29	79	-1	34	31	12	34	14	40	61	65	3	4	48	38	48	58	29	2	88	6	31	93	99	100	21	9	95	42	9	38	77	21	93	89	40	75	80	35	30	31	97	
59	97	72	2	60	87	10	19	16	89	1	44	88	52	31	37	97	57	42	88	6	7	79	80	58	54	37	76	64	91	68	42	46	1	23	69	76	33	99	37	89	33	82	17	26	94	93	5	21	21	62	42	99	47	37	91	42	39	15	69	78	-1	84	47	100	34	46	17	35	29	90	8	18	42	49	25	75	28	32	20	15	42	98	21	62	2	6	39	92	29	84	67	5	19	5	77	75	66	25	38	
63	44	97	34	26	97	53	68	92	94	47	26	86	24	93	3	20	19	27	70	16	46	69	81	86	51	23	9	40	92	86	71	1	37	38	20	61	50	88	81	58	48	31	66	38	99	97	89	7	74	31	93	64	54	97	35	90	24	14	3	29	94	-1	32	56	49	76	6	86	23	67	19	92	12	33	79	45	91	70	95	17	61	11	13	52	98	21	28	43	15	72	29	4	76	29	27	31	83	45	97	
96	72	46	33	91	5	79	59	42	93	43	94	58	1	26	74	68	16	83	15	40	40	21	57	63	83	85	25	94	67	19	82	27	8	93	47	96	43	68	52	81	64	92	59	37	99	34	90	40	44	44	66	59	57	77	98	44	48	57	67	40	45	23	-1	10	34	23	14	29	54	45	1	10	66	16	30	82	48	40	8	44	76	80	79	80	95	78	36	55	56	70	43	24	57	41	5	96	50	45	85	
74	74	43	33	56	46	34	73	6	10	90	68	57	33	15	1	14	68	26	48	76	54	45	41	18	62	99	65	5	17	34	88	34	91	89	10	59	12	60	4	36	71	98	58	28	9	41	90	47	63	80	48	14	34	36	88	33	98	43	19	1	26	15	37	-1	86	69	15	22	90	36	43	45	99	4	64	5	62	51	18	66	52	90	25	55	29	8	73	24	10	74	46	42	27	42	10	22	94	100	33	
86	66	67	28	22	48	16	69	95	70	80	33	49	57	91	70	78	88	29	83	24	77	88	62	92	99	11	13	61	17	73	43	70	7	32	21	60	90	35	75	26	5	98	44	62	13	34	67	13	36	32	26	2	21	6	97	47	39	24	74	83	36	35	58	94	-1	8	3	4	59	58	90	96	55	26	16	7	35	96	46	88	40	52	94	26	72	23	48	37	72	44	81	19	15	22	30	36	34	6	97	
47	50	12	68	26	58	34	59	40	30	43	19	53	58	93	70	75	55	82	68	52	18	85	94	30	91	4	63	22	81	76	41	92	39	95	53	7	26	5	61	96	80	42	5	95	56	59	28	62	71	59	80	92	91	40	56	29	77	2	1	77	17	70	75	46	32	-1	47	54	65	45	18	36	27	57	76	53	32	75	17	12	77	12	5	24	91	81	93	3	67	14	91	5	7	76	14	84	12	38	98	
78	78	45	30	76	17	32	82	2	98	5	47	47	41	73	25	38	32	65	5	13	92	42	7	61	38	43	6	31	96	73	65	57	65	15	36	16	51	50	92	24	39	62	34	68	7	19	19	52	79	75	75	80	88	5	76	91	8	25	82	56	1	49	59	56	2	63	-1	41	4	7	56	24	16	21	12	6	19	93	51	74	25	12	27	45	7	3	51	43	70	39	16	59	43	27	21	13	30	9	81	
88	100	35	100	57	5	55	73	62	29	21	39	70	46	94	93	60	75	49	31	51	75	70	26	57	25	10	79	54	95	90	84	62	41	81	98	57	11	4	19	43	97	69	23	77	30	40	60	79	11	74	66	93	73	84	56	35	9	82	13	28	67	97	70	91	42	23	44	-1	17	50	14	8	97	71	91	49	89	53	39	5	59	87	22	12	60	92	87	26	61	16	76	52	7	19	34	61	70	63	40	
92	20	67	8	52	11	44	34	95	22	87	36	60	75	15	37	97	62	93	62	72	49	9	22	96	25	22	17	94	75	76	7	40	39	33	98	17	17	19	77	78	53	33	23	5	1	28	95	17	99	95	41	21	77	32	85	44	63	37	46	96	87	98	2	50	37	17	40	22	-1	16	12	34	54	45	18	40	12	89	61	5	71	33	10	8	51	69	37	25	70	36	58	70	13	26	24	64	59	3	10	
74	2	88	84	84	75	91	66	80	100	96	98	5	97	77	14	59	92	58	93	39	80	77	39	51	43	88	59	33	38	80	72	56	86	48	69	71	37	71	94	77	47	90	36	73	33	41	48	10	97	15	75	53	19	13	28	6	40	7	86	17	93	73	19	59	14	89	22	3	67	-1	20	81	88	79	74	14	43	88	89	39	22	2	17	71	93	67	26	99	28	6	62	37	52	2	74	64	1	54	10	
32	92	99	67	67	18	13	97	16	21	73	41	83	5	98	20	50	50	76	56	94	96	1	3	16	10	46	66	82	51	21	52	9	42	67	31	21	50	17	46	39	77	74	44	69	20	31	47	23	47	65	100	77	1	3	19	44	59	9	58	42	30	52	26	68	61	44	89	74	51	10	-1	82	90	13	73	34	12	80	95	35	78	42	91	82	42	89	11	77	16	68	11	13	6	36	40	90	37	90	37	
40	50	7	69	40	21	64	91	4	57	71	75	91	83	90	14	77	11	83	72	81	9	71	39	88	100	18	59	69	93	63	92	41	70	17	87	97	97	30	56	6	74	39	75	96	19	43	98	90	3	22	27	13	73	1	23	94	11	77	5	33	83	53	55	8	81	29	78	69	92	43	60	-1	79	1	2	83	74	41	89	7	80	95	64	32	90	74	23	57	4	88	24	96	58	7	61	47	12	91	38	
42	79	29	67	35	24	65	2	10	20	54	12	13	32	94	80	63	43	88	67	74	10	6	58	34	95	6	89	52	82	72	58	1	91	69	34	80	96	23	58	18	38	37	64	19	54	68	90	19	38	1	99	10	63	69	89	9	1	63	39	30	5	89	52	93	47	90	4	100	76	94	74	89	-1	41	46	61	2	41	13	98	13	83	79	77	36	72	78	12	95	40	46	74	40	58	37	97	12	57	47	
41	71	67	90	1	92	45	21	19	6	85	54	20	85	63	34	31	62	4	24	71	88	18	28	25	80	8	5	51	36	73	72	5	33	30	20	41	14	77	75	18	15	99	10	61	23	34	52	88	66	48	99	58	38	82	96	94	48	80	40	91	66	56	78	88	34	85	86	77	1	38	35	38	12	-1	87	30	99	3	91	67	40	29	83	83	45	80	50	50	40	81	57	22	5	21	41	16	83	57	39	
87	41	79	31	38	28	87	8	52	3	53	75	58	43	3	50	57	24	33	83	99	59	87	80	23	69	7	37	91	12	56	93	80	81	61	73	98	94	62	83	18	85	56	29	46	57	76	8	28	35	6	84	97	11	42	77	12	72	14	24	45	33	53	38	55	94	51	20	45	50	66	51	56	10	81	-1	74	66	2	3	10	29	30	27	26	79	24	89	3	16	16	55	93	68	100	5	87	91	26	69	
31	83	70	63	81	61	56	16	2	62	66	82	68	55	49	12	92	54	22	45	3	27	23	62	41	63	3	43	11	32	38	55	10	94	96	53	29	53	85	69	80	94	5	7	45	66	9	24	39	12	97	30	12	98	27	87	3	75	60	65	75	51	7	36	35	76	3	7	74	48	72	36	16	95	3	47	-1	2	78	12	88	30	20	5	64	23	40	14	33	60	63	57	41	30	47	59	94	87	32	62	
30	57	90	44	96	91	12	12	69	18	8	76	9	71	90	3	75	19	29	51	26	95	27	77	40	53	80	35	95	29	83	79	3	5	88	75	51	29	6	84	83	34	95	99	13	71	79	9	54	41	2	86	76	69	84	40	6	12	75	28	24	55	56	25	99	2	6	24	55	25	75	68	63	77	11	31	80	-1	84	90	80	35	21	89	50	80	82	57	26	15	98	47	9	56	5	91	68	73	62	38	
95	81	16	69	78	90	36	53	34	44	70	99	33	16	46	85	93	54	73	82	83	15	60	76	65	17	60	77	12	76	83	78	76	24	14	16	96	12	55	47	90	23	60	35	86	38	29	75	74	37	91	43	91	57	37	3	38	85	40	72	89	63	57	41	39	30	34	50	100	81	1	16	26	59	31	97	57	41	-1	41	9	41	19	23	65	98	62	26	95	43	61	40	90	67	59	65	8	68	65	4	
21	72	89	98	73	54	74	62	69	60	32	75	62	86	74	66	19	80	54	15	48	84	29	60	15	78	28	47	85	67	50	57	56	87	23	32	32	66	80	10	40	13	28	14	43	54	99	23	22	81	25	47	55	13	61	78	46	86	66	66	79	52	57	65	60	88	48	72	28	37	79	71	17	95	46	35	82	35	46	-1	71	100	45	39	90	34	61	16	75	23	56	45	75	15	91	78	75	84	53	29	
53	30	93	22	80	12	86	4	69	41	70	15	94	59	49	63	5	36	79	40	10	70	14	64	85	55	64	93	76	20	89	31	93	33	42	44	82	54	30	59	41	44	83	61	83	51	95	98	8	98	64	63	45	84	89	36	65	86	4	1	63	9	68	29	4	93	70	6	96	46	71	2	63	41	79	61	70	3	61	52	-1	6	62	97	2	20	44	10	69	6	88	21	19	5	1	30	62	23	94	82	
52	11	72	21	31	38	78	12	75	96	55	49	1	96	23	38	97	12	70	68	79	25	6	81	87	45	27	15	73	42	17	66	78	62	92	20	44	31	63	20	55	41	23	65	89	33	9	67	35	9	63	54	82	29	43	26	29	68	24	91	43	12	33	58	35	54	47	8	10	57	62	53	65	24	39	79	32	30	77	13	98	-1	2	2	58	65	15	99	18	57	30	14	94	56	6	14	43	29	2	52	
61	1	61	9	49	29	74	12	25	49	91	74	14	80	28	75	39	86	39	35	32	2	30	24	61	100	23	57	87	14	59	3	83	93	75	60	55	86	95	58	6	93	7	44	100	98	26	51	48	35	44	74	23	13	73	98	58	62	20	53	8	35	21	9	47	61	57	1	39	65	26	75	54	24	62	96	73	56	45	8	75	45	-1	35	32	37	98	6	21	50	72	40	54	68	87	55	85	87	22	22	
14	12	46	51	5	69	70	34	29	27	10	9	73	39	47	3	21	25	77	50	24	6	56	88	77	85	56	74	64	40	60	8	42	76	29	95	3	15	94	52	71	64	3	13	43	92	11	33	82	95	30	64	51	52	47	60	97	86	40	25	16	7	95	12	22	42	34	90	98	56	98	7	47	74	97	93	36	18	43	33	82	99	85	-1	17	87	54	49	71	18	82	1	33	99	91	19	85	53	38	36	
39	68	20	52	45	40	92	42	30	75	1	84	34	18	41	57	85	99	75	33	29	73	3	9	29	40	87	92	72	27	8	92	23	68	71	29	70	66	38	7	40	64	21	82	60	81	5	87	83	95	6	9	3	57	24	29	86	16	29	77	8	68	44	18	93	95	1	73	43	98	44	79	50	52	95	49	56	91	59	27	67	100	9	19	-1	49	90	5	40	84	14	48	7	50	93	23	78	78	63	2	
32	15	6	62	68	25	62	69	37	26	60	88	21	71	13	11	48	47	24	54	48	74	66	72	54	82	77	35	24	78	91	3	53	32	21	56	68	72	35	20	69	97	65	54	32	28	42	68	12	99	36	59	39	85	81	64	54	43	96	85	63	100	47	90	25	55	68	42	28	40	17	61	2	22	41	6	42	89	47	36	98	36	33	60	54	-1	84	82	18	87	61	83	66	21	28	44	89	68	47	1	
84	48	17	70	2	96	77	56	41	85	68	93	39	32	44	84	46	21	80	1	93	28	93	1	44	8	84	37	54	10	17	3	58	84	30	34	53	83	25	35	37	50	93	95	33	8	32	15	19	88	88	14	81	62	83	6	9	89	65	62	7	79	40	82	28	76	15	23	88	63	58	65	56	13	33	74	2	55	99	88	100	54	65	46	75	42	-1	66	51	27	83	42	32	67	7	78	79	39	83	86	
67	81	39	25	30	40	33	60	33	34	41	37	19	90	41	74	96	29	53	35	83	20	96	92	2	53	29	15	25	13	87	56	38	71	21	62	7	51	28	57	52	13	2	96	23	71	23	88	45	32	22	42	42	19	82	2	44	83	50	96	48	28	54	52	54	30	47	32	35	28	28	13	55	92	46	46	40	76	25	51	79	8	12	90	33	39	54	-1	62	70	40	46	57	37	74	5	4	77	61	34	
20	82	95	58	23	79	17	48	15	42	90	94	14	4	74	18	47	87	14	76	8	73	40	25	53	11	57	79	20	50	2	29	69	8	23	54	92	39	5	53	60	25	8	64	38	64	84	77	34	28	23	32	46	57	31	38	1	14	32	2	45	22	20	86	48	6	38	80	95	59	37	13	56	18	9	53	54	17	56	25	63	13	62	26	57	68	93	35	-1	72	87	2	52	67	59	51	95	80	92	7	
15	21	12	59	12	4	41	91	35	7	33	72	2	37	20	43	45	63	68	6	34	99	65	89	98	13	68	28	45	14	44	50	25	25	13	85	38	32	8	61	68	8	60	18	19	85	31	26	34	92	60	14	96	33	44	28	56	51	70	49	68	90	40	4	96	9	86	90	18	87	65	15	97	14	88	73	58	22	82	55	58	84	60	61	45	87	48	35	34	-1	59	95	43	28	3	47	83	1	10	40	
18	45	42	83	29	21	21	23	84	33	93	72	55	62	77	97	92	44	29	66	78	87	18	54	10	93	74	97	56	99	78	22	44	87	96	31	91	26	32	12	33	65	94	65	32	85	26	42	45	63	18	9	73	29	19	99	11	34	46	47	71	4	33	60	78	76	34	100	77	82	24	16	95	10	16	13	11	82	89	11	29	68	3	22	16	58	92	31	8	24	-1	56	52	93	46	38	62	59	84	72	
50	75	14	48	6	18	27	71	5	97	60	63	1	85	32	27	40	55	91	9	93	27	12	95	60	100	79	94	77	59	50	41	97	89	34	97	98	42	14	32	84	44	84	55	19	83	99	51	63	86	32	83	41	26	7	12	48	22	41	45	68	18	56	69	54	75	6	2	20	43	33	27	58	22	66	46	13	29	13	98	83	54	72	66	40	67	96	83	19	37	20	-1	74	44	36	44	42	96	34	45	
4	77	29	89	7	96	49	42	23	16	58	57	49	57	85	57	17	37	36	98	35	41	39	66	73	19	54	67	97	23	16	25	82	20	41	86	81	61	63	99	79	67	73	17	3	100	88	81	5	20	59	36	92	7	2	74	40	28	2	44	69	36	91	100	25	46	49	100	85	77	43	46	85	18	8	79	58	56	24	29	37	58	23	71	32	40	52	95	80	8	17	33	-1	11	90	73	15	61	93	26	
74	6	33	24	12	82	2	30	68	27	66	63	37	62	30	16	99	24	56	96	34	8	49	31	24	70	73	96	65	25	79	9	58	28	7	88	7	54	26	39	48	20	29	99	29	3	24	90	20	63	36	90	79	41	46	77	51	84	34	38	36	94	36	32	34	88	10	98	99	24	10	31	46	37	41	67	12	89	12	65	1	62	83	38	10	42	43	85	76	77	48	97	26	-1	51	70	97	59	50	47	
34	10	24	18	38	100	65	59	54	52	24	75	57	83	100	1	28	22	45	93	17	35	38	51	52	29	53	35	38	20	65	48	56	46	60	95	88	12	53	2	34	63	87	68	50	43	7	86	96	32	26	63	4	2	39	80	95	51	31	95	89	47	46	8	76	1	9	28	77	55	37	82	22	14	95	64	92	23	71	63	26	77	34	61	37	51	47	58	38	21	26	56	45	2	-1	92	16	86	85	26	
18	65	73	12	7	86	92	39	41	31	39	42	83	54	10	25	43	46	28	87	9	72	22	82	76	73	55	96	54	31	99	69	71	13	13	62	82	10	75	88	29	48	77	85	27	96	78	98	10	22	79	2	49	71	88	86	50	67	4	6	100	97	62	74	13	75	25	96	2	94	57	81	96	21	91	99	5	17	8	90	6	57	25	33	91	95	41	67	91	58	57	29	62	93	48	-1	82	12	80	27	
50	28	18	20	99	93	95	7	33	19	63	15	12	85	39	17	76	74	46	22	56	18	38	92	61	7	8	79	9	42	49	44	11	79	78	62	98	44	15	83	30	69	100	68	85	85	92	17	46	67	13	59	30	31	67	87	92	95	12	36	78	97	36	100	96	71	55	7	5	57	87	52	56	13	70	23	1	81	72	47	23	96	100	100	72	42	37	24	63	86	27	51	18	77	31	91	-1	8	80	43	
29	56	48	89	13	67	73	39	20	59	66	63	8	72	55	59	44	71	40	40	89	13	97	19	40	100	60	85	16	44	79	51	54	97	46	60	72	12	33	13	55	3	6	21	100	17	96	59	81	58	24	64	3	99	42	42	42	69	40	85	77	56	67	40	96	41	23	71	99	63	35	86	7	46	51	62	91	41	65	50	81	70	75	34	57	72	32	94	15	76	17	49	44	55	4	52	89	-1	51	29	
96	7	79	21	33	46	44	25	71	56	17	4	98	73	19	47	36	81	6	64	93	69	50	5	92	94	73	15	9	86	89	30	6	8	49	54	9	26	60	62	30	37	5	17	85	36	24	78	23	5	65	8	2	1	87	30	66	71	72	15	85	26	27	29	37	50	80	67	56	52	31	45	88	80	60	34	9	4	78	80	16	98	38	55	37	63	30	63	83	86	29	16	70	3	14	15	89	88	-1	9	
47	29	51	68	99	94	2	58	49	81	95	80	43	97	96	5	58	58	90	60	17	23	28	55	95	99	95	2	51	98	76	92	46	96	73	56	61	27	55	36	18	64	83	71	37	52	75	1	100	77	40	64	86	34	82	44	83	91	35	54	77	64	40	44	44	77	48	87	48	30	26	18	87	4	58	34	10	64	43	87	25	90	23	39	41	60	38	16	80	52	75	2	13	51	9	37	82	76	29	-1	
