100
-1	92	20	49	9	19	34	92	1	90	20	12	47	82	37	5	100	88	99	45	57	84	74	97	55	24	92	92	47	36	63	42	92	80	47	63	98	48	66	4	75	35	5	46	72	59	5	82	55	20	18	98	2	16	86	26	98	69	89	49	57	61	84	41	93	30	79	43	58	32	16	64	34	72	80	77	70	18	20	94	24	54	73	61	39	3	31	55	18	28	92	51	77	87	35	22	80	99	79	67	
25	-1	96	10	80	48	46	6	17	65	82	43	63	62	47	80	7	38	29	18	48	45	31	66	59	13	19	74	18	48	78	52	74	35	16	75	40	10	72	18	78	81	63	52	30	78	67	100	45	4	4	18	53	96	82	90	35	10	80	13	39	54	40	49	4	95	95	60	49	96	79	68	68	49	3	65	16	100	17	40	45	81	53	27	31	43	62	16	69	84	87	63	82	66	92	98	93	18	57	11	
93	38	-1	30	48	63	34	91	22	55	44	46	52	45	13	71	5	28	9	23	81	55	50	48	59	92	44	87	7	81	17	23	35	9	51	34	67	39	4	50	21	69	78	73	33	48	83	32	45	37	40	24	28	15	62	58	72	96	32	49	29	69	73	33	68	50	9	34	40	100	99	54	96	25	22	95	22	89	76	40	58	35	98	66	45	40	10	42	59	1	61	41	91	59	77	82	75	46	66	55	
32	86	27	-1	3	70	6	51	12	71	38	81	56	24	12	68	24	37	49	55	7	10	1	48	4	38	84	16	63	47	82	99	57	45	70	100	22	64	78	26	67	12	26	56	64	84	10	18	47	47	32	93	93	45	35	33	49	20	45	17	19	4	91	39	75	33	18	97	58	25	56	27	76	54	53	25	71	69	51	4	90	99	8	56	26	70	91	36	97	3	40	9	55	27	52	36	54	28	36	3	
85	29	36	22	-1	64	16	51	58	78	75	41	5	50	29	29	47	88	63	77	5	43	63	66	92	31	59	60	24	41	100	90	74	96	81	66	31	63	63	48	53	72	95	67	15	99	86	11	72	55	91	77	100	88	18	20	34	66	4	97	61	29	39	50	66	45	11	74	93	8	6	76	80	2	44	65	16	44	25	6	73	92	51	63	4	8	38	97	43	1	63	22	89	81	41	10	38	44	82	36	
1	16	97	95	81	-1	35	70	86	45	74	51	95	95	55	65	51	22	18	63	92	90	35	94	11	1	38	48	8	24	93	47	12	3	2	4	33	64	36	81	100	89	80	79	92	86	23	87	45	10	74	15	31	24	93	56	24	48	12	46	3	54	82	24	78	31	63	4	83	11	89	14	90	58	95	1	78	65	33	33	25	76	42	28	41	57	86	94	1	32	54	2	27	65	30	24	91	37	99	52	
67	5	69	32	20	46	-1	58	21	65	54	12	42	24	15	91	13	78	9	87	58	66	39	61	93	40	97	7	19	57	92	85	16	46	65	9	28	6	35	18	56	98	43	81	18	24	13	36	27	66	100	91	51	91	78	32	6	38	93	46	46	33	90	69	73	77	12	100	89	13	59	31	65	19	61	79	61	86	100	59	37	61	22	83	9	64	77	44	5	45	99	98	64	88	9	40	14	78	74	23	
63	15	38	56	20	38	36	-1	7	96	91	69	56	87	51	34	75	29	89	84	44	38	89	97	43	65	76	14	98	7	39	79	17	26	45	82	97	38	98	71	56	78	33	92	60	69	24	33	30	66	19	98	57	26	26	72	51	2	35	56	10	65	47	26	75	19	43	49	100	82	38	36	71	91	22	64	11	84	64	55	41	9	88	41	46	36	80	80	12	86	80	73	57	11	53	16	21	41	6	89	
78	88	64	69	60	44	17	35	-1	92	47	59	68	23	68	14	19	48	49	7	45	78	61	78	23	55	81	75	90	94	84	72	32	26	44	15	83	82	43	57	3	91	14	58	79	49	53	95	93	43	84	60	62	22	64	79	83	99	24	64	85	30	73	67	99	73	79	95	22	90	91	4	57	6	90	43	98	46	36	81	74	14	13	93	96	8	90	82	85	53	63	36	48	54	91	62	97	94	32	72	
70	63	45	93	37	71	54	64	71	-1	3	11	2	64	22	80	59	48	27	99	99	45	26	2	3	94	82	50	80	20	67	56	50	47	66	67	48	3	66	66	67	79	64	8	4	49	34	78	43	56	55	79	94	99	66	57	81	6	85	59	91	78	80	14	29	72	91	4	5	2	8	31	66	78	28	46	82	67	91	42	96	92	98	47	11	70	60	21	14	5	28	17	50	4	95	82	9	74	85	73	
84	36	88	96	39	19	56	42	48	76	-1	40	20	97	2	81	10	46	3	5	97	50	15	63	88	57	86	45	12	22	13	56	45	53	87	75	89	32	64	63	39	62	57	38	4	64	64	91	77	39	95	36	2	97	28	37	64	63	60	41	69	32	57	65	24	96	32	41	15	88	39	22	9	31	41	13	31	12	31	34	78	50	91	66	30	32	76	82	30	70	85	96	64	3	69	68	74	14	27	65	
57	14	77	96	53	13	46	68	17	16	87	-1	42	44	88	98	43	19	29	90	27	69	26	7	5	50	32	59	40	20	53	19	36	43	20	46	42	65	52	10	80	20	26	88	40	96	7	71	26	89	97	8	20	22	61	56	30	57	77	65	18	17	46	73	17	46	45	81	3	3	98	26	36	14	49	62	40	84	80	81	16	30	9	68	36	92	56	17	7	67	68	100	94	45	74	10	9	48	29	28	
16	83	92	70	25	46	65	4	13	23	96	29	-1	16	20	67	47	4	79	7	62	85	32	95	76	83	81	63	32	56	48	76	61	73	20	22	6	14	13	46	80	88	17	89	59	6	75	81	88	47	43	58	46	48	18	52	45	25	96	27	64	9	83	90	93	57	18	20	85	76	17	69	24	16	39	81	75	44	57	50	77	78	5	38	15	23	7	94	58	53	90	56	53	56	75	8	44	45	49	43	
13	58	12	72	41	42	48	71	96	56	8	9	96	-1	65	48	53	99	79	18	44	8	19	24	96	29	98	51	64	98	32	42	53	76	49	26	28	74	29	72	10	32	74	48	28	34	35	16	65	47	87	88	92	55	70	53	70	42	75	87	91	79	75	56	36	87	41	98	41	69	38	95	64	9	79	71	74	83	41	50	12	31	100	28	25	27	75	61	18	97	30	4	90	14	53	11	54	41	5	48	
16	4	81	34	80	8	19	23	79	71	54	49	84	39	-1	37	62	27	92	93	60	64	18	52	97	59	64	71	88	25	24	18	4	87	100	65	64	58	96	49	55	39	62	74	9	87	46	63	27	86	18	9	23	43	81	69	10	96	97	21	98	76	34	27	7	56	41	50	22	74	27	69	32	86	23	27	87	75	86	82	1	18	76	30	85	13	49	48	32	63	81	22	77	86	65	93	12	89	55	26	
7	24	8	85	64	16	91	23	1	83	69	37	78	39	43	-1	89	11	42	7	97	58	90	88	14	57	17	55	11	47	88	66	34	47	20	30	74	74	57	74	66	66	99	68	81	94	33	99	42	88	80	92	33	68	3	93	67	67	44	69	22	56	16	5	77	94	54	74	91	91	69	48	17	87	87	34	5	64	12	24	32	72	96	90	80	15	64	41	34	62	59	86	38	60	4	5	45	69	34	40	
94	29	13	61	64	2	67	81	10	12	93	70	100	75	74	45	-1	1	34	32	48	30	91	38	12	78	23	14	70	54	47	84	11	19	7	79	28	14	10	3	67	35	10	18	24	5	74	10	87	33	1	63	66	93	1	37	65	3	55	9	40	77	69	13	97	7	29	24	35	31	68	11	42	97	7	33	79	32	4	21	98	91	72	49	79	51	64	28	54	48	10	49	23	46	1	7	52	6	4	41	
72	45	62	19	72	48	98	48	95	24	65	69	79	24	16	10	82	-1	57	80	68	7	22	23	94	98	80	41	72	25	7	23	48	32	97	11	7	77	83	87	41	36	46	50	100	86	27	12	70	33	87	14	23	4	72	3	4	14	24	45	94	12	7	54	35	42	98	88	3	35	6	91	50	2	90	46	40	27	33	17	49	30	40	21	14	80	91	72	67	91	13	31	75	33	41	10	21	4	38	67	
52	36	62	5	17	64	35	69	35	30	18	66	99	74	9	90	78	89	-1	6	1	76	85	8	13	33	23	90	14	57	16	73	79	44	98	99	1	49	95	85	32	76	42	29	71	4	32	41	31	97	69	90	31	17	52	24	35	2	76	69	70	97	51	80	20	57	83	77	32	49	8	38	38	70	33	87	24	17	82	41	22	36	49	87	88	47	87	70	95	65	2	75	90	56	85	59	47	13	80	26	
92	23	76	11	55	43	53	91	62	20	30	40	99	12	8	84	39	19	56	-1	10	95	86	30	72	35	82	94	69	7	86	60	53	56	74	22	83	80	34	79	42	100	27	57	91	24	56	12	6	64	51	25	31	26	45	12	67	40	59	62	91	16	63	53	72	9	2	61	51	100	63	2	19	62	20	11	38	27	11	15	20	56	61	67	14	9	38	83	41	22	99	36	64	79	15	69	35	49	43	84	
10	35	34	72	7	21	45	12	80	27	43	55	99	82	67	54	62	27	45	37	-1	17	4	14	5	85	30	64	41	4	51	29	48	6	97	35	87	98	56	48	16	45	41	27	58	26	90	19	97	68	56	58	12	24	94	84	25	41	36	9	21	80	99	60	17	11	95	66	100	91	63	39	14	82	80	91	69	90	73	63	10	83	100	89	41	97	4	85	92	45	18	70	81	73	94	33	55	91	32	79	
51	59	47	29	68	63	80	43	19	87	33	81	43	16	28	94	72	81	99	26	34	-1	65	98	47	12	67	43	10	98	63	36	38	32	49	22	26	8	88	9	7	62	84	21	20	81	66	67	81	9	59	82	17	18	92	87	20	28	50	3	88	49	6	68	96	23	50	19	5	70	7	64	91	68	62	62	56	16	22	41	75	71	24	37	64	45	43	98	21	59	21	4	64	17	89	47	79	87	89	75	
40	92	35	100	83	62	4	62	69	71	32	99	46	3	8	93	73	92	25	65	98	22	-1	16	24	60	78	3	90	5	45	3	76	70	49	6	34	55	56	35	68	67	12	99	88	84	65	50	57	86	96	3	54	47	21	16	19	6	16	66	3	32	69	35	17	99	16	49	81	59	46	86	77	26	69	52	80	23	41	63	45	69	40	32	61	45	15	41	87	24	79	82	28	6	15	2	71	32	42	11	
45	100	15	66	27	54	11	42	80	17	31	34	22	28	71	89	5	18	82	82	74	40	86	-1	84	29	21	31	96	56	71	43	100	98	28	37	54	69	23	10	46	83	32	23	60	27	98	8	14	2	11	16	8	72	9	31	60	68	87	44	48	38	17	7	50	69	45	66	39	64	42	42	63	81	22	56	40	80	14	72	30	64	81	2	26	11	87	4	53	99	59	7	63	57	70	21	14	85	97	79	
81	86	77	82	86	95	82	27	19	46	42	55	89	64	2	44	53	73	26	70	68	73	80	24	-1	20	32	67	15	7	62	54	39	83	54	1	15	95	36	96	16	13	100	81	85	100	1	32	98	76	81	13	92	64	71	72	87	8	95	34	83	63	53	58	32	54	64	51	58	61	16	28	23	45	26	63	26	95	39	6	39	60	4	34	44	26	96	6	4	18	54	41	90	78	97	43	56	77	57	25	
96	13	39	22	68	80	92	52	77	29	34	47	97	41	56	40	28	94	52	2	39	55	98	46	40	-1	37	34	52	5	45	52	93	88	6	70	74	90	57	39	76	11	15	39	25	22	30	96	48	21	67	99	32	75	27	90	47	4	80	28	13	17	21	13	54	29	49	36	28	18	53	90	63	36	93	34	91	15	12	93	4	35	65	66	12	49	81	10	39	92	42	8	70	57	10	85	71	14	77	26	
44	96	23	10	10	92	22	57	13	31	14	61	25	18	5	36	11	17	9	42	13	14	44	29	14	4	-1	60	51	10	76	15	23	98	24	28	9	39	95	86	14	75	80	1	27	23	22	55	90	43	87	8	91	63	87	1	8	19	96	22	11	66	87	78	71	78	22	100	77	43	60	30	36	41	88	48	95	79	34	10	2	9	90	82	65	48	27	50	88	45	87	25	9	67	51	39	10	61	61	82	
82	47	40	86	80	27	41	100	82	35	79	55	78	90	40	11	54	88	22	55	45	94	50	36	34	9	12	-1	30	9	65	67	22	66	41	91	45	100	97	1	49	79	37	85	65	50	80	7	13	92	75	63	99	11	55	49	96	49	16	81	70	27	63	18	77	55	79	73	20	14	95	92	86	26	59	16	73	8	61	44	47	58	97	11	58	51	32	96	56	35	48	76	4	92	76	79	43	49	15	82	
50	30	50	88	83	8	43	40	3	42	59	95	15	76	6	98	2	88	45	58	37	79	97	15	35	53	39	69	-1	91	94	71	82	32	19	72	15	17	84	63	92	2	36	84	19	58	83	22	88	20	6	27	57	38	49	83	51	88	25	3	26	66	16	98	40	50	49	55	23	4	94	25	14	7	32	62	98	23	22	66	53	26	22	64	31	28	57	66	11	46	48	34	72	88	14	79	97	15	80	5	
74	3	91	68	80	49	36	3	34	66	54	84	65	60	43	54	77	55	60	31	57	86	26	83	20	80	73	32	61	-1	96	1	48	93	79	2	96	39	44	16	62	80	17	13	29	67	86	37	11	70	34	25	64	51	36	92	14	34	10	48	8	8	48	63	22	15	72	3	77	38	6	34	11	76	13	49	82	40	55	73	1	48	94	100	87	30	19	70	38	30	51	11	51	53	56	46	17	70	61	10	
47	67	33	12	6	50	65	86	89	32	79	74	71	93	2	10	50	30	48	14	89	12	87	43	45	82	23	22	4	68	-1	98	24	42	44	49	69	51	81	91	62	32	95	59	28	80	47	63	22	3	27	58	6	10	3	69	70	66	13	82	60	66	10	80	16	26	63	71	86	98	71	15	27	21	53	87	52	74	100	60	52	28	28	78	25	30	81	62	30	62	71	52	24	9	80	75	43	31	54	71	
33	83	70	38	73	2	61	46	89	80	33	82	25	7	83	91	39	55	40	69	7	42	48	78	4	16	18	58	99	57	45	-1	44	84	90	19	100	38	18	84	9	11	6	9	25	12	23	74	74	53	78	28	99	60	16	44	28	54	19	15	46	62	33	74	79	35	51	78	80	40	45	18	71	18	76	82	24	93	52	54	22	58	75	19	72	61	57	54	29	21	2	17	63	88	21	79	51	45	51	90	
35	6	23	67	57	7	98	54	24	96	42	79	96	11	35	32	43	94	42	51	29	14	29	86	4	40	82	34	97	66	16	57	-1	92	9	91	67	11	65	60	86	44	94	100	8	40	30	96	10	80	56	41	7	38	3	80	75	9	62	45	49	76	46	63	97	20	32	59	25	100	13	35	54	41	66	40	39	93	61	79	14	21	18	96	30	49	54	84	56	91	78	32	4	69	98	53	79	63	39	63	
19	84	93	41	22	14	77	2	70	48	44	89	92	47	32	9	100	21	27	19	84	2	52	73	53	51	57	64	31	72	70	5	63	-1	48	15	15	41	36	30	28	34	92	81	77	48	45	95	50	32	32	45	46	73	1	97	87	47	20	23	22	96	35	42	90	74	100	83	42	49	22	9	55	7	34	2	10	33	76	46	90	12	18	88	42	49	89	5	65	77	29	25	38	40	53	54	18	4	3	24	
88	100	25	78	59	61	74	67	74	25	43	5	92	94	4	68	29	65	9	38	97	68	24	49	36	45	98	47	57	44	14	98	2	75	-1	9	42	9	7	3	26	100	14	88	4	62	35	78	26	49	57	74	14	2	52	41	50	87	84	49	39	8	87	45	25	53	33	73	20	75	63	33	29	4	17	27	16	95	99	11	60	92	81	75	88	32	93	7	69	17	13	27	28	33	98	67	85	52	60	62	
8	94	43	73	19	13	34	86	96	23	13	4	69	64	80	73	29	75	94	39	48	97	8	92	26	66	71	72	23	94	58	91	15	67	4	-1	51	65	77	84	26	9	78	83	12	6	84	84	76	84	47	97	45	54	79	100	79	83	69	78	13	11	61	49	53	60	60	33	86	34	23	9	89	30	88	75	16	93	56	7	91	45	64	40	88	52	67	6	96	1	36	93	98	43	44	75	11	39	7	28	
55	86	27	67	51	15	13	98	51	41	31	54	71	80	42	4	60	65	81	63	28	87	30	54	94	85	23	65	38	29	39	51	93	41	18	3	-1	68	28	18	28	14	59	11	76	75	6	30	36	6	13	85	25	63	66	10	43	90	24	86	34	46	17	20	68	93	52	2	53	31	82	57	12	57	50	79	19	36	82	6	90	98	8	100	68	32	69	2	38	33	9	45	52	22	67	45	81	35	62	4	
100	76	64	59	68	87	10	35	77	61	12	15	84	27	27	52	90	40	8	97	60	60	87	20	37	26	23	12	98	26	43	64	86	76	42	81	46	-1	5	99	59	64	31	77	6	12	82	41	94	5	98	72	51	60	34	62	51	34	28	74	80	29	30	32	39	65	83	61	77	3	2	38	48	46	34	40	17	68	35	46	87	14	59	95	56	100	8	70	94	3	33	19	41	53	68	88	63	54	16	12	
37	99	91	74	48	47	65	5	62	81	21	71	9	73	50	92	96	38	58	40	85	24	60	35	55	49	84	71	26	81	8	27	15	30	43	20	20	73	-1	28	21	79	18	28	35	22	58	4	48	95	71	83	31	77	64	31	45	47	6	13	66	94	66	62	87	33	59	23	78	40	18	64	51	10	85	5	90	5	97	29	37	37	99	8	59	36	45	74	49	39	12	84	52	89	12	23	51	74	24	83	
50	5	64	61	67	62	20	92	45	45	1	40	2	75	94	80	41	16	73	30	59	52	90	77	37	74	45	42	51	21	95	98	28	17	41	6	22	71	68	-1	80	39	56	76	26	3	91	27	40	16	47	41	43	100	10	70	35	26	1	75	12	72	28	13	36	70	6	38	68	43	76	41	58	40	25	4	50	9	2	76	83	88	79	28	32	71	66	50	54	82	65	99	1	37	10	22	90	58	75	94	
51	38	79	55	1	8	92	30	49	35	25	87	30	90	74	36	22	88	70	63	23	97	16	1	48	82	79	5	76	8	11	3	34	59	51	29	10	36	45	77	-1	66	5	6	41	57	81	14	83	80	40	76	81	90	27	49	84	1	55	51	12	98	22	88	75	5	3	56	53	44	7	88	63	54	92	91	58	99	13	94	43	15	98	34	44	22	53	76	6	50	85	38	97	18	38	25	79	25	13	30	
85	16	2	41	50	5	43	26	93	81	39	90	6	6	74	58	96	80	18	57	9	20	75	84	49	27	51	90	31	30	74	70	54	34	60	4	27	18	86	89	72	-1	86	34	30	85	78	29	99	84	83	63	69	22	86	42	2	64	67	22	66	39	27	85	74	92	61	85	97	34	65	26	23	89	55	2	21	11	59	66	68	57	72	87	70	29	22	44	98	69	6	34	55	59	1	54	7	66	82	5	
84	95	96	78	36	77	83	79	89	38	84	33	47	3	47	82	1	66	44	55	49	66	5	35	40	70	76	69	30	50	8	17	49	90	28	38	72	36	27	94	42	36	-1	33	91	47	78	63	40	18	20	81	59	64	57	80	69	18	5	46	63	69	82	76	4	89	50	28	78	67	38	62	66	66	30	56	10	12	74	32	46	94	68	29	50	45	15	38	5	67	12	54	47	21	75	77	82	50	28	62	
83	97	22	93	52	34	64	42	41	18	86	95	43	15	39	95	2	2	48	44	10	52	99	74	9	11	9	60	28	62	28	6	48	66	1	80	58	98	2	62	77	41	47	-1	44	7	87	78	60	35	69	4	18	9	17	54	63	82	30	35	33	13	67	78	13	14	10	88	38	30	30	95	86	92	21	62	34	7	60	24	75	7	84	62	6	56	23	88	44	77	33	39	27	37	95	86	7	32	65	33	
76	36	47	81	62	1	67	64	38	6	4	96	5	96	50	76	11	37	44	98	54	18	14	79	94	93	53	83	83	66	67	56	25	38	15	14	43	68	81	32	92	60	2	69	-1	49	53	66	100	95	28	74	36	100	5	92	80	16	4	64	22	50	56	84	47	74	30	52	7	25	66	36	77	51	26	17	36	52	43	34	91	39	35	51	2	63	87	87	74	26	54	6	8	87	91	81	32	2	64	20	
56	43	46	36	46	63	14	67	45	62	41	53	12	54	92	1	56	66	51	19	25	87	88	66	94	79	66	56	8	46	54	37	76	42	4	50	56	69	39	15	64	38	99	19	61	-1	37	63	94	37	6	34	8	68	80	12	16	59	89	25	75	7	34	10	98	5	1	17	12	63	97	66	41	45	77	50	32	4	11	34	84	79	87	83	38	13	16	29	76	2	18	89	32	97	49	72	46	97	49	36	
56	91	66	97	5	95	50	36	52	47	89	95	42	60	52	22	57	98	57	100	82	2	73	89	57	86	67	70	43	61	81	57	49	31	53	59	51	7	70	79	75	60	42	89	52	17	-1	54	23	81	4	60	51	86	32	8	69	45	13	90	98	68	93	70	25	86	49	61	73	7	29	24	79	62	56	31	93	82	5	52	99	26	11	72	1	56	80	40	18	55	91	3	79	77	76	96	27	1	11	79	
89	82	25	37	79	71	14	76	74	16	34	79	9	4	6	61	30	9	22	3	67	13	69	25	30	78	44	78	91	89	54	59	85	30	15	12	67	95	84	84	32	18	30	74	26	28	75	-1	25	47	75	21	69	96	78	96	22	61	63	51	8	98	46	50	4	69	60	70	91	11	91	52	55	91	4	11	86	96	8	44	45	23	35	59	49	93	38	63	26	15	36	38	92	66	64	74	14	71	61	84	
87	56	81	7	15	40	38	75	2	49	90	6	68	23	22	70	28	95	17	25	54	89	86	69	35	66	71	8	75	26	3	67	58	93	23	77	42	58	64	10	20	89	48	93	56	37	10	43	-1	34	77	3	77	18	49	15	56	20	3	59	66	64	19	8	52	68	54	35	54	76	26	78	58	73	98	24	37	33	91	65	54	66	32	48	48	49	18	76	66	37	3	52	1	52	71	74	22	52	88	71	
5	46	78	57	13	39	74	25	77	80	65	93	30	32	95	40	74	40	80	5	21	50	33	6	33	96	63	91	51	23	18	18	99	71	16	59	21	2	88	22	18	37	37	24	53	82	78	32	91	-1	70	52	19	59	96	37	10	22	83	3	22	61	33	12	59	9	28	68	62	16	85	25	57	4	31	13	29	89	69	73	38	70	48	41	16	9	87	40	86	95	83	25	50	98	41	86	44	73	85	20	
52	51	57	80	65	83	15	92	100	59	92	17	75	57	33	83	14	83	42	77	87	18	96	63	9	23	79	97	56	3	65	94	7	65	22	61	50	35	32	39	76	39	84	57	60	30	82	43	8	12	-1	54	92	34	57	11	8	10	23	56	16	43	49	53	34	78	52	91	21	80	48	83	41	11	53	60	53	71	38	3	48	9	54	22	46	41	17	40	49	17	33	20	92	85	93	52	78	4	58	20	
22	55	77	92	18	44	16	2	42	58	33	99	18	83	43	55	74	62	5	18	1	74	76	90	84	62	57	27	64	39	48	70	6	43	47	42	14	27	62	70	71	64	38	26	70	73	40	100	56	43	67	-1	74	72	77	98	99	28	18	63	66	19	50	74	77	61	76	54	69	6	29	9	29	36	32	79	38	46	39	57	46	85	2	45	91	70	66	57	14	8	98	71	43	4	57	76	48	50	50	62	
6	29	32	30	55	42	76	82	36	21	21	93	57	64	86	61	46	28	70	73	12	85	76	79	65	70	24	78	100	49	98	74	5	48	5	85	91	3	35	48	55	60	79	66	100	41	39	65	71	73	59	80	-1	13	98	61	53	22	65	35	91	57	14	46	60	77	85	28	85	30	82	85	9	81	57	85	14	55	45	9	13	53	61	26	69	72	31	30	31	63	65	86	48	49	10	24	30	59	30	66	
32	95	52	66	4	58	71	63	94	72	78	4	99	41	77	8	11	57	45	85	15	63	39	93	33	15	12	90	25	6	99	33	40	27	63	50	75	91	50	17	86	76	59	68	85	6	100	27	39	6	79	68	18	-1	19	22	84	50	1	12	6	29	39	30	91	18	66	78	9	96	4	43	99	86	66	45	9	5	8	39	53	33	32	53	81	15	86	71	4	23	92	7	94	58	94	33	82	22	63	70	
79	84	48	89	14	77	84	46	71	57	1	92	36	61	58	28	62	92	77	76	11	95	15	44	48	63	70	40	36	63	42	57	64	23	63	93	12	33	6	77	90	50	27	25	14	10	77	47	46	31	96	19	18	31	-1	71	79	55	5	56	41	27	75	36	5	32	97	83	81	95	40	57	34	74	91	18	29	70	90	92	26	1	89	66	12	82	47	67	44	2	9	95	30	81	40	17	86	52	30	94	
15	77	11	97	90	28	58	99	25	67	59	77	66	26	22	7	93	9	15	52	56	47	36	91	22	5	95	64	55	86	49	44	47	24	74	61	64	86	65	85	92	23	34	16	73	55	94	61	64	57	55	49	3	73	21	-1	38	62	19	64	30	8	35	83	70	91	50	12	26	53	86	97	82	74	33	79	2	2	51	69	25	21	97	78	55	19	100	67	18	57	31	59	10	21	64	32	63	25	85	31	
75	95	62	42	51	76	45	49	63	82	46	78	90	86	48	14	74	54	44	45	7	7	93	75	5	15	67	64	13	52	8	81	33	80	16	24	78	28	19	50	38	59	36	26	33	77	16	45	81	31	57	64	70	45	9	29	-1	59	56	10	51	57	73	79	43	31	35	10	3	43	25	99	76	8	52	14	89	97	9	20	72	65	54	87	36	63	25	63	58	19	55	84	68	29	47	73	9	74	73	14	
42	78	88	13	40	25	61	42	43	4	91	24	50	81	4	15	77	65	69	23	84	42	97	49	28	53	62	52	30	42	45	55	74	41	35	2	74	47	99	45	100	42	22	48	89	98	8	87	71	13	57	5	15	59	52	32	79	-1	77	3	23	40	54	83	97	3	15	77	88	29	45	17	83	43	53	2	56	51	23	3	48	73	34	64	42	17	75	95	91	73	35	80	75	25	38	32	67	69	74	18	
80	15	25	20	13	26	70	23	64	50	69	3	79	40	81	94	48	68	33	19	81	62	94	35	14	30	28	11	95	48	15	95	67	86	4	82	89	71	83	6	100	20	23	70	54	68	29	11	84	6	90	55	94	37	36	36	61	47	-1	33	88	72	51	89	3	19	23	37	97	69	71	8	66	44	81	50	44	51	53	11	76	99	85	1	83	82	96	37	10	20	92	68	39	59	95	44	66	22	90	88	
97	39	53	49	12	93	43	86	7	76	63	82	76	20	13	3	27	1	65	67	49	11	96	91	21	78	64	14	69	46	39	95	28	21	19	1	50	53	32	38	53	39	33	60	95	54	20	36	88	36	45	47	5	35	17	30	1	86	82	-1	93	91	9	41	68	84	66	35	16	46	54	62	27	89	43	73	46	42	31	84	47	81	37	75	96	59	74	25	58	91	39	73	29	8	77	54	59	64	58	6	
7	96	2	99	40	100	28	57	70	91	90	75	61	63	57	93	47	86	30	81	87	16	25	65	99	25	100	88	29	17	12	8	6	86	55	96	14	81	98	66	52	9	86	79	5	36	12	9	35	22	17	65	100	75	65	89	31	37	77	8	-1	10	34	14	53	72	70	19	60	85	40	20	15	35	89	97	5	52	82	83	69	10	32	33	76	58	49	9	46	16	36	20	30	9	19	43	53	86	91	16	
85	100	30	100	58	52	25	74	76	9	29	52	23	84	43	57	68	28	96	11	40	98	46	25	25	74	52	47	91	55	58	85	81	79	45	37	49	95	32	21	10	97	43	97	55	58	75	16	47	51	18	85	79	15	80	72	83	27	30	38	24	-1	76	70	41	49	83	64	32	49	11	91	26	37	8	10	65	55	24	12	92	70	74	31	17	6	60	17	21	46	97	20	97	76	68	27	58	41	16	36	
15	18	40	9	89	46	41	90	99	49	65	63	40	17	86	57	86	3	84	94	80	11	87	7	62	71	44	18	19	29	85	63	51	56	47	22	63	73	100	85	77	31	54	67	72	19	19	70	8	84	29	45	9	94	7	18	14	41	72	30	88	37	-1	7	84	72	63	16	26	78	14	71	81	6	99	54	25	44	30	72	17	94	70	27	96	17	31	9	25	25	17	11	43	17	12	5	23	71	78	26	
50	51	13	3	37	30	54	54	32	64	20	57	91	90	85	35	7	58	9	50	44	40	5	10	33	2	83	44	77	10	42	46	45	46	69	63	62	21	35	98	76	20	46	28	31	7	20	33	93	5	73	62	4	93	75	44	5	91	2	28	25	51	99	-1	100	27	44	67	17	71	51	48	89	77	85	20	6	85	21	5	24	34	79	84	52	80	94	4	10	90	13	41	36	87	84	97	39	5	39	79	
41	60	92	39	87	80	77	74	26	49	40	38	5	2	82	55	1	20	45	3	95	48	78	24	89	64	3	20	67	50	9	97	20	37	80	53	41	92	33	23	94	60	40	56	59	2	36	57	28	57	84	22	80	68	15	26	78	67	62	19	85	62	49	65	-1	78	87	87	42	27	18	37	73	22	5	94	63	31	61	8	77	94	29	78	79	68	65	65	80	4	20	87	88	45	70	98	14	14	73	45	
26	8	84	58	78	67	77	72	35	52	7	45	54	70	91	63	63	84	52	54	34	10	24	65	85	94	61	18	29	100	35	91	92	41	52	78	51	57	50	47	83	15	24	17	17	29	4	70	30	48	67	56	60	9	90	16	39	1	19	48	47	82	62	55	70	-1	6	74	95	88	91	42	24	20	100	61	3	14	91	46	1	44	31	76	93	46	92	10	28	17	25	56	76	57	14	85	70	54	70	64	
56	36	50	85	1	67	78	61	35	45	43	68	19	1	70	10	71	35	56	52	17	21	51	13	74	6	56	77	69	77	97	100	24	1	13	49	84	42	13	61	57	30	86	39	88	68	16	26	77	25	37	97	3	25	86	57	98	89	9	28	11	75	36	53	45	37	-1	73	24	71	69	59	92	33	40	23	30	72	50	86	75	15	62	78	36	34	2	63	85	48	21	84	68	27	87	31	20	14	53	61	
74	28	78	57	82	39	4	99	33	64	87	16	37	68	51	100	74	26	100	70	88	76	39	62	76	79	87	45	64	39	13	50	5	54	95	78	87	35	2	69	44	58	55	33	53	6	11	94	57	95	99	54	18	18	67	67	5	58	21	39	5	80	96	52	7	12	89	-1	44	56	29	66	26	44	47	70	89	26	12	20	61	79	86	51	84	55	22	81	62	90	23	70	88	27	77	72	86	43	32	64	
39	68	46	48	37	52	23	11	61	88	50	4	72	76	45	43	55	44	89	76	52	7	68	86	1	43	54	63	80	58	77	92	36	28	92	19	79	36	11	67	49	95	36	81	76	98	17	68	20	52	97	34	16	81	48	57	6	92	51	42	36	39	39	49	31	2	88	41	-1	32	9	65	27	76	4	35	81	28	39	11	87	86	79	43	57	7	10	19	6	86	43	88	5	27	86	46	46	79	56	75	
56	19	26	43	48	55	62	89	28	57	39	5	61	54	18	8	66	17	9	69	94	85	23	69	32	72	75	22	69	57	14	35	97	37	55	31	29	93	13	95	28	99	44	5	61	80	24	18	5	13	67	18	86	4	24	47	90	25	99	91	32	68	90	42	83	57	77	15	33	-1	19	62	97	43	97	20	54	90	11	45	51	66	3	86	87	79	67	98	56	33	82	21	45	60	5	2	43	84	24	83	
82	63	17	76	20	19	36	71	55	51	51	26	66	64	36	13	58	48	89	26	14	35	84	90	73	44	51	89	73	90	89	73	16	56	66	47	6	90	71	47	14	25	98	74	2	100	68	72	84	96	75	15	87	57	7	92	61	46	47	24	50	15	45	96	32	88	66	100	13	41	-1	71	46	70	56	69	53	53	30	94	100	82	66	89	37	89	43	70	33	62	28	57	34	69	53	60	10	16	3	75	
18	79	47	8	75	59	60	75	28	22	58	51	12	98	71	49	57	18	60	34	57	65	95	4	15	46	56	73	86	79	80	42	13	94	66	93	19	81	24	49	21	65	48	83	32	13	95	34	66	88	62	30	22	84	15	65	52	9	94	65	5	37	41	6	26	61	12	46	9	4	37	-1	18	51	86	75	9	33	44	90	46	52	94	87	35	30	5	96	11	95	70	57	91	93	34	36	64	92	68	50	
64	85	96	92	60	95	37	45	53	62	98	44	74	31	12	28	28	65	11	49	71	55	89	55	48	21	51	90	3	7	15	32	15	67	21	15	84	31	54	72	16	79	22	16	37	48	69	97	98	49	49	20	92	1	10	50	71	5	30	63	1	96	53	98	74	56	12	6	17	58	21	65	-1	38	57	26	67	40	74	75	25	77	20	1	59	87	71	25	90	5	74	80	19	26	45	84	72	90	91	63	
67	15	76	39	84	98	79	85	29	14	10	53	66	32	61	78	87	51	88	75	81	66	99	10	57	40	69	55	65	54	28	71	36	88	78	54	4	53	5	7	70	12	51	12	54	7	97	60	92	9	12	82	78	81	97	94	46	88	9	67	42	31	68	65	87	37	47	31	63	62	75	32	62	-1	81	85	38	18	88	35	91	2	41	92	51	20	46	30	5	26	80	3	62	55	25	50	3	30	89	68	
51	75	62	74	100	76	90	64	4	34	32	55	79	76	18	7	39	72	2	36	16	73	80	82	73	8	15	34	47	14	58	15	8	13	64	29	15	94	31	69	30	66	74	53	68	83	1	33	80	14	97	71	30	99	44	74	76	25	86	17	19	22	52	62	48	37	17	49	13	94	87	39	20	97	-1	84	34	98	91	9	3	28	82	50	25	50	20	15	100	100	49	33	46	77	8	36	41	97	54	13	
53	66	25	35	78	23	33	10	17	77	4	51	48	49	95	90	44	46	19	97	43	51	45	88	41	12	62	98	10	65	34	15	69	74	43	70	15	41	96	41	63	42	66	94	92	29	63	85	11	85	53	51	15	91	29	29	7	44	9	81	95	75	91	32	5	38	35	49	41	56	95	5	10	31	52	-1	63	24	99	12	78	91	67	14	61	21	58	5	34	87	60	49	90	11	3	30	7	50	24	63	
51	44	34	30	69	80	49	12	38	23	75	23	17	27	91	94	34	28	78	29	95	5	82	78	84	39	69	7	29	99	98	89	81	73	21	80	78	1	97	64	58	97	85	64	63	3	23	92	71	32	85	76	41	97	93	67	80	82	12	34	57	28	22	78	31	3	16	51	47	79	77	93	52	86	45	86	-1	44	51	58	10	91	58	69	44	76	12	77	54	54	44	54	74	28	94	94	33	20	38	26	
97	1	4	23	59	39	23	47	99	67	84	61	82	11	21	1	47	43	73	86	49	69	21	30	9	50	92	76	28	57	11	17	27	39	4	33	21	64	99	3	93	77	53	58	85	98	37	65	22	62	17	1	97	81	70	93	77	38	34	30	2	73	17	64	37	98	21	73	77	94	3	73	17	25	59	10	27	-1	17	15	61	89	59	90	68	46	71	78	41	67	49	9	15	2	25	76	91	74	26	45	
74	93	22	86	65	35	8	13	77	23	52	53	73	59	32	55	36	47	43	58	59	86	14	48	22	41	28	72	74	76	74	3	32	38	63	92	3	66	26	35	84	55	10	54	1	57	89	81	18	22	56	52	79	100	38	31	45	39	19	50	69	29	70	44	75	52	22	61	28	84	86	93	21	9	60	7	25	36	-1	43	50	88	29	63	98	82	55	32	78	71	15	93	85	48	74	16	51	63	10	31	
94	26	47	4	68	45	74	57	34	41	26	17	57	27	97	39	60	98	89	49	94	92	95	3	10	100	7	53	60	56	62	9	86	71	32	70	79	45	10	18	82	97	15	40	6	76	54	17	64	5	20	48	54	28	73	25	87	95	76	64	47	14	86	37	61	49	39	13	30	8	81	78	63	53	13	48	14	10	67	-1	21	100	97	92	98	19	68	10	26	42	18	44	39	69	61	35	14	72	62	20	
40	34	53	14	2	14	22	79	16	76	68	10	98	16	52	67	71	19	94	10	63	59	37	37	6	25	85	65	1	98	60	11	25	13	2	83	41	70	26	92	29	32	92	53	85	90	97	91	50	73	27	9	51	53	5	25	6	96	78	68	81	47	45	71	56	6	2	22	40	55	75	21	78	66	53	73	45	60	3	66	-1	92	2	51	11	63	64	52	69	83	4	93	71	95	23	32	9	58	58	73	
76	99	62	59	86	64	75	87	18	98	61	64	78	56	44	83	27	94	64	96	49	88	84	48	71	75	91	53	25	30	27	94	53	9	6	20	58	23	98	30	4	86	54	83	36	83	78	69	38	65	49	64	64	82	49	32	72	8	43	88	67	82	52	51	68	87	67	44	31	70	56	86	14	11	30	84	99	80	32	59	24	-1	20	48	71	68	96	57	62	10	7	33	33	6	59	14	87	7	4	86	
69	51	57	76	55	74	61	73	3	81	36	43	63	73	26	13	79	99	7	11	89	25	75	43	32	100	83	72	51	56	25	62	82	51	13	2	69	74	89	96	60	48	7	58	63	4	43	94	99	82	62	59	60	61	73	16	49	23	18	30	17	72	70	27	51	15	74	54	96	11	31	73	23	53	92	73	69	79	53	69	91	65	-1	82	57	93	65	84	92	56	72	100	4	66	15	82	6	60	51	47	
29	64	81	50	42	76	4	99	24	91	92	61	41	63	43	99	46	99	54	85	4	81	31	72	23	6	48	29	17	77	15	17	70	5	87	35	99	19	57	41	96	4	40	34	47	39	38	80	6	26	48	7	79	64	36	18	90	46	5	40	43	50	18	39	66	48	35	61	35	1	28	74	17	16	91	90	46	27	52	69	63	85	3	-1	8	42	30	6	63	25	92	88	31	57	11	93	78	79	87	63	
33	38	52	12	94	25	67	85	9	62	15	78	19	23	54	11	33	7	13	86	75	21	85	70	73	97	72	24	74	23	16	52	6	88	86	30	99	38	97	93	92	79	75	60	22	1	8	67	20	24	7	37	89	85	98	27	99	30	29	83	2	54	93	46	65	98	97	86	36	19	78	97	35	10	27	94	10	26	59	41	97	97	10	40	-1	22	69	66	39	64	48	63	26	18	34	44	64	17	71	99	
40	55	40	78	39	53	30	8	99	22	68	12	63	83	96	76	98	93	2	60	85	13	72	64	64	48	45	60	28	60	39	50	68	13	22	69	4	19	7	68	13	70	13	73	73	55	51	7	98	63	59	50	19	50	53	9	26	57	10	96	92	79	31	60	1	41	92	83	47	100	6	9	58	79	57	15	49	13	54	21	47	3	56	35	63	-1	66	35	59	32	24	62	74	17	56	1	20	92	79	95	
25	90	17	50	77	11	9	7	10	66	12	23	81	74	86	62	83	6	13	23	16	50	27	80	81	99	59	68	69	10	73	81	57	27	17	59	42	68	27	11	95	7	68	8	3	91	32	47	94	12	69	20	42	36	90	56	37	38	47	9	65	12	76	16	13	19	69	18	46	44	77	69	72	21	86	84	19	66	28	2	95	76	27	18	72	65	-1	10	58	94	1	5	98	79	9	51	76	23	34	1	
66	91	13	45	54	75	64	30	56	73	87	6	56	57	67	14	78	93	71	91	99	36	98	41	2	99	32	64	79	17	72	32	43	52	93	85	85	70	60	19	87	93	25	40	87	69	90	8	15	43	64	8	6	47	35	54	54	93	96	23	27	57	41	34	14	57	61	29	94	59	68	62	41	91	9	8	82	96	51	13	45	41	17	49	80	7	25	-1	64	40	45	70	45	96	5	80	77	38	49	81	
18	89	73	86	94	2	27	83	94	73	98	59	58	72	87	50	40	72	32	48	52	51	60	46	22	40	20	71	14	7	54	64	96	59	7	80	8	91	41	47	95	5	67	61	95	37	97	38	78	70	71	23	22	32	84	64	81	25	62	92	28	1	47	84	50	100	27	87	20	51	93	21	42	33	96	75	31	35	39	10	6	82	98	8	69	57	82	87	-1	31	98	86	95	57	69	85	91	72	22	92	
47	1	86	88	76	12	58	75	51	34	91	25	15	70	57	27	89	10	65	39	33	79	80	18	70	93	14	6	94	67	15	98	67	47	1	80	38	89	58	94	14	62	28	87	19	58	86	68	63	89	20	13	100	14	6	81	40	57	5	31	89	75	10	5	29	15	23	42	53	92	23	7	24	60	58	69	10	99	77	31	26	69	83	53	13	96	88	95	64	-1	93	4	96	56	12	20	69	47	17	8	
95	50	86	21	4	41	35	61	36	30	97	47	22	14	42	73	20	12	56	14	81	75	100	5	57	62	32	99	50	74	84	77	6	16	42	30	3	64	49	6	26	38	27	55	51	62	89	42	57	25	70	57	25	5	2	56	47	61	2	82	5	98	13	9	26	57	37	44	90	95	54	28	37	49	74	41	89	11	82	67	55	99	87	28	44	58	49	7	48	27	-1	92	46	88	11	20	12	57	27	58	
30	16	40	95	87	7	28	61	57	7	5	80	19	24	3	63	52	58	73	79	64	30	53	15	17	20	40	44	23	14	72	30	69	65	72	72	72	30	31	57	68	11	88	40	98	87	57	25	31	48	28	52	67	3	51	86	94	90	51	17	73	61	90	21	20	85	70	76	34	8	93	98	78	36	12	1	68	16	69	46	47	96	1	25	78	69	56	33	25	80	78	-1	28	22	45	29	2	51	92	48	
56	53	67	80	31	5	50	29	100	18	99	99	2	60	84	41	41	91	7	86	26	3	80	58	89	22	64	95	22	46	66	24	51	34	74	66	76	83	89	26	92	67	8	58	12	4	90	68	2	94	76	47	35	27	68	98	71	90	61	10	4	98	51	52	26	80	52	52	62	51	17	64	62	60	95	84	100	33	60	69	97	1	22	32	76	45	98	76	99	37	33	52	-1	9	78	27	54	32	55	67	
90	25	29	3	71	82	72	28	59	99	2	73	6	44	58	72	85	38	18	49	38	92	100	18	15	40	67	38	58	50	47	6	20	4	50	9	79	79	39	59	24	17	20	36	5	51	36	2	73	16	48	68	70	59	14	45	16	42	27	60	94	80	13	1	98	52	21	64	56	42	57	20	39	1	2	95	63	13	36	100	14	16	86	69	54	32	71	54	90	98	97	2	29	-1	81	64	100	3	24	99	
32	73	14	87	60	47	72	8	89	84	51	52	10	78	79	21	31	82	66	63	2	95	34	94	2	98	38	45	35	68	17	14	42	71	32	48	9	18	57	79	26	72	13	75	52	58	23	95	30	48	41	7	59	37	47	12	70	74	22	91	54	9	39	44	52	30	19	88	48	66	93	98	10	66	98	54	99	30	76	23	10	79	30	82	14	45	11	58	8	33	66	2	18	66	-1	33	45	56	94	60	
52	74	32	91	61	81	11	66	71	1	94	2	66	79	74	93	28	72	35	74	84	22	87	25	2	5	27	51	15	44	15	95	75	61	8	100	76	75	87	3	65	31	65	71	94	45	70	17	82	15	43	87	86	14	51	76	84	76	35	55	68	42	80	87	25	39	69	12	28	28	46	14	72	73	81	2	62	48	71	43	71	49	52	15	5	22	10	90	27	8	91	10	59	5	46	-1	56	63	83	17	
90	12	9	40	66	57	60	32	13	95	61	52	39	23	53	76	58	93	13	89	29	11	23	43	95	89	21	6	52	12	16	66	75	4	52	93	12	43	74	63	1	3	54	91	60	91	95	5	91	80	19	73	6	41	31	27	20	5	10	89	72	20	48	21	46	25	22	96	67	18	17	34	65	1	96	70	90	53	90	20	98	76	72	29	99	84	86	67	45	95	59	62	15	100	66	6	-1	24	70	52	
46	1	31	32	96	49	21	60	74	66	88	100	89	36	100	72	52	40	36	30	38	63	32	54	28	27	58	42	33	100	83	40	11	6	57	18	87	39	36	76	55	84	65	40	31	5	85	15	77	84	22	14	38	82	58	79	58	16	33	64	29	47	85	48	91	35	32	53	93	57	1	82	5	31	18	38	88	8	6	29	73	44	25	42	81	9	4	84	61	83	82	100	80	37	7	70	58	-1	64	93	
64	59	67	44	41	52	84	6	70	18	58	51	78	16	60	25	97	4	96	67	82	17	84	99	70	20	53	93	4	55	24	62	27	45	42	10	52	23	78	86	97	34	6	20	22	14	23	30	85	27	73	65	57	74	62	71	6	6	51	100	41	27	72	98	70	34	29	50	13	87	70	4	93	36	49	22	85	83	85	77	53	93	1	57	21	84	89	42	61	81	65	91	73	22	55	50	65	28	-1	14	
64	19	48	76	42	15	43	87	48	28	2	91	97	33	63	59	47	87	66	95	57	65	7	96	78	60	24	78	64	36	81	22	60	66	78	3	4	71	61	59	30	73	61	41	83	41	86	89	52	33	13	61	19	31	66	59	86	21	89	69	11	55	34	23	63	82	85	47	92	50	48	17	81	46	14	22	54	6	96	83	63	69	85	66	93	92	28	4	13	18	72	47	27	78	83	93	4	91	16	-1	
