100
-1	98	68	22	49	83	24	97	54	51	58	74	13	34	88	69	82	8	5	90	79	91	73	35	3	88	41	41	8	80	28	21	20	29	56	41	96	18	27	20	76	99	7	38	47	14	76	11	68	75	9	23	27	21	90	94	44	93	44	65	8	6	22	96	49	47	74	41	41	97	35	29	46	27	38	78	57	30	54	33	14	84	88	65	38	2	99	12	96	86	89	48	73	70	22	4	59	9	4	8	
88	-1	61	7	14	66	91	18	87	22	3	30	77	62	7	55	10	55	49	12	77	94	82	22	76	41	42	72	1	6	34	86	77	60	65	11	58	73	98	7	71	43	20	89	46	86	3	81	65	13	51	21	5	48	86	85	15	73	67	97	44	54	60	90	28	70	99	96	77	11	85	30	88	8	50	58	44	67	93	98	22	1	3	63	13	32	62	82	47	49	64	64	51	66	51	14	92	14	63	52	
87	88	-1	7	2	76	88	64	45	75	20	20	3	85	59	42	53	47	60	29	43	34	68	25	53	8	11	32	17	19	44	66	50	36	88	80	3	61	77	75	2	7	99	85	87	10	78	47	15	25	46	31	62	26	16	52	57	33	25	47	20	36	27	56	71	4	26	46	6	10	21	71	62	40	26	12	98	33	76	3	54	89	42	69	26	82	99	51	75	44	16	67	38	23	57	52	9	71	23	99	
14	11	85	-1	79	96	42	94	16	52	42	83	33	85	89	6	3	52	14	10	70	91	55	27	17	83	40	40	19	67	49	3	27	55	32	89	68	93	77	31	69	90	37	52	39	36	100	96	80	83	13	61	98	30	84	40	84	91	96	41	93	29	46	94	75	53	24	5	13	51	45	1	36	47	70	91	26	44	65	6	77	91	25	15	98	27	42	37	41	31	17	76	48	56	42	92	79	65	21	57	
63	44	7	40	-1	69	88	41	24	8	60	94	34	53	45	5	94	8	66	9	71	88	30	76	81	7	19	10	28	62	34	38	56	9	96	93	19	79	35	30	99	41	76	62	49	33	35	62	100	69	39	65	66	48	76	97	43	56	3	56	8	76	73	8	35	16	37	64	79	35	46	38	79	52	68	41	54	61	55	50	58	99	19	86	45	34	90	21	71	32	34	22	70	95	49	9	78	56	77	49	
64	28	1	7	49	-1	78	85	71	59	72	57	6	80	26	21	16	42	49	15	98	30	38	54	78	55	80	62	70	89	72	8	70	90	75	42	71	17	95	90	24	6	58	84	18	30	82	74	63	19	57	59	34	66	55	14	30	10	58	72	3	60	84	60	21	5	84	75	36	39	86	24	36	76	72	44	22	59	69	81	67	13	76	91	47	79	70	11	80	17	71	36	69	66	22	79	93	64	18	100	
100	95	75	70	11	85	-1	86	73	71	37	6	62	4	28	48	42	39	27	12	84	98	62	55	33	10	72	15	89	5	57	30	75	2	12	64	60	50	89	99	36	63	86	11	77	10	8	73	68	93	80	48	53	51	98	39	43	51	94	42	88	51	10	35	26	1	12	54	34	19	7	68	56	16	51	81	67	26	28	8	90	8	3	55	15	39	17	39	7	33	4	49	26	14	20	66	100	39	97	60	
13	19	37	36	21	60	96	-1	83	51	86	38	36	23	34	8	85	13	62	15	62	56	79	90	92	90	82	18	86	78	3	23	35	28	15	37	76	80	77	68	93	57	27	88	95	75	66	95	25	99	16	88	77	86	60	27	68	53	7	10	76	67	33	36	42	87	37	76	80	8	30	73	97	62	50	99	46	51	84	52	7	37	1	3	3	22	98	81	81	58	5	66	79	99	49	99	79	11	51	22	
67	9	30	97	17	17	22	94	-1	11	49	16	18	37	40	9	33	21	14	28	98	10	97	28	96	60	6	19	27	90	67	15	14	46	15	71	85	85	86	10	71	98	31	74	86	60	27	72	50	70	77	70	15	3	42	56	10	7	45	31	25	92	95	59	94	48	55	32	97	6	46	44	88	11	85	82	36	31	99	14	30	75	52	24	20	90	6	6	24	67	35	49	13	73	88	10	72	98	16	69	
16	59	16	55	15	73	94	85	68	-1	8	30	63	89	92	41	6	88	68	16	56	92	45	25	26	3	64	8	92	65	75	51	58	76	66	28	6	54	100	34	37	34	91	78	12	6	92	75	84	48	12	76	19	32	100	22	92	90	38	70	97	25	52	3	55	67	52	58	27	45	65	81	47	73	25	11	83	38	12	47	70	49	68	3	72	70	17	62	28	56	70	27	49	4	88	44	32	62	19	63	
77	30	64	100	36	43	90	4	66	6	-1	39	43	96	89	24	88	93	100	7	45	31	35	17	81	4	93	4	10	46	89	75	74	16	23	20	90	42	22	77	17	15	35	90	14	74	92	45	71	92	18	67	32	47	16	3	79	82	21	76	30	31	96	3	36	36	38	10	71	19	11	47	82	88	88	68	1	64	64	31	69	75	94	88	74	70	75	27	10	71	85	71	95	40	50	60	72	62	61	1	
32	1	58	39	47	67	64	38	10	79	32	-1	93	77	84	31	52	91	10	40	33	8	23	83	14	58	9	5	10	14	16	81	22	84	74	70	30	69	74	30	84	40	9	11	16	67	58	100	28	23	93	58	34	23	58	87	84	97	55	67	88	74	87	21	88	35	37	36	7	84	60	59	49	19	32	66	55	24	69	14	46	47	26	62	86	11	92	71	22	90	44	97	74	45	31	79	8	58	73	37	
27	38	41	59	69	36	2	85	79	11	52	17	-1	26	27	69	8	52	75	42	9	23	73	58	75	22	94	1	17	78	79	16	67	26	25	65	74	1	10	93	39	91	68	81	93	43	25	57	36	37	95	22	14	76	76	60	100	21	33	15	4	53	29	9	10	43	80	48	20	61	85	27	58	72	47	55	61	66	67	48	6	16	99	14	38	89	93	97	58	42	87	59	44	81	93	84	4	59	20	70	
44	88	2	10	84	10	45	74	43	51	68	77	65	-1	42	24	96	97	65	11	31	55	54	59	83	77	64	53	85	71	29	67	11	3	11	27	25	18	64	5	74	65	49	9	100	47	75	16	82	15	61	47	73	84	44	97	69	15	27	20	72	57	82	32	47	21	54	27	44	80	71	80	20	56	28	96	50	2	78	6	83	15	60	44	15	89	98	26	32	69	93	67	57	88	89	92	58	90	24	91	
15	6	38	32	74	79	89	36	77	7	92	63	74	94	-1	71	74	1	69	44	49	19	56	32	24	97	81	59	77	84	6	25	73	74	56	50	40	1	72	84	22	82	18	32	37	33	85	21	37	87	10	87	82	12	32	44	21	98	39	75	58	70	4	82	52	1	41	30	57	30	37	56	48	13	14	19	23	99	85	67	30	49	50	71	17	86	17	54	82	85	52	66	19	54	85	79	73	28	26	75	
49	55	52	42	33	3	29	80	62	12	1	52	40	39	46	-1	47	95	21	39	42	90	31	26	60	57	10	57	55	38	35	63	57	59	69	23	34	93	62	81	20	1	80	8	13	20	97	42	40	63	25	25	43	57	22	58	32	43	76	28	43	46	18	88	87	43	1	35	79	5	88	75	14	40	7	81	10	49	11	38	49	82	42	76	54	91	28	64	63	61	58	10	30	58	90	93	53	2	6	35	
53	72	23	3	11	15	29	69	26	67	82	81	47	27	44	92	-1	58	61	35	44	4	44	90	19	29	60	9	21	81	47	75	81	85	94	97	8	39	15	50	88	2	10	96	45	82	78	72	81	68	29	13	85	52	63	10	38	76	71	52	69	4	98	66	91	99	100	48	56	93	35	71	58	69	75	19	52	73	67	32	83	15	22	9	29	75	38	17	92	30	99	44	21	65	27	66	30	38	45	6	
97	14	84	26	70	84	89	33	11	16	99	61	41	56	57	22	38	-1	16	65	79	37	44	53	91	81	9	11	27	58	39	45	42	36	81	80	80	82	58	68	72	54	81	93	64	41	75	84	70	57	23	89	96	1	57	100	19	37	31	41	73	75	61	44	44	97	47	21	34	92	28	65	82	28	9	45	7	29	7	78	48	54	89	62	64	15	1	100	31	100	57	54	52	16	21	87	20	88	39	19	
50	97	90	19	93	39	19	64	28	62	16	12	36	16	78	82	47	81	-1	2	77	46	32	23	61	16	23	62	37	54	8	94	56	94	1	27	70	84	73	32	69	25	96	24	49	94	17	61	91	41	1	38	52	70	15	11	22	49	70	81	27	18	7	52	70	25	75	79	82	15	7	83	88	100	26	4	49	2	15	51	12	42	84	45	37	54	18	2	5	99	34	2	80	28	19	64	1	38	29	84	
84	29	69	74	34	15	14	95	68	52	59	99	9	10	38	52	38	66	97	-1	59	95	14	99	68	80	20	69	50	3	27	73	59	63	20	42	53	26	36	62	51	23	84	45	2	95	38	79	79	61	90	59	43	15	74	48	20	11	10	32	12	46	51	56	23	4	27	96	73	60	58	71	56	93	59	60	92	25	16	54	65	1	22	34	65	70	92	71	17	14	31	38	51	5	34	30	78	86	42	81	
62	17	77	49	51	83	47	78	12	63	69	16	46	51	46	36	39	42	78	58	-1	44	92	61	33	82	5	100	14	84	45	2	10	19	47	85	3	64	59	5	89	42	26	22	89	12	65	58	66	85	25	78	70	76	77	33	23	55	45	37	2	98	53	97	7	21	21	78	83	50	19	70	6	39	33	93	33	76	25	38	12	32	27	98	71	46	62	24	94	62	5	1	52	92	71	28	88	83	12	80	
67	22	87	96	93	35	20	8	8	45	43	79	13	84	26	48	28	46	2	29	54	-1	40	41	80	29	69	90	83	20	62	14	15	8	47	13	85	2	33	100	50	81	13	54	59	67	16	88	35	79	55	13	91	65	29	90	58	33	18	62	31	57	54	90	7	30	18	79	88	5	10	64	70	86	32	26	72	16	13	16	30	30	77	72	4	42	76	63	87	68	22	68	86	73	98	20	45	57	18	92	
72	57	86	80	90	29	47	19	56	97	66	31	75	58	10	18	75	84	37	20	20	6	-1	18	15	50	93	38	61	15	16	56	57	87	71	52	97	57	83	94	58	5	62	8	28	37	75	71	19	59	80	78	30	3	90	5	75	37	97	60	16	38	72	28	37	96	11	8	6	87	28	28	58	57	82	10	79	88	97	71	36	66	38	65	40	53	33	100	45	45	20	89	29	3	94	57	92	15	61	63	
11	96	43	98	31	34	55	53	4	96	79	76	59	15	81	10	79	51	19	83	52	53	80	-1	28	61	56	83	56	75	72	57	65	92	64	14	11	85	7	55	57	68	61	7	78	75	10	27	66	45	75	32	53	16	56	15	14	11	51	50	60	68	79	54	33	10	35	27	64	89	95	51	49	78	83	43	26	93	71	74	56	92	7	28	70	86	100	86	66	95	3	38	30	50	96	65	32	36	57	39	
44	7	36	95	66	87	62	12	92	91	66	75	81	79	90	98	83	41	76	5	2	6	27	58	-1	17	58	67	18	29	87	38	78	28	93	45	91	15	94	94	82	39	36	80	2	49	43	100	39	100	17	28	35	86	47	69	63	30	26	16	61	37	53	55	71	52	37	22	31	13	7	12	20	19	60	11	15	71	35	44	47	49	50	12	98	23	98	44	37	68	81	20	66	40	12	50	88	75	86	51	
26	51	82	74	64	14	88	8	94	36	15	100	26	84	1	36	96	21	56	64	72	20	79	65	20	-1	29	44	96	31	46	81	28	9	26	16	78	56	53	7	71	2	7	92	75	44	20	93	88	54	67	55	37	92	66	73	24	33	1	11	34	37	40	92	1	64	42	88	50	73	67	98	45	60	85	12	5	44	91	11	8	16	18	14	7	28	77	74	54	31	99	87	2	18	54	53	99	95	46	18	
16	95	70	71	24	72	82	42	30	36	90	65	81	82	5	26	18	10	50	90	89	31	99	24	38	18	-1	43	24	32	26	22	75	66	74	34	64	22	30	45	19	54	66	32	33	77	99	5	65	42	76	100	22	15	100	59	16	45	52	52	92	29	100	99	2	26	61	24	44	30	78	34	65	14	87	61	15	13	41	62	14	87	95	72	33	35	28	5	73	90	74	53	73	67	82	77	55	19	49	64	
4	91	47	14	7	8	82	7	42	58	30	31	33	57	10	65	83	64	21	5	47	11	70	37	11	100	56	-1	64	70	96	98	29	35	31	23	57	53	73	45	60	6	94	75	40	99	93	67	4	25	68	40	4	32	39	65	20	15	6	58	6	60	15	68	56	17	57	8	42	92	73	66	64	59	19	40	59	95	61	12	5	38	30	65	50	74	74	55	15	84	39	76	30	81	95	95	40	99	89	59	
90	19	77	75	24	17	48	8	97	86	67	98	3	34	78	64	66	92	80	35	50	78	5	21	30	35	88	47	-1	62	20	35	87	61	78	79	6	67	57	8	49	37	42	77	77	63	81	28	57	52	83	21	43	16	57	59	91	42	36	10	95	34	80	47	90	58	90	77	91	78	83	81	17	36	21	93	41	4	80	72	51	46	57	93	13	26	6	68	64	48	43	77	84	83	43	61	50	21	18	66	
40	33	93	26	57	61	50	45	17	3	90	22	71	93	37	24	86	84	36	54	45	61	24	42	90	33	34	29	36	-1	67	42	73	59	95	81	55	29	14	74	67	35	27	68	70	65	80	20	74	6	85	56	16	90	43	96	15	29	65	4	87	72	20	15	92	94	57	70	56	48	11	44	22	61	37	96	92	97	33	52	4	52	13	37	70	70	94	18	77	20	83	70	15	34	75	4	82	27	30	77	
41	52	69	28	6	32	12	85	13	55	20	20	72	42	77	7	84	19	54	27	8	17	46	2	81	50	73	21	35	7	-1	55	45	98	59	52	67	47	88	61	8	71	10	50	92	67	62	13	94	70	47	70	37	53	78	7	10	98	35	25	86	39	89	92	50	99	78	91	84	40	5	80	67	23	88	39	13	14	33	40	19	61	59	62	10	54	64	41	22	96	26	48	4	86	99	60	24	32	37	63	
43	11	94	56	57	6	99	74	74	99	83	11	61	67	39	95	86	21	39	81	64	21	43	37	50	28	63	67	64	69	52	-1	51	24	88	40	2	2	6	44	20	7	80	72	94	33	49	62	37	47	97	3	83	58	67	30	93	85	21	46	51	29	95	86	76	48	57	59	17	87	61	7	48	61	76	99	51	37	87	58	31	87	85	27	30	56	44	47	24	40	49	80	65	35	44	97	38	50	11	7	
30	59	86	23	35	91	2	2	37	43	38	5	62	13	95	16	91	32	11	73	9	99	32	37	28	31	2	23	72	74	6	44	-1	56	26	48	53	100	1	80	15	94	43	44	36	53	78	98	51	61	60	43	45	5	50	87	20	41	92	99	25	90	13	95	29	4	24	33	42	4	71	93	83	91	59	63	71	5	9	30	73	29	7	30	83	75	98	28	43	71	54	85	15	46	98	32	96	70	86	36	
84	11	94	21	81	19	77	33	17	89	46	95	1	2	34	79	27	24	90	40	16	68	50	22	60	29	78	2	43	45	3	5	63	-1	96	5	48	59	59	9	12	68	18	10	28	54	49	32	10	5	27	18	36	88	12	71	60	46	78	43	58	43	6	64	68	53	8	21	18	67	50	93	35	2	48	63	64	87	93	53	95	29	69	55	63	47	36	5	26	79	62	31	82	68	56	84	73	72	66	1	
47	59	57	67	22	84	70	16	100	93	83	41	86	66	78	80	64	12	32	69	96	52	100	54	92	97	56	71	44	34	35	81	43	25	-1	99	58	9	34	21	18	5	100	59	73	19	37	85	89	53	45	51	6	97	41	78	38	35	43	25	33	93	33	82	13	86	58	89	27	79	24	76	3	7	8	84	16	10	46	63	19	73	72	98	88	39	81	92	53	91	23	4	35	12	86	20	22	53	21	27	
25	34	46	20	14	38	17	43	71	60	53	59	53	63	58	36	15	13	90	47	82	39	55	24	72	73	28	32	15	82	16	40	100	89	11	-1	40	3	95	98	83	25	15	37	62	87	1	71	22	84	59	70	19	86	61	63	11	69	1	49	43	8	82	77	44	60	9	16	69	39	36	92	37	2	76	32	67	57	26	51	100	82	66	82	91	100	64	41	74	40	34	23	53	98	94	77	81	78	72	81	
79	29	23	11	64	82	56	20	43	52	78	1	37	62	4	70	92	8	60	84	87	99	94	79	33	56	88	60	13	17	43	10	13	97	14	3	-1	81	42	81	42	65	31	93	70	61	34	94	30	17	38	89	55	78	22	15	33	64	2	70	70	28	38	30	59	59	44	3	84	27	53	65	22	86	3	11	3	57	76	72	13	43	63	28	27	66	7	87	85	33	97	43	22	7	95	98	71	10	45	44	
41	36	15	66	3	62	50	33	81	97	56	91	25	14	66	15	36	92	88	40	90	1	16	6	1	85	38	53	79	34	92	95	32	57	88	62	19	-1	92	39	93	95	80	36	49	20	53	44	55	57	92	21	60	90	71	79	65	32	23	47	20	99	39	54	79	15	40	61	76	20	49	43	60	100	63	42	64	75	52	67	20	36	53	92	14	11	52	15	51	37	5	24	76	67	3	5	80	87	53	54	
16	75	44	48	99	87	90	94	66	22	85	57	15	87	59	83	14	34	28	67	96	8	38	7	8	7	21	76	86	47	23	41	37	44	66	53	76	89	-1	64	74	5	8	89	10	6	27	15	37	92	27	54	87	32	15	55	56	87	26	87	64	17	1	99	32	77	35	74	66	89	2	81	24	8	39	19	64	31	12	17	59	28	41	63	75	23	88	11	93	35	90	37	51	21	83	25	26	91	11	37	
76	100	30	58	16	54	33	28	41	88	98	16	12	82	54	26	40	97	33	55	40	23	13	84	28	50	38	96	56	15	58	63	46	39	45	71	48	73	3	-1	19	73	11	45	25	92	98	20	56	69	50	88	54	8	67	64	12	100	84	78	36	76	34	10	3	20	64	54	51	14	72	9	26	98	31	16	43	19	4	56	4	31	74	65	73	6	71	31	80	45	39	51	58	41	82	56	45	54	73	70	
23	37	11	66	65	6	11	80	31	10	8	94	67	32	66	10	28	37	83	57	21	93	64	41	66	64	8	7	54	81	21	9	66	34	30	12	21	96	49	5	-1	37	44	66	86	77	98	80	74	30	29	35	4	43	80	33	71	55	55	44	25	2	81	68	87	85	15	21	65	22	77	72	31	32	93	87	35	9	61	41	8	44	78	75	18	93	20	27	30	42	49	39	92	33	72	70	60	75	23	88	
34	35	4	8	34	80	26	57	38	79	99	42	69	93	37	35	68	91	75	23	82	3	78	55	10	33	24	83	51	90	55	87	47	69	9	17	93	70	70	50	3	-1	76	38	33	49	26	53	59	74	66	85	95	55	37	71	6	33	29	16	95	22	71	77	87	52	7	36	91	57	14	17	16	30	32	10	72	43	14	71	75	11	58	64	53	17	100	79	50	37	55	73	26	35	84	44	42	48	38	10	
54	79	79	52	93	3	14	61	46	85	54	61	96	41	38	42	4	39	41	54	33	16	83	61	96	91	57	44	85	57	26	62	62	12	58	54	99	62	71	17	70	9	-1	98	25	44	42	95	59	19	27	32	73	13	53	99	94	57	94	1	22	69	53	42	73	72	51	3	67	32	94	19	46	98	52	89	23	97	15	16	29	72	91	100	7	32	79	88	100	94	15	25	21	24	61	30	97	70	55	53	
92	11	80	17	62	81	58	95	77	77	80	70	86	98	12	66	24	13	51	81	77	53	67	88	45	100	61	44	40	45	55	4	28	32	16	33	23	99	3	73	37	26	76	-1	60	69	69	69	37	20	96	73	15	75	52	95	79	23	28	20	41	78	82	20	81	67	43	86	40	100	68	35	7	19	62	65	35	63	53	52	50	84	69	9	1	54	37	13	42	18	19	92	92	69	63	54	96	29	72	26	
86	10	100	5	69	57	27	89	47	31	82	15	28	35	68	70	57	84	90	41	12	14	71	47	66	51	10	97	52	99	99	59	26	7	43	66	21	25	4	49	91	49	92	51	-1	52	86	81	89	7	79	53	69	14	96	59	78	82	72	2	92	42	84	84	30	57	2	41	10	86	18	29	65	68	37	47	88	30	76	8	54	20	3	40	88	95	6	11	65	26	54	54	89	49	25	3	67	46	72	38	
29	6	93	54	9	89	92	80	90	57	77	69	37	100	22	94	25	32	19	3	39	62	3	16	34	86	21	48	54	6	15	11	55	17	37	79	37	35	25	17	61	54	17	28	30	-1	62	90	22	81	52	32	91	18	59	2	31	16	81	32	59	59	53	2	66	51	12	30	52	28	29	88	23	4	64	25	34	13	27	34	66	56	44	43	83	40	29	8	47	91	25	50	29	37	46	81	12	23	7	80	
37	15	72	50	27	60	56	84	85	17	58	95	1	53	55	39	35	98	55	28	72	50	98	24	60	66	49	85	90	9	77	28	82	82	32	18	87	42	89	78	63	27	56	20	99	82	-1	18	72	83	68	30	78	18	91	5	1	74	72	72	17	2	18	51	37	83	65	24	16	97	27	80	84	26	83	65	73	64	17	61	23	83	82	85	18	25	12	74	21	41	4	56	29	22	29	53	100	85	24	64	
77	47	2	1	37	88	77	68	62	33	43	67	31	4	23	61	21	1	82	57	53	15	29	60	86	85	24	94	39	14	34	81	12	63	54	83	73	7	85	89	72	76	40	77	33	28	29	-1	6	70	54	5	96	92	94	37	9	59	26	89	74	36	79	92	75	77	32	70	14	85	29	38	61	66	26	96	90	23	93	22	71	30	57	25	58	66	32	2	42	36	47	77	58	39	73	50	21	41	78	47	
40	28	9	90	56	53	87	34	59	63	77	47	20	3	12	17	1	59	92	49	97	45	15	16	62	82	34	76	68	83	52	45	30	18	54	75	53	83	56	48	99	73	50	100	22	11	56	99	-1	5	20	90	62	26	99	62	30	25	3	56	62	72	59	44	100	11	4	22	18	73	90	99	32	47	31	22	96	53	18	26	53	43	93	22	73	87	81	20	87	16	98	74	47	96	5	37	11	33	56	16	
62	44	50	14	87	63	51	59	73	96	94	56	100	11	12	35	70	77	24	85	50	22	53	75	65	8	70	15	19	36	45	24	5	64	81	63	81	98	100	72	53	76	29	48	31	28	11	24	24	-1	34	71	53	28	56	90	65	62	89	77	63	33	21	64	82	29	12	17	76	53	61	47	21	45	57	87	64	8	39	17	34	96	38	10	20	57	57	20	95	7	55	63	95	31	76	7	42	71	70	2	
47	45	51	83	49	77	10	6	74	25	43	18	22	67	41	5	78	17	18	88	97	24	1	42	24	61	48	57	5	87	95	22	2	35	57	32	82	64	83	12	73	52	33	99	64	66	38	37	88	20	-1	59	93	91	52	24	41	66	77	37	30	53	21	82	47	100	72	94	11	63	76	61	32	89	55	93	3	52	16	61	25	8	81	55	99	41	21	100	97	66	97	77	35	19	33	72	84	33	40	67	
30	12	99	72	47	86	42	26	71	27	88	87	37	27	22	39	2	27	45	8	60	2	15	13	75	84	38	40	26	57	95	3	31	38	10	51	8	56	23	96	1	75	73	32	86	38	97	34	19	81	93	-1	36	89	16	57	92	14	10	41	43	40	28	92	55	14	27	1	39	83	27	44	93	91	33	84	83	27	28	67	57	1	15	85	81	56	86	20	12	81	42	94	36	2	2	93	67	42	48	56	
51	16	91	19	26	33	26	85	5	28	84	91	43	25	58	60	79	46	86	39	29	95	45	41	56	72	63	28	38	71	89	38	80	64	72	2	66	9	85	28	69	70	60	39	89	25	84	16	5	86	22	84	-1	24	72	26	10	43	19	67	98	93	21	19	5	86	58	26	46	70	1	61	84	52	76	74	9	82	39	22	63	12	16	68	61	69	25	76	12	80	86	98	38	11	41	20	27	76	47	9	
10	25	17	24	78	73	14	44	74	31	27	13	70	55	20	63	15	27	57	41	52	20	69	41	90	1	70	26	1	58	17	10	24	1	27	89	87	25	1	21	42	4	75	48	57	35	95	43	90	15	4	40	14	-1	94	1	42	96	58	12	83	3	89	75	47	18	30	61	20	9	8	60	21	25	60	37	98	27	91	80	44	70	76	27	49	42	39	65	87	69	35	100	25	68	25	62	74	25	1	46	
96	92	29	95	24	3	80	93	53	78	68	28	70	42	47	49	88	60	66	85	86	25	76	25	63	50	1	72	41	85	62	71	83	42	68	54	10	59	35	45	16	84	22	70	53	60	84	22	61	84	92	66	57	48	-1	16	75	92	19	58	7	34	70	80	15	24	81	15	30	59	50	26	99	74	82	12	46	61	50	2	58	20	77	45	91	74	30	79	66	90	68	44	82	67	92	84	90	48	87	31	
62	83	96	37	50	97	88	75	44	58	41	73	34	69	28	88	52	51	26	83	43	52	9	46	22	22	62	58	100	61	54	55	31	27	61	79	23	100	42	18	29	76	65	94	49	56	9	61	54	31	34	33	77	18	41	-1	28	97	46	65	8	14	92	99	61	31	97	5	88	37	19	36	26	8	12	21	85	36	17	80	82	16	22	84	60	69	12	50	59	23	87	21	37	91	45	57	1	36	70	63	
57	40	2	13	54	37	28	19	25	53	65	84	100	62	31	44	86	46	42	6	19	58	20	54	99	55	80	86	100	62	55	36	2	8	13	6	67	49	85	61	47	54	98	91	82	1	100	52	87	32	64	34	23	76	59	88	-1	7	91	2	60	58	3	54	33	30	10	32	99	36	87	44	28	10	55	97	83	94	15	68	83	68	11	14	46	64	24	79	18	100	10	29	40	46	1	77	27	6	13	56	
96	43	40	95	100	99	62	23	65	12	3	7	12	89	64	49	38	73	99	57	13	70	52	67	42	77	40	26	65	17	77	95	89	69	6	68	60	86	17	54	97	89	2	86	88	97	62	35	61	59	71	31	5	7	22	34	34	-1	74	14	71	62	76	23	42	21	44	99	82	98	34	52	52	22	81	98	75	95	1	78	25	53	2	26	42	2	17	47	32	35	30	33	15	69	87	66	10	21	68	42	
60	100	100	93	24	6	87	22	75	53	68	38	20	36	53	92	30	44	100	87	44	91	80	16	57	75	41	87	21	9	48	68	60	27	27	30	61	99	80	82	54	49	51	4	34	55	44	8	31	43	49	27	70	24	69	60	99	4	-1	90	88	49	85	1	56	1	11	52	46	5	38	3	63	45	13	29	96	1	6	8	94	18	46	43	50	89	19	45	40	40	20	44	7	84	41	83	98	3	16	2	
54	43	47	13	64	46	39	75	92	68	4	57	78	25	38	56	64	67	40	31	8	44	50	32	3	32	52	21	62	50	45	62	61	83	38	37	61	55	60	80	38	62	87	38	69	86	75	49	73	83	74	28	65	75	64	13	69	80	48	-1	55	29	94	4	3	67	77	38	8	7	34	12	98	37	65	77	12	86	35	77	8	10	33	63	3	85	29	32	96	20	63	11	94	22	19	35	26	68	61	33	
69	1	13	66	2	22	36	15	75	93	74	75	45	34	25	33	73	90	34	95	56	72	35	42	26	82	5	83	87	57	87	57	38	19	19	100	26	88	87	97	66	66	98	63	60	70	88	61	89	80	51	61	19	66	63	65	6	52	1	64	-1	65	85	23	67	68	86	79	88	26	87	74	6	97	26	39	43	12	65	96	83	44	66	38	46	37	5	63	87	71	28	21	61	97	1	86	6	25	65	19	
15	50	39	5	76	89	37	24	16	49	63	38	83	73	68	88	97	20	85	35	38	25	78	42	32	10	79	6	4	81	68	62	65	100	89	72	29	2	9	19	58	44	72	90	100	85	54	58	35	65	98	59	64	82	87	77	31	57	90	64	7	-1	47	51	100	26	75	8	47	6	71	64	83	8	97	61	41	59	28	5	38	84	98	1	68	34	33	82	36	55	45	31	25	53	8	83	89	53	57	33	
50	35	5	1	8	48	91	89	93	40	25	40	50	100	67	73	36	36	72	99	61	100	75	96	67	96	92	7	81	43	91	91	85	96	51	65	86	92	7	48	68	7	73	63	48	15	44	58	28	9	68	91	26	1	70	40	52	77	98	84	100	92	-1	76	42	73	24	34	10	77	93	12	91	32	12	75	19	18	93	56	29	88	15	32	53	41	60	12	79	54	91	2	13	62	100	4	34	80	73	18	
6	70	7	67	65	7	59	44	67	47	1	55	85	41	68	13	21	77	19	2	89	3	20	18	74	88	71	57	20	24	81	6	97	51	90	87	42	24	39	64	75	18	80	54	87	61	33	70	83	37	19	6	79	70	98	67	91	28	45	72	3	71	77	-1	42	6	45	5	81	95	67	29	62	23	81	2	21	89	6	98	68	100	95	8	76	13	47	10	48	37	63	97	80	23	3	41	47	69	37	49	
81	86	31	93	70	4	87	15	11	77	50	3	14	80	86	70	87	21	6	100	62	91	78	8	67	45	82	36	81	30	45	59	6	10	34	83	29	21	16	62	41	30	47	7	53	41	78	20	40	93	2	60	88	77	51	58	77	92	58	20	75	18	91	69	-1	36	52	3	35	87	23	80	65	18	89	36	55	73	81	7	52	27	12	73	69	44	36	96	3	79	88	58	27	38	32	21	87	77	30	82	
4	99	69	95	42	3	21	1	47	69	7	37	88	63	95	39	28	22	47	59	63	97	81	58	86	18	52	53	59	86	87	35	35	94	63	37	18	51	22	45	35	74	7	69	25	52	44	66	58	87	38	18	29	14	48	85	41	38	75	2	63	50	60	2	24	-1	75	21	83	85	7	85	86	59	99	78	65	95	59	34	7	28	47	82	48	98	71	96	17	23	90	99	47	16	75	83	76	87	19	72	
11	6	7	60	91	75	93	63	58	97	4	26	26	1	49	93	93	66	63	58	9	54	15	11	70	38	93	18	31	92	78	87	26	83	74	66	8	30	79	51	40	5	30	46	7	88	14	34	61	37	79	93	69	68	89	100	82	53	97	21	24	62	43	82	73	18	-1	61	40	70	53	22	72	44	93	74	13	15	88	37	10	55	15	31	61	54	58	63	40	59	53	31	42	60	7	10	22	22	16	39	
24	87	32	93	4	92	38	28	43	60	18	55	7	53	71	54	78	98	68	62	46	13	65	34	28	25	53	56	10	47	53	41	13	24	35	37	3	46	88	7	13	8	86	76	52	91	87	8	57	58	98	85	15	84	59	67	52	93	49	93	98	82	9	54	35	93	54	-1	42	67	97	27	83	94	1	48	19	86	71	73	11	5	2	27	5	81	80	33	81	83	78	98	41	51	69	99	91	79	87	32	
67	10	100	6	89	86	33	16	72	27	98	14	68	58	83	97	70	67	41	60	21	18	86	86	94	8	39	41	55	28	80	34	45	87	81	18	81	82	47	21	36	73	72	29	13	81	99	30	99	30	8	83	18	17	64	23	23	21	27	89	71	90	33	76	51	99	27	23	-1	34	5	34	81	51	32	61	44	34	65	68	67	88	80	15	12	97	62	79	34	70	23	35	36	27	10	19	94	2	93	26	
17	53	71	100	66	60	55	98	49	11	62	20	8	74	100	35	29	74	71	13	67	15	21	62	10	94	83	61	12	86	25	62	64	65	92	36	1	52	42	81	42	79	21	5	32	65	22	37	19	52	51	29	90	87	35	4	6	5	41	30	74	98	32	55	36	19	77	46	93	-1	54	1	76	89	66	53	50	13	44	19	87	34	27	43	7	23	14	29	93	62	51	41	48	39	78	92	57	4	90	93	
50	44	67	53	77	22	25	26	34	37	36	10	55	34	21	10	7	37	67	48	57	80	77	66	18	92	67	100	16	77	43	69	52	32	67	97	14	51	96	9	87	81	41	27	4	11	75	44	9	61	95	79	92	33	87	64	92	69	21	89	16	67	2	96	36	30	37	41	82	50	-1	46	61	16	73	94	11	33	28	60	37	37	76	81	55	59	65	44	44	2	90	63	9	69	22	78	94	70	94	66	
9	4	97	32	70	49	60	75	17	8	86	98	70	68	43	54	18	48	55	96	72	68	98	26	19	91	62	76	43	38	32	85	2	78	6	65	88	58	48	73	9	24	89	5	22	24	85	14	26	20	89	56	51	86	55	17	23	59	6	55	52	37	40	99	95	91	62	86	92	67	55	-1	80	31	9	41	22	33	46	73	4	79	100	17	56	34	40	75	17	70	19	79	36	24	49	65	19	13	67	52	
23	21	16	90	31	4	23	54	45	36	91	98	37	55	74	96	19	47	58	59	82	55	81	77	26	59	4	80	98	55	30	70	27	80	25	81	35	95	94	71	29	94	93	41	72	76	100	86	26	1	20	95	39	14	19	96	26	82	12	69	63	1	68	74	74	27	67	8	39	81	46	77	-1	19	32	42	66	69	46	64	15	16	8	54	90	25	100	43	4	24	48	71	44	47	7	33	29	33	89	24	
38	36	85	71	88	82	32	72	57	2	75	88	14	18	73	5	6	51	40	27	36	3	73	87	97	26	10	13	67	60	83	33	61	22	39	25	28	79	44	69	85	81	57	23	53	52	95	63	21	66	6	9	33	31	34	90	75	79	21	93	60	70	59	79	47	100	23	65	89	25	75	32	76	-1	58	91	52	70	93	2	6	4	61	51	96	40	42	6	19	15	63	1	55	79	36	56	92	25	14	62	
77	30	29	30	76	40	26	94	61	38	9	51	88	7	69	69	24	34	17	85	66	37	41	84	16	70	54	78	22	7	53	55	14	85	23	4	35	6	85	89	97	5	94	57	51	70	97	35	29	34	35	4	66	13	50	52	25	43	43	57	100	92	41	50	97	20	26	57	20	93	74	80	76	82	-1	25	68	81	52	22	34	47	91	30	49	13	39	1	65	96	47	15	86	5	2	45	72	44	72	87	
78	63	71	41	16	78	55	81	89	52	66	68	64	78	60	58	75	6	95	11	57	43	38	3	53	99	39	74	56	37	17	73	13	40	63	44	23	83	10	20	23	83	44	26	32	90	34	36	59	1	44	40	14	76	67	67	40	93	32	40	82	26	30	13	9	47	12	8	71	67	72	98	34	74	74	-1	33	59	79	41	36	11	66	43	19	28	41	28	90	57	79	93	34	11	61	25	90	35	92	47	
40	12	43	1	60	11	77	24	64	75	13	81	21	66	18	96	56	37	81	83	77	75	1	17	84	46	21	20	81	61	36	52	82	37	85	92	73	40	60	90	36	58	21	22	43	52	23	63	33	91	72	97	59	31	83	94	27	67	18	100	49	78	49	94	82	54	2	47	99	40	3	79	72	28	97	99	-1	84	66	62	55	35	17	54	70	57	52	65	58	7	2	32	89	87	10	24	31	69	11	3	
100	51	80	6	60	69	15	2	57	73	91	68	74	25	24	35	74	50	26	35	2	75	56	7	78	39	10	34	37	75	5	26	92	72	2	81	81	66	33	33	72	41	11	19	2	73	27	87	16	75	37	33	70	24	12	51	33	44	21	29	41	3	75	77	31	91	69	24	82	8	70	12	24	34	35	13	80	-1	55	54	14	73	56	2	43	94	17	31	8	48	63	51	83	91	70	73	58	97	31	9	
48	19	83	24	1	65	60	34	92	64	88	81	88	62	44	92	38	57	63	52	18	96	47	37	14	23	27	28	43	37	38	43	11	35	82	9	87	14	16	40	18	65	96	93	77	28	80	75	32	29	42	91	21	13	41	74	56	88	71	15	99	5	12	86	22	95	6	13	94	29	90	82	65	17	78	85	17	62	-1	95	84	63	68	41	44	89	75	76	54	91	32	69	18	25	87	50	18	10	83	30	
70	77	36	29	83	27	2	38	1	8	19	46	10	77	83	88	20	95	93	45	30	89	45	30	1	91	76	36	12	45	35	3	94	58	96	34	91	75	57	58	58	51	58	76	5	8	38	52	34	73	16	28	17	29	76	74	9	28	99	41	99	85	75	81	8	88	12	64	19	65	42	24	55	8	8	26	86	2	48	-1	45	50	28	61	96	91	7	93	88	25	100	22	2	43	1	43	27	49	19	18	
72	74	37	97	28	69	13	37	88	28	89	51	46	45	93	81	14	88	71	47	37	18	71	43	38	69	48	38	9	96	3	52	98	24	11	21	75	18	60	13	13	35	48	1	16	2	3	35	33	9	49	80	60	27	5	36	30	60	28	73	76	73	56	59	41	65	55	64	72	36	47	8	10	40	7	75	19	53	89	50	-1	98	13	17	18	70	8	94	71	49	96	60	52	76	52	94	15	21	90	89	
28	68	66	33	97	10	70	73	1	26	7	17	21	76	89	35	74	18	61	3	60	56	85	80	31	36	46	98	4	87	82	13	2	87	29	45	25	6	81	8	94	17	51	50	49	92	19	47	80	1	95	86	17	71	64	68	49	57	82	46	10	43	90	11	30	92	60	9	8	9	21	19	24	45	49	20	6	61	49	42	88	-1	82	1	72	57	33	64	60	72	10	64	19	20	80	20	48	39	56	35	
84	62	92	71	30	9	38	13	18	28	24	19	26	5	74	11	18	67	79	78	100	10	44	9	62	59	87	14	38	46	90	11	58	43	82	70	78	94	95	96	42	27	45	96	88	88	57	38	78	68	96	57	88	100	47	8	17	23	3	100	10	20	79	54	55	43	32	87	53	39	61	65	83	14	43	8	1	85	86	5	10	56	-1	1	85	68	30	82	1	94	40	97	72	77	83	51	47	95	85	86	
48	24	24	83	65	1	39	31	47	15	92	94	12	100	23	97	38	37	71	50	73	35	46	57	52	1	8	5	75	66	70	75	47	43	48	18	51	53	20	76	98	36	61	48	40	2	36	13	89	69	21	62	83	14	76	98	88	24	90	81	44	88	30	60	68	47	37	98	55	61	45	7	7	47	64	29	80	67	96	4	37	25	58	-1	34	39	2	72	57	58	73	79	64	65	46	37	20	25	18	25	
90	93	82	40	71	85	79	56	88	100	14	76	12	74	14	83	28	58	39	76	97	36	56	73	42	30	22	94	28	60	90	9	42	86	4	68	77	97	86	18	18	81	25	50	38	93	59	48	38	35	60	1	71	53	28	61	42	44	33	47	79	45	77	69	39	69	80	56	89	45	95	78	51	81	19	62	40	77	31	61	72	46	71	30	-1	54	6	31	51	37	18	64	74	62	74	77	68	41	22	28	
41	30	20	90	88	62	39	40	94	66	2	88	13	43	75	39	17	15	86	84	67	71	80	57	92	21	9	37	96	79	70	2	95	77	43	31	52	100	100	4	28	23	13	1	85	71	19	32	16	9	41	27	92	27	67	30	85	87	38	16	23	98	48	16	90	69	29	98	57	16	26	23	21	76	41	53	9	51	21	51	53	89	87	44	91	-1	97	94	26	76	88	75	28	42	42	72	56	69	31	90	
51	48	43	88	42	62	9	18	50	37	51	34	58	90	91	65	3	85	50	21	88	91	42	66	32	65	2	99	1	82	14	62	66	21	16	35	71	76	1	68	7	41	81	20	54	59	78	42	24	44	90	21	30	24	18	82	4	23	74	100	98	43	95	46	35	60	12	93	87	62	88	44	92	45	55	58	67	94	71	51	72	96	32	9	91	40	-1	15	24	100	38	59	91	61	73	6	37	67	65	83	
36	30	18	95	93	21	96	65	1	94	1	81	82	61	55	29	13	47	7	55	86	28	76	5	96	69	28	2	92	16	27	84	48	77	50	38	60	90	91	76	83	29	54	77	26	24	83	12	73	70	96	82	59	44	66	59	56	98	99	63	61	23	20	83	55	98	60	92	12	47	14	91	11	66	63	82	92	74	33	82	74	68	49	65	92	52	84	-1	82	54	60	52	62	22	41	74	53	99	67	93	
22	49	89	37	23	77	63	76	49	94	5	45	82	43	45	8	64	99	73	62	5	15	27	49	91	51	40	2	74	64	54	92	47	63	90	16	92	46	14	11	81	3	63	43	97	89	37	54	62	55	41	15	69	14	43	95	37	82	6	7	33	12	29	43	80	79	15	30	89	97	73	55	80	83	7	71	51	95	80	39	68	28	9	49	54	67	13	26	-1	77	13	42	43	91	53	95	28	93	44	5	
40	51	86	66	95	63	62	80	60	75	93	10	83	45	15	78	86	47	2	43	86	11	67	27	84	84	70	52	36	77	70	50	66	85	13	12	28	44	65	40	96	74	23	96	6	50	75	30	3	76	60	70	18	94	65	99	91	87	96	99	59	16	62	60	44	72	59	99	50	59	40	94	81	63	74	68	71	62	60	63	64	78	60	67	72	74	22	69	12	-1	84	38	38	57	88	55	89	62	36	47	
47	25	35	33	98	40	27	73	91	71	18	87	92	84	29	30	32	30	92	46	1	47	32	84	64	30	86	45	11	64	72	46	8	56	21	50	24	48	93	32	98	42	78	31	12	69	12	47	71	81	76	42	43	16	63	30	77	9	73	21	45	77	84	3	34	17	93	26	24	39	98	4	83	84	61	96	37	37	84	62	46	80	45	8	23	58	80	21	5	67	-1	23	2	26	54	17	10	5	82	82	
58	70	59	50	88	12	37	7	15	26	65	45	39	95	57	12	39	49	35	64	44	9	76	76	100	76	95	91	3	73	64	44	36	78	13	32	28	76	8	18	14	23	17	30	87	12	74	8	56	17	57	66	100	83	48	93	59	62	88	61	31	50	10	92	15	84	57	33	45	35	10	47	84	20	40	55	61	63	33	94	9	35	92	83	64	52	95	26	80	100	76	-1	64	85	85	74	30	40	4	99	
16	38	48	91	13	74	25	36	5	57	11	68	18	9	60	26	47	92	76	100	50	26	54	21	71	37	88	74	85	53	70	3	22	87	9	35	82	62	94	59	8	88	84	51	19	96	30	98	65	84	80	49	65	26	8	37	63	36	4	72	42	25	63	16	26	12	5	98	18	55	67	86	31	72	42	28	61	39	70	31	21	21	86	100	29	99	91	57	64	9	46	26	-1	77	20	45	75	17	50	60	
35	6	53	64	9	51	12	45	10	65	97	17	6	5	90	48	42	55	93	81	5	33	29	20	33	89	67	30	68	86	12	62	76	90	21	57	76	15	17	53	12	43	30	89	87	46	27	88	6	82	84	75	52	43	10	36	28	2	85	76	3	34	55	31	83	37	82	31	54	80	9	22	87	30	23	92	26	15	13	92	58	40	45	81	28	33	82	1	49	97	58	65	40	-1	37	81	20	57	3	89	
20	33	77	23	76	23	19	55	41	26	90	34	47	32	13	43	60	11	55	52	86	34	78	95	52	62	74	37	47	1	38	52	10	83	44	71	72	11	26	2	35	81	55	65	37	33	46	70	86	70	3	37	97	60	40	71	12	2	70	80	29	89	80	17	31	65	58	10	28	81	26	33	28	33	39	83	77	37	39	51	17	89	7	32	73	7	36	18	3	16	84	48	50	95	-1	25	88	1	59	5	
75	33	63	15	47	47	11	5	14	17	20	51	69	59	44	39	45	82	59	9	64	32	76	57	88	91	68	26	59	14	64	45	10	40	58	50	68	76	3	31	29	40	98	63	36	34	58	80	28	92	67	28	34	19	42	64	24	66	56	94	92	52	2	77	44	31	70	43	84	7	8	26	41	90	86	82	93	13	12	50	46	71	21	48	79	68	62	58	97	57	11	99	74	78	43	-1	10	76	92	7	
97	12	88	52	84	13	83	73	5	7	48	6	44	6	87	79	54	12	31	35	31	18	7	57	30	22	100	80	92	54	6	13	73	95	79	45	97	45	28	83	51	10	6	24	94	29	36	38	82	40	12	14	46	51	59	49	37	79	45	25	9	71	52	67	22	38	56	48	37	89	3	76	65	90	77	6	14	78	87	94	31	99	59	39	47	32	27	85	28	17	91	9	60	98	80	18	-1	85	8	43	
45	47	6	49	16	83	4	56	76	49	97	98	82	86	21	9	70	79	46	50	95	99	37	93	18	47	15	1	90	62	65	84	71	43	67	78	66	64	63	27	45	94	6	34	76	58	63	40	50	98	21	4	47	4	65	27	58	15	51	95	35	8	33	100	16	18	24	95	99	25	12	55	46	75	38	56	82	84	80	85	81	32	27	29	15	90	27	46	18	47	8	38	81	71	29	29	22	-1	4	70	
6	20	37	86	86	63	100	36	58	77	87	52	57	45	15	50	65	2	23	7	56	10	4	5	74	23	89	100	61	82	40	80	85	70	1	17	49	32	46	56	98	77	84	24	50	51	26	85	48	55	31	16	78	66	81	35	11	94	87	18	30	48	75	70	2	64	36	33	56	13	1	31	2	97	51	67	78	87	15	41	50	87	100	30	12	1	87	36	57	31	88	20	58	52	92	5	59	49	-1	23	
55	68	49	56	40	28	59	15	45	31	32	38	100	7	14	99	49	79	21	69	27	52	67	97	69	43	81	24	92	59	44	30	66	59	69	48	39	63	85	64	23	55	52	97	28	19	92	31	6	45	16	48	68	68	17	85	89	71	13	2	15	38	2	52	10	54	57	16	60	62	4	48	52	73	29	93	33	23	40	49	92	60	27	20	36	10	56	74	100	41	6	71	7	59	51	37	28	30	85	-1	
