100
-1	9	20	15	76	64	52	25	68	41	33	49	56	100	59	54	86	84	46	80	63	12	51	33	9	15	42	92	83	30	51	42	73	83	75	41	69	43	67	34	93	62	27	30	98	54	56	9	8	53	62	16	27	36	18	11	86	89	7	32	30	95	43	25	33	69	91	56	18	67	38	38	48	83	24	31	35	3	94	56	31	74	93	52	32	46	71	23	60	25	67	11	59	87	29	5	92	35	50	80	
29	-1	76	33	24	28	38	9	15	35	68	41	70	9	8	90	54	70	57	8	29	5	29	32	57	75	55	92	81	35	94	11	29	12	3	14	96	19	3	51	41	69	57	65	81	51	82	17	88	68	50	24	73	11	78	89	67	50	67	12	41	62	98	10	52	44	72	39	71	55	27	26	7	15	1	27	100	53	73	19	20	24	24	7	15	59	27	70	31	28	86	97	85	29	70	28	95	41	26	95	
51	93	-1	34	20	72	15	25	15	83	30	57	47	81	68	4	74	63	49	2	88	46	57	28	84	29	11	47	92	7	86	5	94	85	9	55	35	27	86	76	79	74	52	21	33	99	73	74	36	9	33	71	30	100	52	38	4	73	70	32	7	64	37	35	13	37	98	27	82	98	12	23	97	93	5	26	22	70	11	5	66	26	50	75	65	54	66	16	82	97	88	42	19	15	16	1	23	92	10	61	
50	76	81	-1	30	8	48	30	7	33	54	57	93	98	100	25	98	35	62	55	17	72	33	98	65	90	34	52	46	20	8	11	78	74	81	16	16	48	27	91	5	2	79	25	96	94	73	71	27	66	14	79	58	57	25	88	28	60	63	41	36	33	35	26	38	98	69	46	21	14	67	32	35	69	1	97	55	14	95	17	59	26	28	66	74	78	1	33	35	43	13	18	59	81	31	95	40	46	60	67	
82	61	86	56	-1	90	95	80	90	9	72	4	50	33	25	94	16	30	41	74	59	96	69	87	53	100	48	42	13	24	55	75	79	23	78	53	49	97	43	72	28	47	18	50	9	94	89	31	28	78	81	34	48	28	45	95	52	27	11	58	94	7	36	96	54	91	7	85	85	61	93	65	3	88	28	99	81	25	21	87	75	61	22	23	65	22	20	8	92	3	77	89	72	45	50	76	96	91	94	48	
57	62	70	16	6	-1	6	68	70	47	87	2	14	33	80	57	99	30	44	25	94	21	81	10	58	36	33	63	32	16	55	75	92	45	51	73	75	7	65	72	91	3	12	55	27	46	94	1	68	51	66	100	25	87	36	43	37	58	8	93	10	59	66	12	12	48	21	51	63	36	86	31	10	1	75	52	8	93	83	34	52	19	69	98	69	42	37	63	14	66	82	96	92	77	4	35	87	88	71	94	
65	66	17	34	91	41	-1	25	73	4	28	89	29	21	15	73	13	94	41	76	54	61	71	5	78	24	86	70	63	15	67	10	4	32	36	93	96	78	82	13	47	96	69	74	20	30	4	37	24	32	45	32	64	30	10	36	21	52	42	56	13	39	46	53	96	43	92	75	93	31	1	72	9	58	41	58	74	11	3	97	80	83	50	45	2	57	68	41	85	86	4	77	60	19	5	21	95	84	12	47	
65	62	58	69	44	3	4	-1	86	44	52	55	99	83	43	52	12	35	90	83	61	40	72	1	74	12	31	40	10	72	34	82	83	77	59	73	17	11	7	54	94	20	17	15	20	40	44	86	21	28	65	15	43	4	49	97	42	33	31	70	91	75	4	52	18	92	34	46	31	82	79	90	73	81	90	94	23	7	15	58	47	71	31	78	8	72	93	28	6	88	27	68	73	65	8	46	6	98	8	32	
5	41	57	17	7	4	67	93	-1	34	81	50	42	95	22	82	34	83	17	12	30	74	64	75	90	75	13	89	90	96	80	51	9	36	85	18	39	38	91	64	28	93	73	75	15	20	25	67	72	73	54	10	10	17	82	79	16	22	67	59	14	23	85	20	3	30	85	31	100	27	9	41	3	45	39	16	93	7	58	83	28	85	15	91	82	27	85	59	74	45	55	90	52	15	17	20	63	35	93	3	
12	65	51	11	10	78	80	67	24	-1	64	27	5	94	40	4	95	24	21	81	52	84	53	18	59	2	62	49	66	56	38	38	33	22	62	71	100	92	83	39	15	63	86	64	28	82	26	10	90	53	75	6	76	49	25	71	4	37	2	40	61	40	100	62	27	52	22	20	85	46	29	72	51	99	30	95	94	23	42	60	76	89	52	57	97	90	14	79	30	100	35	18	55	85	57	84	52	20	6	74	
91	57	55	48	65	60	39	10	94	35	-1	93	62	90	55	41	61	65	55	52	12	45	69	22	36	15	56	84	33	40	51	98	74	56	58	46	45	8	42	50	60	35	20	94	5	30	44	90	34	46	36	70	24	50	58	74	41	21	97	65	87	90	9	5	87	74	76	89	90	68	45	22	90	7	3	30	84	94	21	65	29	86	52	81	79	47	84	33	41	4	44	57	29	68	89	60	41	80	86	49	
48	97	37	8	39	81	27	28	43	80	16	-1	97	85	15	5	100	47	38	3	24	8	10	49	24	28	5	93	18	92	29	15	62	69	11	57	79	43	45	58	25	35	18	65	4	74	80	85	52	18	57	71	69	75	34	19	5	91	30	91	60	29	91	48	71	76	62	82	4	98	67	10	29	27	70	74	59	28	5	65	68	56	70	16	80	1	21	48	45	74	69	24	89	96	85	53	97	6	30	88	
3	29	67	52	55	27	30	85	97	76	69	77	-1	21	35	76	33	57	43	29	14	31	41	83	68	34	67	79	86	31	41	99	27	23	87	46	76	27	92	25	76	39	73	98	1	55	9	70	23	91	16	99	49	24	5	100	70	79	12	21	86	6	39	46	15	1	21	18	90	43	53	47	29	100	36	31	72	25	77	50	90	30	64	91	75	24	53	77	80	67	62	79	19	29	40	85	39	64	37	84	
90	72	90	87	29	17	8	60	79	24	48	43	6	-1	15	27	46	63	6	53	72	84	99	78	33	63	81	90	25	92	65	9	56	91	29	92	3	27	53	97	58	30	87	45	45	15	10	42	14	4	18	50	74	71	30	10	79	87	50	51	47	2	11	33	67	94	64	25	50	53	93	71	43	85	55	100	16	60	2	68	4	11	18	67	40	1	41	76	65	79	99	63	58	65	3	36	27	23	37	4	
48	29	81	59	20	92	11	57	12	58	68	97	1	16	-1	67	72	89	2	39	20	84	46	96	40	97	81	96	73	98	18	17	50	22	56	48	52	77	87	12	73	25	29	79	14	8	3	40	78	8	5	85	77	46	82	19	12	42	89	8	27	23	75	44	65	86	66	87	2	47	53	21	47	80	61	60	34	76	75	42	76	83	16	99	83	12	33	17	19	64	95	72	39	93	73	65	32	61	95	13	
22	80	99	75	92	31	46	26	29	71	26	32	2	65	1	-1	24	98	23	100	17	43	34	41	86	19	86	13	37	39	31	50	31	23	10	53	22	30	99	43	54	4	44	66	64	69	70	5	60	11	69	71	49	82	90	76	38	67	57	20	23	91	45	41	36	5	51	27	77	99	5	86	40	89	90	24	6	3	81	72	100	73	24	50	53	43	3	79	67	9	78	95	60	35	17	14	17	69	1	52	
69	43	67	41	7	79	27	84	99	75	80	49	92	64	43	64	-1	42	79	5	72	42	3	73	69	23	63	65	18	50	6	7	18	29	20	71	13	99	59	82	85	91	30	46	54	75	88	61	58	4	85	100	77	23	100	42	21	1	48	31	73	2	4	96	95	34	100	99	10	22	79	99	49	37	98	60	41	14	50	100	1	98	37	52	19	21	81	41	50	49	69	29	98	34	80	46	8	95	31	69	
7	1	82	74	18	98	82	32	99	29	78	63	74	60	87	29	94	-1	12	52	38	77	69	54	37	23	61	77	52	5	5	3	95	86	55	9	16	89	14	30	39	56	63	30	66	20	68	68	60	66	57	83	17	74	66	76	65	6	88	67	54	82	24	22	91	29	90	22	83	78	23	71	25	75	84	60	9	94	67	23	43	71	44	6	42	1	22	82	88	80	14	50	44	26	23	3	36	57	74	19	
16	88	48	44	31	90	21	47	8	43	52	4	39	80	16	44	66	69	-1	57	36	14	13	92	55	62	6	11	39	10	26	96	56	39	9	11	34	31	35	22	36	27	64	85	80	77	34	10	85	83	44	66	42	51	9	69	5	96	50	7	33	21	95	36	15	89	47	13	31	98	51	94	61	46	9	70	58	51	77	50	77	74	12	86	53	3	75	78	85	86	66	4	37	49	26	65	78	56	31	57	
13	5	14	34	24	30	82	20	62	19	57	19	65	36	78	61	96	42	89	-1	83	5	85	54	65	43	66	53	12	85	42	45	91	64	55	36	66	17	21	7	23	25	39	58	57	84	43	34	38	80	72	65	63	76	27	62	99	92	48	9	60	2	65	21	37	78	51	64	32	27	80	27	2	26	37	31	29	2	93	55	77	56	29	20	95	99	65	29	85	67	67	34	22	63	95	82	89	65	31	52	
39	38	84	7	94	85	100	38	23	80	93	43	44	52	49	73	42	36	100	12	-1	44	65	32	4	61	24	15	2	15	76	26	54	77	94	23	64	38	7	84	1	50	73	34	12	76	12	65	82	61	82	14	19	72	24	9	94	2	71	89	75	24	76	72	95	99	36	39	99	51	35	8	17	79	65	90	35	87	89	75	5	63	21	73	82	4	62	39	89	29	54	100	14	68	72	33	2	44	95	86	
71	56	61	62	53	5	100	84	68	29	78	81	7	21	1	56	16	49	79	23	38	-1	77	80	46	87	70	52	8	41	81	3	6	55	14	53	29	79	77	19	20	55	66	91	77	84	27	35	94	59	90	45	95	95	10	54	38	81	26	80	28	10	29	80	18	46	97	60	25	33	70	25	86	59	97	81	29	8	100	91	65	65	20	82	57	16	82	75	72	2	10	33	54	83	5	15	57	61	16	37	
71	92	17	79	18	98	30	47	63	51	80	35	64	75	34	54	40	99	2	71	92	44	-1	99	66	15	66	76	20	77	36	56	57	77	32	38	40	68	74	82	65	9	52	69	61	99	21	73	35	43	70	73	94	59	52	48	44	71	100	39	1	45	59	8	66	28	37	48	92	36	8	45	92	26	24	20	92	98	83	17	47	64	98	17	97	11	26	83	45	14	100	78	96	45	37	41	59	36	91	84	
83	39	12	46	90	6	52	84	45	33	96	17	21	30	51	18	91	41	86	4	24	73	84	-1	36	36	41	68	26	37	46	81	5	58	75	13	26	10	40	81	31	31	96	49	2	2	73	37	17	80	89	35	88	82	34	70	45	45	49	30	12	50	4	100	32	16	93	29	28	69	86	38	53	22	59	82	71	9	17	32	42	1	44	34	51	97	23	79	31	80	66	60	87	61	20	9	4	25	22	26	
73	5	67	78	7	54	42	91	69	42	58	47	48	49	76	96	12	92	94	7	39	20	70	46	-1	46	38	68	69	90	78	40	93	21	29	35	60	33	56	17	24	75	13	52	32	80	80	7	82	4	35	1	46	44	42	22	59	57	2	58	19	46	94	77	6	3	98	15	17	66	19	69	45	82	43	59	73	73	47	3	47	98	6	98	31	72	52	34	29	34	11	64	58	19	25	7	92	95	46	21	
49	95	95	32	77	17	35	67	23	88	97	18	94	3	62	71	95	75	17	31	2	58	40	24	61	-1	13	48	24	33	46	87	74	24	71	65	92	93	53	66	100	41	72	38	51	14	74	7	3	11	34	30	55	11	88	38	45	5	26	2	3	95	44	49	58	17	31	36	47	53	70	26	79	57	34	39	17	84	68	19	46	53	13	12	96	44	21	3	63	2	7	19	68	67	52	31	90	38	70	80	
79	37	83	18	22	1	74	99	82	36	53	92	80	65	71	84	60	73	32	42	14	4	35	95	91	89	-1	75	81	16	65	45	94	50	44	21	19	83	74	43	10	61	86	68	29	21	97	25	58	5	57	99	8	34	26	44	23	91	21	88	59	86	15	64	37	78	28	83	23	80	80	58	92	14	38	62	11	49	63	78	4	98	9	10	28	23	61	90	50	10	42	12	70	10	40	62	65	86	27	78	
64	31	27	18	62	21	15	22	65	44	21	95	60	95	30	27	14	49	66	90	93	32	53	3	29	38	27	-1	31	59	22	66	85	25	50	58	52	63	42	94	13	95	50	57	31	21	95	69	15	82	76	71	16	23	23	75	96	60	45	38	21	30	77	93	61	63	19	87	79	68	53	3	2	49	11	67	95	80	52	1	21	1	68	4	31	12	4	46	96	39	6	99	37	50	29	4	34	16	21	64	
72	76	15	26	34	24	3	81	91	56	97	49	90	78	58	39	87	88	7	58	50	79	67	43	78	19	33	18	-1	43	100	32	74	30	47	98	67	60	91	3	98	10	29	14	92	17	33	72	42	98	12	80	25	47	11	67	2	98	66	97	40	29	5	100	9	10	37	95	77	37	66	81	21	69	7	68	27	96	67	39	59	29	35	88	77	82	72	46	83	41	14	78	62	79	5	32	93	60	67	11	
70	33	78	15	55	7	31	69	74	99	91	52	96	75	9	9	68	92	81	44	60	76	48	78	28	50	83	42	57	-1	83	48	32	4	19	34	39	12	57	96	50	69	39	57	37	69	50	75	9	68	84	66	65	43	99	78	86	70	73	100	38	98	40	52	96	96	8	18	27	67	6	31	87	36	68	2	88	64	62	4	94	69	43	67	81	45	89	82	2	36	25	26	26	52	18	16	89	13	55	27	
81	6	67	22	41	54	81	1	92	100	76	28	30	85	29	37	92	50	90	60	15	97	17	15	79	59	58	3	45	77	-1	21	68	3	11	44	87	54	84	43	46	72	32	12	44	88	42	37	39	3	14	100	42	55	78	70	27	37	59	27	5	15	94	42	93	28	39	28	38	19	79	97	38	86	21	81	39	95	30	8	82	12	57	41	54	40	55	48	37	5	31	50	75	62	62	92	67	24	46	71	
77	9	72	24	88	85	31	88	97	57	15	21	16	52	38	57	84	100	24	50	61	17	89	75	59	4	91	58	64	87	96	-1	14	10	47	90	47	88	57	94	92	31	97	90	29	75	24	22	21	78	53	68	21	31	46	51	5	36	4	81	26	39	17	85	57	29	4	40	63	6	54	45	42	80	87	30	59	35	22	9	92	46	58	25	76	20	25	38	73	75	42	90	97	89	78	12	56	24	70	85	
76	23	24	26	50	44	47	1	48	46	12	99	56	28	26	81	8	47	52	74	94	42	78	20	42	24	30	18	21	49	12	74	-1	29	30	87	43	43	55	81	17	4	78	88	32	86	18	23	81	80	12	65	18	17	64	56	1	6	99	5	7	27	83	50	43	7	64	91	41	45	38	5	83	42	7	44	15	16	82	88	53	65	87	91	35	5	30	36	43	8	46	27	91	100	67	52	48	37	40	17	
3	69	76	55	87	18	19	75	29	38	39	49	45	43	29	62	26	19	54	63	46	77	42	24	82	24	4	66	96	52	82	43	15	-1	87	85	79	5	66	16	5	86	95	74	78	24	65	2	73	25	74	18	23	64	81	78	21	63	76	58	60	49	91	30	50	64	26	6	46	1	19	41	26	74	28	29	67	15	60	48	22	73	43	26	57	36	59	19	40	56	24	21	14	89	35	33	83	41	3	10	
66	22	28	51	61	45	97	83	20	90	95	57	68	77	58	13	90	85	27	75	7	47	55	14	24	17	8	50	16	39	93	30	5	37	-1	7	81	32	90	89	97	93	77	79	60	71	55	70	39	56	24	42	40	8	97	86	20	38	53	1	53	63	58	65	56	73	2	52	75	63	71	12	73	23	92	27	70	55	17	92	64	45	85	68	14	33	33	21	80	16	72	54	27	94	29	75	78	100	25	28	
57	72	50	68	98	96	67	64	41	80	84	27	73	23	52	76	7	32	57	22	68	35	68	9	31	19	58	34	80	28	66	79	96	12	28	-1	46	24	45	89	85	75	35	12	32	12	76	64	75	81	95	67	76	82	21	87	83	41	45	51	51	68	83	40	52	39	35	8	97	68	23	99	95	16	74	57	26	56	71	79	53	35	69	4	25	18	84	30	35	5	40	17	85	20	8	48	67	11	25	64	
90	37	60	57	6	23	54	50	82	42	23	39	1	86	6	76	6	30	78	17	94	88	43	4	89	67	90	79	90	14	99	6	24	99	74	43	-1	37	28	60	52	32	100	66	9	51	89	22	27	74	36	45	88	71	98	92	60	74	38	39	38	91	62	3	80	49	55	28	56	13	79	46	35	63	57	11	41	80	16	97	37	46	84	39	34	8	17	54	4	41	56	6	52	78	83	55	100	13	96	33	
50	69	69	62	67	56	2	54	2	68	15	79	57	61	76	66	36	93	11	97	94	13	73	31	36	72	79	97	86	81	10	87	95	78	97	58	56	-1	46	14	75	18	2	47	80	76	16	18	77	27	56	87	53	20	39	1	66	89	64	32	79	28	13	14	33	20	87	79	52	46	62	37	34	31	79	47	12	82	98	5	8	56	30	33	23	79	91	49	11	96	87	37	76	16	24	50	31	1	21	8	
91	16	19	79	7	70	34	68	19	71	84	62	11	98	25	14	37	67	100	52	87	65	81	31	63	48	55	93	89	38	8	86	54	83	94	37	86	19	-1	80	100	9	71	78	8	18	12	89	37	56	55	19	75	24	88	93	65	86	18	69	40	67	82	51	96	23	35	87	74	80	13	33	85	27	81	71	91	77	73	82	27	81	13	91	8	39	44	44	31	84	31	55	21	69	70	27	31	9	28	17	
79	43	74	84	39	43	7	11	19	88	14	99	78	34	47	53	41	29	99	97	6	65	22	57	59	19	30	55	29	24	86	68	2	81	12	65	57	67	19	-1	76	97	31	55	44	36	12	38	96	54	40	3	53	36	1	1	10	70	21	70	92	73	8	40	9	25	16	20	18	11	1	94	28	24	34	64	66	25	8	98	69	89	1	97	24	56	96	42	74	71	63	22	37	24	73	87	36	52	17	82	
20	21	19	75	87	93	42	33	49	75	45	78	47	52	25	37	57	99	54	30	34	65	14	38	31	20	91	100	100	53	37	98	94	15	87	16	34	90	49	5	-1	52	100	14	32	28	43	3	3	12	23	79	45	30	57	24	85	21	48	2	12	78	26	11	24	66	2	79	63	72	1	64	77	44	87	5	50	29	88	78	58	54	55	72	75	93	9	95	56	60	33	47	34	70	26	54	31	72	34	58	
41	26	70	80	2	32	41	73	57	100	77	76	19	55	71	99	43	80	47	9	27	12	17	28	13	31	10	68	16	57	41	28	74	84	35	35	45	65	5	38	85	-1	77	94	36	26	94	56	61	43	3	59	64	94	76	19	50	92	45	57	100	27	100	65	85	58	49	98	55	33	66	3	20	66	83	49	82	67	60	9	23	69	65	23	42	40	65	67	82	60	17	43	46	28	63	93	61	21	90	87	
43	41	64	72	71	35	71	52	50	86	45	38	83	54	26	85	5	3	26	70	58	1	75	5	86	74	39	90	88	98	62	92	86	32	31	58	7	66	81	2	96	14	-1	84	32	3	2	71	48	32	69	52	47	12	75	6	9	48	7	3	98	26	94	78	99	22	87	42	20	80	33	80	96	88	1	85	22	77	84	44	13	51	15	6	62	11	73	55	18	44	17	32	40	39	17	10	87	70	42	18	
59	38	49	88	56	46	49	33	84	3	42	76	71	37	37	29	24	50	29	21	49	98	85	81	81	19	7	17	65	30	53	50	93	29	62	86	72	2	47	84	75	72	54	-1	24	46	84	51	65	19	31	5	29	88	22	11	76	31	94	80	19	68	18	95	39	45	33	55	46	24	40	39	33	94	44	69	67	87	99	56	1	82	81	42	31	46	37	79	17	81	21	19	57	28	34	30	56	87	63	54	
59	19	61	20	21	17	43	71	78	40	38	9	98	54	28	76	30	63	17	28	81	95	90	41	67	69	58	72	18	4	61	13	78	93	75	72	91	36	25	48	85	11	42	50	-1	91	89	32	18	90	40	51	51	16	54	27	39	36	80	22	22	45	19	73	93	79	14	15	97	64	84	14	91	7	68	29	75	53	54	89	14	100	4	44	29	77	13	50	2	13	76	70	68	100	72	41	94	29	7	26	
84	31	40	30	93	52	74	72	96	35	62	55	78	4	15	14	55	29	8	17	29	37	34	99	17	51	48	39	80	48	59	2	41	61	29	29	87	89	53	23	17	94	32	90	31	-1	37	90	67	84	7	84	78	83	37	56	83	31	75	74	42	90	21	54	53	95	62	18	27	70	42	89	51	21	25	100	82	61	60	44	50	87	92	32	55	99	65	12	83	88	92	22	89	97	84	69	38	96	13	87	
12	81	58	99	38	17	33	10	20	92	89	49	66	19	35	88	63	82	32	62	76	57	90	45	18	77	64	10	32	42	39	60	33	59	10	22	18	65	98	87	26	19	63	78	97	61	-1	61	100	54	76	38	28	48	90	35	37	100	78	50	12	25	22	35	10	40	79	61	62	37	45	3	66	53	8	82	94	6	9	38	25	8	89	41	28	77	27	2	41	71	48	17	100	24	76	38	48	82	90	64	
52	97	88	77	91	22	25	99	89	77	79	5	3	9	36	90	74	14	27	1	6	67	7	34	68	17	32	91	2	40	72	31	15	41	84	83	23	47	7	30	19	2	43	11	44	37	3	-1	60	72	98	3	52	98	88	42	88	31	40	69	15	41	24	13	61	75	96	35	66	97	82	29	42	97	29	88	43	46	36	8	76	24	15	56	21	92	34	14	32	38	13	21	66	48	84	33	47	80	44	2	
37	93	41	69	96	2	18	27	66	76	86	76	29	61	68	68	37	41	37	19	70	96	4	74	11	83	63	91	72	75	76	29	21	36	74	73	43	39	77	88	79	18	63	67	97	8	41	79	-1	46	7	29	53	65	73	65	33	91	51	68	16	9	64	100	84	46	65	60	91	92	74	66	87	63	1	43	45	12	84	34	15	64	36	39	19	70	65	29	57	53	3	45	40	21	13	76	82	15	28	11	
9	75	2	94	28	33	96	3	41	4	1	95	54	15	16	97	55	96	69	10	28	49	31	33	63	65	20	8	96	73	49	75	83	15	12	47	30	82	20	49	60	86	3	56	93	62	9	97	35	-1	80	68	73	76	77	75	40	57	48	72	20	50	3	37	28	7	92	22	34	39	10	67	55	74	68	95	97	52	9	29	65	4	45	10	99	87	39	88	6	62	11	89	16	24	98	71	46	76	44	11	
8	13	20	79	23	59	78	8	15	99	69	64	95	42	76	8	14	99	11	97	99	89	78	48	85	46	89	16	37	89	64	19	71	37	93	39	95	59	40	2	52	62	30	12	77	33	45	97	32	68	-1	10	11	59	19	64	92	93	36	85	7	77	15	75	51	77	10	84	12	6	26	65	66	37	80	15	19	37	64	83	45	79	44	28	13	22	36	14	90	93	61	97	64	6	26	14	66	61	54	22	
37	23	7	89	47	47	87	29	77	30	92	10	45	97	53	96	67	89	92	23	36	86	14	14	47	28	29	52	24	70	43	6	66	16	95	41	94	4	33	75	16	43	10	8	20	77	49	19	13	94	10	-1	80	92	86	3	64	33	16	38	79	13	74	7	81	64	84	78	69	41	18	18	6	86	98	47	10	86	27	34	76	8	2	52	100	10	95	60	50	69	4	31	7	46	20	56	63	6	27	20	
16	26	43	68	9	74	82	70	79	23	3	1	24	47	14	44	84	4	92	100	81	87	98	29	45	98	36	26	75	12	41	16	47	76	53	26	49	85	79	50	29	36	41	89	86	38	24	55	28	52	4	93	-1	40	96	96	84	53	10	38	71	50	14	26	36	17	16	67	19	94	66	73	22	68	96	97	100	67	38	66	52	15	89	81	93	84	47	68	20	18	77	18	29	91	21	42	14	75	29	88	
32	23	73	48	31	97	64	7	48	7	78	67	41	22	84	14	45	80	72	44	33	85	95	56	94	79	88	85	27	56	63	70	65	89	10	20	21	36	31	23	70	57	66	86	65	12	96	47	77	97	12	58	82	-1	53	84	44	80	97	48	15	83	57	27	80	42	15	26	2	76	100	49	45	54	5	26	85	35	78	13	72	69	51	54	5	72	15	29	22	52	10	43	25	29	94	88	66	70	2	80	
8	12	57	34	89	44	16	91	23	64	99	19	97	92	93	98	17	3	87	41	51	61	50	99	41	83	78	78	96	11	57	76	83	84	5	59	87	36	62	5	92	40	80	27	78	99	83	52	53	83	40	25	1	49	-1	24	80	52	95	74	57	50	47	93	63	40	49	57	63	56	77	55	90	80	14	16	76	23	98	91	73	75	20	6	83	29	38	48	64	83	90	73	78	24	11	2	68	21	71	60	
10	22	4	45	16	43	80	92	67	84	85	90	92	78	93	39	77	40	9	79	9	20	60	56	88	67	59	75	31	36	78	12	93	67	5	95	26	37	96	52	95	65	72	31	54	19	19	16	99	84	94	49	51	21	1	-1	94	67	37	30	16	1	59	38	1	35	49	88	3	45	50	95	95	52	87	95	4	82	88	82	8	99	35	9	25	100	69	76	84	84	79	86	2	5	32	54	44	16	82	81	
77	7	98	9	14	90	16	73	69	8	42	38	72	91	7	93	20	82	83	23	77	74	86	73	85	51	26	68	45	49	21	31	67	94	69	74	88	90	38	47	35	80	37	47	59	18	2	4	54	33	17	12	86	30	32	92	-1	88	56	81	54	31	5	77	8	26	30	48	66	58	59	51	9	78	19	61	1	11	81	35	52	50	31	86	84	43	74	43	63	44	83	33	93	91	84	72	30	53	18	13	
24	51	69	37	75	17	96	35	31	56	79	38	2	76	38	6	51	39	92	21	58	25	72	17	68	64	51	81	37	17	38	17	97	56	17	26	8	45	55	9	74	20	4	59	70	73	21	57	28	91	95	60	36	78	43	71	65	-1	55	92	56	59	29	82	5	1	17	62	32	30	29	21	5	66	12	45	58	59	57	65	55	65	38	24	27	78	87	25	62	6	20	62	1	75	39	91	91	20	1	92	
50	11	42	65	1	47	70	48	83	95	79	92	44	48	9	46	10	17	85	93	23	16	6	38	72	84	75	75	89	9	100	23	92	12	67	99	19	28	22	60	26	84	4	45	36	70	92	25	76	71	4	68	52	91	53	30	33	39	-1	34	33	74	30	64	100	81	45	25	16	70	91	84	50	63	59	35	69	75	23	98	86	11	76	19	80	14	63	58	5	72	80	92	66	22	41	98	94	63	42	80	
87	70	50	98	20	54	100	49	26	6	2	95	15	14	94	15	8	5	100	9	27	54	67	60	60	44	75	1	6	61	86	67	60	62	26	31	97	7	10	30	23	99	77	44	59	69	35	16	69	90	5	81	57	93	43	95	74	14	100	-1	59	63	15	50	30	27	28	75	5	69	11	47	69	8	99	14	93	95	72	64	17	97	59	55	11	14	22	10	56	49	39	88	52	89	82	58	55	29	11	88	
33	57	36	17	98	78	11	22	49	25	4	65	90	3	10	26	90	47	86	18	16	68	59	78	81	100	64	90	99	13	87	99	86	72	40	49	91	72	41	9	77	16	27	10	48	75	65	34	3	30	15	72	15	27	10	16	42	45	82	74	-1	29	76	64	34	60	54	57	59	61	74	59	19	32	60	18	23	11	14	86	95	54	37	19	32	72	66	96	48	14	63	40	62	51	21	18	34	73	72	41	
15	63	49	68	35	27	14	74	47	38	62	27	60	42	68	92	74	75	38	90	23	42	90	55	57	77	32	22	67	35	89	58	5	22	36	3	11	30	25	1	80	98	46	46	91	20	81	44	97	93	38	22	96	21	91	61	16	64	5	14	77	-1	10	97	94	100	9	55	34	65	36	5	92	4	62	63	30	10	3	66	66	50	30	43	61	57	8	89	76	83	72	49	31	7	59	49	80	65	34	2	
60	58	93	95	56	23	83	63	35	50	24	74	30	73	65	71	8	32	82	72	94	22	4	79	46	7	62	60	64	12	45	54	13	50	47	94	80	95	80	33	45	6	78	50	59	22	19	20	93	82	48	21	1	80	69	59	25	27	90	6	10	77	-1	68	30	57	4	91	30	35	27	18	46	80	20	14	69	27	41	52	34	81	43	66	79	56	95	50	66	6	20	39	23	98	75	64	95	24	90	20	
96	11	82	1	45	56	26	75	95	85	25	66	63	37	15	19	82	6	89	72	83	19	77	31	44	88	52	7	60	10	10	11	75	11	77	72	22	25	70	26	28	5	28	36	77	20	70	83	67	77	71	66	74	66	60	39	64	60	98	77	77	7	5	-1	35	47	19	80	52	49	35	94	55	25	4	48	12	84	25	51	91	57	48	69	5	84	78	31	2	4	38	58	26	14	79	51	86	21	3	47	
96	7	66	14	9	5	16	10	51	6	46	36	35	8	11	67	33	64	50	91	42	79	98	68	80	48	51	63	84	31	47	53	41	87	67	16	57	49	90	90	16	9	42	7	59	4	38	64	5	14	16	8	75	69	64	12	42	66	13	23	71	44	15	92	-1	58	61	80	54	62	63	26	83	12	4	5	12	1	26	53	17	81	11	67	58	42	46	9	61	86	4	58	17	12	85	23	46	28	78	86	
86	9	21	73	39	50	16	23	77	24	9	96	66	63	41	99	49	39	11	23	76	93	7	75	2	65	40	67	16	74	65	62	6	37	87	57	60	83	76	20	25	14	58	55	39	24	39	72	24	85	27	76	2	54	98	18	2	78	24	27	90	58	94	82	78	-1	83	19	60	99	38	32	84	47	80	67	35	52	83	14	10	37	29	50	54	1	98	77	9	49	23	49	31	75	81	50	88	36	35	39	
8	100	16	72	3	76	21	95	18	69	26	24	5	70	2	1	95	61	96	25	3	70	95	52	56	65	21	92	23	51	40	99	47	22	57	1	93	44	29	59	41	13	53	68	81	12	1	91	13	52	93	65	15	39	46	100	60	74	30	60	22	62	2	41	99	15	-1	76	98	10	23	54	41	57	89	33	58	59	54	5	28	46	32	8	33	99	58	21	53	53	35	63	39	59	46	86	3	42	45	30	
19	35	52	66	16	60	25	46	19	93	26	91	84	73	78	66	78	38	68	88	36	25	68	53	92	73	15	76	20	31	1	46	69	18	41	93	20	4	1	11	18	4	58	23	56	62	22	35	23	48	80	2	96	82	13	8	59	64	21	15	89	74	55	29	63	8	68	-1	92	18	16	48	85	35	45	51	56	4	57	12	54	40	41	12	48	81	78	29	39	92	68	47	72	97	23	35	22	58	54	50	
38	68	75	88	3	95	66	77	2	46	22	20	71	41	1	10	65	32	87	29	66	56	21	50	71	96	50	20	46	92	67	39	68	29	47	59	74	1	85	76	99	100	69	69	44	23	72	32	82	48	92	46	18	58	55	91	91	35	75	12	25	15	58	58	38	78	7	86	-1	77	65	85	92	72	9	58	68	30	53	98	64	86	61	65	98	63	19	34	96	40	84	66	61	90	86	41	65	31	29	47	
49	1	48	13	4	8	77	65	13	36	52	91	2	22	96	54	89	76	2	59	29	16	49	75	76	49	10	91	54	88	53	79	12	78	85	83	29	13	73	50	88	72	42	28	44	26	3	27	81	42	51	56	28	36	94	98	80	84	38	83	90	72	51	91	94	75	60	10	87	-1	19	24	53	29	86	65	15	21	57	33	32	48	17	86	90	95	78	10	56	23	80	62	27	77	72	50	91	100	36	66	
70	2	19	87	31	23	7	37	93	36	64	59	69	59	63	40	90	8	14	17	7	99	68	59	62	83	32	74	35	54	47	73	75	66	57	76	22	48	31	20	71	30	54	87	82	62	55	24	46	41	100	63	68	30	50	75	60	83	55	39	95	68	65	32	33	6	4	41	79	30	-1	33	88	51	43	92	80	35	29	3	58	20	43	51	25	36	86	34	9	93	22	65	94	55	38	25	36	56	91	89	
22	43	18	58	25	7	55	65	34	40	52	28	11	2	29	75	42	18	91	5	66	65	80	16	46	56	84	97	59	48	21	63	85	29	48	93	93	74	81	54	2	58	6	21	94	50	57	5	78	9	27	23	100	13	73	45	95	44	73	97	84	85	36	71	96	72	39	67	2	19	6	-1	26	67	95	89	51	95	55	13	93	30	87	21	15	6	35	89	87	6	89	98	10	39	71	44	76	79	58	100	
15	36	80	87	10	41	45	51	25	82	69	26	18	16	7	92	57	92	68	84	95	38	73	67	68	33	11	88	7	52	50	60	14	57	88	14	58	97	82	28	92	4	79	24	49	59	44	77	95	79	45	17	84	11	30	12	70	81	75	18	8	33	32	97	80	43	43	79	41	34	96	46	-1	75	49	75	75	81	32	88	68	47	98	96	85	56	6	70	80	61	83	1	84	18	29	31	11	36	81	9	
84	60	16	90	44	71	19	72	14	63	45	42	40	41	89	55	20	71	66	59	9	56	44	19	7	1	45	97	92	15	68	18	27	70	32	19	53	84	96	90	47	70	65	94	91	14	9	80	58	82	95	8	21	48	19	67	79	43	80	57	10	52	14	30	13	20	1	21	22	89	3	77	48	-1	67	57	48	3	5	89	5	71	97	26	77	25	32	36	75	23	53	26	88	95	96	74	41	83	78	3	
47	87	7	44	18	30	78	8	88	13	68	5	20	34	15	86	77	49	17	40	9	41	34	39	48	57	66	13	79	78	39	78	97	36	29	100	23	9	46	74	83	45	20	14	55	92	93	63	34	77	79	18	68	63	44	4	14	29	55	9	37	13	55	31	23	76	56	66	41	68	44	67	79	7	-1	63	47	69	61	78	9	87	8	41	98	44	26	31	64	10	30	30	17	5	38	3	57	89	5	59	
43	53	65	99	64	45	95	1	16	50	25	7	1	96	31	27	29	69	38	68	91	9	2	100	5	40	39	15	85	43	37	23	49	33	54	96	100	93	56	77	77	58	4	76	46	98	22	7	94	3	38	87	22	33	99	81	50	35	38	14	66	81	37	99	42	94	64	10	75	88	95	12	31	13	89	-1	4	45	47	41	22	29	38	76	7	84	19	2	96	43	76	28	49	84	51	29	85	98	45	27	
74	82	40	32	66	57	71	10	99	92	80	68	23	42	66	66	41	1	56	43	74	52	85	4	91	79	14	20	82	63	93	74	12	8	47	75	38	12	20	61	30	81	17	39	96	26	79	25	88	26	78	74	86	90	81	32	37	60	12	36	100	67	13	79	71	37	16	20	36	99	12	43	89	64	27	73	-1	41	80	33	45	45	6	3	30	77	80	83	14	71	58	6	91	59	49	43	12	55	46	6	
46	78	30	31	28	87	19	92	43	95	80	84	14	59	13	30	37	67	26	9	87	72	1	37	86	46	94	90	18	62	74	27	23	81	29	62	19	33	24	14	77	70	87	21	63	71	88	11	73	79	40	10	27	4	78	95	73	98	65	22	77	41	53	2	37	11	1	55	61	55	47	71	55	17	68	94	21	-1	81	58	41	35	13	83	66	78	97	40	22	60	51	2	11	5	39	47	3	29	72	25	
24	35	72	54	97	8	97	68	92	25	76	19	70	7	46	22	61	88	28	99	37	38	84	58	25	53	86	13	86	90	8	61	83	55	96	3	71	58	9	13	32	8	1	55	25	24	58	10	7	40	40	64	43	20	53	27	64	79	42	2	19	38	2	82	14	5	96	50	20	43	94	37	65	49	95	51	86	12	-1	68	2	84	23	27	66	98	7	51	88	28	73	56	27	58	3	14	99	59	11	28	
9	22	88	67	23	38	23	15	82	13	45	9	38	4	93	77	37	33	49	82	58	17	32	32	95	3	6	77	76	32	95	43	26	72	5	17	96	69	77	48	89	51	88	48	66	43	10	3	69	68	18	85	3	27	20	1	42	38	19	31	82	8	55	82	72	78	94	72	27	69	60	35	3	54	21	30	15	78	70	-1	5	47	35	8	45	66	90	72	83	32	31	2	23	35	63	53	72	48	96	6	
3	96	54	60	75	20	99	15	39	56	83	8	42	54	50	29	85	99	67	94	56	58	62	66	6	30	72	58	38	80	2	78	54	64	31	65	57	28	42	60	66	73	99	26	98	63	45	78	70	71	52	24	53	39	96	45	11	4	41	41	55	27	16	70	11	2	50	3	97	80	56	30	43	63	67	62	15	13	32	75	-1	72	57	75	11	37	91	47	89	7	11	77	76	29	6	10	58	95	94	50	
1	62	87	95	86	43	29	57	61	86	68	76	56	34	13	58	31	86	23	9	71	2	10	84	9	49	63	73	74	9	32	75	93	17	57	61	44	14	91	75	98	70	88	19	13	45	72	95	71	76	74	28	83	15	46	67	17	1	5	39	2	91	25	66	13	45	91	8	72	44	46	24	59	45	30	54	89	96	13	9	17	-1	72	76	30	69	34	65	92	20	93	68	25	77	21	88	61	34	23	20	
70	26	23	33	71	94	79	41	62	14	88	24	55	59	94	90	58	92	28	2	64	70	88	49	68	92	88	50	33	31	18	68	30	77	26	72	86	92	1	33	29	6	64	42	23	90	53	39	35	5	1	62	83	90	43	7	14	55	20	85	54	14	87	56	88	54	91	28	36	77	95	47	65	33	37	9	100	74	54	39	71	12	-1	64	99	14	74	37	94	65	98	84	11	61	33	78	98	91	73	2	
8	17	77	68	82	92	21	98	20	6	75	88	35	53	69	6	12	23	84	7	27	32	100	93	92	88	37	62	37	37	98	84	32	97	24	85	66	84	45	76	40	57	65	40	1	85	20	54	41	8	85	13	81	46	3	94	66	5	82	4	42	73	85	1	32	4	49	69	92	92	32	75	19	41	15	86	40	91	28	77	75	31	81	-1	74	92	85	57	12	23	78	24	55	47	91	5	92	85	2	93	
1	43	87	67	6	80	6	66	89	13	3	11	83	13	22	43	31	29	44	75	46	59	73	90	92	79	39	19	2	78	19	28	84	99	23	18	22	28	100	66	37	78	77	3	87	63	39	81	83	50	99	17	1	48	89	78	50	27	74	39	50	44	15	98	47	68	31	73	46	9	71	95	79	54	77	29	14	49	80	37	87	46	10	99	-1	89	80	21	54	54	37	38	33	97	93	83	15	74	87	63	
75	47	17	68	36	19	89	88	97	27	4	68	96	58	98	49	88	97	18	35	55	19	59	88	85	79	83	49	30	8	87	51	86	96	56	33	15	48	92	8	70	31	72	27	74	65	20	8	41	85	39	58	53	86	97	32	34	35	78	35	28	82	93	43	52	10	8	48	54	87	66	50	30	37	75	81	27	71	51	91	98	23	98	18	23	-1	19	17	59	74	82	24	99	34	19	92	35	42	8	67	
19	46	11	44	47	79	66	15	54	10	29	23	22	87	16	95	7	47	37	49	71	15	43	79	63	37	68	32	40	44	87	73	92	91	53	16	41	38	41	3	66	52	47	37	1	56	51	6	17	39	85	53	58	54	78	43	45	36	100	25	20	97	83	72	73	21	69	72	30	15	67	63	37	18	60	12	85	5	14	88	40	84	66	11	86	78	-1	97	62	3	62	44	8	16	31	71	30	4	39	74	
96	88	73	16	32	87	6	25	5	72	53	1	8	33	6	73	37	41	25	74	94	19	82	51	48	25	24	72	19	24	86	5	30	41	26	35	89	1	52	57	26	47	77	21	47	82	61	22	75	90	85	61	42	79	1	3	5	85	45	73	89	36	74	25	80	100	40	49	59	97	66	61	85	43	1	82	23	44	76	19	91	80	3	51	19	66	63	-1	61	36	90	78	43	2	46	47	19	81	85	36	
85	76	56	54	100	86	75	5	71	10	40	21	31	19	13	75	12	84	96	76	55	24	42	31	86	33	25	21	98	62	3	90	16	90	63	65	95	59	6	56	81	52	20	58	12	50	100	53	83	73	17	24	97	49	99	63	81	35	5	16	95	10	76	94	17	61	28	47	22	98	50	8	11	39	70	60	75	73	5	5	12	35	9	22	94	52	32	88	-1	16	71	22	55	1	13	75	95	73	23	1	
52	84	90	70	31	70	9	40	35	23	3	72	22	89	96	84	91	11	32	93	68	52	81	76	95	65	15	52	59	12	62	24	36	38	52	73	18	37	42	80	58	49	16	61	49	7	94	54	55	100	53	49	60	93	53	100	32	27	25	44	40	97	2	79	90	99	59	57	49	69	64	36	78	72	84	84	46	5	13	64	42	40	75	54	31	10	52	56	66	-1	82	46	65	43	36	49	73	43	43	19	
61	56	30	77	26	12	33	8	98	97	25	12	88	48	31	15	7	11	24	53	41	65	51	7	16	27	11	53	50	28	100	97	45	22	55	32	93	78	32	15	77	38	19	31	3	4	34	56	24	42	22	44	19	64	45	34	81	74	7	41	81	42	56	87	13	52	20	54	49	64	56	29	78	56	44	18	82	15	65	7	69	89	37	58	51	40	65	49	89	46	-1	55	54	44	28	23	84	90	6	79	
82	6	68	21	99	74	97	100	70	31	53	63	3	23	4	73	6	95	37	2	32	54	97	89	75	42	25	38	33	46	60	21	64	40	49	96	40	51	19	58	94	24	62	29	44	12	91	41	40	13	3	9	25	38	97	85	100	15	8	61	16	34	46	81	96	59	38	45	25	79	39	67	74	63	18	14	90	85	74	30	65	95	54	90	2	51	38	96	69	32	26	-1	7	8	90	48	97	83	3	40	
19	88	12	25	46	39	18	73	67	30	67	96	63	88	99	77	44	63	55	66	46	67	63	31	85	9	67	1	17	76	48	59	59	27	16	64	92	64	60	42	56	79	32	23	76	1	48	30	91	30	24	12	98	25	41	7	26	52	31	98	62	4	99	70	1	33	10	29	4	1	88	82	40	49	9	69	11	5	62	71	76	65	84	59	92	52	70	77	19	28	100	47	-1	60	5	26	51	68	27	57	
85	27	14	36	17	72	45	3	39	82	11	29	97	71	15	42	44	42	30	15	3	43	89	68	12	78	33	66	16	40	88	75	10	77	44	3	75	59	2	37	88	45	79	36	7	99	93	54	59	65	61	6	79	35	84	21	8	29	84	56	50	90	60	59	36	77	14	21	55	65	48	50	94	65	41	1	7	81	38	24	47	92	21	77	6	91	56	18	41	28	64	94	9	-1	82	48	89	53	92	53	
86	23	16	8	96	19	10	14	76	31	89	86	40	38	57	60	54	84	58	9	6	97	32	95	18	81	99	82	93	99	93	4	94	49	90	33	10	44	91	21	43	92	22	66	38	82	100	80	3	20	48	43	79	53	40	41	59	94	22	24	15	36	61	23	41	74	23	35	80	73	28	67	83	66	68	36	2	48	6	24	83	24	27	51	48	37	57	8	80	43	82	62	15	74	-1	79	74	88	10	12	
22	38	94	47	30	12	37	9	14	100	60	31	81	53	38	16	57	69	33	95	86	15	65	72	47	70	14	12	70	25	1	9	67	35	82	14	41	10	21	14	84	16	26	6	82	7	11	98	7	86	72	9	38	91	60	76	55	34	7	23	98	45	30	53	97	70	99	33	65	90	73	77	85	83	10	68	39	36	63	43	83	87	79	91	9	4	36	97	26	48	95	89	26	73	18	-1	80	73	24	91	
89	56	62	18	50	21	11	59	28	77	96	45	11	24	44	94	11	54	14	69	67	29	1	100	94	99	31	21	48	82	94	63	1	73	36	52	9	24	2	42	75	27	43	19	23	30	81	45	74	37	81	38	75	91	31	35	25	40	9	31	34	4	92	99	98	52	22	3	53	55	30	15	33	69	33	75	23	66	67	80	67	70	65	56	97	4	92	100	79	49	93	44	81	51	14	42	-1	84	14	62	
39	6	33	25	86	37	27	18	78	42	55	88	99	44	10	90	80	68	21	18	11	27	43	37	91	15	96	69	18	2	17	62	31	81	42	97	15	59	70	18	96	73	82	77	21	1	56	44	27	17	21	63	39	14	41	92	42	56	2	83	41	69	36	28	85	50	27	72	85	16	77	86	65	95	93	87	55	43	21	51	92	92	44	90	78	91	15	77	99	81	65	66	12	76	88	67	11	-1	8	58	
25	62	64	40	4	93	17	98	16	61	50	27	32	70	100	95	50	34	51	46	10	7	58	42	72	83	88	3	47	90	76	6	79	68	66	96	89	19	98	69	46	51	5	12	73	88	5	5	9	76	30	25	70	42	78	48	11	94	13	20	40	69	61	96	40	76	23	92	90	92	95	100	76	24	37	20	28	19	64	66	46	84	31	88	9	51	90	63	1	4	62	60	46	70	100	86	63	45	-1	83	
20	21	60	83	53	81	70	77	9	79	63	57	66	25	29	71	51	71	20	65	96	16	95	55	18	33	79	48	27	84	25	61	53	28	11	32	83	95	23	66	81	12	64	51	54	22	69	37	7	68	67	36	45	75	29	21	70	1	57	22	100	59	46	49	2	89	65	31	71	61	12	87	20	9	29	75	73	33	46	26	27	48	85	54	9	46	27	96	36	50	32	94	44	20	29	16	31	50	81	-1	
