100
-1	92	99	89	76	18	90	71	58	14	52	46	14	67	17	53	71	47	69	46	25	29	40	4	6	37	72	39	26	81	20	68	75	32	17	81	10	57	42	80	51	21	84	59	3	77	5	56	56	84	56	50	65	68	78	80	43	26	59	99	39	83	4	82	48	16	95	5	79	21	92	87	90	82	55	90	62	42	42	86	20	37	64	37	62	63	26	72	13	37	53	34	97	8	40	3	5	96	71	22	
33	-1	62	44	31	81	1	78	30	70	9	39	96	99	89	42	61	22	55	64	37	71	22	30	43	26	75	64	14	52	15	5	38	34	67	51	84	1	73	56	89	97	35	88	68	100	45	97	20	6	20	81	63	83	88	95	10	100	9	25	1	30	41	51	79	39	5	8	81	62	83	57	90	97	15	26	51	1	100	65	64	93	77	48	3	43	31	43	98	20	46	46	79	83	99	27	84	19	48	55	
60	48	-1	10	9	5	75	54	100	62	12	75	47	87	85	19	41	75	20	76	34	57	34	25	31	96	26	5	81	40	36	75	12	24	78	19	37	58	26	27	2	47	18	82	66	39	64	13	21	65	18	67	88	46	45	58	28	64	9	31	83	21	100	6	8	5	74	69	92	49	32	55	37	88	3	52	46	79	40	32	23	23	45	7	90	81	79	71	98	31	54	39	3	10	44	70	54	71	62	9	
87	34	23	-1	62	20	95	22	14	68	87	35	59	27	99	45	25	15	18	10	57	12	41	82	84	72	11	88	3	67	55	3	43	29	13	20	47	11	46	37	15	75	55	30	83	26	40	97	36	68	38	35	87	51	39	57	12	47	7	36	44	14	51	97	2	54	38	63	50	83	52	6	96	7	90	56	32	91	93	18	49	16	63	38	3	9	99	38	55	47	100	48	78	35	60	11	7	58	41	44	
53	83	21	94	-1	20	96	86	99	77	2	40	60	32	87	34	87	57	28	30	95	42	20	37	67	29	54	75	83	33	70	38	43	9	75	61	5	76	7	51	29	26	88	24	83	40	37	75	69	42	56	41	62	21	74	51	58	27	100	58	55	17	41	94	23	81	63	12	75	7	59	3	39	1	83	57	75	17	19	91	29	54	87	2	80	67	82	20	73	11	20	2	36	18	19	87	5	71	100	46	
11	18	41	15	5	-1	91	42	47	35	4	8	4	28	68	95	55	57	9	7	41	84	59	34	68	10	85	17	47	93	55	13	3	58	33	27	75	27	63	22	38	60	29	48	16	79	97	68	2	5	71	78	26	47	24	43	79	24	58	2	84	79	18	11	19	97	71	95	51	52	55	97	2	55	43	40	13	53	60	96	81	39	63	13	68	5	33	90	26	100	68	42	28	7	84	77	30	10	5	81	
96	54	15	18	48	89	-1	23	47	97	5	54	25	27	13	56	98	9	23	19	67	31	96	35	66	18	8	84	75	4	17	66	79	8	87	32	45	14	37	1	93	51	38	46	6	7	13	76	45	75	85	25	74	85	69	73	61	45	67	91	81	41	44	43	83	73	96	66	87	37	46	68	67	74	17	13	36	55	32	76	56	72	27	32	24	40	51	83	11	19	89	16	48	10	13	83	13	53	45	20	
95	21	95	40	15	48	22	-1	39	90	70	29	27	1	58	37	95	40	48	74	28	29	95	95	48	71	41	57	23	83	98	13	3	65	3	37	86	48	36	53	79	88	84	38	98	76	71	94	79	27	97	41	21	53	77	32	14	62	64	40	23	3	3	42	98	38	81	24	6	67	86	62	66	63	93	57	8	35	97	92	20	28	35	58	5	54	85	27	83	74	9	66	2	77	79	50	98	1	93	48	
83	74	90	24	3	89	93	92	-1	74	100	75	81	29	3	46	99	46	25	91	31	94	6	74	39	32	71	88	46	98	50	70	36	62	28	28	32	71	88	80	49	31	82	21	62	59	56	14	9	33	60	43	81	1	34	50	34	83	79	41	62	39	62	75	18	10	18	24	98	89	28	47	5	8	90	71	58	33	68	51	40	45	10	45	33	89	47	32	64	76	56	94	77	1	24	42	28	88	58	55	
90	50	84	52	39	57	27	41	11	-1	20	30	5	39	18	23	14	95	92	12	46	10	26	87	91	61	67	100	30	67	76	30	11	24	57	12	56	69	85	89	63	83	59	83	21	64	14	40	12	30	14	73	15	89	3	14	20	100	1	67	71	11	13	6	65	75	16	80	16	81	60	36	85	88	31	5	45	5	18	100	88	88	34	18	63	56	35	80	21	71	69	47	57	99	63	84	74	1	44	65	
86	96	8	89	39	92	91	94	19	23	-1	73	100	39	3	69	84	14	70	43	18	15	34	80	39	48	81	16	63	72	12	95	58	24	74	39	63	1	19	69	54	85	82	45	98	11	64	15	82	88	90	35	90	72	37	85	88	4	35	13	32	17	9	69	27	16	79	61	67	35	75	98	99	21	82	22	52	30	11	3	69	5	13	46	55	45	79	70	16	13	50	93	76	75	75	1	17	84	6	35	
7	50	86	24	27	98	94	53	10	74	7	-1	41	12	53	7	65	65	2	50	35	22	35	14	45	76	32	48	4	87	43	60	80	17	72	70	31	77	55	91	10	82	37	34	47	27	49	8	75	33	60	88	49	54	91	83	24	8	87	54	62	5	80	46	41	89	11	89	42	66	66	49	20	42	58	90	74	70	43	23	81	34	53	54	60	1	35	20	32	6	55	3	34	51	13	70	18	81	21	64	
90	57	66	84	4	89	61	64	85	46	52	94	-1	46	72	95	60	83	66	20	91	37	36	38	56	20	86	89	76	70	75	12	2	15	58	27	8	37	52	85	64	17	2	25	35	23	12	49	73	47	25	67	94	60	57	79	68	61	45	56	82	78	87	3	65	96	86	49	77	88	22	20	82	49	62	76	27	24	13	30	47	51	7	58	34	13	90	10	6	73	45	94	2	81	51	65	27	85	39	100	
78	81	15	1	65	31	99	83	58	48	63	32	52	-1	68	79	47	86	67	50	75	29	75	9	51	26	44	41	20	25	79	59	48	36	63	79	16	47	55	28	61	47	55	11	66	49	49	21	12	28	47	81	34	11	64	77	71	8	19	52	67	43	78	34	89	15	74	55	34	14	54	41	85	56	63	67	92	82	47	94	39	38	40	87	31	50	43	97	63	76	52	41	94	85	93	59	23	47	43	78	
69	39	68	11	33	11	73	38	86	50	26	1	7	34	-1	19	37	91	94	57	98	5	28	10	63	97	79	5	78	47	63	26	13	90	14	12	20	48	45	88	89	72	39	89	22	28	2	52	90	88	13	22	51	38	62	55	62	60	100	6	11	87	73	98	18	45	18	39	31	70	58	26	50	90	19	44	54	82	30	26	70	11	30	29	72	3	48	100	82	15	81	58	59	41	47	96	47	67	85	12	
49	39	21	99	76	96	83	81	31	77	80	22	62	1	52	-1	10	26	38	60	20	28	42	6	68	97	67	66	11	48	98	97	32	92	95	76	44	19	94	7	53	72	93	14	79	45	44	8	75	84	17	71	48	99	69	47	14	49	59	74	92	31	72	27	11	55	42	33	53	24	4	23	63	70	2	30	89	24	10	14	65	98	10	28	35	20	41	28	49	48	7	59	47	34	95	35	64	79	84	5	
9	34	31	14	81	31	80	30	6	69	85	70	39	97	55	49	-1	30	45	52	92	32	37	69	4	7	57	65	64	83	14	25	44	20	50	57	86	55	6	67	87	40	78	3	31	22	88	19	48	69	92	79	68	32	40	68	34	25	26	88	12	33	94	65	70	52	34	84	25	42	91	3	8	23	74	15	39	85	59	38	82	43	41	79	76	88	25	59	10	48	99	58	97	86	23	5	39	27	48	94	
12	34	91	57	39	80	46	20	20	2	71	75	75	72	26	26	84	-1	17	73	28	93	44	91	46	56	89	24	11	42	89	76	53	75	66	93	99	94	90	5	100	23	89	34	68	91	30	85	10	16	74	72	98	50	7	47	44	45	95	25	16	44	43	100	7	29	83	58	35	90	63	63	18	80	71	3	12	58	14	14	2	47	24	24	17	52	55	10	88	44	31	70	49	77	16	30	86	80	68	28	
95	15	56	57	86	78	80	7	3	43	83	99	57	7	3	11	37	2	-1	60	44	98	80	66	80	8	77	94	37	37	14	78	57	49	61	91	17	68	59	87	24	73	19	82	62	45	78	54	24	10	9	23	82	46	70	8	85	55	16	50	54	52	8	44	40	95	88	48	6	72	13	5	41	15	58	82	82	85	29	98	99	48	21	32	46	16	87	8	32	85	69	18	40	42	90	39	22	99	23	91	
45	26	89	86	90	23	4	77	68	9	15	58	53	36	50	34	90	8	49	-1	87	6	22	81	22	51	65	43	43	22	24	3	78	84	71	51	56	84	90	37	51	87	69	46	35	41	16	84	98	62	6	100	44	9	93	100	74	72	64	69	7	4	34	96	28	34	65	86	18	42	40	40	18	39	97	16	36	72	5	74	19	37	75	38	16	84	56	10	12	13	28	54	59	13	88	10	11	35	81	32	
46	1	66	67	71	80	41	39	42	92	44	81	50	83	29	77	14	56	2	35	-1	99	80	95	75	1	36	16	85	60	20	8	15	57	71	90	72	72	35	29	17	8	95	79	97	98	100	65	19	59	24	87	62	53	77	86	92	74	41	45	36	26	20	84	80	70	42	34	48	1	15	77	2	95	89	52	54	96	49	28	18	10	100	63	21	18	31	73	85	29	36	100	76	89	91	95	27	85	82	84	
90	62	33	78	72	7	20	69	20	67	17	81	50	68	8	54	42	60	66	8	89	-1	20	46	3	93	51	86	75	4	40	37	62	32	18	59	42	85	87	18	40	30	29	52	31	9	41	85	77	58	36	34	60	26	11	70	79	75	38	84	46	18	45	65	87	8	21	27	63	23	52	90	4	58	47	67	40	77	8	42	18	4	97	52	11	66	7	88	16	14	66	93	70	59	84	1	75	23	16	97	
47	84	93	21	65	82	55	32	47	56	62	40	26	58	44	91	63	38	88	89	2	70	-1	44	18	1	5	18	94	77	85	35	59	20	89	43	38	27	79	37	50	43	96	62	45	85	58	44	23	94	22	69	76	26	74	68	22	2	21	47	35	75	38	5	63	20	77	74	49	93	100	36	82	2	42	81	39	12	54	15	81	38	49	47	62	38	27	61	65	85	55	10	60	52	98	7	56	37	42	33	
75	65	99	53	50	11	17	94	18	85	92	1	88	6	41	85	69	24	69	67	99	14	78	-1	23	17	52	80	80	43	42	30	72	42	78	30	12	41	74	71	22	80	86	92	71	100	61	68	60	35	66	72	60	9	1	80	8	67	23	73	89	95	18	6	88	97	33	18	28	100	11	2	89	79	26	44	49	65	13	91	51	76	82	47	29	38	74	39	58	81	78	33	85	72	71	22	81	89	92	59	
41	2	90	63	94	7	48	38	86	96	57	54	83	46	19	40	61	91	41	16	80	76	91	88	-1	81	35	84	18	26	84	20	53	80	83	96	62	77	34	30	72	87	96	33	56	84	87	25	69	98	66	94	27	48	43	39	2	13	67	57	18	8	25	49	32	33	71	27	23	20	78	15	8	83	34	33	83	89	10	11	19	4	93	42	76	46	22	98	38	40	52	6	65	50	32	8	3	43	95	32	
58	76	66	11	15	95	37	65	5	10	12	59	14	4	96	7	50	35	65	41	2	43	30	27	28	-1	49	6	23	39	79	74	75	34	8	39	90	64	35	61	49	47	65	96	76	13	10	58	94	26	79	33	42	32	97	74	36	55	77	22	24	52	33	56	5	36	18	80	92	29	6	58	58	21	11	78	42	46	93	23	92	65	17	97	7	37	67	79	94	18	13	36	33	22	88	18	16	68	14	17	
21	88	32	41	78	23	51	18	29	43	82	67	3	48	30	45	38	96	40	9	79	9	42	17	44	33	-1	16	63	18	22	17	58	81	86	98	49	78	72	87	25	13	41	60	59	13	46	5	38	73	91	29	17	52	35	91	72	79	72	50	59	74	78	15	56	76	43	80	87	78	38	35	46	67	80	40	94	25	10	3	50	47	8	37	18	22	97	61	61	96	97	78	67	55	63	7	74	6	11	73	
17	11	43	48	46	97	32	53	32	86	83	59	68	28	68	57	93	47	75	27	17	50	66	43	42	91	98	-1	65	52	8	13	2	97	91	32	22	63	40	76	24	57	66	58	50	21	15	63	9	12	69	9	70	19	61	8	50	100	85	20	3	11	44	43	79	83	52	1	60	83	33	61	1	86	76	83	92	87	10	53	96	77	42	19	13	91	81	58	58	21	29	18	75	14	47	95	39	85	9	65	
3	70	46	72	87	94	48	26	76	49	8	70	55	15	40	16	21	69	30	86	84	78	27	3	73	6	50	70	-1	78	85	21	30	2	62	13	95	14	86	94	39	99	76	41	13	73	19	82	30	62	34	92	94	35	6	31	6	66	37	48	36	13	82	70	82	14	81	100	86	68	61	78	61	100	75	5	55	63	72	72	75	47	9	15	27	12	2	81	74	29	9	36	64	20	13	51	98	70	91	41	
7	58	43	40	21	92	34	61	68	97	22	29	88	29	99	51	97	35	21	25	80	47	65	76	100	98	37	4	6	-1	11	66	35	56	87	56	76	63	26	85	35	96	2	10	87	56	67	18	12	52	51	51	99	12	8	26	27	86	36	74	89	21	49	96	77	98	45	17	94	55	31	41	20	87	62	71	61	89	94	92	79	76	65	40	19	46	75	59	80	3	49	76	14	81	35	76	65	69	48	37	
19	49	74	89	76	88	22	69	87	81	81	25	30	24	4	61	50	77	89	8	97	71	74	88	3	4	97	19	94	45	-1	69	89	21	16	96	97	28	20	46	32	9	82	13	67	78	21	85	53	74	55	25	30	65	42	7	17	28	99	5	44	56	98	72	7	25	50	13	10	62	40	93	45	28	90	9	44	32	96	83	48	20	82	72	91	8	43	99	96	9	62	32	51	47	43	12	53	36	93	48	
83	4	5	44	91	18	61	98	96	34	10	67	71	33	11	22	6	46	99	94	56	18	5	61	52	91	62	98	51	36	46	-1	98	20	4	78	2	14	44	69	84	37	94	98	93	9	75	86	42	28	67	75	25	53	8	95	50	36	12	73	1	87	67	60	98	98	52	26	32	51	82	8	42	65	19	99	8	14	24	35	4	95	24	4	84	7	45	22	59	2	34	33	46	7	76	73	97	76	99	48	
18	1	25	92	57	52	12	16	48	63	71	69	93	54	67	57	18	31	47	56	29	99	46	97	84	54	30	75	42	90	97	85	-1	71	28	47	87	20	80	15	94	79	27	23	93	97	61	49	73	68	100	48	26	4	45	34	95	88	97	47	12	30	53	93	9	91	85	74	46	64	15	63	81	82	74	38	59	79	21	51	27	94	18	62	12	3	46	19	93	90	99	90	78	93	23	73	100	72	91	76	
76	93	96	60	25	72	33	23	75	76	81	55	68	82	50	19	45	19	82	90	56	77	88	7	93	70	7	16	5	59	58	43	71	-1	22	76	42	45	46	26	98	1	64	33	10	44	47	23	33	47	83	7	93	24	30	85	26	59	10	82	70	42	27	59	14	41	35	18	41	30	31	40	35	16	30	82	61	7	87	21	67	88	40	27	82	69	52	36	95	34	100	10	15	97	5	29	73	19	97	30	
25	73	73	84	18	54	30	43	55	45	95	64	29	61	1	22	40	2	36	88	38	60	5	62	96	27	16	32	24	93	76	32	94	36	-1	13	4	51	69	33	8	67	85	54	93	14	46	91	50	78	37	33	10	67	67	92	86	87	60	34	93	14	99	11	89	77	15	14	99	50	66	11	18	75	20	69	15	32	74	38	49	14	24	84	4	38	3	74	11	1	60	63	62	49	97	55	44	4	16	60	
1	16	37	43	88	90	18	71	31	38	63	45	34	59	48	24	65	96	6	67	76	11	90	97	90	40	98	95	17	4	73	1	35	63	29	-1	54	46	84	43	49	68	41	19	88	98	25	1	74	13	59	31	62	98	59	55	49	18	88	99	32	9	74	96	66	88	56	40	3	64	97	3	14	82	63	99	21	12	56	75	14	69	36	85	91	3	50	95	29	16	3	20	70	27	72	95	50	77	8	56	
59	27	37	69	35	57	73	47	1	60	96	97	15	76	48	65	63	33	57	86	33	51	50	97	20	63	24	19	3	8	81	82	33	98	40	55	-1	72	42	27	95	95	2	53	100	74	10	29	19	22	8	51	72	17	47	5	22	35	82	56	15	65	55	53	42	42	50	10	39	40	8	61	58	73	11	67	56	6	72	1	15	55	86	35	69	60	61	65	38	42	63	90	73	65	50	18	47	78	2	51	
6	84	59	60	10	19	38	46	33	24	93	62	40	27	77	11	28	62	76	4	74	41	94	17	83	59	87	18	63	4	50	31	8	31	92	22	73	-1	18	44	63	75	91	29	66	4	70	68	46	38	20	68	80	50	42	12	25	70	26	56	44	40	93	34	83	68	6	66	65	88	34	3	52	25	68	37	44	65	27	88	76	91	18	46	67	66	91	28	1	30	35	72	36	15	24	43	41	48	20	65	
87	55	66	33	54	33	35	60	76	4	82	80	96	15	95	41	55	14	12	66	31	99	45	16	18	80	86	8	3	42	46	74	70	89	27	98	70	81	-1	63	78	94	57	24	96	8	73	52	49	82	69	34	94	34	76	41	27	93	11	70	69	99	83	8	100	9	92	32	4	34	58	81	59	10	7	21	68	7	67	76	63	70	61	29	61	62	3	99	73	51	3	13	83	27	6	93	47	47	54	38	
73	48	88	44	4	20	32	8	41	90	99	84	98	22	72	8	58	63	54	14	50	59	10	91	13	81	85	42	84	50	16	44	1	42	30	61	4	100	22	-1	98	66	83	78	75	2	54	71	19	54	54	6	42	83	70	30	19	3	23	95	54	2	57	42	55	62	50	50	99	52	10	58	78	80	15	48	82	16	70	14	60	63	81	11	32	91	18	56	86	42	80	79	86	57	96	79	51	46	35	46	
19	27	26	4	9	22	46	52	53	10	86	40	61	48	25	84	20	55	52	63	91	97	75	86	17	33	7	97	51	16	61	55	100	9	4	47	91	52	33	44	-1	99	15	66	14	94	42	99	83	33	49	4	13	71	44	2	36	88	75	46	82	15	17	20	17	51	2	53	93	99	34	34	74	53	56	26	49	76	31	45	62	24	79	23	56	37	7	84	80	90	22	53	11	81	36	76	39	68	11	59	
68	81	81	38	67	38	87	30	47	94	6	76	18	32	41	3	26	10	87	77	44	80	43	17	76	86	5	21	71	38	27	28	49	95	16	34	79	35	91	22	60	-1	77	75	1	47	94	29	26	45	49	63	1	90	98	100	40	61	49	36	47	59	74	78	46	68	70	7	45	42	83	76	98	66	61	19	95	16	98	65	50	53	55	92	45	79	43	83	7	29	60	18	10	56	43	81	83	77	77	67	
86	19	11	15	35	56	89	1	29	31	91	33	21	48	68	8	27	47	44	48	22	38	79	86	70	50	38	83	21	80	94	86	15	48	70	75	59	45	46	25	45	30	-1	78	39	30	8	3	94	32	30	44	70	34	58	47	85	79	33	10	24	30	68	5	3	79	63	73	48	12	98	23	79	82	90	22	93	52	71	17	71	44	68	52	29	9	18	76	69	62	100	32	8	57	18	71	27	62	9	20	
59	16	3	85	56	8	23	7	94	45	87	5	77	48	36	95	57	97	98	17	77	69	48	36	68	2	62	59	20	47	30	2	59	13	99	4	99	95	81	79	71	80	65	-1	4	27	22	47	62	22	61	29	95	86	53	45	77	96	45	16	75	85	84	5	100	24	89	48	95	25	43	47	36	15	81	64	57	45	84	85	29	17	12	65	45	22	35	31	68	78	46	83	32	3	16	88	21	63	18	92	
42	65	88	79	70	74	48	34	85	4	44	34	31	62	48	12	8	20	62	10	44	96	21	89	88	1	60	29	62	11	83	100	42	27	62	35	30	65	37	37	80	19	16	17	-1	92	39	80	95	31	28	17	94	66	29	94	8	71	83	58	21	11	64	56	88	63	31	97	44	56	26	48	30	37	14	42	28	98	26	32	26	71	38	50	62	53	13	9	69	85	97	19	24	43	15	85	64	80	42	25	
70	75	95	33	17	100	97	36	25	18	62	16	4	56	87	8	31	46	17	90	56	37	72	23	33	62	46	38	52	10	35	74	48	76	68	92	58	82	85	37	41	87	48	20	15	-1	21	59	3	89	76	68	81	73	47	47	43	18	61	44	31	63	8	67	77	84	70	72	6	65	39	38	21	44	23	43	52	29	46	76	78	24	69	23	3	71	8	38	53	77	88	78	60	30	75	100	92	52	90	91	
73	69	63	26	28	6	70	71	36	3	16	80	15	96	2	64	94	63	16	74	26	19	18	58	41	69	47	80	13	29	31	9	39	23	92	71	30	66	33	52	40	85	87	18	21	100	-1	13	5	44	10	78	62	35	52	48	11	2	52	3	95	66	63	6	3	66	67	69	100	99	70	72	63	20	3	27	87	72	70	66	54	55	25	43	18	51	56	33	33	88	3	95	79	77	37	58	76	100	57	76	
53	71	64	2	79	13	40	7	57	9	40	44	45	45	11	94	75	41	46	54	13	93	97	53	42	69	73	17	28	99	5	74	83	50	97	64	68	33	70	75	14	38	14	24	8	84	23	-1	96	4	43	40	11	98	58	35	6	75	97	25	4	20	41	42	58	85	36	24	57	63	18	47	52	18	32	70	6	71	54	100	16	93	92	60	31	100	76	65	33	47	51	22	97	74	17	53	36	36	66	3	
70	87	82	16	66	12	27	19	13	48	22	39	31	71	88	63	66	28	21	23	80	1	50	60	32	41	98	75	86	54	70	24	82	60	91	73	20	44	64	40	61	25	68	84	25	80	27	45	-1	58	45	15	1	3	29	82	71	4	66	10	97	29	37	82	84	30	31	91	65	22	78	73	18	87	77	24	39	85	75	76	69	4	15	65	38	99	67	99	90	62	55	56	98	92	29	96	83	74	75	80	
66	58	91	28	9	23	73	34	88	11	53	34	4	95	95	22	68	40	28	17	27	82	43	24	41	45	80	46	57	33	64	69	62	50	34	91	1	52	48	62	38	77	56	94	87	77	4	92	69	-1	69	3	20	52	27	95	50	41	60	60	58	10	15	31	18	30	30	3	64	89	87	26	84	50	25	7	17	56	86	54	26	46	70	97	56	14	53	65	86	3	22	77	94	85	54	3	38	66	71	42	
46	39	95	63	60	36	43	38	99	24	19	53	92	87	5	57	41	93	41	44	33	15	55	85	81	60	3	100	55	49	17	72	64	13	1	44	66	28	24	94	32	2	92	6	6	99	3	75	88	40	-1	95	41	5	53	54	54	43	49	13	42	76	17	23	25	84	84	53	12	90	14	3	62	41	76	16	8	100	79	75	23	75	13	42	34	3	80	92	91	39	4	54	38	26	56	81	75	1	24	26	
7	9	97	21	11	84	96	23	20	90	8	99	50	80	34	99	58	8	46	80	89	27	47	86	63	7	43	60	12	75	8	80	30	9	39	62	83	83	19	71	61	4	20	63	15	13	96	78	81	14	17	-1	71	79	94	69	30	18	76	38	4	35	98	18	40	44	95	14	45	72	92	5	73	79	90	35	64	26	52	99	42	60	70	50	25	9	64	61	62	29	37	21	93	89	30	100	82	5	88	91	
71	10	69	82	36	86	9	63	6	64	3	43	47	18	69	85	9	67	22	56	81	26	42	59	81	28	63	7	9	66	23	85	75	43	64	81	54	19	3	63	96	24	8	63	78	3	22	18	63	58	54	54	-1	11	57	60	74	71	55	18	95	46	6	83	38	2	97	99	72	47	13	34	14	87	14	38	68	3	28	52	96	36	61	45	59	38	4	73	40	29	47	85	88	45	1	38	36	3	39	21	
93	92	92	40	17	2	82	32	66	85	64	69	20	84	33	47	42	96	41	15	14	36	62	85	81	77	88	35	61	7	18	50	53	89	49	15	60	74	61	28	73	45	11	64	78	2	76	9	81	49	40	68	12	-1	43	67	39	40	74	30	6	7	78	25	34	27	97	99	97	82	75	91	29	69	22	97	9	10	63	8	45	22	50	63	62	33	10	42	97	31	93	87	30	58	23	64	21	65	65	22	
8	9	52	54	3	74	21	15	24	76	75	85	5	14	78	40	76	63	71	80	81	91	46	79	73	52	59	15	91	17	64	91	19	19	57	84	50	11	97	80	49	23	57	45	99	9	35	55	73	72	32	48	37	95	-1	36	23	78	79	5	7	24	5	59	9	49	13	87	88	6	37	67	41	68	85	1	38	41	62	42	26	31	57	41	94	51	21	56	62	6	49	58	43	64	83	69	4	68	75	10	
18	100	16	3	37	17	48	40	23	42	67	53	95	9	26	55	11	2	47	57	1	67	24	53	40	55	47	75	68	59	45	33	75	98	80	100	4	12	49	82	73	45	50	72	69	83	46	69	69	5	59	48	39	50	53	-1	3	56	73	59	9	54	90	15	41	66	97	97	79	6	89	84	38	35	92	44	62	49	77	3	21	83	42	7	29	72	99	39	23	66	95	54	98	77	9	28	89	80	57	2	
51	36	61	96	65	73	58	17	80	61	31	67	52	14	20	83	55	56	71	72	7	19	91	99	91	46	48	17	10	79	43	40	85	81	26	87	22	60	15	5	70	64	1	63	48	32	87	45	6	76	36	26	84	77	39	35	-1	63	96	19	66	76	45	45	19	40	21	97	39	82	11	39	51	67	39	92	35	69	20	51	24	19	43	15	30	96	47	41	70	11	95	87	47	62	66	25	23	97	69	71	
25	52	22	98	64	31	36	90	15	47	7	88	83	58	97	13	32	23	13	35	84	90	67	26	16	24	72	73	100	32	92	58	5	17	1	96	92	48	26	64	18	52	63	38	59	6	43	80	68	52	71	91	24	13	37	33	16	-1	56	77	47	37	40	26	52	86	69	1	5	19	87	13	34	50	35	75	9	24	40	8	54	57	44	30	79	11	47	52	85	12	55	4	2	91	77	32	28	70	3	17	
58	97	19	94	33	1	82	36	6	85	60	52	82	9	67	42	66	98	90	56	36	88	32	54	94	91	89	97	9	39	28	25	89	18	61	60	75	80	54	20	67	56	57	28	32	82	32	69	52	10	55	58	64	80	69	38	75	62	-1	9	5	73	98	55	10	31	73	28	31	62	51	54	46	93	15	11	82	83	93	87	21	69	42	52	89	23	44	86	48	100	75	68	69	7	71	5	71	17	91	58	
56	73	29	90	10	57	83	95	93	1	74	57	85	49	25	13	45	19	23	16	53	55	29	80	95	15	34	5	48	9	40	75	78	35	20	48	53	25	44	73	62	65	44	6	94	88	26	61	19	39	15	27	99	56	31	53	86	85	50	-1	24	66	5	88	100	33	98	42	18	62	31	26	28	91	3	13	73	55	50	82	9	26	87	98	98	13	53	58	20	35	21	5	70	20	99	7	41	90	21	40	
64	65	42	53	73	71	59	71	71	56	95	1	29	14	46	45	13	96	27	86	69	4	39	65	58	54	21	72	29	39	80	10	91	75	53	88	7	59	26	99	51	65	19	59	12	23	86	76	66	30	94	99	15	8	75	55	80	25	30	96	-1	57	71	67	31	46	43	98	100	91	69	46	97	74	91	46	4	46	26	90	66	22	42	34	13	58	31	78	82	34	64	18	59	68	3	90	41	83	1	72	
57	5	83	76	16	76	57	69	83	72	50	90	44	56	100	60	51	64	46	14	12	21	83	9	45	71	45	5	26	59	25	71	67	24	37	88	62	64	95	78	86	58	24	34	59	14	57	14	70	46	92	96	91	56	39	26	78	58	72	20	63	-1	80	72	87	6	76	33	75	61	86	86	63	31	27	99	19	9	84	72	10	98	51	66	89	57	57	98	27	13	48	84	87	44	18	41	48	17	51	1	
3	90	100	53	78	15	60	91	23	18	95	49	86	67	9	94	3	28	84	6	100	12	85	78	78	85	57	9	78	85	58	65	62	49	99	28	81	29	28	44	75	92	19	5	88	9	76	66	100	80	70	55	63	37	2	45	46	17	51	31	37	62	-1	68	75	86	22	26	60	54	43	28	31	51	26	63	3	86	27	69	29	58	11	91	12	37	57	91	70	57	98	35	75	13	68	38	81	61	81	54	
72	19	23	80	15	12	99	12	15	22	63	24	96	35	32	26	57	74	75	99	31	97	66	75	85	94	63	87	55	54	49	6	100	59	6	91	92	32	12	57	26	67	27	4	38	6	10	68	14	90	97	99	74	64	14	52	54	5	75	21	67	45	71	-1	4	25	58	36	98	19	69	17	63	31	57	96	94	23	95	34	76	88	2	65	55	67	40	22	17	49	96	35	4	83	33	43	16	69	64	57	
24	79	61	21	37	70	64	89	37	12	74	12	55	26	92	61	50	40	23	57	30	82	21	76	93	94	100	85	51	75	61	17	85	84	98	18	92	31	88	24	2	96	31	35	16	20	42	31	64	23	59	5	93	46	30	70	100	57	9	64	21	52	25	31	-1	55	43	51	86	48	75	65	23	13	59	70	53	44	7	94	63	98	67	43	4	44	76	9	25	28	51	36	38	49	30	40	88	28	55	4	
58	100	45	59	79	17	13	11	64	30	70	66	11	44	89	19	47	31	52	4	84	70	20	77	17	96	12	14	12	60	16	29	54	49	62	70	88	86	67	22	53	76	69	65	69	85	100	46	14	11	35	33	61	77	4	41	30	2	14	59	95	96	86	73	10	-1	70	88	30	14	53	92	87	96	19	9	2	31	26	4	70	68	47	60	75	38	26	36	18	93	5	97	83	69	4	86	74	86	48	1	
36	93	2	49	6	49	41	73	19	27	98	70	78	63	9	43	78	36	49	43	85	10	28	100	31	65	7	27	11	93	38	89	14	60	12	64	27	28	30	21	59	94	58	24	79	1	38	44	18	79	33	49	30	100	25	8	41	89	25	86	17	96	5	82	61	92	-1	84	91	51	60	13	61	26	67	14	24	95	75	20	68	39	22	27	71	26	40	65	79	87	43	32	34	70	47	21	58	38	33	77	
14	52	2	95	10	96	56	37	54	95	97	83	30	53	67	34	88	27	95	19	23	7	72	21	35	67	50	65	9	35	31	8	71	64	90	52	63	37	71	19	61	3	63	23	27	68	8	50	8	71	75	100	55	39	19	19	17	20	61	21	29	46	2	17	72	29	48	-1	99	29	21	25	45	17	51	24	46	62	24	82	93	32	40	84	63	8	53	70	36	1	90	59	51	68	26	33	67	13	41	24	
28	23	16	70	55	26	28	18	35	87	61	61	41	91	40	76	69	89	51	7	8	70	83	5	88	46	98	82	79	56	75	45	73	45	27	58	48	85	32	67	76	62	51	21	90	9	18	25	53	14	100	87	28	68	60	19	75	65	52	7	100	23	90	65	35	67	52	12	-1	45	85	13	16	30	64	35	5	1	7	41	60	92	16	68	66	16	36	62	69	26	39	75	73	99	65	60	54	65	78	56	
26	93	46	1	93	68	8	79	95	53	32	23	93	2	70	55	40	11	5	12	47	29	23	19	43	67	27	40	100	12	41	8	62	61	85	46	81	30	26	20	9	88	92	63	92	74	96	89	73	46	7	45	92	49	54	36	91	25	16	2	17	75	32	2	85	45	9	11	18	-1	2	91	95	68	63	28	5	45	36	58	70	32	76	31	19	70	90	11	78	19	44	32	66	100	52	4	4	99	28	22	
71	26	74	58	35	27	36	34	77	55	66	1	26	54	82	27	69	95	95	86	93	5	25	39	36	64	19	24	40	75	19	24	92	46	10	87	39	84	83	8	59	19	69	12	85	47	67	46	47	36	48	83	97	91	56	62	96	82	93	68	72	23	17	44	13	74	83	91	41	65	-1	4	38	7	81	4	56	7	55	60	25	21	49	79	51	7	61	16	52	46	74	98	93	95	53	79	69	62	25	72	
89	4	40	90	71	34	41	29	11	20	22	81	2	7	41	17	13	65	33	10	26	39	52	61	61	65	82	52	16	11	69	31	45	23	43	25	87	94	19	44	99	49	67	69	40	37	9	5	9	20	29	65	23	37	7	91	87	42	58	41	64	20	92	85	3	60	14	14	26	60	86	-1	26	88	16	75	25	100	27	34	21	20	17	7	66	47	21	93	63	60	50	5	73	85	25	35	4	84	78	63	
89	21	57	68	55	89	79	3	40	68	5	82	21	41	30	25	20	98	24	76	66	46	9	46	1	47	83	62	96	23	1	36	69	35	19	43	22	58	92	8	95	27	19	41	2	44	5	83	64	1	88	45	24	92	75	42	69	47	96	85	76	29	89	83	67	92	4	76	24	63	77	21	-1	61	18	29	21	32	78	80	15	85	11	11	8	72	55	36	58	76	8	17	71	69	25	99	86	18	45	42	
19	96	84	20	73	35	47	80	81	54	38	65	56	65	44	99	93	50	1	44	24	15	51	14	10	3	11	21	70	47	73	23	43	19	46	75	99	1	49	30	100	21	64	99	49	41	44	14	47	7	80	51	80	97	86	72	72	17	67	76	58	37	16	10	5	44	85	57	4	38	16	89	47	-1	20	41	86	67	43	84	63	71	99	84	73	64	31	59	21	18	55	82	88	80	65	47	54	50	96	79	
18	64	78	5	79	6	88	96	29	26	23	32	38	21	21	12	27	54	12	38	47	28	71	91	42	98	27	28	53	8	43	22	6	23	14	67	74	52	60	73	66	74	56	14	74	69	46	48	63	95	93	53	77	69	22	74	24	49	10	86	54	63	56	17	69	61	94	46	60	79	85	20	32	98	-1	79	88	97	43	81	84	59	3	18	66	58	27	11	56	52	69	62	42	85	53	20	13	87	29	25	
83	79	29	83	38	95	52	48	73	10	22	47	89	97	30	90	64	20	40	43	72	76	66	21	78	94	32	22	68	8	48	36	80	14	71	81	34	87	30	78	82	97	40	68	13	55	32	98	96	74	1	1	70	46	84	76	37	5	46	23	89	8	42	83	68	69	57	48	61	9	93	41	53	63	83	-1	11	19	44	68	61	73	44	22	7	43	45	2	82	92	30	21	94	89	99	3	73	4	60	91	
59	49	55	72	2	93	90	24	81	40	7	99	16	99	42	34	21	94	16	37	13	41	94	10	44	30	89	63	78	6	55	65	31	77	58	37	13	95	43	55	61	30	54	90	62	42	56	59	84	71	9	77	1	14	35	80	92	19	87	21	23	57	2	58	87	62	79	58	85	89	6	55	4	80	92	74	-1	20	31	62	31	36	34	35	10	35	67	46	21	63	36	35	78	24	66	65	67	92	74	80	
45	55	58	12	58	5	67	61	26	1	53	80	43	64	56	70	28	31	51	100	7	57	14	71	10	88	35	92	44	18	20	54	72	79	18	3	46	1	6	1	17	74	97	50	39	25	84	26	62	24	10	47	35	9	56	1	57	80	99	79	61	76	56	62	56	8	14	77	60	67	25	16	58	67	38	24	83	-1	86	15	43	9	43	52	61	53	4	82	63	99	87	47	3	74	18	51	27	12	82	81	
44	24	88	32	10	98	95	52	7	26	20	20	29	73	39	14	92	61	93	21	91	84	90	5	58	26	74	48	72	62	98	87	34	49	88	48	51	85	67	75	49	6	39	83	25	26	57	90	42	46	73	80	91	63	25	20	21	82	73	35	55	96	44	61	85	1	98	32	12	7	14	4	16	45	66	32	69	8	-1	28	75	62	54	44	11	62	93	83	36	49	58	94	16	63	39	99	22	91	30	59	
29	55	19	57	30	26	88	61	8	66	98	45	86	83	7	49	46	4	98	17	62	16	26	50	36	84	23	100	22	59	5	14	57	81	51	43	73	9	63	62	30	53	10	88	5	55	54	4	26	17	6	34	29	80	6	64	18	38	12	38	73	77	86	20	14	23	61	77	82	47	53	74	26	64	30	96	75	73	31	-1	34	39	65	12	66	33	12	77	34	67	77	9	66	48	17	81	68	76	11	18	
51	32	70	96	20	73	69	43	97	1	85	21	71	15	12	22	71	66	63	33	28	94	17	56	23	82	67	21	95	29	43	90	16	63	89	46	85	54	34	41	45	46	51	34	18	32	54	2	27	45	7	24	92	23	10	91	42	72	63	24	77	7	46	48	48	71	64	80	4	69	93	51	17	38	83	28	56	9	51	61	-1	38	18	95	51	43	26	36	27	79	9	89	56	61	86	47	38	81	85	6	
58	15	59	8	71	16	33	73	16	68	46	99	75	33	91	59	38	76	84	43	48	13	77	13	10	71	20	8	66	36	28	41	31	62	11	13	99	64	80	29	30	19	56	23	92	64	34	19	24	88	24	79	69	81	24	19	25	5	11	20	85	96	49	44	33	34	89	3	72	77	58	44	57	41	58	81	59	38	78	71	7	-1	54	15	57	48	10	95	72	35	100	2	75	43	63	59	3	18	91	74	
6	30	96	40	56	71	41	20	98	65	55	84	99	33	88	39	19	7	21	89	18	18	71	50	29	95	65	66	91	63	100	48	82	16	85	92	54	94	35	55	31	98	9	2	63	71	10	58	11	75	53	74	54	44	32	22	38	35	23	2	30	60	38	82	59	76	63	44	43	39	48	86	66	18	77	50	79	41	85	12	7	48	-1	7	11	61	35	47	30	58	53	81	100	57	57	52	85	29	24	43	
20	9	38	8	13	61	21	66	72	40	50	13	47	49	61	39	51	66	31	81	98	41	14	70	15	56	21	99	47	48	13	92	6	22	75	86	49	99	2	38	71	56	28	73	61	12	84	32	78	76	30	42	95	7	86	15	67	32	42	11	67	40	31	71	80	33	90	95	53	67	35	45	15	89	85	14	93	67	91	54	5	21	43	-1	45	100	76	73	31	69	31	22	23	25	30	6	63	53	41	38	
19	93	83	86	32	96	9	90	27	60	20	23	3	35	8	73	46	5	29	79	23	96	23	58	47	10	68	61	9	26	96	64	49	50	30	68	99	39	78	63	13	93	42	96	96	36	24	73	43	47	84	15	22	52	22	30	5	93	75	65	73	98	29	32	53	83	24	89	69	27	66	75	75	96	69	58	80	37	79	83	2	73	22	26	-1	13	2	58	1	86	50	40	51	10	61	56	94	40	60	13	
96	95	4	63	88	94	57	69	28	85	60	60	30	3	8	60	96	8	5	10	93	61	42	77	88	33	36	69	18	22	65	77	11	12	46	40	80	26	73	10	96	71	60	71	64	99	90	72	77	74	81	41	12	99	36	40	19	45	5	84	27	22	23	96	84	85	22	80	16	62	19	92	20	51	46	64	47	45	69	76	25	3	15	97	83	-1	19	48	44	87	7	79	25	66	1	5	46	72	1	60	
57	84	39	48	79	29	1	60	75	100	10	4	47	63	12	82	1	50	7	3	68	71	70	95	36	31	30	96	7	3	73	18	86	88	32	91	71	87	48	73	21	31	34	100	29	88	41	22	97	80	59	4	62	56	7	55	9	70	86	86	88	40	1	50	99	52	90	56	65	97	44	13	68	32	28	40	61	32	86	67	9	59	48	67	5	94	-1	53	86	53	87	53	85	63	17	12	3	80	55	4	
99	19	97	39	41	97	47	17	52	89	95	33	14	45	89	82	85	41	77	29	76	22	69	22	73	73	36	87	86	61	62	39	53	67	61	62	44	8	43	60	77	52	81	65	86	25	63	80	28	82	61	51	46	21	26	94	80	91	2	69	69	86	25	99	93	31	66	76	35	14	37	62	29	54	65	48	100	89	25	99	15	36	77	54	39	75	20	-1	4	80	55	27	87	50	88	80	63	43	73	28	
27	92	9	69	31	7	35	93	43	34	58	7	6	71	15	23	67	63	50	32	36	57	71	87	96	93	41	19	83	36	15	63	91	53	39	31	50	16	63	75	65	30	98	24	6	38	23	69	9	87	68	97	44	5	42	97	77	81	42	85	20	15	19	22	65	49	63	99	79	10	11	96	22	60	62	82	83	63	68	20	57	74	28	37	54	2	67	79	-1	98	34	32	75	42	4	36	66	5	77	56	
72	15	16	77	43	48	83	19	3	20	78	90	15	74	16	13	58	2	32	52	51	18	28	1	73	89	39	57	19	86	24	12	68	30	78	30	74	29	59	15	64	81	88	26	36	89	66	25	21	65	25	60	6	57	36	27	15	75	97	68	13	81	74	2	89	71	81	70	79	13	76	52	29	36	44	46	29	14	39	11	42	59	23	91	72	88	25	96	25	-1	59	38	24	12	13	40	18	28	59	24	
62	24	69	14	41	45	58	79	20	11	20	43	67	53	7	81	77	12	11	91	82	78	3	28	9	20	3	61	28	92	86	47	68	39	24	50	13	86	34	63	14	38	72	82	73	42	41	96	82	96	81	58	72	4	75	81	7	40	23	37	56	83	55	7	22	60	63	88	14	70	85	86	30	66	21	57	57	80	99	10	34	26	11	11	1	85	25	24	34	17	-1	40	68	2	79	74	35	83	93	30	
94	71	42	78	43	66	22	12	59	31	28	94	14	61	75	41	29	23	58	98	57	7	63	6	75	86	85	60	39	78	80	88	62	60	30	51	11	56	4	44	13	87	34	45	69	59	55	62	21	37	43	24	65	40	58	38	13	76	25	69	12	69	67	62	47	41	49	48	9	95	10	78	65	33	62	46	25	53	77	26	90	95	15	35	39	78	53	40	95	20	7	-1	64	49	47	100	99	34	86	69	
26	69	47	13	29	30	94	32	65	33	33	95	46	64	29	4	39	84	1	74	35	95	18	59	18	30	72	32	36	98	87	8	77	36	72	49	70	45	76	15	75	61	92	23	18	39	51	24	15	46	22	7	80	19	51	32	42	11	32	82	1	15	84	43	68	97	33	30	97	80	68	5	28	22	19	54	33	68	62	76	51	23	15	81	46	99	81	59	89	93	83	44	-1	81	53	29	2	76	84	88	
67	97	62	75	12	11	39	68	80	8	98	4	48	44	51	26	28	70	25	54	64	18	55	81	44	52	73	26	33	48	9	33	9	51	15	83	1	89	12	29	29	11	42	6	79	62	80	94	48	72	87	32	87	30	54	78	11	48	66	64	67	9	61	86	8	58	92	94	92	97	90	21	100	72	34	80	99	84	40	58	44	35	1	25	24	33	25	94	13	58	52	41	94	-1	23	7	8	88	79	40	
27	88	16	60	27	95	46	44	51	86	91	2	28	89	96	77	24	54	74	48	49	54	33	12	43	52	25	91	19	5	97	99	13	46	29	26	69	52	7	32	93	41	10	19	7	96	50	89	4	46	10	47	92	73	74	85	68	70	95	74	76	54	53	73	38	47	97	36	62	80	92	52	32	84	6	86	31	6	18	36	91	20	36	27	73	80	84	11	66	60	87	87	97	1	-1	11	27	65	17	52	
83	54	54	56	58	6	22	50	43	72	74	7	47	88	52	57	67	73	21	77	19	31	53	22	11	35	12	26	52	74	8	69	34	93	92	84	62	37	81	23	43	97	83	54	13	19	66	16	95	41	45	65	36	13	39	39	4	75	60	79	5	61	26	61	74	27	76	79	34	96	71	45	48	9	88	14	50	52	78	98	12	56	72	85	50	7	88	43	68	67	49	37	33	6	25	-1	51	26	36	28	
6	12	3	61	11	69	5	50	4	38	43	19	63	37	29	21	61	10	89	93	49	87	61	58	97	80	69	15	100	30	96	70	20	91	26	3	90	91	18	29	64	54	24	42	10	26	6	22	76	27	18	66	79	47	72	68	6	50	58	26	79	2	19	63	30	32	16	1	89	12	80	25	21	65	47	55	44	88	98	1	35	5	4	38	61	90	12	28	77	44	33	7	65	35	82	2	-1	40	18	7	
47	25	75	87	6	64	36	45	82	12	38	76	55	69	12	6	63	68	63	28	92	5	57	2	61	41	68	91	57	73	97	82	52	89	100	36	43	4	58	100	70	39	36	86	20	67	9	96	43	8	27	34	80	16	46	54	10	100	17	55	94	81	45	38	49	78	88	53	77	74	51	77	85	16	22	99	100	73	87	31	71	100	53	5	22	55	25	27	96	74	47	47	22	38	67	21	22	-1	32	14	
100	52	1	31	21	77	48	81	23	70	90	63	81	91	69	21	85	45	60	44	11	48	2	29	37	13	74	94	28	7	94	2	67	16	34	43	62	19	10	8	94	39	10	15	99	67	46	95	82	48	59	75	40	46	97	47	67	83	77	19	35	64	16	17	48	53	48	54	78	35	87	12	16	24	18	21	89	50	40	48	5	100	71	52	68	94	14	66	36	79	60	64	39	68	27	38	65	82	-1	5	
32	95	36	3	7	26	70	54	13	36	10	31	95	92	73	73	41	61	11	14	25	47	18	26	79	14	84	95	21	76	61	94	73	23	56	89	28	58	36	17	89	38	5	38	1	84	74	97	66	73	39	64	44	2	25	100	76	17	28	60	35	68	16	93	30	53	77	18	80	13	9	28	7	49	44	89	68	17	85	34	13	67	72	77	20	68	22	70	57	93	4	68	22	29	44	6	23	25	36	-1	
