100
-1	92	20	64	55	23	49	76	68	17	91	72	99	62	47	34	44	29	25	16	66	54	92	80	1	84	2	46	87	69	47	67	48	59	38	67	32	49	37	30	44	15	25	15	37	54	90	97	36	64	32	69	9	38	74	91	7	94	61	52	79	64	69	4	64	92	83	1	70	66	62	28	14	28	12	62	6	23	48	14	50	36	33	48	1	13	72	61	4	92	6	66	35	76	64	74	37	82	48	20	
27	-1	65	40	8	84	40	28	9	39	100	19	43	24	82	82	54	76	38	95	30	63	22	56	44	43	88	6	89	59	73	79	66	77	78	30	12	88	25	78	4	20	89	13	13	3	57	95	97	84	50	57	70	94	55	31	90	83	61	78	25	93	6	94	25	13	11	8	42	39	81	93	43	53	71	54	85	3	14	14	74	98	93	25	21	71	15	44	60	51	58	73	90	4	41	97	66	87	45	58	
40	48	-1	28	66	39	30	30	40	82	71	92	77	62	42	50	100	51	75	87	34	55	99	88	97	92	97	97	90	10	99	99	76	72	97	79	51	82	26	61	17	27	65	89	52	56	28	77	72	64	26	79	6	93	30	62	69	71	73	83	71	92	69	3	35	44	72	37	34	17	6	29	8	10	71	58	97	31	87	75	36	29	40	54	54	76	33	37	14	100	43	67	63	59	72	57	91	87	26	63	
91	69	55	-1	45	14	54	18	45	70	77	68	16	100	12	76	37	72	50	20	41	10	49	86	4	23	13	69	6	38	69	19	73	60	44	6	22	14	11	34	54	55	69	11	11	17	78	28	72	80	85	87	41	72	55	13	42	62	1	8	97	18	90	79	10	43	100	86	83	64	69	87	44	94	31	72	49	18	96	22	62	24	23	49	14	64	55	77	22	56	55	21	24	86	46	2	39	4	8	2	
57	69	12	12	-1	32	97	31	63	90	79	60	59	3	82	98	44	11	95	15	66	72	78	19	63	48	7	37	23	15	97	87	49	84	7	92	15	26	63	93	43	69	21	68	75	44	25	53	26	89	16	37	4	11	90	21	40	76	55	55	11	51	8	43	12	7	5	25	38	57	25	17	34	26	43	82	41	97	18	84	72	11	91	20	82	84	23	41	46	53	21	64	10	87	84	27	59	43	96	59	
26	49	69	23	2	-1	14	53	96	67	57	56	98	10	86	65	27	2	58	30	3	26	34	34	92	60	82	66	39	78	19	66	42	27	47	85	79	4	21	76	37	31	17	27	89	56	90	88	92	26	26	29	83	12	77	8	63	77	20	25	63	44	68	38	22	60	23	21	33	16	10	75	97	14	56	48	32	77	78	95	42	59	68	95	6	60	82	30	70	8	46	89	99	87	29	16	44	47	36	16	
18	33	54	98	68	68	-1	79	97	15	62	11	27	73	41	59	4	42	37	94	68	3	74	60	18	27	53	51	17	18	78	71	74	16	73	64	97	38	13	82	48	47	87	88	6	13	47	27	89	84	40	93	67	20	32	49	33	43	11	22	36	90	14	40	95	20	2	25	77	99	40	16	1	46	44	86	99	54	23	29	13	1	78	2	50	7	71	98	17	95	81	37	41	66	87	38	4	47	9	32	
49	3	10	57	87	17	81	-1	20	51	88	19	41	32	11	16	18	17	86	58	42	79	76	38	64	53	24	29	25	24	55	2	18	2	6	56	6	62	80	34	47	49	39	52	66	99	88	41	44	17	11	88	46	57	64	76	16	31	3	11	14	3	54	76	91	39	60	39	55	78	68	54	30	93	99	46	97	61	79	88	61	5	100	64	62	17	84	41	9	15	42	74	9	86	39	81	66	40	17	2	
83	16	67	50	74	31	89	57	-1	50	26	51	16	84	85	72	23	33	55	13	34	35	58	47	26	41	43	81	47	64	29	94	48	31	19	75	14	91	20	95	48	100	31	22	70	42	69	43	9	59	25	5	75	56	18	89	83	27	45	74	31	16	43	5	20	94	55	6	26	32	59	6	17	43	39	23	46	99	86	61	66	34	13	2	36	83	74	36	25	10	17	21	5	59	97	35	99	93	25	26	
53	90	28	43	98	36	42	34	28	-1	98	36	42	73	3	31	59	44	26	75	24	40	59	85	46	65	68	15	65	33	72	52	82	81	32	88	52	28	91	64	83	20	52	1	66	16	9	49	79	44	5	87	21	47	97	100	17	22	64	70	5	42	98	24	65	48	67	6	55	14	11	18	50	45	48	75	13	81	13	73	84	37	50	49	59	75	41	7	90	10	39	9	37	14	64	25	25	47	6	62	
98	34	57	15	63	12	19	29	59	25	-1	38	98	73	41	26	18	38	52	95	81	97	83	24	92	36	40	85	32	17	58	42	17	31	2	12	28	30	85	64	11	16	76	26	17	66	92	79	20	22	42	90	58	90	46	60	92	81	49	34	85	53	45	3	6	1	68	53	87	43	12	28	18	60	98	45	13	95	20	25	1	76	80	79	2	2	90	94	24	46	41	42	14	57	59	24	13	88	50	44	
91	11	65	30	85	100	54	25	2	76	99	-1	52	17	26	72	5	6	83	65	46	84	6	16	30	17	33	73	50	62	36	4	76	93	88	63	27	33	10	49	11	92	73	30	59	30	2	24	5	21	94	33	14	44	1	78	77	49	73	43	32	94	89	92	93	11	15	16	51	20	28	23	13	56	34	29	82	18	62	81	70	31	52	48	32	21	71	35	52	94	81	49	95	56	91	9	37	60	45	86	
9	56	28	84	27	89	88	68	70	73	68	59	-1	17	45	83	12	76	78	20	30	47	1	78	55	6	45	18	86	33	76	16	22	14	56	80	44	77	87	45	71	7	89	10	6	86	2	33	53	99	24	52	44	13	41	30	9	70	64	42	92	68	32	46	23	53	85	87	87	6	39	66	81	20	16	46	41	40	66	28	81	89	74	3	29	59	51	58	18	34	65	71	67	15	23	70	79	55	82	84	
28	50	92	96	96	10	10	31	25	67	34	78	94	-1	13	60	42	37	80	93	63	3	19	8	77	50	45	41	3	64	87	35	73	92	6	59	89	98	84	1	20	83	49	93	74	10	8	22	35	23	33	29	91	8	89	38	33	23	80	38	15	72	26	73	21	35	22	78	23	91	59	39	67	8	51	59	56	99	89	81	15	49	65	43	12	65	43	2	5	64	100	63	17	17	56	39	28	53	5	51	
84	33	22	47	27	71	36	12	80	86	9	68	15	77	-1	45	17	69	21	26	64	67	58	46	91	41	31	100	85	22	9	24	5	46	99	38	94	16	39	86	61	18	78	95	91	97	72	1	61	93	46	53	1	49	61	46	95	67	4	55	43	3	5	66	33	64	16	11	27	54	83	41	37	90	9	48	7	95	37	84	78	98	30	17	96	89	61	19	70	55	74	60	90	99	11	44	18	5	37	84	
70	21	48	70	5	32	61	12	11	100	78	3	69	75	14	-1	13	81	49	54	10	80	49	35	96	81	6	100	29	40	23	94	42	59	69	10	93	56	96	35	34	47	7	70	89	93	36	62	50	65	63	35	86	45	77	33	46	81	16	16	50	8	85	79	12	11	11	21	57	42	50	23	38	39	78	24	35	74	73	54	72	35	62	5	40	82	79	33	39	100	90	38	59	57	75	31	59	85	25	29	
30	43	10	1	89	52	72	89	84	60	26	25	66	23	74	100	-1	20	2	16	54	43	28	86	52	63	19	57	80	58	49	60	89	78	36	8	29	91	98	45	49	45	64	19	64	24	37	94	60	65	46	22	70	65	65	93	40	63	18	47	40	22	56	93	94	14	56	25	90	56	99	21	91	9	25	24	47	52	2	52	61	39	12	58	39	21	57	4	95	82	43	9	12	7	97	66	4	17	3	23	
21	2	89	24	9	97	12	29	66	19	49	71	82	64	98	25	38	-1	100	26	5	9	69	9	88	84	40	12	57	51	17	38	16	42	24	47	6	93	53	20	6	37	12	55	80	4	49	96	77	35	34	40	86	42	95	92	10	95	25	18	40	67	74	12	98	29	88	98	23	76	76	73	72	92	53	11	33	15	33	88	52	78	58	13	98	93	89	97	88	43	71	42	21	55	33	77	79	42	2	8	
27	58	23	91	97	86	38	81	55	3	37	56	64	74	17	67	92	100	-1	70	91	15	38	98	56	75	57	34	10	18	28	48	27	70	75	9	87	63	92	72	13	34	24	84	7	83	81	99	42	90	65	15	3	65	81	61	81	6	83	4	50	22	25	47	11	37	35	75	36	4	38	67	64	26	42	76	46	24	41	27	80	39	97	60	51	28	60	61	44	50	78	96	97	17	51	98	31	74	45	48	
42	34	36	74	1	84	20	13	36	51	19	1	43	55	8	60	57	10	79	-1	2	85	10	57	53	48	6	78	34	99	66	86	49	2	51	85	54	4	26	27	85	37	44	99	62	66	86	77	100	64	1	65	31	24	24	10	76	89	81	4	2	75	94	74	22	11	69	39	6	98	6	99	69	2	35	16	26	34	48	90	83	81	72	99	36	26	91	23	57	43	42	40	52	32	68	61	34	21	15	4	
39	86	70	12	35	81	100	64	80	1	17	1	42	7	7	78	10	30	12	89	-1	11	19	77	53	76	48	70	2	45	48	1	5	32	48	72	73	11	85	67	49	53	10	5	99	97	74	9	56	89	25	49	36	74	27	22	28	75	54	43	91	5	5	86	86	42	9	91	100	49	51	12	68	48	74	92	44	23	7	64	69	48	73	71	64	79	70	93	5	89	19	31	86	51	95	12	83	33	8	7	
39	87	45	27	5	10	55	51	67	24	56	71	11	4	53	38	73	46	76	23	12	-1	97	61	41	56	50	19	38	43	72	25	67	79	96	98	52	27	55	92	92	2	93	40	78	60	81	82	47	34	86	74	62	92	88	39	83	33	88	72	36	39	3	20	85	8	94	30	80	92	42	33	88	83	46	96	17	13	10	30	60	56	32	47	39	79	89	62	96	21	9	10	31	31	48	66	68	53	30	26	
13	74	35	43	48	83	90	98	69	22	59	72	3	83	11	80	35	91	37	13	20	63	-1	18	85	57	27	60	10	28	76	75	33	41	34	44	61	74	46	22	77	28	59	45	96	34	63	40	47	12	65	76	20	27	69	7	10	71	95	42	17	41	43	57	23	98	56	78	3	72	16	65	25	7	12	52	3	47	12	91	22	16	29	89	91	85	85	59	24	73	15	32	22	79	23	62	33	6	40	60	
34	77	76	96	99	99	60	39	71	64	17	95	69	5	91	32	11	67	96	15	31	16	26	-1	10	45	83	88	32	26	63	42	83	29	60	44	87	82	46	1	75	91	43	4	41	82	89	50	6	11	3	53	6	28	34	85	65	46	59	78	99	26	23	33	86	4	87	42	97	50	73	17	67	28	3	95	72	51	59	91	83	64	98	82	57	38	9	68	25	66	44	72	56	54	49	10	75	91	93	95	
42	44	89	76	64	96	100	23	61	59	55	18	74	56	17	41	43	17	7	39	93	24	43	52	-1	51	57	57	85	34	99	10	63	32	31	49	72	21	86	86	19	31	87	100	87	100	21	90	27	5	46	74	13	42	48	90	36	87	11	11	94	21	15	34	9	32	39	24	12	3	67	13	21	67	38	100	42	57	99	50	72	35	100	41	28	59	15	55	9	28	20	55	56	65	4	65	39	65	25	4	
59	46	18	33	67	44	16	74	14	43	44	94	12	84	83	51	70	33	76	68	30	28	17	53	77	-1	72	9	63	51	8	76	56	94	29	99	94	99	95	49	26	85	69	22	49	19	60	64	2	52	63	63	67	61	28	29	81	51	90	82	24	90	4	36	100	89	1	78	80	95	40	30	41	93	85	45	42	68	64	34	1	34	86	17	79	96	99	77	67	91	71	59	76	96	43	14	4	96	89	4	
3	71	94	10	17	91	80	31	35	5	20	81	40	64	18	25	3	36	63	12	51	29	5	49	44	84	-1	77	12	84	26	94	4	80	45	26	70	7	59	17	82	87	76	40	57	95	77	42	51	69	85	4	10	57	17	99	75	54	4	52	97	72	73	55	14	53	39	31	52	43	88	69	9	54	1	94	7	22	62	86	76	72	15	95	79	94	62	23	69	95	42	29	58	16	51	53	51	35	43	94	
26	38	32	47	69	28	34	13	38	93	27	20	50	4	2	68	20	48	21	62	12	92	19	70	85	80	29	-1	75	74	3	19	22	60	54	89	4	61	97	66	15	83	64	100	49	76	61	93	6	60	25	43	3	59	99	63	87	57	44	95	87	55	99	63	84	8	73	48	31	65	49	56	9	4	4	29	60	95	67	2	58	59	43	22	79	78	70	2	20	54	100	20	86	79	65	77	36	96	53	53	
65	5	72	69	30	96	99	46	39	65	14	15	23	2	40	42	25	50	60	67	96	45	61	2	54	41	8	64	-1	57	40	40	95	46	82	18	73	34	72	18	38	50	21	90	21	62	100	66	13	54	30	20	96	35	97	85	51	39	77	99	63	87	82	24	92	21	43	39	4	71	18	10	14	66	71	52	11	58	97	23	21	49	22	100	91	14	38	82	36	32	76	80	87	87	28	83	42	47	12	20	
33	79	5	9	66	31	44	54	47	52	61	58	79	39	39	19	61	1	25	6	77	66	65	86	12	77	13	4	34	-1	19	94	75	74	86	5	97	74	64	3	49	59	76	25	3	51	56	8	25	49	19	73	99	14	81	52	53	90	100	98	95	8	42	36	53	69	13	83	37	37	90	64	58	84	17	81	38	53	39	97	66	73	53	30	15	70	56	21	17	72	89	6	44	92	91	63	71	3	39	29	
8	77	44	52	63	90	55	15	27	57	4	22	22	15	6	1	60	94	43	37	46	47	4	57	87	97	55	45	72	60	-1	97	2	8	64	67	34	50	53	60	45	82	50	73	44	73	97	11	89	53	19	71	75	4	44	92	28	44	93	22	100	35	63	79	15	12	23	38	26	34	49	25	46	95	77	7	98	63	73	19	90	94	95	44	88	27	53	57	29	51	30	27	19	6	38	68	78	80	2	82	
53	62	25	69	90	10	2	45	69	36	71	43	29	3	94	1	7	44	42	33	94	24	81	42	75	28	11	5	66	56	65	-1	59	18	84	30	98	78	51	5	61	83	69	89	51	24	12	10	27	8	17	13	69	23	63	5	17	51	76	83	85	76	64	63	8	37	11	52	80	5	62	58	7	46	36	26	2	26	37	53	46	79	11	36	79	39	53	84	69	7	24	54	97	71	8	1	5	71	55	15	
4	92	64	80	76	42	46	17	13	72	10	20	52	85	19	21	63	62	20	48	97	52	15	96	53	75	80	71	68	22	28	43	-1	50	25	27	17	32	65	36	3	23	72	43	31	88	5	35	10	49	8	13	15	67	100	85	80	20	4	84	85	22	9	38	31	89	14	76	27	14	89	80	92	65	53	100	90	96	91	85	84	84	22	29	91	91	82	6	87	26	71	40	71	66	57	61	12	82	71	80	
27	3	66	16	64	26	11	57	53	97	80	59	26	8	71	11	100	86	71	50	29	89	19	85	17	74	40	37	90	48	26	90	85	-1	86	58	79	34	19	67	11	31	50	15	51	26	54	59	18	56	76	53	86	58	14	80	1	22	58	9	42	69	64	45	73	88	92	39	72	19	79	4	68	90	24	52	80	38	42	43	60	54	24	91	80	58	36	55	58	79	75	92	12	57	61	20	83	45	88	97	
29	76	67	98	22	76	58	59	70	23	83	81	96	45	38	25	1	89	40	67	70	64	17	30	20	65	32	69	83	49	51	58	17	95	-1	35	26	11	61	37	17	40	77	82	24	65	34	32	44	50	6	41	36	71	41	55	6	68	43	25	42	21	82	65	68	36	4	22	51	61	35	80	14	12	68	30	81	57	45	24	11	89	42	9	11	39	25	98	84	94	73	11	46	28	8	85	46	82	69	29	
37	75	9	52	20	69	95	12	94	11	53	42	34	52	29	36	67	72	54	29	73	64	76	18	22	18	17	12	89	87	88	43	41	8	42	-1	25	49	95	100	35	98	79	24	87	2	33	35	43	8	49	82	5	92	80	12	68	65	50	15	81	75	79	34	13	82	62	51	74	92	42	57	32	90	65	40	34	14	30	100	70	3	30	18	25	37	72	4	70	3	5	28	5	59	54	80	43	4	24	40	
52	85	91	11	59	25	53	38	69	78	1	31	84	75	58	26	94	85	74	18	59	92	73	2	39	70	72	35	24	51	62	97	18	45	56	46	-1	27	91	80	6	45	51	40	73	74	16	59	86	92	23	49	88	61	49	63	2	76	90	26	14	44	92	56	29	5	95	18	77	9	68	92	88	60	100	42	10	87	74	8	33	6	15	61	15	56	17	99	15	15	38	74	31	12	90	42	66	52	76	22	
62	64	65	90	80	54	33	95	58	96	62	61	56	60	6	70	7	85	4	22	15	33	82	73	76	28	38	32	54	76	66	78	91	77	85	86	61	-1	70	42	91	73	61	19	91	95	60	83	4	71	12	43	54	24	46	35	48	35	15	91	90	30	96	63	31	57	91	60	81	36	61	28	18	10	1	82	84	14	43	78	23	57	56	97	64	23	9	84	53	1	54	29	64	46	42	71	58	24	71	51	
49	93	55	70	32	31	92	9	45	57	28	3	19	43	98	22	41	76	51	33	42	37	84	96	79	77	15	72	66	27	77	45	20	40	83	57	53	34	-1	3	94	94	28	5	47	16	50	5	7	19	67	11	27	34	41	66	65	81	85	61	28	94	4	52	90	5	5	21	92	33	84	90	57	32	10	2	77	38	34	2	95	52	35	66	25	16	83	56	67	27	48	96	46	84	93	36	99	27	35	51	
87	56	53	100	8	9	80	24	73	73	51	8	94	3	6	4	27	6	32	93	98	62	67	11	11	39	39	59	11	64	32	94	2	43	80	42	25	91	98	-1	51	24	78	96	96	77	24	86	80	81	87	32	13	47	72	62	39	18	31	86	38	58	71	50	80	38	40	6	76	12	60	8	34	65	35	34	30	7	78	44	30	80	7	59	10	97	35	73	20	7	96	86	52	36	88	62	81	78	65	16	
89	31	14	77	98	77	1	2	33	76	47	60	27	27	82	29	61	60	70	91	97	31	2	90	99	2	35	27	73	46	96	20	25	76	100	27	46	14	25	33	-1	50	4	94	73	19	3	92	25	77	45	80	65	26	20	17	88	39	7	52	95	7	47	15	38	21	3	9	60	83	50	58	38	84	8	95	73	61	3	49	100	52	19	87	60	68	17	41	38	85	100	23	96	75	64	32	28	33	26	23	
5	24	64	83	60	64	99	46	34	50	95	65	46	6	78	58	26	91	39	6	69	45	84	16	19	10	21	93	48	44	55	1	38	58	81	14	10	5	14	24	21	-1	53	63	16	23	52	82	13	3	38	20	8	13	14	99	51	36	20	27	41	92	27	97	51	27	17	72	66	41	84	88	51	18	83	36	15	27	26	48	16	17	26	35	47	37	12	5	92	39	84	60	52	58	81	85	65	87	100	85	
51	37	64	13	36	24	56	17	100	57	51	91	51	78	10	72	84	47	85	99	55	7	91	87	65	15	91	81	15	59	19	81	80	90	6	13	3	97	31	90	80	19	-1	43	56	82	19	55	96	45	17	66	64	5	6	36	77	90	98	4	8	57	67	60	63	99	92	86	41	25	11	72	20	28	15	80	10	89	56	33	18	60	92	82	16	20	54	20	48	30	53	58	15	63	87	80	15	83	70	43	
40	20	63	20	10	82	90	55	53	69	29	23	26	19	52	15	32	66	56	55	63	93	86	6	52	54	19	46	65	76	94	6	18	94	33	23	12	80	87	27	77	32	94	-1	10	21	48	80	5	83	49	4	24	63	80	46	38	90	64	47	64	18	51	94	26	44	97	89	33	23	25	92	6	7	71	94	21	14	38	66	17	69	67	78	83	30	61	17	58	33	78	38	46	25	46	79	12	81	67	55	
44	50	20	19	28	90	31	27	57	61	76	96	39	83	27	37	33	99	5	19	33	10	65	85	81	15	70	56	31	89	51	34	27	13	31	93	54	70	34	43	93	31	88	67	-1	14	16	20	38	78	7	44	7	84	48	7	32	65	94	91	71	8	53	49	91	56	41	61	38	68	88	90	78	10	34	57	39	15	16	88	81	97	44	15	43	90	99	2	7	65	80	82	70	91	19	76	70	15	45	6	
82	45	11	21	90	31	97	71	80	33	64	18	58	79	37	12	53	88	44	97	25	58	5	77	38	51	34	30	75	29	9	66	21	50	67	65	22	53	53	50	26	85	30	50	13	-1	51	98	69	6	74	94	55	60	95	75	46	63	17	31	22	90	94	65	37	90	38	13	77	33	12	84	42	80	47	53	4	41	46	48	80	70	63	85	90	98	65	76	19	69	76	12	48	54	49	58	15	94	58	36	
24	76	87	81	99	87	50	58	16	60	8	50	75	84	32	18	93	48	67	72	98	83	5	36	52	64	7	75	28	5	45	80	96	51	63	49	69	59	82	7	38	40	52	16	48	90	-1	80	19	76	6	74	73	82	35	71	92	95	96	19	81	4	67	28	53	24	14	31	98	100	76	56	51	70	70	35	66	61	98	64	11	31	20	98	65	66	91	67	94	83	18	82	54	36	28	59	60	60	40	92	
26	73	25	12	70	97	58	20	69	37	25	63	43	98	93	58	47	48	56	40	24	73	50	28	16	14	3	81	64	100	59	85	1	98	92	9	73	49	67	80	69	68	87	50	61	69	78	-1	82	96	55	34	99	54	41	27	32	35	64	77	59	58	28	49	59	5	21	3	64	31	7	47	26	20	78	8	52	4	80	51	4	99	15	68	40	50	76	79	43	21	8	43	16	29	40	47	33	100	52	51	
88	41	36	100	43	92	55	43	22	40	55	72	33	56	88	40	82	42	12	48	84	32	68	90	69	57	49	73	40	58	1	100	46	97	46	79	26	28	55	53	36	66	30	57	52	11	66	96	-1	6	54	39	99	51	36	98	81	21	54	81	34	12	61	74	86	62	21	99	60	40	20	98	3	61	5	58	6	51	21	73	89	11	36	23	19	18	79	20	83	69	25	81	92	28	71	81	44	83	29	73	
70	29	37	36	59	22	10	73	70	58	53	66	7	26	6	86	78	59	51	48	63	32	69	42	93	5	96	93	47	82	63	26	27	4	26	90	57	66	27	92	26	78	84	67	42	67	68	59	66	-1	26	55	72	26	20	14	6	38	34	18	81	39	18	97	65	61	58	44	74	39	66	66	84	66	59	72	97	89	72	60	89	28	48	72	39	80	66	17	63	79	80	67	51	68	12	98	50	29	50	93	
5	79	17	63	60	70	16	19	77	14	76	80	46	96	57	93	33	37	96	93	51	24	83	50	6	82	7	95	16	3	53	55	32	58	8	16	19	37	78	73	57	15	65	87	73	18	60	22	34	77	-1	26	22	28	96	22	88	46	33	4	11	89	43	10	58	69	24	47	51	75	89	76	20	59	97	20	2	2	66	69	8	22	51	95	13	97	45	85	76	39	76	94	98	36	64	74	68	98	97	5	
55	55	28	87	34	29	36	8	40	9	95	78	9	77	80	32	97	78	33	65	22	85	72	58	100	45	32	1	71	93	33	71	13	70	15	90	95	53	7	94	45	90	50	76	31	11	88	25	74	70	49	-1	98	46	85	49	36	94	53	33	26	27	36	55	28	100	82	62	74	61	45	91	57	21	53	59	6	90	1	35	85	100	95	28	27	81	33	39	91	15	6	40	21	6	2	92	84	56	98	1	
71	2	51	5	10	37	91	38	74	45	89	17	80	28	52	32	1	2	94	42	76	60	73	44	68	58	67	45	37	14	42	15	80	1	86	35	17	20	78	91	64	4	16	33	71	41	21	71	43	29	64	97	-1	70	55	70	27	20	78	70	79	5	68	22	45	81	83	26	69	33	26	35	5	37	47	59	20	6	12	2	42	18	95	72	45	6	86	94	19	8	39	21	33	68	9	27	15	92	55	51	
69	6	72	39	58	25	7	88	18	92	80	76	65	30	11	76	98	11	69	23	74	98	92	91	14	95	22	27	69	2	65	69	98	73	5	72	76	31	87	45	3	94	9	69	76	26	65	70	36	34	14	23	94	-1	34	65	52	65	14	85	43	71	14	41	88	51	30	66	8	40	4	7	96	87	67	59	94	67	91	26	44	43	15	91	68	39	1	98	41	35	72	73	11	5	66	56	84	1	28	53	
97	22	99	28	83	50	24	87	12	13	52	1	24	38	85	68	88	87	91	12	60	40	46	54	16	74	38	93	97	84	44	68	9	5	41	93	37	79	33	40	97	48	41	50	65	79	64	3	89	37	99	2	78	68	-1	99	93	92	3	51	81	32	7	78	66	27	66	1	54	61	95	89	98	10	86	4	6	23	92	33	54	65	36	65	77	95	6	88	81	21	36	1	26	27	20	53	68	14	34	56	
39	57	58	41	66	24	96	51	16	82	42	28	4	55	93	71	87	12	84	24	38	1	33	55	82	51	65	49	89	56	87	86	61	20	92	32	11	94	37	42	68	65	24	40	66	83	28	34	66	91	28	12	13	82	13	-1	58	77	41	31	75	69	80	25	50	3	18	64	26	61	27	51	70	34	22	12	54	79	85	52	17	90	34	39	80	49	91	78	25	85	31	2	91	49	34	38	13	98	47	76	
81	9	9	32	43	59	73	76	46	43	49	63	22	45	99	53	11	14	39	50	81	60	55	38	16	59	78	28	46	57	3	62	75	38	43	65	68	2	32	25	79	91	79	11	21	97	20	73	13	44	24	38	57	66	80	99	-1	63	93	92	61	94	32	46	31	12	28	49	18	65	100	16	39	41	77	59	97	99	89	88	45	88	32	53	6	26	45	69	12	99	7	32	11	44	23	73	59	89	87	27	
47	28	99	37	98	82	23	89	13	48	10	30	43	89	34	86	34	100	83	88	14	81	16	43	79	25	43	6	26	22	52	60	59	55	62	11	54	3	77	21	99	95	27	72	52	67	64	31	89	66	79	32	41	25	100	15	84	-1	100	11	6	15	22	54	15	84	18	90	51	62	66	78	52	87	13	16	73	88	56	36	76	28	16	78	29	97	6	63	85	100	82	95	98	47	53	18	73	68	34	33	
31	47	23	98	64	56	13	34	21	6	20	57	29	59	88	67	7	94	84	74	14	17	83	8	36	10	41	31	95	80	22	18	65	69	82	1	19	75	16	16	40	64	12	59	78	10	87	10	26	43	16	96	68	48	62	5	78	96	-1	31	41	29	8	47	17	27	92	10	48	63	68	14	6	18	88	40	75	92	61	32	55	10	93	46	17	69	57	80	22	74	69	66	60	71	91	77	15	59	84	95	
94	90	43	6	96	75	43	39	92	89	12	77	55	51	97	9	26	19	64	76	72	82	92	4	25	62	59	55	70	35	48	86	87	78	60	68	87	31	29	98	99	74	18	86	45	73	8	66	34	36	4	27	10	85	35	65	3	96	22	-1	66	25	61	58	55	72	85	66	81	26	71	50	100	6	28	84	64	38	64	53	33	17	55	71	52	8	66	36	94	54	15	17	33	29	8	24	97	87	54	63	
69	5	77	78	50	59	85	6	55	56	13	95	49	44	55	39	44	79	11	4	59	35	41	96	89	80	48	91	65	35	72	73	59	93	34	56	11	58	27	28	46	1	38	61	46	46	38	9	71	14	3	15	15	29	16	99	74	49	49	42	-1	66	9	49	33	24	37	23	97	4	69	17	85	30	53	61	88	13	15	83	29	36	17	54	84	15	16	26	17	99	25	15	31	5	99	4	6	72	97	58	
17	4	86	2	63	38	2	96	80	30	7	18	2	24	36	80	29	94	69	45	64	20	3	78	80	69	24	41	6	90	10	21	36	49	28	44	32	47	86	97	77	32	3	23	22	54	100	25	4	85	90	56	6	30	91	6	14	43	97	48	31	-1	2	59	54	42	60	12	86	53	36	53	78	90	48	14	58	27	91	76	1	98	75	42	31	96	65	9	63	61	31	25	57	2	73	36	3	58	23	81	
56	38	62	25	89	33	93	13	99	82	70	49	53	39	73	82	18	69	100	22	81	21	64	44	57	23	47	14	11	49	10	75	30	87	21	8	9	88	12	30	38	71	100	45	23	90	51	32	85	55	52	73	25	62	95	86	42	90	67	8	22	79	-1	53	94	64	47	16	17	18	8	1	95	84	62	69	38	52	17	32	71	48	96	76	82	21	87	67	8	29	79	58	14	8	48	70	99	98	27	55	
13	28	85	51	64	59	42	32	12	49	90	33	8	3	57	5	50	98	5	17	97	19	89	11	5	76	96	8	13	56	51	28	99	83	42	42	56	100	56	21	25	52	82	61	81	66	90	11	52	85	29	68	69	54	41	99	63	100	62	37	21	42	63	-1	88	91	91	77	12	47	32	64	77	55	67	69	81	89	65	31	5	44	4	68	73	1	99	71	29	86	20	24	81	70	8	27	38	86	64	20	
54	13	21	50	80	18	32	95	48	89	44	40	40	27	17	77	36	96	99	71	86	14	34	28	26	32	27	59	16	86	74	76	23	55	21	46	17	8	17	43	7	7	100	92	7	44	79	74	56	54	45	21	62	30	83	27	77	11	13	98	2	77	61	49	-1	92	71	35	8	17	35	57	31	94	90	3	85	10	19	45	85	53	36	80	16	88	34	99	4	1	36	35	1	17	23	65	79	32	52	42	
43	80	18	19	49	4	82	51	69	23	21	73	100	41	65	30	41	69	98	18	85	19	66	78	44	25	27	91	13	29	51	80	12	17	54	5	86	53	24	46	13	60	61	82	84	53	57	2	68	84	43	73	96	78	89	37	23	25	77	73	65	99	50	60	63	-1	76	18	46	38	82	83	82	8	45	95	92	1	52	56	84	53	22	100	94	99	48	18	59	21	61	33	16	85	15	56	14	28	50	30	
74	68	59	87	94	96	39	95	55	90	20	39	48	40	74	77	47	60	21	64	10	8	51	40	21	62	5	42	54	63	35	23	85	46	3	61	5	39	82	6	87	20	65	5	82	93	45	63	26	47	18	63	33	6	85	13	55	19	24	7	8	39	70	71	43	6	-1	31	87	17	22	17	19	40	4	20	19	54	59	75	57	29	34	79	15	23	92	27	20	49	50	81	43	88	17	68	96	8	57	79	
16	49	45	28	7	94	84	73	36	84	11	47	67	83	63	71	81	90	26	50	1	37	85	43	6	86	9	80	66	9	75	6	85	1	64	9	81	66	76	3	76	4	37	86	82	47	44	83	16	93	92	66	77	82	58	3	13	78	15	3	56	4	7	32	100	25	86	-1	25	69	34	66	82	87	66	81	19	37	47	59	62	37	40	57	62	48	11	71	77	7	21	55	69	54	18	71	34	24	85	9	
19	75	11	72	4	78	35	70	86	8	42	61	13	23	19	42	98	20	90	64	36	97	21	32	85	96	76	17	12	50	97	11	69	48	42	24	18	52	57	54	1	51	88	1	100	46	39	23	43	19	10	47	12	81	67	8	35	27	100	70	53	64	89	29	63	15	69	44	-1	71	73	97	67	46	35	41	73	38	6	86	60	5	8	99	98	59	57	64	93	77	70	48	54	42	48	41	83	30	48	38	
32	25	70	100	66	49	71	21	3	71	36	29	1	100	100	49	35	54	49	98	84	4	57	70	65	14	14	50	80	42	64	19	22	72	62	92	91	11	84	84	56	100	91	56	14	83	49	85	40	100	7	39	68	55	5	88	2	34	65	90	82	74	58	90	85	93	33	87	37	-1	40	41	82	64	17	23	68	18	18	89	61	38	91	45	70	83	75	69	89	67	54	1	22	35	43	2	54	92	92	28	
8	86	83	90	100	31	69	13	15	54	78	68	34	84	7	6	58	51	83	85	20	98	17	50	87	72	40	80	19	88	64	50	62	4	97	87	20	96	61	36	31	82	7	41	92	44	25	59	21	85	37	1	3	36	24	1	75	13	98	57	52	53	62	35	75	80	77	5	27	37	-1	25	96	62	82	56	8	56	44	8	35	54	81	37	42	17	60	66	5	60	98	89	5	27	35	97	44	86	86	60	
55	38	100	44	58	42	53	85	85	76	89	46	94	41	91	25	11	78	16	91	74	97	54	60	10	75	21	34	99	15	18	25	65	95	66	30	81	14	49	96	61	6	15	16	89	42	83	14	57	98	90	9	48	89	59	63	2	100	33	33	23	34	87	21	72	84	55	52	85	41	40	-1	95	7	28	30	56	34	69	48	26	39	57	68	46	64	58	79	95	56	34	29	41	89	95	95	76	91	79	54	
2	55	69	87	62	3	92	10	94	44	50	63	25	61	35	8	22	50	3	67	24	60	10	6	98	43	34	60	21	82	26	25	95	98	57	70	22	73	13	2	14	20	61	56	79	7	41	35	18	64	12	94	57	43	90	95	33	20	35	55	96	50	36	94	72	22	13	85	34	90	70	23	-1	54	64	94	79	31	70	17	80	2	92	81	86	11	16	39	98	66	48	63	7	82	45	17	26	96	27	61	
83	72	2	45	93	85	3	58	32	33	57	72	77	65	49	62	21	77	68	54	86	76	56	68	94	67	62	77	57	20	74	9	5	77	35	49	36	61	61	39	39	78	16	15	28	23	44	51	96	20	93	93	98	64	95	47	14	15	6	56	23	60	86	45	8	35	27	26	76	95	55	46	39	-1	30	44	84	38	86	47	96	31	44	73	85	15	89	82	81	89	56	63	26	99	47	16	41	69	70	93	
52	8	58	96	32	97	60	48	85	51	15	56	94	62	60	96	23	17	100	91	96	21	73	28	59	62	9	6	18	19	50	98	35	1	78	60	67	61	85	76	20	79	1	67	19	13	88	92	66	19	37	28	74	34	80	74	59	93	63	3	10	9	45	76	51	55	9	16	37	31	56	29	63	69	-1	54	67	68	95	90	43	33	11	31	60	5	42	33	51	62	41	85	36	70	10	70	82	5	42	25	
91	9	62	70	10	13	42	78	4	50	6	63	36	86	47	71	48	99	76	2	93	36	29	38	39	99	11	47	41	71	70	26	13	34	95	94	7	37	19	66	90	55	60	86	8	76	56	68	79	83	19	20	40	82	44	11	71	11	88	37	63	18	19	5	35	78	59	5	85	73	90	38	98	93	30	-1	37	2	59	66	91	37	93	8	38	11	66	13	84	16	72	41	75	63	51	100	74	36	88	32	
87	51	16	83	65	63	50	3	40	78	87	77	67	3	89	67	73	70	53	33	92	59	97	50	37	41	72	34	72	60	64	82	95	25	98	64	48	45	68	25	60	37	12	24	81	80	6	8	56	93	8	68	31	38	81	50	41	2	83	41	95	11	82	31	93	71	51	31	42	68	66	22	65	57	86	81	-1	72	40	66	26	85	69	25	22	86	96	70	34	77	1	50	77	65	54	38	17	23	2	3	
26	60	85	79	11	66	1	57	90	73	43	41	38	36	60	70	67	97	62	91	74	9	66	7	37	23	84	76	34	94	69	14	51	41	44	29	96	83	2	41	28	8	82	45	81	26	81	2	78	31	66	88	34	78	42	16	19	4	22	24	60	29	41	49	18	78	15	15	29	42	10	54	79	20	8	15	76	-1	79	49	12	32	45	59	53	30	27	47	79	53	34	50	54	96	18	92	62	41	91	72	
53	21	40	16	40	58	82	70	99	34	58	66	62	13	86	30	26	61	14	16	55	12	61	83	26	93	97	80	82	3	55	10	11	34	20	92	48	91	53	74	29	18	68	11	43	37	91	54	31	84	60	22	40	100	58	90	81	25	75	5	66	55	35	90	1	46	96	87	20	32	86	94	22	7	52	5	11	60	-1	55	3	8	40	3	55	62	60	57	73	37	50	100	45	68	22	90	62	55	62	20	
60	34	10	56	26	4	38	99	83	22	37	31	81	77	22	19	82	13	74	9	95	36	13	27	90	78	28	1	12	18	34	57	51	64	21	96	96	57	67	1	89	64	66	95	49	42	13	56	12	53	20	95	80	60	46	89	8	50	36	71	16	52	37	43	45	88	68	30	94	7	2	25	15	25	73	82	66	24	12	-1	68	36	6	87	82	13	83	33	53	45	6	12	97	44	66	97	85	1	45	53	
5	68	100	71	11	30	89	95	81	16	21	6	90	86	60	95	31	41	51	45	68	59	29	90	67	31	53	96	72	59	6	50	57	96	91	53	8	13	77	100	7	80	86	36	24	74	8	36	57	72	70	76	81	53	71	43	88	2	23	67	91	4	13	68	51	16	91	18	40	89	71	95	33	1	52	62	47	93	68	37	-1	1	42	51	32	89	72	47	11	28	15	98	62	75	30	33	55	39	63	22	
52	34	60	20	57	22	79	66	32	46	42	93	31	95	84	62	14	24	11	75	6	80	20	52	57	31	48	38	59	64	66	59	96	95	76	9	99	27	83	59	42	81	1	72	19	94	90	15	38	25	70	70	8	92	64	39	7	4	75	96	67	59	80	54	77	35	61	48	35	92	4	77	47	18	63	19	71	10	78	6	39	-1	41	33	44	36	3	52	98	62	50	73	7	1	84	25	47	41	68	53	
87	85	84	62	51	52	31	95	88	27	81	66	15	11	27	93	77	75	10	86	49	52	96	53	39	51	18	45	22	22	57	66	69	39	64	74	88	17	68	45	94	33	32	65	34	60	12	53	14	85	1	97	91	30	75	100	56	50	1	49	47	41	100	64	73	88	79	51	50	54	86	74	16	99	50	11	7	83	99	98	65	90	-1	87	42	78	35	98	12	90	26	31	40	42	34	2	81	9	27	70	
97	80	95	12	17	4	78	73	73	58	64	65	87	7	22	100	8	41	25	14	99	38	82	93	83	72	97	46	35	52	53	32	12	34	23	52	22	37	90	37	78	63	39	93	24	80	12	37	75	32	46	46	49	94	56	65	1	19	74	53	21	10	70	90	93	20	11	79	49	27	23	95	83	11	27	45	29	93	66	46	19	47	27	-1	27	92	88	22	83	82	80	96	82	12	91	45	87	95	95	52	
15	39	50	37	31	70	8	41	82	63	52	86	66	77	99	88	93	42	46	93	39	6	36	84	6	59	99	24	24	3	93	87	16	39	50	27	12	21	40	73	46	97	63	85	30	16	18	33	91	51	26	13	48	86	81	42	32	22	6	13	97	63	71	15	50	10	3	27	3	8	45	7	17	19	28	38	26	93	81	86	5	21	22	2	-1	50	25	61	62	13	77	16	29	21	49	29	55	87	59	49	
3	87	1	9	75	14	90	85	31	32	98	16	22	97	30	56	79	78	23	2	88	5	9	65	88	37	97	88	74	78	2	28	96	73	62	66	69	34	84	37	46	51	81	100	75	100	34	51	33	52	72	14	83	39	81	21	42	44	69	46	65	41	35	80	13	96	83	66	92	45	88	84	72	45	54	23	27	57	67	62	60	83	97	88	68	-1	88	1	53	83	63	27	21	4	5	99	42	68	81	18	
8	73	90	31	93	69	95	19	27	79	14	75	43	88	8	14	64	11	99	22	91	2	41	55	43	87	5	77	16	71	40	81	8	28	49	23	30	29	12	14	99	90	95	49	81	17	54	1	97	4	25	75	36	64	47	67	94	98	17	33	8	43	12	47	62	89	83	83	26	52	93	67	46	2	97	58	28	83	38	100	93	91	93	37	17	65	-1	77	41	37	72	95	8	16	72	61	89	50	44	56	
44	77	69	61	32	90	45	56	49	100	57	99	10	39	100	40	26	32	77	14	49	83	98	25	89	42	46	73	70	100	64	71	81	15	53	97	99	98	100	51	46	81	48	6	96	39	82	38	76	43	71	34	21	26	52	39	72	52	61	90	18	56	10	9	82	33	44	36	11	90	71	98	53	88	4	79	48	9	6	6	30	77	89	3	19	45	30	-1	78	34	44	80	16	21	10	62	21	47	57	86	
75	77	33	78	59	19	67	37	65	53	86	96	64	77	26	9	10	98	96	80	53	62	81	68	40	64	6	52	36	53	16	91	98	100	13	64	31	67	31	34	1	56	84	28	46	84	17	80	70	75	55	69	86	52	27	97	45	58	32	68	22	55	98	42	80	44	26	91	57	5	92	49	14	67	36	29	89	59	76	86	53	60	78	54	2	84	78	39	-1	72	7	65	45	18	21	32	93	89	1	54	
73	15	46	31	72	57	57	23	17	4	63	58	15	87	96	37	44	35	43	57	70	17	48	23	45	8	96	4	66	83	92	94	11	29	85	22	32	69	90	7	58	77	58	19	90	61	16	88	96	97	32	30	1	35	8	48	78	82	35	36	54	40	32	58	93	92	94	75	25	87	27	2	77	68	27	47	41	47	82	100	61	100	92	53	17	3	11	22	77	-1	1	42	18	84	100	66	42	26	76	22	
32	87	99	55	34	46	78	59	30	62	48	85	27	38	2	82	48	2	56	78	51	25	72	94	68	90	92	96	55	4	56	32	67	53	20	90	49	60	15	56	21	22	21	45	2	14	34	66	8	12	87	20	17	28	4	50	5	74	67	24	91	41	17	96	51	64	18	77	69	1	58	65	70	56	81	75	10	98	98	24	53	39	47	13	22	76	84	78	13	73	-1	38	78	24	70	50	31	24	65	27	
87	40	71	99	10	94	74	33	50	49	14	43	13	40	42	77	26	49	14	38	27	43	95	5	44	44	79	20	36	90	65	96	56	49	55	100	96	78	82	72	6	37	10	84	68	87	87	41	58	94	74	30	87	45	52	59	76	25	72	66	47	16	83	36	76	36	61	63	34	36	61	87	44	37	18	81	69	47	76	26	1	5	36	69	29	98	60	49	86	21	76	-1	1	20	8	70	81	40	89	17	
68	52	49	59	22	87	92	57	4	73	5	78	13	75	45	40	71	2	18	66	46	44	38	73	13	84	98	17	55	31	80	34	32	55	30	64	76	91	68	68	22	51	11	69	5	97	92	41	55	64	49	59	83	24	95	25	97	46	52	81	7	30	93	82	78	22	58	96	9	5	8	43	22	47	15	24	63	10	42	16	18	54	4	63	11	85	92	85	86	95	3	58	-1	9	44	64	11	44	49	76	
14	39	71	4	26	22	58	32	25	2	19	1	62	64	20	25	38	43	20	17	92	23	61	83	80	24	9	45	62	99	73	30	48	67	64	100	17	86	51	42	54	67	91	30	60	67	59	89	48	15	48	34	72	93	55	20	15	72	21	68	26	25	45	27	60	64	49	52	67	51	42	24	32	21	54	1	13	82	74	72	24	50	17	59	3	83	94	11	34	67	41	82	17	-1	10	93	43	86	12	56	
68	13	61	91	24	47	89	96	75	44	31	82	15	3	33	67	56	83	26	48	50	78	38	88	49	33	49	21	82	32	91	40	4	16	99	3	53	26	83	70	18	28	47	45	56	94	71	7	41	30	94	24	31	27	84	10	18	28	79	82	20	37	38	86	96	17	26	93	19	31	42	55	23	26	69	5	1	34	61	64	6	12	98	46	12	25	83	52	86	4	8	3	25	12	-1	13	72	32	83	5	
58	66	96	27	23	23	22	77	10	20	74	58	35	99	91	22	15	87	92	75	17	27	54	87	61	37	70	31	40	49	29	77	69	34	54	89	11	73	48	93	58	19	25	75	38	81	41	32	5	10	11	61	5	3	21	40	71	24	63	32	94	65	26	90	42	32	45	5	50	72	59	11	23	65	42	48	91	90	28	89	11	7	44	61	9	25	39	1	65	54	11	18	28	45	99	-1	31	73	94	77	
42	28	6	65	99	24	58	10	4	74	56	34	4	30	65	81	18	20	81	58	71	83	96	1	75	36	74	24	60	3	61	61	57	2	6	24	34	26	65	57	59	89	49	28	26	44	4	19	37	54	78	47	68	46	48	63	83	70	83	97	15	83	70	78	98	50	52	85	32	36	88	43	23	6	95	1	10	8	44	89	77	56	42	98	76	85	75	91	79	12	51	34	37	9	23	48	-1	36	51	43	
47	84	42	22	31	93	53	65	31	18	27	69	97	23	32	8	55	23	8	42	18	58	72	44	38	45	90	54	23	68	74	25	32	86	40	31	91	28	20	10	76	90	12	99	13	15	53	32	13	44	4	80	12	70	53	73	98	60	45	97	27	13	17	93	79	80	43	79	25	37	93	72	89	68	55	50	14	52	12	50	89	47	4	80	80	56	56	97	58	49	38	18	88	16	43	91	47	-1	75	2	
27	6	95	51	98	38	5	60	2	44	22	3	78	88	49	84	8	64	50	8	94	78	18	78	16	1	76	5	12	49	26	54	69	46	60	3	92	11	60	8	71	87	6	9	52	63	74	1	55	74	76	29	91	42	43	52	54	35	54	53	98	53	91	38	62	25	84	84	70	15	98	58	38	91	8	46	57	93	17	54	80	27	13	72	60	81	81	24	62	26	29	33	38	42	74	14	34	58	-1	13	
26	96	16	94	82	81	47	55	55	87	5	51	87	41	39	66	79	25	88	24	39	35	46	78	17	72	58	80	78	10	98	8	53	54	24	94	61	9	44	64	7	27	82	87	56	61	66	31	25	27	68	39	83	1	39	29	39	93	91	29	79	8	69	31	54	72	76	22	58	3	10	46	35	38	25	78	62	64	31	59	11	84	82	71	59	52	16	1	61	67	86	72	72	22	95	26	76	62	60	-1	
