100
-1	71	41	37	45	66	29	66	90	52	52	70	95	26	67	1	13	99	8	48	27	43	43	16	75	10	57	71	40	69	32	89	47	45	63	85	13	48	11	73	85	40	15	67	22	34	16	30	60	48	20	77	22	54	67	10	10	10	83	6	36	83	88	59	35	87	19	22	53	71	32	2	6	50	85	76	12	72	42	76	10	82	30	99	25	27	15	99	94	53	72	17	82	92	50	33	2	82	13	87	
71	-1	76	37	44	64	31	13	11	69	23	30	17	4	4	82	3	94	14	63	50	21	90	95	51	19	5	42	88	49	85	98	18	9	90	29	9	29	7	52	25	33	24	19	91	2	26	1	7	92	54	77	79	33	46	97	60	55	90	54	78	28	65	37	54	48	66	76	20	55	5	76	35	11	74	77	44	16	34	54	100	46	11	91	49	27	89	4	91	34	70	4	45	79	93	2	95	71	79	7	
17	83	-1	30	96	87	20	91	73	74	14	53	21	35	61	74	96	78	87	26	87	62	35	62	72	76	29	82	45	45	64	98	13	20	4	25	72	99	72	19	98	92	47	86	27	94	5	91	49	25	84	70	27	52	12	37	60	74	92	52	99	72	81	14	42	33	100	43	9	13	55	27	72	29	88	2	7	31	22	29	29	70	8	12	51	74	51	28	42	29	30	98	3	40	84	8	10	76	5	8	
22	79	25	-1	7	11	95	97	88	9	93	51	17	48	73	33	45	95	38	41	86	45	8	64	89	46	17	98	88	58	85	36	87	71	3	37	74	28	17	86	30	94	95	78	38	78	11	92	40	43	21	78	24	62	27	65	100	91	68	90	81	21	76	69	21	60	67	56	69	27	71	19	24	29	51	81	1	84	42	65	74	56	67	57	10	44	22	95	80	14	19	63	8	64	17	28	21	42	42	46	
87	6	13	47	-1	7	30	8	17	6	29	7	56	30	73	85	44	35	39	73	60	20	3	35	52	80	77	88	93	76	9	40	43	85	63	83	11	23	26	78	6	8	1	94	20	69	42	81	9	52	23	80	30	85	91	45	67	66	82	22	27	49	67	97	15	7	53	5	68	23	51	69	75	19	53	12	66	55	28	96	93	64	1	87	19	79	53	7	18	25	95	97	51	9	34	89	5	88	60	83	
59	32	92	61	22	-1	80	96	79	22	27	70	67	36	72	36	27	99	81	13	83	85	38	22	11	37	31	5	52	23	88	33	38	87	49	74	94	9	51	38	1	4	98	84	1	18	63	57	74	96	75	4	27	54	81	5	38	9	68	89	90	83	24	75	4	99	47	3	76	41	83	80	28	12	91	35	97	54	82	50	57	52	91	37	1	44	17	76	8	79	8	68	7	2	72	59	34	66	42	98	
47	54	53	53	62	2	-1	31	30	61	30	100	33	53	97	94	36	24	78	98	93	96	42	18	76	3	99	27	47	29	45	85	19	80	92	29	81	54	81	89	53	92	100	10	50	52	49	95	33	52	49	41	14	93	19	71	85	47	100	14	97	3	80	4	75	77	66	66	85	68	42	6	5	58	89	96	7	96	77	71	77	72	89	46	22	73	46	10	81	69	95	45	97	90	35	73	81	11	90	80	
12	87	1	34	24	90	57	-1	65	38	39	4	17	92	6	94	72	30	91	47	92	98	39	82	23	93	69	90	29	37	51	14	76	38	41	90	96	33	54	71	18	38	55	8	91	76	69	3	4	45	19	98	8	76	15	91	40	63	3	84	59	16	95	27	82	67	77	97	21	61	13	97	42	32	63	83	33	47	81	53	18	99	13	31	63	69	99	26	85	78	38	70	84	69	81	52	53	32	55	61	
16	54	64	5	86	3	34	78	-1	21	60	27	21	77	24	5	61	97	43	17	61	30	3	69	60	39	96	39	51	66	60	19	43	94	31	33	36	86	99	54	29	4	55	17	85	69	45	51	25	25	42	63	2	42	33	72	14	62	6	35	18	20	72	97	55	74	92	49	66	69	61	22	92	44	77	36	93	12	45	15	79	39	20	32	95	78	88	71	16	29	50	100	91	76	51	30	97	49	14	4	
10	87	92	90	74	73	21	96	63	-1	3	41	50	31	37	43	16	54	85	20	42	97	97	96	62	68	14	9	8	53	87	20	91	50	17	56	22	73	99	56	10	85	8	8	18	12	20	58	70	64	100	74	9	82	26	53	49	57	9	18	72	98	63	43	64	72	59	45	34	67	33	32	56	49	43	14	68	4	3	86	88	80	51	89	8	80	15	8	25	36	89	47	11	22	93	61	16	65	36	80	
54	25	99	43	43	81	52	91	65	73	-1	4	62	25	60	93	34	63	48	9	61	46	16	43	59	95	71	98	32	36	89	29	76	31	67	58	61	16	14	66	68	51	44	83	30	1	30	98	4	10	69	87	24	40	12	83	42	78	42	78	56	43	40	9	77	23	36	14	68	14	47	9	32	24	57	73	82	37	87	3	23	70	78	42	18	63	77	76	49	94	22	68	79	24	81	73	88	43	58	10	
94	12	18	94	31	58	39	18	19	87	99	-1	100	43	9	26	2	46	39	99	51	95	29	81	13	27	97	50	73	40	16	79	63	78	16	33	29	9	47	8	29	88	100	70	100	13	44	90	6	84	24	69	88	20	18	9	65	35	49	17	52	98	16	68	64	37	97	69	73	75	66	94	30	14	28	71	44	72	76	94	98	57	39	85	30	61	40	19	83	16	28	91	78	80	1	77	46	2	27	38	
47	93	3	86	51	67	88	80	96	92	52	18	-1	64	32	2	41	5	48	97	39	35	29	50	48	45	40	45	78	80	77	42	92	58	93	33	92	61	93	62	75	38	38	3	98	97	58	3	6	6	76	100	89	26	78	62	71	30	21	2	98	47	19	42	14	11	97	10	72	7	20	96	73	21	69	43	49	64	57	56	52	77	30	13	5	40	43	15	10	76	100	43	51	67	86	63	62	93	24	5	
5	71	50	36	94	7	5	67	12	38	99	47	19	-1	53	28	80	74	96	53	50	19	12	76	88	35	35	25	5	94	89	55	38	93	45	33	64	57	25	30	18	47	2	31	58	83	63	45	97	10	91	43	48	55	25	45	4	35	52	85	32	71	3	28	10	86	62	97	54	24	22	53	90	98	10	14	71	91	90	86	4	7	60	98	53	78	93	68	77	22	61	68	44	93	66	82	3	25	98	44	
84	21	39	81	26	65	26	83	65	28	11	85	62	13	-1	16	44	5	83	84	96	74	58	11	13	2	59	63	78	86	70	64	92	65	13	39	15	82	99	51	86	88	46	90	4	77	34	75	88	17	40	60	77	11	17	93	76	36	11	73	10	75	32	49	36	1	4	11	14	66	37	65	52	51	1	50	99	6	57	28	11	59	83	66	51	16	1	36	22	75	87	97	65	99	76	80	49	36	62	98	
2	35	72	51	52	32	21	71	21	22	57	75	11	4	85	-1	80	59	74	60	48	62	44	100	94	91	4	91	62	14	6	94	5	63	23	81	2	66	6	65	27	14	11	95	22	59	61	22	30	64	43	62	72	52	69	62	81	65	56	11	71	27	19	81	24	46	87	95	81	90	18	34	7	54	11	55	14	7	65	38	40	26	4	1	28	25	44	24	98	90	61	29	90	28	75	68	38	22	27	97	
65	65	38	96	2	41	40	5	42	51	19	84	21	2	81	87	-1	77	24	24	8	8	66	17	24	75	70	46	5	88	27	64	26	98	6	43	59	85	40	68	96	64	100	93	78	9	39	55	50	51	41	64	68	99	22	30	26	27	16	1	44	73	26	64	3	35	10	69	27	91	11	42	74	16	6	54	6	65	49	12	40	94	9	22	33	85	13	26	53	18	6	70	79	14	10	9	8	4	47	56	
16	42	36	97	29	75	31	2	29	5	73	30	26	52	74	17	99	-1	99	55	12	10	59	29	90	32	58	99	65	1	43	7	41	69	54	33	47	78	56	85	37	6	72	42	64	99	16	95	69	98	72	60	44	85	39	48	58	68	42	42	46	34	25	50	58	7	32	9	55	52	53	55	23	3	99	88	17	69	48	5	62	65	50	69	26	58	86	71	4	19	26	14	47	74	69	50	9	50	72	37	
1	73	59	6	56	86	5	32	79	30	52	54	48	42	41	17	46	56	-1	99	87	26	21	61	87	47	46	64	61	28	22	61	48	81	80	48	81	100	61	7	61	53	99	74	97	11	35	14	33	40	64	86	27	18	14	24	26	76	58	77	15	49	82	8	2	71	100	100	100	83	66	40	19	91	12	31	39	31	57	21	8	60	19	100	35	42	69	78	26	41	38	78	18	67	64	48	55	31	46	67	
63	65	77	65	83	92	57	81	94	24	56	77	62	6	75	29	100	25	35	-1	16	7	2	2	79	92	82	30	6	56	38	18	44	15	6	12	70	55	74	41	92	88	71	51	18	7	62	8	4	21	91	60	49	21	67	17	69	36	89	53	66	84	46	99	95	43	31	50	62	34	4	30	4	61	82	64	74	88	93	84	30	42	31	60	18	13	92	40	8	59	50	5	31	12	96	31	65	15	30	78	
74	9	95	34	64	91	3	85	26	72	13	81	50	20	39	91	82	22	17	12	-1	63	16	60	61	33	6	13	4	2	76	61	53	97	38	77	22	60	76	76	7	53	27	20	68	53	89	66	77	94	17	94	58	43	7	43	35	94	96	63	31	29	49	10	67	12	32	63	50	21	20	79	30	53	78	56	37	30	28	4	77	98	92	64	29	31	8	27	9	23	74	4	44	75	70	35	48	90	71	81	
57	51	37	18	53	82	80	19	92	82	94	38	24	93	74	77	24	16	76	68	68	-1	59	90	2	27	79	84	18	95	60	60	8	5	25	25	35	14	89	49	51	97	17	89	54	50	4	12	34	30	94	46	91	100	24	58	43	51	18	82	81	77	9	62	70	40	96	24	37	51	78	62	78	31	82	92	37	59	46	56	88	20	72	95	50	65	70	53	93	74	43	32	75	99	14	41	9	95	51	48	
59	77	44	26	75	32	2	63	71	22	24	45	69	90	58	81	98	90	38	12	2	74	-1	15	51	16	35	75	86	47	58	27	63	75	36	40	73	65	82	4	3	41	53	1	51	95	16	42	38	60	73	59	98	69	80	34	61	52	97	83	48	26	1	59	76	88	44	9	100	54	26	93	95	93	94	30	39	61	34	13	46	50	48	55	39	6	44	39	1	99	99	55	3	100	83	96	72	30	89	52	
61	97	87	12	63	41	30	23	67	46	95	6	63	22	52	3	88	9	1	78	84	5	91	-1	62	28	7	86	58	14	5	58	61	11	66	83	46	12	99	45	47	58	48	40	62	91	26	60	77	59	90	45	9	4	46	62	69	90	34	72	72	10	77	44	83	27	45	44	55	57	81	62	26	25	10	25	96	46	44	50	1	67	77	14	90	100	70	69	96	53	81	30	75	80	15	75	90	19	70	23	
38	58	62	7	46	82	24	98	62	18	59	100	27	45	46	73	93	52	53	69	86	74	100	95	-1	6	25	13	51	79	54	58	28	100	88	17	74	76	64	34	91	24	13	50	96	29	63	89	6	95	57	71	61	75	71	59	29	18	84	36	71	6	96	43	83	24	62	60	60	51	76	96	87	51	10	31	88	74	80	47	81	47	18	1	11	24	95	38	74	98	45	12	77	78	6	6	68	62	76	62	
69	21	9	18	59	55	6	13	100	84	88	42	53	74	20	13	57	81	19	69	64	47	9	38	39	-1	32	35	11	82	12	34	31	4	34	87	56	32	51	36	8	26	8	4	47	31	40	25	17	69	53	49	32	49	69	19	72	38	27	68	7	10	8	21	39	39	91	94	14	47	68	16	24	60	81	39	51	11	20	71	83	24	37	16	91	65	7	63	8	86	12	43	20	56	26	68	58	52	20	11	
44	39	69	42	37	4	31	69	20	41	59	46	17	33	24	12	22	6	49	42	37	35	27	70	96	80	-1	51	80	92	56	36	45	19	91	95	19	55	56	80	27	44	89	12	76	85	14	91	94	54	46	88	99	14	36	71	12	62	26	75	8	9	3	48	64	21	6	26	98	50	25	34	12	90	43	40	71	61	49	74	77	61	19	60	26	65	82	97	30	25	25	61	84	46	77	87	33	83	41	49	
76	31	82	61	48	5	10	46	82	44	95	100	73	37	71	36	56	77	65	16	15	79	26	82	48	1	70	-1	74	43	58	72	60	55	32	9	18	20	59	51	71	74	66	44	21	87	20	7	33	36	38	49	33	15	63	37	17	89	75	41	24	46	9	63	60	25	58	84	21	79	31	14	99	22	95	88	11	54	68	18	75	54	32	66	7	11	33	46	87	34	1	51	38	27	15	98	93	14	78	28	
73	97	85	99	53	78	27	27	67	2	52	46	57	82	47	52	55	74	61	97	19	95	41	36	80	93	42	44	-1	42	28	94	25	70	82	1	26	66	42	26	60	16	56	59	85	15	65	99	78	52	72	67	54	82	25	93	96	97	16	1	26	32	21	72	35	2	63	75	34	41	23	56	24	100	99	27	20	62	30	72	21	63	37	87	64	84	23	51	71	1	61	51	84	27	93	79	18	74	3	15	
84	59	76	77	95	59	79	7	19	82	78	14	93	44	26	73	100	8	33	77	68	58	55	38	14	98	82	78	69	-1	93	55	49	88	39	34	17	49	86	37	67	38	2	91	73	10	6	90	93	18	10	76	98	32	21	54	85	100	25	78	3	89	45	37	85	14	74	71	36	98	68	75	91	85	87	95	29	88	22	78	95	26	87	50	6	47	41	42	68	41	29	44	81	50	50	60	16	14	32	82	
91	93	79	59	75	19	77	62	63	50	19	64	48	19	79	38	93	29	88	64	11	26	38	25	40	88	45	97	12	91	-1	88	28	40	20	20	81	3	25	55	7	49	85	14	86	62	47	98	57	46	66	22	91	19	64	83	76	8	15	94	82	62	39	90	23	41	1	14	60	39	3	73	90	33	57	50	76	2	12	26	45	23	49	32	28	78	48	9	61	13	74	20	10	7	4	95	58	12	61	42	
12	59	41	28	83	57	62	60	60	49	35	26	13	48	72	58	1	61	93	63	60	79	50	32	73	29	15	67	33	11	31	-1	43	81	28	79	56	71	31	100	68	92	93	92	64	18	71	33	35	68	52	66	2	94	30	95	65	56	2	59	9	28	56	9	79	4	20	44	100	12	25	42	21	56	48	10	48	94	45	97	19	17	88	54	58	98	22	97	48	38	73	74	66	68	1	29	2	16	96	17	
45	49	49	62	55	94	5	71	28	91	90	35	28	58	51	30	34	49	79	80	28	95	77	82	58	21	61	64	57	9	65	98	-1	82	31	6	34	35	80	71	41	89	65	22	21	32	69	7	22	74	5	22	39	14	95	64	96	76	1	88	22	44	8	81	39	8	56	100	7	13	81	72	9	98	51	26	29	59	54	6	10	99	68	37	40	38	39	65	80	52	34	98	47	54	96	22	16	30	63	35	
28	65	94	79	47	88	33	80	9	66	75	10	26	33	18	10	49	19	18	60	82	95	55	71	19	4	17	39	52	29	5	11	87	-1	57	38	80	51	74	67	2	6	60	26	34	21	11	45	59	71	5	53	13	42	21	49	55	57	97	80	3	29	25	45	64	2	16	1	79	100	38	94	70	75	46	63	5	4	74	19	34	14	34	59	100	15	49	38	62	14	66	20	68	77	77	91	26	34	88	63	
64	60	72	93	62	71	80	64	1	99	70	20	85	53	63	80	17	11	8	97	4	82	30	33	5	49	22	31	97	11	81	29	67	17	-1	77	24	25	85	13	79	17	86	86	74	94	70	79	20	72	60	37	39	57	53	34	75	94	84	35	62	73	33	57	38	8	12	93	27	66	47	50	75	25	29	18	19	40	15	56	48	25	42	77	26	65	23	14	3	39	8	33	59	87	100	69	19	20	37	31	
19	95	87	22	89	53	79	39	2	71	73	58	23	17	63	48	65	37	59	61	28	52	31	39	78	97	83	95	30	49	3	16	59	55	74	-1	50	80	5	10	57	52	63	68	78	70	70	10	73	36	79	99	92	27	1	19	18	52	68	23	71	94	96	44	7	56	50	43	14	40	37	44	91	4	96	59	60	71	89	26	16	72	65	13	14	71	30	54	73	56	93	100	89	56	38	10	9	25	20	72	
13	85	89	94	98	42	46	44	43	40	31	72	55	76	65	77	92	56	35	76	18	46	62	26	64	94	73	42	30	62	5	3	43	96	46	55	-1	45	94	53	17	56	85	30	64	31	100	53	5	81	78	97	43	38	23	69	85	36	47	43	96	21	75	73	17	54	12	78	81	5	33	93	19	82	72	40	2	3	9	63	12	58	58	6	97	27	30	5	64	70	79	10	83	6	49	28	98	51	69	70	
6	26	42	6	18	66	67	28	41	28	74	65	49	94	79	8	36	85	91	58	21	22	18	16	37	50	47	39	98	69	100	55	23	27	18	96	90	-1	39	93	9	91	45	83	94	37	51	85	25	10	87	75	15	14	35	21	52	40	93	10	4	8	61	60	83	40	36	32	4	14	94	71	53	42	28	32	82	68	10	49	67	56	82	93	66	40	46	40	26	29	14	92	92	54	74	5	20	21	58	36	
64	3	11	16	39	11	93	98	29	38	13	38	20	61	94	69	62	66	14	81	26	96	66	23	100	98	46	48	13	50	33	62	45	10	29	68	31	98	-1	65	33	67	43	60	48	26	39	82	39	23	94	24	90	23	85	77	47	26	41	1	100	89	26	80	15	84	21	77	68	9	54	76	35	24	18	74	36	4	48	86	16	33	30	83	98	39	23	81	82	32	51	60	97	62	42	88	50	80	60	42	
78	33	89	29	82	64	32	100	53	57	41	83	27	8	15	24	38	78	95	89	30	48	99	31	72	95	6	57	63	64	89	33	29	83	61	37	93	15	93	-1	10	79	39	18	93	73	96	29	3	64	22	6	47	67	36	95	13	19	28	46	58	30	70	2	53	6	83	83	88	36	5	13	63	22	81	35	7	69	14	20	31	31	40	10	48	79	87	17	63	29	53	10	3	72	29	68	59	27	9	23	
40	20	26	36	47	19	3	68	90	75	72	40	13	52	16	15	87	100	29	46	60	15	14	1	45	21	100	23	66	3	85	96	96	68	71	45	3	33	69	76	-1	18	95	51	8	76	37	46	19	5	77	50	2	9	91	99	9	80	51	17	7	83	74	84	44	62	81	94	61	31	25	59	8	37	78	96	85	5	89	47	36	9	31	10	37	74	96	80	4	7	20	3	28	38	73	96	25	55	69	89	
72	54	14	5	68	2	51	49	31	43	4	81	3	56	29	97	42	38	99	13	83	3	59	86	33	86	31	91	84	98	90	42	6	21	48	20	40	43	86	88	42	-1	55	79	94	41	37	51	31	46	77	94	34	93	83	81	26	4	72	4	55	21	88	79	75	91	3	71	30	100	29	100	19	54	33	33	80	23	21	53	68	45	60	7	96	4	36	4	12	59	63	45	58	84	60	81	6	91	29	56	
80	7	35	88	84	2	56	82	49	80	80	4	60	39	11	90	1	98	94	34	34	87	20	1	18	80	27	87	89	41	19	34	95	10	46	22	22	28	28	39	60	90	-1	29	51	91	100	77	89	98	52	60	47	81	47	94	44	69	67	8	1	75	14	48	33	85	41	21	86	37	6	15	7	88	91	93	86	14	32	31	14	88	26	78	66	9	33	90	47	58	55	96	68	48	18	52	78	72	20	25	
45	100	85	98	54	91	33	99	78	75	46	69	1	86	32	69	27	3	43	8	73	53	73	91	15	88	97	89	16	30	55	29	38	81	45	24	8	40	93	84	74	91	87	-1	78	80	87	70	93	42	17	78	67	82	98	41	64	10	79	98	40	95	81	37	14	86	83	41	91	94	91	62	27	67	11	39	34	45	73	59	81	4	1	42	84	26	57	26	99	37	33	7	80	56	96	80	68	16	6	94	
91	63	80	90	45	27	13	86	6	19	39	72	42	48	5	11	58	58	42	22	18	21	30	10	3	98	27	14	50	4	51	65	73	28	95	39	98	72	43	20	54	15	28	69	-1	24	54	15	24	18	17	13	35	46	1	14	64	29	85	9	60	97	70	80	80	9	96	36	66	17	25	12	28	25	44	2	94	14	82	42	67	15	80	14	62	26	58	29	29	39	77	28	89	16	79	26	71	62	3	87	
43	42	95	95	75	92	46	68	79	44	69	1	86	90	42	69	55	96	86	20	69	1	91	83	95	92	74	53	76	52	45	16	62	23	29	38	93	54	54	18	75	15	63	6	2	-1	42	67	86	46	76	59	93	83	38	10	90	20	80	76	58	61	93	51	72	35	77	23	12	82	32	62	92	56	7	58	68	39	28	43	22	94	23	61	21	40	34	75	13	30	13	83	99	40	15	72	49	93	3	82	
25	46	70	29	78	44	35	24	31	21	96	55	15	4	5	51	81	48	67	57	33	43	94	73	38	19	46	56	65	25	35	56	17	60	71	36	49	52	92	12	71	11	81	50	19	9	-1	25	36	75	15	94	88	12	63	5	2	1	14	3	48	78	99	49	44	92	34	27	65	91	75	77	83	64	42	12	100	72	86	32	71	9	53	10	60	27	80	27	100	46	75	57	19	2	75	98	83	86	50	23	
23	5	99	63	7	18	50	76	42	92	74	13	81	18	77	57	30	6	72	90	49	63	57	41	33	63	65	70	27	71	89	99	78	80	94	98	39	74	39	14	39	13	92	29	76	5	73	-1	39	13	26	5	62	4	42	15	43	19	3	64	32	39	48	7	86	95	78	85	1	36	34	17	25	47	21	47	47	8	72	95	49	21	77	25	14	66	70	10	74	100	13	25	20	59	15	59	9	97	53	12	
68	76	71	63	2	22	47	100	80	7	18	36	71	27	1	37	99	82	3	38	71	92	100	53	52	8	73	38	43	40	67	75	68	74	90	91	93	45	39	67	8	83	75	56	48	30	53	96	-1	37	40	93	99	25	8	22	69	78	49	23	9	29	5	2	54	45	94	25	87	69	24	93	80	90	87	75	18	77	26	72	48	59	77	92	60	89	86	82	52	58	94	59	34	59	99	21	20	14	45	78	
36	59	29	57	27	23	20	82	60	13	40	12	87	33	39	84	31	3	97	100	33	97	28	79	17	84	30	35	62	100	46	15	30	82	62	59	79	46	56	92	48	73	55	44	94	40	21	53	50	-1	66	34	48	91	66	50	46	32	81	26	6	56	35	93	70	96	83	14	75	65	36	18	65	59	24	19	84	41	64	56	79	30	66	91	42	67	19	36	51	85	13	20	77	30	22	31	41	63	97	73	
65	29	16	71	29	69	63	72	67	16	96	94	46	54	84	19	51	81	9	11	92	90	73	64	72	100	9	10	58	68	81	24	73	39	11	93	45	89	74	19	79	59	37	26	99	40	24	98	89	77	-1	2	38	24	93	72	40	35	33	49	65	52	9	50	46	87	47	88	39	3	73	32	23	83	65	26	24	16	42	45	5	57	82	2	29	7	47	51	62	54	19	70	37	15	63	14	76	48	24	56	
9	60	3	6	9	96	83	12	37	10	18	100	11	4	82	20	8	97	71	1	37	1	64	71	16	11	37	66	16	78	64	99	48	41	72	83	100	12	81	51	92	58	62	64	12	88	75	77	8	50	91	-1	79	97	32	97	29	33	32	45	28	28	82	77	4	15	32	36	48	8	44	47	34	93	2	39	38	69	26	18	65	8	22	1	25	7	84	65	59	1	70	1	12	4	13	28	68	74	23	59	
68	77	88	53	2	93	16	48	10	69	11	51	51	33	97	30	6	90	75	70	50	74	81	58	53	94	74	36	62	42	33	72	76	48	21	62	62	51	75	95	95	64	86	37	43	18	31	46	47	67	6	30	-1	2	55	57	72	44	80	80	7	99	6	13	45	24	84	33	19	99	75	18	18	66	95	10	58	23	7	40	53	63	48	30	86	50	53	55	66	1	70	1	95	63	38	17	48	87	81	70	
92	36	14	83	26	14	37	25	12	44	28	77	90	59	43	45	66	38	94	25	38	99	98	52	82	13	50	60	90	33	96	18	1	42	66	9	35	96	54	22	88	40	82	56	67	98	92	33	50	87	77	56	82	-1	2	98	97	94	81	35	90	15	55	44	87	86	52	38	96	93	87	79	5	26	11	52	26	62	33	21	56	2	57	50	37	35	99	61	83	83	44	64	23	70	1	5	63	38	83	47	
48	19	20	31	30	54	5	94	36	60	76	60	64	9	47	6	14	33	2	76	8	87	14	50	39	41	42	20	20	71	19	91	33	3	54	30	1	51	69	49	96	45	94	28	16	12	98	44	73	52	14	58	83	96	-1	14	20	50	14	11	23	73	51	23	13	83	3	70	88	38	51	63	64	88	4	12	42	24	67	58	48	65	68	64	15	1	52	5	46	68	46	60	45	62	63	96	98	62	80	8	
82	41	72	88	31	55	67	13	13	16	22	82	75	69	92	67	55	72	85	58	76	5	65	100	43	35	78	81	44	39	2	31	79	62	23	16	91	41	92	70	45	64	41	66	28	67	45	32	11	53	43	50	71	2	98	-1	67	3	92	90	27	61	72	100	92	44	33	60	94	59	53	12	14	38	28	75	47	91	38	43	27	42	88	32	33	38	1	15	86	40	17	9	57	37	26	16	2	67	39	30	
79	31	1	95	66	89	16	98	69	56	94	46	39	40	98	71	62	25	75	50	9	63	74	1	36	70	30	88	62	38	74	67	30	43	24	45	37	53	80	64	83	28	79	10	48	90	89	35	37	29	1	76	7	74	75	48	-1	35	38	42	61	99	37	19	53	84	16	62	69	96	15	28	22	82	90	69	66	27	35	14	89	99	89	13	37	45	8	84	90	67	29	24	51	62	74	71	29	85	45	19	
45	71	54	12	31	29	71	40	11	36	83	46	45	28	57	17	9	78	90	45	17	84	9	30	73	91	87	72	19	48	3	31	87	77	78	69	13	33	74	100	18	94	3	36	7	75	62	84	43	87	74	87	39	13	24	54	49	-1	17	8	52	34	65	8	71	12	23	55	49	70	74	51	21	20	78	94	83	26	73	11	81	57	72	79	16	22	23	98	51	1	60	99	18	72	69	59	5	71	40	50	
53	91	39	98	75	96	88	76	41	80	54	56	10	5	28	13	94	80	85	97	76	22	1	82	94	83	64	61	98	58	17	54	98	88	88	20	3	57	79	74	41	95	93	98	6	12	72	85	91	50	84	67	83	76	8	8	87	40	-1	97	68	55	95	65	19	15	57	26	4	71	82	67	99	62	84	42	8	65	73	79	94	33	23	8	31	91	63	41	54	55	31	21	79	2	15	57	30	51	14	29	
78	85	24	25	95	70	83	58	74	87	86	81	68	90	41	20	62	20	50	82	95	69	68	63	2	40	82	53	94	4	94	12	19	43	3	81	66	12	43	73	28	68	85	68	32	84	66	24	3	86	79	10	31	81	14	60	26	66	32	-1	68	15	17	54	100	10	15	11	22	77	16	38	22	47	72	40	18	4	18	15	97	46	73	24	19	26	63	18	52	14	7	37	14	93	85	2	25	83	31	39	
25	23	90	62	54	50	91	25	3	31	76	56	27	95	30	30	1	37	99	17	90	10	90	40	57	89	18	2	26	15	25	53	57	25	31	28	88	6	89	17	52	54	94	45	69	99	71	45	34	51	89	1	95	70	77	51	18	58	43	2	-1	79	57	60	19	11	98	77	68	49	89	91	95	49	75	20	58	92	49	41	88	55	49	50	78	66	27	59	20	12	17	32	1	9	77	32	6	35	90	21	
33	9	57	87	77	69	93	22	54	3	49	56	49	94	37	48	78	8	93	28	95	77	77	77	25	72	15	69	54	36	37	3	65	71	78	2	13	12	33	80	82	47	84	25	82	99	22	28	15	64	22	8	2	41	46	82	12	39	96	99	6	-1	42	76	44	86	88	26	61	96	36	49	90	78	16	13	58	84	50	65	91	95	23	16	19	28	89	56	4	23	51	83	82	76	78	34	82	45	79	95	
50	50	54	55	32	94	69	40	33	51	42	64	79	68	8	86	85	68	33	72	9	73	23	57	10	42	52	3	71	70	44	85	91	3	41	31	35	74	43	50	89	83	67	70	54	10	88	25	58	19	4	17	54	64	12	5	39	61	67	36	45	49	-1	53	42	71	22	55	12	41	41	81	38	33	19	6	67	26	19	39	67	26	49	27	11	72	82	82	27	61	85	16	44	58	18	16	56	41	40	52	
98	43	12	67	8	7	64	63	31	89	5	72	90	5	62	17	99	13	32	36	3	32	6	51	3	41	68	53	99	19	66	73	85	18	19	95	81	82	62	1	71	50	6	80	90	48	61	47	92	79	78	86	22	5	87	75	50	78	76	57	49	24	70	-1	54	62	20	82	27	84	26	93	73	19	65	8	22	65	69	92	12	58	48	96	85	87	66	58	88	15	100	74	60	64	68	32	86	12	91	41	
35	57	79	41	54	69	74	84	39	65	17	1	33	30	86	22	93	10	68	21	47	25	53	78	69	83	35	34	18	47	86	55	36	88	73	22	45	79	65	93	38	18	41	69	54	67	40	39	9	84	32	45	96	33	68	91	32	87	5	58	21	7	40	38	-1	14	6	44	27	37	100	10	53	40	90	20	16	42	89	69	88	42	76	4	5	38	57	57	39	39	34	90	94	60	97	43	88	64	86	24	
13	79	13	93	26	69	99	65	29	89	13	55	61	72	34	70	79	34	4	12	96	83	99	34	96	54	45	94	90	22	81	13	12	11	56	50	1	92	73	90	70	44	50	21	38	54	51	9	45	35	15	78	59	3	27	49	92	84	73	13	83	30	89	75	88	-1	28	36	65	82	13	82	34	65	83	4	11	15	84	30	37	89	50	88	45	76	9	80	12	12	82	71	32	93	70	20	74	40	51	46	
38	97	50	76	8	79	34	75	81	79	67	87	65	29	11	85	22	19	17	65	61	23	43	50	99	98	66	62	71	42	23	48	17	58	88	82	22	48	51	60	39	68	79	14	7	21	73	98	65	7	52	98	73	60	48	23	14	96	83	46	28	68	81	93	35	96	-1	90	9	79	7	81	46	41	72	71	84	6	27	16	73	79	17	82	40	89	64	4	56	89	37	92	16	7	27	48	97	70	96	58	
72	55	66	58	22	91	4	36	12	70	73	82	60	18	46	10	66	11	75	44	51	88	25	38	28	30	3	9	37	84	98	68	67	18	35	75	62	10	59	37	27	11	93	60	99	20	71	85	92	45	40	87	100	88	54	9	15	91	12	4	52	55	94	73	34	8	95	-1	51	77	32	23	51	100	2	21	5	24	3	99	26	83	94	9	82	26	15	98	96	55	81	5	96	38	45	60	61	26	94	62	
90	68	10	98	90	15	81	98	26	65	37	13	62	78	93	32	29	9	47	23	68	39	87	75	73	92	61	27	31	6	10	24	62	65	13	77	73	68	89	95	90	82	69	24	28	97	44	31	55	29	74	43	64	32	99	83	49	69	94	80	23	83	89	69	84	95	19	68	-1	64	100	62	62	55	25	66	57	1	36	46	63	12	59	38	31	69	48	72	54	57	53	86	92	83	7	100	24	39	42	98	
35	64	94	41	9	33	12	10	28	97	40	99	59	9	98	61	74	71	46	90	59	60	88	92	16	96	12	5	18	29	91	60	26	85	46	56	89	65	50	32	69	39	92	35	14	42	42	81	50	65	27	73	65	72	83	84	31	93	6	38	51	46	80	71	12	6	1	13	90	-1	79	12	76	36	92	61	82	95	2	15	21	53	23	70	5	11	37	37	50	68	40	43	93	59	79	52	42	82	56	42	
10	36	62	61	6	32	95	86	4	7	70	2	48	68	22	67	2	38	52	15	90	42	45	89	100	14	68	36	33	44	63	65	13	19	91	25	98	86	93	23	29	58	14	51	16	63	82	22	80	94	73	40	92	90	25	88	85	23	44	94	88	94	34	83	89	70	1	92	12	10	-1	5	72	85	24	97	100	24	58	94	84	87	27	79	64	56	68	4	26	78	67	32	81	99	16	13	47	65	22	49	
47	57	4	60	10	97	17	3	55	92	65	91	44	36	53	42	3	31	52	45	37	2	58	11	14	74	41	89	89	7	47	19	33	23	88	57	60	91	88	77	79	48	75	80	6	5	95	56	98	83	37	53	68	81	16	54	4	69	27	22	53	10	49	82	22	15	65	5	86	56	91	-1	83	97	44	73	42	87	7	78	71	52	25	73	39	72	75	29	57	91	24	80	79	60	66	4	71	51	26	29	
20	37	17	80	44	63	40	91	65	14	51	94	63	65	22	94	24	52	36	52	35	43	59	29	37	78	3	59	37	15	90	90	57	100	28	48	77	27	85	17	12	59	48	43	33	62	52	57	100	52	88	15	100	89	78	53	75	81	45	95	92	71	61	49	81	11	79	22	86	33	37	27	-1	52	71	37	25	36	98	77	34	34	28	51	48	86	88	70	22	86	27	52	32	74	69	9	21	95	83	53	
72	65	16	9	12	60	45	60	75	53	57	71	89	66	53	77	16	50	24	65	54	66	83	45	58	73	91	52	80	44	7	37	96	69	44	26	53	88	21	56	35	24	48	64	1	45	70	18	90	7	46	48	58	86	61	14	65	41	12	57	16	79	51	49	67	8	45	30	86	62	52	96	15	-1	76	10	27	39	63	71	91	12	62	93	88	26	22	86	12	81	51	69	3	39	61	96	40	93	15	76	
11	95	12	97	18	60	62	11	20	91	11	93	46	56	46	37	32	38	63	57	96	37	66	25	60	15	90	1	58	18	81	51	75	88	78	32	93	53	25	48	78	29	30	51	33	36	77	43	75	94	1	54	48	66	12	72	39	24	37	2	51	58	91	53	12	56	73	9	21	48	98	39	95	81	-1	96	1	62	66	99	2	67	13	3	38	53	8	98	67	36	40	87	15	99	60	80	19	25	13	85	
25	70	31	9	75	70	26	28	52	51	98	49	70	67	68	42	8	64	3	94	56	31	17	91	65	82	49	81	19	34	57	73	55	40	31	69	65	91	66	82	15	74	58	51	96	86	51	66	12	96	26	96	85	16	1	14	59	44	13	81	16	74	9	73	20	63	76	18	19	95	19	27	18	13	68	-1	20	23	86	74	97	79	96	27	88	58	67	18	59	10	29	12	57	35	63	5	63	15	72	30	
21	4	96	90	35	2	43	58	65	23	42	69	66	8	78	20	76	74	13	53	3	80	82	10	13	95	68	4	57	52	93	29	30	52	63	75	53	46	72	58	13	64	10	87	75	51	57	26	27	29	56	41	30	7	41	6	4	44	37	19	11	83	91	76	56	56	8	49	38	14	7	37	89	7	98	34	-1	69	33	9	1	99	79	89	4	63	11	83	38	50	22	2	15	58	77	27	12	36	67	100	
14	81	11	58	66	1	43	62	100	31	24	46	72	69	9	85	52	70	50	13	44	25	70	44	74	1	41	95	17	93	69	49	88	55	87	96	19	88	21	39	98	86	11	44	33	44	30	30	46	56	66	37	65	22	51	89	36	53	99	53	71	44	71	17	8	67	41	25	6	6	55	51	23	1	51	79	18	-1	16	82	94	34	69	11	25	48	36	26	18	23	2	84	59	90	29	12	50	66	70	10	
18	76	76	19	31	61	49	86	91	28	7	70	63	52	28	11	48	43	41	49	23	82	71	75	39	61	79	88	42	41	88	48	41	77	2	49	100	82	9	31	20	35	91	21	39	51	62	44	73	100	41	70	49	40	97	92	48	42	83	64	99	63	16	82	63	97	19	75	56	75	71	82	7	15	68	95	37	77	-1	7	93	38	8	97	1	18	82	19	39	6	59	84	27	15	50	31	24	20	59	12	
55	85	52	28	80	86	11	63	45	24	88	38	59	6	91	93	12	40	44	22	61	68	41	87	61	97	7	76	91	77	57	65	77	49	41	82	76	30	72	24	18	50	65	71	13	77	45	36	73	69	49	26	49	88	87	83	11	33	90	72	82	32	85	77	87	30	26	45	66	8	83	22	90	42	8	63	11	51	66	-1	27	80	11	75	62	72	17	35	25	84	63	43	46	5	83	76	44	63	91	42	
64	59	54	98	85	65	48	4	14	18	56	89	85	87	21	16	98	9	7	23	84	48	71	61	35	81	60	34	51	9	43	14	100	74	2	5	3	44	96	95	95	40	56	51	27	48	67	21	15	52	7	61	97	99	97	98	79	77	25	62	6	23	48	14	81	7	51	34	49	18	30	71	83	3	11	92	56	42	37	26	-1	97	5	31	58	16	62	57	52	61	1	4	38	8	35	17	74	13	3	32	
47	62	44	10	13	33	39	49	24	65	78	94	55	3	49	96	65	20	56	51	16	38	42	27	4	82	64	6	42	11	13	43	13	64	36	44	53	38	23	31	91	74	91	60	80	66	11	46	33	82	62	99	65	41	35	17	45	39	95	91	17	25	37	47	32	3	76	89	10	34	11	47	44	58	45	98	64	25	60	30	49	-1	29	54	30	61	6	88	66	9	52	7	28	57	52	52	72	12	88	100	
19	26	92	3	55	68	18	100	89	88	29	46	90	39	78	38	58	86	15	25	98	20	48	4	57	68	91	76	46	29	47	79	24	55	64	80	9	56	9	77	31	20	66	63	4	97	72	78	48	42	50	15	69	65	49	90	66	79	19	80	29	62	3	5	38	78	40	97	3	29	48	23	1	48	31	83	46	19	44	32	45	19	-1	7	69	99	9	28	26	92	69	83	5	45	93	33	70	50	95	13	
54	51	18	70	15	95	80	60	88	94	7	18	90	44	21	51	44	8	81	87	3	85	8	40	9	86	8	72	27	97	54	58	100	79	90	40	59	58	7	31	8	86	64	73	68	20	82	26	43	84	78	50	41	50	14	21	91	8	28	13	54	62	95	84	90	70	44	10	21	48	46	93	82	96	29	81	76	67	44	11	78	80	75	-1	64	53	36	28	31	63	67	44	39	30	44	41	10	60	7	53	
23	29	7	61	5	95	95	15	71	20	92	13	95	73	42	43	70	46	41	78	14	50	84	86	59	20	29	37	62	58	76	25	47	37	57	8	33	42	87	98	63	67	86	39	9	33	23	25	63	60	83	76	89	19	13	84	37	58	12	47	40	77	92	72	7	31	8	59	13	63	76	98	1	46	55	31	22	5	4	66	96	24	24	22	-1	81	51	40	7	60	3	41	55	18	20	35	73	19	23	78	
5	62	79	30	30	15	80	86	48	45	81	99	50	81	97	78	67	93	68	47	91	8	8	12	64	77	100	53	14	87	19	41	96	32	84	49	19	100	21	19	40	63	66	54	29	17	35	40	52	30	8	88	44	19	56	37	64	71	12	26	13	9	89	48	94	50	57	33	58	70	81	70	69	36	75	15	59	33	55	86	69	7	18	9	10	-1	50	91	76	97	32	60	98	31	72	28	35	52	52	47	
82	73	29	69	43	24	95	68	60	31	40	63	12	30	13	91	96	68	56	17	73	28	60	92	46	24	54	29	86	42	48	88	92	64	11	52	23	45	80	82	32	6	15	70	58	67	12	62	92	3	11	35	52	5	34	37	80	92	23	43	69	23	51	55	96	33	97	31	40	24	72	35	7	84	21	5	16	31	39	15	45	67	11	40	90	32	-1	70	34	73	66	72	18	64	40	56	36	20	82	70	
60	11	5	27	90	24	65	11	66	26	96	39	43	98	16	49	53	5	28	93	31	70	83	85	62	71	26	57	96	93	57	95	97	68	55	73	16	93	21	32	8	76	16	95	17	65	78	5	60	74	38	71	93	73	15	33	16	2	95	94	14	76	32	67	22	56	59	76	99	85	60	85	16	6	4	100	85	89	12	14	39	82	23	7	91	24	38	-1	17	75	53	87	44	10	59	88	100	78	37	21	
83	2	72	57	98	68	68	91	53	43	43	87	73	66	99	65	82	77	25	32	57	100	36	60	95	17	4	8	66	68	57	69	76	98	91	61	86	6	99	95	27	64	69	3	1	7	47	64	51	48	46	45	63	13	80	89	6	82	66	82	66	27	75	79	79	5	44	88	58	66	81	18	1	31	40	100	39	60	57	42	75	43	58	28	10	96	23	73	-1	78	93	100	64	20	16	66	46	94	53	32	
26	45	78	19	85	32	72	28	86	54	16	80	41	89	82	92	70	20	29	27	61	18	19	96	83	39	89	56	60	54	86	23	30	68	100	26	72	80	28	5	4	39	96	50	54	2	30	18	95	46	82	30	57	43	38	41	99	28	98	20	87	10	87	86	94	42	88	69	43	48	18	76	72	6	47	14	29	98	94	67	99	95	57	58	16	41	41	55	48	-1	10	21	78	19	79	88	15	48	68	52	
59	14	77	71	39	4	94	45	68	66	100	62	3	77	100	50	13	16	75	97	22	97	38	64	2	34	24	65	44	89	10	38	62	52	86	61	100	57	100	95	28	85	40	98	58	67	84	83	85	19	49	20	94	52	87	62	80	95	79	7	67	21	83	17	89	82	32	42	89	19	43	27	86	25	56	79	60	3	92	42	9	6	76	1	87	23	54	80	48	17	-1	52	9	14	15	96	54	99	80	78	
10	8	53	100	4	54	47	93	92	37	94	95	74	37	49	72	77	49	87	95	72	58	37	28	51	80	81	16	44	38	74	65	7	88	21	6	79	24	99	6	38	18	16	90	20	37	100	96	62	97	28	57	60	10	11	95	21	24	97	99	7	97	80	5	23	25	89	18	2	72	77	21	91	93	48	93	83	93	3	49	50	41	61	77	92	20	51	84	84	40	44	-1	59	96	84	97	17	53	82	30	
87	20	23	69	38	77	55	8	47	27	69	85	70	45	62	44	14	75	89	48	100	19	83	74	34	53	23	83	62	42	89	80	50	37	15	46	66	28	97	14	85	76	81	27	8	93	73	99	57	45	95	88	54	83	45	6	52	21	18	44	75	77	73	82	7	54	37	34	21	22	5	23	30	87	25	65	51	92	80	55	77	2	3	37	67	75	82	34	98	97	58	41	-1	65	26	58	18	77	2	94	
11	90	49	69	27	99	7	81	87	26	46	29	76	43	7	26	52	63	7	82	16	84	15	13	89	79	65	40	2	73	69	40	10	74	13	11	90	27	13	10	65	37	37	26	29	11	11	22	41	45	71	65	17	41	62	36	90	42	51	7	51	94	76	77	47	40	56	17	7	79	43	54	94	62	27	13	84	28	34	5	64	17	68	83	5	94	26	96	94	49	83	84	57	-1	69	2	88	61	1	4	
38	84	6	63	74	87	82	24	61	47	66	17	98	36	32	45	89	48	58	20	7	78	41	42	25	76	13	55	8	9	76	60	25	23	53	69	47	12	92	10	77	63	55	35	76	58	42	95	33	54	6	19	71	34	94	82	19	35	35	40	87	72	90	5	64	33	20	47	59	21	54	83	31	44	44	20	97	18	78	84	64	98	33	59	70	42	27	41	19	35	31	52	88	8	-1	11	62	70	26	98	
51	20	22	8	50	58	74	80	100	100	88	45	62	99	61	60	73	34	2	33	31	43	9	24	51	59	5	10	3	55	81	4	93	17	6	67	28	62	36	61	100	41	64	51	89	16	23	31	20	42	65	79	74	13	26	27	25	96	65	4	77	3	84	41	43	53	87	87	16	43	56	79	71	20	25	14	67	65	40	13	88	89	40	6	76	7	97	75	23	43	78	48	74	90	21	-1	42	7	50	63	
27	54	33	56	83	26	61	5	97	46	20	32	98	57	21	83	61	17	79	97	97	88	28	22	3	68	96	49	27	80	43	19	55	30	1	1	45	40	96	54	94	86	31	22	4	8	97	74	1	87	8	5	8	61	95	91	72	7	98	96	7	87	48	63	17	41	73	55	28	81	77	49	50	25	37	43	100	77	25	45	22	60	9	6	53	4	68	2	100	86	38	57	82	47	33	18	-1	90	30	82	
85	52	13	5	46	8	13	50	23	89	66	65	47	91	15	28	52	95	84	56	90	38	9	25	2	13	40	14	61	69	85	24	65	63	29	26	24	25	77	74	98	53	69	21	86	89	13	76	67	91	86	13	45	43	60	68	29	84	42	87	61	84	71	60	33	27	48	73	85	28	58	53	40	40	41	17	52	31	93	65	11	57	96	12	9	15	68	69	79	66	26	100	32	71	67	48	2	-1	36	86	
59	11	22	7	91	88	19	2	57	90	78	3	71	11	60	25	42	43	25	40	38	96	92	87	49	46	11	25	18	52	75	20	10	43	14	84	60	88	50	65	62	63	93	3	70	69	97	49	5	63	22	60	77	92	17	22	79	61	56	14	25	34	83	21	8	37	89	97	96	18	16	37	66	57	85	2	34	83	19	69	55	37	93	25	56	46	18	49	16	88	33	45	92	2	57	53	11	4	-1	39	
99	3	63	57	19	90	42	65	15	39	93	3	16	90	84	31	74	10	48	35	54	70	22	75	42	45	78	21	13	29	78	27	53	49	42	39	9	67	7	90	39	90	77	16	14	64	82	40	95	74	48	91	81	99	48	25	38	71	55	82	56	85	41	26	68	34	81	84	65	11	64	88	12	89	10	47	15	40	89	95	16	50	7	38	32	45	70	64	12	90	65	81	98	87	98	83	94	59	70	-1	
