100
-1	63	86	59	86	32	65	45	85	79	33	1	36	56	86	100	67	29	27	48	20	6	61	67	85	75	17	8	95	11	7	51	30	76	63	43	98	68	91	3	50	53	89	93	54	33	66	47	62	95	91	43	53	70	72	42	20	83	10	76	88	53	29	2	33	49	29	91	23	78	64	43	96	30	85	56	24	29	68	71	46	50	10	47	52	76	2	48	32	66	72	60	79	66	56	68	11	7	42	73	
17	-1	81	17	93	33	81	30	19	16	57	7	75	65	5	43	40	91	91	79	88	43	100	66	18	42	27	89	15	73	49	98	51	7	90	77	97	51	87	47	76	39	52	99	11	88	44	91	7	83	3	96	15	83	100	72	16	20	35	87	18	15	12	3	27	23	4	33	15	31	31	33	88	1	79	85	47	71	29	36	26	44	93	4	95	13	23	43	77	56	79	38	1	84	76	47	96	67	48	100	
87	73	-1	10	99	15	49	22	99	99	89	22	41	46	89	97	52	77	40	100	46	28	31	6	26	40	18	28	29	22	40	37	58	73	28	56	1	82	33	88	76	99	3	99	71	80	76	10	46	61	94	36	25	27	65	89	32	91	3	28	90	33	82	80	43	46	70	12	7	79	7	46	5	95	30	9	12	2	27	17	92	96	89	42	36	97	77	55	59	26	48	46	53	57	68	5	60	92	89	58	
94	63	92	-1	51	8	51	68	3	23	93	39	93	22	8	63	39	48	62	61	89	76	34	13	19	50	86	48	67	36	85	98	20	53	23	48	20	32	47	73	46	44	94	8	3	94	79	2	50	72	74	7	3	45	85	46	2	25	12	32	11	95	43	29	59	84	14	71	88	21	75	19	74	24	80	33	7	98	3	14	12	33	90	48	28	92	64	14	13	35	27	77	4	90	4	66	14	100	19	24	
20	16	16	1	-1	30	58	90	20	84	82	90	29	97	97	60	84	57	69	39	71	52	47	87	35	75	100	82	49	95	59	60	45	67	80	60	30	31	18	98	7	71	88	31	93	56	47	37	19	69	55	63	91	56	6	48	98	71	1	15	65	22	32	88	72	74	41	49	75	100	24	11	39	31	26	69	76	42	72	5	57	73	26	66	67	69	34	31	29	1	61	50	27	52	64	19	10	41	24	5	
88	6	37	97	28	-1	16	95	26	96	86	10	13	77	28	18	66	47	78	70	22	57	97	13	19	99	20	81	100	7	27	44	6	8	53	32	92	58	4	56	77	94	25	8	75	56	91	95	90	26	76	23	74	86	46	49	34	65	68	18	17	42	13	81	34	97	20	94	100	80	29	32	10	97	34	26	9	46	70	86	53	62	94	87	40	52	29	23	27	28	73	60	13	1	38	8	99	33	27	54	
21	84	79	43	93	19	-1	2	33	57	63	68	11	17	25	9	29	35	95	13	17	42	46	93	98	37	2	67	28	52	81	71	52	87	96	39	34	14	94	85	12	1	98	9	84	93	40	100	65	74	59	27	74	39	93	24	36	31	38	52	1	93	61	52	8	98	77	81	11	41	39	50	23	83	9	11	51	41	55	92	51	75	91	22	34	94	66	2	90	40	1	72	56	42	45	13	55	18	59	100	
80	58	30	69	38	81	58	-1	43	83	69	65	45	28	17	8	7	30	67	49	2	21	40	86	95	43	99	57	3	68	11	9	85	5	65	91	23	6	38	42	8	81	1	92	30	44	12	62	45	57	30	10	44	36	40	63	14	77	44	76	45	68	6	1	11	41	79	34	36	91	94	97	88	40	45	38	91	89	39	45	62	36	44	4	85	51	46	66	13	67	77	99	72	53	29	41	15	12	94	26	
100	95	89	27	99	48	89	96	-1	45	37	76	81	3	53	75	40	25	27	99	68	63	51	78	46	88	69	10	6	88	30	92	84	17	72	63	71	74	57	5	10	52	3	34	33	6	86	49	83	35	71	72	77	97	92	75	53	4	4	39	80	15	8	35	80	34	49	20	43	9	48	13	44	76	16	85	67	67	11	100	42	96	35	68	41	70	18	81	12	40	56	10	42	99	81	1	74	65	66	64	
89	83	60	50	81	92	46	74	17	-1	37	94	14	24	63	48	22	7	27	86	54	98	58	39	10	50	42	17	16	10	35	44	31	58	9	29	66	27	12	47	3	55	25	33	93	48	29	17	4	61	72	43	39	44	87	8	98	58	61	9	90	83	43	78	89	69	14	20	95	4	57	79	81	59	99	20	87	21	97	62	17	57	96	33	61	98	74	32	28	27	70	79	14	14	25	45	7	16	23	24	
87	21	91	17	44	4	14	73	95	4	-1	76	80	25	20	19	65	58	64	65	22	87	21	73	14	95	40	99	27	83	21	47	93	40	10	13	9	65	5	86	42	65	45	18	13	28	46	15	70	56	98	16	70	95	4	61	55	55	82	14	58	83	17	91	76	68	86	67	55	42	15	88	2	61	44	10	48	57	30	81	44	58	11	56	76	4	79	19	12	1	87	1	82	69	100	47	84	69	87	39	
96	81	86	48	58	63	89	16	82	79	73	-1	44	80	19	65	57	89	98	88	55	84	17	50	26	49	7	42	2	53	18	99	83	15	12	42	53	41	31	51	46	93	51	16	46	93	9	74	62	100	93	69	100	36	75	86	97	93	91	47	96	16	47	99	31	12	69	78	80	11	77	91	42	100	38	29	59	31	79	75	91	14	5	3	10	58	59	68	99	58	15	90	31	100	27	51	56	63	51	24	
28	24	61	89	24	71	100	57	12	2	65	24	-1	2	10	50	38	98	69	38	84	88	98	74	49	92	61	56	66	38	53	21	46	26	97	23	77	53	83	97	11	57	75	15	60	60	80	5	57	68	50	26	10	59	15	92	74	98	15	5	50	96	50	9	81	86	73	55	7	64	91	86	45	1	81	29	48	76	64	84	86	15	43	56	73	21	84	60	13	51	7	99	89	90	60	10	1	83	60	98	
86	30	64	25	41	12	81	55	1	60	43	33	11	-1	56	19	77	59	81	30	36	24	79	12	8	92	21	41	84	17	13	59	38	72	35	76	4	24	48	26	89	21	68	44	26	97	67	74	83	34	28	52	75	30	35	63	89	19	33	92	59	7	65	65	48	43	66	21	45	86	54	100	11	60	97	7	41	72	47	5	87	87	22	30	65	58	63	54	78	18	74	90	59	53	15	34	81	32	56	99	
2	23	37	11	82	28	15	81	84	4	20	63	18	26	-1	62	20	63	37	94	47	27	56	98	57	8	40	66	87	40	22	8	88	93	98	59	32	80	20	65	61	97	64	67	32	19	79	88	59	83	3	88	58	73	87	72	28	31	92	79	3	40	19	99	82	40	17	72	30	63	11	100	19	87	57	92	57	81	93	17	26	46	60	59	1	98	85	66	80	82	33	2	90	19	45	16	48	94	14	21	
97	73	6	75	7	57	95	58	77	14	5	5	14	36	11	-1	13	18	68	43	25	39	50	90	42	53	24	82	16	67	3	66	6	26	100	57	91	22	45	90	50	24	41	99	47	89	70	2	78	13	65	73	68	72	88	29	31	87	51	56	35	98	83	16	18	64	18	3	52	4	22	58	11	94	2	51	80	69	62	11	43	16	87	10	19	91	14	84	26	52	83	19	12	9	50	14	6	91	49	70	
73	3	88	19	10	12	49	21	48	78	26	87	83	21	13	72	-1	48	57	82	24	3	36	50	9	96	84	84	10	77	48	64	72	38	85	79	28	2	61	22	88	70	86	8	50	68	84	38	65	29	69	38	92	1	56	95	48	6	16	29	90	92	70	46	6	12	25	27	10	72	22	41	54	70	11	90	55	55	83	8	82	6	43	36	66	13	19	47	46	7	8	33	12	74	53	1	60	95	75	97	
29	24	2	38	69	49	44	79	28	94	32	14	67	72	4	23	56	-1	22	34	48	33	66	45	4	68	32	89	80	38	62	100	55	81	21	69	33	42	79	58	86	63	25	70	32	87	22	22	10	48	5	32	55	58	64	17	86	24	38	63	47	32	30	43	62	70	16	55	58	97	75	36	21	25	11	62	54	60	58	48	47	60	94	41	12	56	48	35	20	79	47	90	86	53	22	93	82	31	56	85	
30	13	58	6	59	82	9	70	20	56	25	39	77	16	44	49	8	17	-1	80	44	48	100	12	47	93	66	3	12	44	41	6	14	43	56	55	73	72	38	95	53	50	68	41	1	12	10	3	45	45	83	89	10	76	96	4	69	84	23	45	14	6	76	93	54	46	12	71	56	100	68	4	24	53	40	30	17	60	69	8	4	48	15	49	36	74	7	56	88	88	28	59	87	62	52	34	86	36	86	13	
83	47	49	64	33	79	68	60	48	97	92	55	34	54	29	40	42	48	81	-1	23	32	15	5	65	29	34	85	69	77	55	34	34	94	85	29	93	87	65	71	33	64	99	16	95	4	45	93	49	56	68	65	82	22	58	29	57	86	84	94	93	27	97	3	58	42	82	24	28	86	95	87	68	88	70	45	37	45	59	94	5	55	36	44	4	9	62	33	32	49	99	4	30	33	5	91	16	90	7	54	
72	63	38	70	83	9	19	86	49	81	11	74	44	23	19	75	51	1	17	33	-1	37	51	99	76	58	82	70	80	81	46	26	43	42	9	76	65	7	5	12	21	54	65	1	27	73	90	85	79	36	7	97	33	50	71	8	3	78	58	98	75	64	63	40	82	89	76	7	36	43	91	90	28	100	79	76	66	8	66	66	55	37	26	92	89	95	1	41	20	21	6	48	68	86	4	14	36	47	49	46	
30	31	99	22	92	92	98	2	91	10	38	26	98	86	54	8	8	1	42	88	98	-1	65	32	88	35	42	81	78	37	44	99	20	85	25	70	74	1	94	59	90	57	7	35	29	75	38	48	32	24	40	40	33	72	22	39	74	71	1	79	62	53	65	34	11	91	79	23	48	79	57	64	68	38	38	36	71	91	74	27	32	15	87	90	22	87	89	56	74	62	3	65	28	56	18	87	78	21	93	54	
43	54	94	36	48	92	84	61	12	86	30	3	27	86	62	25	72	87	22	41	8	10	-1	31	15	6	89	2	48	65	7	40	8	22	53	36	32	55	32	28	10	16	4	1	84	55	25	27	95	99	56	100	13	76	36	9	50	19	97	42	44	96	60	63	36	51	45	12	2	99	58	67	92	39	25	39	7	95	39	75	59	15	10	27	52	95	51	35	5	95	28	49	88	47	54	52	38	93	34	2	
56	69	21	33	98	10	64	53	3	15	25	53	21	33	36	33	35	63	85	78	56	58	34	-1	64	94	74	71	64	90	8	24	45	70	73	63	1	60	15	43	43	97	95	64	71	30	63	27	99	65	61	84	53	60	31	67	47	1	17	24	69	81	92	27	5	42	100	6	55	91	80	16	100	44	32	90	85	13	51	11	36	39	86	86	10	83	4	54	49	9	96	5	43	10	37	18	72	2	52	31	
49	14	59	8	37	24	72	55	24	42	3	52	10	51	48	77	9	7	65	21	82	83	15	94	-1	34	22	35	50	87	74	51	2	80	29	42	50	25	49	44	37	24	2	97	82	45	23	45	33	19	20	100	98	11	78	27	94	64	72	78	7	21	76	99	71	55	85	11	40	29	56	56	95	28	52	71	40	54	70	51	84	12	25	62	86	96	83	66	91	32	60	22	77	99	90	82	42	15	37	56	
12	1	12	5	76	21	100	67	32	9	37	60	41	71	2	3	88	16	8	18	91	8	98	55	20	-1	40	24	31	38	47	21	60	39	16	77	93	13	26	63	88	100	5	63	47	7	85	75	75	78	12	63	45	55	37	11	66	96	82	44	62	4	77	86	39	29	11	76	50	26	76	4	38	93	95	48	68	35	49	81	59	98	80	52	33	63	38	34	41	36	57	52	42	40	37	54	9	26	41	24	
78	22	10	63	53	90	22	21	95	33	68	67	37	62	71	5	44	46	35	11	34	41	54	39	49	26	-1	68	100	18	46	22	33	35	27	9	92	37	49	19	5	84	60	85	25	59	84	97	84	24	94	66	3	27	83	53	26	14	33	86	1	14	36	96	12	24	19	25	56	22	20	46	52	39	98	53	28	67	16	27	40	36	9	69	77	6	2	89	96	49	19	78	19	41	53	25	28	97	99	21	
62	76	32	50	6	12	45	95	23	43	84	53	26	24	52	92	13	53	41	23	25	46	26	41	57	79	53	-1	61	45	58	51	30	31	63	13	3	12	39	54	81	2	98	42	22	49	47	67	92	40	50	82	38	17	18	51	11	99	4	96	17	87	22	15	95	93	15	95	70	69	36	33	12	74	39	56	43	17	47	21	28	93	76	7	79	41	19	10	62	6	92	14	61	7	59	83	33	58	97	78	
3	10	71	74	74	86	12	20	11	95	51	32	42	20	79	69	42	24	26	71	49	49	20	70	20	52	16	98	-1	99	82	35	1	45	25	24	89	19	66	56	71	15	45	96	70	7	49	3	24	18	54	95	57	94	45	26	2	74	67	58	25	94	27	58	73	1	4	96	9	42	54	79	12	67	25	40	60	41	17	60	99	20	52	99	77	66	24	52	16	1	19	31	84	54	7	27	2	94	59	97	
87	80	35	53	53	70	19	52	14	72	7	58	24	19	61	24	92	100	24	36	89	62	8	32	43	58	42	100	72	-1	41	68	25	95	9	36	82	36	48	38	20	64	64	80	73	29	43	89	8	52	13	96	48	96	48	94	37	30	90	98	3	99	50	1	54	57	12	66	38	42	86	90	80	57	23	43	13	51	78	73	1	21	56	73	58	23	69	66	43	84	48	89	59	2	16	94	82	53	81	76	
89	55	92	79	85	67	64	12	18	94	34	40	41	93	94	26	36	20	61	39	56	6	29	71	91	7	96	37	16	78	-1	82	30	72	27	97	34	33	48	73	15	60	34	75	50	43	70	26	75	49	76	85	25	37	44	76	42	21	4	33	88	79	18	84	100	85	49	90	14	42	13	47	61	44	82	94	24	6	17	29	17	65	15	93	97	59	2	3	84	36	26	64	30	81	43	2	43	61	15	82	
71	42	22	85	33	72	20	38	41	12	78	87	95	80	65	92	22	77	36	34	88	56	36	16	76	77	77	57	54	1	19	-1	14	22	15	94	67	27	81	98	13	77	92	89	23	61	62	58	15	28	30	89	30	87	33	72	74	65	71	30	8	9	67	94	10	42	24	63	7	88	40	37	48	37	58	70	33	79	39	93	49	40	8	59	31	64	83	72	9	65	51	33	25	97	57	76	21	35	80	87	
31	31	80	60	61	19	38	60	27	62	75	75	75	8	10	24	80	75	58	46	90	72	85	69	48	49	65	4	92	1	45	39	-1	3	88	36	97	100	85	76	52	78	29	98	12	32	47	24	89	61	92	38	72	37	79	61	39	62	41	53	20	86	33	94	83	28	36	6	42	29	23	32	26	45	81	100	12	13	30	18	10	68	28	40	30	97	37	11	35	55	30	80	34	60	54	87	34	85	94	53	
65	7	16	83	82	50	92	77	23	70	95	40	94	66	10	74	42	75	27	52	33	26	14	6	31	29	81	32	94	96	94	72	32	-1	50	40	83	4	97	20	18	60	78	5	90	2	98	74	89	26	62	24	82	92	44	72	55	59	30	25	85	49	86	80	61	83	31	71	73	99	59	65	49	44	6	53	16	51	74	5	62	76	47	32	82	98	56	93	83	74	90	26	18	76	89	73	79	96	14	42	
10	93	20	6	92	32	41	25	14	7	18	62	67	18	1	83	17	85	15	11	14	99	98	84	88	35	17	72	86	17	86	48	64	64	-1	35	99	69	13	100	72	64	58	59	17	18	80	61	70	97	74	13	5	36	63	62	96	29	42	49	22	42	60	92	81	21	9	1	44	34	86	54	67	94	46	33	87	53	68	82	80	84	73	17	32	69	31	81	21	94	60	10	46	36	11	67	58	51	80	21	
21	41	82	64	52	49	30	83	99	14	49	46	97	88	78	67	94	65	65	48	76	19	15	96	76	26	59	4	94	72	48	8	23	8	68	-1	86	58	51	57	58	61	40	30	22	97	35	36	80	5	76	5	10	75	21	9	46	92	65	27	86	97	83	6	81	86	54	17	59	13	46	28	85	90	35	20	40	21	100	80	12	89	86	25	40	60	66	71	36	51	77	13	22	36	67	63	97	20	95	69	
87	74	56	95	29	49	38	35	52	69	7	34	90	17	80	99	33	35	36	81	20	88	83	79	76	9	90	17	92	19	79	4	27	56	87	65	-1	29	10	51	23	69	35	59	2	87	1	4	8	10	30	94	70	23	15	65	26	67	43	31	16	37	54	22	2	95	39	93	32	30	61	77	67	92	77	14	80	46	1	72	68	15	7	87	28	48	25	45	94	11	91	54	34	49	74	72	46	30	32	48	
74	56	31	48	29	77	46	75	11	84	22	98	63	15	17	77	57	32	85	69	55	10	35	35	25	47	69	5	25	61	33	3	24	30	63	100	95	-1	7	87	62	33	61	78	28	17	3	13	75	50	58	11	91	21	57	86	38	35	96	46	69	95	12	77	94	66	57	42	30	30	54	42	76	96	44	64	73	21	94	2	73	55	16	28	90	3	39	17	3	22	31	86	72	84	90	49	5	8	12	66	
36	65	47	50	35	41	70	17	40	36	61	24	15	67	66	39	45	18	62	58	91	7	97	51	26	20	99	7	36	74	12	46	15	2	42	36	4	92	-1	22	55	75	95	3	47	57	40	13	60	6	22	90	7	40	21	9	12	72	70	64	62	3	75	12	67	96	79	14	62	99	96	89	5	85	31	73	32	75	12	1	51	16	35	16	52	75	58	28	53	16	71	69	59	2	8	77	31	73	70	100	
15	53	19	62	40	42	51	50	34	21	72	81	17	19	85	20	44	1	56	86	71	32	95	21	32	49	93	47	13	39	21	92	43	76	11	14	43	54	94	-1	3	6	35	68	78	73	59	31	37	95	40	12	54	37	58	86	17	84	72	34	65	69	23	77	37	55	66	45	20	78	57	3	92	95	5	96	23	48	76	10	32	13	94	74	13	35	100	88	12	4	16	55	83	100	80	21	43	90	33	13	
97	17	23	27	32	5	32	71	25	81	14	54	20	67	49	78	82	98	92	49	51	82	75	31	99	49	1	11	43	80	71	58	37	13	20	82	100	40	2	67	-1	64	20	78	71	46	19	39	75	26	97	72	88	6	1	90	95	42	72	76	33	89	54	54	14	3	97	85	56	91	65	81	6	59	97	6	1	9	96	83	11	45	84	7	62	36	73	22	95	91	5	28	16	28	99	76	95	36	42	16	
36	30	71	51	97	6	85	3	87	34	15	44	76	14	59	97	59	90	3	41	71	23	61	9	88	61	99	76	74	15	34	14	52	96	10	46	72	75	67	74	47	-1	69	94	40	19	17	63	6	43	11	58	9	43	65	63	71	17	83	34	10	75	93	39	12	98	58	99	12	78	7	7	53	63	17	72	66	40	79	16	34	77	31	34	93	86	11	80	2	70	11	9	82	74	97	33	72	39	44	13	
79	21	21	14	10	24	10	22	34	26	64	48	77	63	40	87	80	34	65	59	86	21	84	27	48	34	64	34	92	79	5	88	26	87	38	7	75	54	34	43	8	51	-1	75	5	99	35	84	38	44	65	73	92	3	12	3	85	8	73	2	44	67	89	17	60	13	53	93	82	18	44	30	95	96	73	93	6	60	38	99	99	68	84	52	47	5	88	56	38	50	93	58	39	56	79	46	54	83	47	88	
16	1	28	37	98	26	73	5	83	20	12	14	76	52	11	61	41	72	97	90	6	74	83	24	37	89	27	13	25	30	52	71	96	58	36	9	37	74	83	36	49	8	5	-1	49	7	48	89	33	33	84	90	74	5	28	86	66	44	89	46	1	26	93	38	95	86	48	73	98	91	29	22	22	91	14	32	43	23	20	80	43	60	54	25	71	8	13	32	17	99	16	56	80	100	96	23	20	63	35	79	
9	65	65	64	70	77	27	14	32	49	84	30	37	36	92	56	98	54	7	35	92	63	58	76	46	19	80	16	81	49	79	61	38	25	3	31	96	52	40	7	6	39	68	76	-1	3	59	44	12	62	39	43	65	77	99	7	100	16	19	31	45	87	11	8	1	8	69	84	72	89	39	39	71	78	75	20	70	38	97	48	25	100	92	66	76	64	23	15	54	70	29	18	26	53	90	78	13	96	21	90	
83	81	6	46	66	55	1	1	87	10	36	50	26	100	100	35	76	54	55	70	67	71	40	29	22	36	80	81	50	37	31	27	48	7	66	48	91	31	88	21	89	30	2	89	89	-1	41	11	61	95	55	100	24	7	44	72	65	59	100	44	41	100	24	49	78	75	80	10	96	16	58	36	6	54	15	2	36	84	63	38	38	12	82	37	97	78	40	70	44	39	80	62	15	87	8	46	42	51	84	6	
76	11	49	5	62	83	88	89	33	56	96	84	41	94	55	90	6	52	28	77	64	91	24	59	53	74	62	95	5	89	46	3	3	85	36	20	51	64	50	90	47	17	89	53	89	98	-1	40	64	33	72	39	29	7	95	50	2	12	58	18	59	62	53	98	92	61	82	78	28	75	100	40	13	50	19	89	38	60	28	7	38	59	19	26	91	71	82	83	71	77	8	63	30	29	59	49	77	30	17	24	
45	92	21	3	10	42	77	94	61	73	79	64	5	1	41	33	90	35	74	26	23	66	25	78	65	34	79	79	38	90	8	45	75	5	37	95	46	59	17	96	45	32	33	32	3	69	90	-1	95	46	94	9	16	29	97	20	98	42	21	100	43	36	89	73	6	55	65	81	7	60	33	97	44	31	57	52	34	46	45	22	36	76	26	12	4	1	17	36	52	8	86	35	70	42	3	5	26	81	78	73	
12	41	64	78	10	29	84	93	39	29	4	28	41	23	26	63	12	100	9	84	55	100	5	44	31	5	44	96	86	43	59	85	81	20	48	92	89	42	62	28	19	57	58	5	82	59	66	25	-1	100	29	87	49	52	52	2	79	35	19	89	9	18	63	76	73	67	5	18	74	69	66	57	49	53	45	46	17	23	84	74	20	73	36	98	19	38	91	86	40	66	58	76	46	49	20	77	84	25	84	32	
30	64	62	86	68	98	89	46	64	50	95	54	82	43	14	18	14	6	41	79	18	83	70	50	41	28	91	94	83	20	90	88	66	3	81	13	16	13	62	29	86	10	79	62	72	25	1	27	30	-1	36	19	86	87	19	17	48	35	30	78	39	86	24	66	12	27	17	40	51	14	71	78	3	54	5	89	70	34	80	16	33	26	31	4	96	9	77	73	76	68	52	15	77	65	48	68	30	61	52	13	
94	66	80	72	72	50	96	3	67	32	39	84	44	36	52	36	79	33	73	90	72	88	49	62	50	12	44	97	32	84	16	74	56	64	55	13	40	16	30	95	51	81	75	11	4	30	86	20	53	26	-1	29	62	39	42	34	38	87	2	9	28	44	83	6	54	96	20	56	55	76	73	83	37	11	55	36	80	17	77	74	15	21	78	71	31	12	16	75	95	97	100	7	21	21	83	46	82	21	29	48	
93	14	72	21	24	12	8	9	55	23	20	51	49	30	27	67	85	93	64	67	77	70	22	14	40	50	8	43	13	93	45	3	3	55	3	98	80	36	85	22	9	27	5	6	75	82	70	94	18	81	79	-1	26	57	48	72	44	2	21	58	38	63	15	70	68	38	99	60	94	93	85	50	45	61	31	78	23	72	92	19	36	40	76	89	61	34	53	6	56	95	53	29	54	13	79	29	28	29	47	73	
46	43	2	50	19	72	5	24	5	52	88	42	48	70	42	89	4	4	59	67	76	53	30	25	76	34	89	97	11	84	25	40	13	75	86	23	31	84	83	31	81	83	18	59	62	9	43	49	78	59	85	85	-1	76	26	4	85	80	62	65	8	20	92	67	61	16	61	15	23	34	51	67	23	38	66	10	9	52	95	75	71	96	16	34	6	34	5	91	50	29	25	43	8	95	84	32	14	95	95	16	
95	95	68	87	27	53	28	40	53	27	23	66	64	30	22	92	3	35	58	40	68	79	84	43	34	53	4	83	1	49	43	33	99	20	80	45	73	61	90	4	3	10	86	44	4	39	86	26	96	5	34	65	19	-1	11	22	65	10	18	41	46	40	35	24	58	50	53	6	68	27	87	34	6	27	59	30	34	70	7	75	20	92	76	28	79	54	29	88	25	12	53	94	80	41	100	23	99	86	83	78	
88	26	46	75	75	9	42	78	94	80	47	21	6	57	24	41	62	63	92	88	55	36	63	39	9	25	49	51	44	25	2	5	65	10	11	82	81	20	100	30	49	52	23	84	32	33	60	23	91	68	53	96	36	61	-1	27	68	57	43	78	48	1	76	45	10	26	55	46	25	13	22	85	99	24	43	26	17	63	93	72	68	44	98	19	76	98	92	30	82	80	57	70	14	58	67	89	25	33	72	6	
99	44	57	48	72	37	45	37	35	41	89	25	16	31	17	59	18	55	17	31	92	66	57	69	14	51	46	13	26	10	78	100	28	92	26	90	85	78	54	96	83	63	28	55	81	91	93	61	48	97	44	99	23	35	8	-1	45	71	33	80	42	6	15	25	99	97	27	45	14	19	66	1	61	63	73	72	69	93	31	61	40	46	6	1	42	10	7	46	83	69	38	23	8	96	5	69	28	53	100	85	
97	29	20	56	55	45	64	67	88	91	93	62	1	22	37	35	39	97	66	71	70	25	52	81	46	76	100	66	38	4	78	39	58	19	58	89	88	21	42	14	67	60	48	41	39	18	33	47	15	12	65	58	75	78	37	15	-1	100	35	25	79	2	54	43	52	90	69	63	77	93	13	1	65	39	63	32	7	39	65	52	25	97	56	50	17	29	100	79	37	60	76	30	74	52	100	26	50	93	72	19	
27	61	7	11	59	43	72	49	47	12	60	65	9	58	12	6	26	86	88	40	14	15	44	68	49	75	1	43	21	74	63	38	25	9	47	62	26	60	8	66	12	59	26	60	95	73	4	46	2	86	1	34	32	68	65	60	9	-1	52	46	22	67	14	59	36	85	8	7	57	8	10	65	54	89	35	47	77	59	95	37	49	29	2	95	88	97	56	73	52	30	86	50	7	10	68	19	25	97	23	57	
84	6	52	90	42	39	25	3	32	4	16	26	94	98	90	51	14	2	98	52	98	19	70	21	26	96	65	79	49	15	73	24	43	72	91	64	99	58	69	35	61	47	67	31	59	67	33	80	71	91	80	24	9	93	55	67	23	19	-1	76	23	52	68	71	69	53	10	34	21	53	10	26	14	16	64	25	57	55	62	72	22	37	95	30	27	33	1	50	53	22	28	42	80	11	51	85	43	48	48	98	
36	36	63	85	1	98	11	33	55	89	52	2	41	99	36	89	12	17	61	86	42	31	94	50	53	100	66	6	26	75	61	38	97	77	88	57	91	85	3	48	85	71	69	12	2	1	48	65	36	7	97	89	55	7	71	57	26	28	79	-1	18	62	67	82	55	37	70	94	11	68	10	38	65	19	40	17	14	92	64	92	9	38	46	3	36	10	20	69	95	96	100	99	63	56	70	95	85	67	9	25	
38	48	54	66	53	10	68	71	11	32	58	12	46	2	10	6	65	21	28	49	3	34	54	34	3	3	13	72	7	39	52	61	55	76	43	28	55	85	27	8	59	64	4	4	75	20	7	73	40	60	97	27	30	92	96	64	26	68	40	37	-1	73	90	93	54	1	55	59	48	88	21	21	45	79	98	6	19	5	33	82	73	44	97	49	3	95	67	29	36	13	33	80	65	12	31	86	55	42	17	24	
37	76	64	87	59	11	70	81	63	80	92	37	10	86	94	50	64	59	34	20	35	99	20	75	21	56	50	89	90	31	58	84	93	86	17	23	9	86	42	95	90	23	58	45	59	2	79	18	88	25	9	39	18	45	37	14	89	81	16	57	85	-1	14	99	30	34	87	17	34	50	93	40	66	45	26	69	46	66	47	34	20	33	34	25	85	75	35	90	42	73	33	39	78	1	27	92	34	97	62	86	
17	41	12	52	24	24	95	47	9	77	69	9	68	80	6	57	90	34	76	81	14	61	39	14	36	73	29	47	51	38	28	55	38	11	78	24	51	42	71	88	36	13	41	47	94	29	60	57	86	93	1	6	65	96	25	74	51	3	5	38	23	37	-1	48	64	27	60	19	66	78	37	37	30	29	58	59	53	10	35	65	25	37	86	65	87	53	76	95	65	7	97	63	100	1	53	23	70	82	92	20	
18	80	31	18	63	54	72	42	58	12	4	24	70	71	83	17	42	13	47	62	14	88	96	34	30	89	40	29	36	97	43	25	42	87	65	45	15	13	47	67	54	76	94	82	79	84	58	92	86	97	14	78	58	74	48	74	18	40	100	81	74	66	88	-1	29	68	42	71	24	96	1	46	69	65	30	54	26	21	36	55	51	60	73	97	66	75	81	65	96	51	52	54	35	72	51	8	93	83	37	60	
99	60	49	70	73	8	14	48	85	2	20	20	82	99	25	71	95	95	90	67	4	74	42	77	24	63	43	15	60	40	12	70	59	38	55	23	95	26	20	64	91	48	94	36	24	35	49	66	5	86	11	41	25	33	42	3	84	91	34	97	71	13	59	55	-1	64	7	14	77	6	59	89	37	51	91	83	90	46	92	29	28	7	98	57	12	12	27	69	10	27	46	12	6	53	13	82	56	81	22	86	
8	38	8	7	96	17	9	76	3	3	27	61	94	93	25	5	8	73	24	49	68	39	62	69	33	60	37	37	1	19	15	63	95	44	4	80	85	10	60	95	3	12	19	25	16	56	7	29	25	39	17	64	99	15	50	57	40	97	19	61	38	61	30	5	87	-1	4	35	94	36	94	80	94	17	8	13	81	69	68	90	39	99	70	93	72	75	53	3	32	89	70	78	4	66	96	92	36	37	53	54	
19	33	72	11	28	79	56	79	74	47	36	40	42	65	11	68	19	62	93	55	46	81	67	70	3	75	88	100	80	98	48	40	5	16	57	79	12	55	8	19	62	64	13	61	41	65	2	55	63	39	21	52	51	20	3	8	43	35	8	99	58	65	77	37	54	72	-1	1	56	68	18	7	93	87	85	22	71	46	73	2	57	14	73	22	86	64	45	51	99	54	75	32	79	92	97	75	14	13	14	95	
84	43	76	21	55	7	66	96	32	92	38	68	42	59	17	95	27	99	33	38	15	86	75	18	42	35	25	10	34	82	74	39	93	21	41	7	59	28	10	6	19	15	7	39	38	6	15	73	89	42	97	21	53	70	66	19	36	40	18	71	89	73	100	42	50	50	93	-1	49	49	4	47	1	85	83	2	52	70	43	91	39	32	71	51	76	40	17	70	6	15	57	12	2	3	50	32	84	72	10	15	
19	63	73	87	1	25	64	9	62	21	74	24	7	90	100	15	70	28	25	57	84	53	72	83	6	89	25	89	20	17	13	96	79	7	90	63	65	15	26	89	54	72	51	51	69	49	7	79	96	70	69	20	4	94	100	6	80	26	90	16	79	24	71	92	52	8	55	27	-1	30	7	33	70	64	98	10	56	94	69	38	34	69	72	45	39	52	32	20	31	71	51	57	77	64	42	28	31	80	59	20	
19	71	34	50	84	91	99	67	79	86	52	68	75	30	45	25	77	92	69	50	4	56	31	50	88	52	97	61	9	99	79	17	63	5	39	39	99	88	7	58	80	28	84	40	67	42	50	37	56	93	56	1	14	35	26	9	17	95	64	44	25	2	48	62	70	87	74	97	86	-1	30	15	96	3	5	24	28	78	94	53	85	10	67	18	85	17	63	28	59	51	84	91	50	17	73	74	87	5	82	40	
53	54	22	42	11	47	48	81	7	11	61	41	25	100	97	26	78	4	52	86	38	4	83	7	20	23	83	98	72	20	30	80	65	80	55	36	85	65	58	70	81	76	16	34	29	2	8	64	92	73	75	47	100	34	34	19	60	52	33	15	45	87	42	82	27	77	78	42	80	61	-1	79	87	22	15	51	77	85	48	35	24	35	54	28	51	15	22	14	11	40	15	43	22	19	94	2	15	29	96	99	
31	6	95	94	72	35	9	81	77	62	21	15	83	47	52	27	67	37	71	14	48	63	30	24	69	20	52	7	22	29	92	81	67	57	11	27	46	54	10	83	71	42	59	96	20	68	3	82	58	64	3	59	1	64	47	80	42	25	26	89	59	18	20	12	79	43	4	79	36	16	2	-1	20	21	63	84	33	68	39	51	28	16	82	92	20	58	45	55	72	21	91	32	23	95	48	41	38	90	87	96	
86	19	53	76	81	21	71	41	86	97	62	71	87	93	90	63	71	47	41	46	84	40	60	74	90	41	42	51	28	48	96	21	95	13	66	26	13	23	32	26	92	93	42	81	7	38	68	100	28	81	48	48	55	37	54	8	14	89	18	50	9	2	28	4	27	16	85	46	85	41	28	54	-1	27	88	80	63	29	27	48	35	53	43	66	57	54	40	44	9	58	7	63	5	63	54	54	56	10	72	44	
37	93	85	21	31	6	20	46	38	13	30	9	88	71	66	91	40	68	71	85	43	58	44	93	25	34	43	26	39	10	67	37	35	52	94	22	75	90	43	6	97	46	81	46	66	56	93	19	70	10	84	47	88	59	55	93	51	51	30	48	3	70	99	26	75	7	33	27	99	75	21	58	2	-1	73	71	36	62	56	12	78	19	19	90	49	49	13	13	9	93	6	73	72	53	40	48	73	71	21	29	
11	63	32	96	36	47	93	56	72	89	55	87	64	31	88	66	59	14	79	96	58	35	10	91	67	9	77	32	72	97	19	70	100	82	9	90	3	34	67	21	62	12	80	99	34	54	37	47	25	90	90	35	52	95	67	32	79	83	44	85	14	70	48	41	37	26	91	98	87	33	43	9	98	86	-1	99	67	14	35	41	97	47	75	86	95	4	59	39	5	9	35	78	54	23	42	45	20	42	81	6	
1	52	80	92	61	53	82	21	59	61	28	33	8	73	15	82	30	24	89	75	45	38	48	26	92	91	65	73	45	24	24	89	18	58	57	46	75	49	23	94	20	32	23	4	1	99	11	30	63	90	75	54	52	28	91	41	2	6	98	49	88	69	15	81	81	65	38	59	17	55	58	41	41	82	45	-1	67	59	73	51	63	2	12	50	74	19	92	52	46	28	56	3	53	8	46	34	97	2	97	41	
8	75	28	83	59	22	98	57	61	91	88	42	81	64	96	45	23	33	59	39	78	94	61	74	48	97	11	48	62	38	46	52	32	35	35	50	51	44	34	57	83	35	54	14	27	76	84	2	18	78	4	48	45	37	9	80	27	39	97	47	40	88	68	24	52	11	59	30	30	30	8	47	16	25	64	77	-1	54	78	50	23	31	99	86	90	26	36	16	56	5	51	86	69	66	65	87	16	23	79	70	
80	47	16	38	64	41	21	95	32	85	86	29	21	53	99	47	70	46	47	35	12	19	40	48	7	20	23	56	58	15	73	83	13	95	83	43	52	22	45	2	67	53	65	61	8	41	46	46	40	32	43	80	54	100	74	61	9	87	69	29	12	60	91	94	91	74	22	35	55	86	83	24	53	29	22	82	100	-1	70	37	19	8	89	3	69	63	69	54	59	6	27	44	24	47	15	60	18	98	23	69	
98	85	46	47	19	52	94	42	92	48	73	59	22	66	28	87	12	87	34	39	53	52	7	10	27	35	60	69	53	72	90	8	12	61	77	43	22	74	68	56	27	78	10	100	59	30	34	32	59	14	66	81	38	53	68	33	88	48	94	97	74	35	1	64	21	4	8	5	52	20	46	4	19	80	28	4	82	31	-1	31	53	20	32	53	64	92	34	58	96	89	98	14	56	46	65	45	76	5	38	95	
32	47	42	29	6	68	15	31	80	95	22	54	10	73	32	49	1	10	75	64	24	80	96	4	18	7	88	65	25	9	55	45	81	58	44	92	63	38	83	52	63	14	43	39	76	97	76	23	27	32	39	50	87	72	27	38	16	18	57	67	5	39	19	62	71	49	86	20	14	94	51	11	18	71	54	72	34	64	62	-1	10	11	82	80	85	1	81	11	83	77	87	7	35	90	72	29	39	50	4	79	
36	15	94	93	83	35	51	66	70	44	17	90	60	48	68	68	49	92	50	4	61	25	2	60	30	96	17	22	92	26	87	20	69	31	3	47	5	4	16	13	96	79	30	2	53	26	46	28	57	98	57	66	53	45	72	90	16	17	44	39	28	72	46	29	26	41	14	58	68	5	11	45	88	57	42	69	58	65	52	72	-1	2	34	45	92	94	48	47	26	100	95	27	85	12	51	42	42	53	66	17	
42	89	80	69	35	18	41	57	34	3	10	43	96	15	65	91	47	48	74	33	52	27	14	68	43	31	23	21	51	67	4	74	46	76	35	64	7	7	36	80	14	3	68	85	83	5	25	1	67	1	28	80	68	52	68	41	92	66	77	8	31	62	1	40	28	24	38	26	72	79	96	45	57	99	76	31	75	84	68	80	92	-1	95	37	26	93	4	67	45	19	17	64	48	47	6	48	38	74	90	79	
62	64	97	84	89	83	90	28	82	90	7	22	36	62	94	61	86	73	50	30	47	77	47	61	31	83	74	46	22	13	17	84	63	97	34	40	44	83	97	54	52	41	34	26	73	89	59	53	92	30	67	54	49	94	4	38	99	75	15	6	15	41	42	68	71	76	37	85	79	83	67	70	75	24	2	100	96	20	37	92	59	81	-1	39	46	50	62	66	65	74	79	17	20	69	58	92	44	9	93	27	
82	56	45	5	26	98	54	55	72	71	40	66	90	85	26	21	62	14	12	62	37	94	38	43	88	68	31	84	51	13	56	95	75	9	2	34	64	48	69	40	19	68	37	75	83	49	84	46	99	73	46	83	11	82	50	29	27	64	2	25	57	71	96	78	85	32	90	44	55	7	91	18	24	85	35	50	4	79	97	85	31	19	66	-1	42	6	37	61	56	92	73	77	48	26	19	99	19	75	55	48	
40	100	34	61	85	87	92	93	3	80	19	23	83	84	84	81	10	34	49	8	8	56	11	37	9	83	9	63	100	57	5	50	88	58	73	75	80	48	84	77	2	100	30	75	27	54	29	67	81	4	49	47	76	66	27	62	19	11	77	81	42	20	41	42	80	17	84	16	15	96	61	17	70	79	18	21	78	52	76	72	7	51	89	17	-1	61	46	31	71	51	95	4	60	11	95	57	5	28	61	71	
18	11	95	82	18	23	61	76	45	3	2	86	43	98	7	33	84	3	68	4	86	64	73	88	98	47	62	44	91	70	3	94	3	28	55	45	88	2	54	8	18	11	68	16	1	51	96	97	58	48	49	91	29	43	52	10	41	57	41	26	88	69	82	25	12	1	98	77	66	71	27	7	69	50	31	56	34	92	7	78	44	19	48	34	65	-1	31	93	3	95	98	37	91	19	43	99	84	73	71	91	
70	34	81	39	39	6	75	46	96	38	69	55	86	94	78	37	11	54	61	26	9	78	94	25	27	45	1	17	75	66	89	43	84	6	81	82	62	97	19	49	86	5	54	84	50	83	62	1	96	99	56	38	58	67	80	98	22	30	78	92	19	26	76	76	43	35	2	77	74	26	49	53	84	3	74	63	82	5	46	67	95	70	98	77	24	21	-1	28	23	28	74	30	44	82	7	96	60	4	9	73	
67	97	97	14	13	73	31	49	95	75	6	47	7	83	73	88	55	37	90	56	48	98	81	75	22	82	47	88	7	21	88	77	96	62	33	30	1	4	62	56	73	67	19	92	73	95	85	92	45	68	8	85	29	14	91	14	65	17	43	28	4	83	63	55	33	85	47	56	29	27	4	63	51	52	100	78	62	5	18	94	47	77	28	78	71	93	79	-1	14	77	5	71	37	55	43	3	3	8	97	35	
60	90	93	69	61	15	68	21	44	14	48	24	5	55	100	58	4	21	52	26	93	91	8	66	75	72	87	73	12	16	48	49	47	87	82	36	67	44	5	73	3	47	92	86	58	95	60	58	42	71	1	80	27	98	40	14	73	80	1	11	58	42	97	57	1	69	74	59	84	11	66	69	11	59	5	62	45	82	63	7	78	26	90	61	53	86	28	53	-1	40	82	99	57	83	4	92	50	9	95	81	
56	45	19	71	77	27	57	87	10	81	65	93	6	100	1	97	57	63	71	52	44	24	58	67	57	40	45	25	5	100	69	83	84	1	96	87	81	20	61	71	91	2	82	84	44	45	88	32	59	72	98	35	31	80	69	84	21	88	2	40	50	9	7	57	3	65	35	68	53	65	4	87	5	9	40	89	54	17	96	6	64	53	38	55	13	4	81	65	2	-1	29	9	62	37	49	38	77	44	73	86	
45	85	79	61	64	51	54	32	72	67	31	3	95	36	37	92	71	8	33	81	56	20	31	28	97	66	4	33	20	41	48	100	2	88	53	53	98	71	80	52	85	62	8	8	39	43	77	87	87	54	11	26	36	95	51	15	38	60	97	8	27	96	43	18	36	27	16	78	54	3	24	87	57	2	43	80	77	89	21	47	60	76	21	54	49	23	69	20	54	61	-1	60	60	36	46	29	10	93	54	7	
82	86	60	78	85	34	72	73	73	51	49	36	56	28	86	24	16	71	63	20	58	35	31	2	28	21	3	39	75	70	73	39	53	92	54	89	23	46	80	74	14	33	1	14	27	44	80	51	5	10	85	37	66	83	51	67	64	84	79	60	73	11	40	64	89	95	37	65	4	3	50	29	12	57	23	9	35	44	9	75	27	42	87	67	81	16	24	11	29	63	21	-1	5	93	77	34	9	4	50	28	
71	96	99	58	94	17	60	100	58	48	81	11	44	33	71	42	23	100	72	36	60	66	93	83	77	50	10	84	75	85	83	52	95	60	45	3	38	59	78	19	27	63	85	8	77	52	6	93	36	83	98	29	85	27	9	51	69	56	35	74	69	69	81	1	16	83	28	71	97	14	43	2	72	39	78	45	70	90	49	50	99	12	93	64	60	9	77	50	65	84	61	8	-1	40	35	64	39	35	17	26	
96	86	1	24	11	41	28	86	50	60	66	37	95	92	5	75	21	1	19	64	44	40	33	43	42	44	39	20	98	79	6	26	71	90	52	51	40	1	47	59	74	87	8	7	45	86	37	39	68	1	13	66	60	27	67	84	52	44	18	65	14	33	59	100	3	4	7	22	23	12	71	28	87	38	61	93	56	45	45	97	57	24	87	15	68	13	75	42	33	44	82	19	26	-1	4	75	36	94	29	55	
67	92	95	4	68	43	34	40	29	16	55	96	45	63	73	86	39	38	47	44	84	34	21	62	30	11	57	19	2	90	41	63	48	25	26	79	77	51	75	45	14	21	25	82	95	43	29	97	34	11	33	18	30	59	95	55	14	45	48	14	50	28	23	71	92	92	100	23	62	75	32	85	79	66	26	59	3	14	11	53	61	63	30	6	80	96	57	47	19	12	24	12	16	32	-1	32	35	58	75	10	
92	83	62	17	79	22	52	48	76	82	5	80	96	78	73	58	10	18	20	8	29	93	96	22	61	80	10	63	24	8	20	35	34	48	82	19	59	6	83	71	12	86	71	36	84	10	59	26	65	76	93	19	37	13	84	1	38	11	26	89	81	65	80	48	98	81	21	30	69	59	63	72	7	56	83	54	85	82	7	34	24	2	61	7	24	57	69	82	78	87	59	21	95	85	6	-1	9	87	18	88	
85	30	9	4	79	94	81	32	83	73	84	6	5	45	60	93	92	13	71	11	4	13	6	46	80	1	92	28	5	70	51	11	93	9	48	49	79	36	31	99	46	74	70	48	20	75	94	45	37	44	61	42	4	4	78	43	57	43	6	100	76	77	81	70	69	51	68	15	85	58	28	80	39	24	94	97	18	58	68	56	11	2	5	94	2	70	1	58	53	45	15	91	27	31	62	32	-1	2	75	29	
22	64	42	6	95	68	1	78	48	28	99	91	20	89	46	73	70	13	63	49	51	44	12	71	33	78	85	27	87	92	85	51	90	77	38	83	47	43	95	73	7	70	97	89	51	92	84	7	79	9	92	16	37	9	87	95	62	80	53	61	5	74	25	59	11	7	21	94	62	48	9	62	76	19	80	4	82	7	1	46	30	52	64	77	17	73	63	33	17	38	42	30	15	92	84	39	80	-1	27	92	
86	82	12	92	31	32	43	37	58	1	3	23	58	36	27	11	20	79	63	10	38	44	80	24	84	29	35	33	12	63	37	50	25	40	99	67	95	51	36	87	61	12	51	61	15	80	45	30	52	63	84	74	91	53	61	95	18	46	27	16	31	26	24	87	26	83	84	38	34	48	43	6	31	10	64	32	85	81	40	43	63	29	47	83	38	61	57	84	11	88	35	26	46	6	1	92	49	85	-1	47	
54	96	41	39	3	74	72	30	66	68	94	68	37	88	25	69	39	29	20	69	43	61	25	100	98	75	11	3	79	74	1	46	73	61	16	86	13	77	66	76	6	32	80	46	21	47	14	10	60	38	85	25	22	11	50	38	80	32	52	59	59	29	6	6	69	5	30	72	32	8	44	3	5	73	99	46	41	76	53	69	70	47	50	72	31	21	75	36	97	35	43	20	69	22	65	66	90	41	79	-1	
