100
-1	28	81	20	27	29	68	88	99	48	17	48	16	31	84	83	79	50	8	87	96	33	44	96	36	34	74	52	16	84	52	12	14	65	25	17	89	60	82	33	60	6	37	62	15	22	60	63	17	48	82	50	17	12	55	38	68	58	18	83	87	27	64	54	1	1	70	37	86	92	41	2	90	90	93	55	48	12	92	86	95	57	37	34	34	35	89	41	5	31	100	39	91	2	79	88	31	33	57	25	
48	-1	100	75	5	24	11	65	33	78	9	17	4	11	2	90	69	2	34	77	98	35	46	66	6	70	19	91	64	71	12	49	74	85	37	24	81	39	10	31	90	87	60	78	70	37	30	23	44	94	14	32	95	82	87	28	51	78	62	35	100	94	84	42	26	98	90	2	65	43	14	97	1	41	22	36	34	47	14	10	56	70	87	44	21	73	92	84	53	92	60	92	47	76	14	93	71	75	96	75	
31	48	-1	8	30	90	61	90	25	77	47	49	55	20	10	36	47	97	74	64	36	14	12	77	21	21	61	28	85	47	56	91	82	82	6	71	59	28	87	69	95	52	54	56	56	67	13	90	57	41	87	53	75	13	54	88	90	34	29	42	62	12	64	22	76	18	1	68	7	5	47	2	70	69	48	47	7	11	33	48	28	71	13	8	22	46	22	41	16	2	31	27	1	69	49	77	88	75	56	58	
58	24	20	-1	74	88	10	49	21	27	47	8	83	66	5	96	32	92	25	3	58	57	37	88	16	1	38	73	49	90	17	96	22	92	5	8	77	31	85	45	71	33	50	31	78	51	25	11	50	61	10	10	32	19	51	56	93	26	18	25	42	38	13	17	68	18	17	61	78	27	8	95	80	68	82	14	22	73	13	39	81	37	77	39	70	18	53	63	37	100	31	40	95	29	57	51	23	71	74	88	
81	46	86	60	-1	52	72	86	89	43	70	83	65	34	85	87	38	14	81	21	73	16	44	76	80	61	74	82	66	76	48	13	44	4	38	31	41	89	46	86	39	12	93	14	39	9	32	78	43	80	12	28	17	23	37	33	55	95	57	48	65	70	7	14	47	32	98	14	35	41	48	86	5	5	99	50	17	25	70	7	77	61	63	51	32	42	24	2	62	62	47	52	25	74	38	10	91	28	99	45	
49	88	5	47	11	-1	8	95	71	29	98	48	15	82	57	95	60	58	12	8	64	21	34	87	20	22	79	53	11	66	94	92	95	58	99	98	67	1	10	61	85	2	33	13	20	52	39	83	29	3	98	85	45	68	22	65	10	4	2	62	15	38	6	5	68	37	2	77	71	39	82	93	68	99	58	38	28	36	88	75	28	47	55	51	58	95	79	82	48	55	51	71	32	35	81	46	37	35	44	13	
27	9	26	32	28	93	-1	56	25	21	70	91	4	27	6	28	27	64	77	32	81	24	94	21	80	56	3	79	100	36	68	2	42	88	14	22	25	69	20	72	4	5	73	77	9	61	95	89	28	5	48	81	86	61	79	68	47	29	5	63	62	66	56	39	97	84	79	95	37	68	55	6	34	27	86	45	10	65	39	61	34	38	54	68	66	15	4	37	30	9	24	5	77	63	22	44	33	69	80	69	
6	59	44	49	68	86	74	-1	8	35	73	62	97	50	40	68	75	32	38	30	32	12	71	33	87	95	60	28	64	6	37	81	83	18	79	1	13	53	32	79	14	97	84	92	72	11	66	77	58	8	49	24	12	38	3	88	58	14	19	32	36	29	38	29	78	37	65	11	71	33	28	69	54	79	94	24	50	9	19	27	46	30	70	56	26	83	77	64	17	78	74	71	88	13	35	98	37	1	19	94	
55	45	86	34	93	82	3	96	-1	89	73	89	12	43	79	17	64	18	79	13	95	30	73	87	13	35	94	39	6	85	100	39	74	48	19	2	12	34	13	71	10	67	50	79	81	28	46	40	25	51	59	47	95	5	65	20	61	21	72	12	30	21	30	28	11	95	85	20	29	58	28	94	7	88	88	73	70	17	100	52	15	81	77	31	1	59	97	68	93	80	8	29	66	82	65	13	36	31	31	32	
99	84	27	33	63	49	63	39	67	-1	72	23	37	86	90	55	33	69	16	58	22	19	65	58	50	30	48	27	28	82	13	72	15	87	73	19	14	58	66	76	92	15	23	42	7	86	11	73	69	75	39	15	44	56	27	4	83	21	6	47	68	53	93	20	23	44	24	27	94	75	82	26	3	76	46	94	43	38	42	6	72	15	33	44	25	20	100	92	16	64	48	2	61	21	6	15	33	80	14	19	
98	67	97	38	81	96	54	93	87	67	-1	99	58	88	36	9	70	53	98	48	93	57	31	80	47	35	62	52	58	66	49	91	72	16	90	69	67	59	44	2	2	17	33	58	93	15	75	20	92	52	84	24	11	26	50	71	14	50	55	84	12	24	32	78	9	70	4	43	93	81	8	51	25	75	68	86	72	63	88	26	22	10	36	36	75	96	37	8	15	98	49	82	65	97	61	40	66	14	5	62	
60	43	27	41	79	71	4	39	50	62	15	-1	94	52	79	51	51	8	81	24	45	39	3	97	45	6	51	20	44	88	34	88	84	73	90	63	43	58	75	12	98	7	54	84	32	83	15	65	62	63	86	66	46	53	21	52	70	46	40	80	71	34	17	27	29	99	44	30	46	37	65	34	67	92	33	42	21	62	67	46	48	18	96	68	16	70	8	9	37	93	63	99	72	72	78	56	42	98	51	61	
5	97	76	76	9	71	6	27	17	81	53	2	-1	82	19	41	26	67	44	21	95	53	52	35	87	72	83	3	84	23	95	65	76	21	4	12	55	77	51	96	21	83	9	90	8	27	34	71	84	50	45	42	5	50	86	22	9	7	58	7	23	31	5	28	47	98	65	9	50	46	89	77	69	56	93	59	77	36	93	49	77	58	21	61	76	85	87	39	49	48	69	38	52	47	40	94	1	15	97	71	
83	85	11	4	94	48	93	74	25	20	58	22	23	-1	26	94	92	80	70	11	78	42	12	28	76	25	78	41	33	52	28	31	30	76	17	68	13	46	74	46	49	4	49	48	52	96	27	34	57	21	72	39	55	46	18	64	1	60	53	10	100	30	30	43	54	54	91	73	24	91	94	35	62	70	44	48	82	53	8	57	34	78	88	82	94	71	63	80	57	82	59	10	95	88	25	17	75	13	47	33	
5	14	9	52	91	82	91	33	40	74	26	53	41	65	-1	1	45	7	46	50	61	89	51	41	66	38	65	52	54	57	17	80	84	9	55	91	70	79	33	62	75	2	91	77	60	57	64	20	26	18	87	24	97	71	62	3	64	93	87	96	29	97	2	11	90	98	6	87	72	2	91	89	42	24	55	64	93	62	96	9	23	36	30	1	30	80	85	100	51	76	96	12	94	89	39	83	44	57	15	86	
18	68	88	22	95	46	71	63	45	68	17	27	92	47	30	-1	72	44	57	18	85	4	87	93	1	86	62	1	1	65	19	45	15	49	16	96	12	25	92	63	60	55	19	18	18	48	60	96	37	97	40	38	97	25	38	62	99	44	45	69	20	69	58	49	11	47	20	90	57	49	66	11	80	71	59	97	88	71	96	24	69	67	35	85	69	81	25	7	17	60	28	52	25	65	75	31	17	10	52	80	
85	78	20	11	22	22	60	52	98	69	57	62	48	70	80	39	-1	52	97	92	84	44	99	37	73	56	92	79	51	50	10	14	12	14	56	27	47	92	78	34	52	35	43	29	10	93	100	45	15	95	63	68	72	71	40	95	14	76	82	97	53	2	34	75	71	49	83	1	22	70	61	17	1	4	23	47	92	1	67	97	31	34	94	27	1	66	39	25	69	73	96	36	68	36	78	71	76	57	56	79	
93	77	63	17	43	44	4	26	79	8	90	39	9	60	2	63	21	-1	71	97	49	28	61	57	58	45	25	82	70	85	91	2	42	72	77	91	7	21	41	67	68	68	53	34	5	74	25	60	46	1	68	93	54	56	41	81	34	92	16	67	37	56	2	73	89	87	69	97	85	85	79	98	20	71	88	38	26	54	6	67	70	64	77	19	60	85	40	12	88	29	62	64	38	87	88	50	99	21	97	77	
24	49	95	36	78	56	70	90	66	44	99	19	70	56	31	7	19	50	-1	76	27	56	36	58	81	71	76	45	44	38	44	47	40	93	70	53	54	90	43	31	23	57	50	95	41	69	35	66	42	15	92	21	25	94	41	37	75	30	23	26	59	17	78	73	37	23	71	72	51	16	39	42	11	95	38	39	83	69	54	93	79	64	20	76	3	38	27	43	41	13	38	71	59	27	100	7	100	13	46	29	
51	100	69	48	76	40	17	71	60	89	45	96	23	14	44	97	52	72	31	-1	91	91	79	27	47	41	50	70	22	37	97	25	59	46	70	81	36	86	21	63	82	77	29	100	37	89	50	80	27	24	32	77	38	14	23	4	43	24	41	72	30	37	38	10	19	85	66	39	67	16	28	55	92	8	41	26	45	33	14	14	6	67	98	73	47	9	3	47	6	61	8	5	86	32	31	67	93	11	81	99	
9	54	22	47	78	80	89	85	63	63	87	32	96	90	39	14	22	20	78	9	-1	41	95	43	94	14	28	6	4	20	33	85	28	1	36	60	21	40	54	89	23	5	92	14	28	78	28	65	18	45	3	36	77	44	66	51	43	51	83	22	31	96	49	35	24	27	7	64	34	65	16	69	77	91	83	5	92	31	81	9	51	34	27	69	77	66	42	18	84	5	96	75	94	11	57	4	61	77	90	24	
78	38	16	77	67	18	72	2	24	53	10	84	2	45	3	29	67	83	20	49	61	-1	92	44	21	7	6	13	42	72	12	85	26	85	94	30	6	100	22	12	47	26	100	34	48	79	83	56	72	80	96	55	64	10	67	49	53	24	20	3	87	8	7	73	24	82	98	29	34	38	46	62	14	33	21	37	47	45	88	53	82	16	97	3	64	50	62	81	25	66	11	73	90	75	35	77	37	75	2	81	
54	59	7	30	42	84	20	96	72	46	39	42	80	11	33	9	99	22	14	16	62	24	-1	27	66	50	63	51	33	16	34	81	78	7	32	96	64	3	24	60	18	98	84	29	79	80	4	9	80	3	86	35	45	16	60	13	51	17	49	81	21	11	100	72	45	83	9	14	65	32	33	58	67	15	12	17	37	67	73	89	56	22	22	76	36	76	72	96	59	22	65	57	2	5	84	98	97	56	30	97	
37	3	27	93	8	98	38	44	95	90	96	92	66	90	61	97	69	92	61	34	82	13	27	-1	21	11	78	68	7	14	81	22	60	98	15	89	98	95	99	22	49	77	95	90	30	37	18	93	100	37	86	31	72	9	86	39	18	65	78	2	41	4	61	63	55	14	36	13	97	83	22	11	21	92	96	39	36	89	33	20	91	39	4	90	80	86	85	56	6	87	85	76	62	100	18	19	79	92	66	21	
73	49	55	71	52	83	3	66	70	7	49	71	18	91	64	82	18	28	70	23	13	49	75	76	-1	90	2	19	43	100	52	38	42	30	35	98	56	73	14	98	65	47	66	57	22	2	85	81	18	38	36	53	36	43	35	61	31	70	64	48	6	25	59	82	7	65	76	3	3	56	90	20	62	40	38	1	73	74	26	2	83	46	44	90	11	71	6	17	36	70	8	5	34	39	88	27	54	66	36	3	
7	18	25	81	54	48	91	37	7	4	62	73	65	77	15	58	84	49	65	52	61	17	13	74	5	-1	97	96	38	54	76	76	80	14	79	82	21	13	56	54	73	65	1	83	73	84	53	5	11	43	2	32	7	72	59	56	19	16	32	13	41	78	32	47	63	54	35	34	12	7	12	14	65	4	51	99	46	68	55	63	22	63	62	100	88	10	6	7	84	87	48	49	29	39	57	98	1	81	52	31	
62	43	51	92	49	1	46	89	68	12	18	4	80	41	36	76	69	51	19	32	70	86	56	28	63	85	-1	68	39	56	65	45	68	75	34	29	98	14	87	50	50	15	49	38	32	19	57	69	12	84	7	89	59	83	41	76	48	2	31	73	76	38	98	60	54	55	93	35	43	94	13	37	52	27	47	37	20	61	79	16	37	7	25	26	39	20	91	70	55	33	67	35	72	73	58	89	39	38	69	73	
24	42	50	22	14	45	78	53	95	5	62	38	26	69	58	66	92	90	38	35	72	14	47	75	24	39	12	-1	66	53	24	17	10	43	91	19	91	97	39	18	22	81	34	15	38	63	41	63	6	26	83	96	50	100	68	100	72	87	27	7	60	40	18	60	67	23	91	100	73	75	50	43	1	35	82	31	25	81	89	94	94	50	9	34	61	86	47	54	63	77	9	48	54	51	14	57	24	84	8	21	
3	67	47	36	70	68	32	24	15	87	12	15	5	63	54	43	56	18	39	77	39	75	9	27	65	18	81	37	-1	16	75	21	66	57	1	64	14	36	24	44	94	31	1	74	24	72	93	60	1	68	33	60	68	53	52	98	88	56	81	48	100	39	70	25	70	53	86	71	65	59	39	34	95	73	87	7	19	50	32	46	34	65	77	30	69	12	76	30	58	93	97	13	82	10	76	70	22	49	41	34	
13	97	14	62	33	11	58	71	74	52	97	47	59	26	45	97	22	13	43	9	22	20	28	70	55	73	90	79	98	-1	73	30	87	17	55	76	72	2	58	65	30	27	17	4	85	80	35	2	45	72	48	14	17	85	86	89	14	26	91	42	64	62	34	30	60	43	4	46	56	48	1	77	77	54	38	91	59	17	86	34	86	67	28	72	91	32	15	97	4	8	89	51	17	26	75	91	51	21	34	6	
26	4	66	68	70	5	35	96	53	77	76	96	36	90	90	66	47	10	2	22	2	49	46	70	78	93	54	16	91	24	-1	61	3	2	53	21	96	2	95	15	82	31	26	48	28	40	67	61	2	49	46	20	39	95	1	35	42	71	52	92	46	72	24	26	42	61	5	7	29	66	75	47	10	77	74	16	47	8	52	62	54	46	87	48	73	43	52	83	7	36	44	27	3	90	28	25	57	89	82	8	
9	48	2	18	98	51	26	32	44	86	74	32	18	100	38	3	91	34	57	43	33	93	62	35	86	5	86	45	11	92	65	-1	11	94	38	36	13	96	70	34	61	59	12	97	40	20	25	87	81	5	56	46	91	49	46	89	64	40	41	44	31	28	88	50	81	52	90	72	67	16	24	5	39	9	100	88	74	82	79	74	13	71	29	81	94	14	16	24	36	20	90	87	18	93	15	57	21	29	58	76	
77	92	26	69	41	21	53	85	49	88	76	95	75	26	73	31	77	80	1	54	50	94	8	39	67	53	55	21	44	83	61	82	-1	63	27	69	4	52	3	10	58	69	48	39	97	48	49	41	64	87	92	54	20	76	6	52	24	93	16	78	4	1	17	15	95	68	14	59	11	63	72	13	88	31	100	43	14	88	65	47	19	65	61	8	82	91	81	8	37	5	50	31	80	17	44	71	91	92	75	90	
42	7	22	97	19	19	79	46	68	58	76	76	9	70	55	10	20	50	86	97	75	67	24	14	14	60	55	47	46	28	28	64	5	-1	55	96	98	67	44	14	87	64	95	32	45	79	59	7	91	34	9	69	72	7	66	94	71	58	37	22	54	44	24	88	7	91	88	79	52	19	7	60	54	97	43	57	64	43	8	76	97	75	6	87	15	71	50	14	34	79	29	25	8	32	19	24	54	50	26	69	
27	97	32	69	51	49	52	89	15	53	84	50	59	16	11	43	48	71	21	2	47	3	23	57	21	99	78	6	25	76	96	5	55	59	-1	66	21	98	82	17	10	45	35	48	10	84	17	40	17	82	21	72	65	70	4	84	25	38	69	85	65	55	90	35	76	68	34	49	57	95	53	68	80	61	12	79	35	34	90	50	2	68	31	90	43	15	47	79	10	1	2	55	26	30	63	50	44	98	22	47	
80	94	66	46	37	77	11	54	29	52	99	68	69	52	22	81	37	38	80	21	71	55	62	52	40	49	57	58	55	42	22	9	87	96	81	-1	98	99	100	65	68	60	94	31	100	30	81	10	45	74	47	7	25	16	8	80	73	23	28	46	82	61	62	8	49	37	47	10	81	25	38	42	10	89	68	55	19	49	67	55	71	43	67	15	85	61	69	94	98	15	63	63	55	28	52	18	67	50	12	52	
86	56	31	13	23	7	31	64	47	95	54	13	7	62	68	81	98	35	40	42	70	21	71	60	81	34	6	33	23	6	40	92	18	43	51	52	-1	12	63	17	35	8	51	50	47	56	45	72	33	38	77	31	1	18	8	78	41	3	67	50	97	100	18	57	70	20	46	38	69	1	71	83	67	34	46	99	91	47	64	81	19	17	71	8	82	98	1	29	30	9	93	74	98	2	89	9	42	9	41	28	
45	9	73	29	75	63	19	9	79	31	21	17	7	90	82	13	3	20	54	52	2	61	26	72	51	30	51	54	20	77	13	57	32	9	69	76	98	-1	46	18	84	16	85	14	78	53	86	16	77	78	91	53	24	91	56	54	63	17	72	32	70	3	87	25	93	14	32	57	22	25	1	75	32	77	8	35	50	28	73	60	4	32	1	6	35	79	5	43	70	88	3	89	16	72	12	85	5	83	3	95	
85	32	57	95	90	76	93	34	64	29	26	43	93	57	35	87	59	67	22	75	15	60	96	38	96	35	31	46	23	30	97	39	95	19	17	97	28	91	-1	20	29	68	4	61	75	42	45	36	30	87	14	95	5	49	33	42	57	33	48	33	7	80	84	55	99	34	98	21	9	16	7	92	27	94	17	3	43	18	28	1	31	22	62	21	38	92	43	26	88	1	87	77	41	41	81	1	89	65	8	23	
8	20	80	41	33	86	24	52	44	49	73	85	80	86	41	40	53	28	61	23	30	19	48	32	70	36	21	22	45	99	70	13	13	10	98	21	46	40	96	-1	75	21	67	85	5	27	50	32	59	6	5	64	30	48	23	50	6	28	59	75	26	65	98	60	19	52	48	25	6	26	100	62	89	62	97	4	28	87	30	39	66	37	76	64	3	64	65	26	82	22	73	21	79	11	37	6	18	38	4	20	
64	29	26	34	77	67	69	6	51	69	61	82	19	59	83	9	89	1	14	36	16	9	2	69	2	38	76	92	85	22	37	20	56	4	26	76	68	13	40	39	-1	58	40	29	4	83	31	43	82	93	68	16	20	74	88	73	100	14	31	23	85	10	36	47	93	29	62	92	44	62	55	2	18	24	100	30	67	1	25	68	41	6	79	72	73	25	71	12	34	81	32	34	6	50	24	26	79	56	43	29	
41	34	61	16	97	17	5	46	85	19	90	71	76	49	1	31	81	16	47	6	23	99	16	81	32	43	7	37	54	69	48	59	61	32	76	100	30	95	12	74	91	-1	57	53	90	80	29	98	19	42	65	50	47	26	89	84	20	20	97	52	38	97	19	40	88	46	82	23	80	46	36	100	26	9	80	18	7	85	47	67	86	45	64	59	55	5	27	66	88	21	92	4	57	57	55	75	66	97	77	2	
74	36	12	82	98	78	56	70	60	91	27	27	90	34	50	31	18	54	44	17	35	34	86	82	16	86	8	74	67	65	24	94	36	38	88	28	67	92	96	36	91	1	-1	80	94	9	68	95	36	21	74	1	25	98	46	10	90	72	40	7	48	37	20	64	90	53	82	15	4	23	65	49	56	39	56	14	13	1	29	14	85	50	4	45	3	94	98	34	4	13	11	67	5	14	88	20	26	9	41	70	
6	44	30	6	83	8	1	23	55	76	83	63	70	54	82	13	94	89	50	3	17	64	58	65	18	45	46	82	15	51	91	21	20	52	75	68	44	70	45	92	88	89	87	-1	40	28	18	50	4	66	65	82	36	96	7	15	29	82	62	90	50	47	33	76	91	100	21	4	6	79	92	7	100	40	48	13	79	74	56	57	3	52	85	26	93	53	63	48	82	89	45	72	65	97	66	44	65	26	5	44	
1	8	80	6	45	36	73	21	60	32	81	83	54	43	96	69	8	81	85	94	69	95	89	96	75	10	98	78	46	100	10	77	5	28	34	97	19	59	68	58	32	7	42	48	-1	60	95	60	16	18	15	87	29	61	49	8	49	35	12	9	99	99	60	55	65	81	14	52	5	39	90	53	58	54	82	50	8	9	57	20	59	10	3	55	28	19	94	62	44	74	42	44	31	11	69	8	61	62	87	99	
26	41	68	28	7	96	49	48	54	23	39	72	78	70	70	68	41	26	35	93	42	28	16	45	34	27	20	53	4	59	9	7	92	24	65	81	10	59	13	14	16	3	48	56	5	-1	26	87	74	14	91	39	26	92	7	27	89	4	83	96	58	20	53	27	8	39	72	9	8	26	61	25	91	56	16	81	96	91	83	34	52	36	13	66	69	65	30	82	52	8	2	13	71	87	3	90	95	2	67	61	
26	37	22	13	19	42	48	36	100	73	85	39	48	95	81	40	47	16	55	98	7	15	69	47	24	3	38	100	30	58	6	40	65	73	69	81	6	16	11	68	56	12	15	75	73	18	-1	43	46	62	52	79	1	28	66	91	67	29	18	98	100	75	83	52	94	6	20	7	82	56	49	42	62	36	49	34	89	3	35	2	63	71	70	77	33	53	34	65	40	50	4	94	46	52	93	51	68	78	48	12	
11	41	84	33	96	28	83	5	78	46	44	87	63	43	50	61	46	52	34	46	59	31	19	78	71	23	36	11	97	23	50	67	41	33	70	35	80	33	33	37	45	78	46	17	83	65	96	-1	53	34	63	81	47	10	33	5	12	85	10	67	97	17	39	37	96	59	100	91	20	82	69	66	42	74	4	81	33	86	68	27	79	39	21	58	4	79	98	28	61	47	3	44	97	53	97	75	65	25	10	99	
90	32	37	75	75	29	30	25	70	96	6	85	43	80	62	54	76	10	84	2	36	90	57	25	22	96	25	46	11	51	32	17	31	88	54	36	96	15	93	53	85	2	10	64	54	22	49	29	-1	15	73	33	100	82	60	92	7	9	94	94	87	16	54	96	7	23	38	51	77	43	19	66	14	94	82	96	77	28	72	84	75	31	6	67	9	26	48	28	89	49	28	62	58	100	33	3	95	3	28	75	
18	57	69	47	28	32	15	91	91	88	18	98	91	85	69	57	7	94	23	17	41	95	36	100	67	23	96	50	50	98	36	56	58	57	74	42	47	32	2	45	96	66	56	87	79	36	84	58	56	-1	90	32	43	69	55	89	96	77	52	32	100	72	62	33	73	54	64	85	81	95	77	45	17	95	68	99	15	73	29	5	40	37	28	31	90	14	92	80	50	73	31	72	80	68	32	84	85	82	13	34	
66	68	48	35	87	83	71	66	43	82	71	79	22	22	89	60	6	88	30	35	50	92	9	92	88	12	10	84	70	6	6	98	60	25	8	29	12	5	98	90	97	50	20	79	4	31	4	64	71	7	-1	14	41	96	19	42	17	15	50	20	21	55	38	91	28	94	71	86	9	2	61	39	82	70	57	28	8	2	71	66	38	2	23	16	42	5	69	61	42	52	31	73	44	12	81	21	24	98	6	29	
53	46	2	30	30	22	50	73	98	84	8	22	86	73	23	63	83	7	33	71	15	93	71	10	67	65	56	56	63	35	70	78	69	20	38	80	2	10	18	20	73	62	52	82	89	65	64	40	67	51	62	-1	15	24	93	58	59	29	87	72	31	63	97	7	29	23	45	23	37	43	88	49	59	90	68	40	34	42	55	42	22	27	34	25	82	38	76	51	71	63	32	22	87	63	44	60	37	77	23	70	
56	76	82	71	6	60	14	60	75	49	85	21	42	85	66	10	64	100	62	75	54	67	5	89	75	68	36	83	79	91	44	79	2	1	11	76	65	64	61	83	41	95	97	33	92	67	45	57	28	71	39	30	-1	14	64	22	72	16	4	29	90	90	47	42	66	78	67	26	100	63	36	19	7	43	7	30	17	83	20	78	30	14	81	92	48	68	6	56	58	42	38	47	69	31	27	3	70	97	96	49	
74	56	46	49	10	62	57	91	79	88	89	92	8	71	49	7	33	3	42	85	88	56	46	47	50	18	39	58	17	42	59	63	71	53	54	24	25	25	66	86	29	2	13	29	93	55	28	1	57	56	79	47	22	-1	70	89	47	24	58	85	59	81	74	1	84	35	54	14	2	40	97	61	50	12	78	92	44	71	29	92	91	63	90	53	88	72	70	98	4	90	15	31	1	27	93	48	63	74	18	12	
57	95	17	50	55	79	59	55	45	51	62	52	23	32	91	97	38	6	81	89	35	49	46	68	34	7	38	71	46	3	94	28	76	81	98	17	1	16	46	25	20	24	33	68	47	80	35	70	12	75	6	19	90	5	-1	63	53	53	56	58	19	16	8	21	32	30	12	28	27	24	45	62	54	37	40	59	13	9	23	27	60	37	52	82	55	23	98	69	65	2	32	8	15	18	75	28	62	73	86	66	
55	56	92	56	86	52	97	68	66	87	21	91	47	91	97	60	81	49	39	57	16	77	77	17	67	94	93	70	81	72	56	49	22	29	50	36	66	33	48	55	87	91	61	42	12	1	54	94	22	47	10	78	10	19	88	-1	20	55	57	90	92	46	47	61	52	23	76	54	97	61	28	1	97	84	67	8	53	59	43	23	80	81	99	25	9	48	22	81	30	8	83	29	94	76	30	59	24	70	91	3	
24	36	73	12	73	38	90	58	23	54	73	55	55	6	52	37	14	25	91	92	62	65	81	12	71	19	69	28	24	15	3	4	64	81	16	29	4	13	100	15	37	59	31	87	31	58	18	38	16	29	50	8	77	74	57	5	-1	4	19	96	66	13	59	9	63	50	50	22	83	53	43	37	15	43	65	41	80	55	7	73	51	95	13	72	6	71	100	84	49	68	45	59	59	67	45	35	58	9	95	1	
27	21	50	9	33	8	20	7	75	24	4	61	42	56	20	11	82	19	82	35	52	60	28	87	75	93	29	39	69	90	54	19	65	19	29	52	79	92	41	50	71	33	10	90	73	95	94	37	16	66	36	81	62	67	65	22	40	-1	47	44	47	82	33	69	18	89	64	53	70	67	12	99	4	19	23	63	36	49	27	68	68	44	67	27	25	26	38	6	93	32	55	33	17	84	69	4	60	11	48	72	
99	46	44	31	22	22	10	14	3	74	65	73	74	86	83	62	1	30	72	37	77	13	50	88	36	94	86	53	20	94	66	20	75	71	83	67	5	37	45	59	32	56	41	33	70	17	49	93	12	60	66	70	64	1	43	9	28	77	-1	61	6	53	23	27	69	31	32	54	65	67	76	24	71	93	74	46	69	24	98	10	17	58	77	36	75	96	65	79	77	44	61	34	46	5	70	42	73	1	55	69	
81	42	99	17	1	23	42	60	28	47	9	46	76	2	73	89	54	27	28	49	48	74	78	60	86	95	23	100	62	83	70	63	25	9	58	65	13	59	10	56	18	5	18	16	25	46	47	26	2	31	68	83	56	1	63	60	65	95	94	-1	92	80	39	7	32	11	31	20	55	16	67	35	30	79	45	45	17	61	85	1	34	12	27	11	17	83	9	57	74	19	25	47	55	13	3	70	93	74	22	42	
72	93	49	4	1	76	95	61	88	94	16	37	94	31	86	42	97	20	83	37	33	8	57	29	65	27	33	65	22	47	41	68	87	76	3	47	14	68	31	95	42	11	65	28	78	75	94	97	72	71	37	45	93	61	39	45	69	34	27	66	-1	18	25	64	58	34	42	95	26	36	12	13	27	30	44	93	54	45	53	50	96	4	17	52	97	36	93	75	51	91	84	8	87	38	96	19	28	61	78	56	
75	92	23	18	21	13	74	28	58	47	32	6	14	93	85	8	79	95	21	82	91	97	15	72	74	61	76	78	13	21	80	14	64	98	13	68	97	95	20	95	58	61	12	26	81	43	44	86	77	100	52	54	24	56	70	6	12	60	46	65	34	-1	42	93	65	97	93	54	36	94	79	83	48	8	87	49	26	11	37	76	28	53	3	90	76	68	15	38	4	56	63	9	52	68	23	72	37	20	73	15	
47	38	17	41	80	29	48	32	34	5	27	11	79	29	12	99	77	57	92	54	53	96	21	2	63	4	9	49	54	12	95	91	67	39	66	52	12	81	57	44	99	51	46	85	48	6	26	8	35	80	79	62	9	94	10	20	98	29	79	68	44	52	-1	35	6	22	30	54	84	99	92	21	93	47	88	94	16	42	83	69	4	12	13	45	54	25	79	67	55	78	74	26	86	31	61	96	45	10	94	52	
47	92	61	69	52	87	46	82	66	36	98	22	67	18	47	98	31	87	19	80	23	5	58	46	70	3	27	3	23	17	73	73	35	13	58	53	20	48	71	27	6	36	25	57	45	11	68	85	40	80	50	64	41	28	90	42	32	84	9	8	80	10	21	-1	1	15	77	53	84	26	36	28	20	89	81	5	69	75	2	74	94	74	88	11	92	16	48	30	58	61	95	1	50	53	4	83	95	4	36	87	
94	56	77	73	94	10	7	86	43	93	11	18	91	99	28	48	60	52	80	58	84	60	22	1	93	4	65	23	55	57	38	72	77	64	41	10	20	9	18	84	22	57	45	44	77	33	14	71	54	46	19	6	9	10	19	78	94	64	40	25	22	78	30	23	-1	46	61	86	66	79	7	82	50	75	93	94	76	31	100	28	97	53	25	47	93	68	65	36	68	65	50	57	93	44	51	95	90	76	88	15	
55	59	98	99	42	25	52	93	29	71	70	48	78	23	9	59	92	34	31	23	79	9	80	96	82	8	1	78	59	28	12	48	75	19	93	37	18	21	47	30	69	21	93	56	69	25	82	30	63	58	19	30	55	19	61	17	38	79	31	88	23	93	97	52	11	-1	28	77	28	39	35	52	74	14	14	97	58	64	6	21	58	50	58	26	39	7	14	2	28	87	24	94	5	6	45	36	13	34	29	16	
68	5	98	38	39	73	58	84	36	89	7	65	14	53	98	51	97	88	35	33	58	13	56	12	5	7	20	12	66	38	39	85	90	83	63	66	94	70	100	72	29	9	91	79	26	23	83	78	16	50	82	16	45	86	91	96	29	24	12	73	23	1	45	4	88	79	-1	73	30	19	84	93	56	45	60	79	94	98	97	89	68	75	17	42	43	78	29	20	27	51	95	70	63	84	21	48	74	55	67	65	
17	15	48	68	9	60	46	18	30	87	68	67	24	52	13	31	97	66	81	75	99	76	57	100	87	62	48	52	38	88	56	62	7	92	15	58	14	10	6	9	7	31	13	10	62	90	1	87	22	59	39	98	87	13	22	34	40	87	86	68	84	9	62	17	13	48	55	-1	43	67	35	53	44	38	15	95	49	10	98	82	35	26	31	51	98	43	97	66	28	18	68	29	16	81	80	36	34	70	25	93	
70	8	71	68	42	62	11	1	57	41	14	56	30	45	32	53	2	27	63	72	93	74	1	83	57	4	24	64	44	78	85	40	31	58	22	65	76	15	36	66	50	6	15	95	13	76	96	64	32	16	17	94	65	27	95	82	91	77	60	68	3	66	2	62	91	76	89	32	-1	45	30	56	79	79	66	5	75	19	79	10	94	60	62	58	50	37	53	40	8	26	69	14	77	89	21	70	41	58	74	38	
95	70	62	57	52	40	27	88	40	38	36	1	69	95	27	86	33	29	25	46	98	76	90	5	87	71	95	28	50	75	37	38	76	98	67	33	49	71	43	69	5	50	97	23	70	84	21	33	38	80	42	68	39	32	35	53	30	76	32	64	45	31	28	86	72	66	58	2	18	-1	45	10	82	87	96	73	3	96	89	31	99	63	23	36	9	45	56	69	10	9	22	73	18	70	86	59	44	51	34	46	
59	94	81	66	97	74	36	65	21	37	71	90	12	6	13	96	27	42	20	6	60	30	81	53	42	88	7	15	46	81	53	99	47	34	68	1	12	90	25	8	5	64	36	37	36	9	99	5	89	47	34	73	51	67	54	1	8	48	38	95	18	34	32	54	64	82	73	79	29	62	-1	40	94	67	36	64	96	31	42	48	79	47	96	15	39	35	33	29	8	32	23	60	43	22	85	38	2	17	98	66	
38	11	88	80	79	31	2	7	99	93	81	25	59	36	77	57	18	24	44	85	26	50	31	65	48	17	11	92	99	66	98	27	36	22	98	6	12	42	58	92	91	14	76	14	79	74	65	28	36	67	83	94	3	10	84	48	9	63	64	77	61	19	49	9	36	25	65	66	4	22	59	-1	19	59	19	10	22	6	24	22	32	65	74	40	50	16	13	12	50	70	51	92	62	1	32	8	40	83	82	29	
31	64	44	11	65	71	30	98	86	97	71	62	84	19	91	5	2	32	37	61	46	56	3	83	10	26	77	16	55	64	88	29	1	90	65	36	10	40	41	1	25	74	41	86	72	60	28	39	29	19	16	68	57	97	78	97	6	69	10	98	27	11	35	47	30	12	87	83	13	53	70	75	-1	24	84	15	50	93	60	27	6	97	2	24	89	42	44	28	25	94	92	68	5	39	68	15	65	59	22	32	
48	35	14	7	84	86	71	53	93	15	1	62	73	26	36	91	64	70	82	42	32	73	22	69	36	16	28	20	68	95	2	34	51	47	68	70	91	40	40	36	77	81	13	43	78	33	69	27	89	81	85	38	86	68	76	14	78	54	54	39	12	28	2	47	27	94	6	13	1	73	58	18	48	-1	76	68	41	27	90	14	26	75	22	28	1	55	26	68	56	4	24	27	94	21	74	29	69	2	95	64	
87	51	94	53	45	39	91	16	27	29	56	10	95	28	50	71	15	46	56	73	25	42	2	69	6	90	10	20	82	54	43	55	40	15	7	46	39	38	59	55	39	32	20	89	89	98	28	19	97	5	49	27	39	72	78	82	96	17	63	38	53	80	70	5	56	37	99	56	6	17	83	24	80	52	-1	89	80	82	94	25	51	29	74	62	63	93	26	41	14	50	36	27	11	62	64	51	85	83	67	55	
27	68	35	12	76	86	41	100	73	97	75	20	59	57	70	39	39	66	23	94	87	18	52	43	24	69	73	66	8	69	87	46	100	63	74	66	42	57	54	9	55	70	23	30	48	95	13	47	46	56	36	42	7	18	4	49	95	22	69	5	36	90	18	69	10	10	96	40	62	93	84	31	3	21	36	-1	15	33	89	58	10	61	6	25	68	18	100	38	41	67	81	58	62	4	94	53	80	21	13	22	
67	56	27	27	38	59	50	35	6	42	50	63	14	66	8	34	26	14	11	32	67	77	22	37	41	64	89	81	54	90	20	23	58	57	21	47	95	26	78	92	44	12	85	58	28	64	6	63	80	65	98	72	69	27	69	22	19	41	87	1	27	3	99	93	62	72	40	79	22	100	67	67	76	26	8	72	-1	19	24	56	27	99	86	75	8	82	76	99	17	79	10	29	79	92	43	66	74	2	57	80	
61	94	42	34	72	90	12	22	9	41	5	66	35	95	38	21	32	60	16	98	41	14	52	89	85	33	15	53	68	43	45	2	35	16	3	11	38	48	10	71	4	70	31	92	44	51	24	44	2	84	96	7	39	24	97	5	25	89	93	4	21	89	11	32	78	11	68	11	18	20	5	59	67	79	54	38	63	-1	60	28	24	48	57	31	15	71	12	83	51	8	25	8	51	73	87	79	64	70	64	75	
96	84	14	24	58	8	24	19	56	91	53	78	33	68	75	25	24	21	27	98	97	45	28	52	70	50	21	14	89	63	47	66	76	60	15	76	4	40	24	1	19	79	71	79	47	32	24	15	52	21	88	68	13	86	79	50	90	26	52	95	30	76	23	40	14	26	47	12	1	47	20	36	9	62	94	82	6	45	-1	46	32	2	95	92	3	69	49	46	81	85	35	16	46	77	66	17	58	81	77	9	
28	18	49	75	53	59	33	9	48	83	46	73	32	89	14	6	54	64	23	56	25	49	23	84	32	53	93	4	7	7	98	38	32	85	70	14	11	22	100	12	51	80	17	30	4	47	7	7	54	66	32	61	55	20	95	41	36	42	21	21	39	95	61	49	13	39	1	80	30	61	95	4	45	2	4	1	27	23	22	-1	43	74	7	4	35	70	56	42	75	78	100	82	63	99	37	22	95	98	45	39	
46	27	55	98	97	90	86	24	53	77	49	27	41	38	19	3	75	34	28	38	81	62	11	12	11	94	69	93	35	99	65	52	4	41	70	80	38	28	98	33	18	26	37	6	62	42	98	64	40	36	23	81	31	69	27	82	8	92	79	2	74	37	29	72	73	12	17	98	20	45	40	87	50	7	15	34	13	63	8	56	-1	76	95	79	52	70	90	96	37	19	21	71	32	52	75	67	75	93	5	55	
92	7	73	43	14	90	11	27	36	7	56	9	55	51	23	47	87	50	62	34	53	100	42	29	88	84	57	73	32	34	15	30	58	38	86	6	9	41	63	65	60	95	54	29	69	30	29	95	42	62	31	89	14	30	38	53	58	62	40	74	92	81	62	65	80	57	38	59	41	29	9	73	6	38	31	60	46	28	83	7	57	-1	39	59	9	4	14	58	27	18	15	22	62	67	85	98	4	57	53	28	
33	78	66	64	8	90	72	82	95	1	23	15	79	95	89	50	39	42	11	76	84	63	83	82	61	77	16	68	67	78	86	33	56	28	29	33	76	87	4	68	24	56	48	85	63	37	91	51	21	89	6	30	70	11	10	9	94	42	34	11	63	52	91	40	88	99	46	82	98	55	14	71	37	65	26	12	19	51	1	58	69	5	-1	10	52	82	96	46	37	19	85	60	96	78	4	9	49	21	70	4	
42	47	72	95	46	88	53	38	80	27	57	16	7	89	54	20	100	65	71	22	45	56	36	70	17	81	85	55	4	83	90	84	37	41	3	43	61	67	83	23	97	84	99	36	51	59	4	96	96	81	48	36	90	91	57	31	100	60	62	54	62	98	79	85	52	50	99	93	96	92	89	43	36	64	32	72	16	17	90	49	92	8	18	-1	96	6	13	49	99	97	84	18	2	22	86	25	68	66	93	66	
26	76	49	37	50	96	28	41	77	77	37	54	51	62	37	31	84	43	70	15	92	54	35	98	70	97	7	52	48	87	69	94	94	69	57	100	21	37	85	58	38	83	90	70	31	48	7	21	21	57	82	61	12	13	47	26	2	77	46	55	2	87	28	60	20	89	64	18	92	84	57	3	24	64	80	87	9	13	12	41	38	51	98	65	-1	91	46	66	82	51	96	57	100	26	63	33	96	72	62	86	
71	86	20	18	48	38	27	11	20	61	58	91	99	4	5	100	5	14	15	26	34	45	70	94	21	75	6	100	86	91	23	39	71	52	57	23	20	29	93	51	55	21	34	96	55	66	47	34	30	60	82	38	33	15	53	71	87	61	73	57	98	25	57	35	37	97	36	75	33	17	57	100	82	80	29	67	56	6	46	82	27	62	67	29	84	-1	70	83	10	74	90	11	48	23	61	86	22	22	50	24	
96	17	61	27	58	58	20	55	56	36	48	85	54	51	48	84	81	15	58	76	57	57	87	96	37	39	64	85	76	50	30	85	53	25	66	23	25	79	13	21	31	13	29	24	97	25	97	47	17	38	66	86	62	86	3	68	64	72	1	67	77	81	86	43	98	96	71	10	65	45	89	94	44	60	53	67	50	15	18	91	81	17	58	55	72	75	-1	80	28	21	74	17	62	97	79	82	51	63	56	61	
31	75	56	69	7	60	37	67	99	59	15	74	53	29	3	71	62	99	77	50	35	85	15	96	73	49	43	13	92	32	47	59	74	81	51	95	50	61	55	28	79	31	30	86	60	69	70	81	68	55	84	70	14	42	82	97	52	71	11	96	39	1	71	62	4	48	35	39	78	12	16	27	16	6	27	34	68	57	40	7	76	84	19	20	47	33	50	-1	16	60	69	85	34	31	18	10	9	32	69	56	
57	72	26	2	5	25	24	84	17	61	29	26	6	38	62	80	3	48	79	48	63	4	17	77	96	32	79	68	14	78	2	26	32	42	65	86	2	70	21	75	63	20	42	23	45	14	33	65	16	57	82	92	15	36	17	33	1	70	61	71	26	79	73	97	72	27	7	60	1	55	69	17	58	52	62	85	65	9	69	11	10	76	64	50	63	17	7	68	-1	30	98	26	61	7	10	5	20	74	91	78	
99	62	69	4	58	7	25	74	46	78	42	78	54	94	3	56	9	64	90	89	65	50	67	48	36	57	27	54	21	26	62	56	73	82	7	27	86	41	4	15	99	71	74	32	38	67	61	9	11	89	39	98	81	91	21	53	46	19	35	7	58	39	97	64	28	33	78	40	24	17	80	31	52	72	12	36	38	90	71	25	82	48	28	66	40	66	1	83	60	-1	6	9	54	96	50	80	42	37	62	100	
40	98	14	5	56	69	86	40	92	39	7	80	15	3	21	34	25	70	53	38	24	69	42	9	14	66	86	21	46	56	90	71	28	70	70	64	69	66	53	22	69	90	93	32	79	42	69	9	43	3	52	96	18	15	90	35	71	38	96	94	15	97	77	35	66	73	9	64	33	46	92	99	4	13	41	64	61	18	88	19	80	38	82	100	52	28	86	36	77	18	-1	23	34	3	55	89	10	20	11	52	
9	62	98	60	90	64	96	6	6	57	73	17	38	100	80	92	65	93	89	43	3	48	47	64	6	46	47	73	98	48	19	7	100	15	30	21	27	44	69	65	21	11	97	1	57	31	37	18	39	95	2	45	73	100	5	43	96	62	10	7	75	16	43	73	95	36	6	14	50	14	26	85	30	15	39	28	72	33	17	23	98	93	55	83	93	14	8	71	63	84	66	-1	16	27	47	93	39	53	17	74	
83	16	69	36	59	83	13	63	88	64	34	100	23	43	35	24	26	55	68	72	21	16	64	23	31	56	1	50	20	55	66	1	85	21	4	3	34	23	93	56	52	52	91	37	63	73	89	68	46	99	11	52	84	65	66	47	57	5	2	66	21	79	71	77	12	75	49	31	51	26	32	24	94	5	62	81	75	13	35	36	57	38	52	73	81	81	39	84	5	99	42	29	-1	2	100	8	8	99	68	99	
96	6	25	48	57	63	33	69	20	82	50	69	64	82	35	1	63	19	96	77	3	60	5	41	62	50	51	29	91	87	63	78	45	54	47	47	36	82	94	2	14	33	32	72	40	47	26	36	18	99	3	62	93	17	99	23	26	73	94	38	37	59	41	14	60	40	52	83	25	80	23	47	27	99	71	70	36	25	64	63	74	77	21	84	95	9	41	72	53	40	23	88	16	-1	4	88	96	27	99	25	
58	8	28	65	58	87	9	4	40	79	23	76	92	66	100	2	25	4	44	100	44	75	75	54	81	46	54	74	82	99	24	45	22	56	71	11	21	65	15	30	11	18	94	66	26	36	40	91	8	34	69	87	55	96	25	1	66	36	12	11	25	35	30	20	77	63	28	65	87	66	96	45	21	85	61	54	37	26	27	91	8	87	41	62	90	56	63	74	44	46	90	54	49	33	-1	94	55	38	35	24	
72	72	98	16	38	64	100	57	37	96	81	10	2	15	49	23	94	31	98	85	77	62	88	73	39	7	87	12	13	37	73	27	59	60	37	5	92	10	71	53	54	41	53	4	56	36	61	84	30	27	67	10	4	19	62	21	10	49	66	39	54	54	61	76	62	63	66	72	19	49	21	30	90	39	93	71	74	91	50	35	63	27	79	50	85	93	87	1	96	97	42	56	30	85	98	-1	87	61	97	3	
96	28	52	100	76	44	58	58	39	7	52	30	29	31	41	22	6	39	47	36	54	96	65	87	98	26	74	46	14	53	6	34	3	18	71	38	50	88	99	73	21	4	71	99	90	48	51	48	38	51	24	69	96	26	3	12	58	85	17	79	86	5	70	48	13	21	41	20	89	78	92	32	25	4	16	78	85	9	100	52	25	96	86	62	78	10	94	99	55	12	22	26	6	70	65	41	-1	7	93	48	
85	68	11	2	67	78	75	39	7	86	51	63	59	44	46	40	83	100	21	49	30	98	6	81	71	52	38	36	9	85	23	91	59	36	30	25	16	36	17	40	46	75	93	18	5	90	2	78	83	31	39	50	90	50	95	70	82	8	51	21	83	74	90	86	20	84	56	26	13	9	87	100	71	5	59	72	54	84	26	40	100	47	90	8	71	4	3	10	14	31	93	97	68	54	71	97	34	-1	9	19	
63	36	99	40	49	49	7	58	65	46	74	41	14	24	67	80	35	97	72	15	75	12	21	23	69	4	3	1	5	83	82	65	66	59	98	56	69	33	47	40	37	20	91	96	41	100	84	24	71	99	57	74	51	69	17	48	43	31	82	80	4	71	17	18	57	98	55	80	54	27	37	68	24	90	31	41	3	59	93	19	28	74	56	56	8	98	100	23	57	97	82	68	75	24	99	40	66	71	-1	9	
15	50	55	94	47	66	66	11	47	73	87	39	99	78	58	20	30	100	6	89	73	46	49	45	86	42	20	54	45	79	97	61	61	47	97	42	31	63	1	71	50	68	18	66	55	30	91	58	91	93	76	81	8	45	73	11	85	50	21	18	24	54	99	63	47	59	16	12	83	20	79	42	15	54	77	61	76	86	81	37	99	5	83	75	48	92	23	5	41	89	77	30	10	46	38	94	92	41	29	-1	
