100
-1	18	58	2	10	45	28	27	38	96	53	18	63	52	67	19	77	63	32	50	31	74	31	12	23	73	71	14	27	88	79	93	83	76	10	70	13	61	68	22	69	86	26	21	89	68	66	62	84	48	41	3	52	28	29	63	65	22	58	3	44	81	13	13	34	72	91	41	70	58	10	18	13	85	24	13	31	5	12	44	80	79	7	2	40	49	80	57	44	76	95	72	82	49	58	19	83	48	43	11	
50	-1	50	4	86	20	72	41	46	98	64	6	37	14	96	61	77	35	45	48	88	66	34	46	91	69	97	74	19	57	81	89	8	29	5	33	10	91	96	49	100	70	65	35	55	59	84	15	22	44	18	30	99	28	1	87	55	32	32	81	41	37	58	26	28	83	52	34	58	49	52	59	91	95	23	19	35	69	99	58	99	80	89	81	82	77	89	7	95	8	8	32	93	55	37	100	28	92	11	81	
14	68	-1	37	31	100	25	7	74	25	84	72	21	99	59	73	82	45	83	85	2	41	65	41	2	99	62	22	66	34	71	89	1	42	10	94	69	69	79	44	73	25	70	40	16	78	29	40	48	12	68	50	82	56	43	40	68	32	100	86	24	3	42	86	23	58	25	36	58	12	18	55	55	16	41	82	67	96	82	18	15	87	5	51	37	32	18	33	92	14	91	13	19	60	91	28	97	58	11	51	
89	39	66	-1	79	84	60	34	83	39	73	37	60	87	27	22	97	66	97	1	75	8	51	16	58	74	23	47	92	10	22	24	34	2	92	91	85	53	3	1	38	47	65	60	10	93	66	35	3	78	75	9	43	72	93	39	50	25	18	69	21	67	10	38	21	14	45	25	61	17	7	86	80	80	92	45	35	56	25	75	94	63	58	62	8	34	46	44	28	17	60	27	41	10	35	79	57	52	40	3	
22	24	82	49	-1	49	73	6	93	24	97	73	32	65	24	3	80	27	76	92	70	69	9	4	51	72	70	87	29	26	88	84	2	72	55	19	5	28	6	27	39	60	26	92	44	21	70	64	55	51	6	33	43	60	1	100	82	91	7	8	54	52	43	12	31	9	13	93	56	6	71	40	93	48	89	15	72	42	59	62	82	21	26	84	37	58	41	99	96	98	14	56	7	97	11	30	99	14	98	30	
20	10	5	23	29	-1	83	54	91	95	11	26	54	27	69	2	9	17	99	22	17	1	20	6	5	95	40	99	41	61	2	7	33	74	81	87	30	60	54	19	19	15	89	51	22	88	82	93	24	35	54	47	34	81	70	27	42	44	55	60	81	68	70	95	26	41	26	77	71	2	5	10	42	14	75	91	52	38	73	52	89	58	72	65	30	51	55	54	2	100	66	24	50	7	45	14	77	71	66	48	
28	7	35	82	58	70	-1	10	17	94	17	45	30	84	80	8	35	53	32	72	53	43	28	99	66	80	71	73	44	74	30	25	11	79	99	36	52	10	37	77	73	98	68	59	35	69	75	91	61	79	16	8	23	32	80	23	38	71	24	62	94	85	3	2	30	2	33	93	95	90	96	97	56	78	41	98	39	20	72	24	91	20	95	40	85	85	64	80	41	56	62	74	31	94	98	38	42	8	75	46	
51	10	78	98	32	16	14	-1	39	43	97	23	52	90	85	1	72	61	70	35	54	14	61	89	62	19	33	7	80	61	37	87	91	52	58	69	19	52	23	12	13	42	72	28	90	93	16	29	27	98	35	7	69	82	83	40	73	19	87	74	49	54	64	69	46	63	42	7	69	9	47	55	77	24	38	42	31	84	87	20	58	5	80	10	20	39	19	24	4	50	18	66	40	22	31	63	62	3	18	49	
67	41	28	2	79	42	97	10	-1	75	60	36	79	68	52	49	97	47	67	27	53	86	93	72	68	90	51	9	8	37	93	90	7	70	63	46	51	54	7	39	92	93	60	5	79	26	73	6	36	27	86	1	7	65	58	79	52	74	36	70	79	100	12	46	45	77	4	41	100	31	59	66	36	34	68	28	3	15	60	96	86	16	62	63	70	13	51	17	10	9	86	19	93	66	32	55	46	97	70	89	
50	29	35	32	78	81	81	11	30	-1	52	100	13	25	5	73	7	61	31	4	12	18	55	83	22	98	75	57	67	16	41	44	94	41	25	98	35	38	67	74	89	79	5	77	30	83	95	11	88	6	7	43	74	75	7	93	84	82	29	84	84	9	98	55	65	81	50	72	29	91	91	31	61	39	1	3	44	9	61	74	26	63	84	26	26	66	74	56	69	68	13	4	20	70	96	77	36	81	97	78	
45	98	30	49	29	34	88	83	57	7	-1	52	44	9	61	99	68	43	27	67	27	14	82	10	37	77	62	70	93	80	22	14	63	31	39	100	39	92	60	11	52	95	1	55	76	24	35	11	50	15	50	39	34	13	54	54	32	65	3	97	35	66	89	4	3	83	14	92	53	82	81	2	70	29	98	3	7	89	19	5	43	45	11	85	21	68	49	5	32	18	59	60	44	60	3	32	34	49	79	71	
87	27	28	48	29	78	96	32	83	23	87	-1	89	83	89	74	74	77	5	71	84	41	11	88	16	39	64	87	49	25	57	37	40	22	91	42	30	14	48	77	85	31	75	80	62	66	47	86	14	65	22	55	99	91	40	32	64	16	77	36	100	67	15	49	48	9	2	95	20	5	90	10	83	84	27	10	44	17	7	88	20	61	46	15	81	43	13	20	77	20	30	13	52	17	87	63	10	17	89	31	
77	76	4	82	81	60	92	61	16	87	70	32	-1	16	57	68	57	87	52	57	31	99	2	21	83	98	90	77	43	91	52	74	30	53	97	42	71	16	50	18	81	82	25	82	98	67	50	18	34	64	3	14	39	17	94	13	86	53	98	13	77	91	40	86	7	93	31	68	3	27	26	18	93	37	73	44	77	9	52	83	62	17	39	40	94	92	8	34	58	22	13	100	68	49	81	14	83	61	7	62	
28	27	69	2	22	98	33	5	55	90	53	23	61	-1	42	68	73	5	59	65	12	11	37	4	92	10	49	85	80	14	48	7	24	12	72	74	48	28	8	5	91	98	92	19	58	90	90	22	2	68	59	96	39	56	85	66	62	13	80	10	42	92	3	17	98	75	25	45	98	43	32	15	52	63	46	97	12	10	37	34	63	63	7	14	7	43	11	23	31	10	74	92	86	13	61	81	13	27	86	35	
26	67	62	17	46	58	82	43	69	49	85	59	76	57	-1	28	74	8	22	82	60	98	84	66	73	98	9	55	34	43	94	100	35	74	35	77	63	19	42	77	94	85	11	55	17	42	4	17	44	98	18	27	24	50	77	1	47	65	47	69	44	18	58	19	53	48	57	82	59	93	65	10	29	77	64	65	21	79	10	47	100	33	86	93	91	53	75	99	17	70	100	46	71	44	17	98	74	51	7	40	
15	14	61	37	5	27	80	87	14	53	36	30	35	34	56	-1	57	29	90	59	51	28	31	76	55	40	47	24	6	25	23	66	35	63	69	51	24	92	20	70	17	64	78	61	49	84	87	26	83	71	25	25	57	7	63	19	87	66	29	54	79	50	32	49	13	65	98	75	72	40	5	47	6	4	52	87	65	91	46	97	90	41	5	57	26	90	46	44	23	29	84	65	32	65	14	10	40	11	89	93	
92	73	60	27	34	61	22	64	77	49	61	73	27	61	60	91	-1	38	58	64	1	2	1	79	3	17	35	69	71	72	52	14	84	2	93	35	94	34	87	15	66	62	61	50	94	29	13	69	18	80	5	25	12	57	87	33	1	63	3	97	58	94	37	25	18	62	86	40	72	66	99	77	51	31	7	27	71	57	8	93	48	17	1	45	66	39	15	52	11	6	86	98	65	10	36	90	77	37	44	53	
52	45	76	67	32	9	12	10	18	94	82	6	75	16	98	65	23	-1	93	75	51	5	53	50	68	56	15	55	93	70	67	37	17	95	12	86	61	72	24	15	78	49	17	72	69	83	90	55	95	47	23	89	30	42	21	37	72	69	66	90	34	89	99	51	76	1	62	65	15	93	79	28	11	21	25	69	86	10	23	76	44	37	52	68	5	100	2	3	4	74	38	100	30	13	22	45	2	38	84	42	
37	97	19	47	53	22	39	66	18	75	38	45	85	30	64	25	8	9	-1	91	47	93	45	68	73	75	8	31	60	70	42	58	40	83	9	27	77	47	43	75	77	67	21	67	27	92	98	1	94	51	54	60	77	100	28	79	21	18	24	27	11	86	20	51	76	26	9	64	65	39	82	68	84	22	77	52	93	71	17	92	9	31	75	90	49	15	67	88	57	88	34	90	30	22	86	23	28	48	25	25	
8	5	37	15	27	20	91	38	59	56	67	60	30	26	59	65	31	32	48	-1	70	84	95	30	99	21	12	50	91	6	90	8	87	77	83	45	67	40	80	99	80	58	21	95	83	44	61	20	44	100	42	26	55	34	1	55	14	73	29	65	63	46	1	64	29	56	46	42	33	21	1	20	71	97	1	55	97	67	49	20	64	48	64	56	64	4	13	43	100	13	5	51	70	75	47	15	72	73	2	4	
81	62	37	64	82	60	27	65	63	11	44	76	64	73	56	31	75	80	23	76	-1	97	18	76	95	1	21	13	70	44	37	56	10	34	81	51	89	87	11	37	86	65	49	24	24	61	89	73	47	92	81	38	91	84	70	43	26	36	36	64	60	48	63	74	74	40	60	59	44	2	27	94	78	10	47	43	88	42	87	31	72	74	52	48	80	46	39	100	73	78	36	47	35	25	51	29	46	4	42	56	
97	21	59	62	72	99	36	7	43	72	36	18	41	38	99	24	87	47	65	49	2	-1	87	62	89	97	94	74	22	15	90	32	92	99	5	76	41	38	19	5	3	87	55	15	18	60	28	57	86	39	86	66	16	13	48	22	40	36	12	51	51	36	17	93	26	92	60	17	23	42	51	72	67	34	34	16	79	3	71	23	38	89	71	12	99	48	5	10	91	94	42	46	18	39	94	21	2	2	66	38	
40	61	66	16	50	53	62	75	85	51	59	20	64	6	87	10	25	13	21	24	86	32	-1	25	68	86	86	24	36	81	42	43	71	85	71	57	82	90	99	62	9	17	83	5	68	32	12	58	17	53	90	53	51	85	65	73	72	87	79	64	23	37	44	50	29	48	51	12	69	34	82	71	9	21	53	13	15	59	83	11	32	77	89	16	76	60	31	5	54	48	52	98	25	27	59	87	31	90	19	38	
9	82	28	60	79	42	47	42	2	75	81	87	99	20	99	15	42	3	16	81	26	67	77	-1	97	50	91	97	31	45	68	93	68	62	14	55	78	36	93	59	45	100	29	56	97	75	74	71	9	89	18	93	39	77	3	32	25	31	54	12	98	52	4	30	93	81	63	61	45	39	16	15	66	73	86	9	94	26	59	31	87	85	61	94	16	70	84	64	71	31	50	53	75	71	88	22	94	49	71	34	
24	28	21	44	68	82	20	96	69	67	99	73	57	95	36	63	99	18	34	20	11	6	1	16	-1	27	6	6	65	42	75	3	84	51	52	82	49	7	82	65	25	91	19	46	94	86	6	28	67	42	44	46	85	16	77	41	53	57	70	48	58	34	97	99	69	35	6	9	100	68	53	60	24	68	20	20	26	31	74	39	96	9	80	74	15	11	23	56	67	78	86	29	35	22	81	88	71	96	30	5	
35	87	76	64	72	15	13	6	9	7	44	19	56	37	6	7	69	12	84	81	20	73	58	100	34	-1	17	91	44	88	89	9	42	99	91	22	87	7	53	58	54	46	55	91	34	72	6	79	1	41	94	33	28	18	71	31	47	32	51	45	25	41	15	70	91	72	69	91	20	47	45	60	81	83	34	19	66	91	67	34	9	29	21	65	64	94	36	32	85	5	17	65	2	37	78	89	22	70	28	11	
99	33	96	30	36	98	1	93	13	47	13	15	17	34	82	40	3	32	43	97	62	100	63	27	98	2	-1	25	50	38	44	37	39	16	24	81	96	65	40	32	72	53	58	43	51	75	60	89	78	8	67	40	74	58	3	65	5	51	14	44	86	71	52	87	62	39	70	21	27	82	61	94	44	17	66	34	41	1	15	13	64	23	25	81	24	85	100	13	1	80	74	28	36	89	84	59	57	88	69	40	
74	65	16	48	58	81	93	65	33	13	43	79	73	8	80	95	18	55	48	34	46	53	66	81	21	57	69	-1	61	67	31	6	37	61	60	67	73	25	5	88	93	20	90	55	74	10	76	29	21	37	13	75	70	97	89	30	42	40	73	7	52	92	20	89	20	29	10	72	46	49	96	78	46	73	11	4	71	10	81	88	33	75	65	76	21	73	54	90	64	33	66	65	57	64	55	78	35	93	55	64	
94	98	48	21	27	40	26	42	70	65	100	61	83	74	24	53	16	54	31	25	3	56	33	49	83	44	16	49	-1	3	81	39	43	42	33	1	83	48	46	46	25	26	99	21	67	96	14	95	40	3	84	17	32	21	74	100	65	67	15	36	37	55	33	66	17	97	45	9	25	27	97	47	13	87	97	53	83	4	25	16	10	57	68	26	63	25	66	96	58	100	61	93	59	57	66	12	89	32	19	45	
23	53	44	5	33	58	38	46	6	14	81	97	7	7	69	19	22	61	84	14	76	67	59	17	87	53	43	45	72	-1	7	65	93	9	29	12	64	86	99	94	6	81	71	66	4	75	77	16	76	33	46	65	77	34	40	12	86	13	28	37	5	47	1	25	25	34	25	43	64	9	29	70	51	79	30	42	43	29	77	27	58	7	43	84	76	22	82	20	26	49	6	67	92	96	27	3	94	100	89	52	
46	3	25	29	83	87	20	51	49	55	78	88	71	41	17	33	1	62	49	44	48	90	18	29	10	39	12	61	62	33	-1	10	67	12	47	87	59	85	12	8	12	21	75	74	43	77	51	43	44	39	47	55	39	7	57	37	31	91	2	49	57	83	74	48	97	71	84	70	85	88	15	71	22	97	46	14	30	14	41	70	66	46	73	65	57	45	19	42	94	36	75	13	47	19	87	6	93	23	61	58	
49	10	76	25	56	72	63	73	51	40	67	53	54	6	8	42	75	85	65	86	81	43	55	45	9	20	55	93	51	73	63	-1	88	66	46	63	61	34	46	92	52	2	57	72	25	45	39	19	67	67	31	42	64	68	10	74	69	21	81	16	92	80	87	78	24	37	76	64	76	21	15	63	38	37	23	86	86	18	29	80	19	36	71	45	45	44	99	36	72	55	45	88	96	31	35	30	17	28	28	50	
9	27	75	18	12	10	73	23	83	65	60	65	60	75	73	89	36	72	40	45	94	41	78	84	100	68	80	46	80	98	46	14	-1	73	74	22	95	77	68	59	20	33	22	12	55	47	10	57	79	87	96	60	76	37	41	19	32	45	36	53	56	44	72	90	4	19	26	49	3	62	52	49	64	95	6	1	62	91	28	91	71	55	73	86	42	54	10	96	11	43	18	88	26	38	64	37	52	76	30	82	
57	51	65	91	33	2	40	39	73	96	41	56	41	70	34	76	92	96	33	81	27	81	50	12	61	42	20	73	78	11	38	46	7	-1	55	3	53	53	29	65	75	10	60	26	18	16	72	59	89	7	97	20	66	66	51	5	21	65	63	12	75	85	34	18	66	71	38	26	15	74	21	59	83	95	64	86	26	82	36	100	81	10	21	46	23	69	91	73	43	49	29	42	64	35	90	83	96	38	94	87	
73	94	69	52	9	57	19	54	41	37	51	30	8	60	21	8	41	64	38	21	2	91	98	5	78	70	37	56	62	4	33	37	75	69	-1	67	16	95	60	23	20	77	70	41	24	26	16	5	40	54	99	47	90	26	41	79	58	3	91	7	5	46	61	63	85	81	73	84	1	15	72	100	74	28	25	9	7	87	75	72	65	15	73	36	6	71	84	75	86	9	13	67	75	74	8	45	33	36	100	30	
33	44	28	31	100	36	61	59	82	11	73	51	99	28	76	5	68	61	8	11	38	46	78	98	25	61	14	98	19	98	32	57	55	53	37	-1	20	40	63	28	45	93	51	10	85	27	10	46	23	88	53	5	38	54	49	40	52	23	58	20	67	67	9	67	56	16	48	7	30	100	48	92	16	100	89	93	83	88	91	44	38	91	65	70	30	36	65	45	20	49	51	96	20	67	59	58	24	79	68	18	
14	47	83	6	7	72	74	68	72	18	89	82	65	76	18	1	51	50	28	22	34	64	19	90	12	5	22	12	37	84	81	54	47	78	71	46	-1	51	24	91	45	41	50	67	27	33	91	1	32	90	55	85	58	39	3	14	48	28	25	53	55	70	84	55	35	98	48	70	4	95	48	18	41	66	11	36	33	73	61	60	68	27	72	96	20	79	15	80	88	39	33	87	1	47	9	58	80	23	9	15	
95	89	81	69	8	82	53	94	70	62	21	17	48	97	16	9	99	77	27	29	64	10	31	14	47	61	33	90	82	5	41	62	85	25	6	91	33	-1	13	93	52	99	79	19	18	50	61	31	16	73	62	7	9	66	61	18	69	13	48	12	83	73	16	17	44	92	36	15	91	78	45	41	34	64	49	80	13	88	70	21	93	68	37	7	29	86	34	83	100	71	83	9	69	49	85	8	43	57	30	49	
83	69	15	72	84	64	32	75	17	12	65	55	69	36	79	88	31	58	68	13	43	13	83	100	77	77	68	11	96	72	86	22	74	39	54	15	26	85	-1	31	84	6	8	14	92	46	79	72	21	56	44	53	88	46	82	72	5	37	31	40	16	15	16	25	97	40	88	84	68	100	97	58	4	28	64	4	24	17	52	75	90	81	18	74	84	73	79	44	25	75	49	70	13	33	23	10	11	85	87	81	
54	94	93	31	69	59	42	84	100	55	98	52	24	44	82	2	6	72	20	42	35	53	12	85	82	96	43	42	50	85	78	50	21	48	49	7	66	43	4	-1	57	99	78	78	45	62	83	13	70	85	39	77	8	91	97	32	66	65	34	81	1	77	76	71	51	54	82	97	21	52	20	48	83	30	92	40	99	88	36	90	33	82	51	6	63	62	97	61	21	36	89	29	66	97	62	47	31	88	65	20	
43	69	34	76	84	59	47	88	1	67	41	63	36	83	2	18	34	23	11	50	81	27	23	98	97	96	79	22	34	64	79	24	21	32	57	61	34	52	81	5	-1	80	6	65	14	83	74	33	10	54	98	62	92	99	96	10	86	59	72	95	84	58	40	30	63	44	37	93	42	33	32	41	37	71	89	44	68	65	31	73	34	30	87	37	80	54	69	44	11	92	65	79	89	57	46	28	14	40	93	83	
1	6	88	26	42	16	49	9	81	2	92	92	90	47	39	26	7	50	29	64	10	39	62	29	96	43	34	43	9	44	83	61	84	100	31	86	69	99	24	62	49	-1	68	27	16	38	92	10	80	76	13	53	58	7	25	59	10	34	89	50	53	63	65	4	97	8	89	73	52	50	45	73	98	36	60	64	48	17	62	34	51	22	93	16	66	46	73	100	87	3	54	40	56	78	54	62	93	61	98	51	
68	4	82	57	17	41	5	25	75	93	61	93	23	16	98	18	8	22	20	74	90	39	56	39	95	44	68	79	15	35	17	95	30	9	85	54	47	69	44	64	3	12	-1	100	78	48	35	61	24	20	20	42	75	81	14	4	48	34	70	38	50	29	22	90	36	82	87	31	51	49	28	52	60	15	79	64	57	38	91	70	88	54	9	86	86	87	3	64	94	12	52	37	20	69	53	49	91	84	19	8	
80	17	94	55	22	79	13	44	15	10	32	72	100	78	79	45	56	68	51	92	97	59	69	77	8	62	93	20	82	77	73	6	54	44	47	5	17	11	60	9	43	10	10	-1	36	40	40	38	46	23	15	6	36	78	46	27	45	78	40	82	86	16	19	64	64	92	22	2	12	77	79	78	98	46	83	44	57	47	73	16	30	62	22	20	98	43	66	12	1	43	30	56	53	33	83	34	88	31	8	49	
41	62	95	17	24	70	42	95	20	61	59	95	8	30	12	13	77	70	89	97	47	54	94	27	18	70	58	41	27	81	92	6	50	25	23	43	10	45	61	23	68	46	91	77	-1	65	94	73	44	23	59	4	46	24	47	91	38	100	54	14	30	4	64	96	2	87	81	43	44	85	43	86	92	66	63	86	84	96	34	93	39	44	5	47	39	83	30	14	6	79	9	5	33	47	52	6	64	56	75	84	
62	17	46	55	2	37	31	3	88	66	6	60	96	78	100	38	75	78	28	85	51	25	88	1	34	98	87	44	26	20	77	20	91	17	16	78	56	31	34	17	55	83	79	27	48	-1	46	28	46	76	73	8	29	61	28	70	52	72	31	95	29	54	31	53	13	77	70	60	94	96	17	49	90	63	30	100	44	98	31	70	85	16	73	14	2	60	72	31	24	37	66	11	45	21	66	67	37	54	31	95	
7	64	57	82	29	82	96	94	96	20	70	69	93	20	90	71	24	44	66	40	3	7	96	84	39	3	61	37	82	7	69	84	21	73	39	68	89	30	8	95	99	24	62	61	80	36	-1	43	46	16	76	74	28	84	79	53	5	65	76	39	17	22	11	88	67	71	38	70	100	80	16	39	53	2	56	57	43	80	95	57	52	96	25	83	87	15	37	12	42	34	88	49	86	11	92	67	97	63	81	87	
36	53	31	32	28	19	30	35	10	4	19	67	15	18	95	73	73	92	16	53	47	62	90	30	49	88	28	26	36	60	56	46	27	80	93	72	54	96	66	29	14	15	78	78	69	28	26	-1	82	67	27	10	34	77	93	3	47	9	4	52	62	63	67	56	30	54	81	64	51	49	80	22	99	39	23	33	41	98	12	61	67	80	80	25	80	71	8	83	51	62	97	84	43	59	10	41	75	24	92	65	
68	73	78	52	60	62	23	28	9	24	85	50	83	49	95	26	98	78	81	58	23	1	50	28	76	26	58	79	14	5	62	4	31	64	72	22	53	22	55	62	14	85	59	39	36	76	96	61	-1	94	25	89	24	63	77	95	44	78	39	39	70	99	61	57	5	86	4	33	94	73	52	79	21	23	64	81	17	58	87	92	66	56	52	8	12	30	70	16	7	40	18	50	85	9	85	26	48	54	56	5	
37	77	47	99	75	48	22	97	40	74	74	37	64	73	7	79	96	41	24	77	18	27	96	17	33	45	32	1	64	98	25	28	22	9	63	39	49	7	94	50	67	64	20	72	64	13	55	40	46	-1	71	76	58	61	75	84	2	90	99	14	95	6	20	62	6	23	4	52	72	55	57	64	16	60	63	69	18	27	79	67	65	3	49	25	56	40	31	70	63	72	54	44	70	46	96	63	79	18	54	95	
80	57	1	92	39	53	68	97	9	34	88	27	88	82	30	63	13	79	48	55	26	27	82	57	36	8	43	68	83	20	12	63	4	70	41	87	91	79	30	73	35	88	91	100	51	97	27	47	26	21	-1	17	50	13	10	16	21	56	36	53	30	22	13	86	93	92	68	25	64	81	78	26	60	27	76	85	92	85	34	43	24	68	63	75	43	82	47	76	29	69	29	25	44	96	17	71	15	81	5	10	
52	79	58	55	14	36	73	37	90	26	46	71	75	33	25	61	71	88	60	41	4	69	4	95	18	74	55	24	87	17	26	88	57	90	30	42	91	96	72	56	23	41	93	63	70	27	7	92	77	83	14	-1	48	30	95	66	13	73	86	21	25	65	2	27	62	65	19	43	3	4	54	21	62	69	28	3	26	43	40	33	55	21	55	8	88	51	3	4	29	40	33	9	77	95	47	23	9	40	100	82	
73	96	74	20	74	11	54	40	93	57	10	78	83	71	56	80	14	76	97	97	39	28	80	20	40	19	15	20	12	20	35	65	48	72	68	57	93	18	47	3	19	37	92	8	12	40	70	100	65	4	33	40	-1	12	23	54	22	67	76	88	4	28	27	58	84	86	31	32	3	90	97	3	97	17	66	22	1	17	87	45	45	42	68	47	16	87	59	86	54	66	99	57	52	56	93	35	1	92	97	10	
19	10	68	87	30	59	92	83	62	87	49	65	59	65	55	55	62	17	11	2	26	68	15	66	92	33	56	97	10	37	94	94	53	40	67	21	78	72	88	81	46	45	72	78	58	81	53	93	34	90	36	97	48	-1	98	12	7	7	75	74	7	80	11	7	92	1	41	3	66	21	40	25	95	95	92	18	97	94	95	74	77	8	37	65	94	1	35	6	88	31	65	42	63	47	30	43	65	19	12	31	
50	42	8	67	93	35	67	23	68	86	66	31	40	79	63	78	87	5	52	78	33	86	31	73	60	83	35	47	15	10	30	51	94	26	8	38	55	84	19	69	100	95	47	23	28	65	11	96	99	80	9	31	14	81	-1	43	54	26	32	22	81	99	100	43	44	56	66	63	27	46	8	3	18	6	14	45	18	38	32	70	53	18	49	93	70	51	8	6	49	85	37	10	11	90	67	6	65	90	83	22	
49	76	27	12	42	60	72	29	9	83	69	32	64	100	41	80	22	16	83	7	38	97	84	48	61	6	12	84	14	18	44	88	80	74	51	18	55	72	72	55	15	89	84	64	50	65	21	35	79	62	5	32	10	86	23	-1	67	81	17	82	48	40	26	44	58	93	84	6	64	87	81	49	2	88	2	73	6	81	98	86	86	25	55	64	13	32	76	43	28	85	74	51	75	98	33	86	20	87	67	38	
67	46	26	78	42	37	13	15	7	36	85	75	12	41	81	98	87	49	24	35	82	16	76	77	16	92	91	75	81	22	29	49	50	46	81	68	5	69	29	11	23	7	43	27	18	70	70	100	66	51	80	29	2	43	73	38	-1	100	35	47	19	9	55	28	56	14	53	81	99	76	16	76	85	17	63	57	85	36	80	40	18	1	8	1	87	20	29	64	28	91	85	87	30	30	37	2	2	31	6	30	
55	66	43	25	41	26	87	37	62	16	72	53	83	21	64	40	78	91	2	29	99	64	81	58	87	25	12	77	45	80	90	64	19	72	36	32	7	94	35	68	74	73	69	23	49	57	45	11	74	28	83	96	57	32	36	72	44	-1	69	89	20	63	81	4	15	48	57	50	65	62	4	48	63	73	37	27	13	90	50	53	36	47	98	18	45	88	86	44	77	51	55	35	51	57	31	88	51	3	99	30	
80	8	84	5	1	15	37	62	31	95	15	36	62	8	66	54	36	38	19	76	18	1	74	14	74	47	62	94	4	10	39	50	77	63	99	34	89	23	20	51	72	12	9	52	36	71	79	28	13	69	2	80	69	54	100	51	72	69	-1	85	23	39	1	72	45	40	100	89	40	9	62	27	33	46	4	60	39	40	18	14	6	32	61	12	53	43	6	5	96	11	15	49	50	18	46	86	15	38	79	1	
6	100	28	53	41	8	93	3	12	53	38	70	83	70	88	1	30	13	56	47	100	42	64	77	95	38	47	59	17	49	11	56	28	70	57	23	70	67	81	18	32	55	19	36	83	81	37	92	32	21	41	7	36	62	81	2	91	92	82	-1	24	38	6	30	17	42	27	53	12	76	45	25	55	34	54	53	92	23	6	15	17	17	72	1	27	78	17	18	60	81	42	93	8	27	22	18	53	69	43	55	
25	11	11	73	71	70	30	3	77	14	98	19	17	27	7	44	7	21	36	43	30	21	46	93	61	58	59	84	39	36	90	77	86	88	21	85	69	100	55	2	52	32	27	97	72	82	61	50	99	93	31	84	33	80	62	1	55	73	63	84	-1	60	52	4	97	46	14	11	48	19	65	37	18	68	78	47	49	1	40	37	99	82	83	31	48	60	65	16	71	55	36	92	97	8	100	89	100	14	57	66	
32	1	80	84	23	34	83	56	98	1	11	41	78	60	74	42	100	79	68	95	57	49	73	56	53	46	44	45	38	53	82	84	59	4	42	69	93	85	71	8	18	40	82	36	8	26	42	58	24	68	58	55	56	16	10	46	70	15	92	41	2	-1	20	48	83	74	24	21	62	71	78	95	66	3	93	82	26	81	32	28	17	56	37	78	15	28	25	94	70	53	58	65	75	18	26	7	61	73	60	7	
32	7	61	70	46	66	76	54	6	57	17	99	45	52	46	88	97	41	35	38	16	58	32	26	81	48	8	8	100	71	25	60	16	83	5	4	12	43	14	50	78	35	82	83	44	23	56	88	52	62	31	17	23	29	28	83	53	25	30	26	95	74	-1	34	54	48	88	7	69	76	17	39	2	37	81	14	73	72	31	71	59	32	1	21	63	45	29	51	93	25	84	39	33	89	68	44	11	30	46	86	
98	66	66	22	87	48	33	62	84	96	90	70	28	17	96	68	8	17	76	41	87	55	67	12	62	48	62	54	27	60	16	19	50	94	12	8	60	1	32	29	96	68	37	69	96	60	60	64	41	60	4	81	41	41	45	16	72	11	20	69	44	36	64	-1	41	82	52	72	84	86	93	54	76	54	56	28	30	77	39	9	86	17	4	70	60	76	74	33	72	19	6	89	69	16	57	20	77	41	16	42	
43	76	84	78	23	56	44	70	51	66	35	26	74	49	2	17	77	95	13	76	95	87	73	39	73	74	51	57	42	7	42	9	21	18	31	90	77	37	64	92	72	32	61	69	87	43	18	75	69	38	84	62	90	89	68	24	41	63	46	47	9	84	71	79	-1	25	80	92	40	39	54	64	11	74	93	59	60	10	73	69	90	15	65	10	42	52	28	31	17	43	70	70	97	42	77	25	10	35	7	56	
17	32	61	40	57	12	40	42	60	86	71	13	68	100	41	79	10	98	9	51	82	52	95	83	57	96	45	42	15	45	22	80	17	37	73	4	86	83	45	19	1	80	59	100	27	51	81	47	24	8	58	30	31	87	14	77	73	48	12	40	90	48	93	83	32	-1	93	34	20	40	55	29	97	82	84	63	56	75	69	6	35	17	45	1	53	31	34	84	76	30	33	99	25	23	51	1	52	29	29	49	
97	46	3	15	83	41	77	31	91	78	94	18	93	21	70	90	24	72	57	40	4	52	12	85	11	50	64	100	73	10	64	85	93	83	48	79	19	84	64	5	32	78	41	68	42	40	62	40	92	24	97	27	49	31	32	78	100	62	71	29	65	13	75	34	18	52	-1	45	69	40	88	40	59	18	81	67	41	98	14	94	23	23	84	62	67	100	58	38	46	43	36	33	33	8	11	30	21	62	5	27	
86	18	33	25	28	75	37	67	11	78	18	29	11	67	28	7	63	75	34	26	90	68	4	49	74	21	52	52	29	31	17	34	33	57	35	97	73	74	23	46	57	96	65	20	68	87	91	89	60	95	59	83	2	91	82	61	51	50	79	26	70	47	14	45	31	57	13	-1	54	17	39	62	79	39	34	39	79	55	94	59	43	52	45	5	90	68	8	73	14	17	10	82	55	53	48	74	12	43	86	89	
88	44	38	72	19	62	38	92	73	60	86	38	10	38	8	80	82	70	63	35	98	27	14	43	4	77	53	30	100	9	12	57	48	35	91	83	58	5	86	11	26	29	74	53	37	34	31	24	88	87	84	10	77	89	4	87	61	38	98	34	41	85	99	10	6	64	66	16	-1	95	32	24	58	56	76	82	84	13	32	100	20	91	55	79	63	19	83	93	10	1	65	67	58	46	68	79	80	93	33	83	
43	70	11	94	91	68	4	54	26	2	69	26	17	100	43	76	74	67	38	57	39	28	72	92	62	96	33	80	70	94	74	38	24	64	95	39	43	61	82	82	69	39	29	89	3	14	78	47	47	73	93	37	76	35	78	25	21	82	69	35	50	20	78	84	71	33	44	99	50	-1	21	37	70	15	68	2	100	66	23	17	17	69	62	96	7	55	70	56	94	36	69	74	34	62	40	65	15	83	37	96	
50	48	60	57	42	89	74	94	5	66	72	42	56	17	66	80	40	49	8	44	47	91	29	58	75	51	13	51	45	77	10	5	28	44	15	30	70	35	49	20	79	98	67	35	54	88	24	80	9	2	46	73	80	22	5	13	12	29	56	45	36	61	67	30	41	84	78	33	6	85	-1	93	45	98	96	36	68	45	27	17	84	85	26	7	71	6	89	85	1	75	47	40	86	2	59	86	79	89	14	32	
9	87	22	77	3	71	94	30	43	83	37	64	21	35	68	68	59	83	99	95	36	19	95	99	38	65	47	96	73	12	51	86	90	31	84	49	80	68	96	26	90	2	73	62	30	65	82	33	20	20	85	36	41	99	91	18	98	39	24	60	39	42	14	71	77	72	93	30	40	30	80	-1	24	37	20	74	78	31	74	54	61	66	46	63	83	17	5	100	11	52	11	75	82	86	16	29	76	61	92	94	
48	22	61	89	15	98	36	69	89	57	62	77	4	2	95	37	18	43	56	82	14	87	24	5	12	100	96	86	12	26	57	15	6	42	66	38	79	59	30	38	11	78	29	79	72	95	97	63	61	43	40	5	18	12	100	67	67	47	84	82	84	89	45	7	12	32	11	44	89	95	66	17	-1	67	21	6	23	58	41	19	16	45	85	9	68	76	69	78	8	10	35	42	17	88	93	90	40	52	33	34	
63	41	43	92	90	89	11	56	10	25	97	48	94	74	18	11	49	96	25	10	91	7	50	36	27	71	42	35	68	48	64	65	83	86	34	100	96	83	62	76	13	15	82	58	11	23	65	66	86	73	45	100	99	34	26	24	84	77	1	8	68	32	89	74	67	5	96	70	32	27	93	27	2	-1	32	8	32	4	44	31	54	92	67	83	100	1	76	7	4	27	8	65	84	68	9	16	24	77	29	85	
94	74	73	4	69	22	5	83	70	93	99	95	91	83	55	62	11	53	21	11	67	6	81	22	57	51	27	34	78	79	51	50	80	58	50	72	94	20	54	44	56	21	85	85	90	74	41	59	47	99	32	76	41	31	83	88	34	51	69	75	66	78	87	2	52	68	57	20	31	14	86	22	90	49	-1	77	5	61	59	88	20	9	66	82	77	13	22	48	44	72	22	31	13	51	46	8	81	19	7	71	
49	66	86	1	10	52	94	89	36	86	56	45	12	46	72	82	71	77	1	72	61	77	41	82	38	93	58	46	88	99	73	8	69	93	29	57	59	6	22	73	73	71	30	56	35	84	51	53	25	88	59	40	8	2	100	62	49	52	28	22	86	33	72	87	70	30	67	67	21	64	85	62	88	62	45	-1	20	82	36	56	19	51	34	87	64	79	19	83	55	91	20	38	48	31	74	73	41	88	67	64	
38	36	23	61	24	98	97	33	25	40	67	99	15	73	36	18	7	68	80	53	15	86	53	73	91	76	57	91	41	1	22	15	64	45	89	77	2	30	54	97	56	93	16	40	81	60	12	20	97	59	54	100	41	1	44	89	44	68	65	100	64	35	49	94	65	47	92	76	13	24	36	14	81	86	78	58	-1	66	59	47	61	80	98	55	98	3	81	47	10	59	47	100	22	61	57	99	67	18	70	38	
95	48	32	82	24	63	22	59	22	26	95	25	80	30	27	21	4	14	84	15	31	75	18	45	3	93	16	88	79	23	35	53	54	8	15	30	7	55	37	86	20	24	2	31	55	75	86	62	34	25	45	37	18	88	44	64	73	60	3	32	73	39	29	7	24	29	17	15	15	32	91	27	60	97	30	11	32	-1	68	1	12	87	28	8	31	37	91	85	36	48	1	22	79	31	15	60	58	99	94	52	
41	32	31	9	74	66	21	71	47	60	20	70	50	49	93	34	83	25	60	61	59	66	65	53	9	35	22	73	41	25	19	86	8	45	7	42	63	53	83	27	85	59	1	45	3	58	58	90	7	89	66	89	12	17	7	25	2	43	25	99	43	67	37	62	48	83	9	3	46	23	39	84	71	48	100	8	17	7	-1	39	24	89	43	2	44	88	11	88	41	2	41	11	70	2	45	80	64	94	74	45	
99	59	58	90	65	48	89	35	37	51	76	57	97	76	97	87	35	29	42	47	50	53	57	57	10	33	31	23	25	44	82	42	34	86	67	76	11	27	8	46	3	81	28	7	43	15	37	94	57	28	63	25	46	31	89	67	72	36	17	19	88	27	43	21	4	27	42	12	37	18	38	28	75	31	17	63	13	52	81	-1	59	42	57	5	41	4	13	4	96	3	95	78	55	6	7	60	93	2	31	62	
51	71	60	47	70	79	41	45	98	64	34	17	1	10	77	62	53	69	37	69	65	48	6	83	96	45	45	42	27	47	60	93	20	54	29	39	52	74	67	73	66	70	69	7	100	46	22	40	26	75	45	57	45	74	17	80	82	83	99	33	14	55	95	85	92	69	29	53	41	9	14	77	91	14	1	14	97	97	49	100	-1	34	25	7	12	1	49	57	9	56	8	31	81	71	3	1	79	42	44	64	
2	29	98	68	89	5	89	74	1	52	3	95	26	57	3	61	78	88	97	36	26	38	86	63	2	6	94	84	31	19	19	74	66	70	48	98	24	14	33	92	5	84	33	10	86	14	41	77	38	19	75	15	42	90	63	89	51	14	96	42	20	15	83	59	29	1	27	56	56	1	33	31	98	34	82	64	31	34	80	25	77	-1	61	66	39	54	77	94	96	49	83	2	50	44	29	95	56	11	57	100	
11	71	52	82	64	87	38	10	40	7	53	72	72	52	12	46	30	78	42	48	72	93	95	67	63	21	66	99	63	68	91	58	77	50	28	22	25	18	51	70	38	4	14	79	18	16	85	56	98	86	99	72	73	76	15	43	91	20	5	48	49	59	50	89	52	53	64	36	87	73	21	8	37	71	97	79	63	100	90	63	29	66	-1	36	86	50	33	6	75	21	33	35	5	11	81	4	74	19	63	72	
88	87	1	89	3	35	76	63	23	3	3	59	63	97	93	86	63	89	99	18	1	61	36	47	46	47	66	13	88	5	18	34	87	23	90	15	56	47	70	8	44	2	24	15	45	57	33	85	81	42	13	91	60	95	92	78	60	19	50	62	35	24	40	8	16	65	100	54	69	33	63	71	85	24	100	71	28	77	100	44	67	91	16	-1	58	77	95	87	36	10	57	5	95	84	35	70	90	75	76	87	
15	33	69	45	97	66	97	71	99	92	76	95	79	54	17	56	7	46	45	55	4	8	23	74	75	25	50	4	21	73	23	18	33	5	52	97	73	55	13	49	90	77	56	74	20	60	36	13	53	18	45	85	38	43	76	66	27	17	93	57	80	29	4	58	33	67	52	51	92	61	100	46	32	88	32	80	96	76	28	39	96	41	80	20	-1	36	78	40	65	30	41	72	99	21	75	46	43	31	97	62	
94	90	7	83	45	34	56	72	6	50	74	6	21	2	24	12	90	3	61	75	55	57	43	11	84	69	55	13	81	66	3	90	64	6	25	52	100	28	38	88	69	28	35	12	52	84	70	58	9	50	13	68	24	68	62	14	85	26	90	97	80	34	83	57	19	56	96	65	33	5	89	13	3	86	22	92	24	21	12	15	15	63	68	13	95	-1	50	34	37	98	68	47	94	19	25	35	33	72	66	43	
40	69	46	57	89	92	85	3	20	37	79	8	61	94	2	40	30	30	79	20	84	71	11	3	60	15	48	83	40	55	29	98	3	3	22	86	13	82	29	99	74	23	46	80	90	86	100	53	69	59	20	79	8	3	9	13	19	20	42	77	12	52	84	10	36	69	30	81	29	32	93	1	24	53	39	11	44	57	33	6	87	15	1	96	75	16	-1	29	45	31	54	28	67	35	35	8	2	61	69	22	
9	30	53	30	85	12	1	94	46	53	18	48	47	100	1	1	17	71	16	41	11	48	77	93	25	8	27	88	42	61	72	9	62	22	14	95	100	41	41	6	88	88	4	2	68	60	59	25	52	94	96	22	36	27	17	11	21	47	5	82	47	20	22	24	65	31	35	89	77	51	90	96	73	41	68	22	6	16	31	5	37	26	36	91	19	86	37	-1	10	21	83	69	90	39	54	95	58	1	63	55	
83	88	10	59	39	30	84	86	81	40	82	63	92	70	65	3	8	40	79	6	15	84	98	67	53	57	43	7	27	14	72	68	26	53	86	6	4	14	5	17	54	30	8	69	98	45	57	83	7	92	24	96	6	63	87	2	19	82	35	41	5	49	97	84	2	69	47	17	47	45	76	75	94	81	72	37	56	81	97	14	62	10	71	79	50	41	62	68	-1	75	40	10	18	54	69	58	72	74	11	93	
17	51	67	81	26	92	8	20	89	94	63	29	89	53	42	34	98	8	62	83	3	86	2	44	94	94	74	55	16	11	100	56	38	20	89	56	55	18	3	63	15	59	66	80	88	5	13	99	3	99	30	95	40	20	84	49	97	70	20	39	20	52	30	68	8	87	46	53	38	5	39	76	13	92	30	92	74	77	26	77	8	64	46	20	27	19	47	1	91	-1	86	28	44	12	18	15	58	31	36	39	
36	99	7	99	37	13	56	88	56	1	43	97	80	34	3	37	67	100	70	30	9	7	65	45	21	35	28	75	88	42	78	54	89	18	8	11	53	16	40	34	81	71	76	86	56	37	3	27	60	14	63	50	11	83	23	80	99	54	83	72	87	86	18	49	9	58	3	47	32	25	88	26	85	77	62	98	13	76	81	33	4	46	99	1	85	57	38	4	92	53	-1	19	88	16	39	43	72	42	72	97	
60	10	18	35	16	9	31	29	16	95	81	4	34	53	57	81	25	65	38	3	81	29	4	83	75	65	81	74	97	18	100	66	9	95	1	9	15	5	97	73	1	78	50	36	38	77	61	58	5	57	73	9	71	54	31	27	35	60	96	83	98	47	34	93	71	23	59	59	31	77	22	100	24	2	52	63	46	62	26	17	38	63	76	34	31	96	77	45	78	60	39	-1	65	7	23	82	34	97	62	40	
61	32	42	48	93	37	75	27	27	89	42	42	19	31	89	33	14	76	29	39	2	28	84	32	45	18	89	11	23	15	17	64	78	83	2	29	70	68	1	47	92	59	68	15	31	36	98	65	42	50	46	1	9	19	90	69	98	85	68	71	65	33	18	54	67	43	39	10	96	90	85	59	87	41	71	74	66	18	94	64	38	26	88	67	48	97	65	79	97	95	2	100	-1	7	8	66	4	39	96	83	
19	70	90	65	77	55	82	69	31	72	52	73	90	41	39	10	93	71	53	93	61	65	57	46	86	34	67	94	76	99	27	52	39	36	96	74	19	6	94	89	54	72	58	35	43	84	49	15	54	79	88	62	53	55	14	40	11	9	54	32	35	75	43	5	76	80	17	17	6	65	14	11	63	30	100	76	54	22	49	29	80	40	17	56	25	74	30	68	34	98	90	10	53	-1	82	16	21	48	56	4	
93	93	54	4	99	97	88	23	24	96	36	21	51	53	65	64	23	55	55	5	2	6	77	74	90	65	65	10	98	100	28	89	33	10	17	62	61	85	87	14	43	9	29	16	69	10	6	33	79	53	18	96	26	64	63	14	66	49	87	22	75	60	5	81	3	87	54	76	57	71	18	38	93	69	98	3	15	39	57	5	73	67	78	54	8	96	80	35	65	15	41	7	80	43	-1	98	67	34	90	24	
93	32	55	39	5	66	24	59	56	73	79	83	39	51	51	72	28	65	14	23	67	79	80	38	46	53	19	61	11	21	53	75	61	72	89	82	41	55	21	55	70	43	63	91	7	90	91	27	25	27	77	65	57	100	60	19	86	50	74	19	57	94	52	80	16	86	80	92	10	82	81	87	6	5	36	95	90	39	13	28	17	43	3	49	58	84	43	75	99	11	17	42	94	80	97	-1	39	63	31	86	
85	23	5	29	42	50	23	100	15	83	4	43	82	68	10	26	64	8	87	20	95	21	25	76	38	21	71	30	35	61	41	17	80	72	46	86	73	17	77	75	16	90	31	45	26	39	38	35	34	50	97	52	55	13	94	31	22	15	27	5	49	2	6	74	78	25	91	19	47	84	59	3	34	96	58	21	79	17	25	38	94	77	34	36	86	34	71	49	51	67	73	36	16	39	60	41	-1	46	58	94	
91	61	57	50	79	44	28	95	74	27	50	77	31	84	87	86	6	49	69	24	52	57	41	63	48	29	83	21	21	65	68	9	37	3	67	40	46	63	58	13	11	35	18	24	25	21	62	69	98	23	64	38	46	75	85	54	96	35	78	56	7	18	19	51	62	80	10	71	41	18	7	52	41	37	26	37	57	25	62	67	86	49	29	43	24	49	88	34	46	79	93	80	76	98	93	72	74	-1	28	75	
33	84	38	34	47	44	49	74	76	79	59	54	33	44	54	100	25	34	37	85	24	92	57	58	27	58	41	84	20	53	40	45	100	78	98	15	36	4	50	24	76	35	96	54	45	21	27	75	11	39	92	56	74	71	24	100	76	37	50	59	43	43	28	100	26	53	43	34	54	4	5	66	31	49	43	18	85	65	44	80	48	29	85	94	38	19	60	40	55	83	10	35	89	31	67	81	85	19	-1	61	
24	69	38	74	51	8	68	21	55	99	96	40	70	66	74	53	98	30	44	67	60	44	86	40	2	70	2	86	54	60	9	47	24	13	60	4	60	59	94	22	75	1	2	40	62	76	67	15	84	36	90	6	3	3	24	37	3	30	16	41	18	87	43	34	23	19	67	67	99	89	77	77	77	34	6	27	31	2	88	25	13	35	36	96	42	76	23	36	83	13	97	7	62	50	93	33	83	17	90	-1	
