100
-1	95	29	48	49	82	8	61	27	65	33	95	21	95	96	39	47	30	1	35	8	43	11	94	44	90	62	90	44	93	19	44	34	86	87	38	19	22	39	38	18	11	78	76	2	22	83	38	86	61	40	75	8	51	28	73	79	97	97	88	49	87	13	57	21	88	86	8	32	15	31	64	87	2	38	68	60	31	55	99	76	40	90	20	56	91	47	8	43	83	24	92	91	13	56	1	68	14	47	61	
37	-1	4	47	87	40	3	9	7	12	94	42	20	57	43	48	97	28	95	68	33	31	57	38	46	32	12	71	40	13	3	14	83	70	41	52	23	90	70	48	75	63	96	27	28	4	69	44	50	88	100	32	78	73	22	60	74	82	43	55	35	32	48	61	9	19	20	64	20	85	82	42	9	98	29	91	82	94	7	97	71	48	53	25	9	3	68	72	52	42	28	54	76	75	69	94	87	27	6	42	
58	76	-1	44	72	57	96	52	72	76	11	72	60	100	11	76	82	53	22	11	89	72	63	35	22	88	57	41	40	17	88	6	90	18	53	15	44	19	20	74	13	1	71	69	76	29	66	94	44	6	38	92	80	7	19	9	27	32	29	97	96	47	16	2	89	42	38	48	64	76	17	38	71	45	30	57	85	94	54	41	65	64	94	39	15	11	68	62	47	94	48	92	44	73	80	14	2	8	60	18	
64	90	88	-1	97	45	100	11	25	55	19	68	61	80	83	68	75	21	90	87	53	72	32	74	11	70	76	68	71	65	90	51	58	34	7	25	11	15	86	8	81	83	8	91	34	98	59	42	77	90	30	44	43	70	64	34	89	50	82	19	77	63	66	74	92	100	21	100	47	37	23	19	92	92	78	22	18	10	80	37	48	7	33	55	3	87	80	30	91	86	68	95	75	23	75	71	99	42	78	41	
45	16	31	77	-1	15	34	31	16	44	48	70	5	13	19	49	91	46	81	63	28	1	49	63	42	14	53	88	12	51	70	1	31	22	95	95	18	33	58	52	78	14	92	86	74	55	34	48	78	55	87	65	33	30	96	37	29	21	70	79	42	45	58	97	36	66	35	65	49	51	3	74	36	9	99	14	3	15	88	45	26	59	54	1	21	46	53	52	40	93	68	51	73	33	5	60	78	72	2	58	
47	64	9	44	70	-1	12	36	75	25	93	14	36	64	22	5	57	68	6	66	78	15	69	58	8	89	90	76	61	62	13	14	91	93	93	5	93	80	83	83	22	41	8	4	37	12	19	12	44	58	26	86	73	81	30	89	18	73	53	58	88	83	97	63	74	65	50	18	67	17	24	33	5	21	40	76	76	37	31	87	46	38	45	82	4	52	96	59	81	19	10	3	45	55	10	51	89	51	34	68	
97	54	41	21	42	5	-1	95	48	65	65	45	27	39	97	60	60	27	90	62	43	65	81	44	23	84	76	11	28	15	41	38	40	90	51	50	59	16	39	62	31	32	38	26	35	36	59	59	79	41	84	29	30	34	24	27	95	41	35	98	22	95	94	45	9	8	20	4	76	6	33	96	61	53	85	41	92	47	84	53	100	68	37	72	46	52	44	57	54	100	36	48	35	75	1	60	47	94	93	34	
7	30	40	3	75	52	90	-1	3	61	49	36	74	42	71	43	8	5	52	12	51	97	94	39	36	53	62	31	82	54	4	53	10	100	31	80	15	64	37	21	27	78	82	78	19	85	34	12	28	59	60	30	23	83	5	56	55	3	64	16	64	95	46	73	9	83	89	73	25	53	1	1	7	63	55	52	36	37	21	9	29	74	6	8	41	64	30	18	64	90	21	95	85	89	77	46	81	61	48	15	
9	24	78	71	40	77	74	92	-1	64	39	13	18	83	28	48	23	29	56	50	46	100	33	5	10	14	57	31	45	54	49	84	33	74	59	58	27	100	91	45	43	4	86	72	79	1	77	48	55	38	4	27	12	38	60	56	35	79	9	97	73	92	76	5	61	81	30	11	17	99	93	70	16	8	7	7	80	35	51	28	88	40	43	71	72	31	79	42	87	27	87	79	45	33	13	19	65	81	7	23	
77	60	44	55	61	54	20	82	32	-1	15	32	14	9	68	41	76	38	35	7	35	82	35	95	94	96	60	44	34	86	51	52	60	59	8	50	67	96	49	79	38	1	6	8	61	75	42	58	20	41	81	43	35	40	66	59	8	19	27	65	54	31	90	25	8	6	15	2	74	42	83	60	1	1	83	45	24	46	5	51	58	66	10	59	11	17	77	9	39	90	95	17	84	46	91	76	98	79	88	25	
43	91	9	1	77	69	28	25	57	86	-1	98	36	98	49	33	44	25	72	79	29	17	5	99	83	94	45	66	23	78	90	43	29	40	71	34	72	89	28	29	71	47	59	76	91	95	50	39	93	46	70	77	1	24	48	83	27	54	45	22	73	80	75	73	37	96	46	23	1	8	56	51	52	46	69	60	90	55	9	19	51	39	75	31	35	23	54	97	58	30	34	87	99	16	86	74	78	75	83	99	
42	24	47	98	47	70	87	21	68	33	26	-1	10	4	30	23	60	35	25	12	31	27	92	4	15	64	46	30	85	95	5	87	75	85	72	18	13	16	3	90	28	54	97	48	88	50	85	85	4	99	24	98	49	66	70	47	16	64	50	100	51	76	83	98	90	5	4	37	80	95	62	90	1	6	31	80	100	68	95	7	65	89	99	8	92	16	30	26	58	51	52	76	27	53	35	92	69	15	19	60	
29	65	25	35	87	79	40	10	38	79	88	63	-1	96	60	6	90	71	32	3	42	98	78	28	90	70	7	86	17	68	46	71	94	21	53	41	76	55	82	2	82	100	14	23	70	48	97	21	11	8	10	85	99	87	56	70	62	52	89	96	88	58	66	24	37	35	95	54	35	68	61	18	23	87	53	58	12	23	74	100	28	60	30	36	69	30	89	83	63	44	67	90	59	75	99	92	67	81	8	45	
70	43	19	69	51	82	53	84	77	49	70	15	50	-1	65	45	51	28	59	14	89	87	62	22	22	84	77	66	4	21	47	51	88	74	23	20	17	100	67	12	21	88	79	82	22	34	63	54	92	87	25	58	94	44	32	9	82	24	42	82	8	51	98	32	93	79	73	57	44	59	70	45	93	75	25	40	90	31	38	70	83	31	9	45	16	67	47	28	56	74	10	92	64	32	70	32	34	53	85	53	
40	68	92	73	20	100	50	3	73	8	76	48	14	44	-1	46	96	93	71	14	60	66	100	10	98	17	26	70	46	21	63	6	88	19	22	41	34	87	96	15	55	36	16	12	20	42	82	61	90	7	98	74	96	63	36	61	34	25	79	19	82	57	86	4	43	71	71	64	39	80	66	99	77	68	64	48	66	23	69	37	99	60	70	50	4	99	55	40	64	30	24	72	89	82	63	13	21	38	81	49	
48	48	20	75	12	63	12	29	11	78	100	83	64	67	32	-1	32	33	89	97	15	6	90	81	62	98	100	7	14	22	79	5	30	62	76	64	6	60	7	40	74	54	93	41	63	80	60	48	20	73	51	74	77	46	43	90	28	81	78	37	22	10	30	19	5	64	10	79	13	90	95	80	75	43	21	90	32	7	19	2	55	95	64	34	7	32	79	42	51	26	54	36	99	42	15	15	22	46	99	81	
72	93	74	19	34	3	15	20	3	65	39	30	85	48	44	92	-1	80	34	68	87	51	94	64	27	73	33	2	72	98	45	24	22	18	89	6	62	24	1	57	39	11	71	34	87	65	90	35	5	57	22	97	55	55	96	70	35	25	100	47	60	24	76	96	90	75	95	2	1	28	53	29	22	17	68	32	86	24	60	50	29	61	59	2	63	64	17	73	24	27	82	82	97	2	99	58	44	29	53	54	
84	32	52	82	51	40	29	39	56	98	6	99	24	1	70	99	86	-1	89	87	37	90	42	47	27	88	69	87	88	14	17	6	6	7	100	33	60	8	21	85	48	10	97	25	23	86	13	74	88	82	79	85	26	37	90	27	14	92	7	55	29	30	38	51	14	21	69	80	10	46	91	64	35	87	8	20	66	82	24	51	53	61	57	96	69	100	17	15	92	91	72	99	21	92	78	82	86	67	83	49	
46	89	43	58	89	42	85	8	69	81	15	45	90	57	20	22	92	56	-1	88	62	91	47	23	91	4	74	81	58	10	2	25	17	43	96	21	16	80	50	97	51	70	24	61	93	79	52	76	70	93	81	66	52	24	82	97	48	18	15	20	64	26	67	88	95	45	97	96	85	65	72	47	23	75	84	59	26	52	50	100	64	26	91	65	62	56	98	6	33	67	26	19	42	18	65	71	48	60	22	97	
37	81	24	51	76	22	76	64	5	17	77	12	37	53	2	25	27	61	88	-1	97	87	23	20	61	70	91	11	15	47	96	8	75	9	11	74	63	4	13	15	89	84	71	43	74	99	28	33	43	15	69	63	62	61	86	49	54	16	95	40	32	8	62	27	75	64	58	9	77	49	19	84	70	81	20	78	19	77	9	78	75	87	55	89	35	51	60	33	32	42	31	45	9	27	60	87	60	94	72	71	
61	30	40	72	34	72	58	100	22	68	19	59	100	66	75	80	85	33	46	27	-1	81	10	16	34	42	13	95	31	59	52	20	54	24	12	7	71	97	63	91	10	64	86	10	41	19	100	4	77	26	60	74	25	13	4	81	39	1	81	40	44	16	84	14	39	18	2	90	77	37	56	77	31	68	22	34	23	91	70	32	68	46	95	77	89	1	38	73	76	27	63	93	74	70	37	53	25	66	20	84	
85	15	79	19	9	64	45	79	75	37	14	30	65	73	14	56	52	4	90	22	12	-1	39	32	60	77	86	76	83	66	64	98	53	97	58	22	4	70	56	2	61	3	29	35	18	63	6	74	2	50	40	31	7	4	90	75	71	9	47	71	99	37	86	81	61	83	75	71	70	31	22	17	96	48	66	62	32	47	21	70	14	86	18	26	87	96	51	56	28	98	66	13	77	29	9	88	37	52	41	5	
4	96	79	26	100	90	36	53	92	86	35	14	18	74	4	70	40	48	56	84	62	7	-1	10	27	46	55	56	52	71	12	14	33	70	17	22	46	21	9	20	27	98	69	72	27	9	20	54	83	93	76	53	46	68	1	4	59	12	83	17	84	92	43	46	22	20	37	80	68	40	25	54	64	99	39	95	76	10	9	83	18	18	15	27	6	44	20	63	55	100	96	28	72	24	28	83	40	86	86	96	
96	67	25	33	41	61	91	41	73	15	57	28	17	39	86	74	77	53	68	28	91	82	68	-1	98	16	92	88	86	43	16	10	84	15	15	66	10	61	97	8	89	38	79	20	17	91	29	66	61	9	87	89	95	97	83	25	75	97	18	79	17	52	6	78	32	16	61	12	24	89	40	91	60	8	58	21	69	69	42	12	29	73	6	26	51	3	5	76	14	70	60	25	20	18	4	10	69	71	79	91	
44	83	32	64	78	94	8	21	28	17	15	75	61	10	70	65	9	69	70	89	80	3	1	22	-1	3	82	35	13	63	65	47	3	26	1	71	99	78	21	49	84	60	58	68	54	14	78	35	56	36	77	76	48	76	41	64	38	61	82	45	49	93	25	36	87	49	22	64	60	68	55	34	78	90	44	2	36	52	76	93	19	25	77	13	24	15	10	67	4	10	52	59	32	8	91	85	49	54	27	70	
58	61	79	45	71	33	24	67	62	78	16	65	16	96	41	12	7	80	13	61	93	31	20	86	27	-1	99	48	68	99	100	87	99	31	49	14	3	71	58	5	97	92	36	23	37	42	52	39	89	75	32	27	98	49	24	8	48	54	99	91	88	50	76	2	42	97	59	34	89	53	100	23	38	38	16	32	98	24	25	37	7	93	71	82	89	80	12	34	55	89	47	60	49	17	89	1	35	65	96	18	
53	30	9	11	24	68	39	87	69	99	72	94	16	45	36	45	20	1	12	10	58	87	56	43	51	54	-1	8	39	70	26	71	90	41	86	61	28	66	33	8	81	96	39	5	31	11	98	44	65	70	98	63	74	96	98	14	1	62	83	56	4	47	30	1	91	99	5	61	62	59	6	96	17	69	16	59	95	4	78	46	69	52	89	94	32	91	84	48	77	50	30	18	72	22	75	46	68	41	43	65	
93	81	47	86	7	99	41	63	98	55	95	75	93	76	99	60	11	42	34	59	92	11	88	30	88	95	14	-1	37	13	9	59	24	2	59	68	32	80	69	28	68	12	41	10	66	21	19	56	6	36	1	51	58	9	14	92	23	19	50	87	15	66	49	14	43	93	1	33	62	3	61	27	47	2	52	7	96	14	93	87	100	94	68	29	58	36	17	9	50	62	55	86	27	44	36	8	53	32	99	93	
49	92	86	23	68	31	65	22	48	11	71	94	1	65	59	10	86	97	85	10	22	43	58	91	62	7	42	73	-1	75	81	93	89	69	76	24	40	86	55	100	10	15	60	27	79	58	25	38	96	71	89	47	37	8	48	56	33	47	61	11	49	89	63	71	78	73	57	51	37	81	91	66	12	97	26	2	15	46	11	85	33	85	91	61	32	99	61	95	97	19	92	79	7	94	30	5	1	86	86	11	
12	58	18	81	92	97	80	33	78	62	90	97	29	7	55	21	43	12	56	73	23	21	27	86	29	86	95	16	61	-1	7	56	12	27	45	76	83	98	32	74	27	12	61	87	84	74	89	18	17	56	55	7	64	35	2	7	100	25	14	97	38	5	9	41	30	19	61	70	90	30	53	5	83	68	88	88	39	78	93	23	43	58	23	78	66	45	22	50	61	80	86	73	56	4	8	24	69	28	15	27	
72	44	89	80	7	64	14	47	75	39	16	26	18	36	72	95	18	16	44	54	33	13	33	53	7	83	55	33	70	94	-1	7	39	12	79	75	51	66	86	32	8	46	7	37	95	98	19	47	84	79	33	9	27	21	50	44	95	37	50	78	9	3	28	60	27	74	64	88	15	92	27	26	73	62	83	1	11	70	3	52	60	23	100	28	19	87	81	67	55	80	69	83	71	5	80	90	38	73	47	12	
14	84	83	3	80	45	26	67	30	88	20	78	36	73	41	54	32	33	4	69	43	15	24	43	15	13	32	2	48	75	60	-1	2	3	8	49	64	88	33	78	29	86	71	5	10	51	65	100	50	74	53	17	78	73	5	82	77	82	93	73	92	61	59	91	23	11	27	95	96	58	81	1	91	61	35	67	24	73	23	41	17	63	81	88	47	80	64	68	74	91	15	26	79	10	17	79	14	84	38	55	
48	5	92	12	67	14	65	47	15	66	47	11	63	33	75	59	84	97	51	22	33	6	41	85	8	22	97	17	88	41	67	6	-1	56	77	84	79	70	13	7	55	7	87	89	15	71	96	65	36	88	19	42	76	92	4	5	48	46	18	55	53	96	82	43	56	47	15	92	90	98	7	78	7	82	55	85	9	97	70	78	65	48	34	65	42	31	4	38	81	18	81	36	51	67	84	58	52	73	22	32	
88	47	55	22	89	41	51	84	69	39	25	38	60	79	58	92	23	35	70	68	54	40	23	62	99	1	70	5	12	79	62	4	35	-1	93	30	56	55	78	18	16	90	2	36	36	74	86	72	47	40	68	15	91	71	51	84	74	100	73	73	6	86	29	59	88	77	15	10	86	63	13	92	98	22	97	60	98	26	29	79	70	2	61	26	35	10	47	97	61	48	31	71	18	99	46	70	48	51	1	93	
25	7	22	37	91	99	10	32	11	42	95	16	81	2	59	67	92	18	17	25	25	53	32	22	98	43	47	42	97	9	48	83	50	84	-1	36	82	9	10	1	64	63	48	92	46	84	23	41	18	54	42	41	92	88	16	40	26	65	46	3	19	29	26	24	94	100	61	11	46	46	63	71	12	11	41	89	57	32	64	100	68	45	35	50	51	52	52	58	29	6	7	7	38	21	64	40	92	50	44	64	
45	44	85	60	13	69	57	42	69	27	44	64	84	57	85	41	81	3	67	99	57	7	96	83	34	66	1	81	80	6	3	31	59	65	94	-1	51	78	26	96	34	31	18	72	72	10	10	83	94	90	72	87	47	77	51	83	70	100	6	38	2	79	39	83	75	25	48	20	64	68	98	33	70	50	6	8	100	71	93	27	52	15	42	53	61	6	90	9	4	58	31	95	4	48	21	32	49	11	17	20	
97	17	2	46	46	30	6	32	38	2	92	43	11	86	79	65	41	99	40	86	79	94	47	12	26	95	20	30	60	11	43	66	87	7	52	77	-1	48	68	13	76	7	16	61	4	28	66	30	71	28	60	12	29	72	51	76	48	13	41	72	96	45	83	52	54	77	30	30	11	87	91	9	59	46	3	50	10	15	4	91	43	38	5	25	88	26	6	57	49	21	80	45	56	95	10	11	27	53	24	14	
68	65	87	89	22	56	33	9	5	75	18	6	4	22	95	20	49	70	90	74	81	9	91	39	32	23	41	8	55	7	3	18	67	75	36	28	89	-1	24	53	88	97	1	19	3	64	13	33	78	37	91	3	62	97	14	23	18	53	37	82	44	88	4	63	84	70	96	19	24	72	4	24	37	1	12	12	58	17	78	68	43	80	35	2	43	100	43	10	14	87	32	4	69	35	84	74	26	71	5	7	
48	71	56	49	67	98	49	95	64	47	30	26	23	5	34	38	12	84	81	27	92	65	29	100	16	20	62	86	83	99	29	65	60	37	85	40	58	44	-1	44	98	27	92	17	50	27	82	50	95	21	59	83	94	78	61	39	100	69	22	27	26	63	26	93	24	100	7	3	62	89	27	88	77	4	39	66	53	29	77	32	45	66	59	14	80	1	81	63	23	57	6	70	35	74	20	72	4	25	74	93	
82	38	7	25	83	100	95	9	33	2	99	86	29	96	98	46	92	22	38	60	49	94	61	32	64	88	56	3	25	69	15	48	52	48	79	97	60	37	57	-1	52	61	19	88	12	10	5	16	58	86	99	12	47	23	10	89	53	73	77	11	14	100	89	61	31	64	28	76	61	84	85	41	72	89	83	24	30	48	38	71	34	63	26	18	64	16	79	15	16	38	77	34	52	68	85	95	51	27	84	34	
72	55	62	47	96	13	97	22	19	32	55	5	3	34	58	46	74	60	99	82	81	76	92	7	94	33	46	56	56	56	57	57	71	6	70	30	46	42	31	36	-1	15	45	1	84	65	23	50	18	97	84	76	92	45	86	23	50	3	24	34	65	97	48	51	21	93	93	92	64	94	28	52	84	11	31	98	22	28	63	60	27	83	75	4	59	48	72	36	21	36	68	35	2	70	41	74	70	28	2	27	
43	49	33	28	59	27	31	88	24	74	32	39	37	97	17	54	56	1	59	32	10	4	49	47	27	13	89	27	51	56	83	25	48	26	67	23	56	2	76	94	45	-1	58	25	43	48	2	90	50	39	61	74	44	82	80	84	84	92	31	20	12	17	50	11	81	46	51	17	1	73	37	30	87	63	78	7	88	59	80	67	96	52	52	93	34	37	88	16	41	32	79	8	99	88	74	23	75	91	85	48	
62	8	51	50	89	40	2	60	26	80	39	15	48	90	77	73	32	75	15	81	65	68	78	75	86	20	11	18	3	22	70	3	66	3	61	55	3	25	12	75	41	85	-1	44	99	6	38	44	77	68	36	2	12	82	12	95	17	75	76	42	56	41	66	18	2	9	28	2	89	13	86	21	89	13	51	51	42	90	33	70	81	36	95	48	4	3	24	100	8	29	18	98	93	49	36	81	45	51	59	3	
29	86	47	59	48	58	62	7	96	68	97	79	42	95	97	78	45	88	20	5	38	80	80	40	78	36	64	86	9	52	46	48	77	8	47	58	82	89	69	48	9	88	38	-1	66	27	5	58	3	51	41	67	99	2	87	63	16	90	92	69	33	17	37	4	48	64	10	84	90	59	52	26	36	90	83	86	36	44	89	62	96	3	22	22	42	81	84	43	97	2	90	25	99	69	64	52	36	83	41	36	
38	61	25	91	88	10	67	23	36	86	73	29	84	4	3	26	1	26	62	27	83	80	87	22	32	78	55	79	99	20	63	40	54	18	50	25	15	65	38	18	51	51	44	51	-1	88	91	4	4	85	5	81	97	60	22	85	73	87	31	64	13	22	90	21	84	3	66	5	92	47	16	6	27	40	54	58	87	16	26	30	7	77	94	33	31	73	84	74	42	29	64	81	46	8	5	11	39	53	55	96	
59	76	86	33	90	4	16	36	70	3	100	31	2	98	18	10	18	57	16	52	49	61	26	92	13	54	2	78	3	15	15	65	32	83	55	29	35	51	7	96	32	6	30	44	72	-1	48	76	1	78	6	68	41	29	96	36	15	47	11	48	12	86	38	18	51	81	72	36	88	77	96	74	55	77	72	66	54	62	62	13	28	71	36	47	39	44	17	34	69	89	56	3	23	57	81	14	93	83	38	100	
49	50	28	41	33	44	42	15	91	96	20	87	12	56	20	58	96	100	85	65	70	45	93	56	1	68	77	1	61	54	34	15	3	8	42	45	47	43	43	13	73	22	40	32	42	67	-1	89	28	43	30	32	55	66	59	9	94	20	27	97	18	58	74	3	42	56	92	43	33	75	88	64	61	95	72	15	96	100	70	69	53	28	18	33	75	41	81	89	25	66	25	54	86	52	63	46	71	31	61	74	
65	67	92	49	81	36	65	80	33	8	2	1	86	79	99	68	38	39	93	4	26	13	76	4	32	79	76	87	89	96	29	88	10	69	11	97	64	94	74	72	17	80	38	23	9	8	99	-1	27	6	8	16	19	64	12	78	38	100	3	6	9	73	7	30	9	19	27	64	68	91	12	59	10	28	34	56	63	33	43	92	4	14	92	43	54	35	99	16	61	10	25	49	16	65	96	17	4	84	84	45	
12	72	82	64	80	88	17	34	73	95	92	75	3	46	35	63	52	32	90	97	80	59	75	69	5	100	16	62	78	10	83	48	34	82	48	89	46	3	76	90	91	97	83	32	1	31	13	75	-1	49	5	21	47	12	22	50	1	64	10	65	25	14	48	70	38	33	18	66	17	77	56	25	78	20	66	89	31	81	72	3	45	6	5	40	40	80	55	78	51	36	20	92	50	64	90	48	83	95	43	44	
53	17	40	43	50	14	58	32	59	36	54	75	43	71	5	43	46	17	91	56	25	90	17	29	4	26	12	61	54	32	81	38	58	85	58	6	72	54	58	17	61	66	39	7	75	51	11	46	79	-1	59	73	42	68	17	18	89	72	2	63	13	25	81	80	84	73	6	26	90	34	43	77	1	65	74	65	65	82	11	86	77	11	17	21	62	60	2	61	66	26	32	6	8	74	2	57	38	97	11	40	
39	38	9	91	86	19	9	20	59	11	38	58	48	100	47	72	43	21	85	88	6	90	69	14	86	82	42	83	69	81	73	73	25	86	74	33	58	91	58	30	55	12	13	16	20	56	6	1	72	34	-1	61	30	36	76	5	6	79	97	46	94	27	28	8	40	56	15	12	2	84	1	82	5	91	67	72	75	99	77	98	100	75	24	87	84	31	15	3	46	60	75	9	23	45	27	35	6	5	100	55	
22	47	92	48	96	34	65	6	79	15	45	62	2	39	51	6	69	49	24	36	6	91	4	88	25	76	58	50	41	74	55	28	46	81	57	69	68	16	66	67	37	70	97	47	86	52	79	23	37	97	75	-1	51	43	9	11	62	88	83	81	54	31	68	58	47	21	1	76	93	96	5	30	33	12	58	56	9	76	98	8	97	33	31	24	33	52	79	25	68	61	45	48	91	8	24	62	83	91	3	85	
43	32	97	89	97	36	14	32	11	8	65	38	45	96	23	15	77	9	95	78	34	19	28	26	44	78	8	55	96	92	67	68	52	76	24	74	54	66	61	87	89	31	69	8	74	30	93	12	52	3	91	74	-1	43	34	43	40	38	27	22	93	44	25	21	100	23	37	14	58	46	85	1	38	24	100	94	63	85	95	77	30	34	97	25	85	71	39	49	30	37	19	97	36	100	49	9	74	69	70	95	
49	13	41	21	85	32	20	20	47	98	84	95	74	70	3	63	18	20	25	24	92	12	64	32	15	35	85	91	70	77	40	95	55	48	75	53	20	4	37	31	8	28	16	79	32	84	10	60	86	75	84	95	10	-1	43	80	25	31	71	51	75	52	8	25	74	24	38	89	49	15	77	13	39	30	76	72	13	80	41	48	12	37	87	64	34	83	51	2	71	52	24	58	86	8	62	48	89	71	57	81	
73	65	55	52	25	36	73	58	30	13	45	32	75	55	58	78	33	100	96	39	98	18	3	79	30	9	46	74	98	18	6	79	41	87	53	69	63	83	68	48	8	49	8	47	4	28	84	65	97	70	45	10	2	73	-1	36	48	28	49	44	17	59	19	8	34	49	13	91	24	99	67	4	6	12	54	48	99	93	47	50	94	12	86	75	51	75	60	10	60	53	70	45	32	58	99	44	62	9	99	34	
21	75	16	14	22	23	17	28	63	94	74	68	59	51	63	33	38	9	64	6	7	91	5	13	87	17	21	21	39	50	53	50	13	1	66	54	22	99	82	46	32	93	3	69	86	98	68	44	60	96	37	55	74	44	5	-1	83	62	22	19	65	6	82	66	14	26	47	52	7	54	18	72	42	72	11	71	45	27	90	88	4	52	24	99	54	40	63	44	36	14	59	59	96	26	30	55	47	35	55	16	
41	92	39	41	66	97	100	45	46	60	41	96	16	59	49	10	18	81	47	76	24	15	47	46	91	95	71	84	36	89	64	100	21	46	37	51	7	35	76	67	74	31	21	20	60	3	28	97	20	33	82	14	70	7	34	24	-1	86	70	27	41	50	86	10	17	31	15	2	59	28	85	56	79	93	8	8	40	89	54	11	26	60	61	31	54	42	20	4	1	72	66	40	66	60	97	97	50	83	28	73	
5	30	63	54	95	24	21	36	88	27	60	52	63	25	24	74	48	81	21	37	61	62	31	97	18	79	11	25	85	75	40	38	49	28	61	20	28	78	64	16	83	9	7	69	13	95	43	7	32	35	95	81	51	31	70	33	43	-1	95	23	62	12	34	71	69	38	72	84	64	33	88	93	43	30	76	69	80	16	40	33	42	61	59	64	48	28	8	18	38	7	35	41	44	88	6	33	18	38	18	79	
100	65	14	22	95	25	76	26	99	83	85	38	7	81	14	3	50	48	80	7	47	95	68	85	99	77	31	67	85	3	35	74	39	15	71	61	99	76	96	68	76	96	17	62	10	86	71	25	63	71	92	25	76	78	1	20	27	43	-1	7	76	90	38	63	41	24	81	32	17	31	51	32	69	58	1	10	74	11	92	7	92	99	29	80	61	93	50	87	57	93	54	19	25	34	3	13	29	97	89	96	
23	47	33	89	40	57	87	96	33	51	37	74	11	31	17	35	62	46	89	13	80	55	49	45	36	27	9	10	33	33	12	16	74	55	96	79	78	85	78	64	64	84	8	27	62	33	77	74	5	67	25	12	26	78	1	21	68	38	58	-1	81	26	72	85	4	26	11	30	49	18	86	29	30	49	51	48	34	10	79	43	4	57	68	44	87	2	87	54	39	30	12	64	95	91	86	50	95	63	51	44	
28	44	4	42	97	70	41	50	1	62	39	27	58	18	81	14	20	96	8	92	46	36	43	36	28	92	47	17	49	66	32	5	11	52	47	11	26	99	20	66	73	66	87	75	87	16	15	29	60	45	35	63	18	57	45	98	31	1	59	67	-1	52	42	20	63	75	79	55	5	68	70	78	28	73	87	57	34	72	72	64	99	69	24	55	86	52	89	76	25	28	39	90	84	73	59	100	20	100	76	36	
100	68	49	46	91	94	100	87	23	84	69	38	54	15	57	60	87	4	96	46	87	52	33	45	88	83	82	9	69	5	40	62	100	25	59	43	97	7	89	76	31	81	51	27	76	5	45	69	92	49	67	14	62	7	60	54	66	99	34	93	18	-1	18	42	38	84	96	21	67	72	18	18	24	50	48	91	41	70	20	35	72	30	60	86	52	59	72	38	18	16	4	71	86	31	76	2	66	1	29	50	
1	65	79	96	31	72	27	88	34	91	52	83	20	32	28	95	16	66	4	33	70	96	100	74	67	24	23	48	15	4	31	54	41	8	47	79	29	97	82	74	80	17	28	57	33	72	38	4	77	95	27	53	72	75	47	18	99	100	74	57	90	43	-1	95	38	99	56	86	61	46	24	36	38	98	42	52	6	27	52	97	80	25	73	43	52	22	21	98	7	96	48	86	80	54	42	76	32	71	15	35	
20	46	58	70	31	23	83	37	21	54	49	38	20	28	53	63	96	82	5	61	42	17	76	59	81	74	99	51	67	69	43	39	79	25	39	88	65	77	76	67	39	94	7	49	14	36	4	1	29	46	5	67	81	6	48	64	36	48	40	87	60	49	89	-1	86	34	75	11	17	84	59	9	1	7	64	10	77	49	86	48	14	37	41	63	41	83	55	12	45	34	75	34	9	33	23	85	66	98	56	54	
41	57	53	90	72	85	74	74	59	38	58	93	65	90	59	28	30	61	72	35	59	71	82	17	100	93	47	82	50	26	61	15	5	47	91	46	88	9	5	54	54	23	20	5	95	63	24	20	71	97	45	75	98	89	67	29	33	80	94	54	12	87	44	51	-1	41	15	21	94	27	64	2	75	51	75	85	62	79	13	28	91	60	94	50	2	29	46	89	78	4	31	86	59	1	87	99	82	40	80	7	
2	80	9	7	65	21	58	83	69	38	75	91	32	48	57	71	13	29	41	40	43	68	73	29	42	40	56	12	68	15	90	94	90	41	48	30	88	33	1	60	15	31	93	69	72	79	44	48	55	45	83	48	10	70	98	41	35	58	57	5	73	5	89	44	98	-1	47	34	13	44	11	55	10	37	59	91	50	7	54	49	34	30	2	62	70	25	45	23	92	90	26	39	96	25	39	82	66	21	73	94	
30	36	34	72	11	34	98	6	18	5	29	92	27	24	64	80	60	49	86	95	100	42	89	25	7	95	37	36	21	72	40	100	52	74	6	29	86	52	27	17	93	2	87	83	80	10	34	81	43	69	8	22	31	53	66	19	53	88	74	11	83	19	35	36	87	96	-1	25	65	78	25	35	48	92	70	65	100	26	16	56	56	71	83	88	77	68	97	82	66	18	44	86	64	10	14	59	67	34	19	8	
12	45	75	53	36	97	20	95	79	80	54	51	5	69	21	22	87	43	7	5	93	86	43	99	46	40	97	83	64	35	91	34	34	26	75	18	96	57	97	96	18	37	24	79	8	83	84	65	12	36	31	42	68	37	64	90	1	31	27	56	16	89	31	1	88	41	52	-1	73	53	53	85	76	43	47	45	3	58	3	76	98	8	43	40	5	75	51	93	38	70	18	86	30	18	96	96	33	57	62	52	
3	9	99	36	40	41	69	58	68	90	43	5	88	24	76	92	52	39	8	48	69	88	89	36	32	78	93	11	15	90	73	77	68	50	5	38	12	97	14	19	54	52	53	14	64	67	95	29	44	31	52	22	71	51	43	98	67	48	74	38	19	58	46	44	99	67	18	50	-1	7	86	44	76	16	68	16	85	77	14	76	48	52	36	95	7	89	51	2	75	74	97	72	73	4	33	61	61	36	33	45	
33	34	80	66	93	82	43	43	32	36	60	79	97	18	44	46	99	91	9	29	29	70	96	51	22	94	43	54	20	29	31	64	87	20	80	72	21	25	93	84	76	4	69	44	12	26	97	11	33	4	36	8	70	46	70	8	19	67	49	74	33	63	21	82	12	22	48	2	34	-1	53	8	14	73	74	29	28	16	69	11	67	10	8	77	71	96	99	49	33	42	57	38	83	99	1	76	39	12	52	7	
44	54	85	30	45	83	58	93	1	18	47	49	87	70	81	35	31	57	68	43	92	33	20	90	63	3	45	14	7	62	77	6	71	94	46	6	21	1	59	72	53	79	63	14	41	57	84	74	82	25	99	44	39	72	77	82	40	85	39	66	58	40	25	95	1	49	35	65	50	60	-1	74	6	54	80	66	61	35	47	8	22	69	58	41	14	36	45	31	53	96	1	32	1	64	92	45	45	39	73	25	
77	72	28	86	32	22	92	75	51	72	91	63	68	88	66	92	35	5	71	15	35	53	31	84	9	25	67	13	92	2	100	64	97	96	45	8	45	91	66	19	26	19	7	53	95	48	47	84	94	68	41	17	89	25	38	58	49	78	89	92	1	24	55	71	50	24	51	3	5	79	45	-1	1	6	78	49	71	11	71	15	24	28	16	80	80	38	99	39	26	33	89	9	39	63	87	82	42	78	97	25	
96	64	53	22	62	17	84	42	1	93	35	43	29	48	1	52	77	30	18	7	70	46	91	92	65	98	57	9	46	64	84	49	3	71	25	13	86	73	69	14	86	4	59	18	55	78	43	57	31	46	36	31	40	51	17	31	75	55	48	88	27	72	87	5	95	34	95	50	96	57	29	96	-1	23	76	50	18	97	87	94	30	27	92	28	54	100	24	97	60	97	9	23	86	100	79	76	82	1	91	39	
53	25	70	96	58	35	66	30	5	91	21	38	45	9	3	10	75	51	22	61	79	14	32	93	60	90	68	81	4	8	40	89	29	76	86	66	66	35	57	34	96	86	75	91	8	4	8	22	41	32	40	4	30	35	88	20	86	61	3	72	98	93	76	53	39	30	96	99	29	94	97	14	91	-1	30	14	69	100	4	33	80	57	65	90	53	19	59	6	47	92	20	29	11	93	55	19	91	27	38	61	
23	59	41	26	37	14	82	24	20	68	22	61	21	11	67	61	70	60	43	10	66	94	43	96	96	58	23	22	79	61	61	63	67	99	60	49	21	5	11	60	25	66	62	8	23	47	72	52	46	67	34	78	17	59	87	39	58	95	76	60	41	25	34	89	17	35	94	61	65	27	20	30	62	12	-1	15	83	23	60	84	7	73	89	37	60	92	77	12	67	57	77	56	42	50	26	98	39	34	85	8	
91	50	61	94	15	40	100	38	89	66	100	14	82	39	49	79	27	95	54	17	34	89	11	24	98	28	90	37	58	75	6	61	90	38	7	53	74	40	88	34	90	82	33	83	78	36	73	81	79	82	19	79	39	78	47	2	62	12	59	70	37	94	90	66	74	10	21	24	15	36	77	8	15	84	16	-1	51	42	84	19	19	49	90	19	13	63	84	31	2	22	91	2	30	44	45	33	62	19	26	11	
12	19	2	30	80	51	33	57	49	31	3	84	24	24	37	88	8	24	31	16	59	96	32	66	20	24	15	98	78	98	31	68	92	49	13	21	65	78	40	83	85	44	81	4	57	93	24	80	64	93	75	58	34	66	86	61	53	36	23	91	34	78	51	73	17	77	8	88	68	77	28	44	45	65	34	47	-1	97	66	72	36	48	79	41	80	75	40	55	73	45	48	19	14	5	83	60	62	42	56	25	
8	16	19	7	38	46	82	47	52	85	21	75	48	8	8	47	12	89	52	54	16	91	40	22	8	59	74	48	87	68	12	35	29	98	72	68	22	86	100	70	33	48	62	19	64	61	47	46	52	8	36	47	52	55	5	12	53	89	98	89	20	98	88	42	31	21	29	83	100	37	98	16	64	75	83	98	48	-1	35	8	95	65	21	51	81	65	46	46	5	28	43	35	5	20	49	69	46	1	54	49	
72	36	75	72	70	98	10	82	62	87	61	52	40	59	8	50	86	93	12	80	81	19	92	26	66	69	73	85	15	97	88	16	7	73	51	23	74	19	52	42	70	22	16	78	3	38	36	48	41	58	40	30	20	44	69	5	27	65	65	79	49	41	4	42	8	13	25	34	42	82	62	16	2	9	80	70	63	82	-1	2	57	7	6	95	68	98	96	26	3	88	25	58	36	48	30	42	36	75	42	62	
65	53	81	87	79	82	96	8	85	35	34	21	81	26	95	76	78	95	67	42	9	33	56	63	86	9	28	65	1	28	65	2	21	15	42	36	3	86	47	96	94	1	15	70	53	55	77	64	21	52	20	49	45	30	16	29	75	62	38	58	34	63	10	60	53	71	98	72	56	74	13	81	45	40	41	81	36	70	22	-1	75	100	11	57	44	58	27	83	47	23	68	98	68	57	33	20	57	53	95	17	
48	99	50	68	7	98	32	72	9	18	96	85	100	67	13	44	7	89	24	91	46	60	24	82	28	96	32	97	20	97	62	3	43	55	70	66	25	26	85	64	2	52	67	73	71	51	31	90	13	76	97	54	33	100	88	67	65	63	9	91	86	66	76	63	94	77	74	56	28	76	11	80	97	81	40	51	61	91	3	3	-1	27	54	46	44	85	63	54	1	28	100	25	7	99	91	77	43	61	8	14	
97	79	45	50	21	22	13	20	31	86	39	35	95	68	44	47	87	90	15	12	67	57	13	58	37	42	13	33	21	91	24	27	11	87	36	78	88	64	85	58	49	29	24	62	81	17	72	61	25	7	2	88	87	83	70	34	92	71	14	17	14	29	61	63	100	32	1	67	86	64	92	53	92	55	53	19	15	78	85	30	56	-1	69	80	37	83	58	61	64	38	87	61	27	77	70	48	23	53	33	36	
57	90	90	26	91	70	32	46	76	83	42	95	80	62	19	83	46	16	99	44	72	89	94	27	64	100	39	44	24	82	54	14	53	11	65	8	71	9	67	100	64	10	94	43	17	48	38	25	5	82	38	70	29	86	39	98	97	73	79	69	97	83	96	86	57	64	69	17	40	22	12	90	51	23	9	60	31	69	50	29	65	13	-1	71	84	29	85	75	73	88	29	95	72	89	72	35	48	39	34	43	
97	64	77	56	36	33	56	19	10	60	3	82	96	46	12	80	93	7	62	97	92	70	32	15	28	98	84	22	77	65	41	83	52	86	61	99	70	74	7	14	18	94	76	74	9	64	85	40	97	83	48	6	12	72	86	90	9	67	76	14	56	73	9	40	47	70	80	12	1	70	50	72	98	100	41	35	24	35	74	49	92	29	92	-1	10	96	57	27	60	79	91	56	11	85	57	65	59	77	60	28	
72	52	17	87	65	1	98	98	85	45	12	92	63	71	29	99	60	56	84	66	27	67	48	88	48	5	87	75	7	63	81	50	34	88	75	99	22	100	88	35	47	53	37	19	64	85	83	23	45	12	47	13	12	96	61	20	5	35	90	1	45	88	75	14	59	51	37	29	27	97	54	96	58	75	27	6	85	51	76	40	28	33	73	18	-1	66	47	6	19	71	43	30	16	85	96	67	3	47	99	93	
31	55	91	28	8	89	47	26	11	56	39	38	80	14	95	86	97	55	67	7	7	6	37	3	60	2	27	29	91	5	32	36	87	6	7	58	52	21	54	47	88	61	92	50	25	50	20	42	72	43	28	68	26	77	6	1	72	92	50	18	4	50	28	55	22	6	31	8	96	10	87	32	34	12	3	77	45	21	78	97	2	83	30	46	37	-1	93	81	20	70	76	60	4	19	5	9	36	96	32	13	
90	28	83	86	59	13	4	2	29	58	18	12	39	78	51	6	75	19	1	43	16	64	34	13	41	36	98	47	5	69	59	97	65	56	45	68	67	57	61	76	68	8	78	15	56	65	14	43	8	42	94	79	81	11	65	30	63	71	3	16	45	40	49	54	11	39	3	60	63	37	100	73	72	57	73	85	100	99	29	29	82	24	68	57	71	63	-1	98	22	56	64	62	78	75	78	86	84	85	58	77	
2	89	26	57	5	99	83	86	40	23	80	43	77	47	74	26	53	10	12	49	65	87	70	27	1	13	56	83	79	32	13	25	47	48	36	95	45	24	92	6	68	10	15	65	62	1	84	80	28	51	53	89	96	72	2	59	63	78	48	72	32	74	92	77	54	44	79	67	61	3	66	60	7	7	50	22	20	26	2	51	81	80	20	86	45	74	24	-1	58	26	50	62	12	90	85	67	73	67	49	3	
80	11	76	50	89	71	99	27	67	52	20	92	63	60	18	43	61	7	75	52	63	25	77	84	84	1	52	29	94	2	95	96	71	89	99	99	100	20	67	31	12	81	30	41	83	54	50	95	26	99	38	89	54	9	39	60	63	5	46	28	60	92	50	45	63	78	40	99	14	88	90	14	92	95	15	22	52	34	58	83	52	39	7	93	57	36	84	16	-1	10	3	21	26	98	76	50	43	5	91	55	
80	23	61	11	31	63	79	57	95	86	48	92	85	64	70	10	74	97	13	56	70	12	27	12	44	8	43	91	86	37	2	76	95	90	99	12	8	10	8	79	36	72	53	67	79	81	65	24	93	13	21	31	86	50	31	3	85	4	23	5	6	86	50	55	16	91	4	100	39	41	54	25	13	6	88	63	51	12	22	39	2	47	22	54	26	24	5	94	11	-1	32	26	88	70	9	60	60	39	40	94	
18	57	16	17	51	9	93	33	27	19	57	71	64	1	51	19	63	57	25	60	1	64	48	72	5	16	81	62	3	40	90	64	8	94	57	94	65	30	9	48	37	39	35	100	87	13	82	32	3	46	38	9	56	78	53	28	46	86	71	75	85	18	72	87	9	57	79	8	23	66	5	6	4	5	62	27	49	47	40	54	11	2	2	18	3	67	82	70	9	25	-1	6	47	84	26	52	46	61	52	48	
8	29	62	6	22	4	79	76	98	36	100	64	60	93	1	50	21	74	71	16	54	84	45	67	55	30	68	74	5	36	25	57	40	4	49	79	93	13	27	38	21	86	49	67	66	55	18	69	46	14	48	7	13	65	98	94	70	65	36	91	68	2	53	57	15	82	13	97	54	72	51	67	30	49	33	4	37	64	7	4	48	13	8	14	57	39	3	86	24	19	10	-1	91	24	32	24	88	98	16	20	
72	57	87	88	36	55	63	71	36	12	23	82	59	7	85	81	6	45	97	17	63	46	99	17	41	100	24	54	84	55	75	31	27	98	63	13	84	56	11	38	98	11	34	1	61	35	52	17	90	10	61	69	39	23	64	78	45	41	47	3	98	77	37	54	54	18	72	8	65	51	88	95	67	30	96	53	26	41	88	53	15	66	86	52	47	75	20	30	17	61	34	26	-1	77	84	72	53	26	100	51	
83	59	22	80	90	91	46	9	1	63	56	83	12	5	68	56	1	82	10	58	94	10	30	83	24	91	25	90	76	83	8	2	91	7	44	50	55	29	46	5	8	72	76	11	36	19	53	91	51	62	5	14	17	19	88	60	93	68	74	57	94	8	51	27	20	5	22	42	46	78	27	12	9	40	25	23	55	65	68	75	41	59	27	76	94	10	21	91	5	25	38	84	96	-1	62	80	92	26	72	23	
20	66	9	100	94	41	48	88	22	86	84	37	24	80	74	73	48	8	95	63	42	96	38	14	31	90	73	59	31	37	17	71	92	76	3	17	47	12	68	45	62	29	32	64	86	48	95	98	14	96	87	58	71	41	6	64	42	72	48	65	75	16	43	22	54	24	11	46	95	30	59	38	10	40	64	30	45	25	1	90	42	82	78	60	40	21	18	43	9	26	31	17	87	64	-1	75	61	47	42	94	
64	35	43	73	1	50	95	81	62	46	63	96	97	49	6	31	35	40	48	89	68	40	83	11	47	65	49	61	31	93	50	87	26	89	34	55	1	46	21	58	96	67	49	10	92	65	31	19	62	31	42	24	18	91	1	48	99	68	79	40	4	33	83	63	100	14	89	69	95	14	67	40	49	21	76	25	14	71	7	17	30	33	91	51	97	34	86	9	62	60	62	45	85	92	71	-1	74	63	3	98	
38	37	50	33	51	80	17	4	49	27	100	36	14	6	6	50	21	41	93	67	3	100	65	45	27	65	36	56	7	74	74	18	79	77	67	43	18	29	66	97	19	92	94	39	2	2	34	17	10	15	68	23	45	59	43	9	66	5	23	39	27	65	17	80	96	91	59	1	78	13	39	23	22	96	83	56	48	42	73	18	88	6	48	24	60	93	18	74	64	87	51	35	37	17	19	82	-1	83	50	3	
34	74	27	14	85	39	55	41	19	92	63	43	90	76	34	99	88	44	5	47	28	47	93	42	18	14	53	63	26	63	54	60	91	22	75	62	89	10	46	98	71	51	44	28	100	25	48	6	24	68	71	84	63	31	98	27	10	45	77	35	49	42	31	36	72	84	10	54	13	62	44	93	17	13	41	45	58	4	55	2	24	8	16	18	39	57	39	89	57	23	2	86	95	57	38	57	97	-1	22	27	
28	70	80	45	50	41	41	27	76	38	80	91	2	68	53	43	2	23	56	79	26	89	80	87	64	40	99	89	61	38	8	34	55	7	43	82	72	87	72	81	7	54	35	89	1	24	95	28	22	80	18	78	53	22	23	68	17	32	49	99	70	22	23	15	35	46	16	41	53	79	18	95	80	20	49	8	81	75	1	100	63	50	20	57	98	62	1	61	25	54	14	41	23	27	55	3	36	41	-1	27	
45	60	64	94	42	45	56	91	68	5	94	76	58	10	5	100	30	73	63	1	91	68	95	23	17	4	87	31	5	58	53	19	3	45	44	60	1	12	52	17	86	80	9	72	18	10	24	18	43	6	3	20	65	90	79	31	90	16	87	19	74	33	42	36	57	13	37	17	68	27	98	78	5	36	64	7	73	78	85	26	100	5	44	61	96	3	98	15	85	45	99	29	41	26	40	71	10	46	16	-1	
