100
-1	5	48	33	24	47	65	80	91	80	90	96	6	30	68	31	3	33	46	16	16	79	21	22	14	43	82	99	51	80	58	9	41	35	56	6	28	87	98	72	41	93	21	43	40	65	7	22	15	88	53	35	64	78	78	31	77	85	53	49	42	6	30	86	23	32	20	85	43	87	1	16	20	23	91	31	11	53	41	3	2	85	37	37	16	32	100	68	89	52	51	37	90	86	9	42	28	55	81	80	
40	-1	59	29	68	86	89	38	36	42	7	87	47	74	20	56	27	74	15	56	82	64	15	87	89	39	75	11	55	42	41	21	94	97	2	67	69	48	16	13	2	31	30	92	72	24	2	52	11	15	20	13	67	6	55	17	67	37	26	81	55	2	65	71	67	20	12	93	69	5	67	41	73	44	86	96	84	36	43	9	59	18	42	64	36	77	24	74	25	68	11	54	52	68	80	36	36	26	6	49	
73	43	-1	19	64	53	82	93	68	1	10	98	57	10	33	55	95	13	84	81	69	89	83	61	66	40	83	10	70	3	63	92	39	98	28	83	65	50	17	61	3	57	1	28	2	95	42	63	92	79	90	27	58	50	8	97	42	29	45	18	36	69	87	65	89	10	21	49	4	73	25	54	61	71	51	69	99	52	2	27	99	20	80	37	9	60	69	98	73	77	40	77	6	2	17	18	29	95	62	10	
90	20	49	-1	65	95	38	18	28	77	48	5	31	86	82	58	60	3	74	63	1	7	23	37	34	37	3	51	95	43	47	51	68	74	100	70	42	52	12	19	57	79	79	79	82	23	83	79	52	95	46	21	97	25	23	60	10	24	34	15	99	45	52	68	35	20	46	77	56	8	52	86	45	89	13	20	81	6	65	53	8	90	27	13	71	98	17	53	96	11	29	10	90	81	69	16	58	1	60	52	
3	35	6	6	-1	92	76	78	95	15	89	47	42	32	99	1	13	98	30	57	79	97	51	82	4	21	19	77	52	30	4	76	87	37	30	34	53	33	46	38	77	65	26	33	63	69	14	53	95	43	81	79	56	53	43	91	68	68	93	38	52	83	93	61	44	67	88	16	53	85	89	53	38	34	28	75	84	71	71	97	36	62	12	3	50	15	63	14	80	62	97	95	44	19	9	10	53	96	66	44	
51	63	37	19	22	-1	19	40	72	61	65	55	46	87	66	74	97	22	4	68	81	50	60	18	8	76	53	75	89	79	14	42	58	83	64	1	61	9	36	29	10	2	48	21	48	67	28	48	41	43	19	57	47	59	9	9	49	51	39	87	29	26	69	98	19	64	88	69	69	14	28	59	20	34	27	42	84	27	75	40	36	47	96	74	40	27	46	13	42	23	70	90	90	34	70	74	29	36	10	9	
5	58	96	90	51	74	-1	19	32	28	29	24	24	96	12	17	7	16	74	34	70	27	66	13	2	32	79	13	37	14	89	10	98	19	98	95	75	65	54	44	21	94	31	50	32	50	76	32	61	63	55	27	80	24	9	77	62	83	72	85	47	76	36	14	95	73	91	42	97	75	98	29	13	88	97	22	54	79	25	33	11	69	35	30	76	6	31	45	75	67	99	99	96	36	9	51	32	49	100	72	
33	9	78	78	90	88	97	-1	96	12	42	35	57	50	90	43	81	13	23	2	6	67	44	74	54	37	31	92	24	58	37	92	50	85	44	21	37	82	32	98	51	58	82	36	44	45	42	44	68	75	76	40	91	37	34	22	11	16	44	57	78	28	20	98	28	23	6	8	19	60	94	75	91	66	93	6	41	76	14	77	74	47	18	86	5	97	61	66	21	8	74	27	100	78	85	27	17	39	5	39	
19	45	45	5	81	78	82	15	-1	37	35	20	81	72	100	47	68	92	40	14	36	57	82	39	47	48	56	14	19	81	23	95	2	67	96	89	100	73	93	40	81	63	59	45	99	89	38	45	98	3	97	11	62	51	72	70	81	22	55	90	18	49	93	18	1	35	89	30	44	11	40	73	81	88	27	70	76	46	62	74	76	67	17	6	45	90	33	79	13	96	10	93	71	69	29	28	63	4	77	68	
20	25	74	36	38	91	67	41	96	-1	23	95	84	53	15	22	49	25	22	90	98	78	83	38	71	32	13	1	63	2	94	54	39	21	10	83	33	70	21	48	40	79	51	25	2	70	56	50	58	6	49	22	71	2	73	30	4	19	75	79	10	48	100	31	75	4	12	43	16	39	6	53	77	45	91	37	72	19	37	48	15	100	64	41	58	59	62	90	36	21	14	94	69	22	22	93	76	31	71	31	
53	2	77	42	66	85	90	5	54	12	-1	15	9	70	86	86	51	3	46	54	70	12	2	4	3	60	28	38	38	38	66	53	82	97	63	42	88	82	64	89	4	56	81	18	36	34	81	57	53	30	47	56	95	38	22	13	93	15	25	29	77	94	79	39	29	46	82	46	37	33	78	87	31	70	77	81	77	23	73	41	42	48	30	20	4	59	16	38	44	50	90	22	30	70	40	12	26	81	3	13	
88	94	95	69	84	68	74	85	61	44	50	-1	95	7	11	50	39	49	16	85	91	64	29	24	43	62	27	59	37	63	34	93	71	78	7	55	14	18	42	26	45	55	47	40	67	30	60	84	13	23	79	37	15	94	100	9	100	84	62	78	41	88	54	5	86	25	75	62	59	86	60	14	54	79	39	2	92	61	16	93	77	1	90	80	7	61	23	49	38	52	65	46	74	12	99	75	73	24	6	63	
96	30	78	65	11	25	29	5	35	4	81	59	-1	48	67	51	94	55	30	46	70	9	31	94	78	40	2	83	95	78	16	1	3	76	28	65	1	89	34	23	49	79	29	9	14	13	18	100	59	69	51	62	83	40	68	8	96	40	97	33	45	93	19	98	66	72	80	71	56	67	89	62	74	33	66	67	84	33	93	4	94	24	10	45	15	100	51	94	90	94	18	88	20	20	31	30	40	83	84	97	
55	2	86	86	88	32	74	38	39	75	12	66	56	-1	42	19	21	19	60	81	42	85	13	59	10	74	92	60	65	80	98	66	60	42	54	30	31	34	65	38	88	76	84	40	52	1	76	48	64	63	5	4	39	13	34	36	70	9	60	25	36	48	96	46	59	77	58	8	70	62	16	73	100	7	76	52	61	57	33	99	64	38	91	47	37	6	16	59	92	81	41	22	9	70	82	2	5	80	59	17	
69	22	88	55	70	68	74	32	57	23	46	68	59	86	-1	13	7	56	99	44	70	48	36	66	63	82	15	48	48	64	18	72	95	98	3	10	89	10	11	42	48	72	65	38	9	3	37	75	2	80	66	25	36	90	37	33	1	81	83	45	19	47	80	54	96	55	93	69	5	16	75	54	9	34	21	54	12	99	8	54	55	25	81	92	54	22	99	18	67	72	13	50	16	13	10	4	20	10	87	42	
66	64	21	87	2	71	64	33	52	67	31	38	3	39	57	-1	33	14	96	27	6	73	82	83	62	98	76	36	95	73	58	51	64	25	82	29	96	28	12	6	68	74	7	98	82	92	39	42	95	70	12	9	53	71	70	67	69	53	91	6	39	9	63	47	60	100	78	31	39	61	47	90	79	13	35	17	23	84	35	87	47	2	54	21	54	98	62	50	21	34	34	55	55	27	56	48	45	34	77	47	
84	27	37	70	41	33	51	47	32	51	8	14	52	85	87	26	-1	82	97	49	16	20	51	61	73	4	72	31	26	92	35	49	80	8	58	71	96	87	58	35	5	90	71	3	81	27	91	25	6	48	57	55	52	62	11	12	66	21	95	83	24	65	4	19	60	91	32	39	57	8	45	19	59	53	42	62	81	47	48	97	63	73	45	68	16	100	47	76	63	15	32	4	88	19	36	92	61	24	39	31	
49	85	73	47	29	16	100	63	14	13	53	84	18	49	41	44	34	-1	10	89	87	43	33	59	54	32	63	87	18	16	36	83	33	64	21	55	48	55	47	63	12	43	81	93	12	47	75	1	71	71	59	96	98	8	100	33	89	9	68	78	35	77	98	38	99	1	81	61	32	100	60	25	83	10	98	48	91	10	27	62	65	95	4	52	14	12	11	21	2	43	59	88	62	15	55	34	80	30	16	57	
92	41	100	94	51	85	68	67	16	22	54	3	83	42	60	6	81	28	-1	7	68	11	90	19	25	62	87	58	70	95	89	71	71	37	82	30	52	51	45	57	85	58	84	76	49	3	84	32	97	69	16	64	64	73	77	57	94	89	6	68	27	94	19	46	25	89	39	12	29	57	70	46	70	11	84	92	34	78	64	51	97	56	56	33	43	9	37	37	90	70	34	17	32	92	64	32	5	22	56	54	
100	4	44	82	18	78	30	3	76	89	63	2	3	76	48	11	21	69	7	-1	46	73	89	87	12	53	5	71	46	23	59	88	1	18	92	18	63	86	15	46	89	67	50	29	65	42	40	43	93	20	39	52	33	31	74	71	2	39	45	94	59	49	67	85	41	10	25	82	13	57	26	47	64	41	75	14	71	2	43	82	24	10	69	83	97	13	69	8	74	16	60	51	68	89	4	9	69	20	67	94	
17	80	31	67	59	16	42	42	48	31	31	25	83	39	9	11	35	30	2	8	-1	25	90	26	99	61	38	69	81	17	100	87	83	79	94	98	24	36	20	29	36	78	74	63	48	27	65	74	47	30	87	49	1	90	9	88	66	81	53	14	41	99	83	11	49	62	3	43	91	36	55	79	25	66	3	15	51	52	26	43	76	91	14	70	36	14	68	88	79	64	89	71	44	60	44	72	23	18	35	35	
96	6	39	68	9	79	16	43	85	25	69	30	50	49	78	6	80	80	71	3	76	-1	3	58	24	3	59	71	98	47	29	19	88	14	3	67	36	20	35	79	55	56	27	55	14	93	29	64	43	27	81	2	38	23	82	36	37	51	94	29	86	27	93	6	31	83	18	12	91	98	14	11	7	54	73	23	39	65	43	58	90	47	49	90	67	93	72	96	22	38	69	29	26	40	2	44	81	49	24	89	
73	82	85	64	3	24	24	21	13	93	30	71	68	5	55	42	96	30	74	33	11	100	-1	29	59	48	2	41	46	64	21	28	30	18	18	40	19	64	29	43	77	80	11	83	79	79	49	80	42	27	78	39	44	13	31	62	20	7	28	49	47	94	55	15	7	98	84	30	83	92	23	39	64	80	21	89	51	9	79	79	87	34	52	16	47	90	74	59	23	26	40	23	47	93	30	77	73	49	33	63	
25	4	72	23	65	53	59	89	82	92	50	13	16	48	6	73	60	84	56	89	24	31	60	-1	19	75	75	44	77	23	71	48	37	7	37	69	52	45	72	3	18	96	14	72	18	17	72	26	5	95	85	98	59	24	41	17	80	18	63	47	56	34	100	23	6	23	37	58	54	38	39	64	33	81	38	35	1	18	8	5	60	90	3	100	86	70	12	71	79	28	97	44	25	56	69	48	18	93	38	67	
96	2	27	89	14	86	80	24	14	64	19	3	48	47	92	21	89	86	96	90	39	81	64	59	-1	73	23	40	20	42	95	86	12	55	97	5	63	68	86	4	3	46	6	37	19	34	93	58	3	69	72	45	10	13	54	74	68	91	43	15	39	73	43	11	64	82	97	39	6	24	18	22	59	29	45	26	19	9	53	24	8	94	77	75	2	41	47	10	34	84	70	20	41	29	72	60	44	34	24	99	
10	1	81	30	66	2	88	82	41	82	46	21	85	7	92	6	75	54	22	76	75	92	2	53	30	-1	51	83	25	96	74	6	48	34	76	35	4	18	42	23	33	58	96	16	7	70	29	54	50	9	76	5	93	93	98	50	73	13	5	35	50	48	11	53	85	76	16	68	4	60	4	50	40	82	41	40	13	19	19	77	23	52	52	79	91	77	58	3	7	40	47	16	27	48	89	19	8	34	82	65	
6	92	49	46	61	56	69	21	23	40	74	87	5	55	54	28	87	70	38	60	49	21	61	78	96	31	-1	27	35	80	81	53	37	66	65	9	34	89	2	94	87	69	60	37	24	9	40	9	93	49	70	7	65	22	76	13	66	49	87	86	46	61	21	39	89	93	53	27	14	49	34	9	66	67	28	21	67	77	97	34	9	90	55	80	75	50	27	34	19	58	54	69	39	15	29	1	55	41	14	83	
99	95	77	76	79	77	12	14	44	23	55	73	44	72	31	39	24	89	97	78	6	11	29	49	46	98	87	-1	93	33	80	61	70	76	17	23	75	73	16	100	79	27	53	78	24	23	9	16	12	91	27	13	17	22	76	91	9	11	38	9	95	47	32	90	16	81	69	36	10	92	42	100	84	1	45	98	78	1	27	54	100	65	16	72	89	91	10	10	6	27	91	48	74	11	31	21	25	95	5	79	
76	9	100	3	75	24	70	54	49	26	72	39	43	84	12	10	83	65	43	4	3	89	49	24	23	11	95	58	-1	75	73	76	22	61	55	51	58	65	7	67	51	42	11	34	86	24	59	32	95	14	25	96	14	5	14	33	65	94	19	26	24	53	19	33	35	74	59	65	65	17	31	10	33	52	95	55	62	31	82	58	66	19	46	66	100	24	56	29	62	58	37	71	32	49	14	26	27	83	75	72	
44	92	26	2	48	32	42	26	20	94	90	75	1	65	32	35	10	11	17	94	17	15	99	30	78	31	49	6	9	-1	47	57	6	35	33	67	79	44	57	85	19	68	51	62	32	46	2	80	69	8	59	77	45	60	86	96	15	14	40	28	53	63	79	80	61	29	50	39	77	73	96	43	90	33	10	94	7	82	74	17	79	13	35	94	100	32	51	49	90	7	24	31	47	39	86	21	36	8	31	5	
96	58	72	4	7	97	24	87	50	97	18	31	29	66	48	38	77	72	45	73	99	83	2	87	68	59	33	47	54	70	-1	6	73	36	92	2	80	26	90	52	92	4	10	58	70	26	59	77	89	90	58	97	12	70	84	7	31	60	77	71	54	49	32	72	63	97	35	90	44	79	33	59	33	80	83	9	11	100	4	79	37	57	36	90	38	79	7	38	16	68	53	81	35	72	2	44	8	75	87	67	
67	86	66	21	51	24	42	80	61	58	65	82	24	57	24	33	52	18	100	76	64	66	21	63	41	91	3	99	83	35	16	-1	86	13	11	81	81	61	75	20	98	21	60	29	25	61	2	72	58	13	95	67	69	85	31	12	76	20	54	16	32	8	3	93	58	7	39	58	32	91	9	17	20	50	10	66	49	77	72	72	88	45	67	95	76	63	72	61	37	48	25	70	5	84	44	59	52	68	32	60	
65	81	66	5	58	72	32	2	73	75	43	18	3	1	36	62	30	56	91	9	53	62	85	83	22	86	51	26	59	81	4	40	-1	17	16	18	91	79	71	31	46	90	39	59	37	8	24	28	94	70	6	30	96	89	61	96	59	64	38	15	74	96	84	17	38	100	23	37	52	43	28	93	97	63	97	28	28	31	54	9	8	8	33	91	38	64	37	35	92	15	5	59	19	3	87	49	78	61	43	27	
4	3	50	19	5	1	54	26	60	23	96	33	3	34	63	12	46	27	15	98	89	70	66	45	16	11	54	26	4	92	95	24	95	-1	31	5	98	8	51	93	57	73	61	45	34	69	74	38	96	9	45	74	94	81	30	77	60	23	40	43	58	47	27	43	28	45	58	90	60	95	66	79	61	38	13	93	30	80	64	45	74	48	47	94	13	85	34	39	91	30	3	80	36	61	35	27	44	46	73	32	
23	78	74	14	11	5	34	93	20	29	13	13	84	85	17	48	97	5	67	99	60	70	36	48	67	12	98	100	66	21	92	15	85	85	-1	46	89	41	52	4	92	84	32	5	85	21	16	94	35	100	96	48	13	54	6	67	92	41	93	36	61	95	35	14	24	60	32	23	29	20	64	32	34	54	21	63	81	53	7	79	51	64	36	10	17	57	76	10	19	29	79	9	18	64	20	35	98	10	90	88	
44	53	29	46	55	41	84	19	65	8	56	59	21	40	19	21	24	21	86	76	29	51	4	84	60	31	80	40	77	49	80	34	53	71	71	-1	65	56	76	92	11	14	50	37	51	28	100	62	28	93	94	9	95	86	43	14	5	50	30	51	37	26	36	78	24	52	73	50	66	28	68	74	84	83	40	20	23	20	28	33	48	29	60	93	55	15	25	14	21	100	20	76	25	40	83	48	31	85	25	29	
84	96	42	74	93	5	4	49	2	38	91	56	72	43	100	86	6	67	30	92	56	31	60	100	61	7	46	2	35	73	58	41	44	7	74	28	-1	96	23	3	74	76	16	75	71	69	63	92	40	81	59	8	60	5	42	76	71	60	75	1	11	19	80	100	58	30	73	24	52	61	25	61	41	18	57	43	5	10	93	17	6	79	29	24	78	41	45	27	9	91	93	72	29	48	48	46	84	77	34	29	
85	97	79	71	72	64	14	12	75	44	50	20	13	45	83	59	61	75	64	69	66	50	32	63	62	21	67	58	63	85	91	79	89	20	98	87	21	-1	1	45	76	49	59	25	75	53	62	53	43	46	28	64	58	65	56	93	30	75	47	36	95	74	43	7	43	38	53	69	31	49	14	29	16	47	18	26	96	90	24	97	21	21	23	60	82	72	85	6	78	11	73	100	17	98	59	38	78	33	57	96	
25	83	70	78	92	9	21	2	85	92	55	5	22	26	66	41	61	45	38	62	89	8	92	45	81	56	4	37	51	26	39	92	55	57	2	97	17	30	-1	82	80	88	62	72	93	89	25	58	41	16	21	39	46	100	84	99	9	9	1	71	51	45	52	8	11	40	37	62	85	81	23	82	68	8	42	11	3	81	97	85	43	97	36	3	72	96	80	67	36	58	60	76	20	30	72	83	60	32	64	25	
2	25	56	80	82	85	6	35	9	72	43	35	68	21	61	35	15	7	56	72	17	48	60	58	48	53	95	25	16	78	78	59	73	10	81	73	87	55	67	-1	29	79	53	51	71	90	72	9	31	11	51	92	1	84	68	64	17	100	46	51	66	73	64	23	58	81	39	38	4	22	21	76	36	39	64	29	30	52	99	25	78	93	22	88	79	85	100	9	42	36	56	92	81	34	37	15	67	70	35	86	
83	40	85	19	57	47	25	37	87	50	80	23	20	19	70	95	41	45	66	99	77	74	13	20	15	48	9	69	29	17	36	7	30	4	50	50	51	54	8	86	-1	31	21	65	91	26	12	22	86	60	67	80	6	93	64	28	93	59	6	28	74	37	53	93	63	43	22	13	62	31	9	65	46	86	12	65	83	20	85	22	89	83	31	28	41	51	85	62	21	42	80	39	54	14	78	10	75	87	82	8	
19	5	82	64	67	83	83	23	25	85	52	30	80	35	29	21	54	66	74	25	98	99	86	16	69	38	81	71	47	73	81	64	17	68	79	57	90	63	74	17	47	-1	94	48	22	59	44	98	43	23	83	29	74	9	7	53	72	47	41	48	76	38	14	94	13	24	41	96	8	7	73	2	22	11	78	78	54	77	45	22	37	5	34	48	85	21	85	84	47	23	21	30	73	62	5	78	84	79	67	92	
70	97	2	27	46	18	58	65	34	40	51	91	17	88	6	87	14	24	90	63	82	67	23	32	94	13	8	95	3	91	83	87	69	94	77	55	29	75	77	69	18	70	-1	45	79	26	99	47	28	66	28	22	55	83	49	90	60	19	12	59	91	100	68	12	29	22	80	35	4	11	88	8	38	10	48	52	1	76	100	63	17	95	26	20	63	24	14	51	45	44	27	7	90	97	94	39	95	90	96	19	
69	96	35	75	89	30	1	39	18	39	89	79	30	39	34	97	39	39	73	29	47	13	85	4	54	56	17	36	24	15	66	46	91	20	29	61	93	83	51	11	36	91	3	-1	18	1	48	88	40	80	34	76	70	23	55	96	41	65	31	24	2	80	95	1	40	88	55	54	75	54	51	64	83	5	73	46	17	60	92	39	78	93	12	5	42	20	76	54	55	78	80	41	89	92	69	67	100	90	1	30	
48	1	35	1	76	89	23	94	15	99	22	33	46	30	37	85	6	50	38	80	85	94	58	26	47	14	96	78	31	73	59	80	69	93	52	2	18	59	10	58	34	4	2	60	-1	53	24	12	40	46	86	79	42	48	92	85	8	73	65	50	75	12	56	95	98	49	50	100	31	76	35	75	52	86	89	79	1	83	13	35	30	5	63	57	95	99	96	13	87	98	90	54	14	32	3	6	46	61	21	93	
40	63	45	16	94	80	65	87	92	59	88	5	87	80	73	74	17	35	43	30	66	4	95	12	39	82	22	61	89	65	81	94	28	26	66	39	73	44	69	69	84	46	10	18	78	-1	26	77	88	38	92	43	84	18	99	15	12	45	99	70	50	31	44	34	15	52	90	49	6	76	97	32	21	87	15	25	70	40	92	58	34	71	49	59	59	52	80	47	22	18	59	9	7	43	75	81	83	56	54	58	
87	1	16	14	55	23	79	52	90	81	13	96	96	88	91	24	71	78	7	14	62	92	77	18	91	67	89	81	8	100	23	2	45	42	36	39	96	9	25	59	4	77	86	100	10	9	-1	77	56	68	44	55	36	64	56	9	18	62	49	11	90	17	68	77	35	11	69	82	56	18	41	78	55	73	8	63	36	92	10	72	10	31	72	96	93	49	21	21	43	43	2	20	92	50	27	35	24	15	80	38	
8	46	7	42	63	53	57	83	7	74	50	83	94	2	80	60	62	43	17	14	36	64	46	21	64	95	99	90	42	52	51	7	71	88	78	56	84	37	78	15	2	72	14	27	21	62	94	-1	29	78	31	22	71	22	44	1	9	13	28	58	45	79	82	92	22	10	65	47	68	28	47	25	50	75	14	2	56	54	88	8	79	41	42	10	73	100	75	90	69	8	2	65	41	2	65	13	34	88	15	58	
71	53	73	58	33	9	80	34	33	29	54	18	43	44	54	31	19	50	77	43	13	43	87	67	93	88	93	32	91	97	24	11	93	27	33	7	71	12	99	86	26	99	2	94	44	74	29	29	-1	71	60	70	22	72	44	36	34	26	91	58	67	27	54	94	90	37	28	17	3	61	25	13	49	48	23	75	71	31	79	9	66	6	35	43	28	39	63	50	84	35	14	48	7	36	74	11	99	84	82	8	
13	18	47	83	72	15	41	8	88	76	8	56	89	71	54	10	64	61	78	79	58	25	2	88	7	66	29	42	29	18	24	58	78	23	70	50	55	19	6	43	58	38	96	9	65	54	42	56	4	-1	43	35	25	48	76	77	64	1	26	60	67	25	30	35	50	38	76	87	4	18	22	12	83	25	38	43	60	15	89	33	34	22	48	34	66	70	71	10	61	15	11	94	53	83	20	6	34	37	100	45	
19	33	35	34	64	73	19	13	13	47	41	45	22	67	65	41	4	88	71	77	36	86	15	91	46	55	65	41	57	59	80	92	82	27	100	89	54	21	82	63	23	20	57	2	1	19	2	82	13	21	-1	43	39	3	18	79	7	77	77	77	20	99	83	51	69	32	46	73	43	21	91	51	76	28	48	55	6	88	66	94	45	59	10	60	31	48	51	41	23	90	72	11	40	8	34	14	75	55	56	48	
3	65	41	41	33	16	97	59	43	58	96	33	12	53	47	37	33	86	29	29	50	45	49	96	68	61	100	21	74	18	74	94	90	86	68	24	41	53	88	70	37	22	32	5	61	19	76	63	38	64	31	-1	27	93	87	40	3	57	68	9	51	58	9	8	85	66	13	3	65	36	56	93	28	94	58	39	11	63	1	65	2	17	32	42	10	51	38	93	41	98	38	57	36	80	24	81	5	77	76	48	
16	82	93	4	12	64	9	14	18	19	23	29	21	50	1	82	42	52	75	44	30	31	47	11	5	87	15	7	46	43	72	73	88	72	12	69	79	74	15	90	80	24	25	74	33	65	51	39	48	20	86	80	-1	25	40	4	72	74	56	10	48	3	94	30	88	50	25	10	83	88	33	84	42	9	34	63	26	21	67	90	41	8	72	44	79	26	86	79	48	82	90	93	89	48	44	40	35	94	89	69	
67	44	88	52	73	6	33	41	94	46	71	98	15	25	87	3	35	7	76	46	15	94	53	56	70	26	13	32	63	2	9	15	25	55	35	95	30	67	2	80	77	3	74	47	94	28	73	1	97	13	94	7	17	-1	33	5	48	78	93	67	60	55	49	56	62	17	72	50	13	58	39	48	14	25	69	11	13	14	36	31	88	32	67	5	68	38	76	71	91	27	4	52	18	65	97	94	68	87	19	18	
10	77	31	39	64	8	55	2	36	47	58	92	34	62	27	79	96	61	27	30	99	11	64	60	93	83	3	52	76	98	29	34	54	71	74	72	95	51	50	75	88	1	93	80	54	61	65	7	27	75	45	62	94	83	-1	12	53	9	2	10	85	77	4	74	6	82	63	57	74	25	30	82	71	74	87	34	16	15	90	54	82	92	4	82	40	18	11	65	81	17	86	23	45	13	71	65	23	88	15	27	
29	84	41	54	73	96	87	61	78	99	97	13	82	93	12	80	63	93	86	42	67	39	67	33	9	71	60	59	80	42	21	53	54	86	100	7	13	92	19	45	81	69	14	32	26	93	26	68	27	25	50	44	48	26	80	-1	93	52	91	46	80	53	6	14	31	24	29	10	92	64	60	68	50	90	5	97	8	79	88	84	73	57	1	65	39	35	30	67	42	6	93	27	31	99	10	30	76	11	24	28	
2	13	38	94	62	7	67	49	79	84	43	88	73	36	56	48	38	88	99	66	13	3	13	85	20	13	48	40	64	80	99	62	64	56	88	56	90	59	67	99	93	29	52	11	36	12	44	67	94	43	50	26	94	100	35	25	-1	64	39	18	22	97	57	62	8	87	70	44	52	5	67	65	27	2	46	40	97	27	25	100	78	98	81	97	59	100	16	95	67	87	2	11	86	28	69	41	14	83	42	37	
48	97	13	2	97	65	80	3	94	30	80	72	89	51	29	85	52	100	31	10	23	84	65	18	13	40	93	8	47	71	36	95	13	46	11	36	97	50	86	98	49	88	72	60	95	92	91	63	27	21	90	42	53	96	40	65	55	-1	3	79	55	65	80	28	46	87	61	33	72	31	66	96	15	51	65	62	44	45	2	48	5	6	48	60	40	40	98	52	43	31	45	30	54	74	41	43	86	81	6	46	
35	58	29	59	11	20	87	37	56	71	37	63	24	86	92	42	37	53	11	31	8	3	19	83	25	35	99	44	39	5	100	46	27	23	26	62	75	52	67	77	41	97	24	72	97	95	50	26	7	80	62	60	12	61	69	32	40	95	-1	1	44	33	77	56	57	2	58	58	73	62	39	12	94	93	95	99	60	95	68	14	70	48	97	16	60	11	70	26	3	52	56	40	30	24	14	41	63	62	15	24	
73	55	48	16	93	57	60	75	22	61	43	63	22	34	64	85	1	26	98	82	16	59	4	75	70	68	72	84	13	93	97	73	85	44	81	99	73	58	37	100	30	1	26	69	24	27	28	12	62	71	81	87	13	82	80	15	76	89	75	-1	64	15	94	29	88	13	12	76	70	94	38	62	33	69	86	26	29	18	34	26	90	35	99	59	79	8	86	12	68	73	8	86	26	3	80	24	62	2	7	74	
65	81	87	87	39	34	20	91	27	71	11	42	46	57	27	7	86	1	17	76	89	28	11	2	98	79	85	76	95	78	80	19	75	49	79	20	58	33	7	69	7	76	97	20	85	75	1	6	29	58	77	76	35	53	83	24	71	98	20	37	-1	94	12	45	94	81	46	68	84	69	18	15	79	35	92	82	84	50	13	39	4	51	5	41	27	9	9	45	90	89	17	17	77	7	85	17	81	90	77	93	
61	24	54	44	79	38	3	37	50	94	12	83	21	90	97	41	38	16	95	44	40	90	83	52	18	24	91	41	2	31	77	5	49	20	80	94	59	30	21	78	81	41	19	15	13	67	83	52	1	71	27	31	84	99	40	53	6	70	33	95	46	-1	59	10	74	33	93	53	97	16	15	55	77	66	58	94	77	3	100	6	36	28	63	98	20	4	71	28	64	35	20	59	88	9	19	100	51	53	82	99	
53	46	59	40	51	45	85	42	15	20	29	38	100	83	56	11	26	81	44	12	10	22	80	34	32	50	11	68	36	32	40	32	90	20	79	41	30	42	36	46	4	64	85	80	36	17	85	46	28	3	50	55	97	34	2	93	68	7	62	61	45	52	-1	55	72	37	8	22	48	99	36	96	34	16	35	21	26	84	72	94	99	4	94	82	78	82	29	79	89	70	46	89	20	74	7	58	50	56	16	89	
51	55	29	32	46	27	5	17	35	100	2	37	7	33	78	84	99	6	49	75	48	43	8	31	84	72	50	53	10	41	25	39	30	44	35	10	99	9	13	40	56	57	20	67	85	23	50	95	64	19	87	97	12	28	1	53	17	33	53	89	8	82	47	-1	86	95	96	95	6	88	66	5	18	35	37	89	55	30	50	12	76	49	63	27	58	65	28	5	10	79	70	3	82	44	41	34	6	16	53	1	
5	22	70	27	1	79	13	95	39	13	23	30	46	52	52	37	45	69	46	67	47	59	75	50	27	63	5	5	96	29	77	96	99	84	21	96	62	92	70	72	31	50	12	45	46	39	24	36	55	66	84	9	67	72	93	52	25	21	65	49	44	92	10	46	-1	51	38	23	31	68	71	74	13	20	5	26	28	79	69	93	34	19	7	45	81	100	98	14	94	15	84	43	62	61	27	78	33	34	60	77	
58	72	39	7	94	2	51	33	29	34	27	29	57	50	25	93	12	91	42	12	48	82	2	26	72	84	53	20	30	27	35	81	67	57	84	35	11	44	39	6	26	59	60	43	86	64	59	95	94	86	71	9	1	45	62	66	79	40	15	92	61	19	62	1	24	-1	89	23	40	48	91	65	79	36	93	12	67	89	84	65	49	58	49	13	47	31	5	1	83	19	78	20	98	34	1	81	99	59	64	95	
16	72	90	38	22	83	65	20	81	85	75	39	86	74	35	93	9	100	62	66	61	63	73	100	94	48	78	49	9	40	67	72	9	8	34	45	65	55	26	50	45	48	40	26	35	44	25	30	35	57	95	81	48	88	90	88	48	85	90	29	89	77	74	22	14	64	-1	22	14	78	79	57	29	71	36	28	13	90	41	91	68	40	38	57	50	28	6	53	6	12	15	52	65	69	40	48	70	75	36	23	
22	24	21	57	78	51	98	90	65	12	77	92	83	62	31	71	54	49	65	73	8	54	59	88	14	8	11	82	40	48	4	53	24	66	79	51	47	93	98	87	29	93	95	12	80	16	44	6	20	24	48	23	42	90	96	31	6	66	36	87	14	9	71	63	16	2	90	-1	54	15	58	56	86	57	94	17	64	86	34	40	1	52	31	81	94	15	85	20	17	56	66	68	36	70	82	27	81	42	27	26	
75	54	48	43	97	17	69	25	12	30	33	100	69	31	16	18	39	31	53	13	58	49	66	26	25	83	71	10	9	91	1	31	42	65	20	20	33	22	43	76	47	31	39	24	34	52	21	88	33	22	59	45	72	23	89	4	37	85	100	17	20	62	84	84	42	11	47	63	-1	84	95	5	30	50	37	33	68	91	87	56	87	77	81	80	70	54	89	55	60	16	41	70	59	65	68	68	66	88	16	79	
72	82	36	42	15	92	24	11	4	40	85	63	51	95	63	10	28	38	36	85	91	63	74	35	74	66	28	9	97	47	65	22	99	30	25	5	62	2	1	82	95	94	9	48	15	98	84	95	17	96	34	65	33	70	37	28	12	87	10	68	65	48	37	59	48	5	87	84	9	-1	68	31	72	86	69	31	86	20	26	21	94	16	46	98	80	54	16	8	70	82	33	94	63	62	38	8	21	74	95	26	
26	58	65	74	22	77	24	36	12	11	41	12	79	60	73	49	82	93	74	33	23	12	16	37	83	83	58	83	94	58	55	84	83	86	94	23	93	24	24	19	100	29	28	28	73	34	44	25	52	64	8	80	37	46	19	6	49	58	76	89	41	28	89	59	71	68	14	93	20	31	-1	41	88	17	97	66	26	86	82	60	41	4	41	69	11	42	84	71	81	11	57	43	22	10	4	34	50	37	22	5	
96	26	57	54	27	99	30	85	100	37	64	68	89	56	77	37	56	20	13	71	55	91	81	8	34	97	54	42	74	96	62	9	41	17	84	19	37	82	83	13	33	98	23	82	6	18	56	77	2	98	70	92	95	3	74	38	42	46	1	64	58	93	46	88	26	44	74	61	21	30	85	-1	63	38	53	28	30	75	4	33	85	98	20	51	17	81	65	43	62	89	53	22	65	70	5	60	62	86	11	16	
52	4	43	28	43	90	6	68	77	88	57	2	40	19	46	32	35	10	55	38	31	48	58	81	80	62	44	1	44	74	34	46	31	13	86	80	80	57	74	44	99	17	20	89	51	73	84	13	74	81	91	41	86	49	21	26	54	95	54	28	34	80	13	91	83	60	21	41	62	3	55	51	-1	39	47	71	95	13	60	26	77	5	10	52	37	58	59	19	61	3	40	8	79	59	15	64	29	64	65	77	
82	35	89	98	36	22	6	49	84	15	41	80	98	4	26	14	18	40	95	70	5	86	13	80	20	35	24	19	58	4	61	83	44	65	66	3	30	7	96	62	32	69	71	66	66	57	31	89	75	44	11	15	4	35	11	44	92	36	9	90	27	78	23	65	39	12	50	15	50	99	39	14	74	-1	10	71	56	58	21	76	21	6	73	18	43	84	24	41	38	71	91	37	41	44	60	43	17	47	25	18	
28	36	6	94	45	59	30	52	38	5	63	22	50	73	24	92	56	94	30	19	68	1	59	33	48	96	7	18	29	20	43	41	56	48	47	37	91	100	82	22	81	93	89	7	20	81	80	66	40	1	12	42	68	65	50	19	8	97	42	95	59	9	99	19	58	94	10	53	56	10	38	81	3	24	-1	79	50	67	2	86	39	30	63	59	85	8	48	32	46	27	41	70	62	62	40	81	45	41	73	28	
37	41	48	97	30	69	55	54	11	68	76	73	67	41	50	78	32	23	39	34	90	31	13	94	55	62	3	100	42	99	3	9	34	80	33	16	24	32	30	10	31	89	14	34	38	75	91	75	16	45	28	40	92	62	17	67	19	43	31	25	26	39	22	96	58	38	60	39	51	22	45	82	97	3	33	-1	49	33	79	2	34	43	42	43	57	51	42	8	8	77	92	55	83	9	49	51	10	79	16	58	
68	60	53	84	79	69	47	49	57	27	49	15	80	36	10	50	18	63	41	96	50	34	31	13	91	100	1	37	46	37	8	59	34	26	88	14	84	56	19	50	87	25	65	50	9	56	13	15	78	53	49	43	61	1	7	75	25	66	83	42	73	50	48	99	87	53	39	92	90	45	57	28	58	26	23	46	-1	28	17	47	76	18	3	69	66	20	70	73	50	48	36	63	48	31	56	94	50	68	41	65	
62	92	64	56	7	15	90	99	32	82	70	40	39	9	64	17	33	12	45	75	18	16	69	93	92	71	27	76	55	76	19	80	84	31	26	15	86	25	5	53	53	23	83	20	80	44	73	97	32	96	75	62	27	10	81	9	66	14	53	21	23	4	38	7	74	87	82	68	30	81	88	93	74	45	1	79	49	-1	43	36	25	7	37	83	46	61	66	56	91	42	27	68	53	6	95	87	54	67	11	64	
74	11	30	18	12	82	51	43	10	61	81	48	65	17	10	10	76	75	79	35	7	52	79	15	31	52	22	73	77	85	63	49	97	1	46	100	48	16	47	78	35	99	91	70	33	79	96	2	26	94	34	89	70	43	49	19	45	85	48	4	16	34	49	91	97	76	26	68	22	67	82	84	12	24	64	88	93	93	-1	50	89	42	46	39	14	10	84	90	11	18	92	90	48	60	11	38	25	34	15	24	
52	75	48	47	51	95	92	13	85	89	79	34	75	66	27	92	7	73	31	29	39	70	71	92	2	43	27	17	92	100	100	52	76	57	23	2	15	74	99	45	70	50	13	81	74	40	73	88	19	53	24	31	91	90	16	21	21	86	20	40	18	51	17	77	90	6	44	89	18	99	76	21	81	54	54	5	52	2	51	-1	37	34	28	27	40	72	96	96	34	93	58	40	71	2	79	86	28	44	73	82	
50	22	92	60	61	53	58	83	90	80	62	39	12	97	21	51	35	61	5	15	46	31	41	64	83	88	40	69	53	77	89	95	37	62	68	24	40	78	39	68	91	75	23	75	40	79	75	65	73	15	37	76	30	10	37	16	52	69	87	25	59	94	40	61	43	51	79	5	62	81	87	93	9	68	21	76	42	48	48	57	-1	49	4	41	25	81	34	24	76	97	44	6	17	78	58	89	9	36	80	73	
18	16	77	8	66	16	31	28	89	61	65	79	67	36	10	31	40	20	100	36	80	79	94	19	50	99	61	16	22	87	53	98	42	86	46	57	47	91	85	44	36	30	88	88	23	41	25	89	38	91	35	51	43	97	77	8	92	34	60	85	74	12	86	2	96	75	28	5	47	22	24	5	3	8	68	47	69	85	51	61	70	-1	93	59	31	6	92	95	59	51	86	1	40	51	33	72	97	65	84	92	
6	99	70	26	43	84	76	50	8	8	60	74	25	26	55	89	55	29	11	95	18	38	16	31	9	99	79	14	27	41	97	2	95	23	3	11	90	40	74	44	39	57	97	17	60	65	24	36	47	24	79	38	71	99	7	83	68	80	53	97	4	84	25	80	88	23	64	74	10	70	97	85	92	24	36	89	41	14	41	36	19	55	-1	56	27	29	52	36	63	9	75	97	79	36	58	72	80	53	58	2	
59	68	77	34	69	100	1	27	69	78	38	1	25	59	73	13	42	72	14	35	62	72	55	31	67	100	26	95	17	6	74	40	54	26	96	60	57	77	67	87	21	14	5	93	32	75	20	26	12	12	45	91	36	82	42	12	78	34	62	46	68	43	33	11	60	77	37	12	100	88	20	83	50	85	54	64	44	23	82	49	40	24	100	-1	20	38	9	10	40	74	48	36	96	99	80	88	19	84	50	10	
81	83	14	14	13	7	67	91	47	82	75	8	71	42	23	13	27	79	75	56	86	26	76	25	46	80	45	43	75	82	35	95	84	12	81	18	89	88	64	94	70	88	84	25	59	14	14	46	72	67	50	28	99	22	60	72	15	35	83	21	32	23	94	78	61	61	71	60	60	65	12	76	48	41	84	87	87	61	38	68	6	71	20	26	-1	30	22	34	63	16	87	20	36	17	82	14	46	75	30	6	
47	86	59	15	89	58	6	28	96	99	66	3	87	74	54	19	73	76	35	68	80	85	84	65	14	99	51	18	86	14	9	100	49	98	33	74	53	63	49	85	9	52	93	13	75	76	40	97	43	72	81	29	12	17	38	79	8	49	31	96	27	59	92	8	12	32	59	55	56	52	61	1	2	74	47	9	11	35	50	21	62	27	22	17	19	-1	61	90	1	86	52	32	35	97	78	26	70	9	38	94	
27	57	4	62	10	7	32	47	89	45	31	31	39	79	25	68	32	93	92	71	86	40	63	49	87	32	31	92	9	64	2	33	87	21	24	33	58	72	39	90	94	91	37	59	79	26	21	38	38	34	42	45	8	77	79	47	72	31	68	29	99	53	16	52	65	80	72	84	11	100	42	50	57	38	17	38	57	58	16	65	99	73	69	68	54	94	-1	36	8	6	35	64	37	91	7	85	40	59	70	99	
86	44	80	66	45	76	77	22	69	33	49	45	24	43	15	51	93	91	7	45	91	5	53	17	80	21	76	80	28	63	62	13	72	53	88	42	42	21	70	97	43	51	89	89	3	34	36	92	100	41	52	27	97	21	63	83	51	78	94	54	92	7	66	16	36	46	52	11	14	55	11	77	17	71	27	35	2	96	44	53	27	71	17	37	76	99	45	-1	76	33	24	86	31	89	82	92	93	65	51	56	
17	16	74	2	51	6	1	95	8	30	25	87	54	48	97	78	12	86	53	21	97	43	12	28	38	50	48	89	63	12	8	31	79	12	9	45	39	22	65	45	43	46	78	12	70	58	51	62	55	99	28	9	77	19	74	47	48	87	29	9	28	52	41	71	93	15	54	12	76	37	72	48	49	46	45	9	33	50	49	50	83	29	37	3	65	67	91	28	-1	40	56	49	72	48	61	54	78	93	76	72	
49	94	88	40	33	42	79	16	64	69	10	19	78	83	6	22	29	72	87	57	72	99	26	96	69	12	71	3	17	20	63	55	99	83	34	11	8	77	32	81	70	91	56	42	66	84	34	93	84	96	69	54	65	53	40	26	62	28	47	92	99	57	52	27	45	16	35	67	41	51	41	26	58	70	96	12	22	90	27	24	35	93	3	40	52	33	59	59	13	-1	31	80	74	62	94	68	81	72	68	76	
82	16	67	19	37	58	36	69	6	5	76	51	57	88	80	5	29	92	15	14	15	91	42	86	47	56	27	78	71	36	92	68	2	69	6	57	36	72	41	7	17	64	27	10	31	13	93	85	11	67	48	53	78	95	80	14	64	90	29	59	22	28	43	55	65	59	84	23	38	73	30	38	19	99	34	54	50	23	27	81	60	11	88	68	100	71	14	7	26	24	-1	76	1	86	10	59	5	86	31	60	
65	27	1	3	19	70	62	62	81	17	62	35	96	35	77	62	96	30	57	7	33	79	70	55	74	20	12	72	51	61	81	2	8	19	36	51	1	76	93	51	30	38	82	60	91	8	9	75	16	14	2	48	57	89	96	59	58	6	71	71	53	38	93	83	24	62	22	23	60	27	20	12	22	80	66	71	89	67	63	39	88	70	54	13	74	67	85	19	75	98	55	-1	68	61	81	71	19	23	36	46	
90	72	58	86	1	52	11	72	91	74	16	22	5	85	76	65	37	68	9	46	12	63	10	40	34	61	34	70	97	71	53	93	53	6	56	24	79	96	63	90	69	27	7	83	29	86	78	91	44	92	58	3	85	70	28	70	94	96	57	35	46	67	93	23	95	89	59	22	14	6	37	17	77	54	8	3	80	51	19	91	51	21	76	36	27	86	99	88	67	70	94	62	-1	69	31	32	28	29	50	14	
84	81	15	27	85	78	93	39	51	98	21	10	27	98	27	38	9	2	49	70	15	94	84	37	67	11	88	46	4	91	4	57	33	97	98	66	61	25	8	64	22	62	11	93	61	49	10	68	41	9	42	87	3	43	65	26	18	88	77	44	50	4	35	36	51	85	75	83	51	97	22	100	95	61	49	43	97	90	67	6	70	96	90	29	40	33	70	18	70	59	51	32	71	-1	21	83	15	32	10	47	
72	61	63	91	77	33	22	39	100	73	36	85	8	54	13	100	40	54	80	49	51	69	56	100	20	72	81	21	43	97	44	57	26	4	78	95	41	57	50	70	36	96	53	85	79	70	17	52	96	72	90	16	15	73	52	2	42	62	81	12	14	50	98	93	38	60	63	11	22	71	52	33	23	9	70	77	37	49	11	74	73	95	20	11	76	31	27	40	72	20	44	85	5	46	-1	25	24	67	44	22	
78	98	35	82	5	97	93	34	3	87	77	97	7	11	91	25	68	24	78	68	43	44	29	47	26	12	99	84	25	68	14	86	28	27	57	61	69	30	32	21	67	14	88	91	34	51	32	14	85	57	36	4	86	96	72	62	53	44	3	12	20	67	56	43	22	87	4	23	89	55	78	97	96	84	7	46	52	31	94	54	22	61	79	3	21	95	38	48	10	91	43	80	46	83	31	-1	7	14	69	94	
72	73	38	90	16	49	47	46	26	31	56	53	67	61	67	100	8	45	41	87	21	35	95	55	73	78	4	71	11	91	12	29	55	42	48	26	90	49	33	65	30	25	31	24	37	20	23	15	67	1	34	11	58	30	78	63	10	76	82	72	50	62	74	34	25	91	82	48	24	41	92	48	71	30	54	92	1	74	92	56	73	41	2	9	91	91	14	74	92	8	5	73	74	1	58	84	-1	9	32	70	
57	45	3	18	98	96	20	30	45	55	28	56	11	90	97	13	15	7	40	54	53	87	55	21	44	91	11	20	13	44	50	78	89	38	39	25	4	98	81	60	39	86	13	42	51	89	46	59	99	55	63	70	16	6	8	82	95	66	21	60	67	38	12	33	79	11	47	40	42	40	13	75	69	71	89	95	6	15	75	72	2	39	7	45	63	33	4	68	39	55	22	98	51	38	94	94	41	-1	31	21	
39	8	95	54	38	65	46	44	5	86	23	85	76	100	86	13	17	86	30	89	95	88	37	98	3	21	37	53	91	49	19	52	14	50	11	94	51	93	97	31	49	91	6	18	31	41	80	84	33	57	95	93	75	97	16	65	21	53	98	51	15	20	58	89	73	67	3	96	73	22	47	25	19	75	64	96	98	40	98	16	93	39	100	84	57	52	54	32	53	75	58	71	58	38	17	43	72	85	-1	3	
73	68	60	30	66	20	9	40	23	99	50	8	69	78	45	62	13	15	11	69	2	47	70	96	98	8	91	60	54	19	10	77	44	28	82	47	91	74	84	14	6	56	95	97	32	18	79	68	4	95	35	1	39	32	39	65	70	89	2	70	22	66	35	98	77	81	2	49	59	86	13	12	37	59	99	50	84	26	93	79	97	71	88	19	4	54	38	24	30	89	100	91	80	18	75	53	80	51	34	-1	
