100
-1	48	94	77	28	27	84	30	26	3	70	62	63	67	44	53	5	78	52	7	43	74	71	28	81	25	15	61	32	28	78	30	63	14	85	14	81	66	27	87	8	82	28	39	48	7	38	80	88	27	31	2	46	91	91	26	13	93	47	96	92	55	38	42	13	73	75	16	7	7	23	16	44	46	24	47	61	16	19	91	79	2	86	62	30	86	40	67	100	14	25	40	28	71	5	76	40	41	40	49	
68	-1	66	8	68	7	1	54	63	38	53	37	60	19	34	56	33	28	52	42	4	46	57	56	59	68	56	69	50	7	59	85	64	70	4	96	27	41	84	72	76	63	83	90	90	56	40	9	34	28	16	32	83	62	85	76	3	92	93	64	53	12	58	5	57	14	89	45	9	54	50	96	93	12	78	85	17	38	31	37	41	38	15	26	21	61	20	18	34	32	43	6	6	21	28	60	43	15	92	58	
94	93	-1	16	6	69	9	85	39	9	53	8	1	74	18	28	48	67	91	70	73	66	7	5	49	91	39	78	38	84	11	29	52	30	80	53	72	42	65	24	51	2	88	95	84	5	80	72	71	31	40	72	97	62	22	88	99	26	41	14	88	59	25	22	17	29	65	94	100	63	49	56	61	60	36	7	31	50	91	7	41	95	28	18	71	30	73	39	36	25	37	64	53	96	32	32	28	3	73	58	
85	4	45	-1	17	57	83	93	16	85	81	72	64	89	2	14	55	73	66	36	15	50	74	5	44	74	36	97	98	30	96	96	22	84	81	93	82	36	35	23	19	14	14	27	83	48	59	27	92	10	10	43	44	15	16	98	29	14	73	36	94	21	17	33	90	52	26	16	68	41	49	61	4	82	49	84	46	72	80	31	24	47	54	45	61	10	67	69	51	69	12	16	40	4	8	50	53	1	23	60	
98	92	83	13	-1	14	82	35	86	74	20	4	94	40	46	6	16	46	96	3	39	67	95	45	27	25	63	42	81	27	7	36	23	69	90	67	85	50	1	2	3	62	33	71	56	52	30	86	78	49	44	68	35	57	45	77	79	17	27	28	67	54	75	45	90	21	78	27	22	40	19	63	49	11	94	53	88	95	84	66	44	95	70	74	19	60	62	94	65	55	3	68	84	64	36	46	65	97	44	25	
72	30	81	83	65	-1	100	99	22	36	29	18	34	77	51	2	29	57	1	54	2	1	84	7	36	44	45	51	51	71	86	89	15	51	63	90	36	75	11	88	14	14	3	78	27	95	55	81	73	19	35	58	51	23	27	72	99	94	10	6	53	54	11	56	91	46	69	14	84	90	69	14	2	3	61	96	59	68	87	54	78	74	3	69	11	50	77	69	28	56	94	87	94	8	8	37	40	82	69	46	
70	8	73	40	84	27	-1	98	70	67	85	4	86	20	65	72	11	65	92	37	18	89	48	26	38	68	86	87	65	85	51	74	41	17	47	27	7	61	5	39	58	68	26	66	15	68	38	67	41	45	7	16	83	85	63	22	29	45	56	94	87	80	17	89	83	67	12	45	33	33	66	28	48	24	51	8	28	92	7	36	69	30	44	30	73	12	29	89	30	19	10	17	91	44	12	73	53	75	91	80	
52	1	39	68	18	17	12	-1	75	54	94	89	82	74	22	71	38	75	70	77	28	69	92	55	89	49	29	72	75	21	13	96	27	72	91	22	55	82	78	76	14	67	76	4	69	25	64	39	69	54	87	41	94	36	86	20	14	6	19	68	38	58	69	90	20	79	37	19	38	76	51	100	18	85	40	12	19	56	84	90	62	85	95	91	100	49	4	57	99	89	98	45	59	57	43	23	35	7	66	68	
29	98	95	60	18	75	16	5	-1	37	58	62	82	30	56	54	68	17	55	98	66	32	99	15	47	30	12	23	97	21	100	5	11	91	10	24	84	19	10	70	46	30	56	55	96	24	67	24	16	74	31	36	3	7	19	84	22	94	42	41	37	34	44	16	94	81	67	93	56	1	80	33	36	20	64	73	32	41	63	34	46	87	76	34	44	54	73	50	22	56	59	50	83	73	73	90	63	46	18	46	
7	83	49	1	11	55	28	5	74	-1	80	31	38	44	67	22	24	48	13	1	61	34	11	40	44	66	75	98	51	71	59	9	39	63	25	91	1	43	76	88	59	61	82	39	97	28	47	29	22	32	1	16	94	83	76	56	8	100	51	44	23	37	48	15	76	94	64	64	95	44	15	10	92	86	31	32	32	87	50	50	56	96	69	81	59	65	26	36	3	55	54	10	30	55	96	1	14	65	40	67	
10	25	23	24	38	61	82	33	33	13	-1	57	68	74	96	50	100	66	8	30	42	75	84	12	40	24	51	15	97	87	55	37	9	39	67	13	22	19	50	32	10	54	38	39	60	37	4	12	58	21	48	76	28	18	31	24	94	61	54	38	94	84	98	10	48	36	90	20	86	37	5	84	76	14	57	61	28	87	15	30	14	2	88	79	78	10	23	30	5	25	100	89	12	38	48	55	50	94	50	37	
66	78	98	51	22	32	40	7	42	17	42	-1	89	76	12	1	75	66	9	74	47	88	36	25	51	96	67	46	77	95	33	71	47	2	41	52	84	84	26	93	88	94	4	85	48	60	23	64	61	34	58	86	31	67	79	100	61	57	37	84	24	38	9	48	59	96	42	44	76	75	47	21	36	74	70	32	4	31	39	23	57	49	45	44	9	79	68	71	82	63	62	10	11	15	43	79	69	82	44	6	
27	22	43	72	13	32	57	55	65	28	95	94	-1	7	72	78	24	86	71	84	16	35	79	40	56	98	6	85	30	100	83	97	22	44	93	62	25	64	16	84	14	74	4	29	63	73	94	76	54	74	36	12	84	64	100	85	73	55	68	89	42	96	56	28	28	8	36	52	98	64	96	22	20	55	22	9	20	86	99	13	77	56	76	95	27	36	10	91	70	20	4	69	19	63	16	85	47	74	80	57	
45	42	10	25	74	1	58	65	22	24	99	73	62	-1	24	77	44	68	44	62	37	71	41	62	11	40	26	3	92	56	39	28	57	23	53	53	96	60	80	96	98	33	27	3	58	30	11	94	41	33	3	30	47	88	7	34	62	51	4	93	61	83	70	29	28	92	39	18	51	86	35	37	4	17	25	14	85	83	93	4	93	16	54	89	33	21	82	57	34	2	71	51	49	80	80	77	15	47	4	56	
58	7	15	56	47	10	71	29	22	17	13	54	75	14	-1	60	36	83	53	1	79	74	14	59	72	98	15	53	78	24	58	42	47	65	37	11	74	92	15	44	6	49	10	28	72	97	63	42	69	73	58	8	94	96	75	25	12	97	43	12	84	96	91	98	3	36	6	88	89	29	73	9	99	31	28	33	31	98	35	11	75	23	58	56	40	43	44	17	56	19	74	89	53	72	55	50	93	19	99	82	
79	88	96	97	24	82	88	29	81	18	69	72	74	73	98	-1	69	32	23	19	38	15	50	2	93	27	22	90	94	48	42	88	40	100	27	32	86	55	64	30	95	53	61	10	49	79	76	9	79	99	80	30	49	97	28	8	36	58	52	76	86	97	86	28	46	50	40	97	84	98	87	78	80	52	63	39	93	29	34	9	93	79	54	14	69	71	71	95	5	40	65	28	37	26	73	33	30	43	13	78	
88	21	45	12	76	64	97	6	45	61	64	68	23	58	86	43	-1	75	68	49	17	61	51	28	32	83	53	16	97	57	34	72	1	22	82	49	59	46	20	61	95	36	37	71	43	26	64	14	57	66	76	77	48	8	7	11	42	85	22	40	37	70	24	72	88	29	71	86	41	31	92	24	100	23	51	65	10	62	68	75	35	67	20	54	49	53	38	81	15	95	71	51	25	15	92	65	72	46	39	34	
60	42	37	51	11	17	23	84	33	66	58	42	26	26	43	30	100	-1	80	54	2	14	52	70	39	49	84	62	39	16	32	31	48	5	68	50	76	25	55	99	70	96	82	62	13	47	46	57	68	37	46	42	6	5	89	79	43	84	38	71	46	94	72	86	64	55	68	7	60	42	65	89	89	66	28	89	94	83	92	99	12	44	83	35	57	18	29	88	82	95	49	97	2	8	73	40	38	40	11	29	
36	30	66	32	52	32	94	90	15	29	83	99	26	96	62	71	83	59	-1	85	83	94	98	28	66	91	35	100	90	6	10	73	15	31	29	31	61	87	6	8	97	78	76	96	87	54	19	28	77	80	2	28	11	98	93	91	50	29	19	9	58	52	66	69	41	40	78	27	67	70	48	47	87	14	87	98	51	88	59	36	82	8	23	51	13	26	4	68	60	64	44	47	98	44	100	55	64	89	26	11	
42	93	74	54	10	86	31	82	74	37	48	79	32	96	36	10	24	98	39	-1	88	92	41	94	83	58	98	20	65	15	37	86	62	67	64	51	51	69	24	76	63	100	91	8	57	14	30	24	76	76	10	25	94	46	74	56	12	13	15	54	32	6	76	75	53	88	7	69	95	69	23	30	14	1	23	42	45	96	39	38	50	61	46	11	32	43	72	87	87	31	5	53	39	25	62	48	79	11	94	34	
24	36	43	1	99	14	58	41	59	91	44	71	91	68	66	97	22	6	16	51	-1	47	80	2	50	36	9	19	64	57	72	45	75	46	33	12	100	5	66	30	86	89	86	67	79	12	76	19	7	97	43	44	76	61	85	16	69	15	69	99	82	99	34	32	71	9	73	22	13	77	49	61	41	64	85	30	58	84	97	31	45	57	35	34	98	53	69	9	18	13	62	58	99	36	17	8	60	3	10	29	
22	50	80	53	58	23	33	52	7	4	68	47	6	45	45	25	52	34	12	23	89	-1	70	23	16	51	29	77	7	92	59	47	57	84	17	74	24	40	7	21	16	95	23	56	60	71	46	13	56	80	76	26	52	33	33	32	21	38	89	95	78	76	47	93	63	22	29	71	41	13	7	17	12	95	54	90	76	41	51	56	1	24	45	84	71	15	59	81	62	35	25	10	90	4	80	74	65	34	59	76	
51	87	77	37	19	45	29	56	21	33	93	68	95	97	54	54	67	24	11	39	17	52	-1	64	94	21	56	9	25	52	82	71	52	56	27	53	6	21	57	7	8	1	22	44	60	42	15	18	94	18	33	58	21	72	67	27	44	73	100	26	90	45	35	88	59	67	49	9	59	66	49	69	57	70	35	15	49	10	97	3	66	75	69	43	51	5	65	26	87	89	19	1	62	58	97	23	17	48	88	58	
13	34	67	22	76	67	83	62	65	67	100	65	17	42	47	55	70	30	62	60	43	65	54	-1	72	76	77	8	11	75	43	38	22	59	5	1	63	68	43	31	46	51	45	17	21	96	7	98	81	57	25	81	89	28	44	65	55	48	85	79	13	12	80	73	65	37	23	73	12	61	36	67	35	91	12	74	75	9	38	43	59	72	36	16	95	55	56	96	71	35	61	24	80	97	35	22	55	27	64	11	
12	16	61	95	72	86	97	35	26	95	52	54	58	56	6	93	51	59	40	79	83	7	55	25	-1	21	64	1	37	2	26	41	45	67	16	54	6	6	43	30	74	58	79	47	23	28	56	42	77	56	77	88	65	97	83	46	35	67	43	84	17	93	37	92	41	2	9	95	46	92	19	8	57	85	59	8	97	89	68	54	4	96	36	8	28	18	84	46	78	75	22	73	20	50	44	26	69	1	39	16	
13	31	76	92	94	73	18	64	42	37	64	49	77	15	24	20	90	68	20	31	13	93	52	9	20	-1	74	44	84	35	3	43	66	92	27	28	40	95	82	40	29	8	38	29	31	6	18	93	97	96	39	70	77	70	24	45	46	14	36	76	36	80	73	84	3	19	91	95	82	8	61	34	64	68	7	58	40	65	97	92	93	77	95	63	28	47	97	41	86	82	49	24	88	83	66	58	8	53	75	43	
72	51	49	3	82	14	90	60	44	3	35	24	41	51	42	6	92	45	95	45	15	60	36	85	7	62	-1	95	86	41	4	9	18	36	43	79	15	10	89	47	49	16	36	73	61	30	88	63	47	73	72	31	83	3	67	58	98	64	99	28	51	79	34	90	12	97	75	39	99	87	59	44	28	54	52	10	100	90	46	44	50	12	68	68	18	96	81	14	51	61	51	60	30	44	96	29	87	43	72	72	
74	75	74	50	66	59	75	67	64	7	98	46	56	79	76	67	31	64	92	17	41	29	10	7	29	46	26	-1	72	61	93	66	83	24	13	71	48	53	68	28	91	41	11	11	72	80	79	14	40	8	54	17	15	43	36	68	79	82	7	12	43	89	69	21	63	97	89	42	87	84	7	8	19	48	16	100	30	22	13	32	26	56	62	56	99	9	78	57	5	52	65	97	71	40	54	40	65	98	43	63	
34	71	78	83	79	24	84	100	74	87	15	15	22	12	68	60	33	39	19	12	12	96	75	46	28	92	68	97	-1	29	62	95	29	19	99	75	21	86	41	29	36	90	30	55	91	47	43	68	71	91	42	23	2	41	65	73	40	57	76	59	66	86	18	13	94	18	67	28	94	84	100	78	49	46	79	95	83	78	9	70	83	14	73	18	3	35	39	10	12	10	89	12	92	92	25	17	92	48	87	31	
9	6	60	7	32	47	47	37	24	82	30	70	73	93	97	96	23	52	59	56	21	81	49	37	58	28	35	7	44	-1	1	11	10	47	76	77	76	4	4	17	44	47	20	91	8	9	86	92	18	10	12	95	26	42	99	15	15	82	98	60	67	62	4	76	92	88	6	67	57	31	7	89	44	54	72	3	9	11	61	80	42	11	57	46	52	34	75	23	95	18	93	13	30	41	30	58	33	84	66	43	
10	3	45	7	33	85	77	7	79	14	27	29	25	84	84	1	51	46	55	58	19	24	2	61	6	95	58	11	25	23	-1	87	44	71	26	56	24	71	50	67	1	39	47	32	81	92	47	87	50	49	14	27	11	64	62	65	36	96	62	73	5	56	60	87	39	28	29	48	75	86	96	95	83	30	55	99	30	29	61	14	40	95	58	20	90	7	61	80	99	77	27	35	19	82	93	43	55	22	59	37	
37	2	2	41	77	2	99	25	76	58	53	1	15	49	86	70	76	55	88	42	37	43	2	11	9	55	16	54	52	67	50	-1	77	33	43	21	72	65	25	2	13	29	66	25	11	48	56	89	20	32	15	17	93	66	72	78	41	44	95	30	44	46	68	56	35	95	1	77	81	65	18	67	76	51	4	43	64	70	74	84	55	30	61	50	42	99	23	5	42	71	22	6	31	54	42	51	81	35	96	25	
52	16	80	85	65	42	58	80	69	41	12	4	98	55	64	32	80	39	36	17	70	15	85	50	16	83	19	60	92	46	85	31	-1	92	55	61	65	5	16	11	44	62	54	27	34	50	70	60	11	64	86	2	35	52	10	66	4	98	69	17	98	87	27	18	89	65	13	92	39	32	31	11	11	66	24	26	49	14	15	21	35	1	5	95	31	93	6	15	82	31	77	98	64	26	58	16	100	60	50	53	
59	17	58	6	65	98	63	96	40	39	74	15	55	60	50	34	1	36	63	46	34	23	1	76	77	11	32	32	72	57	19	8	93	-1	77	46	12	53	29	80	75	86	45	80	42	97	64	8	59	56	2	15	73	8	11	28	14	10	48	16	81	9	91	2	1	64	99	53	5	32	56	74	50	88	59	8	2	83	62	56	54	97	47	80	38	66	19	7	88	88	49	26	46	55	91	46	92	49	44	85	
65	58	34	9	57	98	50	43	27	78	94	4	55	13	38	86	23	94	30	16	58	56	7	87	9	57	72	84	25	12	51	58	36	91	-1	40	78	12	20	93	15	49	78	55	19	46	6	16	67	35	58	17	26	100	49	49	2	49	32	79	54	92	1	29	31	27	95	78	31	15	13	5	70	96	86	34	1	60	68	92	77	18	20	11	38	38	81	81	87	82	68	76	15	2	20	61	44	80	1	3	
19	82	55	41	28	1	40	6	7	79	49	91	75	11	49	33	79	12	94	8	2	15	85	18	23	41	56	8	13	69	15	68	15	45	12	-1	2	20	54	46	40	92	100	79	72	34	56	16	95	41	78	10	20	84	30	79	53	31	82	87	2	35	100	7	12	57	84	1	24	90	53	17	63	69	4	75	72	5	60	63	32	40	40	74	73	84	2	41	86	82	50	71	46	49	79	54	100	44	95	58	
18	62	52	1	56	16	85	46	66	84	59	32	4	89	86	17	67	95	39	8	77	52	43	93	57	39	76	67	87	68	54	10	72	32	81	45	-1	95	3	57	13	7	11	58	72	61	63	85	57	40	24	50	81	13	10	83	52	86	2	61	64	18	86	58	99	80	49	27	39	75	97	10	23	19	39	91	31	44	98	55	96	75	87	73	29	3	83	5	38	30	13	36	27	96	13	13	23	7	69	13	
73	84	27	90	38	65	63	27	65	52	23	29	60	58	80	81	31	79	67	24	57	25	88	71	13	82	93	13	31	96	90	97	72	35	80	52	12	-1	18	60	2	61	38	29	92	90	17	44	46	30	100	11	74	39	10	27	97	46	92	67	64	27	29	94	30	100	64	72	4	47	25	12	81	49	85	72	6	17	90	62	5	5	46	66	70	93	37	71	14	22	69	34	56	67	94	36	32	89	99	84	
2	68	7	21	62	55	27	65	21	92	82	66	24	45	90	72	40	58	31	7	86	37	78	58	27	94	88	21	23	10	86	23	50	50	55	63	11	80	-1	60	19	32	14	48	29	9	34	28	69	100	85	88	68	77	90	74	28	99	37	82	28	19	1	72	21	4	59	74	88	54	92	33	2	51	76	9	70	90	96	11	54	42	81	47	61	83	22	38	95	75	13	54	81	4	36	51	42	32	9	4	
98	57	30	58	51	5	19	64	21	1	26	52	54	78	40	53	42	32	5	74	7	39	55	21	84	26	96	79	79	86	5	28	68	79	4	98	89	72	36	-1	19	91	41	22	50	26	68	40	61	43	53	15	77	5	59	22	10	18	1	29	6	83	66	35	2	55	79	56	10	40	11	46	18	99	5	82	98	84	88	13	64	9	36	100	63	23	19	53	86	10	74	18	33	35	24	43	60	58	19	71	
41	20	94	15	50	45	59	43	80	75	27	81	62	95	6	43	9	96	51	43	92	64	59	21	55	9	56	25	35	53	22	65	64	10	13	33	75	37	62	45	-1	31	4	91	15	30	1	24	29	51	13	3	41	38	29	66	60	21	11	11	60	10	33	44	94	7	13	40	6	60	32	10	95	51	5	5	38	16	72	76	14	8	64	71	15	48	64	5	96	78	5	19	53	35	29	9	45	53	66	64	
63	14	61	63	43	62	9	38	99	45	99	52	26	65	28	35	85	51	9	86	93	88	17	58	24	2	89	37	83	46	95	87	83	52	37	77	35	5	4	76	94	-1	13	82	6	25	57	49	24	59	51	81	83	87	43	69	90	49	48	1	16	37	55	62	94	36	99	47	12	24	19	43	89	75	24	34	92	11	49	100	12	64	87	7	6	45	56	77	25	56	13	2	66	40	4	83	90	8	83	27	
57	98	61	73	95	13	88	14	29	51	93	80	28	13	48	27	90	76	35	83	22	92	76	71	4	95	72	73	89	5	11	53	2	49	50	70	28	66	60	90	32	50	-1	32	17	45	43	21	94	42	56	71	97	88	58	29	100	48	77	100	40	25	20	91	18	32	72	92	34	71	12	62	43	55	52	66	100	89	35	75	35	68	65	85	82	49	43	34	26	79	61	52	20	12	36	13	21	4	65	83	
66	20	80	30	64	77	65	57	80	98	32	13	90	35	19	88	3	76	84	61	96	82	60	11	45	84	16	98	78	68	62	16	57	23	22	37	57	82	72	14	1	27	61	-1	16	47	11	38	13	47	89	12	22	2	3	90	89	76	15	47	85	78	78	100	67	96	76	73	99	70	82	23	16	72	47	65	72	35	100	41	83	2	96	38	66	49	88	3	55	65	39	2	43	24	48	86	39	30	91	59	
35	64	57	72	57	28	12	45	40	61	66	57	83	44	13	29	20	84	83	55	1	62	99	74	91	64	28	66	61	3	96	54	10	42	19	76	89	97	57	53	57	82	10	14	-1	17	18	76	38	17	35	98	37	42	45	19	72	15	91	69	86	48	55	99	55	91	21	77	63	93	71	66	61	98	25	26	44	48	91	69	37	97	75	12	10	19	85	43	31	79	40	14	28	45	51	60	78	91	27	9	
61	69	71	39	28	80	2	47	46	29	28	93	54	39	19	65	42	95	83	63	2	52	27	45	46	16	18	51	58	26	66	20	37	44	76	24	64	58	33	69	62	39	20	62	32	-1	100	27	32	65	91	34	83	88	78	13	41	28	84	49	65	53	87	90	23	60	66	63	21	35	97	51	85	30	79	87	73	5	39	8	87	19	86	94	27	50	76	100	78	4	29	26	72	37	75	25	52	38	77	3	
42	26	37	67	89	63	40	45	75	91	61	76	37	75	81	47	67	64	71	75	32	32	89	95	94	71	61	45	49	11	74	92	83	73	21	33	7	73	7	3	94	63	42	97	19	79	-1	72	74	56	94	94	95	47	14	25	96	33	71	93	70	16	27	80	26	89	99	37	86	98	80	52	100	44	77	33	43	35	45	6	14	96	23	18	2	63	52	56	99	43	37	57	94	59	66	5	58	86	86	11	
37	17	67	74	68	15	12	22	65	22	90	92	3	72	24	27	79	52	15	91	66	90	92	83	91	45	47	53	39	19	60	8	74	22	27	25	35	53	66	10	95	84	66	61	6	53	54	-1	4	86	23	14	65	25	60	78	3	48	9	59	85	13	45	6	7	65	68	21	87	90	81	57	69	5	85	96	70	14	85	87	45	100	10	59	100	58	16	85	30	62	17	26	85	21	2	60	53	91	75	74	
25	17	39	54	78	52	94	41	30	79	70	19	88	4	50	32	44	15	42	30	80	8	36	76	92	94	52	46	5	7	62	57	38	26	50	49	90	63	41	98	78	86	86	4	74	94	16	18	-1	71	39	34	81	40	6	30	40	7	28	62	39	57	18	15	37	72	59	52	86	69	82	24	97	10	74	63	40	54	47	6	37	74	67	4	21	78	21	95	20	53	48	87	36	13	35	86	53	35	83	100	
60	46	98	73	42	9	83	48	21	49	46	54	13	75	98	16	60	32	63	95	50	75	73	97	86	19	50	57	14	28	63	62	89	97	74	50	71	16	78	1	85	62	55	95	74	50	92	78	24	-1	79	18	58	7	44	47	79	90	24	67	9	32	39	21	59	75	39	54	50	95	98	85	98	28	63	19	56	15	35	5	50	90	74	22	45	67	89	46	33	71	91	35	58	23	47	12	21	75	96	27	
64	21	80	63	31	68	96	57	39	69	52	86	8	94	11	18	14	41	62	7	75	72	49	45	16	71	88	13	33	65	31	60	54	34	5	93	8	72	50	1	71	76	20	46	76	20	22	26	90	83	-1	70	61	37	52	9	2	32	31	60	70	95	72	49	29	43	18	14	53	53	59	85	28	48	72	77	93	95	7	84	14	66	75	14	65	35	60	81	88	12	60	45	50	20	14	61	58	87	60	2	
50	38	74	36	56	98	69	20	92	19	48	45	95	28	42	85	42	97	64	21	97	38	86	19	53	70	25	20	48	10	86	86	53	51	9	76	24	45	10	36	42	86	88	28	92	2	76	96	4	72	20	-1	26	1	16	41	15	40	27	94	85	78	100	54	78	88	28	80	24	37	49	80	69	31	82	56	30	37	6	73	54	31	86	32	32	82	56	57	56	30	49	29	93	5	77	29	77	17	90	18	
33	89	2	95	25	12	45	7	54	47	62	96	52	60	48	63	14	38	96	5	91	7	82	57	48	96	93	79	8	24	71	12	71	43	60	47	26	32	89	44	13	77	21	51	45	90	87	26	25	72	78	27	-1	56	48	16	60	33	67	1	40	18	19	88	71	37	47	11	92	56	31	84	58	90	63	34	72	43	49	9	22	20	5	73	29	82	60	61	40	37	74	83	52	80	16	74	53	79	58	44	
58	24	14	13	26	14	85	51	36	11	94	40	68	100	96	17	60	86	7	8	82	23	54	24	90	89	83	43	2	51	43	45	44	62	12	4	80	49	4	55	87	43	8	50	7	36	21	82	35	79	21	93	62	-1	28	22	73	35	34	50	61	88	42	82	100	83	21	49	41	36	70	87	94	40	55	71	97	98	9	33	68	76	62	23	40	72	95	70	8	35	91	11	7	29	55	100	27	47	17	81	
52	98	58	19	48	45	18	56	84	52	7	94	43	1	59	100	53	59	45	35	11	10	27	22	9	99	95	100	44	76	19	57	81	21	68	91	29	56	61	30	30	2	89	46	7	71	17	97	16	24	34	32	92	15	-1	3	29	78	20	13	62	65	81	55	20	24	50	29	7	17	30	8	25	5	100	24	9	92	50	44	21	33	20	61	89	65	76	66	10	40	40	95	11	40	76	9	43	21	81	76	
83	21	27	34	97	60	86	55	82	62	66	69	76	88	17	35	11	37	19	56	72	38	25	5	86	16	75	88	57	68	30	90	80	83	10	7	67	27	51	31	73	82	91	12	58	45	43	35	80	20	45	39	48	64	26	-1	12	67	73	67	24	58	1	65	50	5	80	81	56	82	22	73	75	70	46	92	84	60	57	12	50	91	86	54	1	32	22	46	96	15	87	76	42	34	49	9	85	6	53	74	
61	19	77	50	20	38	15	14	54	69	50	54	7	17	43	18	54	83	4	78	4	1	38	57	22	6	78	72	27	48	72	94	65	13	72	67	2	56	18	65	14	65	73	55	43	76	63	76	67	14	47	66	65	41	34	76	-1	67	17	13	48	79	34	79	53	97	64	36	28	68	44	45	29	78	61	23	85	33	63	18	74	100	43	69	74	42	63	51	31	6	7	23	18	90	84	76	95	12	64	79	
56	2	3	90	54	89	92	75	4	30	19	44	90	36	41	43	53	44	40	97	91	90	81	27	49	47	27	1	35	23	38	30	97	33	12	8	27	77	26	24	58	58	94	45	77	84	44	18	40	15	87	12	28	64	34	92	99	-1	79	70	89	27	34	65	98	13	61	59	90	6	63	56	12	41	12	54	21	54	7	17	28	92	46	68	68	50	91	90	36	74	53	33	7	89	36	57	73	89	94	13	
90	17	58	5	98	7	69	39	8	11	62	83	23	19	61	24	2	100	32	37	58	68	78	13	57	14	81	55	65	93	46	84	95	57	67	89	53	26	4	36	71	6	28	30	1	17	34	38	52	63	67	56	6	95	74	53	2	97	-1	79	26	28	17	8	67	93	89	81	89	3	87	74	41	76	4	74	75	44	36	70	75	87	88	35	23	43	87	60	37	42	4	59	30	68	68	10	27	68	87	85	
75	51	69	38	98	53	69	96	57	46	46	56	73	8	61	96	40	83	34	5	65	41	65	12	60	72	43	52	46	4	53	86	18	17	34	65	60	32	73	77	48	89	69	45	22	50	74	40	9	21	74	44	14	27	22	84	99	44	59	-1	52	83	17	32	17	79	5	100	31	94	75	52	93	49	64	47	8	49	8	89	8	89	34	1	58	3	28	77	79	95	35	49	87	6	91	100	34	84	67	68	
83	76	45	81	10	18	15	40	79	67	20	68	3	100	80	61	98	1	73	11	58	88	79	4	55	32	7	41	16	52	4	62	13	26	97	74	17	14	2	2	70	59	45	76	83	95	4	19	61	50	52	67	41	15	95	99	88	84	43	39	-1	32	95	30	58	51	13	61	77	29	50	97	64	38	25	46	53	28	17	26	94	11	72	26	99	3	7	79	93	26	3	12	81	45	58	46	52	34	48	28	
42	84	40	60	81	43	10	21	3	47	7	91	28	59	35	84	89	8	57	15	3	16	35	27	93	72	76	64	91	77	20	86	91	42	23	27	94	16	33	97	2	4	63	17	43	85	17	84	62	18	84	64	97	78	10	62	1	56	82	17	12	-1	29	96	27	47	56	99	22	67	70	62	98	97	18	51	9	52	14	8	80	10	42	4	40	95	77	64	63	37	30	66	15	3	85	20	35	5	70	1	
14	12	16	5	84	70	34	59	88	87	74	76	26	29	23	61	4	5	81	15	68	35	50	54	20	72	11	52	34	94	51	16	21	28	15	55	48	71	55	73	57	100	4	99	76	50	87	92	33	54	1	57	87	66	63	25	43	47	84	93	76	82	-1	87	65	12	72	95	11	76	25	6	39	99	26	81	71	17	42	86	64	85	88	86	98	59	33	41	92	39	75	15	90	46	73	64	94	72	17	95	
18	25	87	38	69	48	59	25	59	96	10	1	37	37	9	95	20	20	17	13	26	22	93	28	68	26	6	52	45	99	21	23	66	51	55	24	61	87	9	27	44	67	96	96	36	46	1	93	89	9	62	99	95	11	86	21	93	1	91	79	90	43	64	-1	37	57	7	91	96	49	47	73	87	85	77	76	30	44	51	74	19	8	96	52	75	28	14	27	27	51	20	6	34	23	66	48	90	39	11	32	
77	24	42	35	46	18	42	32	52	5	7	51	54	34	16	38	39	80	19	79	61	66	61	68	60	74	50	23	89	66	49	46	43	43	67	98	52	92	74	82	1	28	84	79	18	25	69	9	54	3	30	53	73	40	6	97	59	30	22	99	35	44	3	77	-1	68	53	70	52	60	65	53	48	74	80	5	91	38	28	56	94	30	45	99	16	87	91	34	80	88	72	26	30	47	53	91	65	41	30	75	
75	67	11	59	84	58	25	2	39	83	60	75	51	75	11	94	89	4	79	20	11	65	11	22	96	47	51	60	93	85	46	27	60	40	78	33	50	30	87	27	27	28	19	91	12	87	72	35	44	96	74	78	16	62	87	86	31	27	76	57	42	38	70	16	59	-1	24	25	53	12	62	19	80	82	58	16	100	15	15	93	86	41	46	94	15	28	43	33	42	86	28	75	28	100	32	29	51	7	71	60	
92	1	41	36	77	14	60	3	99	62	42	96	96	23	39	66	71	47	62	75	98	64	26	45	20	91	92	11	88	94	4	31	27	88	56	47	82	89	67	81	46	63	33	39	63	92	38	31	54	13	98	39	74	26	4	53	9	39	98	1	100	26	55	3	96	78	-1	42	54	75	24	51	93	38	92	15	34	68	98	80	72	36	65	21	9	10	80	23	51	39	39	53	46	73	100	34	79	37	47	100	
92	52	91	23	27	68	34	70	23	72	14	41	49	57	80	55	64	26	58	46	99	50	60	54	18	45	32	82	47	56	7	17	18	25	45	35	84	59	68	38	80	85	64	36	6	85	6	86	12	91	11	82	70	86	34	16	54	34	22	58	100	55	73	6	90	55	100	-1	48	75	66	20	84	5	69	92	25	60	56	95	19	53	55	76	43	47	84	69	52	17	10	58	20	81	69	30	71	55	16	50	
98	24	83	8	28	56	67	97	5	42	74	31	89	88	87	10	84	95	18	5	93	31	20	47	72	42	34	3	3	57	34	80	56	64	29	29	17	91	34	96	16	92	72	38	81	72	4	23	33	16	25	53	32	17	100	18	23	79	49	45	86	5	83	26	39	42	92	11	-1	52	25	80	61	37	63	48	75	78	93	68	43	92	32	42	63	49	22	61	51	88	37	80	87	97	30	85	12	71	82	24	
54	28	39	92	48	89	54	35	7	14	32	29	56	38	7	71	17	15	90	69	46	93	99	58	60	100	96	46	13	79	84	45	61	94	4	10	33	32	42	98	30	17	100	82	96	54	11	82	4	27	89	71	22	67	66	47	63	18	60	88	58	35	97	39	70	25	56	54	47	-1	1	9	31	16	72	33	7	21	97	66	73	48	4	20	27	89	84	81	11	1	32	72	46	32	84	80	22	23	86	91	
60	8	4	93	32	69	55	31	95	37	66	4	78	8	91	10	81	5	56	96	43	14	78	15	4	1	10	2	42	1	1	2	80	50	58	33	96	64	97	87	92	40	99	31	27	50	87	80	94	15	35	11	37	46	51	94	66	53	72	9	47	16	81	72	14	30	87	22	79	14	-1	23	24	57	80	8	37	54	4	53	81	40	19	48	39	18	77	35	79	80	34	3	63	86	87	63	50	47	92	86	
55	76	99	80	27	30	60	82	85	18	43	36	57	76	37	95	35	14	22	7	69	78	34	79	68	69	72	42	43	41	95	96	80	45	71	37	71	35	31	13	52	83	71	77	12	10	8	53	63	14	3	35	89	76	38	43	7	41	57	71	91	13	57	92	18	9	18	58	32	44	70	-1	36	61	9	31	72	19	63	89	38	72	8	74	6	25	70	46	19	4	47	39	89	22	60	80	63	3	24	63	
94	42	78	37	92	76	56	37	8	69	73	61	69	49	18	28	69	28	72	46	4	67	93	50	65	65	24	85	32	50	78	68	89	98	75	48	32	9	16	3	98	86	94	54	47	62	98	60	63	39	11	78	98	44	25	53	55	7	3	80	4	80	91	63	8	59	52	34	77	49	13	82	-1	9	59	60	84	7	60	2	4	17	64	97	69	12	32	46	90	6	32	39	92	83	95	84	49	79	9	14	
84	59	63	71	62	2	99	25	61	62	66	81	26	51	70	55	33	31	71	31	31	22	48	58	39	52	42	39	93	13	29	75	7	81	32	11	3	60	14	20	71	95	80	87	99	40	49	30	4	46	75	50	53	33	64	35	19	68	13	9	73	51	94	69	93	55	42	55	96	56	41	60	27	-1	67	19	35	63	53	94	8	34	54	78	10	4	24	80	94	53	90	45	10	95	89	40	10	54	34	31	
56	42	90	10	47	93	78	73	43	98	81	52	31	65	62	51	11	32	74	22	39	49	59	17	23	41	46	100	32	28	78	79	35	10	49	84	92	53	67	81	58	52	4	71	22	88	83	47	89	56	81	48	93	67	50	89	62	57	98	65	77	97	18	8	74	33	78	12	59	43	50	88	28	72	-1	32	24	16	82	5	29	12	34	69	77	26	86	16	34	9	63	50	23	43	35	63	88	59	54	48	
80	92	18	49	24	97	15	59	77	67	80	55	73	80	88	55	22	25	8	49	63	7	17	26	59	41	68	29	3	37	52	20	63	51	91	57	24	46	37	73	65	78	2	2	31	25	83	11	89	59	83	12	72	67	9	41	48	63	72	3	7	91	38	77	2	48	90	81	4	49	66	51	9	65	84	-1	53	36	12	83	32	17	10	20	49	34	67	1	36	62	17	49	81	42	35	61	96	59	40	31	
63	93	83	30	97	95	96	53	61	63	35	55	6	99	79	42	6	96	82	23	74	1	63	18	32	19	48	45	40	100	1	18	51	30	24	64	34	38	19	55	13	100	59	73	79	97	14	99	36	54	20	12	76	62	73	46	36	67	10	42	34	13	20	70	74	64	13	70	46	15	66	20	74	12	45	43	-1	17	30	48	85	70	48	21	71	54	32	71	94	76	89	29	48	58	81	38	65	96	89	88	
86	43	28	49	65	52	10	19	42	80	46	91	90	42	27	25	42	43	32	25	6	77	37	49	22	15	52	41	65	56	15	23	57	18	43	32	62	54	82	75	86	49	90	41	48	96	22	36	67	71	5	92	46	6	35	14	66	34	30	67	83	3	58	20	26	62	88	60	34	36	29	35	90	99	33	40	19	-1	49	6	90	95	87	27	6	65	100	60	96	14	34	19	34	54	20	80	85	11	21	82	
59	27	23	62	25	76	95	71	18	49	25	30	91	42	99	66	52	32	43	59	35	70	24	84	44	68	72	91	85	94	63	9	38	3	19	37	68	34	57	69	49	100	23	58	75	96	38	19	99	40	86	29	39	12	4	81	12	63	94	74	88	100	49	13	58	79	95	55	51	57	96	82	91	26	48	98	75	12	-1	61	13	61	63	25	76	77	51	64	64	73	37	27	62	93	85	63	3	89	59	68	
63	96	73	17	58	51	61	79	71	89	84	12	32	4	65	97	86	19	98	55	47	73	68	23	62	34	77	80	42	89	99	26	85	22	18	79	9	53	98	37	72	50	6	30	93	6	96	78	55	3	74	11	73	11	56	37	62	10	8	65	94	65	74	68	21	81	92	99	12	33	44	17	13	23	47	7	70	69	26	-1	15	58	27	67	65	47	99	23	34	58	81	77	73	83	68	81	94	20	57	2	
85	66	79	1	52	79	71	7	28	70	100	9	69	78	61	65	68	32	65	39	53	95	47	89	53	62	36	37	85	73	66	89	68	68	27	47	85	37	21	25	69	90	95	23	4	50	35	63	97	24	53	2	7	28	1	52	8	75	88	76	25	85	93	33	4	41	97	87	34	95	3	11	97	92	98	60	91	47	83	91	-1	55	43	23	22	15	22	69	42	99	64	24	86	5	67	48	14	74	5	21	
45	84	78	76	43	33	63	65	38	10	23	68	83	99	74	84	64	70	20	12	71	78	67	28	77	94	15	80	19	14	40	83	29	37	17	31	34	24	56	40	60	14	45	86	8	45	28	58	15	7	46	22	90	20	79	32	75	32	97	1	2	19	91	16	3	29	24	94	4	43	14	79	77	31	54	33	74	64	78	86	81	-1	68	32	56	52	58	61	84	65	29	98	24	53	6	25	66	46	39	87	
56	41	85	9	54	98	60	73	68	20	56	90	93	88	34	59	68	46	51	31	80	11	12	45	55	1	19	74	63	95	52	75	37	100	67	77	53	19	46	66	86	96	6	94	45	45	95	14	84	97	12	7	1	37	39	74	8	10	88	67	53	38	96	99	61	78	1	15	12	88	68	14	44	48	62	82	32	20	15	33	22	68	-1	12	65	41	83	83	38	90	80	72	23	98	51	70	52	80	4	86	
46	20	36	19	35	67	29	23	4	88	97	97	29	4	26	48	76	9	8	51	96	4	46	85	58	40	62	82	32	47	12	47	22	7	84	95	67	79	95	82	74	67	79	86	24	81	2	72	40	66	62	28	56	96	85	32	85	5	50	82	90	48	70	31	24	94	9	99	22	68	70	59	67	32	60	2	25	37	5	95	17	18	7	-1	5	2	65	5	40	7	36	85	55	47	32	20	11	27	14	1	
43	87	23	49	57	88	34	14	36	9	55	75	49	32	59	67	15	31	19	86	30	60	20	85	36	41	84	72	82	67	13	8	80	66	62	30	8	32	39	74	88	70	53	56	95	100	59	80	97	82	26	44	77	37	67	26	22	87	50	71	33	77	89	28	70	3	38	47	37	59	26	56	67	75	78	95	13	1	76	41	64	8	22	67	-1	50	96	28	2	64	9	79	33	40	16	57	15	12	59	72	
5	20	58	91	63	85	77	42	78	10	75	45	25	36	72	7	6	72	56	11	92	76	80	84	78	70	4	9	43	47	69	10	11	96	75	46	21	65	31	93	91	83	91	85	69	40	82	81	90	92	62	32	95	50	47	12	26	84	90	24	34	91	13	38	75	90	57	19	36	36	77	76	59	52	45	34	89	13	26	76	15	50	88	27	32	-1	19	70	70	4	29	53	96	36	31	83	3	43	53	73	
18	73	1	31	33	74	28	95	75	25	30	1	24	77	41	5	81	75	59	21	4	73	46	97	100	47	63	16	85	1	62	25	3	48	69	86	41	100	79	27	76	100	40	50	53	12	86	9	60	52	81	17	57	65	98	90	28	86	92	64	31	67	81	72	15	96	28	49	8	68	98	56	17	96	66	94	96	91	96	25	45	38	74	54	69	48	-1	74	25	84	56	94	81	19	97	1	6	76	7	65	
36	43	51	69	90	30	75	41	31	43	55	72	8	69	3	33	34	80	26	85	61	60	50	20	77	60	17	66	44	91	23	48	76	16	53	31	66	63	22	68	7	24	16	73	6	42	29	95	79	62	7	68	47	93	44	63	31	30	58	17	65	17	37	51	76	69	50	17	51	77	41	61	42	97	54	16	28	29	89	68	48	55	34	47	97	69	38	-1	86	8	73	83	14	41	88	1	83	52	4	22	
47	38	18	23	37	70	20	53	41	13	75	7	3	50	27	88	73	85	57	47	66	42	94	29	76	77	58	47	3	69	27	49	99	13	11	46	58	69	51	32	11	25	71	63	24	35	50	53	55	47	78	76	47	55	67	68	12	68	94	63	36	34	37	50	12	95	1	40	24	62	12	16	14	61	60	52	96	69	24	49	24	78	62	82	52	7	65	7	-1	90	6	11	24	53	99	2	82	44	93	78	
54	42	18	58	66	63	76	68	27	27	92	18	99	1	6	95	7	41	5	92	92	65	12	79	91	60	61	58	1	80	81	52	92	29	48	77	76	62	18	2	92	60	22	94	29	65	15	39	15	83	33	85	37	85	65	77	44	9	62	100	35	27	93	41	10	41	76	21	46	35	36	82	3	84	93	90	69	89	21	12	24	22	23	78	27	91	41	69	51	-1	57	57	30	15	86	24	55	19	73	39	
10	46	100	1	16	4	58	13	64	84	65	1	40	100	41	80	9	82	11	12	35	31	36	75	43	43	76	31	45	12	29	15	60	82	32	13	56	58	19	68	50	10	44	59	37	69	97	59	76	26	32	43	3	26	17	94	4	21	82	32	83	10	86	98	55	27	29	72	6	51	7	92	42	86	2	93	30	37	90	56	13	87	63	29	49	26	45	69	3	58	-1	3	74	84	43	32	56	43	29	79	
67	50	49	73	61	34	22	5	65	95	100	23	48	51	28	39	23	69	12	40	64	5	62	36	66	54	67	90	72	72	36	32	17	56	9	6	29	21	60	42	62	24	8	8	21	53	82	85	43	35	84	28	92	34	48	1	43	40	28	61	70	91	100	53	3	40	75	37	98	58	17	96	37	93	96	34	74	17	53	85	100	40	62	80	40	83	66	37	37	74	16	-1	53	90	42	72	9	67	3	74	
71	11	75	77	69	33	90	51	61	16	70	13	10	67	22	81	34	9	74	34	80	4	72	16	76	13	38	81	13	47	55	24	19	25	91	27	89	22	23	14	56	69	40	38	56	78	70	71	75	77	32	9	52	1	31	60	21	66	24	19	44	7	29	91	34	7	98	93	77	40	12	81	96	100	19	7	81	96	25	74	90	2	78	83	35	43	61	4	18	53	6	18	-1	32	73	70	32	75	69	16	
1	41	84	94	64	60	86	67	37	26	77	69	91	43	52	67	52	33	39	59	88	68	95	62	78	69	35	4	87	11	35	33	16	16	77	87	66	41	81	76	12	62	74	8	69	40	37	18	47	75	27	2	39	14	15	31	34	36	41	77	19	14	6	34	70	59	71	28	72	35	56	67	88	46	34	25	18	23	51	17	38	48	41	80	39	9	89	53	64	37	33	48	42	-1	67	65	5	67	17	47	
34	91	13	20	30	57	97	97	19	92	12	61	83	63	29	41	38	86	8	2	63	6	67	21	56	22	27	33	95	15	31	80	35	81	19	99	18	79	89	35	40	36	100	16	96	95	86	17	33	32	12	48	71	9	47	68	27	48	53	48	89	21	28	6	17	22	6	92	88	53	18	77	55	14	19	7	75	14	74	87	36	87	24	2	8	56	52	7	32	60	86	92	1	98	-1	65	58	6	16	34	
79	22	80	41	18	76	10	44	70	66	99	46	63	2	10	61	49	46	33	15	57	27	18	1	57	45	98	82	27	20	13	2	53	73	64	38	11	31	28	55	21	84	36	37	83	37	44	75	19	17	94	95	6	48	69	83	45	67	5	50	69	50	87	87	17	58	45	76	71	68	23	10	53	10	11	80	85	60	90	93	55	89	32	10	30	83	47	92	74	81	7	25	33	76	64	-1	33	15	28	34	
84	74	11	40	66	37	50	81	62	64	39	68	84	41	26	11	93	42	32	70	27	4	29	63	93	94	58	20	31	76	94	45	45	28	72	7	98	90	53	74	60	13	26	82	23	46	29	27	78	73	47	79	92	37	57	34	91	60	35	57	77	2	6	60	36	30	43	40	48	3	59	85	10	83	20	55	95	9	24	16	85	24	61	65	73	59	72	88	50	63	2	58	40	76	43	100	-1	89	11	97	
43	64	52	45	16	3	54	72	37	87	19	8	81	57	17	88	42	19	97	82	89	92	100	64	62	32	23	17	21	59	92	24	71	75	17	17	1	24	70	43	22	100	6	10	99	63	75	25	8	29	92	27	45	61	58	10	26	36	49	72	82	26	91	29	66	45	63	80	13	44	36	82	95	37	84	88	46	62	79	89	49	5	59	47	27	94	58	44	62	77	37	84	13	96	86	1	22	-1	13	61	
43	28	64	15	85	28	43	41	4	70	3	71	6	35	87	94	14	81	83	42	54	34	22	80	29	44	62	21	42	88	60	63	9	26	3	36	64	12	6	75	48	55	94	90	54	58	96	5	64	53	79	88	76	25	44	53	47	80	11	26	6	100	5	66	45	54	42	17	44	57	85	100	78	20	30	68	27	64	88	45	65	28	22	96	95	40	91	36	78	25	84	35	60	77	45	8	57	66	-1	17	
44	3	25	81	4	49	91	68	33	67	52	62	9	89	57	78	64	9	36	14	61	63	87	16	39	19	28	47	80	44	48	19	29	31	69	33	53	49	58	19	74	33	1	54	5	1	66	1	50	4	23	77	1	36	77	97	59	85	14	88	75	74	25	68	74	2	57	26	97	33	86	51	43	97	20	82	86	99	13	71	42	10	61	49	39	38	45	75	6	5	49	84	3	10	93	5	17	74	13	-1	
