100
-1	16	91	87	7	94	82	83	65	96	51	85	27	93	86	9	72	6	7	2	73	56	92	11	65	58	83	86	47	94	18	17	12	30	4	30	24	30	1	95	11	24	40	53	76	58	60	96	54	63	46	30	50	33	86	79	84	43	16	34	25	27	67	53	19	72	82	46	10	99	31	20	56	35	78	69	60	88	68	51	65	81	7	56	99	28	22	73	12	42	9	12	61	14	18	17	15	23	20	52	
74	-1	34	73	97	18	36	92	27	19	20	40	65	47	56	22	46	14	53	59	37	11	36	50	17	64	62	14	97	34	99	83	62	26	59	13	7	98	12	62	89	28	24	74	52	28	59	100	98	93	40	86	63	23	76	39	77	42	97	100	57	32	59	57	57	82	17	42	87	52	19	9	14	65	56	89	35	58	70	28	43	34	47	21	27	49	91	21	16	10	71	11	17	87	4	65	85	28	81	37	
85	92	-1	52	100	94	12	27	70	22	4	10	70	77	75	93	39	53	76	48	83	95	18	61	43	73	57	73	79	59	50	10	8	33	10	20	11	20	54	78	95	37	21	39	70	28	88	80	48	14	42	88	93	36	84	99	88	9	91	47	16	21	42	57	58	48	57	30	67	18	10	37	71	52	50	24	17	24	83	41	49	32	73	27	96	64	65	76	3	53	25	82	67	85	30	97	19	56	34	39	
34	75	74	-1	87	31	56	87	42	42	25	38	63	5	45	46	88	83	32	53	5	35	85	79	73	72	89	42	63	52	39	97	3	59	79	72	40	5	51	12	40	26	55	71	22	72	39	61	100	86	31	12	94	61	33	93	21	48	11	84	78	76	23	54	25	63	19	33	30	52	90	24	43	88	6	32	24	35	52	2	2	54	76	37	34	51	74	62	5	90	57	23	91	43	86	33	45	84	45	93	
46	88	42	80	-1	47	96	34	10	27	9	98	40	71	42	89	34	49	7	34	100	74	70	1	98	38	62	19	81	44	69	10	20	39	30	57	85	91	62	95	96	79	2	47	1	59	54	21	37	12	89	23	5	87	73	46	22	82	72	97	100	46	6	98	21	10	85	1	65	83	79	78	88	21	83	46	59	24	71	56	91	95	19	95	98	9	62	64	39	76	41	78	76	78	68	26	74	94	89	88	
100	12	78	1	12	-1	21	83	63	15	69	51	74	71	85	15	92	86	11	77	91	33	63	97	1	50	13	2	8	89	73	7	52	24	70	7	18	73	98	94	74	17	32	97	59	95	67	57	1	95	10	70	63	55	76	97	54	49	95	32	58	51	27	66	35	23	24	91	79	75	96	72	79	36	30	90	55	77	12	15	93	71	90	6	12	31	75	92	73	87	7	31	90	44	89	86	35	3	47	65	
70	90	57	98	54	62	-1	14	92	10	39	17	95	22	79	46	24	74	83	39	63	46	30	41	14	82	91	87	52	63	22	23	77	37	30	70	83	95	37	17	6	36	71	37	24	91	71	47	81	45	40	40	17	41	31	98	73	13	18	100	70	11	24	3	20	98	6	22	100	42	26	74	80	9	33	49	95	48	55	68	71	25	1	79	22	42	30	50	81	90	51	5	51	55	11	87	97	32	71	87	
80	23	77	94	11	5	23	-1	21	27	29	18	26	72	11	68	72	42	82	19	12	21	59	23	29	56	19	34	76	56	19	77	97	51	10	25	97	2	1	72	80	68	14	10	76	40	29	79	98	38	75	78	5	53	27	2	61	51	11	96	82	57	2	48	41	69	28	28	6	38	35	51	75	58	3	93	19	38	8	76	26	29	54	70	24	85	98	60	81	91	19	22	56	5	63	8	35	55	15	60	
53	13	81	65	13	70	40	52	-1	90	10	45	1	48	63	32	16	38	66	48	68	56	28	47	24	23	51	41	20	82	84	25	82	79	69	45	58	59	3	25	91	70	12	94	3	79	17	35	20	90	27	13	7	46	39	84	66	14	88	81	17	43	32	96	10	64	22	65	74	100	82	99	33	43	44	85	97	59	62	45	74	97	73	65	89	36	35	96	31	70	55	21	67	37	68	78	12	27	2	75	
28	17	29	24	24	72	51	5	41	-1	53	30	20	90	51	91	4	98	66	49	4	24	39	68	2	10	73	87	41	76	65	83	81	73	77	94	9	94	54	57	9	53	17	18	2	31	83	77	35	54	99	11	9	2	40	91	64	54	18	49	67	9	46	52	14	98	9	21	47	92	100	60	23	98	94	45	50	14	66	71	24	13	28	15	57	75	69	65	43	74	29	6	91	72	77	38	42	93	97	16	
76	22	91	42	98	36	21	63	4	79	-1	11	62	68	2	29	13	50	3	95	5	12	56	90	39	25	45	10	84	65	18	48	81	54	8	15	26	54	67	25	17	19	82	7	45	4	50	73	87	66	40	94	43	37	14	68	60	1	64	2	10	47	7	27	44	52	57	3	49	43	26	55	13	69	99	13	64	58	89	20	79	71	20	49	88	56	5	63	35	31	81	17	80	84	58	25	27	25	67	59	
22	49	55	54	22	5	94	66	40	96	23	-1	91	60	40	33	53	23	99	17	93	34	43	35	94	71	72	45	55	84	75	52	60	5	56	60	19	69	99	50	6	72	44	24	58	31	37	53	34	80	100	77	35	48	49	87	46	38	75	38	53	94	21	17	26	66	80	54	42	16	68	4	84	68	100	31	88	51	2	76	67	36	26	19	24	33	41	17	24	14	17	81	82	66	99	13	80	22	34	85	
98	46	46	44	89	85	55	25	70	76	30	52	-1	28	10	5	5	86	6	95	57	89	73	26	56	58	67	57	54	23	32	64	72	28	7	50	82	84	21	69	54	87	23	28	48	74	34	100	8	33	78	67	59	77	42	27	45	58	97	27	30	62	32	51	69	23	76	44	77	10	23	66	2	8	2	85	87	97	84	41	100	42	22	98	62	95	18	10	2	50	12	25	58	46	7	72	34	72	56	45	
47	42	12	1	57	29	87	42	74	64	49	55	56	-1	9	4	10	60	91	15	33	81	89	37	47	6	95	48	69	28	46	43	79	26	1	90	32	10	1	82	51	73	52	28	34	90	53	90	41	95	23	20	82	75	24	51	6	62	36	95	56	83	82	34	96	3	46	100	83	55	68	46	84	64	76	34	38	16	87	68	9	68	52	37	79	79	26	98	96	98	42	65	35	30	68	80	54	86	46	3	
36	22	63	71	61	46	25	86	23	55	46	88	20	94	-1	17	10	78	27	24	83	94	9	20	53	84	75	51	65	31	2	41	65	12	12	46	9	83	8	99	20	82	59	23	68	88	15	64	32	97	53	38	5	61	77	22	63	42	56	35	2	17	1	78	100	63	61	28	41	64	91	65	48	33	24	1	48	15	85	41	39	55	62	11	93	3	32	74	16	12	86	86	94	58	49	14	100	41	8	18	
42	42	85	35	59	33	73	21	30	52	17	45	9	68	62	-1	43	1	46	63	6	7	100	9	85	9	41	99	12	100	95	98	44	48	95	6	98	56	3	75	47	12	27	75	39	36	84	97	60	15	28	9	58	8	41	41	79	76	6	95	41	48	71	44	92	92	89	20	78	51	61	95	2	53	56	75	33	23	19	83	11	14	39	64	43	39	71	69	33	50	9	61	80	4	87	92	73	33	35	45	
74	37	25	39	30	10	34	21	40	51	53	35	35	3	14	6	-1	81	97	90	83	6	51	18	76	46	5	85	30	57	23	96	55	63	81	77	79	37	94	8	68	15	47	98	42	93	85	8	100	67	25	66	5	80	91	21	78	31	66	15	48	33	14	18	8	25	99	3	61	49	53	35	61	87	15	66	28	76	24	23	66	69	8	64	100	59	11	54	49	2	47	52	68	52	83	24	16	47	16	82	
63	14	55	28	96	95	71	1	85	94	77	42	44	97	77	14	32	-1	9	82	65	62	31	20	39	88	87	33	26	45	61	67	29	2	45	69	43	89	45	76	79	77	47	95	1	89	33	76	13	36	79	33	22	12	67	2	54	38	1	1	80	14	68	4	90	66	37	90	56	76	57	69	9	71	97	62	12	83	33	25	57	18	52	22	42	9	98	20	36	87	83	14	26	26	80	52	44	11	83	38	
24	12	56	66	97	69	57	86	43	56	30	57	43	84	93	71	19	87	-1	84	15	93	70	44	60	20	6	48	13	67	61	95	34	17	39	74	64	17	77	37	36	38	57	27	83	93	79	61	28	34	32	95	70	97	65	53	59	35	66	65	42	3	47	76	89	24	19	82	2	75	4	1	47	62	94	5	55	69	83	74	35	52	46	74	13	52	14	70	56	89	70	94	96	28	35	23	11	82	1	97	
64	73	29	37	43	57	54	48	78	30	48	36	30	16	21	39	52	30	30	-1	78	58	51	1	76	49	82	59	87	33	42	85	70	79	49	2	56	13	52	51	51	27	31	25	48	49	17	71	47	40	67	65	86	70	42	96	58	52	5	24	77	22	39	26	30	90	73	73	62	40	56	79	79	58	30	7	62	14	33	59	29	72	96	39	57	18	92	48	30	65	38	73	28	66	91	65	80	81	44	31	
48	37	27	23	43	39	14	86	57	19	55	68	25	25	87	39	48	64	54	31	-1	49	29	15	16	29	54	29	31	61	85	30	68	66	6	39	87	56	19	71	58	70	79	90	3	81	81	69	63	38	27	57	41	21	31	41	3	28	65	69	70	57	72	63	44	55	85	14	27	42	85	21	91	92	39	60	88	50	42	79	69	96	56	84	96	54	31	53	83	32	11	6	14	91	69	75	91	84	33	26	
50	96	74	48	85	44	6	72	35	27	16	43	58	86	58	62	98	99	6	85	44	-1	2	60	90	21	95	69	62	76	72	43	94	22	22	33	4	47	30	48	10	3	46	89	95	66	55	73	73	37	13	7	71	78	57	13	12	93	43	50	52	68	68	66	22	57	65	86	37	86	85	61	46	45	83	95	93	32	80	66	8	87	60	98	10	76	42	29	53	92	77	35	77	11	7	46	61	24	77	37	
99	46	61	38	32	65	87	10	35	98	28	32	79	44	78	24	65	72	92	97	35	64	-1	17	20	93	13	54	28	13	78	17	35	2	11	75	62	1	83	82	20	12	74	88	91	10	58	50	36	70	96	64	68	3	42	92	18	96	86	25	46	61	29	18	71	26	64	95	50	67	11	31	63	84	9	39	27	77	64	26	66	20	53	41	18	13	77	1	16	79	49	95	99	37	3	19	50	52	27	16	
8	99	9	39	46	75	55	22	53	68	81	35	91	43	47	96	87	5	43	21	51	28	20	-1	65	76	89	17	37	54	22	58	23	74	77	92	17	94	41	100	96	8	91	18	76	33	99	90	93	44	4	98	100	97	37	21	26	35	14	3	24	77	14	18	91	48	98	65	54	74	6	67	82	93	98	71	26	91	16	93	51	84	76	87	93	48	24	13	91	23	58	85	43	59	38	71	21	21	72	80	
6	30	58	18	88	39	61	52	100	42	18	5	51	63	79	42	65	3	47	23	99	16	82	35	-1	30	14	68	17	1	81	29	81	76	54	17	15	49	34	1	96	55	44	29	46	92	2	11	47	19	75	24	85	79	87	63	48	63	72	79	59	46	44	12	28	36	83	3	27	22	98	16	56	54	96	41	36	3	12	94	41	100	23	41	33	82	67	27	70	23	4	74	38	29	22	12	68	35	60	32	
89	54	12	92	9	3	42	43	35	31	69	59	82	27	47	49	4	89	52	15	67	5	99	95	99	-1	9	20	7	71	65	46	24	75	86	51	27	77	43	75	53	70	53	78	90	12	25	96	32	42	64	99	20	28	39	48	45	19	6	6	16	23	85	75	28	27	13	19	71	40	64	94	60	7	65	33	82	96	62	29	38	91	66	23	13	24	97	27	92	49	66	74	83	97	100	97	58	26	88	13	
86	36	58	15	17	12	90	97	53	18	77	14	15	31	44	36	81	49	60	89	72	40	19	82	92	52	-1	22	36	64	88	23	91	54	79	56	27	6	22	73	55	30	81	87	35	11	45	37	15	98	81	48	28	53	83	93	13	51	6	34	30	88	97	17	12	2	11	67	33	81	13	17	57	25	43	43	17	70	22	10	91	83	21	56	22	35	35	33	16	76	89	28	61	80	9	98	21	74	90	6	
13	88	28	51	46	66	46	78	31	40	86	47	96	36	53	84	23	50	92	15	61	3	54	5	56	15	83	-1	48	64	98	28	62	28	45	80	90	95	30	19	59	94	29	29	95	55	77	49	10	30	62	54	66	23	84	9	37	20	4	80	4	12	81	91	31	81	31	86	11	34	39	46	31	32	13	83	22	86	37	68	15	51	68	21	75	27	51	78	39	4	89	1	1	66	17	98	48	20	58	100	
45	29	70	63	46	51	69	79	53	72	67	56	58	74	30	64	85	35	52	73	32	32	45	75	57	53	10	84	-1	58	38	6	43	49	100	11	89	59	3	3	86	72	86	64	43	1	32	9	24	97	34	88	61	43	49	44	45	84	65	50	10	12	74	51	42	3	65	3	37	38	15	89	80	86	34	41	46	16	68	34	13	38	4	1	27	77	33	94	50	19	50	74	20	3	76	37	27	78	70	64	
99	88	59	97	1	92	47	62	5	16	38	28	79	57	90	89	75	41	19	99	33	54	25	38	10	62	72	40	96	-1	3	23	100	59	57	55	1	61	45	85	3	75	21	7	50	38	93	63	30	65	88	44	95	43	40	93	74	31	62	71	32	18	29	58	29	17	64	31	67	44	26	37	61	2	22	90	26	9	79	87	50	41	74	26	18	96	18	26	39	89	50	52	89	65	65	73	53	29	6	96	
1	65	35	86	74	80	56	39	43	18	35	91	92	66	98	64	73	12	51	53	95	38	15	47	15	45	47	92	55	66	-1	51	2	2	49	67	8	4	30	94	59	56	91	40	98	79	25	33	30	90	46	64	33	60	23	85	29	15	69	61	1	67	25	6	79	38	20	6	12	57	52	21	92	87	57	63	24	21	90	58	13	2	28	100	86	100	39	27	49	59	86	26	82	36	54	23	69	73	38	94	
29	23	70	93	33	87	47	31	81	5	17	26	44	78	84	32	61	61	72	54	4	48	12	44	78	96	17	91	59	39	34	-1	28	55	72	59	5	47	44	67	61	78	3	50	64	63	44	15	52	65	74	88	45	100	87	71	48	94	90	38	78	82	100	10	99	83	94	85	93	16	74	55	61	46	3	53	41	59	34	57	79	38	82	45	61	59	7	51	53	25	14	52	51	12	52	36	53	96	24	94	
38	99	93	52	62	18	73	73	1	31	75	13	21	45	15	17	65	76	39	80	40	35	12	56	59	72	23	53	94	6	14	23	-1	56	64	17	38	52	49	33	83	23	87	26	61	11	81	16	1	30	96	53	53	76	44	44	62	21	59	73	37	83	90	100	91	6	28	95	61	48	59	83	71	99	52	17	43	5	66	9	44	36	70	8	39	18	37	19	70	30	19	62	68	39	82	30	12	89	82	5	
5	18	96	40	13	27	57	39	44	19	84	2	16	34	66	36	74	82	57	59	64	54	7	15	61	4	49	36	76	44	31	60	93	-1	89	69	34	4	76	14	48	80	87	48	19	71	53	25	64	98	75	44	5	51	68	23	90	5	11	80	34	100	20	57	73	14	46	81	14	94	93	11	4	6	8	97	32	50	92	2	22	19	93	99	14	89	20	80	9	20	19	65	20	84	5	86	50	64	33	64	
45	85	64	85	95	80	32	32	30	81	96	29	1	16	25	85	20	56	68	1	94	2	5	19	74	84	26	26	5	7	49	11	69	98	-1	81	79	41	60	36	15	83	44	12	86	93	6	47	58	81	85	5	18	35	43	44	50	56	40	19	59	76	43	14	77	84	41	77	18	98	47	87	72	8	42	97	62	91	74	30	39	95	27	74	48	15	11	98	31	11	11	30	79	73	75	13	42	64	9	96	
37	50	5	41	55	10	93	82	88	81	41	99	71	16	20	48	78	21	5	51	29	97	79	8	94	67	45	50	55	3	84	17	16	49	6	-1	16	11	3	39	36	81	56	34	38	66	11	86	50	80	71	98	16	36	92	78	12	86	62	27	52	19	8	32	65	79	48	22	14	80	88	5	7	91	100	12	86	25	59	6	2	98	48	66	25	45	82	93	72	53	97	70	40	66	71	42	99	63	61	96	
67	66	46	38	78	92	38	74	75	47	30	76	4	29	36	85	37	3	77	63	28	34	42	21	89	28	95	86	92	83	69	41	28	1	76	72	-1	42	96	84	21	62	56	67	80	34	5	47	70	1	58	64	50	61	18	64	34	68	26	38	60	87	63	89	5	72	46	89	25	34	25	60	25	91	9	2	54	69	76	29	39	56	15	46	32	91	63	99	31	32	80	35	7	37	76	31	76	4	53	83	
71	27	85	80	58	65	52	11	53	99	36	62	78	99	45	13	74	45	84	80	5	66	68	74	65	65	69	77	42	48	72	65	68	36	88	30	31	-1	45	31	90	90	20	88	58	44	49	8	96	64	91	94	37	16	42	32	56	84	41	70	2	94	19	81	31	29	50	60	21	26	82	50	47	94	36	48	25	33	19	64	83	38	7	63	35	32	87	75	31	69	66	16	50	61	58	51	57	49	65	71	
36	89	85	76	75	46	21	45	76	72	77	34	38	55	74	98	6	53	58	25	32	15	58	58	64	75	60	83	31	86	16	36	21	77	86	69	48	17	-1	94	50	49	95	82	29	77	29	83	87	11	82	30	11	43	100	5	24	18	36	82	4	29	6	16	84	55	78	40	53	55	94	81	79	21	72	51	26	32	22	64	95	44	96	72	84	93	90	34	18	19	16	68	38	39	2	48	50	14	51	95	
13	37	20	47	29	97	76	23	96	83	19	21	1	67	72	43	60	28	71	14	93	7	22	21	37	65	86	5	86	42	94	56	60	12	24	31	39	15	15	-1	31	71	26	24	3	25	70	23	60	16	14	13	57	44	18	100	65	46	95	22	18	84	47	69	83	2	86	54	46	61	81	69	94	43	6	28	94	68	47	68	31	23	57	40	78	80	24	28	54	72	34	25	28	85	69	81	63	8	9	10	
79	24	98	85	61	1	49	77	53	41	20	26	83	45	87	34	1	15	62	23	25	51	28	69	14	4	85	34	37	41	83	15	27	35	65	17	31	96	64	65	-1	49	100	47	52	72	47	46	22	60	84	30	72	13	16	15	8	65	74	97	36	73	93	27	10	57	46	88	51	2	36	12	77	89	82	15	43	12	48	24	91	24	24	33	33	71	22	9	87	9	29	78	66	94	17	36	56	46	90	98	
80	87	98	63	49	22	30	44	27	36	32	64	10	76	57	67	64	14	89	44	1	81	59	97	6	48	91	96	31	42	74	59	32	96	45	11	5	3	68	22	36	-1	7	80	86	3	33	82	33	63	76	2	98	68	58	60	24	38	8	98	34	71	4	50	39	70	29	9	91	52	97	100	1	73	6	63	30	14	26	71	61	60	53	100	69	90	55	70	93	51	2	35	98	30	28	86	66	96	41	79	
90	56	8	71	29	11	44	49	48	74	53	49	13	59	30	55	36	57	65	11	38	68	17	4	16	46	56	23	4	80	45	6	82	31	11	8	26	27	51	2	12	64	-1	58	11	20	98	47	68	91	43	51	15	25	51	30	100	64	81	29	16	13	95	45	38	82	46	27	80	4	63	47	47	38	57	90	69	41	19	71	66	46	77	54	52	85	62	76	76	70	13	70	98	21	53	36	15	58	88	79	
1	47	67	50	35	94	38	73	11	70	68	27	1	24	42	18	48	49	3	12	82	43	75	5	11	21	65	2	74	94	3	36	65	36	29	93	15	64	86	70	38	66	59	-1	58	93	3	72	30	66	15	8	90	96	37	86	34	13	71	49	52	46	90	81	37	76	45	31	7	93	13	64	54	94	21	77	73	87	39	89	51	83	42	17	45	26	29	52	66	72	96	91	22	24	26	8	63	49	23	3	
73	75	55	51	100	33	91	9	64	54	2	34	48	54	26	8	77	39	40	31	85	62	85	80	67	27	98	82	2	44	79	35	70	61	20	52	97	93	64	13	18	99	13	3	-1	30	11	91	91	40	63	72	68	78	77	92	8	68	3	87	91	17	33	55	60	96	73	54	87	5	49	64	83	43	12	12	8	80	98	65	52	11	22	15	63	42	17	75	39	96	64	87	77	76	100	61	77	7	1	83	
64	55	94	43	84	8	23	83	16	87	72	72	5	61	1	3	100	48	60	17	36	48	15	7	98	25	74	68	24	52	97	53	47	55	94	53	80	37	16	63	17	14	100	100	75	-1	79	14	54	82	9	32	69	69	76	87	8	72	77	95	83	75	35	67	54	47	90	99	82	11	77	69	98	81	34	27	74	85	52	72	2	3	8	37	53	76	91	76	32	29	27	45	80	71	51	53	97	34	12	65	
11	48	69	60	26	37	91	43	12	65	18	40	29	37	38	17	84	98	25	71	1	90	73	22	26	60	53	22	69	26	20	62	58	69	73	25	57	64	4	50	3	45	77	52	34	17	-1	67	70	78	47	40	23	89	26	19	65	61	26	84	3	44	100	15	73	36	84	44	26	93	96	66	28	32	26	50	99	97	27	2	95	15	2	13	76	86	35	14	27	17	52	45	51	45	47	44	19	62	78	26	
93	45	83	8	67	17	80	49	38	14	34	56	9	43	48	55	7	27	91	10	39	30	96	28	18	8	49	56	41	15	3	20	14	40	35	75	5	44	47	45	16	29	32	84	38	74	42	-1	60	47	31	95	70	41	32	16	12	84	85	72	11	88	38	46	18	67	24	42	78	22	92	71	31	41	70	95	51	53	20	38	48	28	4	99	58	21	23	41	5	90	12	1	8	20	45	69	35	66	24	81	
42	8	44	31	90	89	81	20	56	3	25	29	32	6	93	43	56	44	68	35	4	39	74	44	20	7	11	30	80	50	48	87	95	37	14	12	67	57	86	23	80	50	66	78	80	38	34	50	-1	9	17	61	33	61	96	1	93	62	99	79	30	80	84	20	10	40	88	49	66	26	8	26	40	38	65	49	55	51	67	75	34	76	96	99	9	87	83	78	60	87	59	23	69	60	30	48	88	22	90	93	
49	90	99	91	58	23	64	15	26	93	6	48	25	19	14	79	1	51	22	2	76	58	92	50	51	96	47	20	14	56	46	90	89	71	44	54	54	67	12	41	32	84	90	97	40	78	14	91	54	-1	12	97	19	62	44	49	100	51	91	16	41	64	71	72	84	45	43	25	68	24	9	12	93	81	49	51	55	51	66	84	29	84	19	47	90	22	88	58	77	78	37	19	65	70	30	96	51	86	63	82	
3	48	62	84	81	53	83	81	64	49	35	25	51	38	12	79	96	80	7	27	85	17	19	95	93	47	74	91	63	12	22	17	45	30	13	57	4	95	60	5	85	44	76	48	83	6	22	60	28	16	-1	93	41	61	13	77	80	78	69	50	8	60	63	26	60	97	22	59	6	33	60	84	70	95	66	94	9	44	10	38	15	29	25	77	31	3	21	10	39	54	90	11	8	50	47	7	2	38	31	68	
15	34	5	16	88	84	32	60	77	57	11	3	2	57	60	64	70	16	100	7	95	2	55	21	65	38	8	26	64	6	86	47	16	10	84	40	32	94	46	23	63	44	37	21	37	19	25	33	12	97	73	-1	79	36	23	91	47	97	90	61	62	93	12	35	48	18	57	93	31	69	79	64	74	59	24	56	54	98	71	44	73	55	12	37	31	11	28	52	66	68	12	23	21	65	56	78	60	40	75	98	
54	27	81	61	42	33	81	3	16	59	85	25	43	75	58	60	91	95	16	72	61	84	70	82	32	85	14	67	83	47	60	65	64	31	19	3	31	66	67	84	15	55	81	68	80	90	100	42	74	92	97	73	-1	57	99	66	30	81	83	50	77	20	50	8	32	10	32	29	68	52	81	66	73	52	83	95	20	24	70	97	55	93	35	34	97	17	45	30	58	12	90	8	33	52	1	47	5	59	10	62	
61	90	51	59	51	15	65	79	18	58	55	12	42	43	18	35	41	82	60	64	100	61	23	12	15	30	68	5	60	76	73	56	1	36	23	60	66	15	23	1	54	38	67	39	48	17	64	60	52	64	70	63	18	-1	82	36	6	23	15	28	75	47	45	90	90	2	59	21	82	33	25	69	9	100	98	40	1	53	26	54	49	32	14	2	23	85	30	4	15	9	43	36	47	13	41	92	100	54	30	17	
5	78	4	14	72	87	71	85	58	45	43	70	26	3	29	69	8	41	7	67	77	12	53	92	46	45	65	40	98	7	98	28	42	23	5	58	32	65	40	59	34	8	63	15	63	74	8	58	42	25	78	62	81	58	-1	61	77	97	64	72	53	49	95	19	81	67	29	3	69	90	100	55	61	49	2	71	57	48	37	28	1	53	87	30	48	32	25	24	78	18	66	11	11	31	38	52	12	90	60	31	
72	91	49	76	71	27	86	79	29	85	8	36	10	1	41	75	17	16	10	6	63	67	43	53	94	5	46	1	74	54	51	44	90	61	20	4	13	20	25	50	18	95	86	57	42	42	72	15	22	35	32	42	81	95	62	-1	63	39	83	77	44	94	30	4	27	71	78	40	47	56	48	19	45	45	8	93	86	96	100	68	76	42	76	65	13	87	21	92	57	45	58	81	30	44	60	61	48	92	69	91	
20	11	95	72	43	88	46	35	96	17	63	89	74	85	2	95	3	17	31	38	46	72	68	88	86	76	15	63	2	59	5	7	43	38	14	55	85	93	39	73	31	96	20	62	50	56	99	3	71	52	40	5	98	13	75	87	-1	41	87	31	58	78	75	80	41	82	74	19	46	98	60	37	18	10	1	57	84	4	50	30	85	49	19	64	8	6	83	82	49	70	16	12	62	83	65	65	69	39	98	28	
91	71	87	70	40	94	12	27	60	55	27	43	25	14	18	19	26	82	94	12	68	51	84	94	27	18	87	48	83	58	70	51	39	48	36	84	21	14	86	47	56	83	75	34	27	78	65	17	10	69	87	3	90	72	86	77	76	-1	43	60	33	62	24	95	38	42	28	58	74	3	11	94	36	48	26	11	79	46	96	89	38	81	60	97	6	48	27	30	61	66	37	97	8	76	96	20	31	23	72	6	
20	44	68	48	41	14	41	10	42	59	33	25	26	63	79	52	93	26	85	36	10	29	40	37	5	75	7	73	44	40	95	55	78	89	6	8	80	32	83	45	31	99	56	58	93	16	69	80	11	32	89	37	24	93	49	52	44	100	-1	97	59	20	55	70	9	59	69	89	79	96	87	26	14	38	43	42	78	16	36	98	98	62	53	52	8	99	29	84	2	90	43	45	61	66	65	28	5	53	6	52	
9	72	99	34	16	4	30	11	27	33	22	91	21	98	7	69	38	64	75	56	84	25	15	8	39	60	6	90	69	4	34	40	88	18	56	64	68	19	83	86	57	21	80	68	26	45	20	34	89	13	37	34	49	14	17	13	2	5	81	-1	67	91	62	46	36	58	13	86	64	92	20	41	100	58	53	12	32	48	52	45	87	7	8	60	10	45	70	34	97	64	9	100	96	23	68	54	33	34	65	84	
37	99	64	69	24	8	99	63	84	87	47	86	5	16	39	92	31	49	55	4	68	24	76	5	69	44	42	22	30	77	50	48	44	61	53	47	6	23	33	44	43	35	10	2	76	46	32	49	73	32	47	84	45	19	78	77	69	94	20	65	-1	100	25	77	48	72	51	73	43	68	97	22	5	90	49	2	35	59	11	78	86	33	94	72	53	84	71	16	32	73	77	55	89	90	96	16	89	30	96	59	
12	4	8	69	96	93	76	97	83	23	98	32	92	99	64	40	77	50	7	92	26	76	22	77	84	21	86	76	10	17	20	26	96	14	8	8	74	79	96	53	95	39	44	84	27	82	61	42	70	51	3	39	47	3	88	72	59	89	2	93	61	-1	58	79	8	53	43	59	74	95	1	82	12	43	92	28	53	55	87	37	86	73	98	80	26	86	97	27	2	77	61	28	4	52	1	86	88	100	7	3	
99	55	30	65	96	15	37	6	59	76	5	4	60	74	12	33	15	76	63	56	85	24	14	60	79	36	17	84	26	68	29	95	47	86	34	77	11	54	71	47	54	90	53	35	35	85	53	6	72	81	97	50	48	98	31	7	52	1	2	10	38	47	-1	73	100	14	19	35	7	11	90	98	65	90	4	74	33	33	1	56	20	59	5	14	81	70	93	5	56	89	3	78	31	84	8	81	24	64	59	47	
5	31	37	61	18	15	27	33	59	58	39	29	74	6	84	22	45	45	47	31	67	92	70	18	71	8	78	94	94	25	14	6	22	59	100	13	78	45	39	18	72	24	4	57	76	7	61	91	7	84	25	82	20	56	97	61	54	70	2	35	71	25	28	-1	41	95	27	98	45	56	96	20	8	24	36	50	28	83	88	49	74	54	79	6	6	100	80	53	29	97	46	48	30	69	89	13	4	62	51	9	
58	48	13	54	76	95	42	53	73	62	76	28	54	35	70	96	54	7	94	74	70	43	92	67	79	7	75	52	70	54	99	59	91	22	42	64	13	62	74	43	97	89	95	18	33	97	81	13	87	47	93	32	93	1	49	1	91	89	8	99	71	64	19	98	-1	93	63	61	75	40	28	13	34	79	20	33	71	7	44	84	66	40	46	37	71	62	1	39	4	82	24	77	8	33	42	71	24	52	98	80	
79	64	57	89	63	36	24	82	78	61	12	68	83	22	35	86	2	28	9	32	57	7	3	4	40	69	43	71	61	95	63	9	76	86	10	16	50	31	80	30	69	7	30	3	12	80	59	32	74	72	81	82	92	31	26	79	90	18	72	47	83	26	43	22	66	-1	30	74	84	39	61	45	61	38	44	57	6	84	39	72	99	7	61	35	59	93	57	42	85	56	42	35	8	48	22	1	93	16	7	65	
75	22	38	86	31	54	29	10	82	57	62	77	12	89	88	85	45	31	30	6	41	8	93	99	12	6	35	73	29	71	57	96	44	82	5	51	24	52	77	3	45	69	54	83	57	12	4	75	10	64	1	22	1	15	16	92	37	55	21	48	65	4	10	70	34	53	-1	23	64	25	74	61	78	96	13	27	84	23	3	82	3	1	70	31	2	48	21	11	3	5	84	10	84	43	96	15	23	3	21	83	
30	80	62	8	39	52	68	64	11	99	28	22	71	18	46	52	7	62	70	37	83	22	28	13	92	98	30	19	16	22	27	26	60	75	61	75	84	40	4	94	80	67	53	43	70	5	76	71	72	59	10	75	76	79	85	72	21	30	25	87	4	79	98	95	82	88	87	-1	38	71	75	3	48	48	49	51	26	89	94	95	37	14	19	56	64	91	43	65	43	5	7	4	78	7	46	16	7	1	33	28	
64	23	51	75	3	50	91	94	6	75	97	61	37	56	54	97	1	94	4	1	20	15	97	24	74	5	43	11	22	96	56	4	45	89	15	74	38	2	47	25	44	72	38	52	36	6	44	57	41	84	61	45	4	7	64	49	79	71	2	72	39	63	35	74	98	12	91	49	-1	10	61	27	62	59	52	97	61	33	76	65	64	61	18	34	69	5	78	41	43	91	8	43	3	31	7	45	100	95	64	87	
31	47	65	49	83	92	48	98	40	9	31	94	78	97	82	55	64	39	71	22	74	63	48	98	32	13	42	62	80	36	45	31	38	20	29	92	77	74	55	81	57	11	74	5	34	40	23	8	12	98	75	4	81	6	48	84	3	38	99	61	14	71	84	59	8	38	46	32	68	-1	30	97	3	67	100	89	72	1	7	86	21	39	9	52	16	37	21	95	63	15	69	15	16	76	15	4	63	66	88	22	
49	79	72	23	70	79	76	5	69	52	5	37	10	66	12	48	16	22	35	6	17	53	7	76	66	5	70	58	47	24	59	72	83	76	39	80	36	89	42	61	34	96	99	78	3	97	20	19	66	48	30	55	72	25	31	9	83	44	61	89	31	78	86	25	46	21	24	8	3	45	-1	79	9	37	12	44	37	81	87	53	31	88	67	46	48	10	19	22	91	36	42	39	5	84	11	74	51	78	19	14	
76	93	83	42	46	84	83	85	65	66	18	2	62	40	30	48	17	53	47	8	36	95	83	12	42	24	97	70	69	51	74	18	47	4	55	92	11	74	92	58	14	71	16	36	68	13	31	56	24	47	8	16	10	61	19	78	33	85	90	95	8	6	94	35	13	54	36	96	92	10	28	-1	90	60	53	34	62	51	27	60	49	23	15	19	23	89	2	5	58	65	17	67	45	74	45	58	90	95	10	55	
67	18	58	83	33	12	86	40	29	89	70	14	64	33	64	84	4	92	19	39	67	62	18	59	87	18	73	79	31	72	20	24	85	64	85	85	60	1	60	90	60	41	61	60	60	31	84	27	16	47	74	11	39	37	34	48	34	4	59	78	97	20	80	11	41	50	87	66	71	91	14	95	-1	84	8	86	100	54	92	14	24	18	66	33	58	70	33	31	4	65	73	37	4	49	11	70	4	68	8	96	
57	21	38	99	85	73	36	96	40	22	16	6	7	47	70	58	80	45	54	52	49	41	12	9	20	74	10	50	74	1	83	40	63	91	27	89	74	70	20	40	89	27	99	64	91	43	22	47	84	72	100	93	93	57	17	74	49	17	44	100	82	57	94	15	92	17	74	67	31	28	93	100	91	-1	25	66	72	45	21	34	59	44	82	32	94	29	54	97	27	90	45	70	12	8	51	74	82	88	62	49	
69	11	38	5	25	30	97	4	67	93	41	94	53	38	68	37	50	8	12	7	70	8	15	35	26	16	80	33	31	63	10	58	75	24	33	47	27	90	47	26	95	79	64	3	91	83	41	68	35	64	82	11	30	7	10	51	2	62	44	61	55	100	70	96	21	96	20	91	87	58	2	74	89	62	-1	30	37	96	95	6	100	5	19	93	85	35	27	39	58	13	81	50	58	47	20	42	60	19	13	80	
54	47	59	79	18	98	60	83	86	56	30	27	9	66	46	44	86	13	44	62	25	13	35	14	2	61	11	49	32	33	37	69	95	85	21	21	58	84	7	41	84	31	11	87	59	39	9	80	45	24	69	34	79	7	66	93	51	19	65	8	30	43	92	82	18	11	8	29	84	61	92	35	10	5	31	-1	62	51	28	20	80	7	60	20	68	44	16	75	51	5	43	46	54	30	78	52	87	76	99	20	
59	54	87	23	27	88	2	22	90	72	53	78	69	95	45	47	99	73	7	45	23	10	19	18	52	39	12	43	61	96	55	60	90	16	8	27	94	87	38	52	56	42	47	9	78	41	3	7	84	13	99	50	90	92	66	16	86	53	7	15	24	50	21	38	63	12	14	22	83	86	2	89	78	10	96	47	-1	76	25	22	55	10	72	26	44	36	50	67	45	35	68	69	98	63	23	68	60	37	52	83	
38	50	78	8	41	96	15	98	57	43	72	91	57	14	18	3	72	52	69	8	81	64	41	24	13	47	78	32	75	32	68	38	64	93	97	5	15	38	29	67	14	98	81	28	7	64	52	62	34	6	4	36	68	32	55	10	99	48	55	17	30	26	86	83	8	13	93	46	60	23	49	69	56	66	32	55	42	-1	47	98	82	10	39	27	67	85	56	22	17	18	77	6	91	47	53	100	6	62	57	90	
73	24	63	34	51	65	14	18	54	98	76	10	29	40	99	19	81	86	7	50	48	48	90	28	22	80	69	25	47	41	7	26	36	27	59	40	72	83	83	74	43	83	86	38	78	79	73	38	90	89	82	40	22	86	80	64	10	23	23	42	22	11	55	51	13	57	3	16	78	68	88	80	72	40	38	57	26	37	-1	90	58	6	19	68	56	77	88	83	67	19	2	23	25	3	58	70	57	14	5	78	
37	96	97	18	97	23	51	51	7	79	76	21	95	6	36	10	20	96	90	6	67	49	49	28	12	38	87	56	82	50	100	57	11	34	37	1	60	75	30	66	89	98	12	43	8	100	4	44	22	11	83	2	6	29	34	95	31	95	94	28	44	97	74	3	70	16	74	8	85	8	66	14	62	91	51	40	69	61	54	-1	93	73	6	49	27	76	53	27	67	41	23	54	7	2	63	27	5	43	50	78	
84	64	34	47	20	51	79	12	3	62	66	23	9	18	45	50	76	4	18	38	13	30	16	69	88	65	51	67	7	53	24	6	44	38	96	32	64	38	68	70	96	84	53	51	34	59	8	3	89	70	85	9	24	46	59	21	8	16	39	97	12	53	11	38	49	54	40	19	49	37	47	54	97	6	28	14	29	94	92	48	-1	11	62	76	20	17	66	77	19	43	15	63	63	80	85	29	70	30	41	6	
38	4	88	53	80	79	80	61	56	17	87	39	40	30	12	53	25	99	93	16	51	8	6	93	47	60	59	15	53	60	70	68	26	48	93	69	16	69	35	90	60	44	21	10	25	37	1	71	75	100	27	38	64	63	38	98	30	28	11	54	25	54	93	99	87	22	50	98	49	24	14	82	80	78	16	18	33	33	85	53	93	-1	9	97	82	88	5	10	46	100	47	4	44	8	65	38	39	97	62	83	
90	21	83	33	72	66	48	48	17	13	93	62	21	40	36	57	8	41	42	63	5	12	74	62	38	47	89	46	93	99	23	10	12	58	52	24	62	47	38	58	49	69	34	14	30	80	53	26	55	60	17	15	76	27	89	41	1	69	61	100	63	11	53	81	44	9	83	96	15	83	87	76	4	57	75	64	64	77	51	13	13	69	-1	19	64	89	10	59	53	12	60	58	32	86	47	93	39	49	6	66	
36	31	37	64	37	88	20	49	49	11	34	83	60	21	12	76	22	42	23	80	75	66	54	95	15	95	96	3	21	41	4	30	9	6	11	88	26	20	88	92	48	19	25	89	2	99	52	87	39	65	2	5	15	77	77	65	36	92	81	38	58	15	9	17	90	36	43	40	97	4	43	15	17	40	24	32	68	83	38	96	49	20	89	-1	6	99	40	67	31	59	43	32	7	10	15	47	71	35	49	38	
59	97	91	86	3	96	22	44	36	49	25	43	52	95	34	22	18	93	63	21	98	93	79	43	45	1	2	99	12	8	6	8	38	67	83	72	47	66	46	32	82	65	25	85	11	34	34	83	30	16	6	54	82	57	64	16	77	80	14	29	67	22	33	64	97	42	63	47	84	18	26	74	6	28	68	76	4	97	46	18	89	53	9	36	-1	66	51	93	53	19	58	12	56	36	64	55	92	43	54	31	
1	49	24	39	24	35	15	16	78	36	96	61	12	100	15	64	53	10	83	96	58	42	7	100	22	60	2	97	42	45	95	67	52	27	1	66	8	22	97	86	73	86	88	3	52	90	42	7	46	20	10	100	45	46	64	3	17	91	81	13	39	90	18	68	66	38	40	49	20	43	38	7	30	71	3	60	64	80	2	62	79	33	31	65	57	-1	16	56	23	86	16	24	61	75	95	74	80	63	77	13	
30	21	61	31	25	37	86	60	88	74	46	24	97	64	68	91	83	77	32	7	14	93	100	99	59	78	31	4	96	21	48	73	51	14	68	31	34	70	32	76	7	79	19	99	1	68	79	77	79	22	61	70	78	26	78	87	97	79	27	14	96	30	92	47	86	37	45	86	45	89	49	25	69	47	28	79	40	81	98	57	7	84	64	24	1	52	-1	63	43	58	16	3	70	5	40	97	39	74	28	96	
9	81	41	84	50	95	14	16	45	32	5	62	11	92	50	57	77	82	33	6	71	93	59	34	100	97	81	50	70	55	32	84	39	20	96	62	11	31	19	92	72	7	37	83	28	86	54	47	34	37	43	68	84	20	49	88	26	98	42	52	35	96	93	62	8	85	72	10	77	30	8	51	96	51	56	12	43	46	22	66	26	97	15	81	9	22	98	-1	58	34	79	62	43	6	3	63	37	44	80	78	
33	95	73	91	14	50	26	28	10	36	54	91	35	9	44	65	20	14	79	53	60	68	27	35	34	3	11	93	46	40	61	73	42	25	6	17	57	25	78	39	76	32	64	65	34	7	5	28	97	47	71	100	98	66	16	71	13	91	20	73	12	47	100	39	54	72	79	6	15	9	2	63	19	66	58	84	98	1	60	98	70	37	78	57	34	34	65	39	-1	41	77	30	61	52	42	81	74	29	51	34	
13	81	87	78	90	18	86	86	92	24	2	37	81	32	87	44	81	59	99	42	55	54	82	42	86	2	36	40	99	66	86	17	32	2	66	62	33	98	17	31	68	59	15	45	42	22	14	82	68	15	22	30	27	59	69	50	80	61	61	61	86	37	86	71	21	87	86	65	23	19	98	4	97	48	39	74	97	82	8	66	13	38	18	31	79	41	82	19	42	-1	82	17	44	27	60	98	72	81	31	15	
13	14	20	41	19	99	55	70	33	14	96	79	37	82	53	39	28	54	56	73	78	82	8	97	5	70	84	18	28	80	91	14	10	76	9	43	23	30	3	96	78	16	57	11	72	45	44	57	18	85	34	11	89	70	8	52	73	10	8	18	11	54	42	38	46	34	72	38	92	14	72	70	50	44	97	62	73	75	18	45	79	24	50	71	77	19	9	66	62	36	-1	66	83	61	78	57	8	26	32	34	
45	34	82	35	3	67	95	87	74	50	48	40	34	76	7	78	9	71	9	92	80	70	84	2	8	50	29	60	34	70	34	62	25	61	67	84	35	35	82	76	99	37	76	30	85	85	26	75	26	26	23	65	33	3	14	33	34	14	88	34	90	46	91	94	16	45	70	6	3	36	76	15	31	40	6	34	84	3	24	64	65	1	83	23	25	59	70	51	12	57	73	-1	88	48	75	41	10	1	27	28	
10	70	76	96	69	80	26	60	23	49	36	66	82	82	18	79	90	49	13	15	19	38	79	68	53	34	55	6	99	44	45	52	96	92	34	81	5	97	62	56	55	92	78	100	68	13	32	36	12	96	20	34	10	56	16	31	18	78	4	63	89	86	4	53	55	26	45	96	32	15	18	87	83	83	35	98	39	3	31	18	22	14	58	100	71	83	33	56	62	96	52	76	-1	15	42	8	10	67	50	91	
53	34	5	57	80	14	92	97	16	50	11	35	25	15	16	46	34	55	86	28	4	22	38	81	60	54	44	26	76	5	75	67	52	34	23	43	1	13	47	34	61	98	38	60	24	8	8	24	47	89	37	67	75	26	46	86	85	89	1	24	39	33	38	21	81	65	34	76	16	3	38	4	99	87	63	26	25	76	93	80	70	42	61	44	5	25	60	46	41	77	96	72	55	-1	34	37	81	79	62	80	
16	31	97	83	6	44	60	46	49	66	17	32	14	18	89	21	57	98	59	42	23	37	17	61	1	51	21	67	23	39	74	83	27	84	66	29	28	33	70	55	77	60	20	19	14	28	48	61	33	65	98	22	92	33	14	5	10	25	61	17	7	41	84	43	34	52	71	17	70	85	76	75	26	91	64	37	80	24	4	70	95	15	27	55	13	12	48	83	61	43	79	33	10	17	-1	89	35	63	82	32	
50	16	78	43	29	40	74	53	34	61	14	59	79	41	33	97	90	94	44	70	91	53	74	59	65	54	55	56	83	7	92	56	60	98	38	46	22	36	99	17	19	55	93	17	68	26	32	78	73	23	15	76	74	14	26	4	49	80	90	59	87	91	32	11	3	96	83	66	68	20	56	37	63	11	11	21	25	6	71	98	11	8	34	68	86	36	6	46	87	77	52	79	92	1	27	-1	87	4	74	11	
90	65	38	74	24	31	26	70	24	19	5	5	42	37	70	29	51	94	79	64	7	10	47	15	74	89	63	1	30	74	12	10	16	81	32	17	12	81	10	91	22	61	11	29	22	49	11	80	44	75	71	10	28	71	80	48	8	10	95	18	80	26	38	90	9	34	12	17	89	35	93	82	78	44	44	40	69	2	84	54	69	19	100	33	16	91	42	66	84	4	19	9	66	30	29	41	-1	83	86	17	
45	36	45	17	38	68	99	24	38	76	84	25	73	90	25	58	21	60	51	87	75	79	94	86	75	7	20	11	81	54	44	18	42	93	85	76	9	10	42	68	27	90	40	51	75	44	73	34	66	79	59	14	33	81	48	47	57	80	56	58	72	45	57	57	52	19	29	77	25	21	97	94	46	16	81	28	89	43	52	46	95	79	17	70	50	13	82	52	93	53	28	28	71	25	56	69	19	-1	3	44	
76	11	68	1	19	5	85	7	70	27	6	65	51	74	92	23	57	23	75	53	52	63	17	86	27	49	30	13	90	27	52	91	80	71	84	1	24	50	82	19	76	88	58	24	34	69	39	36	54	3	44	32	59	81	53	10	10	68	75	49	24	96	3	29	11	33	52	57	55	30	87	76	89	26	2	22	45	85	100	13	89	61	32	68	89	97	36	6	48	70	12	26	3	13	12	74	40	76	-1	18	
6	62	65	99	98	43	79	75	26	2	29	78	65	42	52	94	52	18	33	27	76	95	24	70	54	27	39	26	38	51	70	10	95	88	42	42	34	77	40	28	84	55	79	34	72	73	54	27	56	94	11	82	51	86	14	17	85	64	2	53	66	81	97	61	20	44	23	70	62	55	89	82	89	18	13	51	38	58	61	66	96	62	59	75	20	37	80	96	18	42	66	90	57	80	66	11	18	8	98	-1	
