100
-1	13	84	44	55	47	25	18	24	83	82	74	19	85	39	73	37	68	84	59	20	58	23	65	26	12	12	20	34	30	29	85	72	1	86	8	75	9	45	24	44	17	66	14	20	80	52	82	18	79	23	51	62	29	57	7	57	26	50	78	2	34	89	57	8	76	52	42	17	18	43	74	23	64	72	64	53	25	73	28	68	40	18	2	74	31	29	52	43	56	15	65	22	21	41	16	82	21	50	32	
22	-1	83	15	77	26	15	52	63	95	47	73	21	88	72	93	97	66	37	42	70	81	14	29	70	24	29	19	9	39	97	97	97	62	40	15	56	77	3	3	79	26	35	88	84	66	70	85	86	44	10	36	39	47	85	63	43	74	58	21	36	41	72	16	49	17	44	29	18	11	67	32	52	62	96	79	21	74	7	41	51	89	3	76	93	76	97	94	74	37	29	42	40	72	17	11	40	35	80	69	
85	26	-1	52	24	14	22	67	37	88	40	58	21	38	17	60	85	43	22	13	48	45	85	90	67	23	70	80	62	46	63	19	73	60	64	14	42	1	64	36	78	89	44	8	30	61	80	16	87	84	55	78	59	42	26	8	47	92	89	19	66	83	26	58	79	30	58	12	94	45	42	54	82	44	17	85	15	98	34	95	30	94	68	72	78	11	4	44	90	44	75	59	90	27	12	53	14	65	28	15	
36	46	89	-1	57	26	21	16	20	68	63	70	15	59	68	41	82	26	70	30	18	68	53	90	75	19	91	49	11	39	48	14	66	97	68	69	78	9	4	45	17	98	63	50	81	77	46	37	4	45	98	89	68	50	12	83	5	79	81	33	36	5	11	4	82	20	8	81	69	32	93	96	62	52	74	72	92	21	52	10	11	47	75	1	29	63	61	89	69	44	74	95	21	60	6	45	18	25	60	67	
41	17	37	48	-1	72	58	3	4	34	50	94	30	79	26	12	22	23	95	92	66	60	30	79	8	50	12	29	2	39	81	21	65	63	86	66	35	78	25	60	52	51	20	28	22	23	20	55	12	31	99	42	20	42	31	66	77	94	66	60	59	16	95	16	88	26	55	93	75	14	99	48	55	48	51	90	30	72	12	79	98	56	86	97	80	54	89	9	43	86	21	96	88	63	24	39	16	47	30	15	
5	24	79	7	56	-1	17	88	37	54	57	63	93	81	26	96	31	30	77	88	78	53	13	69	47	45	97	34	48	32	66	21	74	17	25	38	74	72	9	6	35	73	83	79	71	97	63	34	26	2	98	22	11	90	88	99	74	41	80	3	66	58	14	24	100	90	9	94	83	51	97	6	37	97	66	10	86	82	5	27	20	51	78	1	7	69	15	62	86	5	12	22	48	16	80	33	68	54	39	78	
3	81	12	18	44	44	-1	93	52	10	80	88	35	28	87	20	44	37	47	85	67	9	57	100	92	52	99	39	38	33	27	56	98	2	17	11	36	70	27	24	12	83	35	37	11	82	68	33	80	99	16	18	20	17	97	61	56	29	39	32	22	5	14	71	39	13	53	73	12	49	42	96	74	74	94	63	2	29	43	33	20	60	4	88	23	96	17	83	42	35	100	14	66	7	71	73	100	34	51	67	
60	60	4	53	34	17	42	-1	76	84	3	12	11	48	52	6	24	71	24	92	97	82	86	17	6	73	75	42	53	89	31	12	56	90	34	51	42	69	82	67	1	61	15	94	32	65	3	60	21	21	16	52	71	25	34	32	47	47	97	22	16	95	30	36	90	41	49	5	24	30	35	25	60	66	25	31	99	45	77	100	88	92	11	79	18	62	95	19	70	84	77	65	1	49	29	62	10	78	32	7	
95	13	10	11	29	26	13	13	-1	93	10	2	35	64	96	95	74	58	98	17	23	63	41	99	69	62	95	23	68	50	28	27	53	94	62	38	23	44	30	72	57	33	60	39	41	43	74	35	29	46	12	85	60	41	37	63	27	16	54	3	96	66	47	26	26	65	66	15	91	96	25	8	59	80	6	14	98	77	97	47	15	51	64	41	13	5	89	54	14	65	93	63	95	6	83	37	28	65	53	72	
88	65	59	46	7	33	68	84	21	-1	76	29	31	30	81	58	66	72	18	67	2	92	45	56	94	85	40	17	16	77	54	69	3	18	60	4	26	4	69	14	42	99	37	94	67	20	46	43	5	27	97	46	56	43	35	99	52	50	63	88	3	18	63	100	71	24	45	93	73	11	4	57	42	52	86	81	88	54	5	14	100	7	85	55	13	37	20	91	61	17	29	65	18	11	5	13	32	20	39	89	
53	72	25	20	74	8	71	5	68	52	-1	84	75	29	8	15	56	83	60	96	75	73	79	79	75	65	4	59	21	82	20	87	84	56	87	97	35	92	95	64	42	72	89	88	11	98	97	42	68	96	89	94	12	12	100	80	10	65	28	50	42	9	77	92	95	16	72	91	19	50	13	92	65	76	27	60	81	17	80	84	75	94	83	54	1	62	48	24	54	16	41	42	82	38	79	47	37	87	67	84	
27	99	93	75	5	41	76	49	93	89	27	-1	74	21	71	60	62	54	8	91	93	24	40	81	70	49	91	18	67	82	32	27	96	27	22	44	90	59	73	73	14	31	53	83	78	11	34	18	35	99	68	5	24	59	31	41	14	2	21	89	61	3	3	65	18	35	73	6	73	45	98	2	20	92	15	28	80	81	7	78	8	5	23	29	48	31	75	1	27	41	17	89	93	30	63	77	50	76	99	91	
79	53	54	71	6	16	10	78	23	57	94	48	-1	46	51	58	44	51	37	34	28	69	46	29	87	18	22	94	47	33	53	48	78	25	90	63	71	53	53	6	52	76	97	86	56	64	97	51	2	77	36	22	8	71	10	11	53	48	32	59	79	83	15	100	53	18	1	64	51	49	69	71	72	63	52	85	45	44	16	84	51	95	84	66	47	42	100	45	27	21	78	34	96	19	21	35	2	19	17	41	
7	85	39	5	64	31	35	79	52	46	87	67	51	-1	97	61	78	2	30	64	81	87	62	3	15	75	38	75	97	50	83	70	29	59	98	15	41	57	20	20	2	62	35	38	46	89	30	48	85	89	90	63	34	47	58	44	10	44	11	93	31	89	23	17	50	47	31	30	41	15	59	78	71	80	87	42	64	30	35	80	61	35	18	63	83	56	83	35	80	87	47	4	11	50	39	12	99	27	33	91	
70	73	4	38	86	1	13	13	29	38	43	26	65	62	-1	51	19	10	34	1	38	31	40	30	79	14	99	22	2	28	46	59	23	56	37	30	26	95	68	70	14	17	81	43	81	5	8	65	84	58	5	5	77	52	90	51	34	81	6	25	28	2	1	10	52	96	81	74	61	99	48	17	50	99	31	11	33	34	62	47	68	39	93	39	66	16	83	10	66	50	76	19	96	99	76	89	28	48	82	60	
27	40	26	59	7	17	27	18	34	58	4	54	18	29	61	-1	74	88	77	9	80	14	95	53	37	37	48	43	41	3	6	20	71	65	16	42	72	44	75	15	20	65	30	30	17	95	4	11	39	80	73	21	9	62	18	49	66	11	61	26	54	11	61	15	47	14	37	84	39	6	75	73	7	65	18	91	45	5	36	41	53	79	54	82	81	75	25	43	87	7	67	36	19	30	68	50	53	74	65	100	
16	39	22	86	80	70	11	25	18	67	69	24	25	82	90	86	-1	26	92	15	57	99	40	40	34	5	51	85	18	77	38	75	85	72	45	16	41	41	77	39	54	55	74	72	35	22	49	64	3	79	65	23	45	99	54	5	40	87	7	35	79	30	29	22	93	11	64	93	28	78	45	20	55	52	100	83	88	1	62	7	94	50	27	19	64	3	58	3	22	78	77	70	61	49	63	84	26	44	15	50	
5	71	94	84	60	78	64	7	93	10	39	37	75	87	85	66	10	-1	86	83	57	72	70	85	10	32	93	20	16	41	28	94	21	38	55	5	81	16	77	62	45	39	88	55	81	46	83	91	28	46	81	93	38	30	90	36	75	92	47	73	54	81	54	13	36	89	58	89	38	61	64	35	99	10	63	15	55	59	34	13	37	42	43	77	68	27	10	72	13	16	50	57	54	12	91	25	57	62	33	14	
2	81	32	70	71	98	89	50	51	21	79	92	89	64	85	54	50	44	-1	75	56	76	77	3	1	84	48	83	29	14	31	88	81	99	89	77	63	24	31	43	20	81	93	31	15	44	89	79	4	68	17	37	89	12	23	62	64	64	26	77	33	2	34	54	85	8	45	38	91	57	4	60	13	37	20	41	51	31	61	84	68	58	70	19	85	69	2	70	30	94	70	30	61	12	21	88	46	85	64	27	
73	36	18	98	82	96	35	6	42	8	91	20	16	68	42	90	39	95	30	-1	68	47	90	56	41	14	38	2	5	48	6	16	33	9	88	9	5	2	48	57	58	10	100	97	96	79	66	63	89	19	67	30	47	24	85	44	79	67	39	98	42	4	27	87	48	7	9	85	54	13	66	93	4	23	32	97	12	14	32	47	97	10	63	59	60	64	25	85	91	77	35	60	95	85	88	86	7	24	27	86	
45	52	39	66	29	91	94	16	91	11	62	95	70	71	29	45	50	67	8	80	-1	94	79	86	18	15	28	9	73	51	91	2	59	61	78	37	57	88	40	40	78	14	17	36	95	35	74	3	20	82	58	12	17	83	85	44	94	78	59	63	32	31	53	58	21	83	84	14	62	77	70	24	79	20	8	82	54	29	36	99	16	80	92	99	72	59	51	29	21	53	41	32	26	68	33	87	88	46	52	40	
1	34	59	36	50	38	25	45	34	95	52	19	4	91	85	11	5	62	14	29	31	-1	64	87	53	13	62	31	77	84	75	100	65	9	5	33	91	61	88	99	15	81	18	62	5	25	19	82	42	31	39	85	29	96	90	47	11	63	48	59	21	33	21	99	56	48	6	27	40	50	45	90	2	60	21	83	96	88	30	22	67	19	15	25	11	55	72	96	36	5	70	74	69	30	25	54	96	92	98	90	
69	26	77	91	96	27	37	77	60	70	37	69	42	21	17	68	60	18	6	70	78	51	-1	17	11	10	41	51	64	83	6	81	45	93	97	78	49	71	54	5	87	69	26	55	56	38	45	18	96	89	63	11	33	68	100	13	82	65	64	54	85	64	73	62	96	92	14	93	44	81	100	6	30	91	39	50	37	13	19	25	69	48	7	31	14	85	74	25	48	48	40	47	74	35	99	53	92	14	59	97	
85	64	78	92	36	26	96	10	31	2	55	27	21	15	70	3	33	91	43	94	8	45	73	-1	33	77	8	39	48	91	39	54	20	3	39	88	58	80	74	26	88	83	25	52	80	38	68	71	83	4	97	100	68	10	38	42	73	9	11	68	36	67	43	88	14	98	42	14	41	51	35	89	88	3	18	31	51	12	53	72	22	5	95	57	70	83	9	93	50	3	84	51	60	100	7	89	92	27	25	96	
12	43	5	85	5	26	66	64	12	13	81	99	25	43	29	13	60	94	73	44	73	97	56	36	-1	58	53	69	52	21	8	52	58	92	2	49	82	27	48	99	79	81	27	92	85	23	83	23	86	11	91	74	80	41	82	65	26	50	62	6	79	63	92	75	79	36	16	29	15	100	30	34	19	7	81	94	30	5	88	17	14	99	70	24	57	11	50	36	43	29	79	95	72	31	84	22	56	41	47	38	
61	89	23	36	18	89	80	95	74	14	14	99	22	75	100	3	2	63	50	74	97	59	33	70	36	-1	68	58	9	9	46	41	73	32	89	11	15	94	61	43	67	88	87	77	9	22	32	100	51	45	100	97	65	81	79	63	9	47	3	77	64	74	96	54	56	40	82	3	5	52	67	30	82	85	52	94	31	10	33	95	44	84	19	95	47	79	2	21	78	53	27	1	100	75	11	52	81	37	40	70	
12	16	24	17	76	78	56	68	38	69	87	92	58	20	3	49	6	91	51	36	83	65	82	87	75	55	-1	18	13	71	74	96	44	34	65	24	89	85	84	8	3	44	73	74	75	65	93	29	54	44	4	19	83	91	5	40	82	66	79	50	93	82	45	70	22	9	65	30	41	45	90	39	64	87	76	81	4	37	11	64	2	75	28	41	78	5	27	94	66	98	31	82	94	1	8	41	23	99	30	14	
49	56	19	6	74	13	55	68	56	47	85	65	14	1	89	94	89	91	88	96	44	45	47	63	94	86	24	-1	46	67	75	33	26	34	19	30	20	21	56	74	8	14	29	96	48	69	69	68	62	89	48	83	85	83	97	51	49	52	52	28	76	63	61	98	16	91	64	20	86	54	94	48	41	74	20	97	16	11	43	65	100	33	40	78	94	79	25	51	35	69	55	90	16	54	29	1	12	65	89	89	
64	80	61	15	50	45	89	73	34	76	35	67	41	18	99	39	46	89	84	42	93	92	75	48	42	72	31	73	-1	83	74	56	37	37	39	32	29	28	78	35	83	85	65	41	48	88	87	53	4	22	32	76	41	100	13	32	43	17	81	71	96	4	84	63	4	50	96	35	67	39	73	25	86	50	37	5	66	90	28	30	11	57	52	20	52	8	68	6	55	97	6	33	40	24	74	37	65	34	10	81	
57	54	3	57	13	60	81	19	2	62	41	91	72	80	93	52	27	76	6	14	100	63	34	53	62	35	65	69	33	-1	46	73	28	14	85	91	94	65	8	79	59	88	69	35	62	1	11	24	52	77	37	86	66	62	51	10	79	70	32	88	21	20	65	65	51	8	21	65	100	10	77	45	50	12	42	1	68	81	89	8	56	96	98	44	43	60	88	76	12	27	20	23	48	14	64	67	6	57	22	5	
2	88	40	83	62	9	58	71	34	63	51	6	8	98	40	65	90	55	95	70	30	82	78	59	10	35	70	50	34	6	-1	87	32	30	43	61	28	20	40	65	58	82	4	84	5	8	52	19	8	81	7	43	92	30	4	91	62	59	39	36	19	21	15	61	77	75	86	91	76	61	17	86	85	34	64	5	17	100	46	94	77	30	48	37	32	93	47	55	15	87	21	6	64	36	64	91	21	29	67	79	
83	71	4	18	52	44	3	17	22	81	19	70	25	7	42	29	80	45	20	33	3	78	78	79	15	35	20	34	83	85	36	-1	24	2	20	21	64	40	66	88	17	25	25	33	90	79	22	28	70	84	64	82	1	32	20	78	80	88	51	5	54	31	97	17	87	79	59	72	69	72	19	88	56	57	93	34	70	11	14	80	29	90	9	19	8	13	66	57	56	29	34	25	22	45	22	68	51	25	87	12	
52	52	18	8	48	46	94	23	4	6	55	40	1	68	20	93	10	38	62	86	80	16	18	73	14	14	80	84	89	73	22	54	-1	6	93	17	54	90	17	51	52	22	27	80	21	75	21	88	29	2	44	61	79	15	85	49	29	19	41	60	28	1	89	27	62	31	53	31	38	8	85	35	29	64	14	95	6	90	42	19	99	21	46	44	78	14	66	29	60	29	70	12	69	74	32	50	52	34	71	72	
42	50	62	4	45	43	87	67	81	51	90	68	63	79	100	25	68	21	53	33	52	75	62	90	79	21	23	87	96	28	92	24	16	-1	91	25	29	81	79	7	96	36	45	81	39	68	27	47	18	33	71	34	92	75	34	84	40	62	45	45	50	49	36	78	63	13	92	5	93	69	67	53	19	29	57	27	84	15	21	34	34	64	88	23	16	58	54	16	84	65	7	6	31	20	55	100	2	94	41	66	
2	61	7	42	30	22	59	73	39	89	98	21	84	51	58	66	32	13	22	87	65	66	90	46	74	41	52	7	19	80	17	68	71	29	-1	45	4	62	79	78	86	88	96	30	81	46	56	82	66	48	35	34	32	66	83	71	66	39	60	72	25	87	6	52	28	68	65	95	86	79	38	71	63	32	96	96	29	27	44	63	60	24	46	95	99	33	69	82	25	67	13	67	60	18	34	75	29	9	12	13	
73	10	33	81	30	17	35	85	93	3	51	19	6	64	16	81	48	45	12	10	48	44	55	60	32	85	38	2	80	90	71	64	63	49	42	-1	9	74	8	43	92	13	14	12	62	31	24	70	43	84	78	39	71	85	79	64	51	99	26	88	72	84	59	58	87	3	90	7	14	76	86	41	86	6	32	37	61	48	44	52	6	58	76	48	2	14	93	98	45	3	83	93	18	73	45	45	27	45	23	8	
13	46	13	1	78	35	29	36	76	75	77	94	37	63	47	1	31	79	20	74	90	96	22	64	59	39	26	56	36	90	78	99	13	23	99	79	-1	17	41	41	22	58	15	57	11	9	38	67	35	77	78	82	59	73	4	85	87	76	39	63	66	9	85	41	99	44	71	39	55	95	75	72	79	80	72	37	9	2	67	41	90	49	9	46	75	23	37	71	44	5	56	65	8	79	50	70	95	59	18	40	
24	43	33	22	27	73	11	86	10	3	46	7	6	15	99	27	64	40	82	48	92	5	66	22	98	53	53	20	84	40	89	96	8	34	23	28	58	-1	94	23	82	91	40	80	38	26	98	65	27	19	35	68	15	87	60	78	44	72	48	75	11	94	55	100	78	73	47	66	20	27	22	60	95	84	50	24	39	36	78	90	25	20	56	2	74	25	80	55	85	54	20	7	63	25	63	93	78	80	35	25	
63	67	94	71	36	68	9	70	8	50	28	82	21	35	28	8	56	70	62	29	51	20	64	50	28	12	49	46	32	36	93	44	58	10	70	67	68	49	-1	32	31	83	89	12	14	91	52	83	14	21	21	65	57	97	65	84	83	22	29	21	90	28	7	90	76	63	24	69	16	5	81	80	22	62	44	81	48	99	42	92	65	69	51	31	90	58	6	25	34	65	50	42	58	2	75	66	20	12	49	31	
87	6	41	81	75	15	45	80	47	21	99	100	48	61	100	100	40	20	43	39	3	69	88	4	4	6	9	72	52	96	60	58	38	15	57	42	67	68	50	-1	76	32	17	69	94	96	55	44	33	83	18	68	85	7	50	22	84	51	8	33	97	29	75	34	71	60	24	76	7	17	23	65	94	21	63	84	35	20	44	63	82	56	100	20	28	5	89	42	22	76	56	23	72	50	76	87	85	34	73	4	
65	57	75	88	18	89	84	66	23	8	56	40	22	54	34	29	43	33	28	98	9	25	50	75	2	91	57	71	38	74	22	91	76	64	84	95	51	44	50	18	-1	33	28	80	97	53	6	32	41	43	8	16	52	66	65	71	36	98	44	73	6	90	19	39	14	7	24	46	60	93	55	18	99	13	57	6	52	1	63	95	93	52	25	94	94	1	96	49	75	13	74	48	15	94	69	48	1	35	8	53	
98	97	81	93	22	89	54	88	34	43	41	97	5	29	21	72	57	13	11	62	48	6	96	70	96	62	21	53	100	39	89	65	56	75	82	61	83	86	51	48	70	-1	86	84	35	16	79	78	92	8	58	97	72	31	46	99	59	75	57	34	39	42	80	25	38	87	94	43	92	70	47	29	40	62	60	65	53	56	77	94	93	85	85	70	21	16	73	85	36	21	39	25	40	85	17	83	28	79	15	11	
37	18	46	10	15	8	49	47	12	3	75	40	82	58	66	43	4	18	2	1	83	37	58	40	42	31	92	7	28	55	22	58	27	53	3	1	25	81	98	26	82	26	-1	31	69	97	40	60	87	92	6	54	4	53	97	16	57	75	45	14	22	88	81	54	25	48	85	11	79	85	57	75	91	93	77	75	40	9	11	56	2	79	100	60	32	94	43	9	12	57	3	1	63	29	19	43	7	63	11	1	
70	13	12	35	61	79	28	15	97	22	51	29	16	36	40	25	64	55	88	94	35	82	40	49	42	40	2	78	96	20	83	51	77	56	30	31	12	66	74	64	24	36	15	-1	48	54	19	22	56	28	18	16	78	52	100	74	89	52	35	70	71	80	47	36	6	17	26	90	66	21	57	92	42	18	19	25	100	67	96	22	74	93	61	43	99	86	70	79	30	60	100	63	57	44	56	28	20	81	39	17	
5	87	4	50	76	22	71	39	38	36	55	43	71	42	31	61	46	86	4	80	20	82	50	25	33	95	75	1	25	73	72	99	67	74	42	32	2	21	24	86	34	32	64	2	-1	78	35	71	25	69	95	61	89	45	43	100	67	14	6	48	84	57	77	99	64	97	74	57	78	62	46	11	98	15	27	7	75	3	76	59	1	76	17	19	37	4	46	32	42	77	44	31	29	91	54	33	76	99	72	48	
12	5	41	26	42	2	49	53	86	27	50	2	51	31	89	33	78	99	7	57	2	54	69	100	3	11	43	82	66	28	83	31	45	90	26	66	92	74	27	12	14	70	17	44	75	-1	84	69	79	14	75	19	87	3	100	5	44	28	10	92	87	71	5	16	39	10	47	2	92	86	100	12	85	25	28	83	89	47	86	15	10	38	15	20	34	5	95	37	69	14	88	98	18	64	1	42	14	23	12	76	
30	5	35	52	53	37	3	66	45	74	3	47	32	62	12	93	74	3	45	8	29	90	16	68	17	54	13	25	89	24	66	40	42	93	32	92	42	23	6	29	48	99	27	8	66	82	-1	97	99	47	30	43	62	94	36	7	18	54	20	32	25	8	69	29	59	82	69	31	3	98	7	19	77	38	3	12	6	12	81	11	44	97	55	76	32	50	20	16	13	31	77	67	99	32	1	60	44	12	87	95	
17	47	32	66	96	47	70	27	77	91	65	1	11	96	15	53	49	31	97	72	92	19	44	58	62	35	53	92	19	51	69	44	95	99	32	49	84	47	20	75	86	69	56	88	96	48	53	-1	73	37	87	77	42	43	18	42	96	90	10	5	68	84	54	76	28	60	13	57	69	49	39	8	9	56	96	99	100	40	94	80	62	84	85	50	35	95	59	63	65	92	30	97	69	20	43	4	76	28	93	44	
9	9	85	28	76	75	2	22	40	26	36	11	32	3	73	33	3	22	12	67	6	35	54	49	51	51	5	53	55	11	30	17	54	63	86	10	46	24	69	8	49	18	76	63	56	6	47	26	-1	69	15	40	54	55	79	49	73	77	11	92	90	11	50	62	52	99	52	7	19	79	46	60	95	78	93	80	24	98	59	87	80	29	67	39	55	63	49	41	96	51	14	52	25	20	81	44	80	46	65	11	
59	60	45	54	37	20	66	54	18	9	32	89	5	57	92	5	43	79	96	29	3	18	51	5	96	47	62	44	51	35	67	25	65	65	21	77	43	2	37	24	72	2	16	61	59	30	9	35	90	-1	75	68	1	94	30	26	32	84	48	23	83	35	51	34	11	83	25	35	8	9	33	15	60	16	8	67	99	87	71	50	87	8	42	5	57	25	10	88	79	69	2	47	91	53	82	88	96	23	33	7	
3	50	25	19	25	84	88	2	75	25	38	28	54	9	68	44	13	71	95	96	27	38	13	14	53	17	27	63	71	66	32	55	38	36	97	49	47	77	90	32	49	57	31	30	96	76	94	48	69	62	-1	88	19	88	77	43	69	1	86	23	70	30	32	95	25	37	53	10	14	54	71	21	98	62	54	59	25	70	30	88	78	5	76	6	75	43	12	41	79	84	46	49	98	60	73	86	88	4	10	99	
69	42	73	9	30	32	9	6	55	98	91	73	52	53	50	69	22	98	4	86	12	96	95	58	82	85	80	20	80	95	67	5	14	3	97	44	62	33	3	59	46	70	87	62	89	57	72	40	36	99	49	-1	76	93	51	90	42	66	61	82	9	98	47	40	43	25	97	57	3	50	51	29	51	98	72	14	94	62	45	13	55	95	85	14	99	9	43	7	68	74	72	75	86	97	78	60	38	27	12	6	
89	76	56	78	49	57	26	68	66	77	30	71	24	65	63	5	72	44	82	5	76	43	7	27	43	30	57	85	53	19	8	100	27	58	62	17	34	49	15	20	30	1	34	56	96	17	75	60	99	43	26	34	-1	51	84	16	74	27	11	1	17	93	45	5	63	68	68	75	37	89	41	59	7	29	94	3	37	66	36	24	56	7	9	53	92	13	58	16	88	43	50	76	53	34	98	92	90	86	76	6	
83	75	14	6	37	32	81	91	34	96	17	14	41	17	78	50	36	93	31	92	80	23	83	64	73	31	45	55	79	77	16	23	87	92	27	39	22	62	77	72	19	26	68	49	95	72	79	25	6	92	53	90	63	-1	18	72	96	40	9	67	47	64	98	43	38	97	47	84	8	41	67	94	100	51	69	42	97	6	73	67	98	94	58	84	60	53	72	79	83	76	67	18	53	50	61	14	47	53	53	65	
24	16	89	41	49	11	81	1	58	61	44	26	73	15	37	58	12	34	54	59	91	87	14	72	56	8	37	44	62	74	33	99	68	29	90	84	2	64	53	88	100	21	100	72	38	34	60	61	60	30	56	93	27	30	-1	97	40	71	20	51	77	11	73	16	21	18	73	90	22	63	27	21	88	87	14	13	78	93	40	57	85	82	64	93	92	19	85	73	83	16	96	23	49	70	78	5	16	83	8	34	
44	16	43	63	35	19	72	80	79	22	35	1	100	20	33	6	96	75	52	38	4	2	22	59	97	63	73	77	43	7	30	26	72	93	67	60	68	56	62	21	40	25	15	7	24	85	69	90	69	87	46	59	83	76	48	-1	26	80	66	94	83	74	99	6	21	17	78	10	3	11	31	90	47	19	19	58	96	52	49	72	70	8	63	8	49	17	84	30	14	54	68	28	81	93	65	5	71	92	67	73	
22	29	2	30	27	70	66	62	63	57	88	46	54	36	55	94	59	73	69	98	36	4	75	85	36	97	46	67	18	63	8	72	89	65	31	59	52	9	47	80	77	54	6	66	13	38	71	84	14	71	75	78	63	77	72	59	-1	54	89	47	100	23	1	97	11	49	7	76	25	39	10	91	16	81	75	75	10	39	93	63	74	45	35	10	4	55	45	100	67	51	57	71	84	77	27	47	50	90	24	63	
12	28	47	9	30	92	24	99	24	17	41	36	48	61	42	83	10	34	77	42	8	78	30	89	34	90	99	48	28	3	59	83	7	50	52	92	66	70	22	14	25	87	50	4	9	73	39	64	1	6	4	65	72	32	46	3	36	-1	34	32	77	14	89	36	55	99	26	51	54	87	10	32	88	33	12	21	5	82	38	23	62	20	7	50	55	65	13	28	48	76	34	38	95	21	91	56	73	16	35	34	
50	47	53	62	22	39	85	41	85	43	16	100	13	45	26	36	43	16	32	37	24	47	42	22	40	54	22	29	20	54	78	52	19	12	78	97	82	100	50	34	10	56	42	88	54	22	78	9	45	5	37	51	94	77	65	87	2	36	-1	73	50	16	45	50	18	87	43	6	36	34	17	41	13	62	68	61	19	55	4	69	77	56	100	53	53	60	29	36	25	88	42	41	52	49	93	68	35	89	15	96	
55	72	84	57	53	71	53	88	31	50	79	60	12	58	85	44	12	49	5	10	96	81	3	94	49	67	69	7	7	49	26	17	7	98	5	12	94	80	29	48	78	73	3	5	15	10	3	17	35	94	43	68	17	23	100	79	32	22	82	-1	64	30	67	58	45	59	70	54	51	100	85	41	4	60	90	36	48	9	93	12	81	78	53	48	13	36	29	69	13	6	94	12	63	29	95	16	63	19	50	69	
37	100	93	17	65	47	32	9	25	19	29	58	59	5	55	64	74	91	67	98	87	17	99	39	15	55	2	20	59	44	65	100	63	49	34	5	7	65	30	55	91	60	95	41	76	61	92	38	3	88	89	30	70	59	50	83	93	57	70	82	-1	99	65	75	93	72	96	47	40	85	9	14	78	30	76	83	15	100	69	57	88	7	90	59	27	1	36	25	63	88	9	64	62	52	62	35	97	73	20	20	
11	92	92	11	50	47	75	98	51	74	29	72	64	55	90	57	35	61	62	37	72	89	49	32	43	1	24	71	35	25	61	30	26	95	65	17	47	42	58	62	72	10	86	94	23	34	74	83	23	38	67	95	70	67	41	39	94	60	49	38	33	-1	81	19	27	45	71	96	24	48	66	52	80	27	2	63	80	25	29	92	13	47	95	23	42	89	59	80	27	71	25	88	24	49	85	59	84	16	35	29	
56	2	100	49	73	12	75	28	17	66	43	20	12	10	32	76	53	61	52	17	26	46	29	94	18	48	68	36	85	75	44	21	41	29	43	2	76	79	72	94	88	9	5	97	86	10	63	24	2	25	96	39	47	83	80	37	2	30	91	38	67	5	-1	61	39	32	17	56	22	72	99	66	52	51	24	35	87	64	25	69	75	60	87	60	87	45	29	25	96	97	31	65	10	12	15	23	28	87	90	22	
85	63	98	12	38	53	49	76	86	87	24	77	75	34	89	74	3	34	17	89	63	87	58	99	95	54	33	78	42	91	43	50	96	64	18	36	65	46	25	28	51	45	91	17	58	94	12	58	51	33	4	99	75	89	89	88	29	7	71	41	87	1	42	-1	36	49	6	56	2	59	9	32	84	65	44	34	29	95	43	71	87	61	50	27	60	79	81	34	85	45	69	60	73	75	67	53	35	75	71	32	
87	23	96	81	60	40	75	12	26	7	49	20	62	23	73	81	15	67	49	78	34	34	87	90	41	28	75	81	27	23	54	45	3	6	82	58	59	16	5	38	28	57	80	13	75	56	38	81	17	44	35	5	2	84	88	31	54	52	7	66	50	11	67	57	-1	73	66	16	17	14	62	24	77	30	85	4	11	73	5	65	90	89	25	21	70	50	44	50	76	23	59	81	19	61	82	70	74	26	10	8	
47	45	10	31	82	100	79	17	42	96	44	58	65	1	38	49	67	93	93	68	69	41	75	43	54	47	77	8	25	66	18	3	44	95	46	46	24	16	36	52	70	41	43	65	42	22	52	97	22	36	67	82	78	68	70	43	53	82	58	71	62	67	87	9	35	-1	100	28	1	30	23	67	71	31	60	34	86	17	2	86	40	68	78	2	84	18	7	27	92	37	66	23	32	20	16	20	35	22	85	67	
12	43	16	92	71	96	32	8	38	65	29	100	54	73	40	59	14	30	71	7	2	94	20	28	83	21	71	2	55	7	70	40	43	28	57	44	13	38	58	17	83	56	62	66	43	9	65	93	60	70	75	77	85	19	60	23	29	39	29	59	10	95	90	17	42	37	-1	50	66	23	37	98	77	70	4	74	69	83	47	58	25	62	18	12	57	49	6	89	54	24	71	65	1	37	30	14	32	38	74	8	
46	95	73	67	33	60	18	73	40	42	1	79	97	73	2	81	7	2	21	68	29	6	33	23	12	7	24	62	9	73	63	51	53	19	62	5	88	63	54	42	16	60	49	75	20	27	42	23	100	88	33	16	14	57	57	61	86	91	92	44	71	44	47	38	30	21	59	-1	9	74	9	55	5	52	37	76	23	27	77	73	17	51	11	14	10	43	83	98	37	33	23	20	67	34	60	91	38	33	20	54	
3	20	37	91	64	8	77	1	86	16	24	52	84	93	80	40	49	40	31	66	87	4	6	94	21	74	11	12	90	31	8	73	62	81	6	40	20	28	13	50	21	46	50	91	20	60	61	86	90	55	1	19	88	96	72	7	59	68	39	11	11	3	4	45	91	41	58	11	-1	87	97	11	45	7	37	21	18	92	10	27	69	49	6	40	38	24	52	21	86	88	79	98	47	56	5	94	37	17	44	80	
92	89	14	37	19	81	69	16	16	45	35	15	74	97	100	82	59	82	92	48	97	73	71	30	95	22	73	97	19	21	99	12	59	50	87	53	36	3	87	98	23	94	45	91	87	30	42	70	33	30	80	56	6	5	100	54	50	81	56	65	29	14	5	6	11	37	37	25	32	-1	24	95	49	25	32	58	57	64	34	99	32	2	38	93	2	19	29	87	5	29	40	77	47	76	93	95	34	30	62	63	
79	47	88	23	92	67	54	74	44	3	54	95	48	92	51	86	83	6	84	76	37	68	88	41	57	72	14	24	12	86	6	73	45	20	93	69	7	77	1	31	83	30	57	54	75	80	92	24	59	80	95	9	17	55	48	26	12	65	24	44	8	68	93	60	50	32	60	84	18	71	-1	53	87	40	46	1	25	23	2	51	85	90	52	18	56	29	97	89	95	56	75	92	71	7	20	86	86	50	32	40	
89	65	48	61	37	78	55	2	87	81	42	64	24	69	8	92	80	37	92	14	49	70	21	13	46	39	69	90	98	4	1	3	59	40	97	86	94	57	97	33	12	25	39	40	42	50	66	17	41	57	86	8	74	32	96	72	40	85	65	16	85	38	30	9	2	15	62	63	45	5	48	-1	58	1	76	86	59	17	27	15	19	60	86	80	91	93	84	61	44	17	10	42	53	13	39	42	11	86	10	35	
69	54	50	51	96	17	36	28	12	72	50	15	11	52	2	62	58	14	36	77	30	70	56	57	25	97	95	96	21	40	29	64	83	1	48	60	28	16	95	62	96	75	45	94	64	26	66	7	77	54	30	15	86	22	21	18	31	26	27	25	2	87	61	17	30	43	91	89	21	51	87	7	-1	46	38	62	83	8	88	22	41	62	39	72	10	91	21	47	84	15	66	53	29	15	15	36	13	73	11	3	
95	68	69	30	2	43	54	55	87	95	5	99	78	26	12	4	69	85	80	60	73	90	35	94	44	7	69	8	25	85	18	72	69	52	78	59	2	38	59	75	43	2	2	67	51	64	54	61	69	30	34	35	15	80	89	98	9	83	60	7	17	42	54	55	41	14	15	21	20	56	31	38	57	-1	65	36	88	48	5	95	83	22	11	87	28	35	12	31	50	70	6	88	51	65	63	90	2	73	86	43	
14	52	33	64	92	41	39	60	64	41	24	78	38	12	39	31	79	37	59	41	96	69	29	86	2	36	9	67	67	2	55	22	21	50	72	61	53	45	9	18	21	89	99	52	94	58	80	27	75	49	64	47	86	91	64	81	74	84	79	15	68	64	2	72	70	50	90	3	69	51	78	48	26	5	-1	18	84	87	81	26	22	22	18	44	50	98	88	78	93	62	79	82	32	55	67	62	78	5	7	42	
17	84	81	79	56	35	90	43	78	17	42	26	33	72	77	27	69	46	15	63	39	10	50	29	37	78	86	96	47	22	66	57	7	10	89	63	69	47	93	39	90	80	35	84	99	59	47	44	28	73	98	37	62	77	41	13	51	51	71	55	20	29	23	38	21	91	71	11	80	48	89	53	53	44	92	-1	31	88	36	98	68	99	22	99	69	34	73	16	62	80	89	4	80	28	19	94	94	56	71	57	
23	40	73	1	30	6	70	15	87	100	67	90	14	99	3	47	26	87	57	94	11	40	4	70	38	67	98	15	44	15	91	14	90	65	2	8	97	37	88	74	30	92	68	5	3	91	23	46	62	86	33	80	5	89	76	61	18	93	23	73	13	50	89	9	65	95	100	7	84	15	91	79	61	51	72	37	-1	62	12	22	99	21	86	26	66	95	33	12	1	68	59	67	46	33	22	43	83	87	3	81	
18	95	15	76	40	7	25	89	76	96	81	8	16	40	4	38	64	74	87	26	53	23	40	84	28	43	38	55	12	53	20	74	77	43	25	97	69	82	59	17	24	12	26	49	3	11	86	90	2	73	48	58	50	80	12	44	100	24	82	63	39	18	39	55	76	80	46	52	52	94	56	98	73	63	87	85	45	-1	85	74	86	32	33	50	82	60	90	44	65	97	95	51	37	50	63	82	89	90	33	89	
60	44	40	16	62	69	73	17	84	90	2	4	43	57	65	15	39	23	30	67	49	9	53	52	79	95	56	99	14	84	71	10	44	32	8	100	16	74	73	79	15	58	28	38	95	2	94	71	1	79	31	37	47	74	66	37	92	95	56	34	91	43	65	78	94	77	77	31	83	42	68	14	44	41	85	2	92	43	-1	12	57	73	39	54	75	90	22	40	71	40	42	47	93	93	68	68	72	97	43	84	
57	41	75	5	8	4	94	17	84	32	76	22	25	89	53	11	27	28	99	30	28	91	64	74	10	43	82	31	48	73	62	20	59	77	30	5	27	96	18	97	62	29	84	1	71	54	71	9	40	24	37	22	63	41	25	33	81	12	64	55	42	6	69	70	76	63	18	27	47	82	77	84	82	46	5	64	36	37	14	-1	9	47	22	26	85	73	22	92	48	28	90	5	76	3	80	38	10	76	51	69	
40	18	92	39	64	48	94	93	4	7	68	38	30	82	54	4	54	68	62	2	29	37	44	26	69	86	47	43	3	55	13	33	20	10	88	44	10	90	35	57	16	48	17	38	85	72	28	65	42	3	57	31	19	23	94	59	23	64	87	65	37	38	65	79	82	99	64	67	24	6	12	25	9	67	47	11	73	6	4	55	-1	36	42	99	87	40	59	40	28	61	16	17	83	29	44	11	31	50	71	15	
53	94	47	85	81	95	85	22	58	87	66	91	38	29	66	16	50	80	80	34	72	16	2	47	83	79	21	31	97	22	60	33	50	35	34	26	92	25	2	37	45	74	98	47	4	57	94	33	71	16	86	72	57	63	26	90	88	50	78	26	73	67	45	74	10	84	41	27	79	28	24	90	49	43	74	77	56	59	95	40	36	-1	12	33	38	61	15	5	27	53	27	50	74	42	32	83	29	53	69	79	
92	18	71	9	72	77	90	29	38	85	19	79	27	99	27	78	28	53	28	66	64	75	17	38	9	37	3	5	88	70	77	13	77	37	63	56	79	43	2	91	100	72	26	36	48	21	74	68	86	53	97	45	15	82	21	32	73	50	72	59	39	23	16	73	87	48	19	42	67	61	24	84	17	81	76	70	93	97	25	48	76	36	-1	90	63	50	9	63	90	28	53	40	1	68	74	88	82	4	55	96	
57	28	84	23	61	23	96	8	23	80	93	42	20	75	96	53	11	79	94	90	92	84	42	15	68	28	92	82	28	65	41	25	67	87	100	96	100	72	88	99	57	63	43	12	86	5	79	35	29	41	75	39	16	3	96	12	71	71	44	49	56	55	15	43	52	30	69	22	80	63	83	1	71	57	52	45	6	80	86	95	37	40	97	-1	73	36	56	52	19	3	49	40	58	9	4	37	62	35	14	50	
78	34	11	91	73	14	82	96	74	70	86	5	62	64	47	40	77	51	66	31	34	98	43	54	8	23	30	87	33	84	24	8	60	60	14	9	15	45	18	19	26	28	33	72	79	50	32	52	94	90	43	2	91	6	67	100	17	31	96	64	85	11	46	79	91	53	55	21	68	32	13	69	14	60	39	82	24	45	98	52	61	44	6	32	-1	70	87	39	60	29	24	13	22	81	77	66	67	84	98	94	
30	80	91	15	61	45	4	10	48	85	15	77	98	65	61	27	96	88	75	69	18	81	90	79	99	98	49	66	12	74	78	43	26	38	15	4	52	16	98	33	3	56	35	5	80	23	25	90	29	72	56	71	32	29	78	37	20	15	7	96	58	22	37	98	87	7	43	56	98	14	69	44	96	70	25	11	27	43	41	31	84	19	53	88	60	-1	56	66	47	65	57	80	39	84	11	47	99	74	54	56	
83	59	16	78	91	70	73	82	61	71	84	12	35	1	37	7	95	96	71	61	17	66	52	34	6	7	86	73	74	3	24	48	93	31	26	76	10	80	45	49	52	47	35	3	68	4	73	1	38	6	1	92	7	74	3	88	79	15	11	78	96	77	1	93	31	81	35	43	81	73	46	47	13	61	7	72	11	40	16	95	24	91	35	25	21	94	-1	87	99	69	96	9	19	87	86	76	7	35	79	59	
23	4	78	71	42	70	19	69	5	29	43	93	62	25	54	53	47	83	50	55	73	20	10	92	10	21	4	49	85	79	63	40	53	59	15	24	44	52	98	44	54	36	95	41	20	81	73	90	10	97	22	100	93	8	52	65	1	84	60	26	99	33	10	40	64	74	88	86	9	84	14	17	57	25	69	36	32	96	54	70	95	51	38	53	88	9	23	-1	92	96	81	70	52	69	71	31	83	85	94	89	
77	35	25	50	95	88	77	57	61	3	42	46	46	41	14	18	55	28	31	24	88	65	97	66	18	23	27	44	46	34	13	57	88	4	98	60	8	15	51	71	40	19	87	1	58	85	36	29	53	32	46	92	66	6	99	72	14	70	71	63	100	97	40	61	88	35	93	66	9	28	22	6	6	11	100	3	37	21	19	64	100	93	95	70	90	42	38	95	-1	12	62	38	81	70	18	68	50	84	65	97	
97	80	85	48	15	99	87	47	43	40	11	77	99	92	21	80	37	19	94	80	60	21	61	28	86	44	67	35	57	25	5	66	13	89	70	4	2	62	32	97	15	79	75	12	30	32	99	38	40	65	9	40	51	88	45	5	42	93	14	67	9	66	47	52	50	27	61	78	23	52	45	79	81	57	91	2	40	61	23	74	96	37	63	82	100	75	33	69	45	-1	50	55	67	49	72	92	39	75	15	64	
42	90	61	34	59	6	34	5	77	67	30	70	86	93	95	93	50	94	43	90	16	94	38	12	22	36	47	54	47	62	25	82	16	66	92	88	99	26	63	52	16	97	64	23	12	23	58	33	8	7	31	58	42	30	70	3	70	55	66	60	24	17	24	44	4	33	17	38	61	80	52	1	47	7	26	82	47	77	39	42	32	65	84	60	7	57	18	43	30	74	-1	50	75	18	89	64	40	90	61	89	
60	7	10	100	11	45	61	89	20	90	21	5	41	82	13	25	61	75	87	41	73	2	17	90	85	13	90	62	24	42	7	32	43	96	62	64	38	4	71	1	59	75	21	13	16	34	19	44	71	70	32	59	28	2	23	87	81	53	7	54	44	76	47	5	22	88	49	23	31	63	40	77	66	61	46	47	42	45	35	77	81	17	43	13	72	30	22	12	67	87	94	-1	67	7	25	8	85	5	7	23	
50	68	82	57	50	46	12	36	46	27	53	32	65	55	74	5	39	65	66	28	82	60	89	9	86	17	35	8	79	84	77	40	41	91	98	62	83	25	20	66	6	72	15	3	24	74	31	75	24	28	42	42	17	51	5	45	87	38	3	81	76	92	86	55	11	100	97	51	53	34	81	18	48	72	4	61	77	93	74	78	85	8	2	52	12	48	9	34	69	99	42	48	-1	35	8	22	29	72	58	52	
4	43	50	51	6	52	51	70	67	53	80	61	9	25	18	43	65	71	68	11	44	88	87	46	53	89	57	41	95	25	21	15	21	42	64	22	15	85	94	51	44	23	16	42	3	41	92	39	43	3	70	18	42	93	50	93	87	14	38	27	50	94	9	55	89	81	8	50	33	40	16	30	27	32	92	39	91	85	32	51	64	60	94	1	5	88	1	74	68	57	67	64	33	-1	94	3	86	49	65	62	
60	20	69	57	74	7	99	8	35	14	68	34	56	97	34	61	34	41	36	42	96	62	7	68	73	51	62	78	78	61	70	83	70	3	43	54	33	97	17	12	78	12	22	52	40	94	87	29	20	98	54	12	85	90	27	78	68	11	29	70	77	5	83	38	33	80	94	38	38	25	18	65	88	65	9	36	13	95	94	9	95	56	21	36	12	92	22	76	62	94	48	44	81	80	-1	65	7	38	53	11	
1	37	43	9	35	9	84	74	34	30	59	1	18	27	71	70	72	33	28	99	22	40	48	31	59	37	72	79	15	67	91	74	99	58	87	7	36	89	23	60	16	58	99	60	86	52	62	24	71	52	45	47	21	12	61	77	71	72	55	2	65	6	69	18	45	81	80	63	98	76	100	92	88	55	16	37	56	2	90	100	46	53	45	90	88	60	21	47	60	32	86	49	37	69	65	-1	72	86	98	99	
10	88	46	8	29	9	20	92	61	49	9	83	38	4	40	78	27	83	91	51	88	7	76	77	73	24	38	57	19	91	53	8	15	90	43	71	45	8	5	67	78	91	37	41	65	49	29	85	31	11	84	48	41	48	12	96	6	97	28	31	100	26	70	55	23	33	11	89	44	68	10	67	4	64	51	95	70	77	89	57	17	23	81	44	69	49	32	58	83	36	51	5	83	90	94	76	-1	85	88	91	
57	52	37	83	70	95	20	13	87	96	49	66	8	37	11	57	7	29	40	76	36	49	1	51	67	23	68	75	26	58	72	57	48	50	91	56	73	50	57	49	23	12	16	57	4	57	15	84	73	96	44	100	54	19	65	8	47	32	46	90	15	10	79	83	2	48	35	9	96	5	53	21	48	77	94	11	95	43	88	2	18	7	45	76	92	22	43	62	40	84	71	92	37	44	51	39	59	-1	74	32	
39	75	73	32	55	74	40	92	22	55	7	57	83	17	90	56	89	78	89	96	57	41	4	47	51	41	9	71	31	99	52	78	88	34	74	56	41	21	9	17	36	72	30	63	63	19	60	52	9	32	25	99	1	23	47	79	53	94	92	36	62	70	61	26	85	16	35	7	5	8	79	33	11	28	72	25	46	8	26	34	21	21	45	32	66	90	86	30	65	54	86	21	99	91	1	59	7	55	-1	89	
41	34	24	6	1	57	17	64	39	1	4	83	32	26	38	70	91	92	49	24	56	70	23	62	10	12	51	1	90	76	97	11	56	51	66	4	44	33	61	79	13	58	94	24	40	6	91	28	53	84	46	83	13	2	35	61	68	68	74	13	89	2	46	50	2	10	91	6	46	11	94	28	100	54	8	60	10	27	12	22	33	76	95	11	14	76	32	35	70	31	88	76	26	39	28	93	34	30	38	-1	
