100
-1	44	43	67	59	81	33	17	40	20	72	87	71	82	38	35	56	16	19	18	24	11	95	1	25	39	14	75	10	91	16	32	77	84	32	5	98	67	24	19	39	80	94	2	11	73	93	31	43	20	35	55	72	4	46	41	20	37	96	29	15	13	64	26	45	86	81	67	97	69	37	42	22	49	38	33	83	49	4	57	8	10	47	35	62	17	90	48	8	51	57	24	88	77	6	90	48	42	98	83	
50	-1	83	47	49	56	10	45	82	44	39	41	93	7	19	20	54	64	5	20	76	15	17	43	12	35	59	49	80	81	89	72	83	61	92	26	51	34	88	70	83	82	30	38	99	79	50	96	44	80	81	83	96	26	16	81	77	66	90	18	32	59	34	34	62	36	73	38	10	64	15	73	34	92	99	22	87	17	84	98	29	19	16	63	24	9	32	40	99	90	90	7	30	87	63	28	47	17	89	12	
69	74	-1	62	67	1	71	13	13	49	1	72	91	41	89	39	64	95	52	56	34	62	58	8	67	11	21	61	75	68	50	33	4	20	80	41	70	14	52	97	64	93	63	75	53	69	37	34	59	95	31	89	90	79	88	48	78	21	69	30	10	80	13	16	96	3	49	73	49	4	5	34	50	79	91	28	39	7	49	76	11	87	73	38	44	92	34	37	17	61	94	38	41	43	95	11	34	10	71	18	
77	31	3	-1	98	12	12	20	72	49	44	7	34	13	88	27	16	81	82	22	60	87	44	46	32	92	45	79	13	57	45	52	79	80	23	21	50	16	14	12	23	96	37	36	95	52	92	61	79	92	94	10	24	20	68	91	65	100	78	27	7	65	64	21	29	21	40	73	12	28	22	45	4	35	8	28	76	8	12	63	22	17	66	99	98	9	10	54	61	40	62	97	37	91	4	25	51	13	74	41	
64	36	25	16	-1	44	34	79	79	48	93	44	73	82	41	44	52	38	41	99	7	23	5	85	54	2	22	83	98	2	42	49	42	5	90	90	76	14	42	69	52	40	12	65	50	34	23	67	43	23	100	46	45	23	30	31	66	27	47	2	94	78	79	21	100	64	8	100	99	59	14	29	53	4	64	65	43	63	3	38	10	94	31	74	18	79	27	20	33	27	76	82	54	18	1	15	6	89	30	93	
7	99	18	45	84	-1	51	9	90	52	60	66	67	30	10	37	61	92	76	20	37	30	7	87	17	70	66	98	49	54	87	90	16	46	57	38	68	86	81	72	26	97	90	74	89	83	92	54	62	20	80	82	96	35	30	84	93	22	7	5	76	10	90	54	65	78	1	63	78	39	87	36	51	18	60	2	40	85	83	43	17	78	27	24	78	58	49	61	4	78	69	2	53	7	87	49	23	19	72	64	
23	22	17	45	15	6	-1	15	35	88	55	84	27	14	58	29	74	68	16	76	48	100	21	51	14	26	49	58	96	52	43	18	58	19	21	42	76	92	75	11	3	69	83	18	58	89	75	69	69	8	29	10	32	8	92	94	76	49	12	38	10	31	4	94	68	10	54	95	27	1	91	7	81	15	27	2	48	30	27	39	56	80	84	80	62	4	83	46	36	37	72	20	99	21	80	61	34	8	14	28	
97	10	39	40	90	58	16	-1	40	74	5	68	72	31	27	7	97	81	16	74	62	87	37	8	91	3	96	65	90	4	57	93	52	43	71	90	49	92	63	14	63	35	30	71	76	31	25	60	6	61	20	29	38	64	31	37	24	91	49	43	90	7	34	54	35	51	84	38	87	33	60	24	92	32	73	28	30	39	17	8	66	70	72	99	79	83	66	47	19	22	88	16	81	46	13	99	6	36	29	93	
9	33	78	84	2	87	51	50	-1	23	51	45	51	2	69	80	58	93	72	18	94	31	84	70	75	86	73	67	62	45	75	74	21	80	22	78	100	30	90	90	39	50	3	80	29	89	81	100	60	67	68	99	70	40	98	65	59	37	85	5	16	27	34	63	4	39	46	86	85	67	21	7	45	80	84	98	13	100	59	68	54	90	86	53	2	87	75	62	65	7	85	97	37	49	84	60	82	63	61	64	
19	98	22	63	41	89	85	35	85	-1	59	46	40	99	97	23	20	59	96	55	66	41	12	25	49	37	66	14	77	45	72	65	66	85	27	67	36	83	28	83	27	87	49	18	85	17	93	50	76	10	22	75	60	55	35	70	28	31	91	14	7	3	61	4	54	5	53	20	20	50	21	28	47	72	79	43	53	10	26	51	93	24	6	30	79	94	41	27	5	73	28	67	24	22	95	34	47	1	64	43	
90	40	33	19	93	59	12	54	45	67	-1	83	54	11	44	16	44	41	100	98	12	14	49	68	17	22	48	49	89	68	66	5	58	38	71	4	61	34	74	73	6	46	100	24	100	35	49	75	74	45	35	13	94	22	84	96	37	75	22	40	83	71	32	12	48	3	80	13	76	3	39	5	87	51	5	54	40	99	18	63	31	38	76	38	44	61	5	87	94	5	63	24	71	43	63	13	26	75	91	45	
27	30	19	81	46	75	30	49	38	9	4	-1	89	59	18	27	62	50	63	46	5	16	82	17	28	58	100	94	54	99	61	48	63	90	48	14	93	58	48	46	24	35	31	95	45	94	32	39	85	44	24	73	76	96	32	78	24	23	30	35	82	67	45	46	36	54	86	92	60	27	17	42	72	50	99	79	54	37	72	22	10	3	40	56	10	16	86	63	57	22	13	56	59	94	31	2	4	82	7	25	
90	21	73	94	89	47	11	19	57	15	86	98	-1	18	46	7	1	79	59	100	40	11	95	34	6	41	37	71	21	82	18	70	88	17	65	94	30	82	35	69	77	89	81	31	16	60	42	17	21	12	62	38	33	13	55	71	33	42	83	65	57	31	18	37	27	94	82	7	98	27	1	100	87	11	54	49	8	65	33	99	59	25	99	20	14	28	29	5	20	31	45	66	86	10	15	99	56	40	57	84	
1	49	77	68	18	35	10	97	93	65	41	7	69	-1	29	65	10	46	63	53	48	25	2	65	100	6	28	21	80	59	21	33	17	93	72	39	1	78	36	89	83	77	3	34	70	33	56	21	88	10	67	12	81	2	75	82	20	63	60	90	72	94	69	82	10	16	31	76	95	74	10	60	96	86	96	90	41	44	32	17	86	42	28	97	10	48	26	57	87	95	27	24	31	48	1	8	52	31	67	87	
74	88	46	50	38	29	63	99	10	58	34	39	84	94	-1	73	80	81	59	86	20	79	20	20	2	9	48	61	72	13	17	31	85	98	66	88	51	99	74	36	29	31	39	37	63	75	10	39	14	1	3	11	58	26	82	44	81	62	95	16	33	46	44	12	89	91	61	3	16	45	73	21	26	23	86	35	60	69	13	37	58	41	83	50	87	70	43	3	95	42	85	91	7	52	30	74	35	9	29	20	
56	62	94	60	80	73	32	48	94	59	52	15	52	11	40	-1	75	83	37	49	12	26	1	58	65	79	81	16	88	67	8	62	87	79	17	96	5	63	31	18	21	29	54	95	35	49	82	82	81	55	2	70	28	66	24	85	79	20	35	98	30	10	45	87	79	58	58	24	17	53	48	50	86	54	12	62	59	8	90	57	53	35	89	56	46	81	25	44	60	34	92	52	89	99	2	2	60	55	84	74	
96	76	40	40	34	20	71	57	27	5	71	49	34	49	2	52	-1	71	21	53	13	65	54	18	14	89	78	68	9	19	97	9	98	81	35	19	2	50	3	86	7	52	92	29	74	25	91	65	81	46	14	57	9	70	39	60	67	97	8	28	77	68	37	96	63	52	79	69	54	37	79	96	26	90	34	96	23	85	44	14	93	24	26	16	84	42	77	77	52	22	24	96	81	78	25	89	31	35	66	66	
18	60	17	19	44	32	70	40	21	27	89	69	18	29	43	41	25	-1	5	49	51	61	44	38	58	67	74	4	16	40	55	71	90	48	38	13	26	82	14	57	25	64	27	64	30	13	60	57	78	26	12	34	5	6	18	79	61	77	43	47	86	55	51	71	85	4	52	57	65	11	82	21	83	84	44	76	17	14	57	38	2	49	67	36	83	87	40	82	85	33	58	52	25	92	65	32	28	52	34	3	
72	25	14	76	78	80	67	18	94	81	2	72	56	91	70	23	41	19	-1	15	63	77	17	19	81	6	87	49	57	57	91	11	98	95	98	2	74	39	26	7	84	45	94	16	86	82	20	3	56	87	12	87	46	15	53	49	58	53	95	60	30	49	56	100	19	98	32	79	82	92	96	65	61	35	52	94	53	19	7	17	58	77	52	71	40	10	3	92	33	39	25	98	12	77	20	8	100	61	9	80	
76	67	67	32	97	74	4	70	88	7	94	78	82	15	52	28	24	38	93	-1	58	52	50	6	2	78	79	59	64	43	80	33	18	44	86	87	61	69	60	26	56	23	18	91	47	70	22	43	21	63	7	57	36	55	24	51	85	44	93	52	59	8	68	98	81	55	11	40	56	48	35	74	69	98	88	11	39	1	32	43	27	60	94	97	49	44	11	63	2	75	22	81	70	82	51	78	60	51	97	45	
16	66	97	92	33	30	86	6	62	40	98	22	58	31	37	18	70	85	49	65	-1	14	10	33	32	1	13	71	39	24	91	99	59	93	20	17	79	79	50	82	28	18	53	89	69	1	8	41	59	2	66	53	60	56	69	64	59	11	49	86	95	12	8	75	11	37	29	22	52	79	67	41	1	24	31	83	96	16	96	78	70	67	9	54	13	37	16	46	51	52	27	38	19	9	48	76	26	45	77	18	
16	15	31	64	84	63	26	50	99	76	46	85	61	13	60	70	36	9	92	79	75	-1	65	14	49	30	3	2	58	75	48	44	96	92	4	76	49	6	69	23	100	26	21	90	64	53	45	30	96	97	59	52	27	90	50	6	57	10	57	39	37	25	28	3	60	27	77	78	62	67	38	28	99	48	2	1	17	98	27	24	12	16	88	93	54	99	94	95	85	49	7	6	33	15	93	89	30	84	32	55	
97	3	87	48	58	54	44	98	10	88	10	5	46	32	99	26	56	39	78	30	100	100	-1	98	27	26	54	8	99	42	10	13	41	16	18	60	80	37	52	43	45	77	15	7	33	10	38	73	3	61	18	74	95	56	63	50	6	100	54	97	56	48	10	69	12	49	55	20	54	80	38	6	87	49	10	17	32	28	82	61	92	29	44	41	92	52	62	54	24	3	31	71	12	16	8	56	90	54	59	92	
21	79	28	45	7	21	74	65	19	45	96	24	70	21	65	31	95	8	5	43	8	16	69	-1	66	83	63	44	73	9	58	78	55	70	42	89	13	73	27	43	3	69	15	64	97	60	95	64	21	67	52	51	24	26	81	55	48	10	19	81	89	12	17	64	82	8	25	11	38	93	26	89	66	58	79	61	21	26	40	27	43	1	36	17	78	31	79	82	63	96	33	37	51	24	23	37	1	11	68	100	
87	24	78	56	55	19	94	77	12	17	81	44	56	83	20	71	61	82	87	10	23	73	2	78	-1	12	44	64	88	63	11	91	85	37	98	11	87	21	47	30	58	25	88	72	72	73	95	53	1	100	83	80	3	93	2	36	25	96	84	96	79	12	73	66	45	67	25	17	35	44	35	73	69	57	39	35	42	66	49	93	79	32	19	65	61	96	70	65	90	38	68	71	72	82	20	78	50	70	95	20	
16	26	65	25	61	47	51	89	52	61	80	53	100	32	49	84	23	81	93	31	97	46	65	77	36	-1	30	72	61	86	42	75	9	86	93	19	40	40	4	47	53	4	17	24	58	45	52	49	76	27	20	16	28	29	1	22	98	70	71	74	100	58	54	9	74	5	61	72	81	60	15	31	45	3	72	73	50	46	18	36	80	51	72	78	63	19	27	63	51	20	10	37	28	62	50	90	36	65	71	93	
67	71	73	84	48	89	63	52	19	91	28	5	66	40	58	11	60	23	19	93	86	24	10	29	92	78	-1	83	85	16	97	54	81	28	31	10	29	46	42	13	43	71	20	86	64	69	77	21	12	90	81	46	23	85	32	25	83	23	70	13	6	64	38	68	60	11	60	33	70	51	10	39	93	96	24	73	97	61	16	62	35	11	85	88	81	62	90	99	58	3	25	7	46	33	24	54	87	80	28	91	
23	79	40	80	7	65	17	77	37	6	11	73	3	58	50	28	4	63	50	65	74	91	48	38	72	40	63	-1	18	8	79	25	71	13	42	89	65	23	62	97	57	91	72	23	1	25	51	42	58	75	66	70	51	48	98	67	22	68	68	30	20	1	36	61	70	47	84	13	49	68	22	85	17	12	59	12	50	43	59	47	11	18	85	8	72	91	54	26	45	91	64	75	12	6	59	98	23	38	49	8	
9	35	99	17	99	31	96	10	53	28	32	38	95	74	27	26	33	39	30	57	6	44	10	80	100	22	9	85	-1	43	48	14	34	81	11	92	52	17	24	81	53	30	40	3	75	89	26	36	54	65	28	86	11	7	43	85	30	19	9	24	25	78	83	53	90	24	40	49	3	31	79	75	44	24	76	20	69	82	34	51	61	57	87	30	94	93	81	33	17	91	23	61	76	87	59	75	50	86	2	2	
35	2	29	75	92	4	19	16	54	1	71	82	50	21	71	14	96	47	96	34	64	29	85	29	76	70	38	85	16	-1	45	98	32	30	5	17	71	41	61	53	69	12	51	55	32	31	24	65	47	30	94	7	28	37	4	70	78	22	64	94	21	65	26	27	65	60	49	99	93	71	12	87	9	52	39	49	41	78	94	47	79	91	1	71	59	66	76	22	14	30	53	79	89	76	24	18	82	51	90	40	
63	2	65	92	14	30	50	90	14	8	80	59	47	65	41	62	67	20	35	74	87	100	88	87	92	99	45	21	75	78	-1	51	87	39	17	15	100	10	57	76	68	49	5	58	5	72	54	61	63	60	71	19	57	67	19	98	60	97	16	29	58	89	72	37	28	76	42	19	8	71	99	48	10	19	53	91	11	16	51	15	38	43	63	64	63	5	65	51	49	74	52	69	37	46	50	51	99	98	3	88	
3	59	38	71	24	88	75	36	7	33	96	64	60	18	3	59	45	96	28	58	55	22	63	49	64	56	48	46	77	56	29	-1	91	1	13	47	24	99	25	33	5	77	17	89	78	12	58	8	20	82	26	57	99	49	41	77	76	73	73	89	42	89	40	87	55	83	53	50	96	30	92	89	1	35	54	10	65	26	100	63	18	86	90	20	67	87	27	26	51	28	71	51	70	68	65	79	97	88	87	55	
46	93	91	8	52	27	3	62	44	43	42	22	49	93	100	68	94	34	12	77	93	51	1	28	98	29	51	11	24	84	35	93	-1	43	9	80	26	75	89	43	2	4	14	86	73	67	4	20	11	83	64	24	99	19	60	3	69	7	96	47	93	69	67	65	82	63	45	25	82	82	51	36	6	45	71	31	14	81	10	26	39	47	67	59	68	64	2	93	78	49	5	35	34	56	62	29	56	21	9	84	
86	68	11	25	2	69	23	8	71	94	68	10	1	5	75	77	60	25	54	6	75	79	73	96	53	28	20	95	40	74	58	19	80	-1	58	88	70	38	59	57	83	81	96	92	48	61	86	99	39	55	18	15	92	36	34	91	42	65	58	26	47	73	85	23	89	81	99	35	43	49	65	37	83	44	3	96	65	70	90	27	67	36	86	17	18	56	53	64	22	25	37	82	50	89	26	16	18	73	96	95	
68	25	84	8	72	36	88	20	67	38	92	27	55	88	62	20	65	16	49	6	78	27	54	98	50	66	43	61	30	12	76	8	85	72	-1	83	24	42	97	15	63	76	87	72	44	89	36	37	45	27	84	78	47	56	29	48	70	44	42	54	23	13	85	61	74	82	19	35	84	21	74	71	21	62	30	56	1	95	37	60	7	85	48	3	91	94	27	88	88	13	71	87	17	23	89	24	26	28	45	91	
33	33	49	1	18	78	99	5	98	91	54	66	15	35	48	24	20	38	27	62	78	16	93	7	100	12	89	67	19	77	20	8	93	70	8	-1	8	7	97	10	26	84	99	54	20	7	86	79	87	96	26	28	17	88	96	6	90	39	68	14	14	37	62	62	81	99	56	72	49	66	66	71	60	14	2	68	74	17	96	86	41	94	100	5	93	28	15	88	83	46	76	39	12	65	4	12	83	95	11	32	
43	6	20	37	62	24	19	5	71	73	43	5	45	63	95	67	83	4	12	9	43	49	86	67	2	74	97	98	58	38	92	86	63	28	9	85	-1	90	30	68	5	79	97	49	88	65	66	51	62	43	83	10	55	65	49	79	77	11	68	27	32	25	31	49	28	41	98	96	15	76	89	96	12	23	39	88	75	37	11	36	6	81	94	83	99	54	61	40	46	28	48	56	46	77	19	72	95	32	7	97	
75	30	4	19	41	51	47	46	57	78	51	86	82	95	60	86	36	53	77	47	90	97	37	98	95	13	92	43	23	80	12	40	36	97	92	17	10	-1	71	91	97	16	40	12	1	15	48	65	23	80	47	70	50	97	17	23	48	16	42	56	80	88	59	92	69	88	35	44	70	37	9	9	92	50	50	9	49	98	18	57	46	29	96	51	23	55	49	91	82	69	79	90	65	98	90	91	80	41	4	64	
54	15	56	64	67	44	44	55	94	25	45	77	91	36	63	84	48	87	8	15	96	66	77	19	80	100	64	49	81	92	8	4	82	4	22	13	6	38	-1	100	20	68	60	27	92	75	77	24	6	100	90	67	70	30	39	68	14	40	79	19	99	32	21	90	89	96	32	75	75	77	55	95	11	68	73	81	35	64	40	92	99	55	96	89	53	76	39	87	91	89	87	87	68	74	100	2	58	69	34	8	
98	60	8	92	48	88	34	54	64	7	41	55	94	52	5	31	62	74	72	79	75	6	48	25	81	61	16	1	63	46	11	37	58	55	62	53	32	57	53	-1	79	65	100	11	9	60	33	89	68	52	12	28	95	73	69	54	81	52	34	78	87	65	29	71	37	60	74	35	14	6	36	72	19	22	60	67	88	83	5	88	73	76	30	20	92	65	89	100	58	63	14	83	31	3	92	22	37	67	13	95	
24	58	83	72	52	42	45	49	71	26	72	13	2	76	80	75	37	79	7	19	17	22	3	77	50	29	5	76	61	8	84	4	67	57	24	36	86	64	37	49	-1	40	62	71	77	74	30	99	15	3	24	29	79	45	27	87	28	27	40	74	17	19	69	16	69	70	78	82	22	86	23	27	11	19	9	36	32	30	38	37	74	69	47	96	20	51	12	69	26	27	75	98	60	82	68	47	89	34	13	12	
48	40	76	22	66	74	97	4	98	33	98	95	77	92	12	48	50	66	100	96	77	49	54	12	30	76	49	39	13	66	95	72	11	27	81	84	32	10	70	75	30	-1	8	36	90	100	100	92	21	80	51	80	38	10	38	10	18	83	86	50	30	45	83	70	13	39	16	22	52	11	42	11	50	22	98	72	21	7	92	38	88	24	86	95	6	37	10	14	47	15	19	73	46	40	73	65	23	64	98	9	
14	63	19	52	59	36	76	84	99	14	81	15	47	68	74	25	100	26	88	22	63	21	8	82	89	76	67	77	86	57	94	84	10	30	40	37	68	37	34	86	90	88	-1	82	61	4	65	48	7	64	65	36	30	30	71	8	63	49	15	33	24	54	24	43	82	60	43	71	51	3	97	91	13	5	54	20	98	57	71	91	3	26	25	28	51	12	35	100	38	61	38	84	61	43	39	10	64	32	17	20	
61	98	19	56	66	3	88	58	90	72	49	48	12	98	67	41	72	69	54	55	18	77	49	40	61	69	47	19	88	46	57	4	43	44	13	92	4	30	18	37	11	48	61	-1	54	19	40	3	62	58	62	36	66	80	65	4	56	2	13	32	81	8	70	51	47	85	100	89	59	15	45	92	69	83	81	41	34	42	60	1	53	51	17	96	53	91	9	43	1	14	21	9	1	72	52	43	12	56	28	64	
3	52	20	13	73	69	2	58	3	24	15	45	78	77	59	16	91	83	73	93	82	65	38	4	6	19	25	60	36	31	19	54	62	57	79	35	78	82	5	20	34	5	11	42	-1	82	68	13	50	13	80	73	39	12	37	45	3	49	89	3	52	66	35	61	14	96	41	62	64	83	41	85	34	59	22	5	50	45	2	1	87	42	7	5	13	47	60	48	3	37	78	15	21	87	67	10	70	94	65	58	
65	65	14	34	14	29	34	34	79	58	37	13	19	95	75	49	3	14	70	61	36	3	47	10	88	27	39	90	80	96	31	1	49	71	9	12	74	25	1	84	30	50	73	67	42	-1	7	29	66	85	17	17	54	65	39	83	78	29	17	43	85	9	37	94	44	18	26	19	75	35	14	40	93	87	92	56	85	55	43	7	98	82	34	99	37	32	56	70	65	72	65	80	83	57	74	6	92	26	93	75	
48	85	89	30	76	53	61	12	54	92	54	43	74	11	46	52	49	39	94	53	30	96	88	65	69	28	22	48	91	78	9	90	85	48	33	15	100	21	12	8	21	59	17	97	67	72	-1	48	62	61	99	51	35	12	38	74	87	93	62	54	63	11	70	22	54	75	19	55	64	83	36	34	25	40	97	68	23	67	17	2	91	11	24	40	52	5	50	86	16	4	34	65	51	30	82	47	69	39	95	19	
8	56	92	63	90	58	50	30	43	16	54	48	14	2	98	76	64	12	40	61	2	51	57	76	81	82	78	45	15	27	81	80	39	31	41	6	71	23	65	20	33	1	74	67	16	2	72	-1	25	96	57	36	43	69	48	47	31	76	78	77	83	82	25	42	83	45	40	21	8	85	83	96	41	99	25	91	79	28	79	36	43	99	8	49	82	87	77	24	97	92	13	20	2	8	83	57	31	75	91	86	
60	22	50	61	26	11	78	3	11	22	33	80	15	86	53	81	73	6	12	44	98	77	33	99	17	5	51	1	21	72	48	50	91	56	36	17	95	32	91	95	99	22	29	69	77	64	60	50	-1	46	86	35	62	88	8	97	26	49	99	44	53	32	9	87	71	36	35	18	92	91	87	84	75	85	89	65	67	28	37	13	97	10	65	89	43	68	61	81	33	94	28	73	98	77	52	64	34	40	54	38	
81	50	95	25	98	50	2	70	9	52	1	45	46	44	93	14	51	41	30	41	71	23	7	56	56	87	96	56	42	86	17	37	86	65	4	26	45	89	13	8	33	63	49	38	44	69	97	18	54	-1	89	81	85	46	13	29	100	83	51	30	85	17	67	8	60	73	20	22	87	81	28	91	40	45	27	100	89	25	48	18	77	24	60	69	69	48	47	65	53	71	49	4	56	33	15	24	41	19	86	86	
88	88	75	75	92	58	4	70	79	3	50	7	95	32	23	46	97	22	86	31	55	15	20	33	90	19	1	36	90	96	96	63	25	38	7	57	58	20	11	68	70	87	18	24	76	60	38	57	90	31	-1	61	23	50	17	57	89	25	59	6	96	41	52	37	46	43	89	44	70	61	78	19	1	72	1	69	77	92	18	20	77	50	61	77	78	10	75	47	41	79	85	85	33	100	2	90	89	68	52	13	
25	92	58	61	65	79	88	27	87	79	91	45	75	94	82	17	15	11	97	31	52	86	52	99	90	34	64	23	42	78	22	15	78	41	78	57	57	1	14	91	81	5	98	79	13	59	83	34	95	58	25	-1	44	82	64	2	84	51	78	92	63	17	27	84	57	30	63	67	86	32	29	29	66	68	2	97	8	85	91	8	24	24	21	2	43	15	12	61	47	12	66	79	94	84	61	74	88	28	78	21	
85	38	3	38	99	34	7	14	12	43	24	21	54	56	37	43	76	100	78	78	72	18	97	85	26	13	98	15	63	28	6	40	13	23	78	65	43	45	82	10	28	69	4	38	69	87	75	33	14	48	26	53	-1	84	88	67	9	20	99	48	17	47	66	99	92	87	60	28	86	25	9	93	21	51	73	29	26	84	55	37	60	54	60	100	37	15	19	76	17	71	99	94	42	44	23	9	84	83	85	4	
64	14	12	34	47	67	58	42	78	24	50	25	80	47	71	32	8	100	22	52	47	20	64	75	7	29	90	16	57	64	24	78	85	18	88	3	60	81	57	39	66	20	68	2	20	6	73	30	88	88	17	55	72	-1	42	6	9	80	23	72	72	91	86	3	35	15	88	12	59	3	27	65	96	22	77	83	99	78	98	54	54	26	30	4	82	4	63	70	63	49	17	79	89	34	30	9	73	79	44	9	
29	54	29	70	5	26	43	85	18	20	48	99	12	86	87	28	23	54	35	23	89	90	44	41	83	69	100	22	77	84	88	42	7	27	35	88	74	13	37	69	50	83	3	51	64	55	95	76	71	40	68	29	51	98	-1	79	62	31	54	55	51	79	28	53	91	84	6	79	32	59	73	52	16	27	39	73	51	47	39	25	16	83	80	59	80	29	54	67	57	11	11	48	99	60	93	22	45	48	81	60	
41	100	44	55	77	41	31	19	65	19	96	29	61	49	31	2	33	23	58	100	86	1	69	55	98	82	81	45	70	23	43	28	84	17	23	91	52	52	5	95	91	82	71	28	98	91	53	9	99	10	34	69	21	43	24	-1	6	41	27	46	14	81	97	51	27	56	82	89	39	53	20	11	81	85	90	96	54	63	95	6	20	58	52	86	46	47	11	12	28	83	85	28	66	99	90	2	59	13	48	12	
24	69	1	98	44	97	13	23	11	37	83	57	30	47	58	77	41	22	48	100	67	40	70	93	73	94	54	64	45	43	13	10	9	35	87	58	45	77	1	88	73	43	74	8	23	33	57	52	3	57	89	97	60	57	72	52	-1	50	45	78	73	68	27	30	24	67	28	99	15	100	33	88	50	31	49	83	97	12	9	87	47	27	33	44	79	70	37	1	40	53	12	40	68	33	4	100	14	74	38	23	
96	48	99	57	54	75	4	64	97	97	65	42	46	74	80	80	94	18	16	12	10	80	96	93	95	71	78	1	60	49	67	16	67	89	9	40	96	37	99	96	87	69	19	92	25	19	5	69	90	43	23	45	38	33	80	86	64	-1	100	50	67	62	85	63	95	94	44	86	49	60	58	38	63	49	45	82	95	39	8	29	11	19	50	13	56	15	88	88	65	92	32	43	9	71	17	48	10	82	93	87	
80	49	22	1	9	33	28	63	86	6	61	47	74	36	94	70	81	91	66	25	44	99	68	45	91	28	18	60	15	38	71	59	13	21	80	17	50	61	83	61	52	88	40	67	26	70	24	10	40	96	90	6	34	4	100	40	20	25	-1	35	79	24	40	7	46	8	50	65	89	94	87	97	40	63	38	78	9	31	13	80	6	33	51	61	91	46	1	11	5	26	74	25	31	19	34	84	20	41	1	76	
66	22	71	83	61	2	28	54	6	53	65	25	93	80	96	19	53	58	52	6	11	16	39	84	18	79	38	11	14	4	90	26	42	40	47	41	39	69	17	81	33	25	94	44	3	13	23	43	39	13	54	84	59	50	7	47	91	52	70	-1	88	23	5	53	67	23	25	46	30	58	80	50	86	10	5	3	84	61	81	12	90	13	83	43	66	44	32	48	27	75	50	86	2	3	33	77	54	61	18	3	
67	58	67	24	31	38	90	69	78	54	14	26	87	47	76	23	96	22	86	20	39	9	49	48	1	39	94	40	88	14	89	59	91	12	43	25	52	92	41	36	53	31	94	86	3	58	64	33	9	45	17	36	44	41	93	51	90	10	42	100	-1	40	24	48	22	3	83	2	89	66	28	49	16	90	66	47	96	14	41	87	86	33	58	11	23	73	67	90	58	97	88	47	10	58	11	29	4	54	99	57	
74	89	47	73	29	65	65	19	48	39	73	13	62	85	68	69	3	99	92	48	74	73	78	95	33	64	1	70	88	93	49	68	59	16	60	3	58	73	96	36	54	34	1	78	77	5	79	80	10	69	67	7	35	95	75	20	63	52	36	6	59	-1	87	48	80	71	48	23	62	65	70	17	76	9	65	93	86	19	24	88	74	1	40	21	39	84	31	3	40	2	54	3	4	38	65	40	47	63	56	37	
37	72	1	86	62	67	37	53	38	44	99	18	69	20	4	92	17	35	36	51	86	47	51	99	66	51	43	66	79	3	61	49	18	44	2	50	65	98	96	70	96	11	10	25	63	31	96	35	75	98	58	98	74	78	23	31	91	90	96	93	98	14	-1	14	15	56	80	33	26	79	91	30	75	61	17	92	22	70	50	29	11	82	26	70	88	68	63	61	87	75	89	57	81	78	42	80	3	71	18	76	
17	7	89	67	8	66	94	5	20	52	44	82	94	43	7	68	89	11	54	29	31	50	46	13	91	70	45	31	62	79	60	10	91	37	26	6	26	37	10	2	87	23	38	16	71	89	33	71	38	70	58	69	8	44	35	13	70	78	76	42	83	96	83	-1	29	12	37	16	23	60	72	73	59	60	10	40	94	6	19	28	56	58	18	36	54	37	54	26	61	2	22	35	66	71	74	67	57	5	91	28	
35	86	98	90	39	30	21	46	57	7	99	23	58	6	16	32	43	51	38	63	84	92	33	78	62	37	58	60	76	89	4	86	66	61	74	38	35	85	16	72	81	63	92	19	2	65	40	14	26	29	89	96	66	10	33	13	63	9	62	46	19	45	22	98	-1	79	16	26	1	58	77	71	17	21	38	62	52	4	79	46	34	71	59	67	71	84	23	49	35	76	91	31	12	17	79	78	28	79	63	13	
63	49	51	6	39	38	42	36	94	3	88	75	63	55	73	97	10	38	20	34	93	82	32	78	19	51	65	21	91	9	58	59	12	100	78	97	44	99	29	76	57	95	93	81	95	58	84	65	35	19	23	46	87	37	27	45	91	68	99	45	88	58	2	84	3	-1	66	63	96	93	13	34	41	84	37	89	69	40	3	83	29	3	40	47	2	5	100	12	10	28	30	7	63	75	85	74	44	34	87	64	
8	33	95	66	91	24	37	68	28	31	87	70	75	45	40	36	26	55	75	40	11	98	97	47	72	60	56	99	59	99	32	44	51	34	2	47	83	66	66	15	25	52	49	26	25	27	80	27	67	96	40	70	58	100	14	99	79	71	12	43	50	99	93	16	94	14	-1	65	79	39	27	17	9	43	74	98	5	30	83	16	87	79	77	12	42	90	80	21	73	11	87	3	21	67	6	49	98	22	14	53	
42	16	2	6	26	84	22	53	14	74	50	55	44	39	30	82	76	11	76	45	43	10	13	49	90	27	23	73	97	33	94	14	23	34	18	40	2	31	41	75	30	40	72	65	55	72	75	47	33	25	5	39	77	31	33	81	88	14	95	29	49	41	34	31	26	14	6	-1	83	34	48	93	96	15	46	93	40	35	17	20	82	52	35	46	14	1	82	23	4	62	77	3	68	55	12	34	97	95	74	67	
92	18	14	62	91	36	71	93	25	64	61	56	33	22	11	89	3	41	51	43	25	36	62	93	70	69	92	45	47	91	68	73	11	4	95	54	5	42	63	55	95	83	10	29	52	38	20	20	97	12	74	4	65	83	83	85	68	18	76	40	54	81	10	64	11	42	34	55	-1	29	28	2	68	79	59	83	73	69	8	95	32	45	31	71	76	16	18	19	69	54	15	8	79	33	13	86	15	53	43	92	
79	92	62	65	56	32	56	16	5	17	20	34	21	87	36	10	9	77	33	13	35	11	70	48	42	73	47	7	44	52	80	79	84	29	28	62	11	64	99	93	65	75	3	2	19	50	29	43	12	53	68	43	81	80	90	4	25	70	52	57	97	53	83	52	91	17	55	38	65	-1	11	38	46	44	88	36	95	26	91	78	2	41	27	72	52	37	56	8	36	79	59	44	11	95	88	50	19	31	75	46	
65	49	99	60	59	88	51	4	10	81	17	38	4	43	52	41	12	36	28	51	48	46	21	81	87	94	44	37	72	98	60	53	20	1	77	34	28	59	58	73	41	25	1	97	11	52	91	45	31	17	7	11	64	48	35	37	24	21	69	58	48	30	72	37	41	91	20	34	69	78	-1	49	89	82	70	30	71	36	18	13	38	49	22	30	4	88	62	98	95	34	38	69	95	33	24	82	5	34	64	89	
59	42	81	1	72	91	28	25	1	44	46	93	79	70	93	89	43	40	87	73	80	25	11	37	56	1	28	39	41	69	31	11	1	27	59	70	88	94	51	90	94	77	28	16	45	98	79	35	71	25	73	1	66	73	41	92	7	34	10	62	10	84	42	60	49	17	90	79	51	13	58	-1	56	14	97	75	74	86	69	28	41	20	25	58	61	71	83	68	43	14	2	57	80	83	14	47	8	18	54	4	
97	48	74	75	11	90	79	53	30	32	83	96	6	23	41	31	42	23	93	32	25	1	56	79	28	48	59	67	48	88	64	50	99	16	96	92	69	44	46	44	57	91	45	38	87	71	90	36	4	29	8	12	28	86	92	2	15	34	86	30	32	64	21	32	34	66	67	74	63	27	40	53	-1	2	18	17	48	59	84	70	69	18	73	1	90	64	87	93	39	25	83	29	96	99	45	47	5	89	22	7	
21	56	48	52	4	18	41	32	20	31	11	95	82	93	19	70	48	42	43	25	26	81	18	19	61	82	63	80	83	97	21	68	32	62	85	50	41	32	4	55	55	27	27	28	6	44	8	53	43	90	95	31	14	48	68	84	60	4	39	42	56	26	73	66	84	57	69	90	27	13	28	48	21	-1	98	36	81	2	64	59	16	30	27	6	7	45	97	43	56	30	46	92	36	77	55	41	53	50	74	65	
40	12	69	11	41	57	89	39	81	10	16	36	57	71	30	36	97	77	41	30	96	79	11	70	14	14	69	58	77	76	1	96	20	30	83	64	61	73	95	63	6	58	41	16	11	28	2	41	62	91	67	97	30	83	92	46	44	55	91	74	18	42	17	82	30	74	79	40	100	79	9	60	79	30	-1	83	17	37	71	32	6	8	19	100	53	51	22	77	22	74	44	58	48	25	70	58	71	55	51	87	
9	85	24	10	18	44	25	61	74	69	66	4	6	60	81	44	89	51	79	41	33	72	72	9	16	8	10	90	4	57	59	44	46	42	92	71	46	89	69	72	28	34	53	25	49	26	80	38	70	55	8	49	100	18	56	57	63	12	92	59	52	17	44	97	76	26	39	51	51	86	64	15	33	92	10	-1	56	36	27	45	30	74	17	63	92	45	8	64	58	80	82	38	77	79	36	76	63	30	93	20	
71	2	60	75	99	24	3	47	20	62	33	52	13	59	63	4	19	51	90	84	39	7	60	48	41	46	88	77	5	56	31	65	7	93	9	49	7	46	59	50	61	51	66	33	15	93	75	61	33	94	25	56	72	29	20	24	10	40	3	87	53	10	60	68	26	50	90	52	28	17	52	1	81	24	60	8	-1	39	54	79	65	63	47	55	7	98	5	37	1	65	77	91	36	52	29	69	66	85	25	36	
6	25	76	70	57	74	24	33	13	66	68	22	83	64	41	73	50	37	75	14	18	10	2	78	39	13	24	72	26	99	96	65	84	71	32	38	41	88	27	88	39	12	70	92	56	45	4	88	21	45	92	61	20	40	54	39	27	60	56	22	90	73	9	75	78	42	43	74	51	32	38	37	63	72	41	4	24	-1	6	93	58	4	20	82	45	55	8	33	62	89	91	91	68	100	38	64	16	4	93	76	
67	81	69	20	79	17	42	72	40	99	74	91	21	7	5	56	70	35	89	67	23	33	39	79	92	69	79	27	18	26	81	79	2	68	57	65	64	85	99	67	83	61	62	10	100	21	42	63	72	15	20	81	73	18	19	12	75	13	76	24	59	63	41	9	97	84	37	29	51	35	91	74	45	61	9	59	98	28	-1	19	69	83	85	89	26	86	58	81	60	30	52	28	11	5	56	46	37	2	33	51	
93	88	26	5	54	6	52	48	5	37	58	66	81	39	3	47	47	14	87	81	73	4	6	59	66	63	97	11	7	68	27	23	100	67	99	38	42	79	94	31	44	16	64	16	52	36	62	98	87	23	90	56	79	4	34	23	71	29	30	93	48	42	13	5	91	65	18	57	91	6	11	69	100	55	18	79	48	75	97	-1	39	46	34	7	10	12	44	65	21	29	43	55	20	95	70	40	72	29	8	67	
43	92	96	67	30	62	86	11	71	43	50	42	58	56	11	30	58	26	31	32	88	41	97	23	27	64	35	96	88	46	1	46	44	85	57	61	75	41	25	57	84	61	90	67	30	10	70	7	21	80	73	100	42	2	31	40	27	47	45	37	78	94	36	78	19	54	34	98	20	50	36	86	45	64	92	82	60	27	76	33	-1	94	15	10	8	63	68	33	28	71	17	80	55	22	94	18	73	100	60	61	
82	4	56	67	15	62	66	14	29	72	23	75	29	46	46	82	99	20	23	43	100	16	57	48	45	23	57	1	25	61	10	48	57	92	91	46	48	12	87	50	89	80	7	29	67	21	5	61	80	73	48	14	87	29	28	25	8	10	23	55	83	47	56	29	67	39	51	86	44	83	93	90	81	27	18	48	71	34	96	15	100	-1	37	50	48	39	83	1	19	44	2	29	66	46	81	59	42	96	58	89	
45	13	34	30	92	91	43	20	62	53	45	40	48	43	89	97	62	26	57	60	70	61	8	38	68	72	89	61	90	27	85	88	69	85	98	22	79	9	49	42	10	76	51	100	96	61	24	86	93	73	40	1	50	31	95	6	80	67	39	49	41	49	79	92	12	45	18	67	39	28	24	7	19	94	92	16	92	45	67	44	87	88	-1	28	65	64	33	52	90	97	24	76	84	58	54	92	42	84	93	75	
47	91	44	5	31	95	41	47	9	2	21	29	55	46	3	20	3	14	17	31	100	5	27	47	12	79	2	66	5	75	88	92	85	25	25	83	59	93	42	37	10	92	19	15	36	80	34	29	11	70	97	99	51	99	40	14	48	31	92	30	41	55	72	98	18	56	38	43	66	53	40	22	27	92	4	17	62	55	48	70	98	34	30	-1	20	8	91	51	2	29	46	58	11	11	47	75	65	57	4	57	
92	52	63	33	69	49	32	44	22	5	82	70	100	15	72	72	84	73	77	99	53	94	21	2	19	62	50	78	36	62	85	56	31	45	23	71	22	7	74	46	70	30	21	8	18	26	50	50	96	5	1	45	47	99	82	33	58	78	54	85	96	1	80	16	80	74	85	55	62	77	80	20	95	63	84	90	29	76	34	30	95	61	23	1	-1	36	76	90	95	25	63	58	84	72	59	71	49	86	54	53	
77	49	16	41	8	18	63	95	100	81	16	55	42	71	55	84	67	79	70	5	32	4	90	46	15	29	91	71	42	54	1	40	77	42	23	84	59	22	11	94	5	57	78	41	23	4	33	74	95	44	36	20	63	70	22	82	9	42	5	93	17	75	24	80	87	50	42	35	93	45	85	73	27	86	6	20	81	71	3	2	25	40	74	57	5	-1	23	52	82	11	24	14	47	96	70	26	86	86	16	62	
17	61	79	60	4	72	3	89	20	23	100	64	21	48	83	29	5	50	21	99	10	25	63	81	10	8	14	72	55	11	25	85	50	57	45	69	7	37	49	58	69	99	78	12	37	41	60	92	89	22	77	79	11	39	22	42	27	17	40	20	33	18	72	58	58	7	87	74	54	1	7	26	23	19	18	3	36	72	4	31	96	85	98	68	11	57	-1	69	82	37	90	72	28	14	47	58	34	93	8	4	
1	98	66	66	48	42	40	87	57	20	25	18	91	9	2	78	7	23	42	49	28	47	65	89	44	40	26	55	19	76	60	52	2	37	18	57	24	82	14	46	55	7	3	79	63	18	43	69	59	40	7	14	88	99	80	95	78	41	2	46	24	25	35	17	23	92	98	17	98	63	1	78	5	32	31	74	83	38	46	16	20	68	20	51	79	28	80	-1	55	36	88	12	20	73	89	37	1	74	28	66	
26	63	78	28	24	41	42	54	28	100	53	52	87	79	33	65	29	96	74	45	21	85	5	8	40	39	53	77	100	23	91	2	35	86	41	60	80	97	3	2	41	36	78	73	73	87	73	18	20	47	5	23	69	22	99	30	75	33	31	100	35	36	83	38	37	47	41	66	37	64	30	91	88	98	63	88	55	56	78	2	35	84	57	33	65	70	24	74	-1	4	83	37	90	17	39	79	61	31	71	63	
48	39	63	83	27	13	31	55	83	72	59	51	67	62	4	30	33	68	77	19	52	44	26	17	31	48	87	11	76	26	93	58	14	92	77	42	64	10	29	31	12	57	99	11	75	30	50	92	13	60	59	68	95	55	9	53	15	17	29	54	75	37	93	5	42	85	50	67	48	36	31	37	32	61	72	96	47	7	7	7	2	13	25	7	60	36	60	51	29	-1	10	8	70	6	85	100	90	10	73	18	
34	5	66	85	18	35	29	34	89	87	68	5	7	32	57	74	21	83	91	52	25	38	99	96	66	65	66	81	24	71	30	50	4	20	6	20	14	52	97	42	22	54	30	90	88	38	45	7	40	60	6	100	50	74	79	94	34	3	83	84	86	77	88	73	15	28	8	39	70	49	24	7	79	94	17	82	47	26	56	78	49	66	30	64	66	69	75	96	82	62	-1	80	5	90	16	4	44	24	19	65	
63	24	96	27	6	24	37	92	12	10	2	23	45	13	71	62	52	13	63	63	61	30	96	11	49	47	16	90	13	4	35	41	82	17	66	77	42	38	100	59	24	39	43	41	56	42	89	4	49	31	63	46	70	51	18	97	95	65	72	85	26	41	69	43	6	22	35	75	47	15	23	99	74	92	65	56	17	34	29	96	82	24	47	16	73	31	91	73	76	20	50	-1	50	91	9	5	84	19	42	47	
8	81	100	61	32	94	95	52	76	70	31	79	59	92	64	93	91	73	39	1	45	27	21	52	4	42	22	43	51	83	12	17	21	1	21	28	81	65	71	55	34	47	63	86	49	98	51	54	12	42	28	82	25	100	38	83	56	77	50	70	73	72	70	99	17	54	87	50	51	75	75	99	50	74	36	16	97	96	89	81	10	9	96	27	2	23	12	50	5	87	11	64	-1	85	41	83	47	58	52	56	
80	13	90	97	12	67	41	44	15	44	94	47	32	74	1	29	12	72	37	47	67	44	93	3	83	96	19	51	86	93	36	70	22	84	92	92	22	58	31	94	92	1	13	19	33	83	2	89	33	70	93	16	80	21	74	41	8	90	13	5	76	96	37	83	95	19	4	76	61	14	57	6	67	89	16	75	14	75	29	58	74	37	55	49	74	71	74	89	39	90	79	79	48	-1	35	19	69	13	83	95	
5	1	52	26	20	20	35	79	77	41	42	25	66	2	92	64	20	69	27	30	59	63	93	13	36	72	97	39	47	2	80	12	27	45	15	38	56	78	8	23	23	14	5	58	59	74	92	71	91	25	40	40	47	22	6	60	5	50	63	48	21	79	17	79	26	70	100	90	50	95	16	47	39	7	4	96	96	34	100	76	32	33	55	67	97	6	74	7	12	55	5	58	42	80	-1	51	100	50	88	31	
72	54	37	42	27	55	62	70	68	21	10	57	20	6	91	39	96	33	96	16	87	54	99	14	13	12	61	37	24	15	79	51	6	36	61	42	20	98	25	96	94	94	82	75	22	76	65	17	13	67	92	93	43	55	93	78	82	82	62	76	74	2	30	1	4	12	42	13	88	92	42	61	56	87	53	73	50	40	92	4	29	88	46	72	99	8	55	38	28	16	78	75	90	53	95	-1	40	41	15	46	
63	82	60	98	70	36	92	13	79	44	93	12	9	16	2	29	63	19	3	71	62	44	95	58	83	89	50	32	53	21	23	51	100	19	64	48	51	37	13	100	95	29	95	33	60	75	98	34	11	84	29	30	73	17	17	70	20	62	99	34	15	76	69	95	78	69	55	50	55	95	6	43	94	68	38	2	44	69	49	73	10	17	11	92	84	63	27	34	81	81	46	1	59	67	98	32	-1	24	11	25	
30	94	7	76	57	95	42	50	100	74	54	5	78	88	18	100	85	2	90	53	58	2	99	97	65	77	13	68	70	4	70	59	53	33	96	73	8	52	38	87	47	85	83	4	1	48	67	51	40	56	39	40	69	60	7	94	61	48	98	61	71	58	44	75	19	32	83	98	18	61	88	6	99	2	71	97	78	71	57	82	95	30	41	78	80	7	81	76	66	76	99	32	82	4	84	26	32	-1	70	10	
72	92	95	8	29	12	76	90	83	100	73	88	44	20	3	92	44	59	34	38	46	89	59	22	57	70	95	79	96	63	88	91	89	58	66	19	9	49	48	45	80	12	81	74	21	88	8	13	63	26	38	73	78	75	14	2	59	92	30	99	70	58	14	26	3	96	57	56	3	8	50	99	51	46	27	41	61	46	36	23	6	21	27	94	7	75	52	64	12	52	42	91	58	27	35	81	40	38	-1	65	
67	61	23	1	12	44	50	52	60	47	8	3	98	28	67	12	85	1	8	7	2	71	78	46	83	46	55	27	82	50	71	85	9	69	31	50	72	55	96	40	44	26	56	51	15	67	14	81	79	60	61	35	99	72	17	24	44	12	58	27	16	60	100	62	17	41	40	64	28	28	71	42	88	75	48	38	40	10	92	63	83	20	63	53	36	67	34	68	89	34	27	27	68	14	17	75	39	31	25	-1	
