100
-1	7	83	15	41	32	99	86	40	60	88	68	16	61	27	6	49	81	2	56	82	71	36	33	56	23	28	93	50	41	89	31	6	89	32	49	77	86	18	84	23	20	88	60	73	60	80	8	92	89	82	86	7	70	30	70	48	9	52	87	7	94	46	29	34	28	60	1	36	91	10	46	92	23	77	81	5	80	7	84	52	54	17	62	45	3	65	6	66	83	17	20	84	31	29	8	31	57	96	7	
64	-1	23	10	67	21	46	56	26	21	16	8	64	53	53	3	28	26	15	92	69	51	48	3	14	81	37	10	16	45	96	31	51	66	97	58	6	17	20	20	71	49	41	92	14	58	53	60	44	92	25	12	87	79	97	51	68	22	71	2	2	88	92	85	1	98	69	78	93	59	2	89	8	73	3	78	33	4	15	73	18	44	62	67	85	65	18	64	34	14	66	100	12	80	49	70	41	36	72	35	
51	28	-1	39	47	45	92	85	30	81	91	19	53	75	1	26	15	53	91	50	6	8	19	29	72	91	40	29	31	67	8	42	77	72	76	36	39	6	63	83	28	53	59	72	73	21	69	24	56	52	75	30	69	74	19	73	3	52	29	81	3	32	97	27	22	48	22	88	72	95	94	67	25	47	52	38	99	77	6	40	100	3	10	77	42	28	47	22	84	69	39	84	18	26	4	41	40	31	60	80	
15	68	77	-1	6	20	86	81	71	29	16	25	63	73	60	52	44	4	15	59	3	23	88	2	68	37	99	53	15	10	13	16	56	95	61	96	23	26	31	95	80	19	24	90	89	7	81	65	98	67	97	94	52	69	15	18	57	79	77	16	47	57	78	87	83	4	95	83	36	30	36	82	72	19	3	53	57	16	17	12	4	4	51	14	14	17	24	90	100	28	38	57	13	79	14	73	50	26	36	25	
9	100	94	94	-1	68	47	3	17	44	58	51	31	13	78	70	65	37	39	22	60	33	97	73	87	27	58	73	78	40	78	70	63	83	48	93	91	23	74	26	76	2	69	5	92	38	86	28	48	48	88	13	2	19	21	57	12	78	54	4	42	26	99	95	89	34	31	21	1	7	73	55	72	22	27	62	4	11	14	51	83	12	59	69	97	11	36	48	14	97	2	57	72	3	93	93	19	13	84	99	
87	52	39	54	2	-1	40	26	2	11	91	84	9	42	1	24	57	60	84	3	85	69	17	82	81	85	24	93	94	16	49	19	77	86	48	32	3	50	61	37	73	92	59	71	92	52	94	71	15	13	7	80	56	39	21	86	57	93	1	90	12	2	41	97	9	66	40	41	98	87	69	73	91	69	54	52	71	58	79	29	10	42	72	18	97	35	23	87	63	52	1	72	10	15	62	17	9	71	30	80	
51	3	83	28	100	92	-1	9	26	66	61	17	41	75	8	58	62	96	24	15	99	13	13	16	87	96	80	95	27	63	40	14	60	22	40	32	73	80	18	8	89	44	11	44	60	40	39	37	22	53	27	66	17	86	6	96	16	97	77	61	88	18	59	44	18	55	95	87	57	39	11	30	70	91	80	67	48	6	67	42	65	20	16	48	10	22	57	46	94	91	70	24	35	22	74	90	56	42	84	93	
42	90	62	11	15	74	30	-1	71	52	1	92	93	23	98	83	40	96	96	63	65	58	1	78	19	84	18	38	23	1	23	42	98	31	71	9	8	79	73	67	80	57	22	21	65	21	65	39	67	70	54	28	7	67	67	6	90	95	20	43	29	9	55	59	61	76	91	86	73	99	88	60	21	29	95	59	27	46	22	54	52	5	99	88	16	77	46	46	23	73	7	12	57	65	76	77	82	6	23	66	
13	81	32	93	2	11	82	54	-1	6	47	82	42	36	84	39	50	61	40	40	74	7	1	87	11	10	48	8	57	67	60	73	25	57	24	67	2	36	59	9	50	51	98	39	44	27	3	10	28	38	37	70	90	45	40	68	70	16	98	21	47	93	22	11	75	28	52	38	79	7	74	66	99	2	41	39	52	8	2	84	64	26	7	72	42	75	61	26	58	29	84	33	83	19	57	40	63	39	58	38	
67	74	66	11	88	22	72	8	42	-1	3	34	30	79	70	18	67	1	9	16	66	47	23	69	46	53	70	4	63	11	58	53	77	64	42	26	66	7	100	53	88	45	45	94	50	24	65	71	85	24	36	33	62	13	98	45	10	64	49	83	14	5	80	85	80	52	14	87	22	82	15	74	38	46	6	59	9	25	68	53	12	55	20	85	83	99	47	33	24	9	98	90	60	70	53	27	56	35	75	63	
63	10	36	50	98	49	33	47	44	4	-1	26	88	42	90	92	59	2	55	82	12	4	4	33	34	33	34	23	10	92	71	80	77	77	90	22	62	55	46	11	56	49	94	8	21	61	12	65	83	17	63	10	26	46	49	80	70	65	60	51	98	59	67	26	66	48	92	26	81	19	45	36	62	57	27	74	31	28	59	54	66	2	12	59	11	62	95	68	63	52	86	96	16	47	86	17	41	96	54	19	
43	73	77	74	19	33	39	11	86	22	17	-1	84	59	51	25	83	68	48	52	35	20	58	78	35	79	59	45	96	62	1	54	2	44	21	60	36	25	36	66	91	55	73	63	86	94	2	64	91	56	48	78	97	97	43	45	43	3	79	80	84	65	15	34	31	9	48	60	36	60	61	19	15	97	56	25	65	80	18	23	86	64	54	54	70	94	67	31	10	29	75	11	36	99	50	42	17	57	56	70	
99	74	70	44	75	100	63	87	69	4	94	39	-1	26	7	10	44	16	88	27	15	24	23	31	13	89	23	87	100	33	69	26	98	88	37	54	87	15	48	2	48	49	30	96	80	59	65	4	68	2	66	9	47	27	56	11	16	46	73	4	94	70	51	90	71	8	92	69	32	73	54	97	65	65	71	51	18	58	10	13	65	70	64	74	81	84	81	31	34	92	34	14	82	49	77	65	75	38	64	75	
69	80	89	52	78	55	77	87	97	87	11	55	60	-1	1	27	11	38	53	20	87	36	78	65	26	58	77	11	45	76	63	84	92	21	18	90	23	83	24	51	64	96	1	95	36	34	86	78	74	10	82	24	59	74	70	70	50	18	55	11	44	63	42	100	44	83	100	83	47	92	91	70	6	97	77	86	10	81	22	49	53	29	11	33	75	55	1	2	60	32	7	35	20	44	44	100	15	84	25	63	
10	41	42	56	37	86	50	5	79	21	12	57	67	90	-1	99	88	12	77	49	20	31	3	12	63	87	14	77	89	93	92	49	79	45	81	9	44	49	84	81	63	93	60	33	57	99	31	66	88	28	50	98	32	34	70	74	5	35	55	20	78	62	43	90	13	5	21	65	78	31	14	85	36	54	20	72	53	71	22	57	25	33	75	39	55	75	42	90	3	6	33	98	27	75	44	18	72	88	21	86	
15	69	10	3	92	77	14	22	90	30	72	40	92	49	72	-1	5	84	25	35	80	88	91	69	38	37	78	5	29	60	76	61	91	90	84	30	35	32	94	38	15	63	60	56	70	72	86	81	100	95	20	29	19	25	62	3	13	23	56	72	44	10	100	40	73	51	29	79	68	48	17	76	26	72	41	60	100	41	94	61	39	4	96	11	8	1	39	31	98	46	54	26	6	12	39	44	99	87	86	61	
46	26	78	32	67	33	21	30	65	44	47	25	74	44	85	70	-1	39	36	62	96	46	72	55	55	84	57	55	11	78	69	9	16	43	48	53	61	64	75	44	24	98	12	32	6	66	90	55	67	59	75	83	36	49	55	66	78	38	58	27	70	21	9	13	20	48	25	38	40	74	65	58	64	18	9	49	22	87	27	38	60	8	60	2	33	38	86	69	25	47	61	47	29	21	36	77	88	84	29	41	
33	72	56	71	74	38	96	18	77	8	54	67	49	16	93	39	28	-1	89	70	7	86	20	37	23	24	38	17	19	69	89	93	54	56	32	6	28	88	58	87	35	33	82	79	68	4	36	6	58	80	48	58	19	62	20	19	47	70	43	68	82	83	95	12	53	77	38	89	3	5	5	69	20	64	65	90	6	27	78	90	44	3	68	42	83	21	36	70	27	40	12	18	46	54	59	43	59	19	83	89	
1	92	28	47	1	39	19	88	42	96	46	65	91	27	48	99	38	99	-1	12	78	83	58	31	1	87	6	97	68	78	24	99	32	99	90	34	59	94	6	51	48	2	17	32	79	48	38	54	7	24	39	51	63	87	36	57	4	17	70	44	1	31	54	57	92	67	75	88	4	59	37	7	26	80	75	83	77	76	42	62	69	77	50	77	2	27	38	57	84	76	43	61	50	23	22	74	57	43	27	77	
42	76	24	72	55	66	17	7	62	22	95	25	86	69	80	44	38	72	80	-1	5	83	72	29	35	81	5	100	33	85	30	25	82	62	38	42	73	14	18	1	1	66	41	43	67	12	37	45	57	39	72	33	45	52	45	100	43	92	44	71	99	86	95	90	38	79	87	57	11	59	59	13	89	86	47	53	51	78	47	1	15	2	97	22	34	83	35	64	48	11	58	80	71	80	76	43	38	5	17	83	
93	90	77	82	14	8	63	4	17	24	100	68	39	86	93	23	32	53	79	96	-1	11	20	46	20	62	61	72	42	34	45	66	24	36	88	91	36	45	51	28	37	79	39	97	73	44	43	94	64	42	45	47	50	44	1	56	5	52	7	47	47	1	34	24	38	59	9	23	43	9	60	100	8	23	50	36	13	32	90	46	96	41	23	9	4	54	33	51	99	32	5	33	24	36	68	98	68	63	23	24	
70	91	41	50	60	41	1	47	88	63	2	47	57	44	28	31	83	69	17	45	28	-1	35	52	62	39	62	36	39	41	16	76	46	91	30	29	98	59	38	81	60	98	90	15	8	65	76	79	83	43	11	20	33	94	64	58	94	65	28	89	53	74	97	59	37	48	27	89	80	19	21	21	5	51	89	98	57	33	36	40	95	11	21	34	92	59	100	78	93	7	2	43	91	3	55	76	14	54	70	76	
16	77	8	97	40	86	23	10	1	89	61	20	33	17	2	83	48	69	26	9	51	74	-1	79	2	53	48	85	44	23	21	38	42	39	89	52	66	63	16	17	39	70	13	99	74	28	95	44	16	10	21	7	33	29	49	79	7	23	20	20	18	45	36	36	3	31	31	19	59	29	57	50	69	3	8	1	98	8	14	31	44	34	70	6	1	17	46	75	85	1	13	99	7	61	89	91	68	25	67	81	
20	98	93	63	13	56	63	27	5	37	14	68	39	29	22	68	81	40	19	3	65	67	9	-1	3	21	45	66	20	40	1	76	81	41	26	12	48	42	70	50	83	14	7	38	19	38	81	67	73	54	55	58	86	98	85	73	19	58	42	100	66	83	92	95	8	55	1	69	92	93	31	33	38	25	46	32	39	68	63	18	12	7	16	20	37	32	67	97	81	90	97	51	30	58	40	12	86	41	47	62	
3	92	76	92	47	82	78	10	5	53	28	39	82	8	45	68	95	47	42	84	18	99	49	54	-1	68	20	75	3	50	24	16	53	18	33	25	27	96	42	95	25	52	14	78	50	18	6	29	36	57	80	52	64	44	79	5	15	27	17	72	96	72	3	28	7	25	68	47	25	81	72	53	33	9	94	99	54	1	56	51	22	7	62	90	83	11	5	39	4	11	94	58	2	38	94	67	64	7	7	92	
59	43	16	40	26	55	37	22	9	47	62	97	35	24	89	1	42	74	94	22	66	50	90	75	27	-1	33	53	86	95	1	64	58	57	26	67	81	63	67	80	31	93	51	36	18	47	40	86	71	61	66	41	26	13	29	5	78	21	87	85	31	9	39	39	27	99	81	56	58	77	77	86	57	35	77	71	62	70	81	32	42	44	59	54	51	97	59	67	75	93	40	69	88	23	40	30	33	16	69	100	
92	69	4	47	14	87	34	38	77	20	28	43	69	86	68	86	69	1	6	1	86	70	100	65	67	47	-1	80	63	51	98	21	21	36	76	29	51	65	52	70	18	11	44	56	92	55	100	77	99	44	15	94	58	15	98	86	78	18	37	96	62	12	79	14	89	73	73	55	15	54	20	72	70	8	99	27	46	54	51	83	36	12	65	40	51	82	11	22	23	83	15	44	73	26	88	95	51	82	35	75	
82	77	1	37	66	80	41	93	69	1	57	22	50	5	80	84	87	23	94	9	92	44	71	43	42	88	37	-1	85	68	17	45	8	57	43	24	100	54	39	98	35	85	48	90	33	71	19	24	85	2	86	87	87	26	40	3	30	72	6	90	16	75	21	16	27	7	74	5	74	63	62	98	53	15	27	44	1	10	18	64	99	60	7	18	3	71	83	41	4	100	36	98	55	20	42	72	67	24	15	47	
7	64	87	40	74	6	22	61	49	87	99	42	72	54	34	62	78	26	44	18	86	16	54	34	14	32	91	33	-1	49	68	54	72	58	41	23	98	46	67	61	42	42	3	88	96	69	71	64	89	75	28	1	73	19	15	80	90	11	46	46	27	21	88	96	22	27	91	79	6	11	69	60	35	52	65	15	71	85	91	43	81	27	27	57	48	9	46	86	42	3	14	50	81	86	63	63	26	51	17	89	
77	98	8	16	48	22	97	34	47	34	91	1	11	14	54	84	53	45	87	61	22	25	96	79	29	73	1	25	32	-1	14	39	27	54	66	80	71	69	73	100	75	43	24	10	48	3	51	82	87	1	13	81	39	14	15	65	6	5	1	3	100	8	68	54	64	87	57	6	86	9	32	17	93	45	52	80	46	69	62	61	100	76	21	96	37	21	53	72	5	82	79	100	58	42	39	1	31	62	7	69	
38	98	32	72	75	75	74	30	2	40	80	58	92	98	32	29	92	32	60	78	81	99	6	84	46	73	98	100	66	64	-1	45	13	17	54	48	98	47	62	33	47	75	1	77	78	31	58	71	71	50	27	100	89	38	6	7	40	100	98	55	48	36	89	55	79	65	13	97	9	28	2	66	15	39	88	32	75	50	14	13	10	13	66	40	91	49	13	98	50	31	97	90	88	5	61	44	98	4	97	98	
96	70	59	100	47	49	25	66	48	79	96	99	95	92	100	89	48	80	73	82	57	73	70	96	72	5	80	77	2	8	85	-1	84	60	93	5	52	81	77	24	38	37	84	37	89	33	50	67	98	66	1	74	56	30	37	37	5	32	32	45	45	12	28	36	91	15	13	43	30	88	11	12	85	31	27	5	98	64	69	85	24	99	10	72	7	71	51	5	20	45	50	61	93	15	35	35	30	20	82	50	
65	29	19	43	15	61	38	39	39	85	40	67	66	79	9	94	76	71	27	99	54	98	87	68	92	55	83	50	54	44	12	6	-1	13	62	21	83	11	39	43	49	7	58	7	73	61	12	29	38	34	19	58	67	94	24	3	10	71	76	3	37	86	1	55	23	55	6	49	89	62	17	4	45	95	38	62	19	25	20	65	2	38	65	50	9	33	33	59	67	14	47	47	35	27	53	88	88	27	9	56	
5	67	32	12	76	14	42	81	72	41	34	83	59	3	55	96	9	39	83	45	54	64	31	47	10	52	36	57	23	56	48	4	58	-1	95	60	91	94	5	16	84	89	69	99	10	13	2	61	68	38	87	38	51	92	54	89	51	40	6	64	76	50	95	90	42	66	25	23	33	51	27	31	47	10	15	34	6	39	35	49	91	26	58	44	35	70	75	72	55	94	12	99	51	98	51	68	35	95	78	23	
26	74	33	55	22	63	16	7	31	19	85	17	99	47	75	59	19	13	40	32	72	60	99	49	60	31	93	76	57	2	45	71	58	88	-1	35	53	81	96	59	94	45	99	33	89	14	34	70	83	89	84	20	9	64	45	3	92	45	17	9	100	42	27	95	91	49	26	64	48	77	9	62	20	72	100	14	15	70	38	45	62	67	82	80	44	72	43	99	26	80	91	46	92	28	65	68	20	19	86	45	
25	76	89	25	84	69	10	53	9	21	33	14	54	3	74	71	68	93	100	40	59	36	94	77	94	77	98	79	69	21	72	93	30	63	9	-1	85	99	22	21	34	15	98	73	25	94	51	65	39	77	65	85	17	37	52	38	29	80	64	60	17	99	37	58	13	41	71	97	22	19	88	60	31	99	84	71	7	31	58	99	13	60	82	82	27	94	66	99	23	49	77	4	45	76	16	86	68	94	15	33	
51	82	20	93	43	63	45	91	92	56	8	52	23	100	46	99	78	69	81	29	34	98	91	6	100	50	43	69	79	51	58	48	69	100	4	86	-1	56	62	28	49	55	5	49	72	81	9	15	95	81	47	33	48	31	14	92	90	25	81	96	23	90	42	14	64	7	31	58	44	19	53	61	17	8	27	61	42	62	96	60	16	24	59	54	75	37	85	87	71	73	3	89	100	100	86	78	51	6	77	64	
7	99	51	56	14	9	48	24	51	27	28	65	28	68	45	44	71	1	55	92	83	36	2	100	56	70	32	61	2	81	54	8	54	93	32	41	21	-1	19	6	14	87	100	1	1	84	49	61	72	64	95	1	80	12	13	2	7	50	15	91	57	97	89	52	68	62	48	68	92	66	41	85	44	46	88	7	18	19	42	36	64	54	50	22	29	95	76	9	89	75	75	35	73	68	58	9	94	52	41	60	
2	97	53	44	56	24	63	67	83	63	64	81	53	41	51	19	76	27	75	73	18	32	48	65	1	30	23	40	65	6	40	3	77	86	3	55	23	20	-1	82	92	12	58	70	48	67	96	45	14	69	54	95	21	37	86	20	75	81	92	96	38	25	16	64	17	6	52	52	70	90	3	29	95	69	69	25	6	3	28	97	97	73	6	67	94	20	44	3	88	38	10	63	10	86	8	61	91	98	73	100	
82	59	81	43	43	67	48	69	30	51	81	34	16	66	5	93	75	6	13	34	89	38	28	13	68	56	45	36	100	3	43	50	66	72	62	25	36	36	99	-1	45	8	73	35	41	77	78	53	81	60	31	36	73	24	38	78	81	76	79	90	85	53	27	11	83	38	31	58	26	66	53	46	42	9	59	42	22	22	87	74	16	21	36	94	35	68	6	44	5	7	27	48	91	84	88	77	54	63	74	17	
95	58	47	100	83	76	67	21	8	51	87	50	90	47	87	3	97	21	63	61	65	76	76	23	31	91	88	96	24	48	36	26	100	91	92	23	36	65	52	62	-1	87	54	84	76	34	65	53	51	54	48	39	22	18	80	31	22	73	65	10	9	60	45	84	38	68	45	13	1	47	45	70	59	72	89	40	71	52	84	2	61	63	8	52	35	24	25	94	59	72	27	85	13	7	18	52	45	16	61	87	
35	26	95	41	41	99	7	94	4	26	90	67	59	3	21	100	64	50	29	38	80	44	24	99	18	49	8	7	43	51	2	33	48	29	39	84	75	95	53	34	99	-1	41	81	46	75	11	68	97	92	9	24	64	70	94	64	11	92	73	70	45	95	41	100	90	18	89	45	53	63	9	34	100	67	92	33	69	74	83	92	74	89	48	48	6	17	18	20	37	89	12	37	30	35	8	12	48	7	10	94	
32	43	49	50	44	6	81	32	34	24	34	97	6	9	60	55	34	45	35	22	69	83	5	48	26	33	98	21	42	96	99	45	35	92	82	98	70	30	16	12	3	100	-1	40	15	91	29	76	77	79	14	90	32	87	100	97	27	93	98	47	75	56	89	44	67	79	22	28	36	30	44	46	16	3	8	35	75	72	77	1	88	4	19	82	6	83	86	7	38	60	6	52	14	94	74	71	6	12	49	69	
50	24	4	63	33	93	62	40	65	5	69	15	42	75	97	72	91	98	6	96	26	17	69	65	43	35	58	78	93	14	89	6	88	68	18	62	94	35	75	38	67	34	40	-1	69	38	55	48	76	67	58	47	99	82	57	38	93	25	50	7	5	61	98	97	1	57	63	82	48	11	84	99	31	95	47	11	59	85	4	80	97	74	100	15	57	2	73	66	36	85	16	63	69	96	6	98	74	61	87	11	
100	41	64	53	83	88	84	90	87	6	18	69	67	45	17	68	86	35	51	41	20	46	98	99	21	89	84	20	33	32	6	42	71	51	31	99	11	46	65	5	58	33	57	26	-1	7	75	75	51	41	36	49	23	22	20	8	99	94	12	74	27	77	31	62	63	21	53	41	95	27	66	31	4	59	42	77	100	61	24	32	96	19	73	53	8	85	19	74	6	88	50	18	19	62	45	53	14	81	71	14	
70	62	39	96	87	76	58	38	80	32	9	86	55	59	59	17	27	35	48	41	46	46	29	54	99	69	22	21	91	95	74	34	28	9	18	97	73	41	48	96	83	81	9	59	63	-1	70	17	60	50	92	6	67	33	21	92	24	77	38	75	24	41	44	41	90	69	15	81	19	71	91	57	7	4	88	68	82	82	39	51	65	47	33	53	62	68	36	20	99	59	96	42	73	66	16	64	28	1	85	38	
60	41	6	39	92	70	96	87	70	54	91	42	18	27	26	82	80	3	56	11	51	26	96	90	55	52	42	80	33	67	50	93	2	95	69	100	69	44	1	65	25	8	26	81	66	34	-1	62	40	31	78	89	72	80	61	81	48	44	8	91	36	22	12	63	76	44	32	41	52	28	63	92	62	90	64	19	4	25	83	90	7	33	20	78	88	90	50	52	6	63	57	75	24	5	20	67	81	29	42	89	
17	83	31	17	30	97	57	83	27	7	24	49	24	28	7	79	90	81	15	100	83	80	85	77	49	32	43	32	95	87	59	54	33	20	20	11	86	90	45	41	43	92	11	36	57	99	73	-1	21	18	53	49	6	24	83	86	57	26	81	69	47	35	65	12	15	48	53	41	35	73	97	2	54	55	92	1	70	41	82	35	36	60	38	48	78	36	72	17	48	15	62	57	30	76	19	45	97	20	100	76	
4	64	26	93	25	16	84	22	64	61	61	32	35	81	100	8	43	23	100	50	22	21	86	36	89	26	93	58	96	19	40	39	31	57	37	34	67	48	10	1	54	75	4	90	35	56	72	65	-1	90	49	65	77	62	27	61	70	52	49	11	34	79	60	85	51	12	14	71	93	28	61	47	8	63	94	59	87	91	73	12	90	62	39	84	10	53	29	63	27	5	10	45	78	58	72	47	36	70	27	50	
93	67	71	100	77	76	95	58	88	68	65	17	92	28	12	86	48	58	64	63	79	31	96	87	50	87	90	38	85	85	11	47	75	84	72	43	49	100	80	13	77	38	75	48	16	47	52	85	76	-1	14	50	35	65	96	60	73	26	19	66	66	28	63	46	83	3	16	38	50	64	32	52	20	26	12	91	95	39	100	68	42	66	96	85	87	99	28	81	91	38	25	25	75	31	29	4	60	57	47	53	
55	70	27	100	59	91	11	14	52	48	31	31	38	78	89	41	17	91	77	31	10	2	75	41	37	95	74	90	32	5	60	47	96	14	66	82	23	15	26	23	42	29	67	41	64	88	17	69	30	94	-1	48	82	80	89	17	32	28	92	67	98	34	3	52	94	44	82	49	45	86	32	93	38	20	72	96	91	63	27	43	1	62	59	76	95	70	56	72	26	84	98	47	55	13	90	27	13	62	28	71	
1	42	88	54	64	8	71	100	4	93	12	76	9	13	44	14	65	29	47	68	30	46	24	36	14	39	95	56	37	88	45	48	23	97	56	55	44	29	87	12	64	61	83	27	50	16	75	77	76	56	58	-1	8	28	48	84	14	21	23	98	59	37	53	93	89	46	41	23	20	70	99	56	27	15	23	28	49	51	69	50	67	77	62	4	100	84	27	96	54	87	65	99	93	69	21	35	94	30	13	35	
46	10	6	77	95	66	83	59	37	24	70	99	44	11	81	23	62	39	52	81	20	17	77	86	22	98	56	9	18	68	32	18	37	45	66	59	56	16	97	72	92	22	81	90	61	82	88	69	52	80	22	30	-1	63	74	87	30	17	66	54	49	74	74	36	57	68	66	63	43	11	30	65	50	58	76	100	65	26	90	78	19	66	35	68	69	28	86	71	60	91	95	43	96	34	67	44	52	27	78	13	
39	80	99	75	62	82	98	86	30	38	28	29	69	45	48	92	96	14	9	57	88	63	17	84	94	57	16	56	27	40	60	29	31	10	7	59	100	21	9	98	67	54	51	100	99	1	40	89	77	82	92	21	14	-1	62	11	35	22	63	95	88	57	36	72	25	37	5	2	1	4	74	8	30	86	21	12	63	44	53	43	22	82	48	46	52	22	88	29	57	98	93	99	40	36	94	18	46	11	59	61	
66	69	9	7	41	8	76	86	10	61	61	99	53	83	15	12	56	19	16	75	39	40	83	89	28	78	24	15	5	79	57	19	68	81	8	62	51	20	83	81	14	90	62	62	9	58	15	56	90	63	26	26	3	5	-1	20	83	12	52	82	90	76	67	10	76	4	38	89	74	52	80	57	97	61	59	96	67	18	85	70	8	59	100	44	37	7	85	53	31	40	46	65	47	5	71	80	57	87	97	44	
22	32	14	78	31	88	48	47	59	4	14	89	60	81	27	63	12	69	76	21	77	41	99	41	71	98	61	27	17	43	66	74	63	43	87	11	42	83	93	70	56	92	27	11	26	26	63	26	96	11	41	53	92	57	41	-1	53	21	29	8	64	72	50	72	55	32	73	99	48	46	79	45	61	96	4	17	26	92	13	46	38	80	52	86	69	8	81	50	86	73	5	15	95	35	67	65	66	9	39	54	
4	92	26	45	93	91	97	39	50	61	5	34	22	100	7	13	44	21	22	59	31	75	98	95	51	41	1	11	32	18	59	91	84	87	26	21	78	96	91	23	92	74	56	36	4	68	30	31	79	52	2	24	53	92	75	92	-1	49	94	78	63	80	96	14	20	84	35	25	53	67	79	7	99	83	26	29	52	80	13	68	83	33	20	63	49	92	32	78	58	32	87	1	65	15	26	57	19	91	69	89	
72	52	88	31	68	13	77	36	30	96	34	69	19	54	69	92	61	27	77	38	44	69	78	94	73	48	64	30	73	81	48	29	32	35	80	13	70	91	48	9	42	61	84	13	89	84	7	60	6	78	93	23	40	52	18	93	70	-1	96	15	83	66	23	24	40	71	22	58	71	9	23	21	24	75	33	86	12	47	49	3	21	50	74	55	1	36	92	20	18	22	19	62	26	53	77	82	68	50	29	70	
55	65	1	7	77	42	8	12	46	15	5	53	42	10	83	15	5	97	65	58	69	47	16	65	73	28	58	97	40	13	77	72	12	49	45	75	76	71	22	78	60	22	97	47	43	93	80	74	97	18	100	35	66	86	59	29	31	85	-1	71	77	96	60	29	5	89	78	61	95	81	46	18	45	60	63	93	39	88	25	82	71	6	5	17	15	42	98	97	68	44	21	15	86	28	74	23	17	100	40	84	
94	65	35	80	84	55	40	84	76	61	16	80	63	65	93	59	91	43	29	50	81	52	40	11	89	44	60	68	98	56	91	100	28	86	94	1	47	22	19	54	35	26	31	3	12	100	89	63	14	2	77	50	37	63	10	3	73	64	11	-1	14	22	69	23	26	14	13	30	13	95	63	9	13	18	63	22	91	100	36	6	88	69	32	28	27	22	49	74	94	91	60	36	89	72	47	31	97	99	71	40	
87	67	88	18	54	91	69	93	87	79	2	92	15	30	27	20	28	31	14	41	76	21	89	2	25	41	66	48	41	55	94	72	72	83	63	58	68	82	54	68	47	83	21	94	52	35	1	45	3	5	62	60	2	6	81	24	92	35	2	10	-1	80	87	68	62	87	72	62	44	1	78	11	22	29	58	84	2	62	51	12	13	8	94	97	80	44	11	25	5	73	41	60	89	88	22	96	61	61	73	20	
29	53	63	53	89	66	59	81	6	2	7	70	91	45	64	19	88	33	70	54	70	22	16	10	93	97	20	25	46	61	74	68	2	21	13	34	51	37	55	99	31	15	22	66	94	15	23	65	7	94	74	50	63	68	70	61	66	32	2	57	46	-1	32	72	44	53	53	1	64	77	52	57	26	41	38	48	40	27	69	22	97	64	3	7	79	80	78	86	14	23	77	79	7	39	90	74	43	42	60	62	
97	22	3	89	82	68	30	98	16	14	88	25	16	88	67	22	88	37	96	96	71	49	99	63	3	57	58	100	33	35	71	92	7	100	87	56	51	83	44	11	29	99	39	44	19	11	42	57	72	69	40	73	34	64	98	90	25	58	100	50	42	66	-1	77	79	13	37	40	68	53	24	51	55	69	77	20	64	68	69	17	87	45	33	32	4	37	92	92	93	37	12	58	1	34	73	91	44	86	50	5	
52	68	65	52	58	40	33	39	51	29	2	32	41	34	5	4	85	46	28	90	99	47	49	5	72	37	94	84	99	44	7	70	77	80	87	35	49	24	4	81	16	25	17	54	17	15	81	61	61	59	34	63	29	15	43	100	96	44	73	17	18	90	64	-1	93	25	37	38	47	43	90	75	70	12	51	59	72	66	80	41	50	82	74	44	1	1	85	99	33	51	49	92	42	71	4	96	39	55	51	1	
25	89	54	61	33	9	33	76	65	9	37	20	25	83	86	27	52	26	45	64	72	59	41	66	34	89	54	65	83	39	3	34	96	61	48	21	11	14	62	88	74	21	10	7	11	37	23	91	25	9	4	16	26	88	49	82	94	33	20	17	39	58	3	91	-1	13	65	53	38	47	20	62	15	58	42	71	79	10	70	81	43	48	52	48	9	11	80	91	61	77	85	66	89	27	39	61	69	15	65	99	
13	30	26	89	48	38	8	40	25	98	45	52	65	8	50	51	24	82	29	25	63	100	99	5	1	12	54	19	32	71	87	32	70	84	44	63	13	90	16	57	64	91	75	28	3	18	95	31	93	36	67	37	51	66	83	63	60	62	88	55	11	5	85	78	81	-1	8	98	72	8	13	21	39	95	43	47	33	78	13	4	58	32	44	8	17	23	4	75	53	60	52	68	72	80	96	11	83	10	46	25	
68	34	100	43	20	37	53	97	91	78	86	92	82	80	51	42	80	13	2	42	100	15	3	34	45	77	48	7	6	36	79	36	4	27	30	63	85	99	59	1	59	27	20	99	5	63	76	4	78	62	35	77	78	26	2	3	12	79	26	11	18	29	95	24	30	94	-1	76	88	35	73	6	52	87	20	56	61	42	55	44	11	62	42	71	38	13	45	18	37	44	66	46	26	13	7	25	23	95	76	69	
90	17	39	77	17	32	22	58	79	57	89	55	86	14	33	35	39	75	12	54	79	77	54	87	81	62	11	38	51	48	22	94	66	26	65	68	8	47	70	49	77	98	49	16	65	49	15	43	63	22	18	59	46	79	94	82	63	21	36	78	64	3	14	63	75	12	34	-1	77	86	14	30	73	9	61	2	76	32	79	39	66	15	57	13	53	36	18	44	23	24	26	28	63	100	74	68	43	5	70	55	
14	50	19	10	68	57	58	42	54	44	52	58	69	29	32	59	95	56	94	62	57	12	65	53	88	9	72	10	59	5	7	84	23	16	77	92	27	64	81	43	83	8	81	96	72	4	50	45	22	27	39	77	56	68	70	32	15	51	40	63	94	54	21	69	29	77	35	50	-1	69	70	42	2	30	73	72	81	86	29	29	38	9	79	17	21	86	27	61	69	53	96	92	22	89	88	51	74	95	36	43	
5	68	8	65	3	72	98	70	9	79	59	36	36	73	58	93	93	64	54	71	92	49	62	67	20	39	43	89	50	23	73	12	41	88	73	58	46	28	23	83	79	44	6	19	45	69	48	93	35	68	40	14	13	56	44	73	57	1	12	43	70	90	84	54	82	22	54	78	54	-1	56	64	20	61	65	14	42	66	30	15	15	17	70	5	55	63	5	47	86	4	18	86	34	59	82	6	81	88	82	1	
63	36	53	50	19	61	81	20	54	51	28	5	17	88	58	65	75	95	97	54	42	3	59	50	100	58	23	54	33	86	39	28	67	20	93	88	86	56	57	87	81	68	6	6	93	92	51	29	32	13	75	29	81	64	52	82	94	2	13	25	22	78	54	75	60	22	24	30	91	21	-1	49	80	4	77	84	16	65	81	53	36	76	77	24	80	39	100	80	56	20	6	22	90	88	30	78	76	96	10	65	
37	40	10	99	81	15	21	24	49	27	74	29	18	97	63	100	56	20	63	84	76	63	41	69	65	3	15	56	97	73	72	45	51	32	37	14	44	91	30	91	61	66	96	3	35	5	70	70	56	92	5	27	4	89	96	4	14	7	40	87	62	45	47	100	59	3	27	52	81	22	54	-1	96	18	5	39	50	44	59	15	71	88	56	50	66	66	48	83	24	10	5	19	96	89	75	32	37	54	84	36	
66	26	18	30	17	34	98	67	43	97	31	2	50	37	10	57	48	50	70	98	96	4	99	98	63	28	47	71	40	50	45	92	27	85	34	13	46	32	64	80	37	68	44	55	28	2	19	23	42	34	73	57	32	92	27	62	27	54	89	68	34	30	81	27	4	18	73	49	12	81	87	46	-1	21	35	36	86	64	92	16	12	76	64	16	95	14	83	55	99	16	4	49	75	83	27	56	8	84	47	25	
32	19	96	55	36	66	29	30	55	95	93	63	28	33	44	46	69	100	96	17	33	20	45	19	63	58	52	34	4	48	94	25	43	10	1	80	95	5	83	26	81	29	71	22	10	89	4	57	87	54	95	79	56	13	37	47	29	40	89	76	91	67	70	61	54	5	32	15	67	62	19	76	33	-1	81	37	88	32	46	74	92	13	49	57	7	99	95	100	89	49	12	74	40	45	34	16	96	17	30	38	
38	68	80	92	49	67	75	12	53	40	89	41	11	95	64	33	64	63	95	19	89	59	71	16	55	46	69	3	84	43	50	78	62	13	32	79	27	59	9	63	76	15	37	90	54	32	85	23	46	16	24	5	71	43	17	6	45	77	47	27	57	26	40	56	35	96	45	26	75	4	20	34	83	41	-1	24	31	77	49	73	3	49	34	59	30	76	72	57	8	3	24	68	48	93	48	46	21	2	35	4	
100	42	52	87	82	97	42	46	7	20	87	30	62	32	57	96	63	22	8	39	35	47	77	90	19	93	42	24	68	37	95	16	1	22	37	28	5	6	37	56	47	71	3	96	99	57	64	54	67	51	61	57	78	71	93	27	23	33	64	35	1	18	40	50	22	97	16	71	54	66	92	30	53	35	16	-1	23	59	16	4	46	30	13	28	36	5	25	3	15	37	41	53	83	37	19	2	62	18	93	29	
49	14	65	69	35	12	62	25	97	97	31	65	7	73	14	28	51	93	99	5	19	31	98	71	11	71	82	84	99	37	20	3	38	55	20	33	28	76	21	49	85	81	59	67	98	7	68	67	43	69	76	1	90	39	58	64	36	75	10	63	97	92	4	56	49	60	85	55	24	62	97	97	89	87	24	34	-1	98	76	45	67	99	1	76	96	73	57	67	33	49	2	11	80	22	54	55	86	74	49	41	
77	96	9	20	61	22	76	47	29	20	17	60	41	13	70	46	98	36	3	79	98	83	79	21	12	23	23	60	14	11	63	41	5	7	21	76	21	35	47	46	50	24	25	77	53	81	66	4	51	2	99	36	31	77	82	75	14	47	27	27	80	26	13	63	88	42	63	92	45	88	80	42	63	1	60	76	51	-1	48	96	97	71	20	89	24	59	76	95	11	69	92	59	44	80	99	59	24	42	81	62	
15	16	83	100	88	41	64	10	20	7	26	37	41	73	97	11	17	28	36	83	29	32	82	2	47	25	15	6	37	83	55	38	75	75	25	10	30	24	80	92	55	44	70	87	12	78	62	71	66	36	16	53	95	96	66	69	24	17	97	69	81	71	92	40	15	14	97	90	86	87	78	81	77	71	77	13	91	78	-1	2	96	7	36	21	94	74	89	52	67	75	6	47	40	31	93	42	78	95	45	53	
33	39	80	9	50	24	85	83	99	52	33	30	11	56	67	22	100	30	79	67	100	52	1	70	60	33	47	42	27	59	68	57	42	69	17	82	98	57	35	62	74	40	39	46	3	49	87	72	50	95	98	31	96	87	25	48	44	62	31	91	84	95	98	10	65	87	87	60	53	84	24	37	9	63	27	77	52	66	74	-1	26	97	98	17	58	84	65	28	69	52	26	45	43	79	11	76	60	62	39	10	
36	71	62	75	62	21	30	70	72	34	39	94	17	75	97	45	13	83	12	4	92	92	65	27	10	35	31	27	54	74	4	81	22	5	61	27	38	4	43	73	6	86	16	29	49	59	90	26	91	73	45	43	90	81	51	20	61	69	23	60	53	80	90	62	89	66	70	77	4	100	12	9	8	7	57	19	1	5	99	8	-1	6	99	25	79	71	14	88	99	56	27	11	6	88	77	73	51	98	94	26	
41	72	25	39	61	1	58	10	54	57	14	18	7	66	32	62	73	18	100	48	45	10	51	96	84	100	36	61	85	68	58	80	87	32	77	94	76	30	25	100	44	79	96	69	78	100	4	86	68	23	22	67	10	99	77	28	97	69	9	27	68	76	89	67	34	10	62	80	37	31	26	1	87	68	42	10	11	100	44	36	30	-1	52	44	13	78	89	67	8	34	82	88	9	8	53	11	73	92	74	99	
97	69	99	5	43	65	31	53	96	64	73	39	72	41	42	74	87	72	66	79	21	7	99	18	12	84	60	77	93	19	69	21	44	28	50	100	28	83	49	7	79	2	92	73	33	42	39	33	87	22	78	37	98	44	94	14	41	77	9	1	79	32	11	35	91	10	26	81	50	96	81	95	47	56	16	27	77	53	99	16	46	54	-1	62	83	50	97	72	72	62	71	71	62	58	30	23	93	65	78	92	
76	12	82	21	54	84	64	94	71	7	54	82	67	29	69	77	99	11	65	52	69	13	54	11	61	44	67	69	95	98	34	39	39	33	67	73	63	74	64	70	76	43	72	87	75	31	35	9	52	56	41	23	24	92	50	48	64	68	50	55	50	86	80	44	60	87	36	83	14	69	65	39	3	57	92	58	3	47	23	99	11	48	65	-1	52	65	33	87	59	66	70	70	26	13	58	57	46	14	89	25	
100	43	49	79	25	78	65	19	12	95	7	11	81	67	29	33	9	37	67	92	43	88	79	8	5	85	72	77	7	14	75	54	19	31	30	54	9	52	3	38	5	40	2	9	11	44	26	61	74	27	57	34	29	44	69	64	14	73	57	52	11	59	29	98	37	73	25	42	27	73	20	28	100	5	59	66	68	59	79	16	100	31	69	17	-1	96	84	97	89	89	1	69	97	68	13	15	55	65	37	44	
98	6	18	14	84	70	66	68	66	25	54	12	19	83	62	94	45	85	44	71	57	39	69	1	33	75	4	81	3	13	8	68	11	99	54	66	21	90	79	88	97	10	40	98	15	54	6	96	30	28	26	12	58	48	90	7	16	26	85	91	11	37	45	6	45	13	50	41	8	17	81	39	50	42	14	55	61	58	98	67	15	8	24	58	5	-1	35	19	45	6	1	71	57	35	34	52	100	96	49	28	
49	1	75	15	77	18	29	42	56	72	42	79	31	18	74	66	63	30	65	92	66	63	4	7	76	46	72	82	60	32	31	78	52	40	31	6	90	65	41	79	53	51	31	7	48	89	93	66	93	17	9	54	93	55	66	95	22	6	62	62	25	88	38	51	61	53	93	56	63	27	99	45	83	49	21	49	6	16	58	74	70	5	12	95	76	81	-1	3	69	88	29	21	96	34	6	43	56	99	23	10	
44	46	72	54	21	92	75	15	17	62	61	53	30	93	84	25	22	34	14	28	93	19	16	72	73	93	28	5	100	44	16	70	95	92	40	43	14	50	53	25	68	2	83	17	4	10	64	9	76	83	62	41	85	1	51	16	52	73	67	81	47	19	18	4	47	50	6	97	96	3	99	73	37	47	13	82	94	52	10	28	87	38	37	33	31	76	10	-1	24	73	42	6	10	30	28	6	13	79	2	51	
34	64	49	45	48	36	18	52	37	59	69	6	25	90	49	50	21	79	67	16	77	92	4	99	29	36	95	71	44	83	62	59	66	77	3	10	53	58	97	72	62	88	88	55	13	34	63	91	8	99	41	51	63	2	91	100	61	17	88	95	46	32	8	46	94	23	56	99	93	38	70	81	24	28	21	47	47	78	25	42	95	93	88	45	73	14	71	3	-1	55	53	95	44	47	73	22	36	78	18	90	
72	51	56	52	86	20	23	96	92	24	58	45	28	65	60	75	19	12	81	8	1	51	53	16	3	78	34	46	20	65	39	96	9	49	5	22	37	65	45	22	19	79	26	36	77	31	57	54	44	19	34	3	93	44	84	71	12	12	51	90	27	64	94	50	6	15	56	98	16	4	95	57	12	57	43	38	52	29	3	25	46	47	81	82	50	87	11	24	99	-1	64	77	65	21	2	45	76	50	54	57	
91	76	33	32	10	39	73	12	64	19	50	78	68	35	19	10	10	39	59	92	59	40	55	40	11	38	4	90	14	78	10	1	13	41	43	48	69	55	88	85	16	80	79	26	83	45	64	22	48	38	61	81	73	2	80	42	100	82	46	52	20	83	98	26	8	2	46	92	43	69	34	91	71	76	87	84	50	90	22	92	54	89	52	62	44	70	8	37	40	92	-1	31	15	98	6	47	83	52	57	47	
11	14	77	50	69	66	15	7	83	66	10	4	76	90	72	49	73	70	16	82	20	35	82	51	60	37	82	52	97	21	36	10	13	24	95	81	3	40	77	26	84	5	63	30	75	46	41	92	24	61	32	87	32	89	62	91	58	71	58	90	42	23	76	50	31	55	55	50	90	60	41	25	41	64	91	94	32	80	15	44	79	11	62	79	91	38	53	59	14	85	73	-1	41	69	30	81	12	64	45	81	
18	5	64	97	71	4	52	60	61	71	15	49	25	64	63	37	25	59	82	38	86	90	80	84	56	6	15	95	28	68	41	12	52	32	19	63	93	53	27	52	42	60	71	4	84	69	72	74	62	80	58	75	93	12	38	67	99	94	16	93	57	32	11	9	29	4	25	64	7	22	63	36	50	44	35	76	21	13	48	77	69	72	96	58	28	100	25	86	72	84	2	25	-1	79	35	34	52	1	59	13	
96	56	17	14	3	76	83	29	65	31	5	46	6	3	33	30	49	26	68	56	57	84	4	78	41	99	53	76	45	55	88	85	22	37	97	90	63	14	75	4	74	63	88	38	1	55	39	22	46	47	94	90	15	86	99	42	62	13	58	16	4	24	20	100	44	41	55	74	10	4	2	44	8	93	26	44	62	94	76	38	53	12	81	77	17	35	52	64	79	76	83	82	4	-1	79	33	59	64	13	6	
37	29	56	91	34	76	84	19	100	36	96	46	4	8	61	94	8	71	30	95	74	86	29	19	86	70	1	46	84	91	25	66	65	20	87	42	52	56	60	24	26	60	76	57	50	53	61	96	95	73	41	37	74	13	75	91	84	18	73	27	40	1	36	76	93	39	91	72	15	64	35	60	86	90	58	63	67	34	33	7	94	39	48	97	91	94	39	14	89	12	92	85	19	73	-1	34	3	37	61	68	
40	3	86	10	40	1	38	8	98	15	97	60	11	49	36	72	75	89	63	69	64	23	4	90	11	46	93	92	47	61	16	90	83	29	40	47	7	65	95	59	41	85	95	79	53	16	85	73	80	96	60	4	49	91	33	10	38	43	11	14	100	81	50	72	83	35	20	66	65	95	47	94	81	35	15	18	8	67	31	18	35	40	31	76	38	18	61	32	76	35	16	19	15	61	64	-1	2	34	66	20	
7	10	88	28	31	85	20	83	96	41	22	63	84	4	81	87	38	26	6	94	49	83	79	4	24	75	14	14	9	44	67	69	37	71	22	59	94	97	28	57	89	83	53	100	18	99	11	7	2	1	77	69	21	27	26	67	32	56	98	71	29	91	77	2	80	3	91	16	20	77	80	2	98	90	81	73	45	9	54	48	71	52	65	33	87	54	63	4	8	31	26	33	73	41	35	57	-1	49	86	37	
58	49	26	94	18	47	82	36	69	29	69	66	62	2	58	56	28	92	22	44	53	4	31	59	78	90	65	83	72	16	100	90	71	28	23	23	9	51	8	39	97	5	23	3	40	15	59	49	8	88	66	20	16	63	85	67	39	71	16	60	24	76	82	89	17	81	29	83	14	83	39	55	49	85	28	54	80	81	92	59	54	34	67	39	2	17	47	12	4	17	21	34	61	50	36	90	21	-1	38	42	
59	11	71	15	99	73	91	87	37	12	64	23	88	94	94	16	17	55	96	71	64	45	99	20	9	99	45	20	32	87	32	80	97	78	69	33	34	33	80	45	74	69	89	43	79	12	13	85	37	90	77	100	13	89	30	2	21	21	30	92	73	11	46	35	47	64	88	52	74	48	19	92	47	23	68	73	64	80	3	54	46	93	35	75	30	82	98	61	70	53	28	3	48	4	62	77	19	89	-1	94	
60	82	27	49	66	74	82	36	31	19	85	19	16	89	14	99	31	67	54	30	40	56	17	24	2	9	36	4	88	95	40	16	73	33	26	53	82	37	54	54	56	40	73	58	10	43	46	24	32	59	94	95	92	11	78	54	59	61	89	41	64	17	11	33	36	57	93	17	97	86	22	5	25	35	6	87	53	88	81	88	35	92	5	68	15	67	100	49	81	18	72	45	39	63	28	54	52	93	24	-1	
