100
-1	37	14	100	67	34	100	65	64	19	35	64	50	91	59	65	13	66	84	53	50	30	29	81	45	95	99	8	92	74	58	33	38	86	17	59	77	5	79	68	21	6	31	16	19	63	20	26	96	44	87	31	2	72	29	66	83	48	71	60	3	50	45	85	8	72	99	74	40	73	50	69	96	35	58	14	58	81	58	75	20	3	25	30	62	80	68	70	55	99	28	27	65	25	5	70	59	14	31	91	
84	-1	18	64	73	64	42	78	67	72	23	14	25	35	79	73	11	7	77	62	39	14	49	89	13	53	36	22	26	32	37	61	85	4	82	33	34	22	33	62	48	5	53	15	70	9	51	19	64	53	80	20	3	94	10	46	90	76	75	77	6	94	72	85	33	65	54	33	22	50	85	30	92	1	91	25	55	72	3	32	83	15	97	13	72	24	29	43	62	51	93	41	14	28	28	8	73	3	57	96	
23	52	-1	89	78	70	75	84	97	76	30	100	23	91	15	23	41	40	79	34	29	97	92	63	18	3	37	17	81	46	90	64	55	71	79	71	47	84	49	68	82	74	17	38	80	43	43	46	65	17	25	54	3	100	19	52	73	3	14	94	1	92	34	78	34	17	9	67	89	69	73	68	56	7	79	29	40	61	24	16	40	93	12	29	73	69	58	13	29	32	99	19	38	15	47	21	19	60	100	86	
34	57	8	-1	72	60	17	89	51	45	68	90	30	82	75	13	6	24	37	99	61	74	88	24	30	46	20	8	73	92	14	1	43	92	48	81	51	93	27	2	63	90	80	73	51	39	87	16	38	87	37	39	65	89	53	5	68	89	73	38	43	28	78	43	100	82	74	58	6	51	72	28	59	8	85	40	29	16	65	65	53	38	31	78	53	17	22	77	52	37	44	89	91	32	96	16	82	69	31	37	
24	59	78	29	-1	11	13	99	33	4	48	65	23	50	66	53	52	76	94	6	29	35	48	99	53	4	3	64	27	99	64	15	24	54	68	44	54	97	64	6	26	9	32	23	75	73	34	93	65	75	89	35	5	20	18	72	89	59	33	58	99	27	19	22	25	99	90	90	7	34	30	54	32	100	59	55	58	39	54	49	92	17	61	52	1	77	53	94	95	23	78	74	13	22	2	44	16	88	2	83	
8	48	93	91	99	-1	88	13	65	58	36	47	80	46	59	98	13	29	18	43	61	37	89	23	85	37	7	90	9	47	5	70	9	100	7	11	66	10	13	10	1	19	63	80	78	7	12	16	62	60	64	19	4	52	73	43	81	54	86	38	74	65	25	97	63	77	83	92	21	23	1	91	28	71	57	29	34	95	85	64	87	47	43	58	17	12	14	15	3	38	32	14	97	89	49	36	98	21	91	46	
2	60	69	95	28	28	-1	29	19	6	98	69	45	96	67	86	47	63	60	40	1	40	47	97	95	68	76	68	77	72	33	51	71	87	50	96	50	31	27	100	16	49	4	85	28	41	45	6	54	66	10	77	67	62	26	100	72	41	18	95	3	66	1	60	39	18	57	12	53	47	88	61	67	19	76	9	75	95	64	82	87	86	8	30	5	91	75	6	45	38	79	1	22	76	64	54	64	1	80	73	
55	74	55	49	61	69	43	-1	8	13	8	23	39	71	47	43	74	97	61	10	86	63	45	22	51	7	79	52	76	76	46	57	96	8	18	20	36	100	49	73	7	23	17	77	41	73	6	67	31	57	90	2	85	81	16	16	28	57	33	43	43	15	92	62	85	57	9	66	69	99	48	2	85	55	71	99	91	6	17	40	85	28	12	45	54	35	66	2	45	100	48	38	46	31	42	4	35	5	86	59	
41	14	14	37	51	16	36	49	-1	33	56	69	89	77	47	9	13	86	6	47	50	34	25	78	57	86	54	70	63	31	20	72	21	11	50	32	56	64	78	62	75	89	29	15	48	38	77	80	71	81	52	7	8	22	83	33	40	66	23	43	55	16	31	41	25	52	86	16	1	81	38	12	41	16	37	9	47	26	10	5	71	46	12	62	90	22	86	99	78	67	59	97	100	59	60	48	30	39	82	80	
57	78	54	65	66	49	2	1	27	-1	82	35	80	48	29	99	24	78	9	75	82	21	77	25	32	85	84	62	29	86	25	43	70	44	22	17	83	91	93	30	73	27	80	66	17	92	52	39	5	61	44	17	1	63	55	29	16	71	38	78	4	91	2	16	32	49	5	40	13	76	67	1	11	25	12	50	8	81	45	71	53	64	83	76	24	93	38	91	14	86	61	54	9	30	37	29	45	98	45	1	
11	97	89	5	62	67	30	88	65	76	-1	8	43	76	76	69	77	35	82	1	76	56	62	18	57	61	79	35	87	16	85	79	7	21	54	23	16	5	71	72	82	80	61	86	84	18	32	70	38	2	88	93	59	7	66	93	51	26	62	43	73	91	43	74	23	35	98	6	45	22	55	9	59	26	72	98	33	20	94	47	10	41	57	5	28	95	72	65	61	85	91	49	15	9	40	16	44	57	34	82	
57	24	43	95	43	93	96	1	39	56	36	-1	16	98	48	87	34	16	49	18	35	42	70	65	51	17	10	79	49	94	79	55	2	19	55	61	43	51	86	10	95	96	68	28	16	8	3	28	20	66	27	49	30	43	62	37	15	100	66	2	10	57	37	2	91	15	23	3	24	30	94	42	51	46	90	79	80	71	38	84	6	34	23	81	31	70	55	11	85	91	17	19	59	46	19	10	48	73	72	39	
98	52	19	8	50	73	64	100	95	47	61	81	-1	12	21	96	30	14	97	95	11	46	31	99	11	79	36	94	26	46	66	10	67	55	54	47	8	47	7	24	77	74	93	69	61	99	2	69	15	6	23	73	85	54	39	48	94	11	59	80	89	33	45	9	60	1	31	81	30	35	22	72	92	53	24	68	90	67	69	64	61	32	77	100	60	8	43	33	24	86	84	10	88	96	71	42	25	68	75	100	
49	17	69	79	34	59	16	20	82	91	91	4	28	-1	67	46	66	57	81	19	20	21	61	66	1	67	95	50	79	44	17	75	42	26	2	81	41	27	8	78	95	42	20	11	9	12	84	14	14	44	84	20	10	12	47	25	20	90	35	68	57	95	28	42	86	41	6	65	26	35	10	41	19	25	42	21	31	45	74	94	64	13	6	77	68	94	49	78	10	73	24	89	81	63	4	88	28	94	88	9	
66	86	62	37	95	9	88	89	90	31	22	25	88	8	-1	6	66	56	99	95	100	37	51	45	19	49	36	9	81	16	73	77	9	89	15	23	87	78	88	94	96	70	41	35	75	6	25	21	8	40	31	100	27	80	13	91	12	63	38	65	22	78	17	80	10	59	59	3	78	38	79	5	1	87	84	78	40	90	47	59	2	46	26	40	28	98	3	58	100	90	29	13	38	90	19	74	99	4	26	6	
22	94	18	73	41	57	40	75	13	56	11	67	56	72	27	-1	17	94	1	81	53	21	25	72	56	50	12	27	46	77	84	92	29	60	46	93	89	94	60	57	5	45	72	5	37	27	41	79	84	49	16	99	52	65	2	68	84	8	20	5	25	18	59	37	55	62	78	80	22	22	44	19	37	85	22	73	34	13	81	98	92	41	51	20	12	31	16	53	45	91	71	73	43	81	22	44	30	26	22	38	
44	97	22	13	66	39	71	10	94	29	16	68	43	51	94	37	-1	93	28	95	99	48	4	39	2	43	31	27	67	15	44	26	84	2	66	36	100	45	45	65	66	97	60	1	9	97	18	86	23	94	11	99	18	89	81	77	86	5	14	68	28	73	71	54	18	84	57	32	4	13	3	1	75	93	76	94	80	43	43	13	71	92	12	24	53	23	53	94	3	86	85	63	84	45	87	50	28	87	74	84	
93	7	71	60	58	13	88	51	75	57	88	12	32	2	43	58	21	-1	59	8	4	50	18	80	70	66	42	68	11	90	79	2	2	31	15	71	68	59	19	89	22	56	70	11	71	69	81	93	29	74	68	67	81	46	4	11	71	40	90	23	79	27	71	67	24	89	16	19	3	37	55	77	28	24	42	32	91	5	93	29	57	100	75	9	8	29	21	71	56	40	9	15	47	56	80	12	92	9	50	25	
24	42	3	34	21	50	55	61	54	13	41	64	34	59	63	42	16	57	-1	89	28	40	71	76	72	24	77	97	18	77	65	46	63	2	40	16	20	85	40	79	12	62	53	37	52	13	42	73	2	91	39	67	60	7	41	91	51	100	42	55	83	15	38	24	32	99	84	93	2	37	36	10	85	93	5	34	31	80	19	5	22	64	75	87	97	41	62	13	35	49	59	25	14	78	43	92	29	86	50	35	
28	91	20	37	10	49	69	24	13	57	20	78	93	47	81	90	38	54	14	-1	91	4	58	51	88	64	98	2	84	41	51	98	89	58	61	5	3	17	41	96	42	88	58	50	72	4	4	93	92	68	94	48	64	31	98	68	64	28	79	33	59	56	30	7	5	29	61	78	9	26	28	27	93	62	69	85	25	70	47	34	80	77	9	85	29	51	23	72	80	82	85	65	31	18	11	11	7	56	69	62	
47	83	92	54	61	79	40	32	62	67	68	82	51	72	7	81	37	60	68	84	-1	73	78	84	26	40	36	94	96	64	99	96	80	100	2	24	21	33	65	17	9	2	67	79	99	72	34	100	64	37	50	17	75	18	17	4	48	16	45	99	35	80	30	85	30	41	54	100	96	5	26	83	94	87	71	36	1	56	25	32	98	29	74	70	39	96	6	46	99	44	78	23	20	38	34	14	74	33	40	12	
94	82	9	50	12	81	6	84	90	19	16	44	46	72	47	43	18	66	65	68	82	-1	70	57	16	62	91	2	22	81	65	87	64	57	72	7	62	15	41	29	41	57	88	59	10	82	15	10	100	46	25	63	99	6	62	5	75	31	34	11	49	22	49	19	48	39	62	91	31	98	83	22	48	41	59	47	36	8	33	34	21	5	44	7	68	15	80	35	81	41	4	8	35	39	52	52	100	53	9	45	
33	91	74	35	62	7	74	87	60	68	23	83	70	99	37	21	65	25	71	25	28	33	-1	77	57	84	74	2	35	41	62	12	97	76	24	11	72	49	67	10	99	88	76	40	85	24	22	21	6	84	84	43	78	62	31	36	98	68	76	17	7	41	20	44	52	36	66	45	35	63	57	58	44	22	79	29	29	9	16	58	37	80	47	93	62	9	46	73	84	55	61	2	36	49	93	21	93	85	57	53	
22	39	32	11	29	64	28	61	30	3	79	80	6	77	4	45	69	11	44	85	10	14	49	-1	24	55	2	74	94	17	95	5	34	92	92	34	4	74	17	12	30	100	28	25	30	14	62	81	74	56	95	7	80	85	11	63	68	55	14	7	59	31	71	53	13	30	24	21	47	43	45	23	17	44	62	27	89	40	57	7	17	75	65	8	69	95	47	97	53	88	19	52	53	51	51	18	6	51	82	42	
56	13	16	89	100	97	91	72	81	40	49	49	69	36	77	35	73	70	87	45	45	3	28	29	-1	52	9	68	17	48	63	62	97	88	68	26	74	43	87	57	6	1	50	54	45	79	45	38	100	52	90	61	76	4	43	72	37	3	78	59	36	4	39	44	73	75	74	7	77	1	39	11	23	53	51	92	97	54	5	34	66	8	37	67	22	83	12	29	1	35	45	91	67	93	9	24	44	88	73	55	
71	23	36	56	4	14	2	11	82	95	45	69	82	84	13	31	58	58	43	62	29	76	74	95	4	-1	60	68	78	68	40	88	30	28	45	26	46	21	72	72	27	80	22	23	93	53	94	94	51	26	60	62	79	17	33	73	5	9	4	5	66	26	51	83	60	60	94	49	48	62	82	76	89	71	50	58	75	1	63	34	18	68	14	60	72	13	50	31	16	51	18	2	64	50	79	71	37	79	22	10	
78	67	13	6	75	7	48	63	63	66	54	35	24	69	31	18	17	52	48	12	23	98	17	38	28	59	-1	95	39	22	68	74	4	36	31	73	66	98	43	11	16	57	14	40	72	61	45	52	50	2	24	23	58	92	90	74	17	99	27	5	56	69	12	14	60	2	71	72	41	71	36	56	52	38	59	96	38	53	52	69	27	67	67	6	59	82	3	21	44	99	76	58	64	4	71	33	29	8	19	69	
54	36	82	94	35	68	2	79	64	88	77	37	86	68	78	74	14	17	16	77	78	98	55	77	21	13	33	-1	12	27	31	31	90	13	35	77	22	62	61	68	44	98	54	85	64	53	73	36	10	68	93	79	87	11	18	92	27	62	86	30	22	30	1	15	40	35	10	89	100	16	75	94	96	28	7	72	51	54	3	11	3	75	99	42	86	28	93	75	75	68	41	26	60	79	59	62	26	47	3	21	
39	17	92	11	7	91	63	38	22	9	24	53	49	69	57	62	35	76	73	7	70	94	32	56	46	37	34	21	-1	69	21	85	79	11	74	99	65	92	66	10	19	92	64	21	39	55	98	56	30	49	95	96	46	95	44	42	25	87	100	32	92	24	77	28	41	14	94	7	26	40	45	97	23	66	93	63	61	29	17	20	8	37	58	73	2	75	31	87	41	87	25	79	27	92	44	35	20	97	9	6	
80	14	65	74	57	8	36	61	99	92	94	34	26	95	60	72	40	46	82	19	16	36	27	45	2	44	61	12	64	-1	39	47	35	100	51	73	90	2	37	87	46	85	4	41	84	53	14	61	73	76	47	97	82	97	83	86	56	40	93	49	58	60	6	69	82	13	62	62	58	42	97	8	100	38	32	19	88	93	71	49	36	81	58	60	60	2	67	43	79	55	27	3	41	97	22	22	19	1	32	34	
92	61	57	86	50	67	49	95	28	86	69	73	9	45	37	64	97	17	86	33	70	13	41	31	30	68	4	87	30	62	-1	53	39	70	15	41	38	7	28	3	17	90	75	5	76	52	10	9	80	5	67	92	84	60	99	68	21	87	67	56	7	83	49	24	72	71	27	32	39	65	33	17	77	53	10	26	31	41	73	49	25	60	12	30	56	71	52	19	38	45	58	9	14	98	70	17	2	70	62	71	
97	31	50	51	80	64	37	9	69	68	18	95	89	75	48	36	34	2	30	43	57	100	79	15	76	7	49	50	48	77	84	-1	53	77	65	94	46	74	5	45	85	86	73	45	35	82	88	74	69	33	1	11	95	67	49	32	88	82	59	66	72	70	67	93	67	73	39	7	10	17	87	90	47	6	13	77	26	20	40	27	45	62	100	29	76	98	18	27	94	87	16	52	50	41	12	29	93	12	9	43	
26	15	86	64	39	78	94	91	68	30	40	15	6	24	80	98	21	96	69	6	25	39	28	60	18	43	52	63	98	75	48	15	-1	23	19	46	30	32	49	38	48	32	19	58	10	13	51	67	90	12	81	92	17	30	83	89	94	84	43	59	9	74	76	74	86	64	22	75	85	55	91	11	61	99	74	32	28	57	71	74	31	98	55	81	46	84	54	9	82	33	10	69	45	6	22	56	42	22	62	49	
1	59	77	3	33	56	20	65	48	16	5	29	63	9	28	26	44	52	20	82	32	57	66	18	56	70	49	47	85	13	26	73	82	-1	21	66	80	87	32	35	92	24	26	68	9	84	45	23	49	70	86	74	86	75	87	38	43	62	61	54	13	40	56	7	53	36	8	18	92	94	94	71	15	42	48	40	68	44	45	9	5	81	33	39	76	96	95	70	10	18	4	96	72	83	79	11	26	6	77	85	
6	83	19	22	1	95	66	26	84	12	94	65	50	9	30	99	59	68	95	15	16	85	42	27	86	10	51	93	65	10	8	84	2	2	-1	91	34	82	11	55	25	12	11	80	47	68	86	100	99	61	44	5	68	98	60	48	64	5	5	84	45	36	30	8	23	12	51	33	26	90	53	12	69	23	87	66	92	11	15	64	45	17	39	21	73	82	73	82	14	24	35	25	12	41	55	6	4	80	50	10	
95	53	23	28	79	39	98	88	46	31	2	94	40	15	80	44	19	2	60	95	49	22	25	67	45	14	41	21	29	70	38	25	51	3	91	-1	16	42	63	29	91	68	76	21	57	45	59	82	49	69	17	63	28	69	61	83	74	8	89	15	30	57	58	76	27	17	100	98	79	2	79	16	63	27	98	85	73	54	33	18	54	35	54	20	48	67	16	5	85	78	96	74	68	76	36	76	99	90	4	20	
14	3	22	79	59	5	41	9	91	82	6	76	12	70	43	13	12	99	79	7	44	73	33	87	60	71	48	38	70	48	44	36	37	14	42	62	-1	48	61	22	79	47	13	24	100	89	9	7	20	31	47	58	88	40	60	95	88	21	17	50	14	7	14	74	100	91	98	6	92	1	67	51	13	68	56	88	49	25	28	38	94	14	25	45	38	33	48	46	50	93	91	51	43	19	20	55	26	77	48	27	
50	35	4	73	73	39	78	47	9	95	19	28	22	52	72	76	99	90	59	10	48	69	23	69	19	22	47	76	7	50	19	35	4	70	99	65	85	-1	3	47	63	46	20	47	29	30	66	20	7	96	20	92	51	32	39	79	77	84	3	82	91	67	59	23	43	42	69	92	69	78	93	56	13	49	60	59	65	44	32	70	43	12	6	60	57	80	47	15	96	71	95	29	90	70	43	40	79	72	33	32	
95	87	65	24	94	94	14	12	56	61	17	41	2	81	37	49	88	45	96	81	29	31	33	33	56	79	63	7	20	21	41	82	82	18	66	35	17	40	-1	90	41	22	49	46	90	17	89	45	62	68	51	79	59	23	70	62	17	44	64	39	91	92	34	42	46	69	73	69	2	37	37	6	26	47	76	98	59	9	77	65	76	50	21	44	25	16	78	70	85	4	63	14	52	5	47	27	9	62	33	1	
28	32	19	79	59	16	17	82	94	40	5	9	49	24	17	34	13	55	33	80	17	87	17	56	47	45	12	97	1	32	42	83	13	25	39	43	41	43	82	-1	57	31	28	53	98	48	75	69	45	89	72	65	92	6	41	38	22	59	90	37	55	97	47	84	22	22	88	5	66	55	45	81	80	32	3	21	56	21	24	14	66	12	46	22	47	87	14	73	64	100	26	45	50	14	11	42	55	42	77	9	
28	93	3	67	27	59	11	60	18	25	21	88	77	3	75	46	61	77	86	40	17	79	23	18	34	82	56	10	5	93	60	66	76	60	95	56	65	99	15	43	-1	25	63	84	31	81	77	38	23	21	35	5	25	82	62	4	54	2	44	50	10	21	19	93	78	6	35	3	71	87	69	23	30	25	15	28	55	71	78	28	99	56	97	47	21	43	48	1	6	23	21	25	71	43	97	76	59	15	82	2	
38	8	12	99	33	5	74	68	39	98	10	19	100	69	79	56	52	79	26	66	77	4	7	78	25	98	62	93	54	79	70	36	83	69	32	15	16	61	11	18	100	-1	39	42	40	10	37	78	77	81	58	50	99	29	98	16	39	7	75	11	12	51	9	50	80	75	33	65	63	98	98	6	25	90	58	33	95	67	80	65	16	10	73	67	16	4	92	32	5	23	85	2	14	65	62	82	76	78	89	4	
83	53	60	19	1	1	78	7	77	26	85	88	82	41	40	86	81	36	19	89	37	79	29	25	29	30	65	6	31	32	80	40	99	67	30	91	22	57	11	49	56	26	-1	88	12	80	47	66	45	42	7	82	97	93	52	98	92	70	60	87	75	17	44	43	58	47	89	1	69	32	21	98	70	53	32	26	76	16	36	84	43	27	21	94	80	35	26	77	45	2	96	40	48	6	92	6	69	15	14	4	
82	39	26	99	78	73	24	15	96	28	88	13	5	80	72	43	100	53	48	6	26	67	30	39	34	2	54	16	81	40	60	80	1	51	41	65	42	35	70	6	5	51	18	-1	66	53	98	34	20	7	5	40	48	67	59	5	40	51	6	83	82	30	36	65	77	10	8	35	73	25	70	25	96	74	88	44	47	38	19	73	26	21	46	92	91	58	21	87	12	30	88	30	35	13	8	18	14	5	82	19	
91	51	100	99	21	23	41	88	15	36	73	3	36	44	31	97	48	25	77	26	59	76	81	21	100	89	37	63	87	27	78	72	74	41	20	82	88	17	77	75	55	88	62	97	-1	99	54	50	51	87	19	34	59	60	79	86	46	52	10	22	96	97	27	66	5	70	10	13	91	13	31	60	32	74	61	80	42	71	10	86	22	4	17	82	78	36	2	65	70	64	93	42	1	88	33	16	39	52	98	77	
58	89	17	22	25	4	15	29	84	47	81	59	9	45	58	92	59	14	53	51	57	96	45	95	45	11	22	94	26	16	45	23	70	80	7	27	52	3	43	99	81	31	46	53	22	-1	89	46	84	65	95	21	9	79	67	6	92	53	55	13	2	26	49	16	15	1	89	46	3	87	49	95	25	54	36	97	84	99	98	41	62	13	23	5	98	72	49	72	28	1	20	2	70	62	60	70	61	77	65	53	
14	68	14	86	59	35	46	70	69	89	28	4	78	40	45	13	13	11	80	40	45	81	9	66	68	68	16	32	90	11	91	29	84	72	91	89	69	80	20	14	54	72	29	86	64	100	-1	86	1	16	78	77	97	70	13	2	24	55	42	78	49	8	3	64	48	10	46	32	74	71	65	91	88	20	31	66	68	73	37	41	2	30	51	59	96	43	60	20	76	63	21	94	65	40	4	16	36	46	8	48	
72	65	85	98	96	11	92	37	24	99	49	51	96	47	14	60	12	88	16	23	30	20	45	35	56	26	88	22	93	85	40	3	76	31	53	58	55	8	41	26	93	27	14	59	37	59	57	-1	44	85	45	83	46	43	86	89	33	87	55	13	31	61	84	35	23	72	1	5	23	92	53	43	9	72	86	70	86	59	86	71	64	51	67	26	30	14	89	67	9	89	65	56	34	34	97	85	21	42	19	61	
24	43	88	94	17	55	54	3	23	41	16	83	60	39	24	92	58	20	85	25	75	18	42	85	91	44	78	18	36	98	14	97	62	93	56	94	42	29	25	57	39	76	5	22	35	72	69	47	-1	19	16	34	52	98	27	88	48	44	37	82	65	62	43	28	4	48	5	28	46	97	10	77	58	74	94	37	56	46	38	71	45	45	38	92	68	39	27	89	53	67	39	92	31	87	9	90	31	98	83	46	
91	22	42	4	56	43	81	32	89	40	82	80	95	71	62	15	65	14	62	44	55	80	18	94	85	20	60	73	78	6	80	81	73	76	66	77	17	35	25	7	92	90	47	62	21	45	81	24	70	-1	30	69	69	31	44	20	71	69	97	17	35	97	2	23	37	4	80	82	88	63	13	28	76	79	59	1	31	71	16	62	5	17	51	10	27	49	91	39	7	27	41	63	82	96	26	88	50	68	77	16	
77	99	14	40	24	24	100	13	21	45	80	17	43	4	34	80	36	21	60	78	14	41	1	46	1	66	23	59	56	49	68	94	32	20	49	21	96	80	25	38	75	26	36	7	59	4	91	64	23	54	-1	99	86	40	61	84	70	31	89	49	1	87	70	76	67	89	72	35	5	7	31	33	32	88	23	57	31	35	88	25	80	100	70	66	53	65	77	51	40	26	95	31	21	79	24	18	48	36	89	100	
42	68	32	84	12	74	28	27	5	53	38	29	71	59	79	54	54	33	75	25	52	21	37	69	8	96	7	66	75	73	92	7	28	57	77	27	53	24	53	65	54	96	96	54	74	81	78	34	2	88	83	-1	83	60	64	86	41	56	2	15	83	23	84	17	64	97	17	60	2	95	82	62	67	49	76	16	77	23	20	15	16	59	75	99	61	22	59	36	29	79	29	51	22	17	37	60	53	3	23	78	
41	6	36	6	6	38	40	48	62	80	17	26	84	96	64	90	82	49	86	97	89	61	38	53	94	87	80	97	91	5	17	35	94	79	62	27	90	81	2	48	100	69	64	66	63	65	100	23	67	18	9	35	-1	54	69	55	63	100	16	10	95	45	76	74	98	12	5	80	79	38	51	69	78	35	4	34	12	53	95	56	39	51	31	44	32	27	47	78	90	35	88	41	7	49	67	98	45	25	1	98	
75	75	95	21	32	41	67	45	93	57	57	34	46	3	90	51	28	21	83	29	82	12	80	3	69	11	74	61	86	98	13	1	78	100	42	30	44	43	66	35	54	92	3	76	91	42	87	43	13	88	78	34	91	-1	7	95	70	41	16	69	99	66	10	84	91	74	86	31	41	48	64	99	90	66	77	30	49	56	49	9	46	29	23	74	52	68	15	33	40	35	24	73	17	37	37	47	53	65	13	78	
56	49	9	100	44	84	73	45	20	91	92	72	38	78	59	66	2	38	24	55	52	46	62	81	81	19	45	100	56	8	36	47	16	22	81	93	48	79	83	68	95	86	30	56	73	38	3	83	42	62	84	84	65	27	-1	38	70	92	36	87	2	46	47	83	11	93	81	70	96	33	48	16	27	5	98	83	66	97	82	72	7	59	1	24	68	53	15	34	22	51	11	46	5	25	78	23	21	24	36	56	
59	49	71	88	67	82	22	24	69	28	97	54	29	5	22	43	55	7	99	99	39	56	77	56	58	71	85	32	73	75	8	12	57	59	48	90	39	90	89	53	93	8	97	80	50	100	28	23	50	95	26	64	61	37	98	-1	45	3	50	35	93	76	52	17	2	95	75	67	87	44	61	34	25	30	56	40	18	17	92	90	36	56	73	23	63	10	56	10	98	47	5	53	31	49	17	55	9	36	93	99	
50	89	23	58	21	97	75	11	49	22	1	85	51	2	77	41	36	84	79	53	23	19	96	79	78	56	40	14	14	44	89	5	24	30	72	5	45	10	19	78	57	1	7	57	88	11	59	49	68	27	96	66	87	49	35	45	-1	5	6	52	89	80	3	91	65	96	99	68	83	24	39	87	97	65	3	58	90	94	3	19	71	15	93	37	30	79	24	14	31	56	18	48	17	4	34	8	11	95	41	4	
40	42	58	63	44	10	87	35	100	73	26	74	83	8	84	93	93	46	29	73	4	88	60	26	66	98	80	62	63	84	43	38	23	44	62	79	10	63	57	48	42	87	89	22	12	84	75	88	39	25	75	68	54	61	72	81	44	-1	69	45	26	92	76	73	27	22	62	44	83	48	73	30	78	41	18	95	44	8	22	91	46	56	48	34	7	55	74	79	73	91	82	34	25	92	51	44	28	23	19	58	
39	22	60	97	66	25	10	8	5	73	75	99	23	67	30	74	10	36	36	45	30	54	56	74	93	73	32	43	63	87	64	18	92	88	55	98	91	58	96	57	47	96	3	11	7	34	15	60	13	8	98	48	8	82	3	22	20	100	-1	16	74	86	41	69	4	4	54	91	18	24	72	31	61	68	85	5	83	18	87	73	15	5	9	81	10	67	27	93	96	72	24	74	50	52	87	92	51	84	79	47	
84	75	6	32	4	10	100	89	52	76	27	89	23	84	89	17	98	64	45	84	78	3	19	83	26	76	23	92	59	61	44	7	68	15	66	3	63	99	56	4	97	65	89	18	33	35	57	9	92	85	28	92	75	12	7	94	6	12	90	-1	43	24	73	49	61	55	83	62	71	77	42	22	38	10	38	15	25	52	59	73	1	49	87	36	26	92	14	66	36	39	43	96	46	35	14	82	43	8	17	75	
57	46	31	50	22	60	9	79	13	84	3	17	82	36	23	32	17	24	43	94	41	80	17	17	24	74	86	47	89	67	52	84	68	99	69	48	93	62	60	63	32	62	30	21	76	65	43	21	87	31	10	71	16	1	50	69	62	56	83	71	-1	48	52	92	79	9	26	82	44	95	8	5	81	58	77	22	72	50	65	68	71	81	2	79	7	42	50	22	35	63	86	4	68	8	92	69	46	68	46	37	
17	11	3	58	85	28	17	6	7	77	67	83	90	69	51	94	52	6	88	45	68	60	66	73	36	60	62	83	14	28	4	22	1	33	62	97	33	34	31	93	22	41	55	67	89	79	88	51	88	73	50	31	28	72	27	21	60	8	51	34	75	-1	61	42	6	14	30	77	68	47	91	30	77	93	28	86	3	82	95	21	90	41	78	89	56	7	44	26	2	80	62	54	87	29	96	63	3	29	6	21	
46	25	72	86	33	52	37	99	5	83	91	81	40	28	98	95	65	1	44	50	83	19	36	15	36	44	89	95	82	74	76	45	7	29	8	99	85	18	2	6	20	81	34	28	39	52	85	10	32	77	99	79	44	90	54	54	78	91	15	99	91	92	-1	29	73	58	96	20	98	41	97	68	4	24	32	46	54	44	35	62	50	30	5	89	21	85	58	49	4	42	11	43	62	63	85	24	50	41	61	20	
38	89	79	18	95	97	27	8	44	28	51	29	9	68	23	60	49	19	41	56	76	54	16	100	32	8	35	66	54	27	2	43	72	34	41	13	98	15	64	91	41	77	97	91	61	48	40	69	94	40	75	56	58	40	54	67	18	24	83	98	20	88	61	-1	49	78	62	14	84	70	86	73	87	53	29	21	64	26	44	3	11	17	61	86	69	51	90	73	52	59	53	85	69	49	29	51	55	30	10	16	
4	21	50	59	86	49	70	23	67	62	23	94	96	36	42	17	86	98	98	60	18	55	57	20	71	99	84	56	69	100	63	85	20	98	83	58	62	60	34	26	61	15	56	63	24	37	60	99	76	91	51	9	22	31	10	54	35	29	22	64	22	46	87	10	-1	22	65	22	46	47	10	4	4	50	68	77	67	92	32	5	13	46	94	37	42	39	46	74	1	34	15	43	30	71	66	32	35	67	95	37	
34	66	20	79	51	73	54	85	30	84	23	19	99	13	24	43	24	42	80	52	2	47	10	16	16	60	76	64	88	61	7	1	3	35	69	9	80	50	44	80	12	39	48	24	44	97	36	91	54	54	82	68	45	95	13	3	48	92	58	29	89	80	97	15	6	-1	57	1	57	59	2	62	94	13	58	35	58	26	97	99	32	2	28	23	94	42	5	64	70	27	63	90	58	37	39	6	13	29	28	52	
67	7	97	5	23	32	96	6	44	39	81	60	82	74	39	71	82	88	78	52	11	89	90	8	94	89	63	53	97	28	38	23	3	66	70	15	63	6	34	47	50	68	62	11	26	12	16	90	4	1	58	76	24	5	49	78	99	21	84	2	66	33	92	41	9	94	-1	2	14	42	43	7	5	28	13	92	88	46	25	19	37	44	83	24	44	3	85	39	94	52	29	4	30	15	38	29	59	77	4	12	
70	20	87	12	21	77	98	62	40	87	32	23	99	2	91	37	81	74	39	49	79	41	61	42	56	46	12	39	95	15	64	61	90	26	18	33	98	19	63	5	26	33	84	1	57	62	100	24	18	96	84	94	82	10	84	12	12	86	23	70	27	16	57	49	98	14	83	-1	13	100	49	3	96	83	61	100	80	17	57	40	25	67	61	36	43	82	15	56	11	75	31	11	95	95	18	57	51	94	46	3	
85	51	16	67	80	25	81	74	13	85	65	25	18	16	25	51	27	19	28	15	6	99	41	20	46	66	43	22	83	91	8	3	72	8	50	55	49	50	39	32	39	93	51	93	89	34	76	84	32	93	37	90	6	19	44	61	10	68	29	65	35	44	58	72	55	18	96	23	-1	94	94	9	70	95	31	28	62	30	32	38	32	31	1	47	28	26	76	96	84	64	93	97	50	36	21	14	41	73	58	82	
11	87	7	69	58	1	57	23	76	10	3	63	24	94	34	8	99	23	96	89	7	11	26	48	61	57	3	98	9	55	98	21	78	6	51	21	99	72	87	79	97	69	46	71	93	77	76	89	53	60	10	47	19	44	13	1	38	43	13	29	75	21	40	3	73	32	33	43	32	-1	80	95	22	3	22	9	15	78	63	44	43	99	42	98	26	43	78	97	55	36	13	87	90	80	46	12	38	96	92	2	
70	66	54	91	95	32	26	16	9	50	89	9	100	97	81	17	79	45	22	47	60	68	25	5	99	32	98	100	80	99	84	57	6	17	46	38	17	2	40	72	6	52	18	11	42	59	28	2	60	51	8	61	15	98	79	28	39	75	70	58	7	22	12	2	23	33	32	69	66	22	-1	5	88	19	65	39	47	67	53	44	66	23	98	23	66	32	74	85	23	22	88	78	98	69	92	57	26	21	65	46	
71	61	83	64	92	62	37	60	76	21	62	60	99	50	58	79	47	75	35	52	7	64	25	58	58	8	55	75	55	68	38	15	96	74	35	34	89	49	20	84	86	67	95	53	71	27	3	14	55	88	3	74	39	77	4	8	8	7	9	57	68	96	77	17	24	21	8	75	26	26	70	-1	36	94	81	44	2	97	68	77	53	66	99	56	11	23	5	50	51	43	70	7	7	82	73	76	92	96	74	91	
86	63	3	46	31	42	91	53	32	2	23	27	51	84	84	55	67	75	61	91	61	24	13	21	67	31	95	67	74	15	18	88	39	73	23	9	10	37	37	22	3	57	39	70	46	46	35	52	17	24	51	55	42	2	72	42	18	22	59	52	76	10	15	27	83	38	30	91	36	44	79	34	-1	86	42	28	26	38	43	93	47	45	73	52	41	87	57	59	15	87	43	95	69	49	75	82	52	6	21	63	
60	30	93	57	63	58	86	1	51	84	100	80	95	12	74	5	86	12	33	42	73	36	95	28	60	90	96	51	30	36	91	64	88	71	7	91	31	70	92	4	37	64	99	37	41	50	56	16	98	56	99	65	66	37	53	23	35	62	89	3	10	75	70	4	47	28	71	21	51	15	76	80	47	-1	49	54	17	78	62	90	23	17	52	22	92	30	67	73	34	75	11	29	64	68	34	17	23	48	29	95	
67	86	56	66	38	14	32	41	22	56	65	96	64	91	20	95	67	59	50	88	23	95	77	87	80	92	95	9	90	40	21	21	98	54	70	3	16	6	100	58	74	7	10	3	9	100	6	4	19	96	41	77	45	53	93	98	78	62	50	60	75	39	13	21	32	93	100	2	23	27	30	3	40	21	-1	94	18	61	95	81	35	22	36	77	96	91	35	47	87	65	41	33	4	11	97	36	21	70	24	3	
59	31	21	53	3	67	72	84	61	19	65	3	64	2	64	65	46	15	70	82	12	3	15	45	81	2	5	47	15	61	59	7	15	44	31	62	43	25	53	25	29	85	70	25	97	97	16	54	5	4	54	3	89	95	86	69	10	45	25	57	91	4	62	47	53	67	7	5	70	61	80	65	97	90	70	-1	86	36	1	15	100	32	78	19	69	28	33	78	90	23	6	15	71	27	78	13	100	6	34	31	
17	60	71	53	27	17	34	28	87	9	48	71	98	96	57	68	97	7	21	37	3	28	51	44	17	69	49	83	81	44	47	92	31	86	67	24	43	89	45	14	15	6	28	14	20	43	89	7	94	89	79	58	10	82	38	80	10	20	60	29	83	57	72	14	98	78	81	100	19	90	87	30	19	13	12	25	-1	43	64	94	78	61	75	43	24	19	80	69	62	27	13	38	91	1	9	11	88	31	31	53	
42	100	7	88	49	34	41	16	40	87	32	84	26	86	51	33	72	79	66	67	100	35	75	61	33	44	38	59	16	61	98	11	62	73	73	9	51	57	35	8	47	43	57	76	99	80	75	81	90	14	64	59	36	54	26	20	3	56	2	16	60	81	65	31	92	64	30	8	11	72	62	40	90	76	69	48	16	-1	16	91	71	90	55	39	39	87	2	87	91	68	24	64	9	57	74	75	70	20	41	68	
10	51	22	18	8	28	29	4	81	99	21	74	36	31	39	2	98	37	13	32	30	86	9	69	36	83	13	68	66	81	45	23	76	53	72	99	96	10	47	44	52	38	12	96	90	31	45	10	92	41	51	72	9	95	78	4	88	77	94	13	44	73	60	37	24	42	13	90	32	72	54	83	3	94	32	21	94	92	-1	26	30	45	57	69	4	17	24	40	69	61	89	72	69	73	2	41	68	12	42	94	
6	96	66	77	61	80	99	14	10	29	67	74	74	9	43	7	94	56	20	10	40	11	97	92	96	7	69	17	84	94	17	18	60	17	68	52	92	21	84	82	50	89	32	24	66	40	32	68	97	79	85	45	42	98	22	21	79	48	26	27	63	56	98	82	86	5	69	25	74	36	23	83	89	52	83	16	43	90	24	-1	9	65	23	37	76	74	11	52	88	65	15	8	48	99	85	87	37	86	17	18	
9	79	96	86	53	8	41	99	31	48	12	55	77	15	2	53	72	81	4	79	72	94	39	76	99	91	96	22	96	56	98	83	99	89	72	86	58	10	99	81	93	42	88	65	45	86	50	57	81	21	34	98	86	71	6	7	73	56	75	44	59	14	70	16	25	2	70	67	47	95	84	85	65	59	67	97	76	82	49	29	-1	54	28	54	6	90	59	79	63	70	17	37	33	49	82	39	89	27	93	93	
13	99	27	67	83	16	49	34	64	23	68	97	37	16	50	82	72	75	18	38	28	97	78	30	100	83	4	96	29	18	79	41	75	80	95	36	3	58	72	67	14	98	3	73	32	34	9	36	97	18	68	79	40	35	88	34	99	100	86	8	50	18	91	50	79	14	50	63	24	73	94	80	35	100	43	4	87	17	43	34	60	-1	58	26	82	89	71	5	61	16	97	30	97	82	22	69	84	47	18	41	
100	48	56	1	19	47	89	68	36	62	12	100	58	68	88	67	39	85	70	35	91	40	94	99	98	46	98	69	12	8	96	39	15	25	73	53	94	9	15	23	96	1	40	70	91	68	91	32	26	90	99	94	33	67	2	54	63	46	56	88	96	62	79	80	60	96	29	20	16	50	83	16	92	4	33	91	44	77	76	19	71	53	-1	71	9	97	24	89	10	24	73	77	1	33	76	19	96	100	53	39	
52	93	2	24	9	16	54	26	46	99	83	10	91	47	9	1	52	24	13	16	83	29	40	88	96	19	88	62	80	85	43	24	12	33	65	60	100	72	57	96	60	67	6	14	69	76	84	50	7	23	36	31	17	78	80	83	74	83	40	10	51	44	64	47	5	44	11	67	12	52	71	94	72	92	42	4	39	63	16	82	35	32	66	-1	9	13	83	7	34	10	15	9	19	57	26	34	41	14	30	79	
50	61	92	41	13	30	50	50	15	12	65	2	36	43	25	79	47	6	8	61	22	92	13	43	74	75	25	26	85	3	31	83	1	96	49	62	84	30	85	100	76	28	16	58	93	83	36	87	100	21	98	100	31	89	64	25	14	44	19	64	28	12	83	1	71	56	21	88	48	45	69	22	6	24	70	84	40	84	39	5	81	12	43	99	-1	56	44	59	9	72	28	2	59	30	26	22	18	32	78	61	
21	52	58	42	92	82	31	93	67	38	21	1	19	26	97	57	57	30	81	24	85	68	56	16	77	86	8	16	85	18	56	38	50	49	30	13	16	35	37	39	17	91	78	89	15	62	20	94	55	60	1	10	14	13	83	52	100	5	67	33	28	51	52	66	55	3	35	48	41	58	98	3	92	38	19	37	54	37	19	32	33	63	83	73	24	-1	44	93	18	1	30	21	74	37	75	50	79	96	13	59	
20	14	99	95	69	9	31	89	12	96	97	64	57	10	94	51	33	15	88	30	1	36	50	36	33	45	95	100	55	25	92	66	66	84	61	3	1	100	95	71	10	4	3	14	11	100	50	73	74	91	94	3	75	81	92	88	80	48	38	44	92	9	87	26	84	75	41	27	43	84	26	66	63	80	82	62	45	29	35	30	48	55	6	80	27	67	-1	57	63	73	18	90	85	1	73	91	97	44	43	26	
66	91	71	63	49	31	62	43	59	30	14	92	81	3	84	19	55	93	12	21	27	78	91	56	92	78	57	67	7	45	47	93	12	21	51	51	40	46	23	93	17	84	91	42	63	91	90	57	54	58	50	67	23	86	10	6	24	31	25	88	98	82	53	41	21	29	5	45	7	33	39	26	13	10	80	8	54	56	89	33	96	88	38	83	8	92	21	-1	28	69	52	57	2	92	89	59	99	10	55	65	
70	27	18	57	26	14	56	25	91	84	14	64	19	29	100	51	3	13	22	70	70	43	17	56	92	52	29	2	78	90	23	50	62	55	26	95	3	52	22	53	30	89	10	5	6	94	94	87	28	50	67	77	34	95	14	44	87	91	62	90	56	34	74	34	60	59	82	3	90	19	56	13	74	52	22	34	15	94	51	60	5	8	51	96	19	60	51	95	-1	54	60	16	62	58	76	94	39	48	16	8	
6	77	36	54	5	11	65	60	80	54	29	65	72	88	21	94	50	75	43	48	2	70	95	83	68	42	46	25	14	15	17	94	96	80	86	29	17	36	100	66	75	21	92	18	45	33	4	20	34	10	39	9	48	82	72	91	54	52	68	49	55	93	62	26	69	3	9	75	57	85	10	50	51	43	70	68	19	77	10	49	45	62	4	87	99	47	80	96	73	-1	23	92	40	82	50	32	58	88	73	14	
69	84	36	53	51	79	30	79	61	92	28	77	33	51	84	90	48	9	96	54	54	13	48	100	44	31	64	50	9	91	78	64	72	47	70	4	40	32	23	32	55	75	65	16	25	20	27	14	45	51	34	7	22	34	43	100	31	93	90	20	30	80	95	56	90	46	82	80	59	54	49	32	92	71	44	87	39	59	28	15	11	21	37	25	86	95	83	94	84	45	-1	18	55	71	32	92	44	49	65	1	
79	11	57	61	47	95	33	31	27	28	46	86	29	24	95	60	14	35	30	64	80	67	87	80	46	47	58	92	46	87	48	2	72	64	25	70	6	4	1	92	15	73	59	19	25	86	9	60	86	54	5	43	53	92	67	21	65	74	72	12	41	94	50	63	12	54	10	9	32	39	70	7	11	20	47	71	58	8	14	72	63	93	57	100	98	91	56	85	92	64	24	-1	91	70	73	53	4	98	49	67	
1	77	40	54	61	20	51	62	43	84	18	83	69	83	70	61	2	98	8	44	95	20	65	36	58	100	43	55	55	2	49	89	31	85	23	83	45	89	77	27	95	19	27	76	34	62	35	95	46	29	3	73	80	88	21	30	100	95	74	9	49	44	18	72	3	1	92	14	92	46	9	36	42	40	29	69	88	22	70	69	47	63	52	40	43	13	9	34	30	48	17	87	-1	97	25	56	80	80	24	31	
83	10	28	57	79	25	54	99	98	27	69	54	37	14	69	15	29	61	85	71	78	16	74	72	12	80	52	92	81	83	54	72	18	10	54	96	25	39	26	61	10	54	50	67	17	15	6	32	8	86	46	16	29	17	25	55	65	89	13	20	14	87	48	32	31	49	16	2	74	73	51	23	47	14	94	53	65	37	30	28	32	41	80	53	54	82	73	62	11	22	9	37	52	-1	65	93	41	21	22	54	
47	30	7	85	73	99	90	4	92	7	60	94	5	43	59	13	52	94	86	59	42	32	83	47	36	7	4	6	45	5	98	53	71	68	40	48	84	43	75	28	92	74	89	9	53	71	47	87	87	93	58	46	89	32	85	83	8	27	25	93	6	23	53	8	46	97	68	85	6	42	68	62	29	29	20	15	42	97	49	86	28	27	89	94	48	5	48	54	80	96	32	96	70	99	-1	70	60	40	33	72	
35	44	50	74	47	11	41	4	49	90	20	23	72	13	79	88	92	47	94	63	67	74	65	56	79	63	13	41	28	25	92	96	70	51	69	8	98	42	18	50	74	31	98	27	55	77	34	94	23	63	26	99	14	49	60	85	36	27	60	32	40	69	94	35	19	57	56	59	44	98	31	26	14	51	37	65	18	19	49	100	31	18	22	31	96	88	7	64	57	21	26	80	72	5	63	-1	14	73	16	87	
19	91	48	62	55	22	81	66	46	94	9	46	90	89	22	82	40	24	17	35	65	25	84	81	31	45	99	22	77	20	22	94	59	26	62	89	85	81	37	97	86	22	10	21	71	64	61	65	81	90	87	43	12	53	6	82	9	54	84	72	95	41	25	57	88	10	77	65	21	31	47	98	8	58	22	4	44	84	45	45	87	30	82	69	87	80	26	72	38	75	57	41	28	11	19	47	-1	89	53	94	
78	59	44	90	89	12	98	73	97	28	42	25	20	26	57	22	51	37	74	64	17	53	65	48	69	29	70	86	53	87	38	80	16	86	53	33	9	68	55	95	70	40	21	37	3	9	62	55	30	56	31	56	63	30	87	51	92	6	15	85	51	13	65	66	43	79	85	81	19	89	80	49	97	16	33	69	66	89	50	97	54	32	44	86	83	18	85	29	17	90	9	60	37	72	42	18	18	-1	5	61	
63	31	62	42	93	86	83	23	84	97	57	100	29	35	83	64	91	33	9	48	41	93	38	4	67	91	76	90	35	78	57	64	19	13	13	16	56	87	61	89	4	36	14	72	97	61	42	72	17	53	98	7	45	100	65	20	18	48	80	9	45	59	83	38	9	49	42	58	94	14	91	34	92	78	99	38	82	83	72	42	65	75	90	42	68	22	76	34	33	66	45	37	75	33	90	59	38	78	-1	94	
36	100	21	73	79	65	72	93	47	93	62	22	80	16	78	64	9	98	47	31	85	52	15	2	68	55	76	6	92	28	26	81	27	96	30	98	82	81	54	52	58	8	90	71	18	32	67	73	41	59	98	49	10	31	60	96	97	76	67	88	32	16	71	94	90	4	34	15	54	57	76	71	11	37	67	17	46	58	62	8	85	71	5	74	35	39	80	42	5	66	55	80	39	59	78	30	89	78	28	-1	
