100
-1	4	6	43	16	68	74	10	9	7	71	5	70	3	61	57	59	100	76	79	26	35	83	100	95	57	26	40	27	23	76	7	35	76	12	96	93	45	56	33	31	41	62	74	7	65	82	41	82	5	93	34	23	35	41	8	62	11	85	12	58	57	58	9	64	67	85	95	73	82	87	80	41	86	15	23	33	24	43	23	90	96	26	20	47	19	80	36	14	27	74	89	49	36	79	69	18	21	59	2	
95	-1	51	64	46	84	45	26	18	11	57	35	51	77	50	31	33	6	27	12	4	80	54	29	55	81	16	100	39	66	17	45	80	37	87	82	41	17	84	40	26	71	63	83	81	89	22	72	66	44	82	82	44	87	87	67	22	70	75	4	51	68	15	64	52	9	11	29	24	27	19	76	74	11	3	33	57	90	5	94	13	5	72	88	40	10	23	11	71	31	18	40	57	96	45	15	80	24	6	89	
35	12	-1	3	98	96	36	25	100	4	70	35	20	63	40	74	33	92	8	5	33	48	90	40	82	21	14	76	42	55	70	41	75	66	62	96	18	51	18	68	53	92	32	51	82	45	70	52	70	80	30	79	18	31	33	90	100	60	69	91	70	33	99	12	58	21	51	33	57	99	32	64	30	46	35	1	93	77	15	97	25	100	44	33	89	62	25	79	62	32	98	72	98	2	70	38	7	89	40	23	
14	68	28	-1	99	26	3	24	78	44	17	3	58	77	68	6	96	86	87	62	73	90	87	57	79	6	86	8	27	16	40	44	13	34	50	16	50	29	81	63	10	67	51	62	70	70	9	88	72	94	76	44	28	42	51	86	13	50	69	14	48	79	59	29	28	72	69	53	56	28	86	40	37	43	33	24	66	9	1	17	36	72	7	42	25	34	2	13	18	99	7	85	25	80	83	49	64	96	50	91	
6	66	32	90	-1	65	63	50	24	98	61	69	74	73	96	19	61	36	8	31	85	37	100	17	92	73	66	26	14	60	82	11	90	87	55	89	39	17	95	17	67	41	18	90	28	74	15	47	81	88	38	13	39	62	77	49	42	97	13	90	45	92	91	9	9	37	95	4	29	51	88	52	61	63	73	86	60	4	24	97	78	70	91	38	60	91	35	52	10	93	89	89	93	82	90	33	50	20	19	77	
25	67	65	6	18	-1	90	73	99	49	2	99	40	4	89	28	81	89	58	53	11	77	48	94	21	89	87	23	65	11	93	18	88	79	6	66	91	17	35	66	48	18	49	24	44	79	14	40	94	53	7	23	36	59	6	53	32	52	42	51	91	29	36	49	65	26	48	35	87	12	41	25	4	14	65	32	41	22	68	11	49	99	91	18	77	40	68	90	84	23	52	41	29	79	16	59	88	56	48	69	
42	21	2	85	89	2	-1	77	94	67	26	100	21	98	26	1	53	76	76	26	83	20	27	36	9	61	7	30	24	49	47	71	3	100	1	38	42	70	34	22	67	19	55	50	79	9	55	70	52	47	26	63	78	36	9	12	12	2	23	93	84	60	60	16	22	6	80	30	88	99	50	39	14	95	41	81	52	2	58	6	56	33	19	52	14	4	100	44	89	31	13	14	72	77	11	64	84	34	22	10	
8	8	41	81	43	92	83	-1	46	73	74	95	88	48	74	19	24	92	52	87	69	20	30	95	93	15	76	3	63	31	93	90	5	85	13	85	3	10	6	87	88	65	75	77	5	56	13	26	32	39	84	73	31	34	10	25	53	38	14	94	40	11	24	57	31	60	46	80	70	80	98	27	12	16	2	70	84	85	56	48	55	79	56	51	81	65	47	97	6	23	61	22	92	86	1	27	98	4	19	11	
86	64	94	16	73	74	36	60	-1	62	85	78	88	30	28	40	97	44	68	53	73	58	84	7	52	26	30	94	44	31	81	64	50	98	50	56	98	56	16	71	52	83	86	48	28	17	67	25	43	19	32	68	19	34	29	86	96	22	95	9	20	25	19	90	84	90	39	39	93	69	81	53	70	62	64	36	78	63	3	9	72	79	67	68	37	25	56	20	26	34	75	48	3	54	7	23	95	24	42	34	
20	39	65	40	57	91	2	79	91	-1	45	72	13	89	72	20	93	64	100	99	75	25	24	12	14	76	90	92	8	77	65	15	99	36	90	32	10	83	35	96	45	19	26	71	38	51	17	55	80	43	66	82	1	39	60	25	74	32	58	54	70	47	24	58	53	34	36	71	54	26	34	22	34	17	31	59	98	100	78	13	35	20	9	91	65	58	51	47	30	91	78	66	15	9	14	20	20	43	74	98	
44	27	99	33	15	14	3	88	95	32	-1	89	45	27	41	45	40	15	99	81	49	45	85	57	27	33	19	26	88	15	98	3	91	3	10	51	92	50	39	47	7	71	33	27	79	93	23	80	40	47	94	73	87	19	41	60	33	63	20	22	35	28	34	37	24	5	83	18	43	73	90	91	91	60	69	75	92	67	90	75	60	41	30	91	26	48	97	42	41	92	41	38	72	75	22	84	100	1	77	35	
7	10	35	86	12	73	66	90	35	83	30	-1	84	67	93	81	9	40	28	55	52	70	22	99	88	23	38	39	9	80	95	10	42	15	59	16	73	71	70	62	39	40	8	71	51	53	79	73	4	19	87	88	25	32	40	27	53	92	66	29	4	54	40	16	24	43	47	40	51	58	95	21	24	48	37	8	44	74	91	51	31	63	54	8	90	3	14	16	64	96	75	76	44	45	2	20	37	48	33	86	
77	32	40	61	93	46	4	78	53	47	41	51	-1	16	15	87	58	67	52	92	41	82	58	9	96	69	30	30	30	12	29	11	67	98	74	45	13	99	34	4	81	29	83	49	89	91	63	43	60	63	42	74	29	18	51	17	12	41	87	56	73	18	30	4	35	87	98	2	100	2	21	65	25	10	54	92	4	1	75	15	28	11	2	8	61	50	89	73	13	10	19	97	3	70	7	4	45	3	7	47	
31	5	61	15	86	61	97	56	89	94	96	25	55	-1	2	83	90	73	2	34	59	95	16	22	47	50	85	29	99	55	67	6	72	66	81	89	14	7	69	71	47	25	57	49	63	65	85	33	1	53	67	58	45	22	96	93	52	39	58	7	77	59	55	89	77	85	13	14	86	41	10	36	83	5	23	2	47	22	63	64	67	73	49	75	77	94	37	83	6	78	54	66	58	86	66	46	51	23	58	26	
23	4	90	9	70	84	95	68	99	89	65	81	33	28	-1	59	83	61	14	88	44	55	26	49	73	30	4	25	33	60	1	80	24	81	52	67	37	54	33	18	38	38	36	78	83	92	99	46	53	35	24	21	85	21	33	90	8	10	49	47	92	21	92	50	56	16	45	89	28	41	75	11	80	47	1	48	30	50	19	1	38	6	66	95	81	82	65	34	63	48	29	5	1	35	22	44	11	17	75	65	
87	42	55	31	42	12	57	4	79	1	73	25	65	10	53	-1	99	96	93	11	76	75	93	19	94	64	16	71	84	24	2	41	27	77	25	5	82	85	12	52	40	81	47	36	89	10	51	100	76	26	94	11	53	91	30	32	67	11	62	41	59	7	25	44	62	90	2	5	67	8	31	97	72	48	14	35	6	90	29	29	91	96	73	25	44	71	37	16	36	68	52	14	8	53	36	56	82	14	37	63	
3	96	49	46	39	21	37	13	96	3	80	94	72	89	34	32	-1	98	84	28	27	68	91	82	32	100	29	21	49	60	66	6	98	77	8	10	17	70	67	3	71	22	91	36	20	30	86	97	33	11	13	81	16	56	94	95	21	86	19	26	34	20	53	73	55	86	80	94	67	21	82	14	61	17	74	97	3	73	94	30	17	78	18	42	45	15	23	53	89	20	80	69	93	82	84	78	98	65	96	78	
24	67	26	21	87	92	83	27	43	98	49	49	18	8	72	54	40	-1	85	81	95	74	66	15	29	40	53	58	81	43	59	17	4	51	44	84	92	76	28	26	23	72	25	15	90	64	80	89	25	34	64	37	49	23	25	40	86	96	97	67	22	90	51	82	81	14	13	3	7	6	16	91	79	29	29	17	66	37	51	32	63	27	38	49	19	43	77	16	52	17	7	35	26	62	34	7	50	83	90	28	
98	7	21	79	24	23	83	10	75	31	80	6	8	59	19	80	61	91	-1	5	46	3	30	95	83	63	37	72	21	17	31	14	94	45	32	47	33	19	30	75	74	30	36	40	97	100	69	12	75	16	79	34	46	51	97	32	18	22	41	72	31	88	66	50	33	13	17	73	73	22	66	23	86	96	54	70	32	43	35	41	16	66	3	63	12	68	48	79	52	72	23	15	53	97	68	85	5	76	53	51	
36	27	47	34	85	80	9	23	20	41	3	89	10	84	14	33	17	66	56	-1	55	18	100	50	20	20	86	84	68	99	63	86	42	29	21	92	38	35	45	83	23	43	30	58	33	25	87	17	24	8	81	57	69	79	5	12	16	3	54	68	99	30	51	10	14	12	95	27	24	33	65	70	1	35	78	19	68	94	9	69	55	17	21	59	88	27	73	47	38	90	36	74	73	10	62	42	7	18	71	10	
3	66	99	56	30	68	53	44	19	8	32	12	90	17	91	73	5	50	3	21	-1	95	10	98	59	38	80	74	22	3	93	36	38	12	50	54	11	21	29	56	91	97	51	22	42	31	59	25	16	64	61	75	76	71	6	7	18	40	71	5	2	25	28	42	10	42	66	52	60	31	50	81	57	39	8	93	45	19	40	60	5	40	36	52	80	89	30	95	85	40	47	65	61	3	24	77	64	46	20	32	
78	51	71	98	74	73	86	39	87	73	98	65	26	25	13	16	55	14	82	90	22	-1	97	65	73	28	73	63	89	2	31	47	14	31	50	49	65	78	50	57	10	26	82	91	7	3	45	90	94	7	17	3	88	39	57	76	65	84	49	68	62	69	62	8	34	33	72	15	80	9	78	22	29	36	13	46	17	66	37	62	31	30	79	84	53	38	56	92	24	66	12	11	44	77	95	97	12	21	64	45	
70	6	91	3	76	13	68	40	29	41	8	49	85	34	51	22	78	64	23	57	56	61	-1	24	5	20	6	9	65	13	19	50	27	62	51	10	95	7	7	63	60	6	97	12	36	65	88	94	59	21	64	10	72	8	80	17	77	32	76	9	92	55	35	28	62	14	22	18	11	30	85	83	38	75	38	65	66	95	75	76	89	75	88	92	68	12	50	99	32	93	74	22	55	3	65	67	29	53	71	85	
97	37	34	88	83	34	68	76	48	16	37	72	8	97	22	1	6	16	84	81	16	84	58	-1	33	57	37	92	82	49	99	88	39	60	100	31	81	18	10	31	41	80	82	64	62	30	9	55	31	5	53	18	87	59	79	90	49	63	22	49	90	89	44	96	65	32	39	36	3	7	95	6	47	92	98	1	39	77	69	79	27	13	65	8	46	33	88	30	39	31	36	60	86	29	8	22	75	46	59	97	
69	94	49	43	71	76	85	48	63	53	95	58	28	6	81	26	94	20	53	84	59	19	73	33	-1	68	93	79	63	68	25	10	13	36	72	97	92	16	82	78	89	41	100	9	55	96	93	46	31	74	14	48	87	56	74	44	28	13	82	9	19	68	54	29	5	68	72	93	42	43	24	60	95	50	44	62	39	83	69	86	41	3	91	12	10	34	41	40	60	100	43	51	62	57	79	1	50	36	7	94	
52	99	78	33	24	74	56	5	51	34	30	74	86	72	33	49	66	90	59	71	98	53	69	87	95	-1	73	10	56	70	16	31	20	84	93	46	80	18	40	81	56	97	17	1	35	86	14	70	30	67	8	96	60	95	2	94	66	32	80	83	12	13	98	50	60	68	25	26	96	78	48	78	30	53	55	29	44	15	68	9	93	29	68	45	11	56	48	100	73	15	63	64	63	13	71	76	32	5	46	77	
99	84	39	51	75	69	65	62	52	68	79	3	5	3	32	65	48	44	38	79	86	29	1	11	91	88	-1	38	31	54	67	4	88	48	75	93	49	71	63	18	73	33	20	3	14	2	14	95	72	7	6	90	69	87	26	96	79	23	12	36	53	76	62	37	6	91	9	65	62	30	21	11	29	6	72	67	53	81	55	39	46	76	73	60	52	19	61	5	17	39	75	84	22	48	98	2	75	20	92	20	
64	32	33	99	62	39	44	40	37	76	84	100	64	87	66	49	88	61	92	10	36	63	25	68	64	85	22	-1	54	35	12	57	57	71	54	59	59	28	84	8	61	32	84	1	12	25	92	57	65	15	91	49	19	8	39	92	84	17	98	19	31	83	93	84	89	42	70	97	27	16	41	19	51	81	69	76	24	30	59	74	87	83	48	29	64	66	23	63	37	28	5	41	1	50	68	44	100	49	89	14	
62	37	90	27	97	4	28	79	51	33	69	60	36	87	76	100	95	72	23	41	3	90	81	12	53	24	29	59	-1	81	44	88	77	13	36	31	26	64	34	51	84	58	92	84	49	75	100	15	34	27	48	95	51	1	10	38	24	67	90	81	3	64	56	69	59	87	47	44	69	92	82	3	37	40	55	21	59	73	5	69	70	62	82	75	5	88	68	84	72	14	27	78	73	23	56	74	72	49	73	25	
60	24	68	41	83	11	28	73	27	6	98	78	53	24	17	19	99	63	60	31	89	55	75	90	17	3	96	73	92	-1	54	71	50	22	80	29	24	41	79	85	86	81	25	19	10	31	35	93	28	52	67	59	83	11	9	3	3	35	59	73	68	34	47	63	16	1	53	72	75	97	41	94	86	97	86	89	37	88	64	14	88	65	80	48	49	10	53	42	19	83	53	94	30	51	32	32	97	59	79	57	
84	9	53	45	48	38	22	35	27	8	46	45	64	99	57	56	67	26	86	48	21	100	53	11	91	100	68	90	19	13	-1	65	17	6	34	58	64	31	25	73	33	13	51	34	9	9	28	90	21	42	38	33	42	73	83	68	56	86	2	71	42	20	67	92	63	61	72	93	98	9	26	50	36	61	40	43	26	17	48	85	65	43	96	74	7	58	44	81	2	81	20	86	55	26	77	84	55	37	55	85	
96	37	33	42	43	36	72	7	45	6	77	83	16	40	14	16	15	74	51	18	72	39	53	77	93	7	86	36	93	50	50	-1	51	61	87	22	41	95	71	47	90	9	71	49	67	48	35	81	52	6	32	23	40	63	92	32	99	45	85	55	52	26	20	31	98	97	47	56	82	10	60	1	41	22	56	90	62	47	94	89	5	13	96	2	21	50	68	30	1	61	95	37	77	77	95	40	59	100	85	21	
41	26	33	6	36	48	56	6	67	13	83	97	16	95	74	46	73	21	64	87	51	92	57	30	31	51	91	90	90	27	53	83	-1	35	82	17	69	74	52	49	25	52	84	100	35	88	41	27	68	16	44	38	79	44	75	71	90	69	94	56	61	70	97	87	99	20	35	40	3	80	85	58	65	97	50	43	37	78	34	97	100	77	96	83	86	32	48	21	95	28	68	71	4	36	59	68	81	59	84	25	
56	65	100	59	93	55	42	43	72	69	18	73	98	56	64	59	91	92	42	7	3	80	9	46	77	15	20	62	88	57	73	66	80	-1	34	8	8	64	22	5	92	48	34	33	31	29	62	16	23	16	56	50	73	31	72	100	94	2	60	84	82	70	93	27	18	95	51	81	45	19	29	90	86	72	5	48	92	22	11	97	97	79	15	58	87	47	92	33	92	40	78	15	61	97	20	76	5	24	67	87	
91	86	21	33	17	26	33	90	26	90	90	98	3	77	50	49	25	71	69	48	82	55	38	42	41	54	29	71	47	65	90	23	48	45	-1	13	10	77	56	31	83	87	27	100	51	63	1	64	64	52	11	7	61	38	82	60	52	52	53	57	65	32	44	89	80	37	31	94	78	58	15	34	48	77	53	40	73	63	21	22	77	6	26	49	69	3	91	95	93	36	53	76	96	13	98	88	10	27	97	28	
36	84	59	35	96	82	42	59	51	90	3	44	87	52	98	44	76	80	20	11	77	55	36	1	75	40	94	34	26	32	52	18	33	76	80	-1	17	3	1	80	40	89	92	52	37	54	95	93	19	100	75	82	6	77	80	36	89	94	98	42	68	3	22	54	44	87	20	5	89	6	49	48	44	68	20	44	70	3	93	31	71	71	27	21	97	93	71	74	35	58	71	16	18	45	75	15	59	36	73	31	
47	67	60	10	3	46	92	55	2	17	20	86	39	64	4	89	63	51	32	90	76	78	72	62	71	85	57	5	87	28	52	63	14	49	45	14	-1	56	26	87	1	13	40	63	17	4	96	42	1	2	45	18	12	23	82	83	30	3	14	14	6	63	85	75	66	35	37	36	100	87	57	53	65	45	81	93	35	54	98	41	51	74	58	67	51	61	7	18	72	51	52	8	28	60	77	28	19	13	13	9	
87	50	33	70	100	92	6	64	41	80	10	1	29	60	3	98	9	50	36	88	10	39	84	50	93	62	52	90	97	77	88	92	88	6	89	15	66	-1	10	82	11	87	87	88	22	96	32	54	48	72	21	93	36	70	50	85	100	13	20	100	12	79	42	35	29	99	94	9	98	87	76	62	18	77	82	29	1	84	53	82	31	45	46	87	8	46	57	95	66	90	66	95	40	18	85	52	45	36	56	22	
96	95	58	4	85	38	50	8	68	28	11	48	48	55	43	97	79	4	23	14	40	7	37	16	21	98	37	1	46	67	44	31	17	21	83	19	28	80	-1	78	13	84	2	84	46	15	48	29	87	89	77	37	71	62	35	77	92	99	43	23	6	89	15	47	89	2	71	99	84	11	69	67	45	46	44	38	63	65	22	3	61	78	4	11	21	20	99	1	26	86	45	55	50	15	22	1	22	57	47	16	
33	14	22	21	11	12	99	33	47	40	63	31	40	54	27	80	17	86	11	38	66	58	67	4	45	42	50	9	4	56	94	95	36	1	43	51	3	44	15	-1	86	7	38	41	57	83	53	20	36	70	81	67	51	76	23	75	31	99	8	80	52	87	33	23	95	85	49	23	9	86	96	75	36	50	37	16	66	31	79	32	64	88	7	18	81	61	89	3	23	48	99	79	85	33	62	84	90	67	84	8	
24	71	30	33	48	40	31	66	82	71	68	15	72	39	81	1	76	72	96	91	21	21	49	5	1	16	42	95	20	66	83	24	96	82	65	47	10	38	26	21	-1	36	31	24	53	91	56	72	9	55	70	84	13	93	10	41	96	3	23	41	9	10	58	71	92	32	20	24	74	33	67	84	67	33	19	12	37	42	62	94	48	46	61	90	48	61	1	42	82	68	51	26	54	44	52	22	12	49	64	29	
14	54	43	76	38	88	56	98	93	73	77	49	82	86	31	16	43	76	44	34	41	44	75	31	90	65	79	26	76	35	70	63	31	32	46	26	95	86	73	47	51	-1	87	18	47	97	51	44	100	51	8	78	12	41	90	47	19	81	38	3	54	59	53	42	82	61	52	49	6	45	54	78	92	76	8	91	86	91	92	75	76	56	86	44	24	36	35	67	22	26	50	80	93	58	39	61	34	75	54	19	
100	22	29	60	96	4	93	71	13	58	98	39	10	18	97	5	30	64	86	44	100	98	18	63	81	54	74	50	35	18	37	21	48	72	18	82	50	74	46	87	52	4	-1	1	39	36	64	86	21	42	23	20	33	18	37	77	64	69	17	74	14	38	34	57	78	66	32	39	56	88	28	2	1	83	57	40	80	84	56	84	16	52	87	92	67	66	19	88	25	25	35	66	32	85	71	27	10	22	94	13	
71	65	44	18	36	62	35	27	84	21	96	20	39	37	25	95	89	73	92	71	48	65	50	15	32	93	48	83	29	100	98	38	58	8	71	5	9	65	5	83	82	7	85	-1	74	69	51	88	96	55	95	71	33	32	89	24	29	50	74	87	88	80	65	8	54	29	43	93	36	95	48	22	68	19	70	63	85	11	71	82	5	97	93	9	43	34	77	70	86	71	5	10	91	98	63	71	36	40	93	30	
6	38	51	59	17	82	73	41	85	31	50	1	35	64	53	63	56	76	93	92	13	86	64	14	4	47	60	24	5	60	14	41	68	2	94	80	71	3	75	97	27	27	26	54	-1	44	75	65	90	21	40	18	42	68	35	25	95	89	24	66	87	89	100	58	87	98	20	49	97	45	27	1	13	91	91	21	41	96	34	83	89	9	2	10	28	88	67	99	53	41	80	43	4	19	17	49	65	95	47	1	
45	64	44	76	42	76	5	1	46	26	54	29	55	49	1	14	45	16	45	57	59	70	99	33	35	71	45	72	73	52	35	84	77	92	20	88	4	11	51	20	40	79	89	86	59	-1	61	37	91	39	37	41	73	54	17	26	98	59	59	35	45	83	48	1	15	34	32	35	61	27	12	36	9	49	43	14	6	38	20	2	47	76	74	39	86	46	41	32	77	14	72	40	17	69	24	16	63	42	28	44	
84	70	18	65	19	15	9	38	4	100	62	21	8	76	28	4	100	83	31	85	93	86	9	66	41	5	7	20	6	81	33	83	7	31	61	1	80	3	9	87	98	25	12	77	44	81	-1	70	7	83	13	62	46	88	47	35	60	95	72	54	42	10	85	75	32	51	80	98	4	75	97	84	100	3	24	18	50	13	82	13	69	71	24	67	5	49	59	33	14	96	18	73	77	22	4	53	16	69	18	73	
27	64	32	50	58	31	51	19	44	18	58	13	85	64	3	73	49	80	69	17	33	57	31	99	77	70	48	40	70	75	20	57	20	59	2	62	52	62	56	12	32	78	42	61	31	98	43	-1	93	55	33	76	47	32	89	31	25	27	29	39	52	74	87	32	75	94	56	45	81	22	41	100	85	74	31	54	94	27	69	72	67	33	44	33	24	3	35	77	66	70	29	89	44	88	52	64	14	86	95	94	
10	48	78	75	81	28	92	30	87	6	9	90	58	50	98	80	52	86	41	98	63	10	45	100	12	49	86	70	47	30	4	65	26	27	82	77	36	48	61	97	25	7	82	97	19	70	25	9	-1	14	30	82	58	11	15	33	55	93	41	32	100	42	53	24	25	49	30	29	73	43	81	22	1	95	87	17	32	29	54	42	67	63	99	66	25	99	14	1	57	63	86	4	42	86	79	41	64	34	41	28	
32	18	3	71	4	30	76	40	68	21	21	14	84	62	95	65	39	6	62	5	67	41	26	13	94	27	25	64	92	81	21	49	26	68	51	24	91	1	88	13	85	22	51	87	14	12	4	87	4	-1	33	12	82	61	52	8	35	15	2	38	14	2	32	77	98	67	58	24	42	2	54	43	62	95	49	57	90	94	25	21	68	99	8	74	86	71	95	61	78	4	75	90	25	10	96	93	13	31	8	15	
35	24	74	39	45	50	74	42	100	16	16	55	12	5	14	58	86	12	43	23	83	98	61	18	51	84	64	34	32	2	64	78	64	39	55	58	84	1	60	6	12	92	9	56	23	38	92	100	35	57	-1	76	80	24	33	5	85	95	80	61	39	22	63	65	64	42	73	97	87	5	41	63	42	33	85	5	54	69	86	5	27	63	63	49	60	6	20	7	47	36	69	58	60	51	71	33	50	55	11	43	
95	27	31	96	73	57	80	8	25	83	36	78	35	24	72	90	2	33	69	90	61	44	48	97	62	87	82	57	10	81	57	74	61	38	29	27	83	23	81	97	87	99	18	22	40	80	12	68	58	78	94	-1	70	6	66	97	94	19	93	60	8	42	74	67	46	41	58	71	84	85	19	12	61	6	83	26	74	26	81	69	59	24	39	48	84	58	66	16	74	54	3	100	87	45	40	16	54	40	39	27	
81	50	85	17	91	58	29	93	30	2	53	45	46	9	54	51	96	21	56	24	33	96	80	4	49	40	34	1	70	68	65	67	97	46	41	59	24	61	71	87	5	40	78	30	54	32	89	59	57	28	64	63	-1	78	55	53	42	75	13	24	39	39	87	20	36	94	5	23	88	36	49	67	15	75	70	83	98	83	57	10	68	80	6	34	59	54	86	16	55	100	43	29	96	45	65	84	10	60	84	15	
6	42	34	15	51	74	54	76	77	100	93	16	5	64	76	94	57	81	21	98	87	89	39	51	96	79	49	73	73	13	34	21	70	31	34	6	41	23	15	17	85	21	26	2	7	2	20	16	25	17	5	23	49	-1	90	4	73	13	78	67	100	41	18	4	53	56	2	51	99	66	73	2	14	21	99	23	66	74	10	21	29	47	33	61	52	27	14	2	27	77	46	55	11	37	6	36	48	59	92	96	
20	78	58	94	23	76	62	93	3	82	27	12	35	62	35	54	7	71	93	57	61	33	29	98	83	18	94	32	16	29	12	58	92	96	74	63	16	55	9	90	41	71	81	99	91	64	40	62	45	6	53	26	40	53	-1	18	19	61	12	57	60	54	100	83	72	71	14	74	77	49	54	49	49	4	88	30	9	2	95	3	43	55	56	40	88	6	21	75	26	19	83	97	42	11	61	64	82	77	90	34	
1	59	21	33	79	20	14	83	98	54	56	20	33	24	85	26	56	24	13	69	36	35	31	66	4	45	20	88	12	98	89	21	90	64	87	82	2	13	37	11	87	49	30	65	74	71	56	72	64	3	88	43	44	12	27	-1	17	94	34	4	99	99	55	11	92	96	33	77	28	21	72	77	3	23	74	91	12	28	18	7	33	50	1	96	14	54	26	45	18	54	69	31	8	22	30	60	30	36	83	28	
42	13	19	26	14	78	24	93	49	62	80	8	50	6	95	67	73	19	80	59	64	58	93	31	40	6	76	8	40	81	80	34	32	68	75	80	46	24	21	49	1	57	41	100	27	86	10	21	53	33	80	18	44	73	96	61	-1	22	53	42	66	17	71	6	75	55	89	29	34	67	26	92	55	36	4	48	95	87	44	49	100	93	7	93	37	65	28	17	93	27	45	42	79	14	35	91	85	35	20	31	
25	98	75	53	63	25	7	87	40	79	24	35	31	74	22	23	70	28	46	44	55	98	42	58	63	79	68	81	14	39	22	66	89	19	60	100	77	84	82	69	21	42	32	6	89	48	12	38	3	92	11	81	26	20	78	68	70	-1	75	22	7	72	8	62	19	34	33	28	9	84	35	54	7	88	5	6	49	43	42	84	2	97	39	3	80	8	85	71	54	24	30	82	77	13	90	56	5	3	65	91	
44	61	7	94	11	2	91	5	32	45	61	90	15	48	6	31	45	51	60	49	90	48	26	23	87	53	40	61	39	78	2	53	45	40	3	87	94	55	9	58	71	99	44	63	10	20	91	30	92	96	81	14	90	39	36	85	8	22	-1	54	47	35	41	85	15	72	37	33	24	96	42	63	16	1	64	76	78	81	81	14	97	22	2	2	52	93	93	91	68	71	39	69	65	40	45	78	4	34	52	81	
45	30	33	44	59	73	54	12	24	57	2	86	58	81	83	4	22	75	46	13	1	77	75	97	40	66	46	40	77	85	40	40	34	98	94	69	63	80	63	85	31	35	92	76	100	34	69	54	97	76	70	78	39	51	23	85	10	21	71	-1	15	84	30	47	42	20	9	66	77	33	39	44	98	45	73	95	7	4	30	14	18	96	68	36	23	35	29	91	30	58	17	82	77	39	26	99	90	74	68	25	
1	100	46	1	32	54	65	91	32	80	95	20	40	47	23	26	8	31	67	79	27	13	62	45	51	82	75	77	69	16	14	15	28	25	77	25	39	24	1	64	55	99	43	47	5	90	77	82	16	73	1	70	17	46	32	61	92	79	95	17	-1	62	43	14	87	3	62	61	62	78	1	7	69	75	61	64	73	37	78	34	25	87	29	80	1	16	41	31	70	73	64	57	6	66	25	6	91	66	93	72	
38	50	73	70	28	13	26	36	97	99	6	62	6	55	25	74	97	75	26	100	80	97	60	40	85	48	21	89	49	72	66	36	6	30	42	14	67	80	51	50	34	99	50	62	83	74	91	97	32	22	10	41	34	86	88	46	83	53	88	99	86	-1	41	83	27	2	99	22	90	51	80	20	14	89	83	63	100	14	24	79	47	70	62	76	59	82	88	27	58	14	97	40	99	98	82	46	3	82	49	68	
20	12	39	43	16	54	69	76	74	64	74	3	74	97	71	88	59	74	77	21	36	74	3	60	55	12	59	19	98	89	7	17	55	17	75	62	60	36	53	65	14	97	19	73	73	11	64	87	71	99	46	75	28	89	68	49	99	66	96	56	70	20	-1	77	15	47	75	60	44	1	69	36	83	86	49	77	93	88	6	34	60	65	44	17	19	30	29	99	82	57	62	71	43	54	56	4	21	13	95	95	
18	42	67	61	29	48	60	89	29	14	20	77	35	71	7	66	16	18	56	41	47	26	41	23	95	70	67	40	4	31	19	36	10	68	67	9	47	98	69	89	75	29	17	32	57	91	82	61	51	84	80	45	76	98	79	78	85	50	73	44	14	86	31	-1	94	39	80	93	72	26	95	26	65	54	56	79	79	13	88	39	60	78	72	2	8	14	1	23	56	84	46	52	17	74	90	49	74	50	94	85	
13	65	63	41	100	15	71	41	71	99	22	76	14	72	38	73	29	16	28	91	66	20	22	30	62	24	24	27	3	21	74	7	69	8	61	67	63	68	98	58	68	59	25	69	93	73	23	35	17	50	33	33	76	21	94	88	64	13	62	91	34	55	5	74	-1	19	12	47	91	50	24	41	3	5	18	21	28	62	50	49	10	88	93	73	74	73	40	58	30	75	100	18	67	74	84	45	55	16	11	76	
7	80	80	57	40	59	71	6	31	8	30	86	79	29	36	5	6	6	60	26	8	26	57	98	19	56	33	44	38	88	84	68	5	29	2	12	81	9	31	4	28	43	5	20	6	73	79	16	57	15	90	94	30	18	69	80	49	71	25	92	99	66	20	80	18	-1	31	77	63	93	80	21	39	37	37	28	89	75	55	3	25	58	27	68	71	23	62	31	34	60	100	8	71	98	58	57	62	46	43	93	
43	97	4	73	35	79	80	78	43	25	56	99	86	15	62	28	51	69	75	79	70	59	15	95	36	82	13	38	31	25	48	31	2	34	48	67	80	45	56	95	48	14	92	35	14	62	97	66	76	98	48	2	59	87	75	89	30	21	87	91	75	94	15	66	74	30	-1	92	60	31	33	42	84	55	52	21	92	29	8	100	100	68	99	46	27	69	60	69	58	43	1	43	85	75	99	11	66	73	65	57	
87	38	5	66	44	96	36	14	60	11	32	94	84	1	11	76	94	72	94	72	30	14	95	18	67	77	82	86	64	65	5	67	60	23	30	83	31	15	50	9	14	8	48	96	30	30	28	51	23	36	72	85	98	99	98	56	29	67	28	52	19	92	36	89	72	68	12	-1	41	33	76	97	87	63	68	74	45	76	58	28	59	11	29	52	100	77	34	56	40	76	87	57	10	19	88	100	32	90	59	91	
10	35	59	35	3	5	71	96	38	60	7	44	91	65	83	60	64	48	7	3	30	91	51	88	20	13	60	51	8	30	78	11	47	80	56	6	54	75	93	4	62	45	12	28	20	74	30	89	49	86	50	24	27	98	70	83	29	11	36	69	8	17	39	19	75	5	11	39	-1	7	89	46	26	94	20	89	52	17	100	2	6	20	91	83	27	35	38	19	100	46	88	92	56	60	22	57	32	64	9	48	
86	43	44	38	92	38	40	6	7	35	21	64	13	97	95	39	36	37	26	44	8	66	73	84	95	69	25	12	2	82	56	43	46	10	75	14	1	17	85	11	39	97	25	74	12	23	59	64	31	86	90	16	71	10	32	20	89	43	86	47	85	18	34	85	77	67	35	12	56	-1	16	63	36	46	32	75	97	81	67	66	91	43	77	70	43	97	26	84	56	31	69	46	8	77	88	28	12	53	78	50	
6	30	42	47	93	13	47	83	26	62	89	100	1	93	47	83	97	57	81	17	28	33	4	52	70	69	59	49	14	71	52	62	66	99	92	100	14	76	87	5	51	36	36	38	88	17	71	92	18	64	99	8	93	91	47	33	78	30	28	5	57	11	1	55	66	75	53	51	8	26	-1	72	5	34	86	16	51	30	75	2	70	74	30	1	100	17	56	39	60	2	28	46	33	31	41	12	91	72	73	74	
86	69	9	93	32	30	2	94	3	53	11	96	36	69	7	27	26	53	65	60	85	51	35	58	28	34	17	14	12	58	10	22	55	74	19	19	6	94	70	58	23	67	88	84	86	72	15	40	52	2	75	29	36	97	91	27	82	84	78	43	37	55	79	58	38	48	41	25	29	16	87	-1	51	34	31	59	39	96	81	10	97	68	46	96	10	86	44	43	14	47	48	53	6	31	63	66	66	37	97	79	
60	47	51	13	78	52	17	60	40	51	65	83	78	30	83	24	4	54	97	5	99	40	6	22	19	1	50	35	21	90	11	89	12	83	83	16	98	58	48	83	76	50	21	99	50	16	27	45	23	4	90	27	53	69	22	53	43	99	44	16	88	57	29	46	76	42	64	31	96	54	62	4	-1	38	1	47	90	77	4	76	57	46	9	25	98	72	4	76	66	6	25	45	11	90	28	38	80	92	67	14	
32	11	79	14	19	63	25	41	92	76	65	73	86	34	88	36	74	10	11	96	32	47	24	81	90	40	89	8	73	37	18	13	93	76	94	40	79	27	21	61	77	55	100	14	38	19	73	89	82	44	17	26	12	47	47	12	27	10	87	58	62	63	99	45	59	15	57	25	53	77	65	5	52	-1	81	32	75	77	36	73	15	88	41	10	58	54	89	63	2	30	91	63	88	66	61	91	59	46	71	55	
35	97	38	14	32	98	43	53	47	53	33	7	78	22	27	75	68	22	2	46	7	49	71	20	82	31	64	53	65	5	17	100	87	55	73	98	34	95	88	80	73	65	63	75	41	89	50	23	48	36	22	55	56	30	59	54	72	15	47	57	44	58	80	69	81	86	55	100	3	27	21	55	42	36	-1	22	53	66	61	51	59	3	67	20	87	35	63	55	57	6	35	91	84	41	63	45	65	30	44	59	
69	26	18	38	20	27	39	41	62	48	81	58	17	55	77	80	24	38	2	82	86	48	23	16	61	98	45	19	20	64	59	42	79	97	55	90	11	48	38	65	69	11	95	94	27	10	8	60	53	83	72	21	88	43	3	85	60	93	72	71	27	29	56	27	5	68	68	85	87	9	45	73	51	15	85	-1	36	81	86	25	53	42	28	4	43	39	53	47	35	66	32	75	57	41	19	43	83	40	93	87	
60	8	30	59	58	99	52	4	87	61	53	47	34	39	23	28	45	12	55	50	73	6	57	92	56	10	12	79	50	82	25	77	71	26	12	37	84	77	11	40	72	49	29	80	77	1	22	14	47	6	74	58	19	52	7	29	40	47	30	82	43	49	48	78	33	54	73	20	18	65	14	85	42	21	80	78	-1	70	32	44	99	24	82	20	5	31	25	53	31	7	23	87	50	19	97	14	61	19	35	11	
30	8	20	82	98	70	11	57	22	38	74	69	59	76	62	15	44	7	84	1	10	74	38	2	4	73	29	72	35	57	37	76	83	39	45	36	80	88	85	56	8	80	25	49	70	65	64	33	14	19	37	18	14	84	89	83	52	42	93	4	49	33	61	98	13	71	84	94	32	51	2	25	20	38	84	64	16	-1	36	99	96	9	80	4	40	98	38	31	50	22	69	13	24	49	94	98	56	38	3	98	
42	56	71	51	27	94	93	36	62	12	64	44	75	75	46	82	3	16	95	48	75	25	75	62	78	55	6	68	45	64	76	86	62	60	86	11	41	53	100	72	87	11	10	30	89	77	8	78	71	62	1	88	78	63	16	55	80	57	62	55	43	17	74	64	72	22	22	94	60	42	20	64	51	73	97	57	40	35	-1	70	81	45	29	96	60	59	54	27	84	5	13	77	36	45	73	48	25	19	88	63	
72	93	89	24	60	66	90	35	14	79	53	42	86	87	17	46	63	2	71	12	89	64	17	24	50	91	2	30	4	50	75	18	78	32	10	22	21	8	26	92	88	74	90	38	37	62	93	100	98	75	41	88	19	67	35	34	98	73	87	89	85	79	3	18	7	85	9	66	54	18	12	30	59	5	92	82	22	66	31	-1	73	55	59	42	7	69	21	68	28	7	31	31	37	93	17	28	88	15	77	73	
45	75	70	54	94	3	72	21	39	74	60	69	30	20	52	40	33	12	66	87	85	33	53	95	57	66	8	42	76	87	10	12	95	13	70	54	62	25	87	98	80	68	2	52	66	45	67	21	100	99	42	66	6	60	80	87	42	23	28	8	49	34	41	88	51	7	24	25	30	24	47	91	18	60	22	28	95	68	33	55	-1	19	90	53	83	19	37	94	7	23	21	21	60	4	96	39	14	30	9	70	
10	86	24	62	59	5	51	75	49	57	31	29	34	40	61	35	51	7	3	68	70	73	34	59	32	92	78	23	94	51	48	42	59	9	82	93	80	68	52	52	66	17	66	78	4	88	97	60	54	43	27	87	49	75	81	50	61	58	75	28	47	43	99	46	90	35	81	17	16	40	87	43	36	31	99	94	28	26	61	29	12	-1	94	39	49	33	15	54	99	90	33	11	36	14	73	14	81	24	25	66	
24	52	64	20	71	87	10	88	32	25	94	62	40	48	81	97	71	32	86	30	44	65	42	75	82	92	18	90	47	21	31	39	56	24	21	36	20	15	23	48	31	64	6	50	62	56	15	56	86	74	26	92	54	64	33	78	46	59	62	1	44	73	24	6	67	20	67	54	46	20	29	92	85	69	47	59	60	30	37	65	41	13	-1	79	36	2	8	45	32	23	83	28	38	68	80	73	26	99	51	97	
79	65	70	13	59	61	52	48	65	96	71	71	63	31	47	92	39	50	17	39	73	31	50	80	94	19	41	65	24	3	15	51	90	97	4	83	85	15	8	7	86	36	47	36	58	2	2	90	84	4	15	70	2	93	34	92	83	89	61	49	83	51	90	38	47	90	99	70	98	51	54	32	24	6	97	41	47	49	52	73	3	27	61	-1	47	10	58	29	6	56	10	80	60	19	26	49	10	50	60	31	
30	59	17	26	76	87	36	31	17	25	48	25	11	73	50	53	5	54	48	13	78	81	74	74	59	5	30	43	94	16	55	52	44	51	18	48	27	29	85	59	89	80	23	39	51	45	7	25	1	17	72	19	1	3	41	91	34	11	82	86	55	72	23	77	48	55	68	96	48	20	45	62	4	96	18	93	79	19	57	78	86	75	90	66	-1	74	41	36	46	92	68	10	68	100	87	41	96	69	13	32	
98	80	35	40	60	99	18	21	10	56	40	64	88	33	36	6	28	42	32	49	61	34	1	66	38	78	43	87	99	92	63	58	1	98	31	62	73	1	53	4	63	49	58	88	95	38	69	45	27	85	86	70	22	15	64	11	100	9	2	39	47	60	37	11	10	23	75	99	24	99	34	23	48	67	44	89	78	88	33	41	12	26	93	89	90	-1	84	40	91	6	88	36	71	72	6	94	1	13	15	47	
7	11	69	92	82	45	93	7	91	54	96	88	84	79	30	20	92	60	12	37	67	64	51	27	61	74	86	54	90	50	41	3	70	60	42	51	66	89	84	69	54	75	29	19	40	80	64	16	65	98	96	96	52	1	44	37	48	56	15	1	89	85	73	80	44	72	43	27	41	65	35	65	34	29	48	5	31	18	77	4	62	6	87	48	36	31	-1	48	73	3	91	30	79	21	61	96	89	45	18	55	
5	29	50	52	71	52	76	68	54	20	87	84	52	34	21	98	21	60	52	58	52	32	24	26	29	64	52	98	23	93	40	83	24	92	34	12	48	30	7	98	39	91	29	14	41	97	51	61	72	85	21	68	37	74	32	23	15	73	72	74	84	69	44	54	20	80	97	1	63	21	92	2	86	7	9	99	30	99	76	67	16	14	41	54	36	97	34	-1	67	67	88	34	29	54	87	11	25	94	23	9	
79	60	46	93	35	58	18	43	46	23	56	76	65	1	2	74	93	66	37	81	20	75	97	93	7	25	97	57	40	36	3	84	13	100	19	51	10	8	19	34	36	32	16	34	62	68	55	30	9	25	94	96	10	90	4	67	59	67	77	34	30	69	79	100	44	50	62	74	62	18	22	8	24	54	55	71	55	48	92	78	93	55	36	4	50	25	61	86	-1	9	30	41	98	23	74	63	11	51	58	53	
1	20	99	87	39	39	92	21	11	64	41	49	34	81	76	59	33	16	22	4	39	26	73	64	40	1	97	15	65	59	17	78	17	67	24	23	24	84	95	90	14	32	72	42	38	51	51	63	51	67	16	17	30	14	69	57	89	37	41	10	28	96	30	48	71	80	23	24	47	4	89	38	44	63	23	38	81	16	92	13	90	92	72	32	19	88	33	98	10	-1	30	75	6	83	65	13	43	49	22	26	
27	8	83	16	42	32	14	81	56	77	3	83	67	21	34	80	33	18	37	61	58	36	98	26	11	69	11	59	75	40	50	89	92	30	44	24	72	51	5	83	89	88	6	61	22	21	30	63	17	26	88	58	13	74	21	50	79	11	17	39	88	3	80	62	92	22	87	76	38	37	39	35	86	99	65	33	39	66	71	33	62	96	78	42	35	31	68	31	15	53	-1	76	69	58	68	47	27	77	80	85	
44	10	34	49	36	43	82	25	87	77	4	6	3	66	64	82	76	28	82	99	18	39	27	87	9	61	1	80	88	21	52	86	12	94	54	90	46	4	60	74	60	91	51	10	76	39	58	17	65	96	76	97	50	87	48	55	68	5	3	30	15	6	38	41	12	56	13	7	86	30	11	35	95	43	62	12	84	75	54	11	63	75	97	71	95	12	54	95	61	62	14	-1	42	38	38	62	47	17	70	62	
72	39	31	97	45	80	52	27	68	56	49	15	91	65	34	65	16	86	80	3	96	16	72	42	48	17	96	95	40	47	35	22	8	49	97	71	11	52	41	72	89	79	52	62	98	47	39	67	25	46	73	4	18	42	40	30	70	34	16	66	59	96	83	85	67	57	2	1	82	21	64	26	12	73	58	63	79	62	91	1	73	95	57	20	96	90	68	27	27	75	9	55	-1	24	10	82	79	59	62	72	
43	14	14	8	56	96	14	58	10	19	73	87	25	1	82	14	1	7	89	25	17	53	79	9	98	24	40	28	35	13	60	73	40	70	64	57	32	26	43	88	47	81	24	93	40	33	50	71	49	34	13	48	56	81	19	27	47	91	87	53	55	56	76	99	90	18	53	63	24	42	95	4	70	98	68	71	50	56	35	7	90	2	48	36	100	62	94	91	73	96	89	85	41	-1	30	93	49	7	39	4	
42	77	43	67	6	94	46	72	16	90	10	6	52	94	74	93	20	9	41	96	13	73	52	73	52	34	75	91	75	60	85	89	42	35	17	82	14	24	8	44	23	74	96	54	13	94	91	57	66	14	17	13	53	91	78	100	82	10	52	79	13	36	79	89	12	14	13	60	96	48	40	41	18	8	70	35	18	37	65	27	73	80	51	98	84	59	67	84	35	85	44	59	79	81	-1	22	95	98	98	99	
81	69	10	40	94	28	77	12	65	39	25	15	99	69	79	91	94	32	33	23	12	68	38	97	98	73	53	21	80	45	74	70	54	95	5	45	15	77	65	60	93	100	12	70	18	81	83	8	5	2	80	85	84	7	58	8	17	7	1	57	58	34	67	11	50	91	83	70	28	21	91	9	54	9	7	61	7	7	68	34	36	51	98	1	81	6	1	36	6	13	93	18	91	71	73	-1	98	33	54	10	
29	66	84	49	13	53	51	70	1	62	70	13	58	14	81	61	97	58	55	91	94	80	35	17	99	83	2	88	62	64	94	43	86	8	18	65	45	16	32	17	1	63	62	67	56	63	82	34	66	15	8	92	21	83	37	81	36	84	65	80	95	62	41	90	6	79	47	36	8	69	69	47	22	99	44	83	63	68	20	4	15	1	52	36	11	52	96	76	75	24	38	84	78	79	69	78	-1	97	14	87	
30	58	32	31	14	91	37	70	46	40	44	49	9	21	39	38	90	52	54	2	52	29	7	24	10	47	92	40	57	74	57	58	15	45	16	36	92	81	22	61	19	3	63	100	71	3	97	52	27	21	17	33	75	93	19	63	64	33	72	29	25	94	68	13	99	7	65	49	42	4	44	41	29	27	98	56	3	19	23	9	87	18	30	43	98	97	22	90	63	21	87	56	71	52	84	30	25	-1	72	47	
19	7	43	73	95	71	8	12	83	1	37	42	93	50	34	76	74	92	81	23	11	18	86	33	96	3	17	52	26	70	61	62	77	57	27	21	9	50	35	97	28	49	31	26	84	27	18	35	81	87	58	75	25	55	65	31	71	13	36	64	18	54	85	35	34	10	87	78	69	34	56	42	19	19	14	21	30	40	77	48	99	93	48	40	36	24	45	69	84	48	58	25	16	93	13	90	56	72	-1	32	
14	57	31	38	93	36	30	8	53	43	39	40	82	18	11	78	29	9	86	79	25	55	42	42	50	66	11	69	5	50	1	9	45	91	84	10	64	39	63	77	29	35	49	94	33	5	57	52	59	42	37	71	5	53	81	90	99	47	63	36	26	44	78	75	61	50	43	55	59	36	79	57	29	50	30	52	61	44	39	44	64	100	41	16	48	60	70	39	77	67	82	87	92	14	98	26	100	49	54	-1	
