100
-1	50	9	56	59	90	82	97	45	14	51	35	48	71	51	79	34	3	82	77	36	71	67	69	64	85	4	16	83	29	9	2	6	59	78	69	74	95	27	50	96	7	50	94	62	24	8	44	19	75	68	52	25	6	65	95	9	19	21	58	3	65	85	20	87	5	54	100	47	30	80	18	49	12	35	53	79	65	36	53	5	1	25	18	35	75	7	84	25	1	35	96	15	49	95	79	24	68	90	22	
85	-1	60	70	42	45	72	77	24	84	66	78	68	37	72	69	53	52	11	14	76	15	66	30	34	99	74	91	91	47	53	29	21	17	24	36	56	28	84	72	3	81	8	54	47	60	73	41	19	14	94	81	43	61	6	19	92	83	39	33	64	86	56	47	35	59	71	98	70	74	35	16	3	25	43	33	84	61	76	48	62	45	3	13	21	73	7	41	75	86	17	94	38	78	60	45	82	11	52	17	
83	34	-1	38	62	82	98	62	26	33	91	44	22	8	59	66	64	47	4	74	100	65	46	55	25	22	95	42	86	64	28	64	68	30	26	96	61	17	94	2	21	52	73	33	24	31	51	81	97	55	37	74	61	96	85	42	55	18	45	70	30	64	51	42	3	17	36	71	57	1	30	2	55	96	36	57	41	93	72	85	53	78	34	28	79	18	80	38	22	99	39	99	62	81	41	95	87	39	25	44	
23	72	10	-1	79	71	85	76	81	93	97	95	93	18	84	49	83	10	97	94	78	80	2	59	45	96	97	12	39	27	64	53	57	58	56	90	20	29	39	57	68	57	35	76	22	91	6	16	41	35	79	77	7	25	97	55	13	11	43	64	65	11	24	51	78	26	88	45	58	29	42	50	67	40	11	91	71	12	38	65	30	29	62	31	72	95	50	16	99	40	31	19	37	35	15	53	26	84	91	41	
29	20	14	60	-1	89	78	45	3	38	38	46	64	35	32	57	14	34	80	95	97	22	85	89	47	29	12	65	97	18	83	35	56	8	93	3	64	28	31	41	97	99	32	25	55	32	41	24	32	56	44	34	60	27	73	61	10	50	29	38	88	22	35	71	95	84	85	25	72	8	92	15	10	71	38	66	44	52	51	39	50	11	93	62	35	13	57	75	54	23	51	26	6	33	84	35	13	48	74	60	
100	11	48	71	95	-1	10	12	35	45	20	82	29	47	43	17	10	24	9	55	4	44	38	88	90	94	3	31	7	84	65	90	57	66	38	44	89	63	47	87	19	4	47	54	36	93	7	79	76	93	27	45	6	99	99	30	20	6	41	7	23	38	42	37	26	92	84	90	38	77	19	75	46	74	74	44	16	10	64	24	55	82	74	35	54	61	79	45	9	24	15	73	27	89	28	62	80	36	34	56	
28	52	5	62	4	6	-1	61	91	7	71	13	71	39	37	14	56	73	52	62	75	78	5	80	80	19	3	79	93	96	56	63	42	25	89	26	86	49	30	27	64	30	72	63	56	56	68	69	4	29	85	3	46	49	77	85	12	12	36	54	2	48	53	73	38	7	44	38	90	37	68	48	25	57	93	65	87	98	25	48	39	80	92	31	26	44	100	1	77	64	30	89	5	78	26	16	34	36	93	12	
67	88	53	93	32	40	33	-1	8	89	21	26	22	78	24	57	85	93	82	41	57	16	20	43	98	99	29	13	45	46	54	28	52	83	54	17	18	37	80	50	87	61	17	92	48	99	83	51	10	5	82	34	73	92	9	25	94	88	36	52	28	16	55	32	75	52	87	100	70	54	27	14	75	16	75	50	13	49	87	100	57	66	30	17	24	69	1	6	72	90	9	20	60	86	46	39	5	34	4	37	
90	57	83	86	84	8	81	94	-1	55	25	22	46	19	54	41	99	46	36	58	7	94	3	15	65	62	23	50	35	1	95	23	10	74	18	26	45	65	43	56	54	38	29	51	22	96	63	31	24	65	8	82	35	68	98	58	3	77	20	41	29	36	54	89	93	41	99	90	93	79	65	53	67	19	52	54	76	95	28	48	39	26	33	31	84	39	64	74	85	38	36	74	12	21	100	87	39	67	30	86	
80	57	32	90	1	10	83	27	79	-1	97	66	72	29	72	84	8	64	63	28	95	1	37	19	85	2	5	70	28	32	57	63	9	48	76	14	49	32	14	69	50	89	89	67	51	15	97	96	100	76	31	66	57	77	21	53	62	61	84	49	23	27	67	12	5	87	15	91	49	4	92	54	15	80	4	6	93	87	57	65	41	72	15	98	24	6	98	43	37	10	53	29	18	50	48	91	33	10	63	89	
1	28	59	10	66	17	41	96	78	38	-1	61	15	18	24	89	89	61	56	29	92	31	57	89	80	24	63	37	71	1	48	52	78	23	89	28	70	95	48	45	67	83	31	13	67	95	55	2	82	30	94	2	65	74	26	3	88	12	31	1	85	1	87	49	73	58	7	95	97	43	77	35	54	46	68	4	68	56	47	45	97	28	58	28	52	83	97	84	12	28	54	93	27	41	65	99	3	54	38	83	
12	32	23	100	77	76	15	18	95	97	62	-1	16	35	84	22	76	43	23	33	95	93	11	72	25	24	73	7	53	3	19	74	72	33	67	31	76	97	14	13	29	83	34	85	19	3	88	99	69	50	72	55	37	82	33	56	32	89	6	89	36	89	97	78	36	6	73	97	98	21	98	6	98	32	28	20	67	93	70	33	60	52	59	35	53	39	98	19	6	4	58	11	47	57	64	15	32	39	48	33	
83	33	98	70	52	34	89	58	12	70	84	43	-1	53	84	97	97	96	40	78	42	68	76	30	88	59	80	60	89	15	66	14	43	82	30	85	56	33	78	46	45	81	45	24	51	47	49	45	53	54	2	42	6	22	41	11	26	87	41	93	4	27	17	6	79	92	19	26	81	45	15	76	7	75	42	45	43	95	4	10	66	94	24	56	66	67	96	63	79	84	69	67	68	100	51	39	84	49	84	59	
2	81	21	1	65	1	62	34	16	44	75	54	89	-1	53	79	57	13	92	32	7	60	46	70	55	93	27	89	47	51	92	25	47	41	93	69	31	87	76	84	13	66	62	10	48	90	46	85	10	70	44	69	72	96	40	30	91	26	87	10	77	96	41	83	58	26	88	94	20	29	87	32	69	57	11	55	16	29	26	76	13	70	92	24	73	73	11	45	81	20	22	58	61	83	85	45	56	91	31	24	
42	34	99	42	86	92	73	16	62	14	52	28	31	77	-1	64	4	5	25	42	21	23	27	57	70	43	68	88	76	37	34	45	16	16	32	48	27	48	45	56	96	74	77	61	59	61	27	43	81	14	42	90	80	19	71	14	44	19	22	57	19	65	61	11	21	78	5	45	46	39	90	25	24	20	65	61	3	98	92	74	20	95	66	18	54	35	47	37	75	33	74	69	94	68	78	32	87	15	90	11	
68	8	40	4	90	20	51	35	36	1	47	20	15	92	26	-1	35	81	37	85	94	84	45	68	11	33	6	93	37	54	61	38	1	8	1	43	4	48	6	23	71	80	32	37	6	25	61	69	85	83	20	51	75	21	31	4	12	17	40	56	10	59	99	63	84	26	99	50	98	78	30	57	3	1	50	78	11	95	78	33	87	27	48	82	63	65	80	70	36	65	92	82	26	33	61	55	31	58	82	51	
77	23	25	80	100	78	79	54	40	39	99	36	38	22	49	18	-1	32	88	98	1	94	45	55	90	54	69	95	100	27	21	95	68	94	51	1	78	41	100	43	85	56	64	64	23	69	55	51	34	11	91	10	59	34	2	18	69	81	86	66	96	24	10	12	30	92	62	91	17	80	34	30	31	44	70	61	18	57	26	14	76	55	69	85	54	45	27	3	47	92	32	84	63	17	93	11	33	36	17	8	
86	73	60	96	83	80	54	26	5	17	79	62	94	40	14	9	51	-1	91	52	32	84	54	19	46	79	10	91	67	12	17	35	10	61	57	66	93	6	63	39	80	83	6	71	87	5	72	11	52	69	75	26	24	47	68	52	92	34	81	63	19	5	16	32	43	33	40	57	77	68	54	46	89	6	87	69	13	65	41	39	33	46	10	72	30	69	82	62	87	46	43	49	9	50	37	21	98	88	1	44	
96	73	64	85	71	48	33	18	60	34	31	74	83	4	48	26	36	91	-1	43	45	1	77	59	1	72	92	75	72	50	24	64	19	3	24	2	2	92	2	20	41	85	3	83	53	88	24	80	1	25	18	15	90	60	84	58	48	48	75	83	88	57	62	59	19	80	67	27	33	2	79	35	74	6	73	61	39	43	34	74	24	13	97	27	48	71	70	47	29	73	19	4	94	58	10	56	59	77	80	96	
72	95	17	3	61	76	13	20	92	96	86	35	63	48	43	91	63	53	97	-1	72	33	47	72	7	84	73	28	31	63	72	12	85	17	21	30	91	31	48	57	40	100	43	84	47	34	42	3	14	44	80	43	53	87	6	93	48	41	74	27	37	36	47	51	61	87	39	96	8	15	5	45	91	44	96	15	97	98	43	34	61	58	71	9	52	67	82	39	42	78	13	45	65	93	12	16	85	63	29	69	
33	97	94	59	98	35	83	24	82	58	63	92	84	69	26	79	70	93	7	74	-1	61	2	26	64	48	94	81	1	36	92	15	30	91	1	33	41	48	46	12	8	69	63	10	5	94	1	64	57	18	30	81	94	70	17	97	25	94	12	29	100	91	10	40	10	42	100	1	76	15	7	43	80	3	7	29	1	59	7	19	38	41	53	64	2	89	51	59	88	82	62	63	78	77	18	30	95	57	6	77	
52	31	17	17	79	36	96	26	47	8	34	7	32	2	51	89	4	61	33	26	64	-1	1	72	61	71	19	78	25	23	13	13	75	57	53	61	88	60	59	82	78	81	21	27	90	69	27	54	14	38	55	82	31	86	46	83	62	14	24	80	79	51	61	95	70	51	61	61	97	98	37	23	90	73	73	21	17	2	56	76	1	17	63	78	19	7	18	77	38	85	65	8	29	59	94	31	6	29	26	92	
65	54	9	29	32	68	29	80	16	35	2	37	8	21	68	66	52	97	97	85	93	58	-1	34	9	31	75	43	18	59	57	9	98	94	44	23	84	46	41	8	100	99	91	17	3	61	34	10	17	76	81	62	12	99	14	14	55	21	18	81	26	70	37	61	12	38	68	33	50	99	46	59	34	27	48	60	20	83	43	86	95	17	70	41	44	93	5	14	50	16	58	23	9	77	42	27	33	64	49	33	
1	58	97	50	33	74	4	100	43	29	37	52	65	17	30	31	12	73	83	29	91	82	53	-1	90	27	21	11	6	49	55	61	91	57	29	83	40	41	34	8	44	9	57	12	19	46	35	11	4	24	76	72	84	37	5	44	42	87	6	58	55	16	45	98	84	80	75	32	82	31	45	96	41	61	18	96	24	22	11	50	7	65	67	63	58	40	47	94	50	73	1	97	90	83	81	73	96	48	96	68	
83	70	33	92	46	91	100	21	58	73	1	39	93	34	12	21	20	81	58	57	55	49	76	45	-1	14	89	27	53	82	80	24	91	7	86	100	39	24	36	55	59	6	72	8	86	90	71	41	78	66	39	33	31	8	24	1	90	91	7	63	60	74	41	55	68	80	4	36	99	11	6	67	45	43	86	54	22	33	1	16	2	11	82	15	74	66	49	6	56	75	36	49	33	46	73	85	68	12	6	44	
54	50	95	84	24	2	80	11	64	62	19	3	33	99	10	70	28	60	56	25	71	39	36	97	31	-1	7	99	42	67	75	11	40	41	62	7	90	40	3	77	61	49	62	37	24	78	64	84	37	22	31	85	25	62	90	27	67	35	80	16	22	73	30	88	28	47	38	21	33	77	61	29	5	99	57	76	45	18	59	27	76	3	23	93	33	66	50	62	99	9	55	70	50	34	97	11	56	82	11	65	
26	51	45	84	59	54	74	35	21	65	67	88	95	9	23	44	15	83	99	84	85	40	68	16	16	33	-1	83	7	24	40	88	43	47	49	82	51	23	48	22	94	44	39	26	78	50	58	92	12	98	89	14	66	34	34	28	86	45	56	88	37	12	3	50	36	10	32	25	33	78	59	76	41	38	60	28	5	81	27	97	55	42	92	91	42	64	17	51	29	62	93	38	55	52	5	53	39	21	92	49	
30	86	92	57	77	59	19	62	69	77	44	47	72	75	3	49	42	81	98	24	64	85	1	78	76	88	98	-1	24	56	26	61	55	99	61	67	56	81	27	78	4	35	72	89	57	40	89	39	1	90	71	45	12	95	40	43	15	9	16	28	31	40	31	7	31	31	29	92	10	10	98	99	53	90	87	61	52	13	40	20	14	36	72	74	86	67	42	53	43	28	13	17	55	82	78	29	92	6	68	95	
59	67	56	83	34	23	91	50	27	62	21	66	17	62	98	24	23	71	46	97	14	96	37	83	44	58	6	72	-1	74	37	37	59	50	64	21	33	94	12	66	94	87	96	50	69	57	76	87	53	42	43	70	48	41	77	98	24	90	85	86	45	11	95	75	50	40	25	10	23	74	67	45	54	12	41	84	24	11	80	86	71	36	63	29	14	24	92	86	93	23	57	24	93	16	48	76	54	24	55	37	
27	1	24	45	9	17	96	44	29	75	8	59	75	5	92	39	39	54	60	7	29	86	17	87	99	4	25	11	48	-1	39	1	20	94	96	81	61	93	99	9	80	86	4	15	54	17	56	97	16	39	12	57	16	26	89	82	11	50	4	13	100	55	64	55	5	40	71	32	40	92	89	37	46	96	11	26	67	64	70	95	40	61	5	60	16	30	20	18	32	33	79	100	83	93	16	54	6	81	93	64	
12	80	96	51	56	3	67	20	42	10	34	45	23	62	30	35	97	74	41	32	14	9	7	98	44	92	87	81	33	9	-1	86	26	20	79	99	63	28	50	97	9	75	61	13	83	9	66	74	13	58	42	85	76	57	6	96	48	19	73	76	96	100	47	35	61	24	70	23	66	44	83	20	97	74	82	42	61	10	65	82	51	83	74	30	83	26	56	8	53	60	8	92	72	82	25	12	9	32	84	96	
30	50	84	77	53	99	57	98	72	3	55	54	3	8	61	24	28	83	27	96	9	63	57	46	55	55	73	81	70	36	7	-1	53	6	93	10	67	36	22	18	32	55	26	71	85	16	13	49	59	100	25	22	39	9	81	64	27	44	26	91	28	73	44	9	7	51	85	81	15	2	36	24	69	26	25	14	56	99	62	100	98	97	13	18	38	40	76	64	30	8	69	21	36	73	76	51	9	71	2	56	
33	4	75	48	9	50	34	93	42	22	71	35	45	29	5	91	52	19	62	6	92	1	91	2	35	55	4	41	16	49	88	33	-1	24	53	65	54	23	62	63	13	40	51	68	90	13	20	31	57	63	84	33	30	88	82	96	9	90	66	48	11	27	78	51	42	17	89	40	22	92	50	46	89	5	14	98	56	22	100	45	64	79	77	35	28	3	28	21	59	80	78	13	44	51	32	67	88	99	17	86	
20	35	11	89	36	50	30	19	11	31	83	41	67	97	98	94	44	93	89	68	68	81	95	81	46	31	94	8	39	11	64	5	72	-1	49	16	27	37	11	83	44	17	9	93	6	56	5	5	20	41	25	95	6	88	27	82	54	71	92	93	47	7	20	22	79	81	69	53	59	17	47	85	62	91	95	28	96	57	82	88	4	72	4	90	35	10	35	94	46	64	94	3	54	35	83	12	43	44	36	19	
55	32	10	41	15	5	74	2	99	67	29	98	85	73	9	57	56	28	56	87	59	88	72	75	66	4	16	81	9	9	70	21	78	78	-1	41	18	25	47	97	6	98	85	41	80	21	36	61	60	67	68	92	42	3	61	3	5	20	99	22	37	9	76	90	47	60	51	40	12	99	60	33	9	15	81	3	41	83	5	19	11	98	67	35	34	12	49	70	2	82	73	66	20	23	97	65	29	65	18	94	
47	88	74	82	89	1	93	87	81	23	8	20	63	79	57	6	35	61	10	98	85	22	53	67	95	11	11	30	44	57	84	84	8	30	3	-1	23	9	5	30	92	32	13	28	72	47	72	45	45	77	46	86	50	18	71	30	34	21	85	15	66	11	28	57	82	75	12	84	73	34	41	72	6	83	37	2	90	7	40	73	51	21	43	6	99	42	92	67	70	55	37	85	24	31	75	13	47	22	66	72	
27	82	58	67	46	21	64	54	98	99	6	87	49	90	75	17	25	80	51	33	32	12	75	89	1	14	20	64	99	51	76	9	82	44	36	99	-1	12	27	8	60	61	56	32	32	50	33	88	89	47	28	79	96	35	4	91	47	29	82	92	61	79	29	74	57	13	24	88	55	99	75	34	79	83	22	41	96	95	29	70	76	26	30	68	96	88	3	26	94	83	3	80	57	23	13	8	30	33	39	24	
28	60	3	59	65	76	51	57	99	12	82	59	87	97	7	14	77	87	78	34	60	79	87	74	40	18	89	42	30	66	16	22	46	2	43	77	48	-1	90	81	36	64	84	96	44	82	1	94	9	50	51	24	84	87	6	92	96	38	13	75	88	41	39	59	56	5	26	53	2	53	56	23	66	52	55	68	61	9	53	68	13	65	93	65	33	8	28	86	100	11	47	47	43	9	20	85	4	73	56	23	
60	88	72	65	67	95	95	85	30	67	78	16	82	72	48	54	16	6	48	47	72	27	81	76	13	92	22	57	36	53	71	69	97	80	11	80	59	93	-1	57	35	20	46	71	6	8	28	9	2	48	55	79	69	99	85	71	62	28	4	61	47	62	19	76	33	3	11	24	11	95	82	91	99	45	52	5	18	11	24	59	53	99	45	73	51	64	90	56	65	26	79	28	40	85	81	66	89	20	47	63	
51	89	2	5	84	75	10	24	41	80	90	39	75	16	85	21	10	85	86	73	10	1	2	56	63	41	84	61	5	7	77	62	34	58	28	59	26	56	67	-1	47	78	69	88	13	1	99	75	55	1	77	49	45	12	23	12	17	92	2	11	39	7	100	41	22	78	87	41	40	26	86	25	67	73	96	19	4	23	27	31	20	64	88	26	57	83	50	39	90	79	36	84	66	21	23	99	22	75	86	89	
92	75	12	66	83	87	79	23	57	59	30	89	60	80	98	71	44	99	17	93	63	21	43	89	98	30	12	98	44	59	37	60	84	93	61	68	72	87	4	72	-1	75	63	87	72	98	39	87	34	7	93	11	39	29	93	23	88	20	15	87	4	16	48	18	74	8	65	79	85	45	21	17	77	87	74	59	26	31	83	67	40	97	97	2	65	92	48	8	39	68	82	16	71	3	70	75	90	11	66	25	
30	27	82	68	84	40	100	52	77	26	92	47	17	59	33	41	75	27	84	30	42	41	1	83	72	45	59	51	37	2	36	75	70	46	5	4	11	47	6	95	9	-1	96	29	37	61	97	55	60	92	83	43	86	99	92	4	56	31	57	69	86	79	44	75	85	23	5	74	5	11	71	55	28	92	57	30	46	3	34	78	7	66	84	81	70	48	96	82	48	95	92	59	56	84	58	44	63	59	49	81	
15	72	1	36	40	81	68	47	15	16	22	11	82	91	61	29	11	31	26	55	25	30	45	38	100	92	24	34	65	3	61	99	45	21	53	31	37	51	93	41	14	4	-1	67	56	65	52	50	31	70	58	69	71	32	86	21	53	92	6	41	62	64	67	34	75	73	56	30	22	72	31	74	87	53	43	98	47	85	21	100	75	37	41	46	75	34	36	96	68	72	8	37	74	42	83	67	74	7	39	93	
49	18	69	88	33	66	45	74	76	52	21	95	61	6	34	60	2	5	40	17	23	6	76	97	44	40	98	33	31	53	7	61	46	26	33	58	12	91	93	5	66	27	30	-1	62	2	100	56	13	20	75	5	44	71	99	27	93	76	7	86	11	98	52	32	11	11	95	78	45	31	31	5	27	65	87	46	2	22	74	30	54	58	51	33	10	7	19	81	92	65	9	69	58	3	76	22	75	36	11	78	
84	6	17	35	1	85	22	50	90	51	86	17	65	34	93	6	19	8	34	29	47	3	31	56	34	55	98	88	12	39	73	27	85	37	87	8	11	99	74	14	7	39	87	45	-1	14	3	72	29	50	92	77	96	74	78	38	78	42	37	52	80	34	70	29	74	96	33	4	88	32	73	65	26	76	9	97	14	96	74	46	58	92	57	78	79	8	70	9	85	91	13	75	80	14	36	74	83	11	13	100	
34	61	38	69	97	26	62	36	27	28	21	86	5	5	79	3	44	41	56	75	79	96	24	36	77	84	42	90	9	23	10	71	52	89	15	37	89	29	13	20	90	82	47	80	65	-1	56	44	14	91	94	40	82	50	18	89	1	94	59	55	72	26	74	31	81	76	97	90	41	84	96	86	1	45	93	13	96	55	21	86	41	62	75	88	89	40	52	72	36	25	20	67	96	92	76	32	58	15	52	78	
64	19	44	17	91	37	81	78	86	12	49	48	43	31	83	94	40	10	39	50	72	100	66	66	23	56	49	45	95	77	19	52	76	13	32	23	75	13	59	94	18	26	32	51	15	44	-1	7	81	95	75	91	42	41	53	22	37	59	14	84	15	86	77	82	15	60	12	29	27	31	95	67	41	9	69	97	30	15	79	94	30	26	73	59	80	38	54	40	23	97	21	17	97	88	65	16	99	80	74	38	
69	4	1	96	96	57	43	53	93	2	25	85	56	25	90	7	40	25	7	55	32	9	15	57	59	26	91	54	60	52	49	76	98	7	25	99	62	75	58	7	33	100	33	71	95	96	67	-1	1	11	97	90	99	97	20	54	52	78	22	48	87	55	73	71	31	73	14	57	52	35	96	51	16	80	29	97	73	51	95	32	50	60	14	50	61	81	96	19	25	45	34	60	96	99	21	60	30	66	39	98	
54	12	62	78	71	85	45	7	67	53	26	33	37	96	32	66	85	8	95	38	5	60	12	23	20	1	57	58	77	62	52	47	61	12	3	15	5	33	68	64	20	24	74	69	84	10	12	59	-1	6	63	83	99	31	36	46	100	52	31	93	91	49	88	63	42	54	19	30	54	62	30	86	100	57	84	41	98	87	2	8	85	17	25	46	5	48	100	87	65	16	91	22	41	30	16	11	89	73	42	98	
42	53	87	16	19	25	46	77	22	19	16	77	99	2	38	51	14	39	84	86	84	51	77	18	74	11	99	100	65	77	88	53	17	71	96	8	92	97	53	48	70	92	77	39	99	100	3	14	36	-1	65	37	93	34	93	7	71	43	57	100	1	82	87	25	82	97	75	94	11	33	68	73	36	21	57	20	83	15	43	19	30	36	26	18	91	59	67	3	88	87	8	23	84	24	46	45	93	91	38	60	
10	16	27	39	39	9	7	57	91	48	88	46	17	30	29	63	28	74	89	41	56	68	43	56	84	42	55	41	74	22	35	22	15	94	82	78	35	20	41	13	53	2	11	68	2	89	54	20	84	97	-1	31	27	81	96	14	64	69	62	5	64	61	8	87	17	76	19	36	42	55	92	36	91	47	85	51	38	65	71	91	50	71	46	55	67	50	4	86	18	39	38	77	27	42	47	86	60	3	10	14	
48	75	19	71	39	27	41	1	31	98	50	1	24	1	82	84	20	63	12	59	43	59	35	11	5	49	92	95	11	74	97	31	7	87	78	35	14	72	81	12	20	14	55	23	23	19	61	60	47	71	24	-1	8	66	27	85	70	98	70	15	22	43	100	38	28	91	2	68	60	55	29	58	25	36	67	38	31	41	99	82	87	31	8	100	18	63	72	87	7	70	1	44	17	3	57	66	68	32	10	75	
45	10	12	56	8	75	66	35	9	52	18	11	90	56	25	83	77	58	91	15	33	50	26	23	97	55	17	49	40	27	19	69	2	72	100	67	80	93	35	65	18	40	49	18	85	62	51	38	15	48	10	75	-1	17	89	78	51	61	3	88	91	87	31	83	43	85	11	69	83	25	43	15	5	22	31	30	8	47	54	32	85	7	44	58	80	50	3	99	13	43	100	10	99	14	97	7	73	15	46	63	
31	44	100	88	52	60	67	71	57	5	31	65	92	63	34	28	42	49	1	55	81	51	73	87	86	13	35	79	59	95	70	58	80	69	8	96	83	13	32	38	77	83	54	94	19	36	87	43	12	22	22	88	15	-1	38	63	23	97	99	55	67	48	95	21	26	63	15	68	89	5	100	88	37	51	91	73	48	9	85	78	26	44	64	30	92	91	28	89	54	82	49	93	24	14	63	18	76	85	95	43	
1	37	86	77	3	97	100	10	1	91	47	31	3	28	31	22	78	72	20	15	48	29	26	75	16	11	88	89	78	57	73	25	51	18	2	50	3	37	4	41	47	17	93	14	93	25	69	85	1	79	51	13	73	28	-1	87	31	93	52	30	7	5	54	40	35	2	45	61	40	39	28	52	4	56	55	8	8	84	63	79	3	3	49	100	40	62	37	43	13	85	97	92	59	25	59	76	83	72	30	11	
54	74	97	87	1	54	97	79	100	64	42	56	89	75	35	24	23	13	53	99	67	74	97	83	5	11	89	90	84	56	41	75	12	8	78	6	60	11	50	71	63	49	97	81	81	85	52	14	74	24	8	83	39	91	22	-1	86	22	61	100	42	39	66	66	86	47	37	69	100	39	17	80	20	8	91	2	33	18	89	95	7	46	89	6	10	65	79	94	26	61	9	80	51	14	66	8	15	33	25	44	
82	88	39	33	37	27	6	99	6	57	23	47	10	38	74	19	56	43	68	22	34	86	90	56	30	36	32	96	7	92	64	73	55	22	97	78	7	56	10	33	93	60	71	77	41	26	38	86	91	3	65	34	83	42	99	94	-1	78	94	24	10	49	92	19	1	48	82	59	38	89	44	51	52	37	46	69	77	21	99	72	88	100	32	98	13	53	80	2	92	88	70	51	82	2	8	12	75	13	3	41	
55	84	50	41	7	42	59	66	87	48	24	6	6	66	47	39	61	27	32	94	55	76	10	35	64	33	96	36	77	25	17	43	91	31	79	29	88	6	12	92	2	62	77	63	57	59	26	80	32	1	43	39	87	45	86	85	95	-1	84	56	16	61	16	48	77	60	11	45	89	85	42	40	96	8	38	50	99	64	7	44	93	67	45	99	61	31	95	100	22	69	36	69	6	48	80	53	75	28	79	10	
67	91	97	8	43	3	65	8	2	18	31	66	99	94	64	35	56	69	48	47	16	28	79	54	32	66	27	11	49	19	65	46	37	6	1	42	43	44	35	66	64	42	7	90	68	61	9	60	16	79	77	84	89	5	77	83	44	43	-1	65	35	95	39	2	35	9	62	78	64	58	39	15	13	1	5	66	7	53	67	70	64	29	50	57	96	75	51	33	33	64	10	55	59	22	82	36	39	90	30	41	
90	98	83	77	84	69	71	69	1	22	2	75	82	87	2	9	32	28	40	60	63	11	36	16	53	56	62	83	65	51	15	98	30	89	90	75	91	53	12	95	21	60	4	97	90	47	27	20	32	11	58	42	41	36	94	93	45	7	45	-1	2	98	98	97	8	58	38	26	58	62	67	31	17	74	97	34	48	13	95	20	28	98	75	55	6	47	21	90	54	21	29	52	58	33	70	20	24	73	37	48	
61	30	96	42	98	96	51	4	47	54	16	79	65	96	86	56	16	42	17	36	54	67	32	54	91	10	67	100	57	72	89	28	85	46	89	55	91	88	17	81	51	57	67	38	88	85	23	48	49	61	72	14	46	63	35	13	12	82	93	25	-1	8	42	20	94	41	66	60	87	8	41	10	19	63	15	62	2	41	86	82	34	85	53	98	6	65	47	9	7	9	11	48	14	33	71	97	25	47	63	55	
90	48	75	24	88	56	63	87	42	27	82	43	37	79	77	75	2	44	21	76	1	11	75	32	96	15	3	40	55	95	84	53	19	71	75	70	49	77	49	24	40	7	81	30	67	92	5	47	24	35	84	3	83	86	58	77	63	58	47	86	2	-1	86	57	97	100	95	83	8	46	83	66	55	38	32	55	23	54	63	85	27	64	84	25	74	57	41	27	15	83	27	38	17	75	92	55	33	27	89	6	
14	78	70	49	59	58	11	73	79	78	1	46	89	88	26	63	89	47	61	22	75	23	10	9	34	30	92	56	100	33	20	41	12	31	73	14	84	14	44	62	4	45	90	59	42	94	19	14	32	32	70	99	19	21	14	14	17	82	11	95	42	18	-1	74	54	42	43	4	22	74	98	50	10	23	42	21	8	27	20	80	86	99	77	30	23	77	19	12	79	67	29	8	5	99	53	63	64	60	3	81	
75	73	4	46	70	41	44	94	54	50	4	84	84	70	34	48	5	39	26	59	48	94	89	20	8	75	48	24	91	70	59	61	60	25	26	35	53	12	48	83	72	49	55	60	39	9	39	2	33	35	90	40	99	96	67	23	31	42	77	49	16	92	39	-1	79	34	6	66	45	68	74	34	65	46	62	84	31	12	61	84	77	8	87	63	95	38	15	55	68	15	72	89	21	10	31	94	5	39	88	22	
62	49	77	38	63	5	27	77	42	89	84	44	68	41	53	64	87	29	81	64	11	10	33	100	48	78	69	62	87	90	79	67	96	58	91	47	70	56	79	48	97	88	55	52	76	88	56	50	5	66	32	60	85	82	93	98	96	14	8	33	14	51	83	44	-1	11	90	99	3	57	19	50	54	87	21	67	24	40	49	83	82	60	7	30	25	30	39	53	39	87	12	30	84	14	95	9	31	100	62	32	
64	98	59	43	87	32	58	26	96	77	73	24	21	56	67	14	32	57	100	47	82	65	92	1	11	22	73	55	74	10	57	40	47	77	82	88	75	6	69	22	92	42	16	62	34	19	59	40	69	87	61	4	56	35	68	99	29	47	82	27	26	15	83	86	52	-1	51	11	52	14	74	82	94	87	32	44	85	24	99	22	12	48	47	98	25	29	92	82	58	44	72	28	91	75	8	45	50	98	84	7	
31	39	59	19	93	11	19	75	77	30	4	92	86	64	74	68	4	1	86	41	21	42	90	33	81	9	43	73	60	59	15	84	21	87	6	34	93	46	78	64	86	93	99	98	62	2	8	33	39	12	58	42	48	100	64	60	31	24	32	98	60	61	57	61	83	98	-1	22	38	45	29	30	83	28	61	8	30	60	99	64	40	21	37	42	80	50	46	67	18	39	83	75	5	42	17	30	70	11	84	1	
76	81	79	98	45	52	46	42	42	48	9	35	74	46	21	62	43	85	63	11	94	68	51	62	12	51	27	24	24	98	89	91	47	53	74	83	45	4	68	74	50	74	8	16	37	37	12	30	16	96	53	83	20	14	100	12	30	73	42	78	42	36	64	74	83	93	40	-1	92	52	29	82	27	25	39	94	12	72	88	62	84	41	72	2	43	73	72	2	95	99	17	36	30	61	50	31	43	76	49	27	
6	48	72	77	58	7	21	13	2	4	54	59	55	60	83	87	93	72	4	1	76	20	40	67	65	91	26	8	60	15	49	69	12	95	43	49	38	92	85	35	39	32	59	26	25	9	54	68	74	53	37	40	74	88	44	12	70	54	90	56	5	15	9	86	7	65	20	62	-1	36	9	44	82	14	68	55	57	38	47	53	93	37	92	28	4	37	27	83	39	77	22	28	38	50	17	22	20	27	72	41	
84	7	45	93	94	96	36	66	50	64	34	100	61	36	78	35	9	99	90	59	64	56	69	26	52	22	95	98	97	15	14	16	82	1	48	71	69	93	73	77	38	56	54	64	94	35	46	47	47	18	56	58	58	85	57	71	100	41	47	31	31	88	62	84	34	19	31	8	17	-1	52	90	70	24	33	56	27	66	39	40	88	74	46	1	78	15	48	21	47	87	84	69	27	24	37	69	81	46	59	32	
11	76	30	80	66	50	96	47	23	2	60	85	46	86	56	94	5	41	74	74	69	21	87	83	12	93	95	30	47	99	41	18	3	64	22	45	13	90	12	31	66	82	17	48	6	46	80	66	34	37	27	7	87	14	73	39	24	45	34	85	17	76	72	18	90	90	65	67	60	58	-1	99	73	22	73	35	10	22	55	5	9	45	19	82	92	84	46	91	16	53	74	33	19	93	63	89	22	95	13	70	
38	53	68	1	32	70	29	81	61	44	53	11	79	70	22	51	9	72	68	80	55	2	26	80	30	10	50	48	13	86	47	22	28	74	40	87	28	69	88	64	71	90	12	36	57	53	72	28	19	63	33	5	91	58	66	36	61	1	94	64	8	19	26	13	19	34	32	49	45	1	7	-1	63	20	10	75	5	54	54	11	2	93	38	65	17	20	23	46	37	97	96	91	9	78	26	35	10	7	76	66	
34	28	89	2	35	34	51	92	37	75	49	36	48	48	71	60	97	67	48	6	58	68	96	73	48	59	60	14	17	94	46	72	19	80	45	68	44	51	61	9	74	86	98	95	8	75	39	78	45	19	33	70	48	53	61	76	33	83	87	55	84	98	51	80	31	70	57	59	57	18	51	15	-1	80	81	42	24	98	14	18	54	20	88	94	49	30	36	24	35	43	75	20	38	64	46	67	59	59	57	33	
45	86	64	35	66	12	52	35	46	11	17	17	90	7	18	27	8	37	54	43	27	11	22	59	62	88	79	66	80	15	33	29	51	49	24	56	53	50	82	50	2	79	77	70	92	77	46	80	99	73	14	80	28	65	72	85	44	22	12	88	85	2	14	18	89	3	82	58	42	33	83	44	89	-1	9	69	55	37	63	3	18	94	49	4	93	54	20	2	56	24	10	77	5	48	44	49	50	23	83	66	
49	95	54	95	83	20	46	9	6	68	52	17	15	81	86	61	40	21	80	83	22	26	69	78	53	54	94	9	62	68	95	49	37	49	100	55	89	30	45	62	29	3	25	77	32	39	43	60	79	16	14	15	38	62	59	36	68	83	24	99	6	98	83	14	95	76	12	58	97	10	67	34	23	92	-1	49	30	82	97	89	25	68	97	74	91	15	95	75	46	18	23	1	13	51	67	4	90	61	52	57	
64	86	63	15	12	92	24	85	57	19	7	95	57	58	54	39	34	47	10	25	84	40	97	46	45	43	20	86	83	8	52	28	57	94	18	30	93	99	91	85	60	53	37	46	3	5	20	46	60	37	80	55	3	96	99	39	15	84	53	32	47	5	25	37	22	100	91	64	51	14	53	56	77	70	79	-1	97	51	97	58	86	49	9	58	83	66	19	23	15	37	85	49	83	10	54	92	91	98	100	14	
72	73	32	10	31	67	80	40	45	73	82	42	44	74	35	23	73	18	10	70	70	53	9	10	22	78	25	3	50	58	42	75	87	60	53	25	97	23	2	18	94	14	48	6	95	70	35	74	90	9	28	76	21	70	38	26	42	41	16	50	4	33	54	45	12	19	69	39	71	60	4	27	55	65	75	95	-1	72	34	13	90	45	41	36	44	44	85	63	6	74	95	61	95	26	51	12	85	28	70	45	
92	21	62	5	4	45	99	47	21	95	89	85	76	87	57	96	52	38	93	28	46	55	46	91	32	87	32	44	75	54	49	7	92	42	34	75	36	23	94	12	64	11	87	55	56	72	78	67	10	60	82	25	25	1	52	37	30	45	29	90	15	83	97	80	55	18	47	29	33	58	44	83	44	57	76	3	70	-1	31	71	8	99	21	36	62	49	95	76	29	57	80	17	43	89	50	73	56	96	94	97	
99	89	53	21	38	48	28	33	98	49	69	80	45	39	30	100	63	36	65	95	94	21	1	37	41	36	96	73	28	100	2	44	1	54	93	39	22	1	9	61	50	75	97	62	33	50	79	13	100	95	81	96	28	98	4	23	73	18	5	46	82	92	65	9	64	26	29	60	80	64	7	56	24	82	68	83	96	23	-1	87	44	93	54	48	47	55	31	76	37	12	9	64	79	44	29	32	7	66	61	26	
88	86	34	91	47	33	59	10	90	54	51	98	56	14	61	53	24	3	6	30	71	76	10	38	76	64	42	6	14	4	33	20	73	50	78	49	21	3	14	86	72	95	67	13	5	16	83	82	52	28	73	65	7	67	36	30	14	100	62	52	3	54	36	86	77	11	67	96	94	48	43	40	67	40	68	88	43	65	74	-1	99	62	86	21	10	63	72	97	53	52	67	24	54	5	9	84	9	40	8	40	
36	11	23	93	21	18	71	93	38	19	47	72	77	67	2	41	80	78	54	79	90	26	85	65	23	16	43	43	80	12	47	42	99	11	3	97	49	85	5	49	36	40	92	6	60	57	94	95	16	89	67	64	2	49	1	29	59	25	82	34	32	91	99	17	70	26	14	43	55	5	95	43	46	10	18	56	67	2	83	81	-1	18	59	38	78	89	79	1	60	56	83	96	60	69	48	100	17	92	53	27	
7	76	25	19	56	50	26	87	53	23	14	90	68	5	16	51	73	58	23	32	37	59	34	43	19	38	72	86	25	66	46	98	13	56	37	94	4	31	83	13	19	63	15	97	24	58	81	66	87	22	90	74	46	11	87	58	53	27	90	89	66	83	28	63	76	46	46	33	39	87	1	59	24	60	79	90	25	12	100	63	42	-1	4	78	71	73	5	9	97	63	97	78	77	33	25	8	42	62	38	67	
79	17	11	60	33	29	29	50	84	14	96	88	2	16	33	90	72	43	32	96	92	33	16	56	82	84	65	96	3	57	65	92	79	61	86	9	30	78	27	54	26	5	25	78	59	3	12	74	51	48	66	9	62	71	59	57	69	19	98	59	98	34	67	62	75	36	17	83	60	2	82	97	66	80	44	40	26	87	18	27	85	20	-1	79	30	41	33	11	56	32	76	44	29	60	53	91	92	42	6	3	
83	78	23	29	58	15	28	48	69	12	38	35	84	15	22	29	10	44	98	59	5	4	89	17	99	35	25	26	42	56	71	97	72	93	75	80	66	85	69	98	53	71	43	54	66	83	27	97	22	4	63	4	73	10	68	14	20	56	52	99	20	57	3	10	70	27	19	89	24	20	99	38	77	76	45	75	31	94	39	25	72	31	48	-1	50	35	12	23	66	77	4	48	47	11	17	41	47	97	49	31	
9	48	96	9	39	52	16	73	71	21	89	2	13	91	90	89	40	47	68	35	51	76	5	54	45	74	40	67	68	34	15	43	11	66	89	36	30	54	93	7	54	88	71	60	13	39	25	78	63	10	36	87	45	91	73	94	46	86	98	23	52	52	61	38	97	19	7	80	62	52	93	51	79	26	7	97	72	5	97	58	78	67	74	1	-1	45	22	66	47	6	98	59	62	12	87	72	54	83	22	90	
13	12	73	50	56	75	45	3	28	90	4	80	58	85	42	5	99	39	27	94	11	56	38	59	36	75	72	46	13	58	72	43	11	79	45	50	100	42	96	26	78	64	48	68	98	94	36	17	42	6	64	16	68	69	50	99	36	66	30	1	60	14	7	4	17	56	53	56	9	91	76	76	3	78	78	67	78	51	28	29	58	47	48	4	91	-1	92	19	9	88	64	81	35	91	22	13	42	13	55	12	
84	96	70	28	84	99	71	57	67	90	12	10	63	83	57	28	82	36	78	44	59	54	38	74	30	21	23	22	62	17	15	98	30	29	4	4	16	29	44	17	6	9	10	14	70	16	53	7	85	15	54	65	75	67	84	52	13	56	36	4	30	50	1	47	42	27	25	36	35	63	52	15	6	33	13	25	34	31	43	21	71	55	21	71	23	30	-1	85	51	31	82	50	49	80	36	96	60	80	100	36	
1	38	67	8	2	70	8	32	98	39	38	90	66	75	42	91	61	97	81	50	40	46	8	64	21	78	34	45	96	88	70	18	86	19	86	83	58	14	71	51	70	34	46	18	67	82	10	75	11	27	63	78	42	65	98	83	26	90	10	83	44	94	86	22	60	71	60	38	24	42	10	100	23	97	7	8	43	58	84	34	78	36	19	26	49	16	99	-1	87	86	79	94	35	55	38	80	77	62	22	4	
93	2	70	68	41	84	45	36	28	75	20	71	63	25	19	66	41	9	39	81	27	32	41	59	16	5	12	3	51	52	29	68	55	59	62	38	50	22	23	23	41	37	100	69	35	32	34	88	60	3	90	98	67	9	4	77	67	66	89	97	83	26	50	38	25	52	34	5	72	87	73	58	64	35	15	92	25	55	36	4	46	2	9	23	73	72	64	55	-1	84	43	91	52	57	1	74	35	26	35	50	
67	98	6	8	70	72	33	23	42	90	95	49	8	84	75	85	20	86	17	13	43	54	95	88	81	95	96	58	87	7	23	54	44	89	83	37	55	34	89	42	9	53	31	93	26	18	16	20	1	57	92	75	19	22	14	2	80	94	79	21	90	71	60	42	14	81	71	67	80	70	93	94	65	83	20	25	55	47	51	99	33	8	18	42	72	23	85	67	37	-1	93	67	50	39	15	51	91	68	17	29	
5	51	63	29	61	40	20	96	27	95	96	100	26	6	3	62	38	22	18	55	33	20	34	46	99	40	90	95	27	53	82	65	25	38	50	3	66	48	47	74	52	50	80	42	50	58	79	37	19	61	22	64	38	56	37	55	83	95	9	20	92	38	99	27	98	54	26	93	16	91	85	11	84	60	4	85	37	82	16	65	38	16	44	84	61	54	27	7	54	13	-1	72	83	8	7	69	48	28	43	11	
62	5	55	97	45	8	100	63	65	37	58	97	49	49	20	48	12	34	78	39	60	27	6	70	67	17	67	64	67	19	89	15	7	68	13	88	87	70	51	46	82	45	53	83	2	37	41	21	8	5	80	79	17	16	53	84	84	5	80	95	37	71	11	72	19	97	60	33	33	84	61	29	61	76	21	41	14	55	47	12	58	2	95	28	63	36	8	21	75	78	88	-1	50	53	52	99	6	14	60	10	
85	52	32	50	47	58	24	64	12	56	86	82	88	44	5	81	8	53	100	89	46	75	23	60	58	59	30	11	66	73	45	61	4	59	24	5	92	87	100	79	43	40	45	22	10	45	74	80	83	27	18	21	43	12	40	12	87	39	1	8	24	2	84	34	53	82	38	88	14	26	32	74	23	26	82	46	29	65	17	89	53	69	67	96	59	15	49	52	44	26	33	90	-1	43	71	65	69	40	57	52	
57	50	46	60	16	16	19	76	71	54	37	94	24	97	4	23	77	94	98	14	4	82	63	86	24	44	80	52	90	46	5	73	45	35	16	76	91	57	99	75	85	84	56	13	21	99	71	31	34	9	80	51	79	56	71	93	16	70	52	62	45	27	18	77	88	87	63	88	69	22	60	54	8	77	79	31	67	84	22	61	65	52	66	60	10	63	48	44	40	90	7	89	29	-1	43	66	4	22	50	43	
16	7	32	8	95	36	42	88	18	39	16	86	54	47	98	30	53	13	43	4	69	73	63	93	51	99	96	71	94	54	97	8	100	53	79	90	37	96	53	97	96	34	70	66	51	52	44	35	26	60	7	63	26	95	38	55	74	23	97	60	83	98	84	71	92	35	59	35	92	22	38	82	35	29	59	50	19	96	13	9	24	75	7	23	41	25	22	96	36	93	96	73	75	64	-1	30	39	29	36	47	
81	33	48	16	73	21	63	2	99	97	90	82	73	73	1	5	30	69	17	81	16	31	89	18	95	74	37	76	80	29	30	23	14	66	78	28	72	88	55	28	56	87	24	55	10	50	35	66	39	1	25	100	76	69	74	94	25	48	36	85	59	26	71	8	62	96	90	10	3	54	80	72	37	56	16	59	64	48	29	1	87	59	78	93	98	73	65	96	36	98	87	14	35	34	4	-1	30	32	95	27	
17	48	50	99	79	75	4	59	10	76	37	19	56	85	62	4	28	1	50	35	38	46	22	80	42	92	55	25	92	40	68	4	97	61	92	92	29	44	31	13	18	45	11	93	87	89	98	71	32	26	90	37	37	89	54	80	6	15	67	49	2	18	49	38	23	13	76	27	81	99	68	9	80	67	73	62	91	3	51	46	90	51	32	86	60	41	56	51	34	11	68	14	46	75	40	17	-1	59	45	82	
24	99	69	46	16	87	99	42	88	40	8	73	71	42	7	28	9	69	52	26	97	9	52	69	74	46	94	7	33	88	88	38	22	89	100	58	71	85	92	24	21	77	59	80	20	87	27	50	57	76	92	58	90	39	71	98	6	34	7	84	77	55	34	56	14	61	11	69	80	10	94	70	62	18	97	20	70	13	33	14	99	62	69	14	37	94	27	62	38	15	22	2	15	95	39	60	80	-1	3	2	
71	20	59	45	48	67	61	33	41	5	1	12	89	59	19	37	21	84	27	76	91	85	69	96	24	45	1	88	94	88	76	18	24	38	16	82	74	43	67	95	92	8	87	77	57	45	10	98	71	13	53	2	24	85	83	25	48	72	53	92	14	54	79	46	21	84	56	36	80	87	47	19	15	37	66	6	83	52	72	63	87	40	10	50	86	88	49	51	69	68	58	55	29	85	89	87	16	76	-1	79	
32	14	80	79	22	24	46	91	98	16	98	52	53	95	55	58	59	79	39	36	64	79	40	12	46	57	7	54	87	3	39	43	25	8	56	51	31	61	32	2	89	86	17	67	71	50	49	18	66	28	30	20	31	6	6	72	28	71	30	29	68	100	97	61	95	38	35	60	18	4	23	98	4	70	30	13	93	72	13	66	29	33	45	17	61	42	44	14	57	60	87	79	66	97	46	40	86	69	27	-1	
