100
-1	34	77	89	61	12	80	60	84	73	62	6	18	44	72	33	44	100	78	3	17	85	82	98	91	48	41	58	31	25	8	10	39	16	28	4	49	51	77	9	87	23	33	80	29	2	35	58	7	76	58	26	23	69	88	90	85	57	35	2	21	41	82	63	1	13	99	67	76	70	100	2	22	6	43	24	33	38	34	78	47	88	79	97	49	48	81	7	19	76	83	31	77	46	96	95	34	25	51	84	
46	-1	72	52	20	9	26	3	32	42	43	53	3	82	2	92	55	2	59	78	19	37	94	69	85	94	13	97	24	32	23	59	93	3	90	33	25	52	30	33	30	68	98	98	31	50	30	25	36	93	26	93	47	3	14	89	8	3	70	26	88	12	20	71	32	59	79	35	62	39	3	70	8	31	79	11	4	75	21	18	45	35	68	33	27	1	74	80	8	9	100	49	73	6	39	20	39	62	52	47	
60	17	-1	4	89	92	82	49	56	20	71	35	92	52	80	58	98	12	2	86	93	25	80	16	32	13	37	73	45	81	63	45	20	57	16	69	14	37	79	28	59	49	1	67	74	22	80	27	89	32	95	7	25	64	27	82	98	59	46	25	98	25	19	49	62	82	50	72	14	63	48	29	46	21	48	25	9	27	90	32	29	73	24	65	46	95	28	57	68	42	62	36	43	73	86	85	14	8	92	95	
100	94	86	-1	24	64	7	85	55	79	64	40	84	38	65	53	27	78	55	29	53	57	12	95	58	25	24	60	92	11	90	29	26	96	13	24	68	94	95	68	10	18	63	24	56	97	58	29	70	17	49	51	11	73	32	81	14	27	10	4	2	13	67	7	62	70	74	68	82	75	93	72	85	70	26	7	72	17	79	26	45	69	43	78	27	21	82	74	1	82	91	88	73	45	61	20	43	39	29	88	
6	7	53	99	-1	46	17	79	93	19	2	7	62	9	20	71	70	52	99	22	12	58	1	67	46	83	26	75	17	76	58	92	93	39	23	11	59	37	29	20	53	37	16	36	14	93	70	100	19	31	1	96	25	98	36	98	87	4	68	93	34	81	100	12	95	1	45	87	93	7	81	8	97	28	56	45	78	70	57	93	88	99	83	32	55	72	87	45	55	29	11	83	27	84	75	37	10	42	59	13	
89	12	62	70	35	-1	45	42	90	70	52	39	48	46	81	28	39	71	9	99	98	62	46	28	60	3	19	82	15	22	95	13	73	91	51	71	100	48	39	24	79	57	26	79	96	61	25	12	39	24	76	27	86	23	94	14	95	92	90	86	91	86	58	50	100	59	93	20	21	24	12	48	4	60	84	54	29	41	38	11	5	20	82	71	98	27	41	30	97	40	14	5	75	59	47	38	72	8	85	66	
89	14	92	53	69	55	-1	64	19	11	26	16	90	62	85	43	44	56	62	13	95	99	16	10	34	13	37	6	9	23	75	12	8	96	44	100	75	62	70	71	6	34	31	48	80	44	96	78	69	18	88	19	57	45	8	43	77	79	16	66	92	95	16	34	58	94	8	44	75	88	85	56	27	22	69	78	37	41	53	88	78	2	33	70	28	31	55	81	83	15	64	51	6	86	71	18	40	71	35	59	
44	65	100	9	71	67	29	-1	73	14	19	40	8	88	30	28	24	77	2	87	99	82	27	84	42	67	34	68	4	59	47	93	2	35	94	2	26	37	93	96	30	90	32	28	51	86	53	11	1	7	80	82	18	81	57	50	11	20	37	22	9	58	7	86	20	94	60	100	44	74	20	65	29	73	79	75	100	44	54	84	46	42	11	41	93	61	8	4	85	71	2	67	21	29	33	54	86	31	29	86	
11	68	73	95	45	36	75	59	-1	84	75	87	24	27	75	49	16	57	88	84	27	85	87	48	57	35	77	10	4	63	50	83	40	10	89	2	17	74	6	54	9	67	70	31	7	67	21	36	83	50	1	57	34	86	61	21	65	24	81	87	17	72	45	85	93	34	85	61	100	41	11	27	9	24	33	70	48	15	60	58	65	83	21	59	79	57	87	4	86	64	1	10	77	88	46	82	35	50	10	100	
80	58	3	90	30	36	12	16	33	-1	78	65	89	44	44	75	26	16	21	80	37	66	6	74	25	68	49	40	36	68	67	38	5	1	60	35	91	30	58	68	81	80	85	2	12	50	62	39	90	6	95	21	72	39	42	15	78	46	76	76	90	53	64	81	90	2	8	14	54	83	19	4	77	46	91	74	99	36	5	33	51	9	83	17	77	90	5	52	15	2	55	97	72	70	98	29	37	1	53	81	
91	86	22	5	17	27	5	98	98	41	-1	48	90	73	25	48	72	37	59	3	90	11	65	26	43	58	15	65	56	61	44	4	66	26	55	44	61	7	50	99	100	77	91	40	17	21	22	11	14	18	6	15	12	74	67	17	46	4	7	100	41	74	88	93	99	100	26	37	14	56	17	96	23	52	96	40	70	53	3	83	4	1	75	30	78	48	76	50	35	50	51	15	81	20	53	75	4	3	54	24	
80	73	62	13	12	87	21	77	14	34	77	-1	65	29	19	33	7	61	36	96	72	1	20	71	28	43	79	66	66	96	40	48	5	53	96	26	57	69	94	50	91	60	25	89	84	69	50	65	19	79	80	34	17	61	18	47	96	79	91	57	68	23	100	4	85	43	99	85	61	29	5	23	25	28	48	84	21	69	23	43	41	62	20	68	77	62	96	75	54	50	68	56	10	57	17	70	80	98	84	51	
76	49	64	96	68	55	97	49	84	32	51	91	-1	90	50	22	12	38	8	27	39	40	26	14	100	79	35	81	14	41	16	89	71	19	51	64	12	43	48	63	2	36	58	93	21	90	26	91	83	5	39	25	42	66	61	5	29	48	51	55	24	65	3	17	99	22	18	47	69	54	67	33	1	33	76	24	96	40	90	27	32	45	16	59	9	57	83	13	15	52	68	26	39	20	46	99	21	48	62	39	
17	75	45	65	72	53	73	70	69	45	14	66	53	-1	79	98	46	48	5	31	43	5	49	35	24	56	81	42	5	98	13	56	46	25	20	61	10	44	65	33	70	44	52	19	41	36	54	5	17	59	13	57	29	13	19	34	100	87	64	66	66	22	58	67	94	84	45	39	24	85	64	68	80	9	14	68	50	11	40	86	19	53	57	57	8	89	67	76	50	100	62	38	14	24	51	55	86	36	15	15	
23	62	32	19	40	44	58	73	23	44	97	16	82	72	-1	55	40	17	54	25	98	18	83	39	91	13	74	79	81	41	11	66	2	59	16	9	53	2	77	53	19	22	71	42	67	17	34	97	57	55	67	76	63	68	39	98	31	91	74	55	59	65	90	41	59	16	88	96	35	70	91	75	5	13	30	87	3	19	84	79	40	85	54	65	67	44	97	88	16	76	97	19	72	9	77	60	23	74	24	49	
20	28	91	71	75	87	31	95	21	98	82	10	97	77	77	-1	27	98	70	37	92	46	65	55	30	93	73	60	49	41	50	72	79	28	44	65	34	18	71	52	23	8	13	12	2	17	58	6	87	73	90	91	71	96	80	59	72	60	9	46	73	73	54	50	90	7	34	89	91	65	91	39	18	81	72	41	38	64	91	75	93	3	29	11	29	54	14	95	90	36	81	33	7	55	35	80	12	66	99	58	
50	96	6	13	53	51	63	90	82	80	74	24	52	61	57	36	-1	37	56	60	81	84	46	5	67	65	4	70	20	26	8	17	90	89	99	72	93	88	26	95	35	35	55	98	63	60	81	99	60	11	47	4	38	9	44	9	49	67	15	1	96	11	65	85	83	58	43	45	37	42	38	86	36	5	20	91	70	7	25	24	25	77	82	4	62	46	80	73	67	10	24	6	40	65	30	16	30	53	39	13	
39	91	52	9	9	40	56	45	95	2	85	86	64	28	97	14	45	-1	2	98	94	28	62	84	91	86	12	58	4	35	7	12	96	64	4	59	80	86	99	81	17	56	48	11	23	28	71	5	52	22	38	1	46	94	2	54	98	37	65	97	27	29	60	29	14	44	37	75	72	54	42	65	97	10	71	85	82	23	15	29	73	59	74	21	22	43	79	74	34	100	64	92	76	58	27	70	20	51	5	17	
31	54	10	20	74	12	87	46	66	39	47	5	92	62	53	22	67	44	-1	84	96	35	52	68	50	26	24	65	95	60	88	13	60	91	46	79	69	68	60	37	35	57	53	25	13	95	40	76	25	67	17	50	49	72	5	66	3	67	80	37	5	55	69	93	4	2	10	36	80	36	84	20	79	86	97	17	14	29	36	34	81	64	66	49	41	83	11	33	80	74	2	44	83	18	4	28	18	26	77	73	
33	60	17	58	38	1	87	97	43	10	32	75	34	13	86	60	22	3	85	-1	70	71	99	14	33	85	63	42	30	25	78	37	92	53	94	99	60	69	98	95	10	49	18	10	9	60	17	55	39	90	64	53	69	95	46	31	21	52	72	3	36	81	17	60	99	75	52	70	100	82	21	40	46	91	97	28	62	60	30	39	11	88	2	5	77	97	3	19	100	31	87	42	2	35	57	71	74	47	20	6	
38	60	30	35	69	73	95	40	22	98	55	91	80	68	14	38	98	19	70	32	-1	69	82	22	85	11	30	89	50	74	61	45	54	90	72	37	76	15	79	21	7	34	96	8	82	21	95	98	15	33	96	99	7	68	10	52	26	4	6	57	29	94	22	6	63	30	84	98	79	59	2	85	24	34	76	57	38	51	44	51	74	66	60	23	39	46	65	53	98	44	95	17	59	8	10	85	89	61	91	90	
80	85	49	60	93	13	85	50	37	25	72	70	18	76	36	24	74	23	42	33	1	-1	52	94	77	45	53	19	25	20	69	17	67	67	54	68	23	16	87	32	51	76	8	41	13	86	96	43	31	42	27	46	32	39	40	58	93	12	19	87	6	16	35	79	2	83	30	56	12	66	66	19	8	75	40	97	41	59	21	98	93	97	28	63	22	87	43	72	1	37	62	65	68	72	98	88	84	21	52	52	
33	51	11	80	50	70	64	96	83	49	64	43	4	9	69	20	43	22	21	14	90	51	-1	50	78	55	53	18	20	47	65	1	8	56	51	13	43	55	85	100	36	62	7	1	48	10	70	100	26	63	93	59	95	94	73	85	100	7	95	81	44	45	83	64	53	51	81	82	27	48	31	42	63	1	55	95	48	37	26	45	31	86	81	97	80	66	70	86	82	33	38	97	55	13	94	2	94	89	26	22	
16	42	6	23	100	90	47	35	4	27	8	38	65	48	41	98	3	39	35	3	85	35	22	-1	98	45	66	75	50	19	1	75	94	86	27	92	54	48	84	44	64	3	71	31	80	72	14	28	55	19	63	44	1	83	86	27	9	35	6	19	53	89	89	18	14	14	9	58	13	86	71	10	87	29	45	100	90	3	18	37	44	16	4	93	47	27	23	64	78	4	12	40	59	15	20	83	25	63	78	63	
24	38	35	77	63	63	69	75	49	22	25	61	36	43	73	66	49	81	48	54	76	64	16	38	-1	91	81	22	4	24	29	8	81	84	73	64	80	9	76	14	96	56	5	100	36	23	74	69	98	29	86	63	49	31	15	62	67	81	55	95	11	34	4	18	42	65	37	74	93	32	4	70	94	9	41	5	30	94	84	70	78	73	61	66	9	1	94	14	33	35	78	67	10	68	41	43	63	74	25	49	
90	33	75	73	54	52	92	70	47	89	2	3	82	13	70	27	57	91	92	48	98	98	73	66	75	-1	65	84	5	44	99	2	37	84	100	82	73	77	66	73	22	62	39	22	12	74	22	22	40	95	72	98	24	72	57	37	21	14	86	7	3	9	98	86	54	91	12	76	71	20	11	1	52	56	69	35	89	66	79	71	39	85	2	62	50	88	70	48	22	9	15	48	21	65	4	36	44	26	6	6	
83	26	14	78	90	9	58	90	74	29	6	16	51	32	61	95	18	33	41	96	62	43	27	38	23	42	-1	60	88	88	15	77	46	9	22	48	15	91	73	47	98	59	48	28	98	40	44	58	70	1	13	43	49	98	35	91	2	93	18	76	59	64	44	10	34	30	59	24	37	79	68	27	67	80	36	79	75	66	60	89	89	85	18	92	81	88	74	62	26	91	98	8	76	82	78	80	34	8	38	95	
7	78	17	19	29	29	82	35	78	21	62	41	79	12	29	11	86	18	20	21	28	34	34	53	11	16	13	-1	52	72	57	15	89	41	40	18	67	49	6	69	80	52	65	64	27	32	32	42	97	32	78	100	75	84	12	1	79	81	44	48	86	38	35	30	37	59	21	65	2	50	32	100	100	52	54	19	46	1	83	77	53	61	54	16	17	96	38	93	97	13	37	89	93	48	56	79	47	34	5	59	
17	52	9	58	30	78	80	83	27	97	47	37	24	35	97	66	3	35	5	88	24	47	2	42	45	44	43	9	-1	36	77	13	4	59	68	18	52	4	10	64	80	53	96	94	48	29	21	59	91	40	58	19	23	51	36	45	16	39	32	71	22	92	13	27	71	69	73	96	10	3	5	28	37	97	34	71	52	61	68	55	31	96	23	74	50	43	6	37	91	27	47	98	36	10	44	64	5	6	71	22	
76	10	30	57	87	91	44	78	14	20	67	71	98	64	12	72	41	7	100	78	51	84	18	63	28	63	20	73	19	-1	27	59	27	50	85	33	72	31	22	18	59	18	13	86	86	40	60	8	39	55	88	3	40	47	79	68	54	89	27	65	32	95	76	64	57	19	30	71	23	71	38	74	46	67	53	9	80	40	87	80	10	74	42	45	55	37	36	13	75	1	84	49	91	17	84	74	43	56	19	47	
96	83	9	98	83	19	31	61	33	19	10	66	5	96	28	1	23	11	70	69	46	30	65	90	61	11	80	38	92	85	-1	64	73	38	45	92	97	30	16	40	49	58	33	17	61	59	38	15	92	44	98	85	41	67	29	64	48	85	32	11	99	66	86	22	78	64	67	42	79	99	87	51	86	29	78	19	26	58	39	46	80	82	30	15	68	90	70	26	57	41	43	18	97	8	23	56	65	56	2	33	
9	46	48	41	35	91	82	16	76	1	61	70	43	66	74	9	11	16	13	94	39	4	41	64	64	74	15	36	46	93	2	-1	61	82	79	3	61	100	84	12	1	95	36	78	10	37	26	72	81	65	91	38	25	17	50	30	38	97	72	35	39	17	19	91	87	55	23	7	37	97	85	38	26	23	63	91	99	56	24	94	99	46	80	8	46	36	83	45	83	83	59	72	15	83	46	61	55	78	48	33	
66	91	64	98	30	33	27	16	73	82	18	53	87	6	32	76	94	75	79	96	4	43	69	71	24	59	50	39	36	97	76	13	-1	54	85	95	1	10	56	58	25	11	3	70	29	96	22	5	14	44	66	6	25	93	55	91	31	66	42	7	95	59	52	9	27	49	67	80	94	22	53	33	42	33	49	2	74	98	29	81	82	49	13	36	13	33	25	29	35	11	67	89	95	75	13	69	11	38	98	25	
59	44	42	48	42	1	34	40	39	58	27	18	88	65	5	73	44	65	25	100	18	10	86	72	76	29	42	54	17	50	84	97	46	-1	79	77	44	59	44	14	39	17	64	44	58	31	91	37	49	70	88	49	70	73	13	95	60	49	84	99	82	88	85	16	64	12	89	34	11	75	9	23	86	32	95	5	60	96	32	17	1	51	23	91	57	76	85	35	26	92	1	2	20	17	54	51	93	13	23	51	
27	91	74	75	71	16	20	90	32	87	67	98	27	42	17	71	91	23	93	57	72	19	60	33	16	20	37	3	50	13	88	30	11	66	-1	63	25	13	1	66	13	93	28	85	11	24	76	7	35	54	98	81	89	100	47	32	67	98	61	63	23	66	8	85	35	70	10	5	78	96	55	82	12	85	95	77	33	93	17	53	61	9	36	99	8	12	64	13	77	14	96	60	44	5	65	69	52	26	49	40	
13	72	85	43	58	27	52	80	82	28	1	6	53	99	26	37	33	42	94	25	26	60	64	99	41	63	21	21	3	46	68	75	86	25	32	-1	50	12	87	14	38	92	59	67	42	77	22	44	59	92	88	65	42	10	44	90	61	2	1	52	76	67	50	3	30	69	68	44	23	32	53	86	62	6	13	25	27	59	53	86	6	98	84	72	100	81	94	90	65	27	13	66	31	85	5	42	99	11	83	33	
41	5	26	56	12	13	50	17	50	90	16	100	89	2	25	16	24	92	18	28	72	93	24	43	38	60	97	92	79	71	51	18	77	76	52	36	-1	86	12	29	60	26	51	87	53	30	36	75	1	29	54	40	24	82	55	94	66	36	88	22	83	45	17	16	89	22	23	32	17	85	15	40	38	25	88	54	70	86	76	62	99	88	71	1	49	2	81	48	57	61	97	62	61	79	2	59	68	97	81	15	
53	92	11	10	39	43	76	93	56	27	79	45	86	33	80	55	29	84	16	40	2	71	40	14	63	33	85	86	84	77	82	95	42	57	66	91	54	-1	65	80	88	72	97	44	54	73	83	8	8	10	82	15	60	62	44	32	90	77	4	70	11	33	27	87	18	41	72	95	39	77	35	98	80	1	8	48	81	45	83	47	78	89	25	14	62	64	20	50	86	6	96	42	4	51	39	83	46	90	6	87	
42	70	52	53	51	10	50	14	80	86	36	82	35	85	88	94	32	10	28	32	11	16	84	28	75	73	92	86	89	52	67	44	21	70	41	65	38	50	-1	90	74	76	84	67	92	97	36	44	42	89	66	87	44	59	17	53	68	63	40	90	41	5	41	2	13	22	76	17	79	26	30	30	76	25	99	27	53	30	64	16	98	85	37	74	50	4	10	94	47	40	29	99	87	4	91	67	18	34	66	85	
6	77	10	15	41	16	58	89	2	85	50	26	39	35	99	57	100	68	15	4	60	42	17	100	56	41	55	92	96	6	46	40	14	77	70	64	40	67	27	-1	53	2	26	90	10	59	57	28	27	84	29	40	58	83	40	91	40	12	24	9	47	62	84	97	71	36	21	10	69	17	63	4	38	13	33	100	73	29	98	8	33	46	37	8	1	64	68	2	17	44	73	13	76	72	49	35	22	31	56	13	
32	65	93	62	25	55	1	52	99	94	70	86	46	56	66	69	21	72	62	37	91	3	92	78	64	35	18	12	60	87	44	88	26	19	35	9	49	45	44	33	-1	75	16	89	51	99	20	67	85	45	78	20	89	75	70	1	6	70	62	66	84	9	85	28	27	66	59	43	52	39	26	22	88	30	66	64	95	43	33	44	9	10	71	75	22	77	20	100	83	60	49	72	74	87	3	4	74	42	46	64	
9	78	71	9	82	100	92	5	42	59	52	81	80	55	45	91	100	92	85	9	14	39	33	46	80	99	48	12	29	46	83	78	94	75	11	34	60	27	91	57	24	-1	79	32	42	92	65	15	32	91	40	33	60	58	89	65	63	32	12	85	76	43	19	50	96	60	29	42	1	61	66	98	60	40	98	53	47	19	63	98	27	66	99	21	70	97	66	73	99	30	76	76	4	53	37	75	100	99	29	52	
3	40	39	34	23	59	97	55	56	31	14	28	2	66	38	36	33	61	29	93	26	48	71	44	84	20	83	31	65	66	91	62	42	4	47	57	84	22	51	79	85	74	-1	90	48	87	3	16	94	98	36	83	14	16	93	2	42	88	85	18	65	3	95	82	47	7	50	93	9	17	34	57	88	30	88	2	14	72	57	47	4	94	60	4	63	9	40	25	80	4	15	37	6	86	48	99	51	71	26	93	
42	56	46	70	43	35	63	34	59	51	80	7	37	63	90	7	13	41	70	59	100	33	25	85	93	58	62	61	7	49	100	33	82	75	37	3	98	61	45	84	93	78	55	-1	25	93	35	5	84	51	48	3	44	38	93	54	6	42	92	9	77	46	44	91	43	75	41	58	60	3	50	96	49	75	11	44	57	33	85	71	69	37	66	55	46	24	85	23	87	49	58	29	46	60	6	45	55	36	54	66	
64	38	28	98	40	38	73	37	14	44	37	70	31	15	28	85	19	16	26	12	24	23	29	69	61	2	34	52	14	30	49	53	35	37	33	24	2	28	48	63	33	46	30	39	-1	52	6	100	87	43	70	47	49	87	79	42	42	34	18	76	93	4	100	92	11	83	6	91	61	94	36	92	89	73	84	22	38	84	37	47	87	23	96	27	18	17	49	31	68	72	55	95	35	80	66	46	71	69	5	5	
87	10	63	89	53	51	28	84	75	23	20	2	86	50	8	100	86	65	74	66	31	4	78	73	68	74	24	43	3	20	24	30	64	22	92	55	25	43	17	36	81	68	76	92	20	-1	78	41	73	10	88	5	13	91	81	57	37	63	92	19	11	9	45	81	36	41	76	11	42	82	12	12	82	5	63	36	80	60	80	96	9	66	53	74	38	8	84	51	63	11	11	6	79	30	19	91	42	86	53	92	
98	68	82	3	6	84	89	76	28	16	58	32	86	18	62	58	40	45	44	81	80	61	86	50	41	10	100	95	48	23	16	84	71	99	66	45	76	7	38	53	63	66	100	5	27	78	-1	95	8	14	67	54	97	26	13	43	62	22	61	8	28	70	59	62	78	42	59	100	50	9	17	73	66	40	23	53	32	8	49	41	56	26	14	29	45	62	82	50	30	14	66	85	54	76	24	66	78	21	3	79	
27	67	77	31	91	89	75	22	23	85	52	92	15	3	90	10	65	92	46	48	22	42	78	64	65	78	96	74	1	21	56	88	15	35	34	59	20	29	74	3	89	99	64	15	35	73	71	-1	61	55	41	59	21	83	28	21	35	18	8	12	42	6	51	46	70	43	42	25	74	54	20	11	47	59	68	42	87	55	60	4	33	13	43	34	56	68	30	87	14	92	78	60	99	33	21	69	22	5	66	38	
72	36	46	47	30	67	97	37	23	80	92	3	7	63	56	71	50	81	99	4	5	32	49	11	49	99	41	93	4	23	1	13	84	59	63	14	54	100	6	48	80	36	93	22	18	55	10	54	-1	42	99	54	72	71	8	31	31	31	31	82	21	27	12	58	14	86	57	92	76	8	46	96	62	22	22	19	13	91	71	95	86	77	48	85	58	28	54	85	94	34	69	83	95	64	85	96	20	91	77	47	
5	75	18	17	20	52	18	59	38	10	19	74	93	70	31	39	67	57	98	84	5	13	30	18	89	78	45	57	33	91	76	81	9	60	91	3	82	14	13	67	92	50	69	99	85	18	25	68	75	-1	58	94	86	48	33	45	90	52	86	60	96	7	81	60	11	27	26	69	100	60	98	42	64	2	39	51	65	27	53	60	87	26	54	96	65	31	69	86	35	63	99	27	21	47	30	40	51	40	59	49	
42	22	57	53	35	5	2	92	22	35	14	35	78	67	62	48	8	45	98	73	89	12	18	33	20	16	17	76	83	32	3	58	40	19	98	35	98	73	19	45	65	12	50	3	88	16	21	56	86	4	-1	44	71	52	85	66	98	61	60	59	73	85	87	27	84	21	24	90	59	39	78	89	61	38	16	48	19	30	27	28	22	85	6	98	51	92	76	60	34	100	45	16	46	3	29	91	75	99	97	84	
5	5	63	77	48	69	89	73	91	14	57	2	77	76	72	97	38	5	46	72	18	5	24	19	55	15	81	6	76	33	50	66	98	43	46	30	46	3	28	92	99	85	66	56	78	75	37	48	59	92	94	-1	65	49	24	5	77	4	99	72	17	27	99	47	68	77	3	5	93	20	62	49	18	72	51	17	58	12	14	63	36	26	15	23	92	60	93	44	1	78	62	2	19	58	53	7	59	22	64	29	
98	33	55	88	66	81	57	44	99	59	45	60	84	91	35	68	96	41	60	89	48	5	12	3	65	99	35	67	83	94	70	74	32	41	6	32	29	78	73	81	32	27	96	94	57	55	81	39	82	14	90	71	-1	13	23	57	15	3	41	69	88	23	95	33	99	43	61	52	26	39	56	40	37	28	89	15	47	59	61	47	78	73	95	93	43	97	50	69	77	68	100	59	11	40	80	61	2	36	72	15	
62	35	58	99	52	52	76	67	91	1	97	59	1	86	90	35	9	43	81	52	35	84	57	26	35	65	38	98	45	7	82	65	92	98	32	53	74	59	49	26	52	3	32	75	26	29	41	58	29	4	25	78	67	-1	36	19	4	79	71	11	16	65	39	92	20	48	47	43	69	82	94	94	21	72	95	41	85	72	97	80	24	79	36	64	15	58	100	87	46	10	74	82	91	34	9	33	50	18	79	30	
21	30	28	61	29	81	38	16	44	94	78	65	40	90	38	32	31	95	71	59	53	53	57	79	28	28	17	97	70	77	61	81	72	72	54	98	40	97	47	57	44	21	53	22	65	47	47	1	95	100	74	61	39	52	-1	52	11	29	90	54	69	80	86	70	25	58	33	56	39	96	89	31	77	100	49	58	98	73	22	78	57	5	67	21	13	70	71	61	29	99	70	100	64	27	25	90	4	10	9	41	
54	51	80	17	68	70	78	84	42	87	3	84	66	27	94	15	93	29	90	25	93	43	50	28	58	77	62	8	73	62	27	10	6	79	48	67	96	5	75	16	57	11	70	92	72	91	43	16	15	75	48	63	16	91	19	-1	2	55	41	17	25	29	41	93	18	84	99	87	49	43	21	81	62	47	33	83	71	57	63	50	77	82	22	98	96	13	81	100	5	56	47	29	12	14	12	73	10	7	82	46	
45	100	3	5	53	40	21	93	29	91	33	57	38	59	65	52	59	16	75	87	18	84	7	91	14	51	69	76	26	55	14	61	36	71	97	25	13	29	95	5	49	50	67	70	66	73	80	70	22	2	75	78	4	64	81	83	-1	18	72	37	46	25	69	94	88	84	37	52	21	20	97	55	39	87	88	56	35	18	80	91	36	65	90	76	39	60	79	42	5	17	54	80	62	27	52	74	2	21	57	16	
15	11	29	18	39	9	39	60	34	41	64	74	81	41	12	42	72	98	5	16	77	47	20	87	74	73	100	18	97	87	36	34	25	16	96	82	100	16	46	2	84	72	2	85	98	10	45	33	17	25	82	8	34	15	3	48	68	-1	31	41	42	55	97	88	84	45	51	70	60	40	91	34	40	72	7	69	64	92	75	44	45	52	5	47	43	6	1	81	20	1	24	28	74	77	3	43	75	33	92	83	
85	57	84	70	97	24	97	66	31	24	9	41	38	88	59	59	55	3	98	44	60	97	33	8	63	51	70	37	84	22	6	28	67	8	87	98	93	66	86	20	90	9	95	80	68	40	31	10	66	22	2	96	87	20	29	61	67	16	-1	34	88	86	43	81	60	68	69	69	42	17	95	7	91	62	82	58	18	95	93	24	53	78	82	16	79	88	1	9	56	99	70	38	90	20	70	34	27	98	31	70	
7	19	47	52	63	45	62	26	54	75	71	31	67	9	21	53	87	49	42	93	28	84	55	99	50	28	41	1	41	15	80	73	36	20	90	36	17	92	22	70	36	96	97	68	60	26	97	29	87	21	49	88	70	96	8	40	53	81	65	-1	77	7	30	14	98	22	68	63	96	28	36	90	70	85	15	1	42	37	44	87	39	28	20	27	30	36	93	13	30	94	47	58	83	61	63	54	11	67	16	44	
64	100	92	46	12	4	82	13	17	92	29	23	15	1	62	24	13	48	49	46	72	13	98	100	62	29	21	8	45	53	42	79	90	98	55	22	85	74	87	34	50	88	28	53	98	10	62	19	14	81	18	30	47	31	70	78	47	1	94	68	-1	15	8	64	49	21	13	7	37	60	81	44	36	21	10	69	49	68	35	35	98	44	44	71	47	75	74	27	82	29	96	17	81	3	30	24	42	91	1	43	
32	42	67	39	91	97	76	32	66	16	5	90	79	28	72	60	95	51	57	73	70	57	95	78	17	69	41	72	45	57	10	38	31	14	43	86	79	39	61	77	50	35	55	8	87	25	93	88	59	76	61	4	3	71	36	78	90	78	97	82	84	-1	70	85	90	46	30	2	35	43	66	38	12	27	96	70	33	82	9	68	41	10	25	52	52	13	66	58	35	77	38	4	100	53	71	65	70	77	86	47	
1	68	19	5	66	81	76	76	73	27	16	48	50	10	51	41	14	3	63	90	46	2	28	12	1	85	87	83	6	7	19	94	28	42	98	92	77	82	27	80	5	56	8	13	31	33	73	80	52	43	5	58	63	12	37	16	25	48	75	34	2	77	-1	41	4	27	53	58	55	34	53	4	63	67	71	30	39	16	49	92	70	27	75	29	81	83	4	60	89	12	78	78	74	15	76	35	12	44	61	79	
45	46	33	75	55	100	13	60	31	86	4	44	54	100	76	26	7	84	99	34	14	70	50	1	87	15	49	26	70	22	61	67	74	63	19	14	63	77	22	26	88	67	70	76	20	29	94	13	49	64	67	67	19	35	9	36	54	91	27	81	38	38	86	-1	47	14	59	27	30	71	1	78	20	2	72	73	40	69	8	12	62	10	65	33	10	80	79	68	66	14	11	93	5	89	62	4	42	37	16	57	
82	75	75	28	17	62	29	23	29	12	92	52	72	54	49	8	19	50	70	77	100	71	60	86	46	6	3	55	57	4	72	96	96	84	69	94	53	51	47	50	79	5	36	68	63	78	90	58	63	88	45	56	33	22	4	95	91	54	33	47	95	43	42	54	-1	72	50	18	62	25	13	84	4	30	17	30	89	81	37	82	65	78	6	2	63	58	58	29	96	68	35	24	24	46	36	25	57	55	35	86	
57	49	21	14	22	28	58	29	43	95	47	96	2	11	21	42	88	18	99	29	21	15	3	13	33	58	1	3	86	28	49	41	6	32	10	92	91	100	55	17	98	100	20	56	25	15	100	30	96	18	26	22	18	5	90	66	27	68	13	7	40	49	79	47	43	-1	75	72	57	25	40	9	14	21	10	65	34	78	86	83	96	87	18	50	3	22	57	34	89	58	8	9	49	9	79	90	68	98	97	68	
99	50	52	34	4	86	69	81	50	24	23	59	6	29	69	75	15	90	92	21	44	86	29	88	25	64	60	25	32	45	15	49	85	51	82	53	71	35	74	65	72	12	2	59	18	26	48	66	88	66	13	19	1	2	76	10	43	32	36	4	35	90	64	59	67	28	-1	79	39	95	13	81	76	88	15	40	27	62	21	86	50	33	10	22	98	91	40	48	31	99	58	95	27	37	41	73	75	80	37	37	
70	24	68	37	30	62	19	61	52	65	27	40	83	6	38	31	16	10	62	6	68	34	10	96	71	98	80	94	31	42	85	56	8	75	19	10	11	14	100	60	33	19	56	89	49	15	85	29	36	53	41	98	64	70	39	71	59	11	58	34	62	16	38	76	57	22	88	-1	66	60	41	56	10	14	79	96	74	25	52	72	76	35	18	81	31	60	16	51	33	91	30	58	30	89	87	6	44	31	47	97	
50	80	89	33	22	52	7	99	86	86	89	8	39	36	64	93	65	22	61	72	94	12	81	5	69	2	81	58	48	92	24	43	77	35	24	68	49	13	22	25	82	65	46	18	27	3	51	91	26	80	7	47	45	13	18	91	100	48	79	50	17	12	63	54	9	22	56	17	-1	50	80	12	97	2	92	28	53	55	80	39	53	55	26	76	40	83	26	95	12	94	39	41	21	55	73	6	33	38	92	47	
20	26	38	34	16	13	26	85	12	48	92	84	68	23	10	70	71	11	100	98	31	80	12	48	33	37	37	95	50	77	29	75	73	53	93	70	14	8	48	22	82	2	38	11	56	88	46	39	75	74	58	49	85	45	66	54	32	48	12	33	43	66	10	30	55	10	56	73	95	-1	98	44	20	36	20	31	6	9	34	9	85	46	91	68	63	47	66	97	5	51	11	80	59	57	64	42	23	68	54	87	
95	98	60	85	13	70	14	93	58	90	34	4	22	26	87	47	24	55	43	94	55	78	27	39	79	72	60	57	41	34	80	87	85	1	53	75	51	60	6	26	56	29	87	58	17	80	30	49	48	89	35	40	14	53	35	28	28	36	29	52	58	58	93	39	57	14	98	15	29	10	-1	17	78	50	92	83	67	50	24	27	49	15	31	23	47	32	99	12	100	74	37	72	49	97	67	36	67	93	22	7	
27	26	35	86	71	26	20	31	84	81	29	90	92	41	95	46	24	19	66	82	18	85	94	13	67	94	43	62	76	71	77	47	70	40	76	82	43	34	16	37	91	58	53	45	40	70	38	69	70	90	16	4	58	29	36	35	51	69	84	63	81	5	66	42	89	14	25	24	42	56	62	-1	93	99	41	70	18	28	14	17	12	17	49	70	15	72	3	23	74	11	22	11	70	42	6	83	78	30	40	30	
98	90	75	68	19	13	38	77	13	40	17	89	18	90	80	99	54	93	5	55	63	14	6	96	24	32	17	22	24	32	62	19	100	61	2	52	21	99	77	90	39	5	55	21	23	39	51	97	74	28	64	31	22	24	87	99	4	66	12	48	15	28	36	79	3	2	87	100	66	52	63	13	-1	15	26	5	11	88	15	42	74	62	33	44	25	94	2	78	32	34	72	2	97	69	45	70	15	47	74	73	
68	76	28	54	65	66	56	5	29	61	23	85	28	19	41	74	11	48	67	79	26	8	90	91	36	98	75	20	52	19	80	4	50	32	12	87	91	24	53	29	13	49	5	60	77	81	27	12	98	75	68	3	34	28	5	19	11	71	34	22	99	76	4	24	40	37	15	19	19	28	59	15	8	-1	17	56	31	57	95	47	84	2	60	11	44	28	38	44	26	96	16	3	32	55	85	6	73	40	87	13	
84	29	59	94	69	89	52	4	74	62	77	2	17	39	75	6	16	100	55	16	12	40	48	21	19	71	19	27	95	48	36	7	4	25	36	84	25	42	35	38	18	66	24	3	98	64	51	16	10	94	3	4	17	91	76	92	33	50	58	82	94	5	22	92	10	59	56	39	21	17	2	73	37	35	-1	4	6	53	98	77	70	69	5	13	40	74	5	31	45	7	81	89	36	79	18	49	96	21	74	18	
10	24	35	12	53	25	19	88	80	1	37	96	23	51	22	58	64	49	38	2	7	94	44	40	59	16	1	6	4	3	95	67	62	66	56	81	19	20	87	93	36	66	77	13	91	31	13	85	97	43	13	100	30	57	99	48	5	46	32	41	31	71	38	87	2	15	72	87	38	80	94	43	98	64	82	-1	19	55	29	2	79	70	89	31	98	95	75	98	89	70	70	64	93	17	21	71	33	86	67	83	
27	70	76	86	65	2	83	24	67	86	85	1	3	23	17	20	88	13	14	8	46	28	90	17	90	70	33	78	70	42	54	56	24	76	95	89	31	29	39	6	96	20	87	38	90	81	89	20	89	20	85	54	44	65	72	83	54	87	67	34	37	83	4	60	92	71	75	88	86	70	48	5	39	53	35	64	-1	84	39	67	67	9	49	47	76	47	13	15	22	26	27	3	32	79	96	13	3	67	35	67	
51	14	62	94	33	20	10	17	80	32	41	81	36	82	63	78	70	26	78	18	29	77	15	33	84	83	14	73	29	10	45	39	34	74	51	57	38	82	42	65	78	58	44	22	40	61	46	5	20	61	50	47	5	29	65	65	90	42	11	44	50	40	35	75	45	67	31	49	40	98	98	63	34	27	78	50	27	-1	65	86	100	25	73	60	61	54	66	24	24	70	92	14	87	17	35	3	71	11	33	42	
87	90	27	52	44	7	43	26	57	81	60	92	55	74	22	85	24	48	61	61	48	95	72	88	24	16	92	77	11	81	51	63	77	49	22	10	54	83	86	5	30	90	78	71	75	44	75	12	96	31	10	14	94	91	98	43	77	37	70	8	59	23	77	90	65	9	90	68	90	96	38	53	95	45	36	60	46	24	-1	9	41	5	46	68	78	67	36	95	38	36	37	46	44	91	25	40	59	93	70	100	
52	65	99	30	13	40	8	46	17	41	33	71	16	7	78	12	41	85	95	91	73	55	11	31	65	72	27	76	23	3	64	8	20	5	4	60	46	83	41	71	36	44	70	18	26	62	11	13	92	86	19	25	28	20	29	83	40	76	56	28	40	1	94	93	52	88	2	68	82	45	45	39	37	92	22	82	6	58	1	-1	28	10	53	14	6	60	85	21	22	36	64	25	81	21	29	70	27	58	41	11	
72	71	10	55	64	30	99	30	66	69	19	40	8	35	85	70	22	41	33	28	93	81	45	70	58	47	22	98	39	80	35	61	57	5	62	13	84	25	35	86	46	1	66	55	26	71	68	32	64	13	80	58	96	32	73	43	60	48	20	27	17	49	64	9	58	19	86	61	27	62	78	70	79	40	17	12	50	83	97	96	-1	32	6	10	23	22	4	58	84	90	31	91	4	1	62	67	63	72	93	28	
13	50	67	62	50	21	34	94	77	31	30	88	46	67	55	71	35	88	77	87	84	29	17	39	51	93	42	96	47	50	55	70	82	28	70	98	77	7	37	79	55	17	33	69	54	17	41	75	45	97	92	63	25	33	33	28	22	84	41	91	76	38	74	58	91	62	91	81	24	78	87	26	86	78	7	84	7	69	90	2	74	-1	82	16	8	37	93	23	94	10	24	3	4	84	96	33	38	59	80	12	
89	83	14	32	13	81	39	96	97	51	20	9	64	14	62	81	89	73	46	39	1	43	81	5	3	89	93	24	53	45	29	11	49	34	38	62	58	54	55	4	48	80	73	11	37	57	50	75	58	72	67	46	81	53	25	82	40	64	65	87	14	47	82	59	37	41	46	51	76	55	64	100	29	42	37	58	65	67	46	87	15	60	-1	73	87	99	76	69	31	80	69	95	39	31	59	70	57	9	55	7	
10	43	69	66	11	17	11	32	89	25	75	9	64	40	47	19	50	13	15	95	10	5	83	72	39	11	18	14	68	73	50	33	36	39	20	18	26	98	6	81	88	87	87	56	15	33	99	6	100	20	11	3	42	80	4	87	96	26	59	94	12	85	48	7	32	76	67	68	95	13	2	84	16	93	41	94	43	74	66	69	80	49	76	-1	21	72	18	18	13	25	84	28	77	41	81	62	90	46	62	40	
83	32	83	96	47	80	81	77	56	80	59	52	22	46	22	58	96	46	13	30	26	22	89	31	55	4	18	87	45	42	73	37	28	45	10	68	47	64	89	77	93	54	33	83	82	67	33	73	100	67	47	32	41	95	77	17	82	72	62	77	13	57	17	59	54	68	48	54	11	33	19	24	54	86	54	33	79	18	73	8	34	67	42	67	-1	50	61	52	70	63	81	98	34	74	10	66	14	70	63	32	
41	60	58	41	65	6	91	68	4	45	55	62	21	18	74	76	69	86	19	51	10	97	96	63	47	83	62	28	10	43	25	9	71	1	27	90	93	79	49	97	42	55	83	23	70	31	13	8	52	53	10	36	92	5	8	3	28	100	52	72	22	98	71	81	70	76	36	66	64	86	65	83	84	26	77	10	52	74	32	10	89	98	84	44	10	-1	34	37	52	41	62	100	68	67	15	84	63	19	65	62	
33	6	73	6	16	21	78	29	78	66	42	9	6	36	42	75	72	94	22	32	89	66	13	2	53	30	65	72	83	86	61	57	91	83	36	100	34	95	74	75	75	50	52	86	31	5	77	59	18	9	93	68	77	74	100	99	96	97	13	40	57	90	96	19	68	30	66	72	24	36	86	96	89	74	11	62	43	91	5	54	12	91	68	17	30	86	-1	84	10	28	24	10	18	77	73	41	26	96	84	8	
41	89	93	91	83	100	15	84	70	10	11	37	62	48	11	23	44	7	14	61	67	84	9	69	37	87	25	41	97	67	17	34	19	15	34	9	73	92	85	95	64	50	2	87	59	56	47	21	43	52	18	2	10	94	78	21	82	83	95	16	32	77	9	71	46	37	15	63	45	14	32	23	67	64	86	80	63	95	41	19	37	57	14	55	28	89	100	-1	59	71	37	15	92	44	18	4	3	95	3	44	
54	95	76	8	5	56	100	39	43	12	89	10	100	75	62	69	5	21	64	11	66	83	9	36	72	52	83	53	75	61	81	84	90	91	59	32	100	9	26	91	85	49	98	38	65	3	59	73	48	27	17	83	83	54	4	32	30	25	94	41	19	5	51	80	17	50	40	65	29	29	23	56	81	63	78	45	46	60	52	100	83	40	7	28	38	89	44	93	-1	15	73	9	92	26	78	9	4	90	67	97	
99	99	12	85	3	52	21	85	90	26	47	97	43	87	55	94	21	18	15	35	100	14	54	82	98	9	64	68	40	39	78	40	34	79	55	94	21	25	35	7	66	81	94	30	17	7	53	70	48	36	24	27	17	28	35	35	55	7	39	90	64	65	36	7	34	89	45	8	51	65	97	64	37	48	59	4	24	36	20	60	59	27	33	26	28	92	97	86	27	-1	49	8	52	35	79	100	76	38	12	62	
5	88	16	8	76	71	15	94	21	50	34	26	86	43	84	89	14	4	51	63	57	49	55	38	47	2	66	10	50	52	84	87	12	46	57	83	27	36	97	77	30	68	8	15	37	91	90	68	93	39	56	69	63	62	100	89	81	97	81	18	69	86	3	23	36	27	45	10	70	8	67	86	32	6	34	78	1	33	86	39	78	7	68	64	56	38	20	18	48	8	-1	93	21	36	21	18	38	67	17	75	
62	19	94	21	25	42	76	33	15	67	99	36	33	1	73	87	3	84	89	41	8	18	7	37	90	89	37	44	28	12	25	52	18	55	7	46	56	55	78	97	74	17	22	63	10	42	21	52	26	95	30	8	39	81	85	30	14	27	89	11	82	91	74	19	71	63	31	18	73	53	31	93	80	5	10	44	90	97	54	11	45	69	11	96	84	40	92	92	20	54	98	-1	43	19	76	82	61	91	17	18	
6	31	31	76	62	100	13	67	18	22	10	30	54	57	86	86	35	78	83	58	82	52	35	57	25	52	19	47	38	28	35	24	70	79	32	69	52	82	59	4	78	17	77	91	74	29	90	12	45	17	77	68	37	94	68	28	61	88	88	54	49	9	24	72	57	60	18	58	50	86	90	35	7	48	6	66	78	46	93	17	71	93	8	61	64	47	18	75	46	63	35	79	-1	98	39	27	91	8	46	96	
7	88	17	53	10	82	78	89	39	40	2	4	29	49	59	75	31	48	86	49	68	36	41	60	78	3	33	90	81	86	6	58	35	67	55	94	82	34	71	2	78	44	35	97	15	2	62	94	52	44	64	90	77	9	15	44	99	49	19	84	42	80	66	44	12	99	58	60	7	20	15	66	6	83	29	13	12	82	79	29	94	85	47	35	44	31	4	17	5	99	38	85	46	-1	34	17	42	32	35	68	
27	45	20	63	87	64	89	79	93	92	63	13	61	71	74	81	78	79	62	56	61	49	23	72	97	32	51	76	25	36	100	32	71	91	37	26	55	49	33	24	7	31	74	28	52	87	25	86	77	30	51	16	70	71	61	20	92	46	23	57	79	23	93	47	68	78	36	44	36	74	32	19	61	9	6	52	79	36	55	28	26	47	5	55	22	95	34	19	74	66	35	99	5	79	-1	87	47	26	74	64	
54	52	42	37	89	58	5	69	74	70	92	26	53	47	85	89	37	11	65	98	23	79	45	27	6	92	38	62	55	18	19	2	19	1	8	77	76	65	73	67	9	2	89	6	52	62	99	23	59	79	12	84	27	76	3	98	7	2	25	41	96	82	53	13	63	5	43	87	36	52	35	93	1	65	73	66	90	62	82	54	8	85	53	64	7	63	27	69	29	89	84	16	12	23	87	-1	90	6	59	44	
44	95	18	48	31	59	1	49	59	82	99	66	83	68	68	29	20	84	9	78	87	56	47	11	24	54	46	39	13	97	79	59	64	63	63	40	24	46	65	72	5	16	25	83	37	52	18	25	70	85	79	21	21	5	62	54	41	18	17	23	89	44	29	52	70	27	83	42	69	94	96	88	67	97	28	100	33	98	6	56	42	22	35	86	35	19	93	84	18	45	74	28	11	85	21	47	-1	27	20	10	
56	89	92	48	91	17	3	24	59	47	77	88	17	5	16	75	41	76	34	51	90	12	90	47	78	34	18	51	79	74	16	40	16	97	27	92	30	64	61	29	34	10	50	96	91	66	98	62	28	89	82	34	48	55	13	74	32	35	38	63	45	56	6	33	99	32	75	44	41	96	72	59	70	42	75	86	47	43	12	55	53	37	60	17	86	50	27	81	23	81	33	49	25	60	51	85	81	-1	19	80	
39	12	36	54	62	50	60	71	23	41	57	79	48	98	13	56	92	20	45	82	2	16	65	52	85	15	79	33	21	41	14	79	63	19	85	62	19	24	32	18	25	85	74	66	68	73	96	84	67	17	93	81	32	81	34	42	27	3	80	39	99	97	88	67	79	89	82	36	40	82	53	61	21	38	66	17	71	99	23	58	30	67	54	29	67	23	30	40	52	28	40	69	76	67	78	5	4	71	-1	76	
93	38	14	8	67	96	18	8	56	49	95	57	17	57	44	63	52	99	53	14	48	10	48	7	68	77	40	39	80	32	1	55	24	90	14	4	36	76	91	89	16	22	55	83	29	100	41	29	13	24	49	76	96	42	9	36	27	56	44	52	40	76	63	14	69	70	47	78	29	42	82	69	76	14	37	45	23	64	5	99	57	98	61	60	40	69	8	92	14	67	7	56	61	32	1	22	45	88	12	-1	
