100
-1	77	63	93	51	67	53	67	1	70	22	80	12	80	97	3	82	4	60	49	99	81	90	31	55	72	51	30	1	88	52	74	96	86	6	1	80	13	3	31	60	95	90	43	29	16	63	51	45	3	99	77	5	47	56	9	100	43	28	46	77	65	39	81	6	96	83	39	18	100	88	69	80	42	31	37	10	64	89	43	16	82	40	95	92	70	94	21	14	81	30	68	32	38	19	63	8	2	58	74	
93	-1	41	36	93	22	92	64	90	25	95	26	31	99	62	87	81	4	38	27	15	66	65	65	94	5	38	89	34	62	45	8	69	32	67	35	95	67	29	57	30	54	6	43	83	14	66	21	20	57	64	7	95	12	88	87	83	77	90	68	17	84	5	52	90	72	39	2	83	12	47	87	17	75	13	82	51	37	95	69	56	3	20	50	9	96	13	66	59	96	73	41	20	9	65	22	32	13	4	16	
50	44	-1	81	9	8	39	59	70	63	63	88	100	38	29	33	97	21	46	77	9	13	78	92	87	99	59	89	95	23	31	4	82	66	2	5	92	93	65	77	68	71	73	62	64	40	92	20	51	16	77	27	9	71	47	42	10	94	40	11	25	91	34	100	34	88	9	4	10	30	42	58	94	3	35	68	55	8	88	25	44	20	26	80	65	20	90	76	14	94	49	4	15	96	33	82	2	89	14	97	
57	41	62	-1	15	35	71	37	40	13	84	81	46	37	15	13	63	89	16	73	70	60	33	97	87	70	30	14	26	10	51	13	48	1	80	89	55	28	72	87	75	84	42	71	74	49	59	14	45	5	80	54	23	39	32	22	82	84	17	91	35	76	48	58	31	52	65	86	39	83	48	76	19	34	24	61	23	32	98	89	66	50	62	70	28	3	60	42	17	56	81	88	2	46	63	52	20	36	50	90	
87	63	92	21	-1	24	66	68	93	30	95	23	21	73	35	15	25	64	33	99	30	65	30	42	99	43	63	27	89	3	88	54	6	42	64	13	54	13	33	81	41	26	45	41	75	91	53	91	22	40	72	51	14	38	99	25	83	33	64	58	11	5	57	25	7	4	43	33	95	51	98	31	86	28	14	78	7	79	38	71	7	15	88	94	74	87	30	80	71	68	80	55	83	26	66	79	72	66	15	26	
84	46	65	90	43	-1	79	67	73	25	78	40	5	26	78	46	62	42	73	36	61	64	5	67	30	20	73	87	32	84	44	92	15	13	41	91	58	34	16	90	46	53	95	19	7	60	41	73	65	37	95	39	18	34	56	50	47	96	26	32	28	22	9	50	3	29	92	2	3	13	26	38	69	75	51	41	55	28	35	57	69	100	94	45	5	21	24	75	50	97	43	98	83	11	58	90	76	29	28	76	
93	6	94	88	94	86	-1	38	60	63	20	89	79	49	55	17	1	32	36	70	89	99	69	17	20	41	7	79	76	37	69	49	65	92	6	92	82	57	43	87	67	74	95	82	18	97	14	89	100	53	25	45	93	6	6	87	83	10	70	83	30	70	17	30	100	64	80	15	23	74	50	6	35	99	80	23	78	25	77	70	9	47	38	90	89	27	25	95	45	2	96	70	6	7	68	88	57	42	31	84	
75	46	67	9	79	80	40	-1	75	59	21	95	31	80	58	96	5	72	38	29	57	13	94	84	69	19	100	32	14	24	84	62	10	63	55	73	81	27	92	11	59	58	93	6	48	38	66	87	45	30	96	40	34	4	88	40	28	78	77	39	5	34	87	47	62	42	30	34	89	20	7	28	54	30	97	68	75	54	14	70	58	84	3	32	90	12	62	66	86	85	86	10	33	62	12	32	63	25	20	68	
99	73	33	69	61	60	37	58	-1	33	44	81	11	13	9	85	34	32	12	50	75	44	42	23	13	77	32	49	61	66	22	19	80	19	50	6	8	76	26	2	75	93	4	8	72	42	81	40	30	73	20	94	42	21	73	1	7	54	45	92	56	43	71	73	94	70	91	98	26	46	71	58	69	57	39	100	22	92	69	58	52	100	100	28	85	30	1	10	70	27	76	64	68	57	40	72	89	8	49	77	
75	80	28	26	42	73	100	33	69	-1	44	36	37	23	42	61	22	22	75	74	95	64	29	17	20	52	96	55	30	31	32	19	80	75	77	31	71	87	30	15	79	85	62	6	31	49	34	87	43	74	47	4	49	6	67	1	50	37	41	38	2	34	78	9	5	14	90	35	43	80	56	57	43	49	37	100	35	92	17	8	59	33	99	64	43	100	90	74	41	87	60	40	96	39	64	40	53	19	34	28	
76	17	18	13	59	43	49	65	1	33	-1	11	34	34	27	6	21	100	70	21	63	45	66	13	6	99	34	40	43	57	19	46	59	80	14	29	44	32	17	39	77	89	4	3	84	100	20	64	71	62	55	25	33	14	9	82	43	53	31	66	26	11	14	18	2	21	74	36	24	63	60	35	8	15	60	26	23	21	79	99	70	80	88	2	98	100	57	78	19	9	57	47	10	49	40	37	64	10	86	64	
75	18	27	56	55	71	7	51	62	93	41	-1	89	3	57	17	99	85	19	87	31	30	71	66	22	94	97	68	75	42	75	58	44	60	31	80	15	13	37	71	91	21	76	82	70	86	79	10	1	31	19	41	29	1	92	92	8	22	17	8	2	98	92	22	49	20	33	49	43	71	37	33	65	100	66	42	7	57	49	91	99	14	49	35	22	51	70	92	29	15	36	38	39	19	53	90	59	78	88	68	
69	12	15	57	34	76	87	37	16	86	47	100	-1	94	28	55	55	43	61	22	74	48	72	78	71	33	58	66	65	93	62	91	39	5	12	27	31	65	4	68	82	40	72	41	32	57	81	82	55	23	5	48	33	38	73	3	27	22	58	55	69	43	53	72	34	26	11	82	26	67	84	27	99	11	40	11	36	73	15	43	93	11	21	61	54	42	6	99	26	34	59	24	76	47	2	58	31	60	46	98	
67	88	97	26	6	55	76	21	12	93	64	80	63	-1	18	41	59	38	13	72	90	59	90	29	29	47	78	77	9	9	65	44	49	66	19	30	51	100	17	30	84	16	82	96	3	30	74	91	20	39	79	50	64	56	98	97	74	61	19	22	49	83	82	61	53	23	21	19	56	40	72	46	26	20	76	29	86	25	71	25	38	66	39	97	41	43	57	22	44	56	60	26	39	38	50	86	48	54	33	77	
95	60	46	95	92	19	82	57	71	22	90	95	91	46	-1	33	16	73	89	28	20	41	82	97	24	97	30	90	62	84	31	100	95	86	94	59	9	43	94	53	88	29	59	3	75	37	61	78	19	80	97	22	8	14	48	3	93	16	50	25	33	95	45	74	41	48	47	56	16	17	77	80	36	100	13	37	39	18	13	30	30	78	9	48	93	32	14	54	91	16	60	57	35	96	73	46	63	65	95	37	
73	8	88	96	35	19	64	45	22	57	87	16	54	52	31	-1	33	11	41	92	37	52	18	90	86	65	19	47	84	86	17	82	93	63	54	3	5	56	92	28	70	17	94	91	9	38	80	12	98	95	39	50	77	24	72	77	69	83	44	83	61	14	20	88	73	98	77	78	54	20	86	56	81	15	17	53	85	74	80	100	55	4	73	71	9	29	100	89	82	43	67	85	25	61	54	64	16	86	48	92	
31	22	1	6	33	68	30	84	63	67	62	47	3	58	71	64	-1	6	5	48	2	64	27	68	8	31	21	31	99	19	96	18	46	29	70	5	36	11	89	85	21	99	64	40	77	2	74	76	53	83	68	34	92	40	46	39	97	76	65	31	81	69	55	93	92	84	52	31	75	19	16	18	81	62	93	25	13	33	95	18	18	29	72	41	6	29	4	24	80	95	41	30	38	11	24	88	2	39	65	73	
87	20	23	13	69	92	59	92	85	72	93	36	23	40	23	12	93	-1	40	2	47	9	33	78	4	34	81	22	3	67	75	20	64	7	67	38	2	80	68	13	19	23	15	36	22	87	19	4	65	9	5	67	84	84	6	15	30	100	70	61	22	33	51	69	33	9	39	20	70	93	47	47	13	27	80	85	48	48	42	8	75	74	79	56	24	60	73	1	78	73	95	85	41	98	96	13	6	31	37	57	
43	39	20	1	46	39	18	63	6	64	63	38	22	16	42	19	5	15	-1	98	98	26	94	63	99	41	11	18	95	12	18	20	61	39	3	60	28	26	98	27	55	33	12	39	78	46	62	68	70	49	43	22	80	8	36	71	66	84	12	92	35	76	18	37	45	84	57	42	55	89	47	100	7	15	23	69	56	91	13	14	17	58	25	93	30	98	14	74	15	15	24	39	38	57	46	96	80	24	61	84	
23	75	67	56	25	21	83	59	45	65	37	3	58	54	28	30	13	30	43	-1	53	32	94	25	86	11	10	60	60	30	85	91	75	51	84	10	35	81	4	26	57	60	73	6	8	59	67	78	62	36	42	38	76	67	66	45	34	78	93	14	17	92	9	78	49	67	85	60	35	2	62	45	16	66	89	28	64	80	19	77	57	51	69	24	70	100	85	33	22	40	61	1	13	84	23	8	10	47	12	40	
46	15	81	48	100	65	82	15	61	3	73	22	90	55	75	93	51	1	29	61	-1	35	12	34	85	17	29	30	83	5	80	98	12	12	7	23	99	8	15	25	14	47	46	9	93	45	91	60	37	96	72	84	17	28	14	32	98	56	100	56	28	87	93	76	38	38	91	38	82	85	8	84	10	27	84	26	58	79	11	56	87	37	9	92	44	30	18	39	75	80	75	4	86	51	62	8	83	83	45	20	
64	82	86	28	91	65	22	38	37	92	47	27	13	61	34	72	39	45	37	7	58	-1	29	85	30	55	98	12	60	51	68	41	83	2	20	3	26	13	12	91	72	1	19	76	33	17	85	33	28	50	84	94	20	21	4	63	34	49	4	70	91	77	65	41	54	72	66	55	9	71	81	51	5	80	9	85	6	72	77	85	43	13	99	62	58	9	93	64	4	41	84	48	96	75	9	75	9	70	93	52	
8	95	4	58	63	84	45	75	70	90	64	67	19	84	16	19	37	70	75	8	73	51	-1	95	3	37	19	89	98	40	76	45	80	89	83	39	61	23	45	24	88	53	51	66	14	75	71	69	27	69	55	54	75	55	23	68	65	37	26	52	27	55	93	9	38	47	8	5	7	73	53	78	46	80	2	60	22	7	1	62	58	3	22	92	10	19	53	40	81	56	80	3	41	78	43	45	3	10	74	72	
32	22	11	82	85	73	32	10	51	32	23	44	91	45	25	39	80	9	88	90	72	50	69	-1	70	44	13	32	23	62	38	24	37	73	24	10	52	16	58	29	75	22	12	5	70	54	77	61	39	17	26	97	71	8	75	84	72	72	16	57	48	83	59	4	23	93	16	63	78	27	21	21	68	50	92	35	69	19	5	26	89	50	12	4	10	64	51	18	85	54	92	29	7	74	65	64	38	12	55	2	
89	54	52	100	29	12	68	53	77	70	39	19	48	66	29	81	72	1	34	35	43	49	23	18	-1	86	28	80	21	88	87	40	11	24	77	69	34	84	46	17	54	37	68	18	82	29	45	88	92	1	85	8	71	3	41	14	10	17	76	60	99	63	61	22	61	93	53	58	90	56	18	65	83	34	89	81	49	72	68	80	16	8	30	93	26	16	11	82	78	37	31	62	54	47	10	3	78	48	18	70	
73	19	24	53	8	91	79	2	1	36	6	15	54	86	28	74	76	83	34	57	50	58	83	72	81	-1	49	39	66	72	82	18	57	59	10	50	38	49	41	36	84	82	42	59	48	62	62	82	29	28	3	46	57	6	99	34	43	14	64	43	7	72	95	47	31	92	84	50	95	46	24	35	95	76	33	55	19	12	41	40	11	95	62	80	76	78	53	64	64	51	50	82	73	97	94	8	44	51	58	36	
43	91	51	29	39	35	10	87	16	32	66	58	1	29	4	95	32	17	87	95	17	65	84	44	62	49	-1	59	14	40	90	71	78	88	63	78	45	84	14	97	70	11	2	22	45	9	14	98	11	16	32	74	33	88	27	36	78	85	87	16	59	99	95	52	82	17	63	30	27	94	74	41	85	88	53	69	11	49	38	68	45	8	15	29	26	23	51	2	95	2	86	54	50	33	55	24	75	30	75	79	
27	69	75	50	7	83	74	38	55	32	60	29	39	32	42	41	28	72	47	98	32	58	7	16	100	86	66	-1	64	18	79	71	32	78	73	17	53	36	80	69	69	78	1	9	58	36	32	49	74	81	50	68	67	24	75	70	8	3	67	55	40	94	64	42	38	55	71	99	38	72	79	34	12	98	98	17	14	65	100	83	95	64	69	67	5	63	62	6	82	66	18	24	11	19	33	2	88	78	57	95	
80	72	97	44	84	10	98	16	22	56	40	86	84	38	41	65	37	73	75	9	63	5	12	75	93	33	86	81	-1	47	48	93	79	84	91	28	33	52	87	9	14	26	32	76	80	91	74	42	89	11	7	55	17	51	17	58	81	28	77	67	96	19	40	73	60	6	77	53	87	13	44	67	82	93	78	80	78	41	56	16	33	30	8	20	27	17	5	26	50	46	14	8	19	83	78	55	54	96	7	37	
43	14	13	80	34	51	40	4	43	33	76	39	67	55	84	76	87	42	57	86	30	35	5	85	41	92	27	97	45	-1	29	84	54	93	37	98	84	80	85	24	85	93	41	43	51	89	37	72	73	33	81	34	77	100	8	4	27	72	37	34	25	52	67	8	34	48	75	88	48	73	67	2	41	98	45	4	92	72	89	67	81	16	27	11	66	14	100	93	40	42	22	19	26	32	67	40	84	74	91	42	
6	65	96	68	5	15	66	92	2	91	74	61	15	82	15	40	55	26	72	20	86	68	21	19	55	13	72	3	95	53	-1	57	73	27	47	61	48	94	20	32	9	86	60	53	7	75	21	90	85	43	61	76	87	71	54	48	45	2	23	87	13	9	58	87	63	43	44	74	30	6	45	78	10	10	89	38	19	76	82	100	55	98	47	19	64	17	56	59	21	18	62	3	83	49	45	34	78	87	53	6	
60	55	70	81	24	16	31	100	76	48	65	36	37	48	47	66	79	62	49	19	51	55	66	73	19	51	90	61	62	21	40	-1	17	84	72	66	24	25	66	42	71	11	38	57	63	96	93	31	40	54	96	98	64	80	97	74	68	56	71	24	66	65	43	5	92	70	1	22	32	31	98	78	69	26	6	32	84	7	61	1	54	43	86	83	37	67	28	95	89	23	9	97	93	57	16	58	75	84	1	14	
36	77	42	99	71	80	64	48	48	58	80	30	79	25	20	8	90	49	97	41	60	46	53	79	91	46	99	37	61	88	86	38	-1	41	100	32	100	80	62	5	86	38	49	10	98	44	9	30	93	85	73	50	28	24	76	3	59	84	86	86	56	43	37	79	74	27	58	63	18	86	86	71	78	51	25	80	80	65	30	68	82	52	67	68	72	86	61	76	13	67	79	4	61	100	16	20	57	13	15	99	
21	5	2	51	44	18	73	44	98	53	20	30	2	99	99	31	28	73	10	2	68	81	68	41	5	37	99	69	45	59	13	67	49	-1	42	46	53	55	16	93	63	34	41	35	100	2	7	86	16	89	38	26	62	10	37	10	57	75	50	97	62	76	2	74	97	78	97	52	66	4	61	66	26	13	52	100	74	14	63	23	33	15	88	74	89	5	52	72	40	29	90	75	56	79	82	65	48	19	21	50	
92	35	40	47	19	59	67	26	64	30	64	14	92	70	92	80	57	42	90	66	78	61	33	63	85	33	83	63	45	89	95	32	89	48	-1	86	4	100	36	25	94	67	86	46	76	99	22	38	34	32	29	14	16	59	100	48	20	38	76	92	22	10	40	18	80	55	27	34	18	88	75	55	38	89	45	52	4	64	6	73	84	88	61	32	91	67	82	91	30	48	58	41	12	36	28	19	76	76	44	29	
44	66	78	9	60	59	88	99	70	26	63	69	40	19	52	61	38	22	43	77	74	33	20	35	45	11	77	45	64	87	54	58	18	20	83	-1	30	88	86	47	78	26	89	38	55	76	32	4	57	13	41	54	11	27	59	58	18	44	55	14	73	42	68	70	46	57	1	31	54	44	24	42	54	69	57	41	51	91	83	70	47	21	6	29	24	25	40	48	9	9	25	73	67	12	18	56	93	16	57	2	
39	78	83	81	3	70	65	56	33	82	80	90	4	77	66	42	69	1	74	26	100	88	35	20	14	65	19	96	38	67	4	7	98	38	50	88	-1	100	18	51	37	67	4	10	60	4	38	70	14	22	46	75	43	61	6	7	92	26	22	98	26	98	58	86	100	6	94	60	10	1	8	83	38	12	77	11	23	98	42	97	93	86	16	37	72	30	30	23	97	77	98	35	1	60	14	19	67	92	84	3	
12	67	48	91	52	50	77	35	16	78	71	90	70	86	60	39	5	55	76	33	46	88	37	90	34	53	42	79	97	11	35	14	14	34	58	8	7	-1	53	49	84	24	77	20	63	71	69	20	5	54	25	36	52	85	50	11	7	85	80	91	10	86	5	76	41	88	9	71	66	3	51	28	43	85	71	26	59	90	12	39	47	19	4	47	60	64	33	53	43	6	86	51	57	61	78	90	88	25	77	62	
61	40	29	43	76	91	3	72	17	92	42	78	53	83	27	25	36	36	5	58	72	65	87	32	26	24	24	57	67	3	93	52	58	89	2	20	67	92	-1	30	86	83	77	16	3	99	52	38	28	26	25	87	82	19	49	74	18	58	77	56	21	78	88	90	71	47	59	67	81	49	50	47	9	28	85	9	69	5	84	90	62	41	22	63	10	89	4	15	67	94	93	48	87	33	97	72	33	58	26	87	
74	96	50	23	55	24	55	62	28	11	24	39	42	57	25	32	53	100	88	47	21	4	48	68	86	96	34	50	26	49	74	76	5	10	100	1	91	11	32	-1	63	25	70	99	53	65	82	64	27	19	26	86	86	32	94	54	68	11	12	90	44	48	46	83	74	16	97	88	98	86	57	65	99	67	16	99	71	33	24	76	63	45	17	29	83	94	67	58	27	48	39	43	48	45	71	76	46	7	19	62	
6	62	35	100	43	59	70	90	5	100	92	33	53	58	43	75	35	17	58	82	81	51	54	55	95	40	50	75	12	68	87	17	56	14	75	93	58	27	33	29	-1	12	94	88	75	60	18	19	62	78	53	1	44	91	96	18	11	96	2	34	74	19	25	56	39	53	50	14	66	69	1	83	96	52	54	17	81	77	78	44	87	51	32	31	5	41	21	1	47	29	42	79	2	36	93	68	98	76	91	53	
81	55	65	90	51	28	32	52	32	52	85	100	30	74	28	12	56	6	28	29	87	18	84	5	58	22	53	46	51	14	68	86	31	85	65	32	46	48	24	59	81	-1	56	83	18	23	36	96	76	99	19	13	5	38	92	65	64	80	94	76	26	41	26	21	14	84	87	15	75	48	30	39	8	13	18	9	78	54	1	1	87	32	67	98	16	65	91	95	72	6	27	98	32	66	49	7	34	8	12	18	
94	46	100	28	65	19	25	61	40	30	76	85	73	93	31	69	68	48	90	36	13	77	54	48	96	76	23	89	73	43	69	71	85	52	18	91	64	94	22	33	48	77	-1	38	71	98	56	14	5	44	59	41	92	3	73	31	16	74	72	31	79	58	96	89	37	24	26	61	69	68	1	40	81	62	41	42	56	86	29	13	83	12	86	38	74	22	42	1	24	30	46	29	98	51	80	65	4	3	84	72	
80	40	5	40	88	59	86	13	86	34	62	12	38	56	69	78	10	51	36	37	52	16	74	51	45	43	76	8	89	30	93	5	27	14	78	37	98	61	2	87	48	28	70	-1	54	66	8	3	72	36	36	42	66	7	29	16	30	100	58	1	23	2	29	43	21	15	81	60	72	83	41	60	71	10	97	4	4	59	16	5	30	37	86	85	41	93	51	87	49	83	88	78	73	85	72	40	54	70	37	91	
73	80	24	83	13	17	62	89	85	42	76	7	8	40	14	93	1	42	12	92	58	63	21	30	43	38	79	13	12	23	74	86	95	84	76	52	39	60	45	49	14	26	69	65	-1	3	13	94	30	15	15	90	51	17	87	45	84	9	92	22	9	47	51	52	59	51	83	23	31	42	71	68	48	94	55	53	19	83	45	36	64	39	99	47	40	95	76	48	37	38	35	54	62	77	76	95	96	40	66	95	
4	97	99	50	17	22	2	9	96	59	27	79	62	20	10	93	19	64	1	82	57	55	87	41	26	37	1	91	86	91	76	14	10	77	67	42	25	17	66	94	9	48	99	62	34	-1	62	24	86	35	39	6	31	48	7	97	36	42	29	3	65	52	19	25	11	7	5	11	98	77	88	76	82	95	73	46	59	22	63	50	69	25	77	51	48	81	35	72	36	2	66	72	3	92	65	14	69	5	39	43	
65	47	39	18	67	35	35	30	5	7	40	88	97	42	73	73	15	34	98	48	91	86	99	11	26	68	61	74	22	1	43	92	27	79	57	46	19	40	6	62	36	69	4	96	12	91	-1	100	51	46	53	53	90	31	62	20	64	87	49	94	65	81	47	95	25	100	23	95	3	28	1	65	55	56	63	21	68	33	67	65	45	55	19	76	25	3	13	99	24	68	39	45	7	42	10	72	59	28	93	56	
66	97	97	100	43	65	10	83	87	32	85	21	60	24	20	2	41	3	48	74	94	23	78	49	49	85	84	32	85	91	47	37	66	13	61	4	33	63	71	71	34	61	44	27	43	63	75	-1	55	86	38	23	61	54	99	77	35	70	70	43	3	43	69	7	94	35	78	45	81	45	14	72	93	47	56	61	17	22	18	46	53	37	38	86	81	29	11	82	18	39	73	16	57	13	38	97	70	98	43	89	
38	12	51	13	76	33	34	80	28	2	64	59	33	1	46	1	97	57	73	11	75	58	19	87	32	24	75	51	33	74	8	48	92	41	36	28	8	85	61	57	10	66	44	79	30	11	50	87	-1	47	53	32	49	37	53	50	91	19	83	86	99	76	11	89	4	66	21	66	23	35	33	18	71	83	74	32	10	94	62	58	14	40	10	100	88	29	84	87	18	72	70	80	47	83	49	50	87	25	50	2	
72	23	92	6	56	43	34	71	19	5	10	94	8	94	66	53	83	63	98	71	42	24	50	66	65	93	29	72	14	9	6	2	17	64	14	35	62	24	95	29	16	32	39	27	14	1	72	3	68	-1	10	75	88	60	14	62	10	30	71	46	49	57	93	45	28	74	43	76	34	30	5	88	14	79	3	62	11	27	29	21	22	73	99	55	76	84	91	22	22	53	72	96	26	39	65	65	70	29	31	13	
84	16	100	86	30	53	65	54	83	33	80	84	54	99	81	43	53	86	6	63	69	84	9	100	99	38	19	12	54	65	61	93	76	31	69	39	78	22	95	83	28	2	37	81	3	54	33	65	21	17	-1	56	24	86	41	18	73	9	52	20	10	99	41	53	77	85	41	78	14	92	42	24	14	44	24	22	72	78	10	54	84	30	87	76	57	75	13	90	28	46	62	79	57	97	50	86	52	37	96	96	
16	9	33	73	38	17	76	28	66	13	14	69	49	46	90	7	27	71	24	45	3	88	40	10	3	99	88	97	38	39	1	6	99	94	22	21	75	9	21	58	46	81	80	58	42	16	71	1	41	38	2	-1	25	32	21	42	1	35	59	55	77	11	79	12	25	94	77	6	41	6	70	42	20	8	51	58	28	74	72	66	81	55	40	11	59	78	19	43	17	58	64	18	79	12	97	73	84	77	24	17	
25	42	62	74	100	29	21	37	40	82	26	94	43	97	9	18	74	98	69	72	62	82	30	87	43	44	13	47	81	1	65	91	24	51	63	74	88	60	29	73	81	97	6	97	97	80	73	28	79	75	39	82	-1	11	38	73	100	100	68	95	52	92	33	62	100	14	70	68	19	48	65	5	93	96	79	56	65	16	91	60	81	81	25	16	70	84	23	10	38	6	75	31	90	2	49	41	19	60	22	53	
2	53	53	15	62	16	84	4	79	91	95	98	21	6	89	34	95	75	87	87	80	74	85	85	50	67	37	64	93	54	31	78	6	14	79	90	13	70	97	22	39	12	70	48	60	6	33	76	64	81	25	17	16	-1	44	46	77	8	82	98	22	70	76	81	15	65	53	39	26	48	38	93	71	97	83	38	32	49	59	60	42	4	45	5	49	96	39	99	36	59	88	76	7	2	60	49	56	69	95	45	
83	7	27	81	89	24	77	67	75	74	62	91	13	32	45	44	25	14	80	47	44	89	60	93	43	77	73	42	73	24	10	18	57	100	33	59	97	81	78	99	2	89	73	48	51	16	37	69	54	96	43	90	98	28	-1	87	51	18	50	65	29	54	59	6	57	40	6	45	25	68	45	41	28	99	23	8	82	69	8	50	52	49	7	26	21	43	1	29	61	20	19	45	5	36	21	99	7	24	40	7	
3	88	81	95	54	88	35	3	65	63	84	88	10	49	78	20	59	73	16	17	47	69	78	80	94	5	44	43	91	1	87	54	75	59	8	79	87	24	27	21	74	10	3	26	38	61	51	71	56	34	32	59	46	53	96	-1	62	48	94	82	5	41	27	71	79	59	100	97	38	89	22	65	82	4	100	14	81	8	59	96	52	89	49	67	40	69	56	40	73	48	24	9	55	69	90	47	34	94	42	3	
55	60	36	54	95	19	10	50	12	5	46	22	58	97	94	19	12	77	63	88	50	69	57	50	70	68	47	81	90	17	71	7	91	46	81	70	96	8	65	28	84	24	62	45	74	12	24	77	6	68	88	78	24	47	11	20	-1	69	37	16	99	79	27	50	73	14	9	9	57	8	54	36	91	36	73	75	81	11	31	13	81	27	28	81	60	81	15	48	18	12	24	50	6	58	80	59	49	95	16	64	
31	48	69	78	30	81	72	53	45	70	44	84	91	82	81	88	80	65	31	50	63	1	86	34	38	71	1	94	7	83	84	30	39	87	94	97	92	75	50	32	99	6	2	73	86	60	97	91	58	77	18	76	28	74	26	19	3	-1	21	68	35	34	33	71	83	70	90	64	12	10	9	82	44	97	72	18	32	35	85	26	100	84	77	89	6	6	47	24	84	45	37	28	74	11	42	83	3	16	8	75	
91	68	20	21	21	36	36	66	97	23	88	28	29	16	80	90	32	6	9	73	83	75	2	18	55	30	77	68	34	1	90	20	18	6	83	33	95	80	97	17	20	56	78	5	85	16	59	92	30	63	55	76	59	78	25	72	70	11	-1	51	89	53	25	68	49	61	47	83	92	94	32	76	99	98	26	66	11	44	14	77	64	24	27	23	17	92	74	38	17	60	86	79	82	66	51	69	45	68	5	7	
22	51	98	80	73	81	15	77	73	81	47	91	65	54	72	22	52	61	19	96	9	79	46	22	31	15	17	42	17	71	10	20	86	56	48	82	58	66	17	70	96	70	50	77	19	76	20	70	90	12	41	15	1	36	33	44	33	6	29	-1	94	35	82	47	30	28	39	31	37	3	2	21	82	31	50	33	6	10	94	16	27	78	52	31	64	36	84	41	84	27	45	96	90	30	65	88	12	4	90	91	
30	50	15	32	56	6	25	38	34	19	96	91	25	77	57	26	39	90	25	87	23	97	2	61	85	30	96	88	86	46	71	47	69	5	51	39	9	29	68	46	51	85	19	63	2	94	4	27	91	32	13	2	48	40	47	78	24	24	40	93	-1	82	35	69	53	49	67	68	89	33	21	45	9	58	12	77	34	41	13	95	3	97	57	83	12	88	63	50	61	10	27	67	97	29	59	7	31	90	97	44	
12	91	41	25	79	90	29	7	98	28	94	39	65	57	57	82	55	11	18	77	99	4	83	7	21	6	52	75	74	41	50	38	94	24	34	76	79	68	95	26	92	91	46	72	92	94	53	80	61	92	37	63	52	22	33	30	33	59	60	60	14	-1	70	10	54	69	43	50	99	35	7	30	96	19	68	52	99	63	56	92	56	39	15	61	40	80	7	76	62	21	44	42	14	15	5	90	16	30	69	23	
24	45	41	83	67	58	64	44	54	63	16	82	42	28	37	45	40	15	24	8	5	64	26	31	57	12	92	29	96	52	97	93	49	38	98	61	34	80	34	95	7	80	70	63	82	79	90	18	91	88	28	54	17	55	40	10	5	15	10	95	14	1	-1	28	82	36	54	63	4	9	6	31	92	56	70	37	32	72	31	77	91	57	72	68	97	65	47	100	35	42	62	89	84	6	59	70	88	15	28	12	
45	19	81	58	31	3	28	94	16	56	14	47	52	66	75	12	85	69	5	87	42	16	66	85	21	92	95	6	22	81	38	76	43	10	98	49	89	11	52	76	72	94	70	83	33	47	5	55	59	61	20	64	48	75	43	44	25	36	33	60	73	25	94	-1	80	86	37	40	20	85	11	40	40	14	94	67	14	79	90	10	49	53	61	67	60	12	68	44	3	45	58	81	30	72	41	45	3	26	76	41	
88	19	33	29	38	57	81	59	8	45	88	5	71	2	65	5	86	70	37	91	25	87	54	35	17	31	88	75	50	40	19	91	17	99	72	91	73	70	93	17	72	63	98	43	53	95	57	19	20	7	96	74	91	89	41	78	4	7	54	72	17	3	2	96	-1	6	50	88	37	9	55	87	64	54	82	10	16	86	54	97	41	50	14	87	22	48	51	13	11	41	67	95	27	55	48	82	85	64	67	41	
45	36	75	68	81	11	89	14	80	83	94	1	27	41	63	20	31	58	63	84	90	88	23	67	1	40	37	93	37	6	31	91	65	63	54	86	100	75	84	28	99	51	91	62	49	61	7	69	69	45	83	12	55	46	31	90	91	41	96	24	22	57	97	94	82	-1	93	45	15	5	82	84	74	37	51	18	90	70	85	5	76	71	26	91	79	2	55	96	16	30	14	77	8	58	45	97	75	84	51	59	
1	67	42	44	71	97	3	74	78	35	66	97	80	46	37	33	40	78	98	29	98	89	74	59	63	55	9	79	88	63	24	40	82	44	42	100	34	16	50	87	35	45	59	68	84	38	73	79	70	52	63	54	18	7	94	18	23	2	61	32	54	14	14	88	5	46	-1	40	33	17	70	92	46	51	53	33	81	94	91	87	32	95	77	48	44	93	27	2	58	66	50	19	91	94	35	89	4	2	38	4	
34	67	3	91	34	100	66	59	8	13	57	90	21	86	26	87	10	40	62	53	75	26	62	76	68	94	92	38	47	53	4	7	7	32	30	56	31	69	43	82	69	9	20	47	33	31	94	92	12	37	28	23	98	81	25	99	24	72	58	5	70	54	79	97	100	92	1	-1	66	78	61	63	26	29	82	35	85	88	2	60	16	55	66	77	13	47	61	12	61	58	10	40	61	88	17	21	29	74	27	2	
15	10	66	59	82	27	100	95	17	98	83	91	82	54	37	65	51	36	9	48	13	86	26	48	99	45	2	40	32	64	49	26	55	87	83	15	19	52	96	64	51	72	10	40	91	69	96	83	84	11	85	78	41	1	67	28	70	13	53	65	9	23	35	65	67	37	64	39	-1	80	35	64	38	14	13	35	47	83	5	86	60	85	11	65	37	9	38	48	98	83	93	94	12	37	9	59	83	51	13	77	
54	82	16	37	52	63	50	23	36	37	45	83	28	85	1	41	40	86	81	47	44	38	12	1	16	68	28	98	11	34	94	2	6	48	19	43	12	5	10	56	22	10	17	94	87	73	44	17	58	16	55	79	54	22	27	63	35	25	32	93	54	64	57	71	25	75	9	11	24	-1	45	45	31	3	29	94	93	77	92	96	85	52	18	30	84	58	15	88	50	75	9	47	82	84	51	5	64	64	35	29	
67	1	6	3	65	29	63	26	51	69	79	9	13	98	17	93	74	14	59	41	20	65	91	15	7	45	56	38	45	27	7	67	37	23	73	29	48	41	24	43	77	77	94	28	26	60	76	69	57	24	11	94	7	89	51	20	34	13	70	80	23	69	75	92	80	74	18	94	62	95	-1	59	53	37	79	20	60	22	21	72	64	41	22	26	13	97	47	11	56	37	72	3	88	60	4	37	47	51	73	72	
62	65	70	60	39	68	92	98	9	54	54	17	29	66	13	77	32	92	58	65	33	83	73	59	45	65	94	22	56	8	77	23	29	67	32	60	65	6	72	59	4	23	16	98	92	5	40	67	7	10	100	49	70	7	37	99	95	63	88	41	51	6	15	85	52	59	63	99	39	51	38	-1	92	4	79	81	11	94	60	13	18	24	14	99	4	64	75	24	39	11	28	58	75	49	97	80	23	79	49	100	
20	14	4	19	76	29	52	45	58	86	36	82	46	33	88	68	82	90	54	94	22	60	82	92	47	37	36	7	68	56	56	3	12	89	27	12	16	28	24	62	80	64	70	28	89	41	60	75	38	68	8	10	45	70	32	1	19	52	41	31	2	57	90	80	35	72	54	15	40	8	57	98	-1	64	5	28	75	76	53	78	39	4	63	1	42	99	34	29	46	63	41	64	59	65	49	2	94	24	84	79	
28	63	9	98	43	31	92	12	79	93	68	70	2	54	17	61	60	29	67	47	12	89	28	87	64	58	29	28	31	55	56	100	61	62	64	7	39	48	57	21	68	52	46	80	22	97	20	84	69	6	17	1	64	82	17	91	94	69	55	89	57	9	100	44	53	36	31	60	14	85	9	18	69	-1	53	43	100	80	88	4	31	81	59	92	27	61	69	57	24	29	9	46	15	97	78	69	34	83	74	1	
49	86	22	3	69	19	86	8	6	40	53	80	60	43	40	29	9	10	15	71	2	89	18	15	59	27	25	98	68	32	91	23	82	22	80	67	37	86	70	20	22	90	60	68	96	37	56	91	43	6	95	100	2	93	22	72	85	42	55	31	33	52	92	75	83	9	19	82	82	78	43	83	89	1	-1	18	36	32	49	8	39	81	62	87	90	34	66	7	20	74	24	79	56	21	30	4	32	24	88	6	
66	100	35	2	34	93	98	75	97	22	68	87	24	83	82	15	71	12	4	81	91	56	75	18	10	88	92	80	27	93	55	18	22	15	4	2	100	8	62	86	6	56	22	74	62	30	86	40	47	42	3	77	78	77	84	63	36	54	64	64	22	26	58	2	23	55	2	51	73	52	54	84	99	20	71	-1	72	65	16	14	34	100	66	31	18	36	63	59	15	27	7	75	87	43	12	28	83	63	76	45	
23	6	95	29	4	89	36	14	46	2	18	61	36	60	58	23	85	13	60	95	50	82	67	61	42	42	81	22	57	73	2	25	8	42	87	90	91	99	55	21	79	8	29	72	67	66	92	89	18	22	26	6	47	49	19	58	44	97	54	13	95	65	89	30	54	93	30	60	64	97	28	62	85	43	91	16	-1	50	71	39	3	76	34	35	58	63	20	45	6	30	86	96	59	41	64	90	92	6	60	39	
52	16	67	5	46	29	64	94	78	50	34	3	46	80	17	46	8	61	96	30	48	31	45	21	8	49	37	27	38	92	42	46	62	47	98	69	17	69	54	44	33	74	31	52	65	5	31	95	28	78	28	55	61	100	4	63	26	44	64	50	5	35	31	63	42	64	29	68	22	89	93	63	72	35	15	90	50	-1	88	1	74	78	25	72	66	65	49	25	97	99	61	38	13	97	15	47	22	28	48	73	
82	47	92	86	90	74	53	80	17	19	85	78	83	5	19	33	13	76	77	28	55	33	5	26	98	54	33	7	99	75	86	25	91	10	11	36	8	40	55	36	33	1	43	75	78	10	20	94	38	17	77	27	80	54	27	76	87	87	85	54	22	28	43	21	71	4	66	7	23	54	78	39	2	24	70	67	59	14	-1	27	47	87	14	32	68	98	6	13	81	98	10	55	93	67	83	86	77	3	21	100	
55	50	88	29	16	24	52	27	90	78	19	13	33	71	61	46	22	52	23	27	44	42	37	50	91	94	88	28	22	25	24	81	1	89	1	25	79	96	53	70	72	67	85	25	98	30	23	21	58	34	88	38	13	67	57	70	76	43	15	84	59	82	47	38	92	24	39	57	80	12	66	42	42	43	94	52	73	72	68	-1	75	34	48	40	58	49	17	26	4	4	71	15	15	40	15	60	19	5	19	32	
22	20	33	32	12	51	100	76	21	95	73	68	52	77	86	4	38	23	36	35	68	92	48	2	85	62	62	100	63	75	86	97	92	10	88	95	4	15	55	17	37	18	69	62	57	68	85	24	3	19	100	50	29	87	63	34	33	28	29	79	3	34	22	74	78	70	67	3	68	79	1	55	39	1	68	96	82	89	63	32	-1	84	61	53	33	84	29	21	28	40	90	86	73	26	78	5	50	100	1	64	
40	79	78	85	14	48	21	38	16	42	79	93	43	22	26	67	53	52	87	73	83	93	81	71	33	13	60	28	7	51	14	34	57	67	12	98	8	88	92	15	39	82	74	24	62	65	29	50	18	74	24	86	57	53	4	19	77	64	95	36	39	99	65	100	48	53	10	18	31	22	48	35	84	29	39	90	46	32	66	74	68	-1	85	64	78	88	55	47	97	59	42	31	51	63	20	91	52	3	48	59	
68	5	23	97	98	77	76	65	41	5	51	10	12	46	10	95	48	6	44	7	7	4	95	5	15	83	92	34	9	87	89	11	87	64	38	90	73	76	66	72	75	35	28	12	30	69	61	98	76	57	68	59	12	39	1	84	50	55	42	89	59	31	3	11	1	33	20	59	54	10	4	41	74	86	68	37	33	22	45	49	61	73	-1	50	91	80	98	21	64	30	54	64	21	86	73	7	65	13	87	96	
12	75	79	50	83	32	28	58	23	90	91	22	18	49	44	23	31	71	47	50	70	74	45	94	12	6	51	8	76	11	60	3	38	30	51	23	34	31	83	51	60	32	32	82	71	67	40	58	60	17	56	30	85	18	77	14	53	39	74	39	37	63	66	13	68	17	66	63	27	62	93	18	43	94	75	34	67	28	91	68	97	78	31	-1	33	89	81	15	37	48	65	86	56	10	89	74	45	46	63	31	
72	56	69	18	25	81	6	14	45	30	22	75	4	75	51	17	20	58	65	86	25	78	65	39	70	78	90	76	87	60	59	28	3	44	12	12	88	29	67	18	41	9	26	57	95	36	90	93	11	29	53	29	46	70	53	81	54	89	48	12	37	11	67	67	7	72	63	6	60	83	36	55	70	15	64	56	41	38	24	77	81	29	77	39	-1	4	93	74	67	99	52	60	46	100	42	10	68	86	54	82	
55	1	56	47	33	5	89	9	46	85	49	10	87	94	55	85	65	14	97	41	91	26	38	10	25	55	10	12	53	36	29	5	68	46	35	23	60	78	29	15	85	39	43	2	80	12	58	74	7	64	76	28	11	10	44	95	86	19	50	29	45	42	65	56	5	36	84	60	83	8	1	55	18	64	14	58	48	44	54	22	53	83	2	81	91	-1	16	96	57	85	87	38	49	39	48	59	4	82	54	83	
82	16	8	93	50	77	20	62	64	19	33	19	26	79	75	57	38	33	36	84	26	94	93	66	24	32	53	34	67	30	89	89	14	13	45	91	99	46	78	33	42	60	5	26	27	76	47	71	9	8	49	23	13	77	10	71	42	56	81	75	14	6	41	65	10	27	12	9	89	96	51	17	75	4	80	74	19	26	20	84	65	55	27	58	41	45	-1	53	64	56	83	82	96	30	83	77	28	95	17	60	
55	86	21	91	85	82	92	35	23	43	95	17	78	78	15	99	60	20	3	78	38	80	52	62	7	13	19	9	64	89	13	30	31	73	27	21	18	13	98	38	98	92	3	35	51	19	72	85	29	41	36	83	27	31	73	13	44	13	94	27	43	81	45	86	3	13	15	77	71	83	30	80	82	37	24	49	10	58	6	93	62	8	17	69	81	26	24	-1	60	37	92	10	84	13	53	46	83	30	56	1	
32	84	8	74	78	19	97	17	4	72	62	36	57	82	77	9	83	60	11	90	10	80	32	85	87	28	59	88	65	33	29	20	34	38	100	76	67	50	82	61	56	3	67	19	4	73	52	91	39	30	100	55	1	60	92	25	37	94	81	47	6	27	12	98	70	91	7	94	16	78	75	21	96	10	74	48	48	15	85	62	65	45	72	74	54	62	52	88	-1	53	59	5	63	63	88	65	77	5	17	5	
50	40	99	44	17	29	14	77	17	25	49	12	75	94	97	2	41	55	61	72	86	89	45	42	51	23	56	65	54	74	96	7	68	88	37	9	21	94	45	45	90	37	78	17	70	66	88	36	82	44	29	92	21	41	58	7	96	92	64	2	77	54	91	87	50	60	45	34	24	44	46	6	37	65	99	32	7	28	4	49	30	17	67	4	8	46	13	14	82	-1	70	39	17	81	97	6	86	59	15	38	
3	72	34	5	89	28	92	70	74	97	33	40	49	53	60	1	16	18	48	3	42	33	46	5	2	24	58	57	81	66	38	25	48	63	61	55	56	73	83	13	5	6	12	1	76	55	88	25	48	44	30	67	99	9	68	47	62	48	5	9	10	8	32	8	81	46	33	71	100	14	65	8	74	52	66	38	2	75	35	87	40	30	85	53	97	37	7	76	15	46	-1	12	65	79	97	98	54	30	29	25	
77	14	100	52	65	42	8	39	79	99	94	61	2	44	8	80	89	44	86	56	32	3	34	56	45	90	9	23	56	43	31	57	6	57	46	20	90	87	98	46	32	3	56	84	42	33	25	52	48	80	88	2	52	72	48	28	46	49	95	88	36	45	2	58	69	16	42	98	83	35	34	47	50	18	81	41	43	53	22	17	81	82	51	22	99	28	8	86	7	91	72	-1	93	77	78	100	28	22	85	42	
10	34	97	79	39	28	80	53	3	2	41	56	62	17	84	15	79	97	54	21	34	48	16	97	33	55	36	46	74	2	83	7	31	69	28	86	30	74	54	64	19	46	14	33	15	26	59	91	34	67	14	48	13	65	23	59	24	79	57	8	77	84	98	33	34	71	38	91	63	77	74	37	8	59	34	53	78	98	12	61	67	24	23	5	74	35	82	21	43	80	67	42	-1	97	28	82	88	42	53	82	
18	27	64	37	5	68	58	51	98	28	93	9	11	49	8	79	24	75	45	20	46	22	22	100	91	25	2	55	39	8	86	32	43	82	48	44	64	63	18	60	70	48	85	88	26	45	91	61	24	45	92	37	69	48	62	14	52	69	87	33	60	39	38	40	65	63	79	21	86	10	43	73	59	27	96	47	30	38	6	65	15	90	19	93	59	2	50	44	74	38	74	68	57	-1	100	41	10	66	46	59	
66	43	17	33	85	7	68	22	88	18	41	80	67	87	90	14	85	92	24	69	10	59	84	68	40	79	47	52	94	48	12	63	6	74	51	49	38	10	5	37	73	88	21	2	28	21	65	77	39	44	5	56	44	27	34	47	97	6	27	22	92	36	53	48	33	92	69	46	59	82	18	31	100	70	3	87	54	49	74	85	48	95	97	17	30	56	85	73	88	21	9	68	89	70	-1	64	45	6	13	82	
73	88	94	28	67	100	69	2	79	38	91	17	93	4	60	77	83	68	72	81	50	23	50	88	29	15	81	86	66	19	89	31	77	49	97	63	90	33	93	59	86	52	18	3	1	64	61	45	79	38	24	33	93	47	47	49	77	51	83	94	68	27	72	44	30	46	68	90	87	95	13	38	9	21	23	84	90	18	84	92	23	4	48	97	62	37	41	67	76	62	46	77	49	18	53	-1	72	32	4	67	
18	90	10	15	90	11	11	19	11	47	56	58	63	2	46	96	34	29	3	28	43	87	90	91	26	92	16	94	91	48	89	10	94	11	38	41	64	80	80	68	85	40	28	42	65	89	25	76	16	78	19	43	33	97	1	94	10	18	73	93	2	1	90	28	43	7	71	48	91	69	94	90	73	18	92	6	95	90	83	83	18	38	92	24	84	22	1	14	1	97	42	47	97	43	40	10	-1	29	77	97	
24	68	93	39	23	24	4	31	80	69	4	81	63	57	49	29	77	32	6	84	1	50	8	41	95	23	23	57	65	55	66	73	25	42	92	82	57	85	98	97	73	66	27	28	82	92	25	100	43	11	22	93	21	10	75	87	11	85	80	75	83	33	32	85	46	54	71	70	37	53	17	73	57	87	80	78	28	88	32	44	6	2	38	48	95	12	3	64	69	47	18	72	76	16	9	22	20	-1	4	24	
5	59	60	51	41	12	23	82	9	7	16	77	97	78	84	48	25	31	93	39	89	51	96	70	82	82	64	45	69	48	79	14	98	43	45	39	16	50	54	9	72	46	25	45	95	14	91	42	43	89	96	75	4	3	40	95	83	83	8	62	76	99	92	94	45	57	56	26	46	90	90	38	38	88	35	99	70	36	79	39	40	16	74	48	95	13	84	13	73	53	57	98	29	16	78	46	26	56	-1	51	
74	75	53	93	67	29	2	5	47	22	2	97	84	71	78	19	41	69	3	52	41	59	18	27	1	43	42	34	13	33	53	55	54	84	95	47	31	12	72	72	77	19	41	53	19	69	61	62	14	73	31	91	22	37	54	37	93	65	88	7	36	10	8	75	82	47	76	1	83	39	70	11	54	58	85	74	47	84	38	43	72	17	59	10	28	15	31	19	16	45	7	42	77	50	73	17	51	41	60	-1	
