100
-1	49	10	100	68	100	98	7	56	19	69	19	97	97	67	57	67	73	52	93	36	78	81	14	41	83	86	85	78	84	22	86	65	96	5	80	34	58	28	25	51	64	71	45	17	66	91	97	28	68	46	100	54	88	71	49	61	66	44	3	100	57	86	24	100	97	68	20	7	72	20	62	89	34	43	100	61	8	34	72	46	10	52	61	3	77	62	83	92	93	89	34	34	63	94	57	56	76	24	2	
95	-1	14	85	20	63	5	78	37	23	96	64	97	98	22	83	62	91	82	11	78	23	65	16	50	93	58	10	76	22	99	39	11	73	80	91	45	20	96	75	10	1	62	82	36	16	4	98	18	30	58	1	36	25	86	97	87	60	20	96	85	74	63	31	28	54	57	3	3	26	68	82	5	64	61	80	4	84	33	1	9	67	90	44	83	60	3	20	13	21	79	10	40	36	19	92	99	54	21	48	
41	35	-1	20	56	72	48	6	8	99	38	21	73	15	88	49	80	54	70	68	14	96	98	95	3	77	87	81	92	38	93	9	46	18	85	93	100	97	61	32	20	96	33	91	40	84	11	32	46	100	92	46	22	36	85	49	88	84	65	9	45	91	59	45	14	80	34	2	94	94	46	68	91	24	15	4	40	60	61	26	38	95	42	69	29	97	76	81	39	29	52	36	15	4	43	44	95	54	63	36	
99	13	85	-1	97	25	25	78	31	89	88	30	76	78	86	92	80	1	11	67	54	58	96	89	34	4	84	74	15	61	48	35	23	18	1	92	28	91	92	38	81	82	42	50	18	56	41	1	64	12	43	64	21	45	17	68	18	62	7	84	85	80	86	4	34	31	2	56	60	48	65	33	74	23	63	20	43	83	8	83	9	86	87	69	25	23	41	36	77	84	49	41	79	45	76	72	14	98	64	65	
82	21	1	18	-1	65	64	96	9	67	4	87	64	78	86	36	24	71	80	34	91	70	43	81	49	73	15	6	100	78	60	94	78	10	24	38	32	22	98	75	89	32	53	22	1	79	24	55	39	82	96	73	51	2	90	13	83	2	39	49	64	87	64	6	25	11	7	65	8	51	100	78	72	35	32	78	94	21	20	98	62	75	16	23	21	49	53	13	53	94	63	23	28	4	39	8	72	82	10	51	
58	29	54	71	34	-1	99	33	65	34	60	10	59	11	89	11	26	61	26	40	87	5	66	97	97	43	6	24	38	88	42	99	15	50	15	89	60	58	34	43	76	35	55	3	29	5	58	13	12	14	93	36	68	24	58	41	60	47	36	35	5	77	100	40	92	7	98	48	12	30	76	14	56	91	39	59	63	35	99	51	88	46	15	72	60	30	69	94	6	62	51	68	13	15	56	57	32	3	53	47	
62	36	54	22	27	87	-1	19	8	83	26	26	11	78	39	96	21	63	46	88	12	56	33	47	64	3	45	33	68	34	64	18	18	12	37	52	40	67	91	80	32	44	10	43	80	89	98	51	69	78	97	27	15	75	87	55	74	41	17	47	91	14	71	77	70	25	25	9	2	94	95	9	86	30	19	41	35	79	47	65	82	67	16	89	19	74	10	56	94	32	81	3	65	67	92	56	90	1	99	26	
71	50	74	3	43	61	20	-1	5	50	51	98	34	36	64	65	2	69	52	36	97	65	77	58	97	31	7	14	16	43	36	93	58	36	54	90	34	46	89	23	43	92	93	78	25	49	63	80	83	33	19	91	71	42	42	39	80	52	29	43	31	4	26	77	86	83	78	93	77	87	94	66	54	26	41	4	78	23	62	3	44	77	38	13	73	85	61	18	33	56	9	5	81	29	99	92	13	59	37	52	
85	38	28	30	58	75	47	49	-1	46	33	52	40	80	63	17	99	12	7	33	89	87	31	44	13	18	82	84	14	100	5	69	54	17	12	72	62	4	91	11	99	85	68	96	37	84	78	16	64	32	27	86	90	35	94	4	67	1	8	71	90	67	56	89	77	74	36	36	16	60	54	18	30	90	95	52	8	67	75	75	78	20	9	83	55	93	56	82	18	98	98	53	70	21	76	29	47	27	14	1	
78	89	77	98	40	2	90	43	38	-1	2	29	86	27	36	29	22	88	100	89	18	8	86	48	55	8	31	93	37	46	25	95	80	74	76	59	32	75	96	78	29	14	84	16	85	20	50	12	94	3	20	30	69	59	13	75	31	57	84	92	78	76	24	6	47	62	29	100	85	72	61	57	30	62	66	100	96	17	67	21	95	43	6	6	69	52	66	98	39	45	97	56	62	89	83	51	48	75	47	61	
99	19	88	10	34	8	56	82	87	34	-1	38	69	81	23	6	41	76	83	78	53	65	68	41	30	18	95	74	83	53	80	54	61	40	92	46	90	97	17	21	49	47	70	21	43	45	64	51	88	20	72	52	53	95	89	45	48	58	52	6	61	40	47	31	84	15	51	75	35	3	21	54	89	42	15	76	79	9	86	70	94	91	90	33	89	84	46	29	80	39	10	31	93	80	82	82	75	15	11	22	
24	37	24	34	47	22	71	44	53	62	48	-1	47	31	20	27	72	97	79	41	68	86	71	67	72	28	13	30	70	5	86	6	12	81	17	33	2	66	21	3	69	26	24	12	53	72	23	61	62	90	66	51	98	88	44	44	94	97	6	3	80	42	47	22	40	43	60	90	85	50	21	86	2	29	52	8	88	80	63	57	71	95	28	20	76	4	97	12	73	40	65	85	55	46	74	36	75	25	47	9	
72	96	84	90	4	10	96	5	73	15	90	63	-1	38	80	45	27	18	14	85	1	84	9	25	59	64	10	87	71	96	19	24	71	7	63	60	33	74	94	74	7	56	97	67	50	11	93	97	94	64	56	14	53	83	69	86	83	30	49	90	77	20	62	73	64	57	7	40	89	53	84	36	86	4	75	70	44	80	63	64	3	76	32	35	69	99	27	48	15	2	80	35	20	75	37	72	7	47	77	4	
48	24	92	100	90	78	60	27	51	38	93	58	15	-1	9	73	84	1	32	36	44	52	20	6	58	85	24	36	31	62	60	48	12	23	40	11	13	94	97	57	15	36	56	32	56	54	73	4	12	21	25	95	4	90	11	67	11	12	7	32	29	87	69	28	71	13	33	80	54	51	2	33	92	47	12	74	100	51	36	44	53	21	27	12	25	64	32	23	58	61	42	8	74	51	5	49	7	36	70	79	
5	13	93	80	99	88	22	25	31	40	27	73	22	12	-1	30	75	36	48	58	71	15	76	78	92	6	18	89	40	28	30	63	1	77	72	57	58	92	46	11	37	26	23	26	67	84	59	96	85	99	48	58	26	15	24	14	88	65	96	32	24	20	52	98	52	14	52	10	48	12	66	47	100	55	73	8	31	85	46	64	17	39	41	91	40	36	90	52	49	59	88	71	86	56	82	96	15	60	80	21	
65	77	41	33	60	24	98	38	96	54	45	80	27	17	75	-1	74	22	40	46	100	70	92	43	66	4	88	84	28	15	87	93	54	49	25	52	50	65	39	46	36	55	3	80	97	48	92	1	47	43	5	16	43	60	32	6	32	20	88	5	64	94	7	24	92	1	74	2	53	77	34	28	48	30	61	26	74	91	51	5	5	35	25	12	73	34	19	59	10	70	73	87	84	35	25	10	12	84	94	78	
35	6	48	2	45	39	66	16	12	80	20	45	72	95	43	97	-1	53	24	85	90	67	16	9	84	77	66	11	62	82	58	68	55	67	3	44	50	85	90	48	66	86	83	86	14	26	74	82	24	24	38	98	57	56	52	14	73	71	96	38	23	57	76	59	26	22	33	92	1	21	25	77	12	77	45	37	40	36	60	16	30	97	29	59	50	92	30	50	18	1	8	10	76	85	84	53	7	20	3	91	
14	60	42	11	78	8	57	25	91	97	30	36	4	93	28	98	2	-1	76	96	35	34	44	98	96	70	7	61	77	30	16	1	73	55	67	73	88	39	44	56	70	2	22	22	46	57	39	43	13	9	72	64	64	59	83	75	30	93	51	40	79	83	75	60	98	90	65	72	30	93	53	53	88	47	90	75	98	88	72	31	34	75	95	70	12	47	75	26	14	37	68	91	19	37	68	18	66	57	67	93	
72	54	14	40	63	100	63	82	64	76	31	87	91	72	21	12	45	7	-1	19	79	11	61	39	5	9	21	8	1	69	62	12	15	34	23	44	89	43	38	66	69	28	26	34	23	43	7	84	84	38	3	20	79	88	63	95	71	41	79	82	41	4	50	25	79	48	91	70	13	76	13	10	87	58	62	70	96	49	61	5	9	15	14	90	77	75	9	97	39	92	47	15	13	93	100	94	88	66	100	25	
71	42	8	99	52	3	92	37	69	71	47	67	4	84	78	84	41	35	68	-1	25	55	16	41	10	9	97	62	26	74	20	76	16	36	22	77	95	5	29	79	7	54	100	50	40	79	37	81	94	12	64	48	54	23	90	100	9	25	41	22	21	93	58	69	56	22	58	46	15	17	49	37	23	7	24	25	84	77	78	32	22	12	54	56	12	45	67	86	25	78	11	37	73	2	76	13	68	23	96	8	
70	85	28	36	6	65	67	63	20	95	96	59	9	76	33	74	89	52	85	73	-1	16	87	33	31	24	16	54	60	14	11	42	95	90	35	76	65	48	71	49	23	24	99	93	42	74	45	93	16	94	97	66	62	46	88	25	100	82	44	52	88	95	36	6	7	67	25	91	96	84	82	26	70	63	12	22	48	3	77	58	67	98	1	76	4	50	62	9	43	76	56	83	55	89	92	63	47	14	35	79	
60	86	1	82	4	94	18	19	99	60	71	84	83	58	13	1	37	41	32	4	29	-1	25	54	69	43	80	54	16	88	3	75	2	71	40	8	70	29	32	34	1	33	18	7	28	88	61	5	76	51	71	66	57	31	6	34	56	50	59	7	7	42	29	87	67	27	63	59	72	84	18	67	66	79	21	42	76	45	77	79	80	60	99	80	90	87	87	14	98	65	59	10	71	21	13	2	98	53	22	27	
73	79	11	53	32	49	88	43	49	52	6	69	15	89	57	31	50	9	59	48	37	91	-1	52	39	44	73	62	85	66	53	18	23	22	60	100	57	26	42	44	90	100	75	69	34	92	93	54	90	17	47	71	16	60	58	17	47	62	54	45	23	61	55	30	75	97	44	29	6	63	12	24	76	47	19	14	27	43	75	38	6	7	15	94	20	70	76	74	96	93	15	54	68	54	6	76	20	48	15	65	
20	5	97	69	68	40	23	8	31	76	22	96	70	64	71	93	66	57	46	52	28	37	85	-1	36	100	29	40	80	41	18	28	100	16	63	90	26	14	93	1	80	22	55	48	25	54	100	69	56	49	20	52	87	31	58	92	63	28	91	7	11	62	50	77	20	36	29	71	84	75	92	31	81	72	88	79	92	74	60	69	25	62	11	66	86	36	88	68	32	87	54	16	73	24	90	56	26	55	47	35	
39	86	80	63	84	82	100	99	78	91	18	37	71	56	62	48	34	83	24	80	31	74	19	59	-1	13	41	13	30	53	38	5	72	94	95	73	51	25	79	33	78	99	44	51	3	52	11	57	41	19	96	60	34	35	47	2	47	88	44	27	67	19	79	47	48	61	63	47	15	23	19	76	3	78	49	100	5	17	71	28	10	39	40	94	36	49	28	68	82	57	70	72	70	4	37	93	92	90	28	14	
85	27	55	2	85	15	3	35	81	41	73	19	7	1	90	16	99	96	65	27	78	25	37	20	49	-1	77	60	47	80	38	73	50	55	8	98	29	17	52	77	66	76	89	16	94	4	15	38	88	3	61	100	77	76	68	8	43	46	98	97	97	76	8	91	31	91	58	21	31	15	98	91	59	65	80	93	98	89	34	49	32	32	16	71	28	68	1	24	77	10	82	87	48	63	2	24	65	95	35	26	
58	47	44	6	20	34	95	58	25	41	85	34	74	5	24	14	42	65	84	35	26	89	5	35	14	15	-1	4	87	56	4	9	79	80	68	83	65	52	65	70	29	16	57	37	49	69	79	42	51	93	97	82	71	58	39	33	67	97	18	99	8	12	61	16	35	44	52	50	84	87	47	32	50	64	53	61	30	72	83	81	8	7	82	99	76	74	48	52	45	47	85	51	96	38	12	81	83	85	25	23	
64	92	40	97	91	43	33	42	90	5	78	9	36	23	25	82	1	72	75	42	21	62	44	27	34	68	3	-1	15	70	17	4	82	43	69	4	75	90	75	53	67	85	87	63	88	44	97	50	52	78	85	85	76	9	56	46	4	55	8	19	96	4	71	21	20	12	13	3	63	7	99	56	1	49	70	9	68	75	69	33	68	47	78	42	77	87	59	93	65	29	56	48	13	58	91	27	69	32	88	4	
20	32	2	4	48	32	70	87	57	29	91	69	67	65	45	82	67	58	50	7	35	78	82	46	56	62	9	68	-1	64	49	58	12	87	51	22	47	51	57	71	6	52	35	99	11	57	62	84	45	51	23	89	97	77	65	48	9	37	79	65	98	54	82	84	67	75	11	10	54	63	28	89	46	77	51	13	28	21	17	22	38	31	41	51	27	32	35	24	64	88	94	55	66	91	99	92	45	6	53	66	
44	7	94	73	87	11	31	65	74	80	83	19	6	63	100	98	76	12	71	37	80	99	61	20	4	33	9	43	94	-1	68	12	74	31	20	78	1	81	59	55	7	93	1	94	98	33	95	85	37	82	36	41	51	93	57	87	50	31	51	67	93	29	71	52	34	5	73	89	18	83	80	98	4	83	53	61	21	67	61	6	57	31	64	54	93	43	32	48	18	21	51	10	3	4	12	33	26	16	47	37	
37	18	59	96	2	22	83	41	75	32	60	5	64	32	34	65	93	38	21	45	81	96	18	12	27	41	49	44	46	66	-1	97	20	68	78	39	49	66	48	8	1	52	83	10	50	79	45	83	6	10	25	79	5	9	37	71	99	55	33	98	64	42	7	52	42	21	31	21	82	41	15	23	85	4	50	19	68	6	86	30	89	69	85	82	52	56	76	74	7	5	7	63	38	75	81	16	85	34	41	92	
18	54	31	29	85	19	27	89	51	65	86	65	3	60	6	36	7	88	29	1	78	35	65	39	4	87	82	96	79	85	79	-1	2	5	48	58	98	70	18	83	77	51	57	3	16	15	40	40	63	49	95	35	94	6	92	73	46	60	72	92	13	63	45	19	20	56	17	10	13	19	51	21	66	49	64	7	88	69	65	15	15	86	39	20	73	26	32	36	93	38	72	41	22	90	86	3	44	73	36	89	
31	57	67	15	25	20	88	59	61	26	23	23	1	87	6	58	95	19	66	30	84	88	77	18	24	19	44	12	58	27	92	81	-1	11	54	86	39	21	100	43	39	86	49	35	31	49	19	91	82	64	76	16	67	74	32	25	62	23	26	22	61	73	43	95	27	94	24	21	75	4	54	27	46	24	23	51	4	50	38	78	76	83	33	25	91	12	81	74	99	66	64	58	4	22	47	32	86	55	27	86	
37	18	9	19	2	38	34	25	82	48	32	59	75	100	74	77	89	73	8	59	75	41	27	51	63	65	90	39	8	47	97	63	45	-1	100	53	46	9	73	88	71	5	81	86	82	37	41	24	48	14	18	48	35	55	41	94	34	63	81	85	4	23	94	88	27	21	74	66	22	28	8	65	75	16	74	75	7	4	63	22	87	90	34	65	36	27	2	82	73	32	42	39	27	52	63	24	25	55	55	61	
6	39	32	23	84	29	82	72	10	41	41	49	100	77	34	84	81	27	99	89	97	70	81	20	93	35	94	75	67	13	52	9	6	37	-1	9	68	78	94	43	7	15	28	81	32	32	39	86	56	2	83	49	26	6	45	50	28	68	64	1	27	60	89	92	11	46	44	74	79	68	64	57	78	99	69	3	79	91	75	49	97	15	2	75	13	61	60	92	88	1	51	37	7	48	20	100	62	34	30	71	
85	4	63	13	41	16	19	96	38	18	87	40	15	52	53	42	15	56	24	44	51	88	27	33	88	35	9	52	18	58	52	54	89	93	14	-1	27	79	39	87	96	38	19	49	30	47	25	52	22	11	85	81	98	1	46	13	23	21	29	98	51	95	91	22	76	75	79	83	34	72	57	70	6	86	68	70	20	60	99	71	26	21	74	79	69	15	33	13	83	66	34	97	89	42	51	72	8	3	70	100	
31	60	36	45	75	34	99	61	97	78	48	66	39	46	81	2	97	64	31	51	66	99	54	87	51	66	7	17	88	46	42	2	1	12	34	19	-1	22	43	18	72	6	26	69	48	24	65	96	69	47	12	63	7	28	73	57	84	77	68	47	63	28	55	68	93	89	91	14	43	76	55	92	21	18	83	71	14	78	66	77	38	7	88	72	44	68	15	79	76	66	78	36	32	85	59	86	81	26	21	95	
24	4	57	57	97	58	98	12	48	12	18	43	35	88	15	52	79	90	1	89	18	7	90	56	1	19	64	33	45	37	58	43	59	51	10	12	56	-1	46	73	98	86	7	32	50	89	95	41	74	53	76	84	17	72	12	24	41	66	33	88	14	66	38	47	5	60	65	92	23	62	21	10	19	52	18	100	50	67	51	14	62	51	44	63	96	64	84	58	38	78	36	95	31	97	100	99	13	95	5	54	
89	11	16	72	49	21	10	90	95	39	77	7	20	20	22	79	91	63	51	38	74	39	11	91	86	56	51	51	79	84	100	97	38	70	54	48	7	23	-1	19	83	37	75	44	19	36	91	47	86	65	69	98	67	63	71	83	98	45	99	45	2	31	66	57	96	2	44	48	25	29	40	56	38	56	20	53	83	46	11	90	50	77	89	1	46	32	83	83	12	74	24	59	12	13	34	21	71	42	73	2	
47	66	41	74	24	4	18	60	22	34	17	72	46	93	65	23	66	25	39	16	75	72	93	96	1	85	36	11	90	16	33	43	23	56	81	96	55	29	17	-1	76	88	36	33	13	99	36	7	57	51	34	18	30	41	2	71	78	90	55	4	88	62	53	72	91	24	46	2	91	25	76	37	38	61	100	35	12	8	65	32	82	85	99	90	76	9	62	62	89	86	16	90	19	10	9	5	87	46	36	66	
30	38	23	29	9	18	59	50	6	81	74	56	35	45	12	77	82	56	11	74	2	66	38	33	13	34	77	53	99	81	74	55	30	8	83	54	6	62	27	96	-1	6	11	50	3	80	38	9	52	50	1	45	47	13	60	10	59	86	47	79	5	50	50	57	35	10	97	33	73	72	25	33	7	1	64	85	60	68	65	14	11	53	80	24	28	9	66	73	46	93	4	37	86	21	36	95	94	67	45	15	
15	72	100	58	4	15	19	31	56	7	89	63	34	42	1	72	67	71	76	77	59	99	73	5	91	83	47	53	74	5	98	39	15	30	74	28	63	47	33	44	24	-1	34	34	9	88	7	89	81	82	98	4	92	81	39	35	37	55	65	24	39	1	31	22	76	76	93	31	53	12	41	76	77	25	5	52	86	95	76	43	7	26	51	68	37	86	26	13	84	9	55	98	14	57	98	21	65	5	33	48	
28	98	10	59	80	2	35	24	80	93	22	76	7	94	45	75	11	64	11	43	98	94	28	97	84	8	29	45	80	79	80	64	24	22	46	42	70	26	29	25	53	43	-1	57	10	67	12	57	62	96	93	87	6	62	18	52	10	43	39	57	92	92	10	83	47	67	40	8	26	64	4	83	91	23	25	32	15	40	46	83	24	59	3	22	60	58	25	53	56	93	57	54	69	69	82	89	58	96	56	1	
94	44	85	51	87	20	38	8	71	15	29	46	57	12	10	55	76	69	94	76	11	92	56	35	29	47	46	95	19	31	66	37	38	23	85	44	40	58	4	16	68	6	33	-1	23	14	51	52	67	67	7	47	32	52	11	14	16	99	26	59	96	17	12	49	67	95	50	88	96	70	32	25	65	8	67	98	85	41	88	19	13	63	52	34	46	46	2	32	30	23	6	14	38	97	23	39	15	48	36	18	
32	93	18	62	70	7	45	67	61	21	51	89	90	31	17	80	77	21	1	94	9	21	87	5	94	69	100	54	14	21	56	98	35	54	43	27	52	23	55	22	98	87	48	88	-1	33	55	8	45	99	38	23	72	96	58	66	96	27	32	27	35	40	23	24	57	46	24	17	51	43	26	79	45	41	41	39	100	87	64	6	93	16	47	6	58	8	41	73	57	57	86	37	74	36	1	47	27	60	4	63	
88	42	31	28	89	21	78	65	95	68	61	84	55	86	31	29	31	100	94	37	26	62	56	44	50	27	83	33	44	34	89	90	40	29	99	82	78	95	54	48	96	3	67	48	36	-1	58	31	25	88	5	14	19	77	43	61	81	29	40	9	22	44	43	67	84	32	22	1	85	4	11	86	61	10	88	72	39	76	42	53	72	13	95	12	13	88	95	18	61	29	44	64	54	34	92	58	18	44	78	53	
13	30	36	21	25	66	64	18	30	15	66	60	67	46	45	76	45	72	64	1	78	55	82	43	65	28	41	7	12	72	64	15	74	53	35	99	42	12	79	25	92	33	54	12	54	75	-1	12	75	73	80	90	84	78	99	71	87	95	68	5	21	2	99	54	96	76	45	59	21	66	84	52	87	92	46	49	66	62	79	87	52	87	66	74	31	19	72	71	47	44	75	93	36	41	31	92	43	59	42	17	
18	31	69	12	46	68	37	55	37	65	87	38	95	10	20	68	36	47	40	77	19	16	1	36	17	27	90	67	53	64	20	76	82	87	41	27	53	55	63	1	69	57	51	7	9	98	35	-1	83	57	17	17	30	79	44	69	23	55	10	53	43	32	25	90	61	66	33	94	40	73	85	48	35	35	76	39	40	37	2	7	92	9	5	44	9	80	94	73	33	2	88	84	19	34	15	34	52	17	85	77	
67	81	89	20	32	70	12	43	29	71	80	4	18	5	31	9	67	85	64	7	3	75	11	30	72	19	35	2	20	11	39	22	65	97	1	10	93	2	71	70	3	11	79	25	14	84	66	24	-1	99	38	52	72	61	49	6	97	53	29	87	15	30	52	75	16	34	85	16	20	37	20	7	50	34	74	19	80	20	82	68	84	74	60	56	35	58	28	52	39	19	86	5	65	33	41	53	33	9	58	67	
84	81	79	23	33	29	83	16	75	67	27	4	75	32	82	2	38	35	45	11	65	69	18	87	43	42	69	85	99	39	67	44	79	60	55	71	20	76	75	87	23	79	80	59	63	56	80	52	88	-1	59	27	26	71	40	99	67	83	88	93	31	59	75	13	76	13	3	93	19	67	69	96	10	72	1	56	67	41	71	11	1	96	19	30	21	4	12	87	40	15	32	28	99	49	78	39	23	1	62	59	
83	49	70	77	66	73	73	72	45	48	40	74	72	11	30	70	72	2	72	45	70	44	21	54	81	84	16	1	78	25	44	20	95	27	55	83	4	16	18	2	25	82	100	13	91	17	61	60	67	51	-1	12	50	17	42	96	7	82	74	96	67	95	3	18	1	3	18	5	68	30	91	25	16	88	25	98	84	49	69	43	39	82	60	38	89	45	84	21	60	24	73	34	14	67	28	7	88	71	88	7	
23	57	91	33	14	96	47	51	56	66	57	61	8	2	89	19	62	10	52	15	4	45	30	20	65	47	56	24	64	79	57	58	52	62	48	43	54	95	66	54	40	66	43	23	29	97	86	42	81	40	60	-1	59	31	99	9	83	56	58	51	76	5	19	67	94	76	52	29	47	26	47	26	40	61	70	24	32	60	88	18	29	67	59	93	52	94	88	26	30	100	83	44	24	84	72	13	58	54	98	72	
56	78	30	21	17	85	60	32	77	89	43	7	8	55	23	7	55	72	62	89	35	19	12	5	87	100	60	6	99	58	78	15	43	20	67	33	100	95	57	39	5	27	79	91	20	58	20	26	51	41	23	53	-1	86	52	60	36	10	13	29	15	44	40	27	3	35	26	33	96	10	80	45	17	25	82	94	31	9	30	7	45	81	69	54	63	8	76	11	14	93	48	97	92	90	29	17	48	20	95	86	
96	46	78	73	41	64	58	38	7	58	42	2	97	9	89	51	15	100	53	80	83	95	52	42	76	45	68	16	34	8	92	65	42	9	36	23	60	75	55	42	18	64	39	58	14	58	61	62	29	72	50	49	58	-1	97	41	50	29	20	6	60	44	65	36	26	93	10	46	77	22	38	30	17	18	90	79	60	68	73	3	83	72	69	52	33	89	38	20	27	29	35	42	85	72	15	15	5	63	2	13	
45	79	52	7	93	45	13	97	59	67	57	65	26	38	13	50	77	62	83	24	24	41	87	16	55	72	75	74	54	18	9	52	9	86	9	32	81	24	12	9	2	55	71	58	19	65	68	80	91	70	52	17	45	85	-1	76	16	70	41	49	87	77	11	98	23	11	69	59	83	73	3	44	39	7	75	98	86	2	86	38	94	20	5	88	56	6	33	77	39	26	79	68	24	90	82	41	98	97	90	75	
67	13	77	73	60	85	48	15	50	71	49	30	53	40	30	27	27	7	9	75	96	23	85	85	17	25	23	87	26	74	14	88	17	57	68	98	52	84	58	53	77	30	58	28	28	28	79	62	13	32	92	93	72	22	33	-1	11	89	67	14	24	71	50	41	52	60	13	78	67	73	15	97	70	92	4	32	61	35	54	54	77	55	77	47	60	1	49	29	15	60	10	86	80	35	65	43	79	20	69	100	
29	97	56	89	11	77	99	16	25	71	95	28	43	23	22	90	84	93	34	50	20	14	4	92	89	4	59	27	70	81	97	78	76	7	50	29	46	46	1	39	59	43	88	77	93	16	31	29	8	72	99	12	79	92	43	36	-1	30	41	4	71	21	56	17	76	76	64	5	19	7	39	80	14	12	99	36	81	82	94	17	52	52	100	6	30	63	1	37	78	85	86	68	89	79	20	66	77	32	70	98	
25	9	22	90	76	3	72	10	51	55	46	2	2	10	27	78	94	6	5	48	94	79	24	55	30	53	41	94	87	60	47	31	19	97	97	97	80	61	1	80	45	16	55	99	44	15	72	2	58	57	65	50	15	11	18	1	81	-1	42	16	3	28	13	23	45	11	3	52	87	1	53	6	13	13	24	97	65	62	10	72	36	83	66	71	70	26	85	77	39	100	67	4	39	77	55	37	12	12	18	73	
23	64	24	84	9	16	95	13	42	92	41	6	31	65	69	74	79	32	83	19	35	45	7	25	72	30	85	73	37	69	90	78	89	53	22	77	32	46	75	70	52	58	100	30	43	4	89	83	35	22	90	78	55	45	67	28	44	70	-1	47	95	18	35	24	6	81	100	6	72	49	70	57	96	66	67	48	12	56	35	47	8	9	7	1	94	29	68	7	20	57	67	59	12	93	94	84	30	11	25	4	
66	23	53	36	16	71	85	57	69	54	100	83	48	21	18	50	21	87	82	10	73	86	43	11	75	28	74	21	81	75	67	58	69	83	68	54	81	73	58	70	24	53	37	60	36	7	2	13	25	91	27	20	88	59	75	67	16	89	98	-1	48	19	49	55	46	4	90	53	83	71	23	91	39	14	69	59	70	58	87	64	39	50	3	74	71	24	19	23	68	75	75	100	96	100	61	33	52	35	72	53	
52	26	53	36	58	86	50	50	90	5	94	28	52	50	14	41	16	37	92	70	90	9	81	78	26	41	51	69	5	7	89	47	13	51	15	4	92	100	9	25	60	54	78	34	15	27	20	70	38	75	53	18	56	50	73	69	86	53	79	47	-1	40	75	66	53	41	9	41	56	48	60	92	10	39	15	36	45	1	88	8	49	7	19	59	21	90	36	10	45	83	8	50	6	30	40	25	21	68	61	79	
73	40	83	77	91	80	59	85	11	53	94	4	32	51	8	48	88	97	61	88	49	13	75	86	40	27	12	24	44	20	58	25	57	56	60	74	65	91	82	87	34	24	76	63	10	23	11	73	79	49	88	67	95	97	49	24	59	50	17	85	78	-1	42	16	59	60	93	99	25	96	3	81	19	67	10	14	41	10	67	54	74	42	98	62	3	29	47	86	53	28	64	55	62	87	41	11	10	60	19	17	
72	84	76	7	46	54	74	32	91	29	14	31	3	44	30	5	24	40	30	75	40	98	40	4	41	34	47	52	52	48	77	73	89	100	55	12	43	55	24	31	99	35	24	94	93	39	80	20	51	48	75	59	36	43	23	58	8	25	76	34	47	71	-1	52	75	83	49	80	5	33	17	45	58	82	96	79	21	30	1	14	16	38	77	98	14	11	17	96	84	82	62	41	53	69	30	35	39	89	75	78	
93	62	41	57	38	60	19	49	90	12	23	81	51	10	90	38	45	44	34	56	63	11	86	42	66	76	77	59	30	49	26	70	8	17	83	23	73	14	50	30	37	21	17	64	28	52	85	27	47	67	56	99	86	79	76	70	56	6	87	28	56	62	50	-1	31	14	6	83	80	13	26	31	43	92	55	18	91	23	14	28	54	48	27	67	100	25	66	46	74	35	49	86	89	31	32	67	62	100	49	1	
40	82	10	47	67	49	93	44	28	65	86	92	31	100	22	37	8	60	20	14	93	44	8	84	30	57	27	32	54	17	18	48	86	50	80	82	68	96	30	1	49	21	46	48	61	20	63	56	42	52	53	34	92	50	2	50	44	73	11	70	56	46	65	94	-1	10	35	14	59	71	47	12	82	34	71	48	78	5	19	11	2	35	4	9	28	90	85	37	68	35	99	53	77	8	94	58	57	81	28	91	
72	26	48	30	99	8	76	71	56	14	2	40	37	86	33	68	56	64	5	60	10	10	68	47	85	5	29	81	10	35	2	18	11	73	70	60	15	98	70	62	72	97	68	43	42	8	33	70	52	86	31	39	68	86	55	58	62	100	83	34	13	55	40	41	13	-1	43	14	94	52	10	72	3	40	86	45	28	20	16	43	92	79	11	10	90	53	86	81	14	79	72	49	34	9	30	2	99	42	89	74	
4	80	85	7	69	84	36	89	52	29	40	12	72	72	92	51	77	30	75	44	80	45	22	46	43	68	51	97	32	38	91	41	14	88	41	45	8	34	27	85	85	43	73	38	20	40	68	25	12	51	25	22	78	36	9	54	42	4	91	72	80	40	84	64	29	24	-1	38	37	60	49	32	12	84	55	57	24	6	91	36	96	28	20	47	71	38	68	82	54	60	58	25	59	15	61	60	25	67	84	76	
12	1	28	11	78	18	17	40	90	100	37	51	24	67	93	93	89	82	89	49	13	7	54	38	30	73	13	5	63	65	51	57	72	39	40	83	16	37	29	73	64	40	93	94	66	22	49	93	90	68	54	41	99	45	3	86	38	90	80	56	14	7	63	100	72	14	25	-1	25	93	47	10	21	23	28	44	32	37	38	17	76	29	19	20	10	73	49	39	68	46	35	82	16	43	62	78	23	69	99	22	
37	29	95	38	16	51	99	47	95	81	5	81	89	75	91	48	38	90	42	8	57	94	74	11	2	73	12	37	55	41	64	13	42	49	13	71	37	78	85	91	96	39	65	45	10	39	36	31	58	34	66	51	64	71	8	22	33	60	55	4	31	71	46	8	20	63	16	90	-1	64	14	86	39	81	10	4	65	95	77	73	4	65	50	44	92	78	40	70	48	7	49	6	30	27	23	14	28	12	18	38	
63	22	78	66	54	46	22	32	48	9	62	24	70	77	44	80	39	26	77	54	21	20	19	92	49	29	70	70	93	46	15	54	77	11	3	57	71	14	68	68	28	56	4	5	100	66	87	94	23	9	35	58	9	89	6	95	19	91	99	80	27	9	20	28	38	34	64	19	59	-1	98	99	80	51	11	30	98	71	65	72	90	62	35	81	12	52	26	43	74	13	13	74	79	90	78	60	36	72	4	49	
48	26	38	59	55	86	94	41	52	27	98	25	52	22	55	23	42	25	26	56	73	63	100	4	62	45	20	92	39	60	72	90	4	84	25	92	27	89	99	55	15	84	76	65	16	64	57	86	43	5	82	36	16	48	31	76	95	61	28	62	11	34	35	32	15	77	79	67	79	67	-1	23	95	35	94	3	72	31	59	75	33	39	8	73	32	79	38	28	54	73	38	18	52	77	77	93	98	6	56	9	
47	11	49	41	33	57	76	41	91	27	73	42	44	90	86	36	90	18	87	48	50	92	84	61	34	9	67	53	20	31	7	15	93	35	20	67	86	91	23	39	21	53	20	41	8	15	59	35	81	73	36	61	17	80	75	21	74	64	58	63	11	84	52	88	92	52	42	89	13	15	63	-1	76	31	6	2	90	91	8	18	21	41	96	81	43	90	29	90	20	2	12	63	49	94	83	16	41	24	4	39	
36	18	39	60	50	11	64	41	13	75	57	57	2	99	27	2	42	78	31	10	67	10	7	82	72	69	86	30	13	33	88	85	44	54	69	46	17	51	57	45	47	48	12	6	15	46	19	98	80	4	10	23	69	80	83	31	71	85	43	60	33	92	12	7	56	48	47	92	26	66	91	76	-1	32	13	62	34	16	3	70	59	56	36	90	49	79	62	94	82	55	29	8	4	21	32	5	52	89	72	79	
40	81	69	96	81	15	50	23	8	52	12	66	23	72	50	27	48	20	64	39	26	11	41	32	71	52	49	73	53	2	79	4	64	9	63	11	27	53	15	15	70	64	19	73	51	9	7	42	80	62	20	66	40	65	98	31	33	63	32	42	30	28	96	58	13	99	16	60	3	41	81	87	62	-1	48	60	73	23	18	6	21	8	69	96	74	56	17	26	21	2	9	32	82	22	70	31	77	66	58	57	
83	81	52	27	85	66	23	65	28	38	23	59	18	69	66	51	77	90	40	32	18	94	6	93	51	59	9	4	97	13	55	9	68	88	93	45	59	60	65	28	88	50	62	27	47	67	97	6	70	77	82	93	66	56	96	24	52	15	33	44	86	40	82	24	51	74	85	8	55	32	11	36	12	29	-1	73	45	98	42	65	44	33	11	66	71	81	13	41	92	37	59	37	94	44	8	86	14	20	69	19	
63	51	4	85	6	12	36	4	25	81	37	99	41	26	66	53	69	39	85	93	93	10	75	54	39	35	77	71	20	75	26	29	70	26	2	38	81	79	15	44	28	14	66	14	1	26	71	79	71	84	68	65	19	86	3	59	77	91	15	70	13	68	85	52	34	55	88	7	1	59	33	56	25	44	47	-1	87	93	23	78	22	70	60	90	93	91	35	35	5	86	9	54	3	22	31	74	38	6	48	92	
59	31	7	8	10	28	51	65	50	44	58	19	33	73	8	86	100	88	36	14	47	86	51	33	45	73	80	69	7	46	12	15	79	65	32	42	83	33	79	76	26	10	23	53	70	97	34	58	38	87	58	5	82	75	10	93	33	52	80	37	22	94	55	96	15	97	20	64	25	77	72	7	28	76	55	53	-1	66	68	48	44	81	91	43	28	50	31	83	46	26	43	9	95	84	35	17	9	66	75	44	
82	64	11	74	20	59	21	8	16	92	28	84	89	58	32	88	19	94	10	60	72	73	52	65	51	5	96	66	64	60	46	92	96	64	28	93	81	15	17	88	56	29	28	84	68	60	70	73	2	2	42	67	87	14	21	58	61	32	86	42	42	14	50	64	53	63	67	37	91	18	1	77	73	64	97	14	35	-1	97	26	91	88	68	77	27	46	80	82	14	37	25	56	13	27	4	23	81	27	12	12	
78	58	38	4	13	25	26	10	12	4	5	51	16	6	89	35	95	7	92	93	76	42	50	2	16	39	57	30	41	72	29	59	24	54	79	82	43	50	82	19	13	32	13	89	41	8	44	82	29	60	29	12	35	30	44	100	49	33	66	62	62	1	11	81	12	90	98	24	34	77	9	21	81	43	37	13	75	30	-1	79	68	48	70	60	22	65	3	54	35	13	71	42	71	74	42	57	29	44	84	74	
9	36	86	59	59	84	33	52	22	73	96	18	48	72	36	44	36	57	17	65	6	73	47	90	74	59	10	79	67	89	18	17	13	44	45	19	85	86	98	23	80	38	13	22	91	85	28	34	61	79	18	8	21	27	62	2	78	80	11	95	4	52	45	84	9	6	6	21	63	51	5	41	44	60	79	31	44	39	84	-1	69	29	87	1	49	69	37	16	97	23	80	31	27	91	96	92	97	59	14	76	
39	6	7	27	83	96	42	76	88	99	50	14	50	4	85	17	64	81	65	16	16	73	57	15	39	24	56	17	68	93	48	16	82	33	82	68	56	87	68	5	9	92	34	28	97	79	89	35	2	33	73	72	26	57	18	23	72	16	62	18	97	99	100	38	5	77	72	8	53	22	6	90	92	4	40	10	89	5	67	79	-1	87	82	20	58	84	30	23	70	37	18	13	97	7	60	79	74	2	48	69	
59	26	71	8	38	98	62	78	10	99	31	4	57	14	58	66	27	1	41	80	94	56	94	36	52	50	20	7	44	73	36	98	68	18	33	70	10	70	70	29	50	54	96	62	64	24	44	3	95	18	37	45	81	86	56	61	59	63	19	93	87	27	9	49	92	62	33	40	23	54	45	6	56	71	72	58	18	28	57	51	82	-1	62	22	90	72	65	25	83	96	46	58	26	61	12	42	12	52	13	89	
18	43	6	78	15	86	25	91	21	85	11	35	70	47	86	32	72	95	33	68	94	5	18	32	40	12	51	95	9	5	88	88	80	58	55	9	70	4	85	46	29	54	33	89	12	83	66	96	25	98	73	62	86	4	56	33	61	5	9	100	62	50	58	35	22	10	37	23	41	48	38	92	12	1	61	44	65	55	69	5	2	48	-1	42	62	52	11	31	46	19	24	53	37	21	18	84	4	21	58	27	
79	6	85	34	77	44	54	3	98	81	29	52	80	39	99	4	68	78	47	68	50	68	40	32	99	76	76	22	62	3	49	78	17	68	54	10	45	87	92	8	69	12	9	30	63	53	25	94	28	21	71	50	21	75	10	61	22	42	97	11	1	10	84	13	22	35	68	60	37	48	84	64	13	10	1	76	100	10	51	92	63	37	13	-1	18	28	87	15	69	48	3	89	55	14	64	15	97	57	74	71	
40	21	83	18	34	1	24	47	17	27	92	25	84	44	47	35	4	69	38	17	88	75	75	64	11	48	7	49	5	62	91	15	89	55	63	34	55	45	68	28	10	6	62	46	95	47	33	38	95	39	75	64	25	70	38	34	95	83	93	48	14	89	53	15	12	65	14	92	70	5	56	60	31	67	67	100	60	33	49	62	39	87	26	62	-1	61	50	8	50	46	60	60	86	80	3	96	65	97	34	71	
71	100	86	70	95	15	97	69	93	52	37	77	79	38	67	3	1	51	37	29	1	61	13	27	100	30	11	84	87	59	11	86	41	69	2	20	21	19	77	79	18	86	39	35	33	17	86	34	23	24	42	45	11	28	41	30	74	65	34	18	78	38	2	96	84	76	48	85	97	26	18	89	19	52	100	38	3	31	85	95	26	51	74	36	72	-1	22	65	53	80	60	34	28	69	99	10	83	9	94	61	
72	52	77	92	43	95	10	87	97	42	54	94	11	91	41	99	10	80	47	75	28	10	68	90	43	62	26	64	80	8	70	59	95	83	35	99	97	100	65	52	62	34	82	11	56	53	45	20	76	70	28	82	7	7	76	55	28	27	98	26	71	92	61	1	25	59	21	68	27	68	61	19	8	3	8	92	19	70	88	21	40	43	49	63	18	72	-1	49	95	9	42	16	47	21	63	58	96	2	51	14	
22	85	60	81	61	15	9	44	52	41	16	70	99	44	39	17	88	77	21	59	21	79	81	40	43	72	35	2	59	34	66	83	46	11	20	86	61	59	11	61	71	8	52	62	25	90	2	29	24	12	26	85	53	99	25	85	23	58	17	32	54	25	47	20	19	93	44	39	12	80	46	88	57	58	62	45	83	20	76	40	96	68	43	79	60	60	93	-1	91	94	53	33	33	53	11	11	44	81	32	51	
49	21	54	46	8	79	41	46	6	38	32	77	63	26	39	51	35	53	85	71	23	52	19	58	97	9	28	38	28	68	46	11	96	4	22	51	34	99	27	91	74	97	32	56	34	97	66	79	86	20	64	49	69	94	98	62	55	53	13	84	35	45	5	46	99	57	54	37	97	12	67	7	85	12	87	34	80	53	10	43	75	29	52	88	40	7	48	23	-1	80	58	32	4	58	35	87	69	54	21	55	
79	54	99	56	20	78	47	97	71	50	35	9	83	83	61	37	16	73	75	76	50	83	10	50	92	72	26	94	8	31	47	30	95	89	78	80	11	73	43	26	27	55	42	21	19	65	7	3	33	95	78	6	31	85	75	68	10	18	99	72	78	3	31	45	67	37	92	34	12	59	24	42	33	23	2	17	94	19	100	38	42	55	89	74	78	81	29	48	91	-1	20	65	51	17	25	14	38	16	62	78	
98	78	68	16	5	91	16	7	16	38	81	23	58	49	28	75	68	86	72	90	88	3	97	92	10	47	50	83	75	2	86	67	100	51	3	65	47	71	8	10	92	1	97	32	79	96	79	33	24	5	34	92	83	85	25	48	9	45	45	2	54	48	82	19	84	21	13	26	28	78	39	55	28	16	84	63	85	60	32	22	94	5	82	47	60	15	70	94	91	71	-1	16	12	41	20	21	90	10	1	49	
63	76	24	38	84	24	75	1	1	56	93	66	26	46	43	72	73	13	67	53	17	50	40	39	68	34	84	93	65	86	59	72	89	84	57	89	67	32	49	81	69	72	42	50	25	96	94	38	72	33	26	57	70	25	22	71	2	28	77	14	87	37	78	82	91	10	24	99	67	16	4	99	72	78	65	79	64	9	20	13	55	80	8	20	28	40	71	72	23	19	39	-1	25	29	1	100	22	37	43	78	
4	45	92	86	1	92	20	52	38	10	99	71	48	11	10	68	34	99	36	28	41	85	67	77	54	57	35	83	72	72	76	43	94	19	88	28	75	91	8	64	70	31	31	49	57	7	11	64	88	51	31	89	87	23	32	73	56	37	44	4	89	19	63	79	82	7	52	54	50	73	84	33	40	52	82	40	68	23	7	90	90	13	98	66	61	46	6	41	44	57	46	95	-1	5	78	90	46	75	85	45	
35	30	88	22	90	72	28	47	88	82	83	82	75	7	76	21	94	52	12	13	66	85	35	11	76	23	66	12	43	67	24	77	1	58	98	65	41	13	7	1	87	75	88	24	87	64	24	69	27	56	20	77	72	72	21	58	83	20	2	80	8	78	56	6	30	83	42	16	92	35	2	74	84	26	85	17	98	76	74	92	71	12	14	87	15	88	86	18	39	16	26	80	75	-1	85	77	42	23	32	5	
49	20	100	84	5	82	23	98	46	44	80	33	24	87	96	55	29	90	74	3	9	25	2	83	95	89	88	76	43	100	2	82	67	37	93	21	49	98	100	64	93	4	7	69	79	55	30	74	92	30	30	3	62	69	78	32	73	58	46	4	79	68	32	49	6	27	93	74	48	44	91	98	7	23	10	51	55	74	71	19	61	36	75	42	57	23	53	9	62	65	8	5	8	53	-1	3	22	70	41	30	
65	57	75	72	93	69	17	1	34	31	30	22	15	54	9	22	45	90	23	75	30	10	28	45	19	33	33	3	34	23	5	32	17	44	9	32	83	57	38	79	42	2	61	20	97	21	60	42	90	73	92	63	88	29	33	22	51	5	41	23	92	1	73	12	71	65	76	58	86	53	10	36	24	14	96	16	13	45	64	28	92	66	7	82	54	63	37	26	29	30	97	68	17	68	10	-1	78	5	52	65	
87	29	100	88	57	23	58	43	64	88	41	68	31	52	13	64	67	77	24	68	34	43	23	73	13	72	56	80	57	86	26	80	91	17	6	37	14	43	78	37	60	93	23	89	60	72	6	79	95	51	89	53	50	15	52	93	39	33	30	18	37	78	17	81	17	65	82	21	71	20	30	28	41	76	70	15	46	79	18	88	18	82	64	62	29	56	65	100	5	88	48	62	96	42	42	48	-1	86	69	2	
8	14	15	22	22	19	66	94	66	14	97	39	46	59	22	58	97	92	79	94	63	8	38	8	54	35	29	97	44	93	34	73	2	58	51	10	76	9	29	39	70	44	43	42	63	19	61	76	95	10	18	51	30	20	90	68	71	49	56	63	22	75	78	67	10	69	45	30	2	72	20	49	22	71	96	48	33	69	77	24	68	48	39	1	41	52	36	90	61	84	65	2	22	8	32	56	78	-1	8	11	
71	64	71	64	64	56	92	64	59	5	89	54	8	60	61	70	86	52	56	41	28	40	80	94	60	68	75	65	44	84	26	55	35	77	83	35	28	70	58	48	29	78	69	86	95	86	62	66	67	38	61	16	44	27	70	42	28	4	68	67	100	45	95	49	39	15	52	48	45	41	46	79	25	10	35	83	88	100	87	7	89	100	67	85	25	83	42	6	49	61	84	65	58	16	49	20	52	100	-1	65	
99	87	72	55	81	30	7	23	29	89	88	27	41	74	86	50	48	58	64	39	5	81	57	63	35	87	87	42	28	56	41	86	97	95	13	78	75	78	30	74	22	97	75	2	5	32	68	20	18	33	2	66	23	99	30	52	30	51	84	54	25	49	2	17	57	3	42	27	8	48	27	40	4	80	57	21	34	49	66	40	55	1	29	82	41	59	69	36	81	19	69	22	27	46	66	99	12	81	44	-1	
