100
-1	41	88	40	98	44	94	66	29	80	56	67	23	68	57	82	81	4	30	97	85	79	96	85	8	5	11	74	3	51	68	95	7	17	55	66	95	50	25	55	61	70	95	5	5	8	6	60	97	8	26	69	76	44	64	47	69	24	81	15	35	62	11	83	55	6	6	86	93	64	39	7	23	72	4	98	58	42	61	83	18	89	25	43	56	11	16	32	26	19	67	28	3	99	72	7	47	21	36	12	
17	-1	31	59	18	88	54	62	68	19	51	58	36	92	39	84	71	30	93	96	3	53	89	67	57	71	64	60	1	49	29	66	4	15	38	82	16	100	79	10	82	76	61	78	65	31	71	58	21	54	50	93	86	64	59	100	94	54	5	62	28	59	87	46	2	19	11	54	26	38	31	51	88	36	40	80	83	22	21	92	9	4	9	38	40	5	40	51	47	86	43	10	52	14	46	55	67	81	18	62	
74	88	-1	19	49	86	97	96	37	2	87	16	60	35	8	11	11	57	93	5	63	4	89	70	81	65	86	11	30	1	40	68	74	49	32	79	96	24	5	40	95	3	48	77	36	12	81	31	100	25	51	50	12	41	72	21	30	30	87	46	41	29	90	77	35	44	95	98	81	99	29	60	84	92	34	43	84	2	92	26	74	68	37	58	30	42	27	5	21	41	60	70	83	88	73	32	68	77	37	25	
51	57	89	-1	21	8	15	9	15	62	87	65	51	44	42	9	41	14	47	70	37	66	22	22	32	80	64	22	98	41	38	18	100	51	91	92	59	17	79	73	17	92	25	72	11	35	31	100	65	55	41	68	42	22	31	25	63	17	95	89	46	35	14	37	81	83	45	100	81	5	23	97	96	26	62	77	78	14	23	10	87	73	58	75	48	88	57	57	92	9	96	77	53	5	20	32	91	81	48	59	
40	47	89	54	-1	57	70	89	91	99	61	2	75	90	13	84	97	94	44	56	10	34	28	2	11	38	55	46	37	40	9	6	70	27	60	48	21	27	34	81	83	99	36	21	34	11	18	81	95	56	47	85	79	30	46	63	4	62	65	39	97	61	53	9	85	7	71	36	43	27	49	28	9	73	40	94	65	81	24	35	81	24	64	26	30	80	60	42	50	57	28	15	87	45	31	31	11	19	24	89	
39	32	80	69	41	-1	58	56	70	46	86	64	8	22	87	76	36	93	3	29	87	1	62	79	54	57	9	91	94	74	44	36	10	92	11	14	60	7	97	8	30	94	70	29	14	72	80	73	64	77	80	10	94	27	26	35	72	89	92	35	1	20	34	37	2	93	87	3	5	19	11	1	53	61	2	7	80	33	76	25	60	86	46	14	75	18	72	87	81	73	23	37	40	82	52	38	94	99	77	27	
56	44	56	50	18	2	-1	74	15	18	2	26	80	42	31	30	21	90	52	93	75	25	31	89	56	79	12	31	88	87	6	53	95	81	35	99	47	71	43	33	96	87	55	16	28	57	61	47	35	15	55	28	79	16	56	3	85	33	82	82	89	45	14	10	74	64	32	81	1	87	78	20	22	65	23	74	75	85	57	42	89	42	12	86	28	95	11	33	11	40	16	54	80	32	23	69	97	74	27	13	
59	9	40	66	93	39	28	-1	41	36	73	41	78	46	47	58	18	61	72	98	70	46	79	93	2	85	77	4	41	87	57	99	20	81	11	29	60	38	53	72	57	4	99	65	13	95	51	51	49	94	52	51	98	34	83	78	27	69	6	98	27	100	10	82	61	75	100	17	78	80	28	80	9	50	42	27	60	18	60	29	79	24	12	43	59	12	98	23	65	7	49	85	54	48	50	58	41	26	48	43	
23	72	34	64	54	22	10	86	-1	89	97	96	89	79	22	86	18	15	11	53	64	27	23	96	77	3	44	35	100	67	29	27	20	55	88	92	20	59	84	11	9	96	72	61	47	30	40	48	20	22	60	92	25	1	18	73	58	49	91	79	68	24	57	9	61	91	74	38	99	29	41	22	97	32	9	9	71	19	75	1	64	25	77	44	85	48	35	70	15	90	89	72	37	4	60	95	15	39	98	25	
7	12	76	81	90	42	42	38	80	-1	7	34	12	35	27	48	51	5	100	30	77	74	11	30	28	41	38	73	19	37	30	22	51	98	95	18	93	95	90	27	2	52	97	37	19	58	89	17	70	37	33	72	49	57	26	7	2	62	31	33	82	18	53	72	2	17	74	73	30	58	35	50	64	77	98	13	85	87	95	22	10	85	93	39	6	29	39	68	34	73	30	62	53	81	88	68	72	92	51	27	
97	25	89	61	8	4	94	37	10	18	-1	52	65	26	37	39	58	68	57	73	91	47	62	88	23	94	23	70	92	11	74	67	12	28	49	61	67	62	1	40	65	94	17	93	42	89	4	33	94	87	43	49	50	15	41	32	60	3	12	27	86	50	1	41	30	25	50	79	41	74	87	69	25	97	14	41	7	89	80	11	29	79	25	7	48	89	5	31	58	78	48	12	22	64	59	30	39	54	20	94	
14	4	4	52	30	19	51	9	14	61	83	-1	86	54	64	48	78	46	5	40	29	52	13	39	33	98	83	57	65	35	49	83	19	46	64	42	2	67	52	66	32	42	57	46	10	74	54	88	50	2	84	12	5	50	70	56	53	8	50	27	84	92	41	38	53	25	46	82	38	1	24	67	75	68	45	93	6	35	65	61	72	3	24	14	83	40	75	48	33	75	57	80	35	100	93	86	57	36	26	24	
53	42	96	72	22	59	9	31	43	31	78	51	-1	12	62	10	85	96	91	87	95	16	16	44	54	35	54	3	27	11	22	28	20	83	48	90	28	80	79	45	90	93	66	35	81	33	21	6	91	80	79	98	49	11	41	3	3	48	99	98	37	22	23	25	41	3	51	99	86	18	88	37	84	71	54	85	8	52	51	61	46	83	94	64	30	41	93	38	68	73	58	6	24	86	8	71	48	25	29	80	
39	59	75	81	46	97	25	69	92	13	16	37	52	-1	19	70	41	97	64	69	5	45	19	27	55	67	60	4	40	17	10	40	19	11	16	51	57	100	68	83	97	33	79	77	80	63	19	18	49	76	85	35	73	46	69	86	33	47	52	3	82	16	18	52	38	97	96	97	25	49	88	10	11	63	42	21	84	87	81	31	12	97	74	46	96	38	44	24	68	53	33	58	3	61	88	43	92	31	60	15	
30	59	64	36	50	17	83	32	27	54	13	75	46	29	-1	87	90	7	43	44	8	48	70	96	80	17	56	97	39	64	47	28	39	62	72	81	33	21	73	6	19	99	79	65	32	3	40	39	12	59	35	72	51	98	93	89	77	62	60	65	8	72	82	43	65	67	25	98	19	62	37	74	89	78	93	90	94	4	37	3	55	82	39	72	7	68	13	55	22	49	50	51	64	35	80	5	79	99	70	80	
24	12	58	72	42	19	85	87	27	27	97	74	23	26	3	-1	98	14	15	97	22	10	14	90	19	65	1	17	75	67	32	78	98	55	71	15	75	74	94	63	57	49	90	33	73	13	22	58	7	84	24	46	15	1	1	64	46	82	50	41	33	9	52	79	1	97	43	66	88	74	27	87	47	52	39	27	44	84	81	58	2	7	45	96	46	83	6	76	80	64	30	35	19	75	1	83	9	13	96	29	
98	93	86	68	7	38	88	63	54	24	33	9	88	21	96	23	-1	50	37	9	81	40	69	53	56	95	3	30	23	81	47	94	65	22	80	59	75	93	57	15	67	96	50	57	4	16	6	28	2	56	42	70	56	23	36	31	24	84	56	7	51	54	15	37	2	32	6	46	28	42	69	34	94	85	4	77	87	72	20	52	15	47	35	65	97	100	46	76	3	96	59	16	7	3	86	58	72	59	43	99	
31	26	12	84	7	62	61	37	89	52	1	86	44	32	83	54	88	-1	80	29	29	53	31	63	25	15	77	67	51	43	88	19	50	12	92	4	76	39	90	86	93	32	61	96	73	10	43	14	41	65	47	56	64	41	50	84	50	86	67	78	13	18	30	95	84	83	61	4	84	22	58	73	53	50	43	2	61	1	3	84	87	47	60	75	58	73	37	62	87	53	38	88	73	42	22	90	95	75	60	21	
83	27	41	13	5	4	81	54	58	44	92	10	94	80	83	19	16	83	-1	63	70	16	32	94	4	21	24	87	20	65	73	62	70	77	64	12	90	89	70	100	68	76	69	15	39	52	90	26	91	8	84	29	39	69	95	46	50	87	9	10	94	88	17	75	79	6	43	63	85	57	80	67	72	55	6	100	11	95	94	30	43	8	87	55	30	55	66	14	59	25	52	63	83	42	31	14	92	39	9	77	
37	78	17	55	7	71	60	99	63	45	23	54	72	19	42	20	29	68	88	-1	27	42	97	36	45	55	89	27	39	58	46	82	95	83	38	19	12	88	96	67	54	22	68	3	23	85	40	31	92	22	17	26	17	23	22	20	8	35	3	36	47	8	60	14	48	85	3	8	89	12	3	3	32	48	82	4	76	2	9	79	32	17	63	64	91	35	56	97	34	14	43	8	46	51	17	60	25	69	23	29	
50	17	30	47	91	93	18	91	51	19	57	42	60	88	76	70	66	25	86	63	-1	56	8	80	81	47	5	18	82	73	55	64	78	64	57	46	45	11	6	92	8	100	45	52	48	15	37	82	68	66	49	34	50	37	62	8	44	3	68	25	42	61	25	4	70	39	28	56	83	65	31	68	23	49	67	90	97	30	92	52	33	50	11	15	61	91	50	62	76	10	52	4	5	85	21	9	11	94	36	58	
14	49	2	89	24	91	50	35	52	92	7	5	63	58	24	49	69	94	7	30	7	-1	34	39	49	75	60	14	22	87	86	3	22	29	82	21	22	82	68	37	51	54	18	72	79	40	67	11	53	51	11	62	80	19	86	31	26	55	31	5	39	7	11	25	10	22	41	79	8	26	92	48	30	43	43	30	93	65	29	13	73	17	66	41	100	49	48	40	93	23	61	85	35	35	44	76	92	23	61	100	
72	1	83	51	36	95	28	58	47	26	35	72	58	47	2	27	23	53	9	84	12	21	-1	43	78	4	18	61	46	63	66	67	33	58	72	32	55	26	22	61	23	25	34	54	87	88	63	59	36	31	7	100	97	74	34	20	69	85	94	51	98	51	53	43	89	22	26	43	83	26	75	81	25	59	83	58	91	44	83	63	77	89	7	26	58	71	78	1	64	2	13	74	77	20	24	24	9	73	2	89	
35	93	76	89	20	97	87	62	2	68	1	99	85	14	68	98	24	59	73	45	9	96	20	-1	97	70	30	89	78	91	97	91	86	24	52	43	8	33	3	47	18	79	38	43	78	60	32	91	69	94	94	78	37	36	53	7	97	77	73	26	91	1	99	6	25	5	22	37	55	75	21	51	91	62	96	74	30	95	92	32	66	80	64	55	57	8	42	58	21	42	9	85	40	95	100	79	67	46	58	21	
65	59	16	6	17	100	52	25	79	45	87	67	90	6	57	66	68	81	19	36	94	54	62	84	-1	96	23	3	94	51	60	14	93	3	87	94	42	39	88	76	38	74	58	28	56	81	41	25	44	31	43	17	99	80	80	88	12	16	67	55	54	54	6	8	55	52	61	16	69	74	66	46	15	19	47	38	14	54	100	20	60	57	39	18	85	14	33	43	60	19	3	62	52	95	52	26	12	93	9	91	
88	45	18	29	69	41	15	95	74	98	71	59	20	55	12	92	87	8	35	16	58	11	65	3	33	-1	67	11	51	72	58	85	78	87	21	41	65	44	29	30	22	24	8	27	24	2	52	98	17	53	51	25	25	68	56	51	10	91	70	10	31	47	70	75	12	37	37	74	22	92	90	89	23	40	57	47	33	83	69	30	27	14	99	76	92	59	43	56	62	46	11	85	14	17	14	91	51	100	10	38	
36	96	93	47	22	46	20	23	96	47	18	99	33	92	87	18	31	35	20	65	25	100	70	84	48	65	-1	61	71	66	86	92	28	75	82	30	56	87	90	50	28	63	46	66	93	30	89	88	85	96	4	54	29	42	43	37	100	77	48	8	85	8	96	78	52	71	72	80	28	6	71	39	9	44	36	69	28	96	2	86	92	33	10	74	56	42	53	73	4	49	86	43	64	83	82	69	98	56	63	83	
72	15	10	86	94	85	8	49	49	26	39	100	28	28	64	64	86	99	92	17	81	73	43	77	97	38	16	-1	40	31	30	87	36	23	62	79	63	20	29	92	39	27	60	67	26	35	24	51	30	52	6	9	43	53	23	79	10	39	41	22	76	58	22	11	27	46	15	70	20	70	84	50	74	63	22	72	37	93	37	91	75	81	3	71	3	98	76	29	3	2	8	79	100	3	26	41	99	99	23	30	
42	40	57	18	40	52	20	24	41	60	42	40	85	65	14	72	22	64	41	94	40	30	3	84	41	63	39	51	-1	21	68	16	57	60	3	90	2	17	82	10	16	57	42	53	90	9	85	12	82	100	45	56	83	92	28	74	57	6	49	86	18	16	5	7	37	8	73	22	41	38	5	28	56	10	22	45	72	18	24	15	34	8	83	59	1	92	91	50	34	73	50	61	58	37	48	93	7	30	17	57	
46	99	34	31	44	31	29	95	15	4	18	97	40	27	62	88	31	27	15	73	39	95	64	54	18	24	39	84	27	-1	11	72	68	30	15	44	85	63	29	65	41	59	57	40	40	36	76	76	13	20	10	21	72	51	98	5	24	88	4	10	42	40	7	92	53	13	27	4	43	51	16	52	24	72	83	85	14	9	52	35	37	19	45	60	24	31	50	96	58	58	70	19	6	12	49	40	17	11	34	8	
6	98	79	82	84	98	82	9	2	69	90	90	27	17	91	41	19	31	26	70	14	85	29	92	3	25	78	56	60	83	-1	25	18	88	13	14	30	25	81	47	69	4	74	31	74	49	6	64	70	67	87	7	74	43	69	54	44	39	52	5	93	15	23	11	86	23	60	90	80	84	68	57	44	99	5	27	94	38	46	42	49	86	55	17	96	1	42	36	88	5	49	19	18	12	57	97	94	90	54	51	
96	63	44	86	10	21	98	1	2	22	68	54	5	86	46	51	8	4	3	28	63	37	60	79	71	85	54	10	16	20	33	-1	44	19	96	29	27	71	13	4	50	99	33	42	59	31	18	54	13	23	36	30	69	5	91	48	86	73	28	14	36	59	91	19	30	68	85	83	2	28	39	97	13	59	35	34	34	78	85	29	80	32	49	61	24	42	35	31	51	91	71	44	80	56	30	53	5	7	28	97	
55	72	7	71	3	4	20	89	18	90	9	8	40	40	91	9	85	99	21	43	56	33	41	86	12	98	81	31	8	44	24	69	-1	86	92	14	71	71	34	17	47	5	12	21	43	16	58	43	58	95	31	49	41	90	88	65	50	20	9	36	36	83	68	37	65	54	39	30	97	14	92	52	24	47	11	73	45	9	82	51	55	59	15	72	68	51	91	1	85	52	5	3	70	87	11	62	90	7	57	16	
1	63	2	82	67	54	51	29	8	91	80	28	26	72	61	84	86	43	50	76	11	42	99	38	51	12	15	29	48	18	86	12	22	-1	95	28	100	97	23	92	5	14	44	5	19	25	51	8	2	77	45	89	78	80	57	62	81	24	93	34	97	82	87	59	71	53	58	51	60	70	80	55	30	64	23	80	66	49	39	85	23	79	10	45	63	83	47	31	52	49	71	3	62	6	97	7	99	38	75	26	
52	46	41	55	18	78	90	13	47	62	1	86	25	42	98	93	19	81	89	33	55	74	97	99	12	66	61	18	50	77	43	89	30	53	-1	74	68	94	63	82	53	68	95	28	66	2	11	8	26	2	38	82	60	11	30	24	76	75	51	50	81	58	86	65	85	48	23	10	99	38	49	6	63	71	22	70	73	64	13	80	11	28	22	50	64	18	75	20	36	40	81	53	39	9	37	54	73	57	23	1	
15	75	14	83	79	95	81	60	19	5	30	100	28	18	1	11	26	98	47	52	59	93	16	57	36	70	21	94	53	8	26	92	45	47	59	-1	68	89	11	81	96	45	100	28	53	69	54	51	66	21	45	39	68	32	59	47	67	41	89	15	12	41	19	8	15	7	44	4	62	54	25	38	98	15	69	96	70	71	53	11	82	85	45	99	17	27	23	75	15	84	29	51	40	62	5	45	97	23	72	89	
36	50	4	32	9	91	88	6	88	81	32	30	77	83	60	90	63	20	71	1	56	28	8	13	19	19	14	52	51	4	21	37	3	59	52	50	-1	94	99	44	54	18	91	69	56	95	42	36	70	69	72	21	95	70	22	53	69	97	61	26	47	84	23	94	65	19	47	69	82	81	54	75	83	10	6	78	9	37	82	4	73	44	50	23	97	59	52	76	42	29	47	21	48	61	15	11	37	43	21	55	
18	49	5	33	30	24	41	5	45	63	51	72	28	36	70	95	85	84	61	5	77	44	81	43	16	33	44	39	5	44	69	43	23	70	58	20	48	-1	93	56	60	19	88	30	67	79	100	57	16	73	96	54	48	70	45	79	37	75	81	67	64	41	97	56	95	25	77	84	53	6	57	56	22	96	85	22	67	57	64	13	33	42	37	29	66	37	77	70	45	88	37	70	21	37	19	89	76	95	54	44	
32	67	95	23	31	40	17	60	27	84	1	89	96	16	39	16	97	14	56	57	8	57	96	36	22	4	33	25	14	3	80	32	73	42	64	88	95	87	-1	41	7	55	94	87	10	12	47	59	71	98	88	73	60	35	84	7	38	36	7	4	26	6	91	56	35	41	62	23	20	53	73	1	19	8	80	5	82	29	63	9	44	78	37	28	72	64	74	9	82	5	98	3	6	10	4	10	1	46	48	77	
73	15	5	32	12	20	54	16	20	87	27	60	50	19	55	26	100	69	3	35	99	26	81	43	21	52	54	53	7	54	36	70	74	17	29	94	35	48	12	-1	83	53	30	37	9	26	63	23	83	28	20	51	72	49	79	80	76	33	59	25	29	24	39	86	49	32	61	23	37	95	60	5	15	51	98	95	39	9	92	8	19	21	19	65	1	53	25	70	29	24	18	72	35	84	31	42	6	29	84	72	
2	92	9	71	92	1	99	6	95	64	76	36	92	18	37	99	21	62	70	84	3	49	55	52	59	16	5	67	6	31	22	63	55	59	93	32	33	96	38	45	-1	8	15	98	9	41	71	5	7	29	20	7	6	37	77	89	57	12	75	84	83	57	14	75	86	16	19	30	33	34	10	17	58	3	12	89	24	40	13	61	46	9	32	45	4	16	19	76	83	63	77	10	88	70	61	76	67	1	60	50	
70	64	62	9	59	96	73	99	29	73	83	68	44	100	33	71	2	28	99	68	98	7	34	6	11	66	4	23	36	77	31	3	90	67	48	83	65	90	73	91	56	-1	97	37	90	100	3	19	92	76	36	54	17	70	61	55	8	91	4	19	82	23	4	7	16	67	58	77	5	64	81	17	45	93	44	71	59	48	5	79	94	53	44	62	7	38	64	39	72	62	53	95	79	32	71	24	68	87	62	100	
45	48	91	36	89	79	85	30	71	90	55	32	48	86	29	18	22	11	17	51	34	6	57	95	80	37	50	51	89	27	11	81	34	41	61	90	99	75	33	1	86	35	-1	57	90	6	75	11	55	10	1	8	14	78	92	63	63	12	44	40	47	86	15	76	65	35	42	94	35	71	26	39	17	33	59	38	98	36	76	81	23	19	24	16	48	72	76	96	87	98	99	34	100	87	66	37	35	82	84	48	
20	78	97	32	20	70	41	14	54	86	64	72	81	29	64	14	65	32	34	19	36	36	84	75	94	64	82	79	59	70	3	71	92	10	11	12	68	22	67	98	25	56	33	-1	91	33	21	8	93	10	91	30	69	85	45	48	4	10	41	85	98	45	27	7	4	87	8	3	22	61	82	87	90	4	94	33	87	96	69	49	6	18	95	11	93	27	53	14	81	83	58	16	61	50	13	36	11	10	29	100	
75	9	4	58	77	9	96	97	80	29	19	47	28	21	10	46	76	25	80	8	93	86	35	3	77	5	56	37	43	20	75	15	30	38	10	40	8	91	10	45	65	36	13	66	-1	60	80	78	91	77	27	14	20	48	9	45	94	93	23	80	59	49	10	100	44	47	48	22	61	22	58	28	20	47	38	93	6	58	82	29	86	65	57	11	83	47	83	70	20	2	91	77	54	28	30	6	39	100	17	26	
84	48	51	31	48	1	58	65	6	69	75	73	27	80	16	87	97	82	21	47	39	32	77	71	78	41	94	79	71	67	71	41	83	6	1	73	43	44	40	3	3	97	40	68	93	-1	37	51	31	98	32	41	93	21	22	93	83	55	3	77	86	34	96	45	18	24	71	68	100	38	67	33	78	78	40	80	57	21	25	87	57	93	6	82	74	95	48	96	99	80	23	84	6	2	84	88	7	52	79	77	
34	21	71	31	62	72	47	95	96	63	39	94	82	92	32	48	40	73	31	89	76	19	65	10	41	40	63	23	91	11	20	11	81	64	27	13	23	72	65	82	56	95	52	18	55	73	-1	29	71	86	54	31	48	31	70	52	83	70	63	72	54	50	12	43	82	63	58	48	60	29	29	92	63	63	41	71	87	90	53	73	44	91	60	47	2	50	6	61	56	89	13	59	30	100	45	23	99	86	52	22	
38	16	98	20	25	16	17	85	3	33	52	69	55	53	61	20	50	15	35	63	43	42	9	82	9	17	92	86	93	1	10	8	54	16	72	30	45	71	22	18	16	30	89	41	86	15	50	-1	66	8	44	64	19	59	25	62	34	97	49	46	88	64	76	84	11	97	29	47	30	33	28	41	1	54	59	94	4	79	37	39	4	1	83	11	12	37	14	69	86	78	5	99	74	69	31	82	70	61	51	87	
47	56	40	82	74	19	63	57	99	9	27	27	66	68	15	22	19	15	34	78	80	43	27	82	79	26	98	60	70	92	47	28	69	46	37	37	87	29	18	79	89	9	77	32	21	53	52	86	-1	3	84	23	24	68	100	92	29	29	18	93	29	34	10	79	73	42	28	36	17	93	79	64	60	95	74	27	92	13	20	38	91	57	36	74	33	75	97	73	74	5	86	80	22	27	45	40	31	63	89	2	
24	87	42	9	40	96	24	65	100	93	6	17	64	25	88	60	43	1	31	76	58	50	36	7	23	52	11	59	46	63	77	13	40	39	1	57	90	61	47	63	64	86	26	1	35	78	51	99	51	-1	49	41	75	89	93	63	34	36	90	96	94	98	56	37	67	38	57	52	48	23	50	56	9	84	91	77	30	2	13	1	29	73	36	11	4	47	25	63	10	53	25	98	71	39	14	72	6	10	26	35	
86	20	78	90	4	43	49	62	12	66	81	39	36	9	13	74	69	79	88	25	57	81	52	31	13	88	70	14	24	99	38	3	39	62	22	17	34	11	40	33	87	67	23	28	54	46	77	33	5	39	-1	54	96	20	21	72	51	76	71	44	92	31	39	56	19	43	4	45	70	65	46	51	18	27	13	74	60	33	94	27	76	11	13	16	56	92	89	24	56	47	10	15	61	85	44	52	91	30	37	36	
40	47	57	42	58	5	47	59	56	7	11	76	99	25	94	26	10	79	53	93	28	16	38	52	5	93	55	76	72	37	84	42	79	46	8	18	4	23	86	58	95	23	14	40	47	42	9	23	25	3	5	-1	99	90	2	54	82	69	43	60	46	25	58	10	32	4	8	82	55	52	82	15	10	21	77	35	74	3	94	24	40	29	71	21	73	79	89	60	22	60	75	71	54	63	27	47	2	90	63	81	
36	11	87	19	76	70	17	93	43	68	13	37	100	15	2	60	51	74	29	62	48	46	41	15	37	68	38	99	67	41	90	27	50	100	69	57	11	43	71	98	86	17	27	54	84	34	66	75	78	67	70	69	-1	55	55	45	46	70	42	89	2	4	90	17	97	65	83	59	88	92	99	83	40	16	38	64	49	27	30	50	34	74	26	96	25	35	48	39	30	70	28	39	99	80	64	51	19	84	69	27	
43	18	95	45	32	84	31	53	62	58	47	54	93	30	36	56	14	1	76	23	92	25	15	47	3	16	19	54	40	19	77	32	55	50	77	65	10	87	5	84	11	97	54	94	23	11	20	60	20	89	20	13	8	-1	34	2	43	94	27	3	33	66	59	7	74	28	35	59	36	90	56	51	50	43	51	14	70	58	60	50	21	98	26	54	10	5	2	1	14	24	50	97	12	15	64	35	44	2	82	49	
64	11	100	1	76	45	53	88	62	76	22	43	20	37	65	16	92	100	72	33	52	81	48	40	96	96	33	50	40	17	51	78	2	66	3	68	16	6	62	95	2	46	21	90	31	33	81	38	24	62	97	100	45	21	-1	6	1	71	69	11	51	21	88	65	10	91	99	20	7	96	18	91	51	66	88	16	99	64	18	39	78	51	45	73	49	17	39	100	6	10	18	45	15	43	97	69	1	49	78	80	
54	66	77	11	64	87	9	80	19	93	24	99	94	35	58	63	33	52	100	65	49	97	6	92	65	35	94	98	4	46	51	22	90	48	82	19	43	3	39	20	77	60	54	72	66	18	28	11	58	70	68	90	14	69	23	-1	16	69	15	3	77	65	33	58	23	2	61	34	66	51	43	88	88	81	4	18	31	72	27	5	30	3	92	83	90	15	8	75	20	71	8	82	57	95	41	22	34	62	88	6	
66	16	84	25	10	48	29	22	3	18	2	87	44	92	32	16	6	94	48	55	84	28	2	26	79	27	24	88	84	83	47	72	16	95	13	70	48	73	6	47	9	71	34	63	48	94	7	45	65	23	3	43	93	43	50	98	-1	7	27	77	20	5	23	53	76	42	39	37	63	10	32	73	76	92	60	29	73	47	92	34	80	56	96	71	38	39	28	70	67	96	54	48	34	36	53	22	100	92	92	46	
95	9	9	97	63	85	8	10	45	17	10	59	6	55	75	99	62	57	8	16	37	27	97	65	2	26	54	66	26	41	63	43	79	33	69	78	62	79	67	45	90	77	21	28	75	29	48	46	85	20	18	70	16	67	35	8	11	-1	30	88	33	43	50	19	79	15	41	51	53	67	91	81	54	77	51	4	88	74	38	97	26	100	76	6	14	79	45	48	37	6	77	22	32	76	75	24	28	23	69	12	
16	4	93	95	41	91	72	55	82	97	32	32	98	87	48	65	31	76	12	72	96	51	70	9	9	82	91	34	37	39	27	46	100	73	12	8	54	6	16	11	20	6	48	92	38	41	64	30	100	53	9	76	41	94	86	7	5	60	-1	2	38	6	91	97	100	1	76	5	53	62	46	94	23	45	30	21	78	2	84	29	53	3	67	36	19	49	71	9	90	28	76	33	47	19	54	3	91	84	15	47	
20	11	25	63	83	65	73	1	16	98	86	19	90	83	38	80	26	42	37	98	74	23	32	68	74	40	61	42	21	75	36	75	32	66	41	82	99	52	70	68	33	82	72	85	82	84	93	57	47	57	2	17	21	24	34	46	54	81	64	-1	85	65	68	45	80	34	76	79	56	56	14	31	59	10	90	86	52	76	18	30	72	28	19	60	7	5	73	59	32	51	7	99	45	11	53	58	79	72	99	79	
92	49	87	66	66	29	79	60	87	37	57	11	17	9	94	92	48	78	40	50	81	93	60	58	42	96	60	93	11	49	17	97	11	51	43	88	72	61	83	9	63	100	45	73	79	92	4	1	27	66	63	93	6	37	69	84	35	95	7	37	-1	42	65	21	13	1	81	50	49	86	78	19	39	60	17	55	88	35	75	48	9	5	79	9	70	43	62	11	42	93	64	88	45	25	80	54	90	61	35	44	
33	3	9	56	72	65	84	57	32	17	81	77	54	18	4	46	70	51	48	8	80	87	7	90	78	38	51	74	14	64	89	94	100	16	13	8	53	6	74	56	48	16	99	57	65	9	70	41	85	82	68	2	70	70	1	33	100	53	30	20	87	-1	89	96	62	5	36	42	77	10	20	6	57	18	12	8	71	58	58	84	60	75	10	89	15	68	62	37	37	75	61	91	84	66	57	51	49	81	32	13	
74	26	15	40	62	60	46	84	47	97	26	70	34	40	100	39	89	82	26	52	54	6	79	44	2	30	27	66	20	60	100	1	62	39	10	89	5	27	46	100	65	70	77	56	27	11	11	43	7	75	34	57	100	35	51	56	30	41	68	62	37	78	-1	23	10	55	3	94	68	20	10	99	18	53	16	14	87	35	61	85	84	40	32	95	12	27	100	72	24	68	49	24	70	62	39	77	73	12	95	99	
77	41	71	14	69	23	65	18	50	87	62	62	10	42	85	97	53	51	82	66	38	36	91	42	98	22	86	96	16	77	43	64	57	30	72	26	70	67	59	8	78	41	26	3	29	12	58	63	29	16	28	14	85	2	55	79	39	13	96	33	98	42	94	-1	33	95	53	47	28	43	61	98	77	82	58	65	28	10	34	58	94	31	7	92	84	78	82	53	66	56	90	85	39	64	15	54	95	23	73	66	
68	95	62	36	61	50	62	94	76	52	40	83	29	31	66	60	71	27	40	77	76	61	47	5	16	96	52	73	10	18	18	33	85	34	76	12	67	82	14	3	15	12	78	11	17	78	38	58	28	35	93	78	84	42	7	76	92	33	25	96	45	34	48	94	-1	43	29	92	17	43	59	32	78	3	45	13	11	46	99	68	12	63	66	67	25	11	4	26	89	88	43	58	15	9	6	91	92	63	7	15	
96	47	68	42	80	53	99	55	71	43	67	98	87	7	49	12	6	16	22	92	38	80	55	51	78	85	75	71	78	57	92	31	81	40	45	62	36	72	18	65	98	81	96	2	82	52	3	86	61	68	89	57	21	67	92	93	20	62	99	12	37	92	37	10	92	-1	97	3	14	80	86	7	23	54	99	84	23	35	79	44	67	54	75	3	78	3	41	43	50	27	71	45	38	89	97	21	35	96	24	32	
49	46	83	65	54	17	17	2	96	20	60	17	14	96	48	83	1	55	84	18	8	73	50	25	6	61	20	20	73	55	77	3	19	39	40	20	64	88	61	35	63	14	54	29	66	24	80	50	47	19	66	27	97	51	8	28	34	15	36	71	74	11	13	93	39	67	-1	25	61	47	87	93	78	27	29	50	44	17	26	66	74	32	1	19	74	35	9	67	57	11	13	41	37	37	61	67	64	27	42	61	
7	73	54	53	7	92	81	23	26	6	6	75	70	37	82	28	89	16	10	51	92	90	92	92	10	42	57	45	19	30	12	65	34	32	48	22	38	58	89	74	32	85	28	18	30	76	46	4	66	90	44	95	90	53	88	1	46	49	66	28	71	28	92	8	19	63	82	-1	88	4	93	43	94	45	94	36	16	59	63	9	49	92	16	81	40	86	54	41	71	26	74	82	6	15	1	71	55	61	82	88	
42	12	97	1	64	14	17	29	25	4	77	63	20	84	6	14	34	96	40	31	63	61	41	79	39	55	26	73	25	56	92	86	88	83	2	60	92	78	90	96	44	93	93	31	35	85	19	55	63	45	58	1	28	24	94	86	99	39	81	58	63	32	47	80	36	80	41	16	-1	73	73	65	9	81	98	25	43	34	67	33	35	26	4	58	4	7	46	25	55	29	96	75	90	73	6	78	30	67	47	40	
72	28	63	7	28	17	68	12	61	13	31	3	8	25	53	51	92	100	55	74	85	45	97	84	32	78	93	33	11	72	4	32	66	32	41	98	96	72	99	30	89	58	3	5	76	5	53	17	21	62	75	66	2	40	26	49	57	95	2	13	24	49	84	10	72	90	94	35	47	-1	10	61	19	97	52	9	92	32	81	42	32	51	73	91	39	44	46	12	8	70	99	36	28	21	2	30	100	35	93	2	
67	67	97	8	51	60	93	33	70	88	82	3	40	9	7	46	47	76	70	62	67	12	87	95	43	70	44	98	64	67	90	10	20	25	12	67	66	89	9	86	60	40	39	97	49	64	21	84	92	46	57	92	96	98	46	71	34	31	27	89	56	55	89	21	8	17	37	79	64	29	-1	18	44	62	71	57	30	67	17	38	38	96	54	62	67	1	75	57	21	98	11	78	46	70	17	85	3	21	82	96	
94	85	32	25	7	97	87	51	53	34	5	63	39	57	55	46	26	49	94	56	92	73	11	30	93	61	43	34	49	5	90	91	46	61	50	65	8	31	10	74	26	22	71	67	79	29	59	44	57	8	12	34	64	20	79	26	30	16	62	50	14	15	55	91	7	29	74	23	38	14	85	-1	58	58	4	26	72	42	75	56	1	89	9	85	11	42	48	19	15	38	57	34	66	50	27	82	43	63	19	98	
82	49	8	40	34	100	46	85	58	13	43	95	97	96	22	9	28	93	76	87	85	73	71	95	77	33	28	95	100	81	64	16	76	58	99	58	47	80	22	65	66	32	65	12	59	1	10	48	17	13	11	27	31	37	10	76	33	40	92	38	25	34	29	61	33	72	46	77	80	43	62	54	-1	24	37	53	90	47	1	69	69	1	59	75	66	93	12	22	55	42	71	38	6	16	75	9	37	6	31	28	
51	26	4	36	76	19	26	35	71	71	6	63	77	25	82	3	53	80	21	59	38	69	20	2	17	85	41	99	47	35	99	75	89	12	63	42	90	28	62	55	49	40	35	53	44	29	30	15	60	12	68	38	70	70	81	5	41	45	72	97	1	87	5	62	87	47	97	14	30	50	97	73	69	-1	77	24	65	14	4	75	43	7	80	2	37	67	24	73	77	67	56	90	58	77	19	37	13	28	43	89	
47	58	46	16	65	63	72	82	92	35	38	90	39	1	85	14	37	80	67	8	3	71	13	61	77	56	10	77	4	78	19	7	37	79	32	30	87	19	61	64	94	22	72	70	67	40	66	9	50	31	97	63	83	80	89	64	12	58	65	39	59	27	36	28	80	1	79	80	80	72	85	39	96	28	-1	74	76	43	70	4	69	57	10	95	41	30	80	27	56	86	35	80	62	82	16	61	71	36	31	83	
64	98	19	60	49	84	9	67	26	63	60	55	56	64	46	40	74	6	37	80	36	55	78	6	46	29	5	71	4	33	83	2	12	47	69	9	52	16	25	64	39	39	30	46	74	49	3	62	23	93	72	44	16	7	16	19	56	37	10	81	3	27	71	77	84	45	19	29	52	78	4	72	20	67	87	-1	81	5	87	12	85	7	49	29	82	88	62	13	88	47	24	62	80	93	78	48	47	94	98	24	
23	91	24	78	52	11	24	93	38	79	85	15	58	42	52	67	70	53	41	1	37	40	91	19	31	73	42	70	1	60	52	87	4	95	41	82	24	11	68	94	98	3	81	14	17	41	28	4	57	58	26	84	45	81	59	51	75	55	7	61	58	22	45	31	55	67	45	89	31	80	77	91	88	94	82	22	-1	93	75	51	70	31	28	70	2	53	12	90	19	88	96	30	48	92	14	24	1	37	20	52	
39	74	43	37	36	38	47	24	83	3	12	80	54	55	97	22	30	57	69	34	3	21	31	61	65	99	70	89	61	82	81	45	76	12	47	58	69	88	70	11	49	58	13	19	64	34	83	64	49	76	18	22	2	3	41	21	78	36	49	84	63	65	50	74	83	25	40	58	17	19	48	11	72	91	69	56	92	-1	12	78	10	7	22	85	65	38	65	48	63	92	83	4	41	75	35	11	50	42	23	63	
79	25	51	79	24	71	62	96	63	53	71	16	6	92	28	57	61	13	16	90	34	78	75	18	72	20	43	25	22	75	32	82	72	94	11	38	50	43	18	42	92	12	6	15	98	24	22	83	53	88	3	46	85	18	73	35	1	43	22	27	64	39	40	96	73	73	67	42	57	80	63	48	11	58	47	35	96	94	-1	51	42	1	43	83	77	98	22	61	91	8	72	7	2	57	94	92	94	98	37	29	
93	73	82	30	17	4	61	71	46	78	67	88	70	81	74	84	86	20	8	13	23	49	91	7	41	41	36	24	30	47	9	46	66	62	16	71	46	39	81	89	34	19	71	64	3	49	100	9	21	62	62	64	90	32	68	41	20	93	64	95	19	72	68	77	13	89	56	97	25	97	64	90	58	27	10	68	2	13	94	-1	71	75	38	40	68	48	82	58	3	19	19	83	53	2	33	47	16	3	12	40	
77	44	8	76	69	27	10	88	44	22	29	80	17	87	59	68	6	50	69	39	86	35	60	97	8	17	14	94	3	43	93	81	34	51	53	34	95	88	4	44	95	84	1	34	76	73	33	76	49	7	82	5	100	75	21	50	21	63	43	49	51	57	90	91	21	52	61	78	79	37	17	24	45	31	49	56	11	93	36	30	-1	25	91	90	69	93	23	73	54	83	97	65	36	12	46	29	90	10	57	43	
32	2	50	85	74	47	71	10	62	31	20	45	64	20	75	80	34	48	8	83	56	72	45	38	30	45	53	33	29	32	62	58	8	92	12	76	11	9	40	2	55	47	73	94	83	76	86	51	22	98	72	25	10	56	54	7	64	87	34	25	65	8	29	84	69	12	18	94	23	26	35	91	60	16	45	60	62	93	16	89	39	-1	75	34	30	70	64	36	65	87	41	26	27	94	49	80	44	69	67	44	
72	97	23	15	27	21	98	10	47	15	28	86	25	14	22	23	98	61	80	64	82	68	28	71	26	76	60	66	45	42	4	43	8	62	80	100	76	98	28	86	24	88	96	43	7	59	23	49	96	11	11	37	84	66	99	64	74	79	64	64	9	13	44	46	36	47	95	71	84	10	51	5	93	98	71	63	66	10	67	99	22	15	-1	90	51	74	88	87	70	59	71	82	17	43	25	46	61	86	18	3	
71	81	27	82	5	24	33	78	82	48	87	22	38	39	79	72	98	75	97	28	39	29	91	53	89	67	44	79	77	88	75	50	4	14	35	46	8	47	85	39	1	48	61	23	41	44	1	6	95	89	42	33	94	68	16	10	80	49	16	87	25	36	60	13	70	7	79	6	78	100	46	66	47	79	94	83	96	63	26	59	22	67	27	-1	87	40	92	90	9	79	9	14	49	81	60	79	91	62	39	19	
3	21	78	47	59	41	63	64	89	3	25	62	28	53	45	72	49	55	49	29	61	73	80	58	57	2	19	46	41	3	36	7	17	27	76	21	41	66	77	71	2	7	22	56	97	26	39	52	52	69	52	17	39	43	12	60	77	87	5	7	42	10	37	74	31	59	96	72	96	66	45	1	22	95	47	58	77	4	81	65	3	50	79	41	-1	34	95	38	48	10	48	9	15	35	26	34	77	42	30	61	
4	97	49	8	61	24	67	22	54	65	80	87	21	51	16	75	94	67	35	70	37	3	6	21	89	11	59	100	56	49	91	3	97	8	16	20	6	56	4	4	33	20	40	17	25	16	25	53	4	13	63	41	28	42	95	32	23	59	77	53	75	97	78	78	58	16	94	86	17	76	61	50	55	23	66	87	97	25	85	52	67	37	2	93	77	-1	51	30	62	75	87	9	98	78	65	99	46	8	98	75	
59	26	13	6	47	48	45	70	58	8	50	10	47	51	30	39	24	60	35	100	32	10	62	46	55	69	10	79	31	95	25	12	10	85	38	52	46	43	15	23	72	24	69	98	48	59	74	29	41	5	98	39	60	28	9	72	93	31	31	85	26	11	54	16	86	61	28	90	1	78	53	89	22	55	95	53	58	33	38	45	71	23	23	62	99	33	-1	75	4	94	73	97	62	81	12	4	31	25	84	70	
56	31	23	2	64	85	2	91	25	84	79	52	61	24	19	99	25	65	96	1	81	92	23	88	32	21	93	48	26	74	60	22	63	16	19	62	5	15	85	51	12	28	46	68	77	55	46	21	1	11	63	14	75	1	93	55	65	67	20	50	63	64	90	84	69	7	78	94	95	22	76	83	21	29	17	97	87	36	9	94	1	47	12	35	83	87	82	-1	59	41	1	91	33	5	77	22	97	81	86	47	
10	78	25	70	68	5	55	10	72	17	23	71	61	53	91	24	76	64	93	44	31	82	77	47	41	37	40	59	9	76	100	44	85	30	27	44	58	59	38	15	85	50	52	11	75	26	21	87	36	6	50	49	80	94	77	28	80	77	1	95	75	84	62	55	48	52	18	99	80	59	46	57	83	67	11	28	27	71	83	88	76	26	36	26	21	57	87	41	-1	7	32	52	68	24	8	14	5	19	8	65	
52	38	57	11	32	38	6	100	75	51	12	55	21	75	67	42	51	75	61	17	4	77	11	38	11	92	96	1	54	77	88	20	10	74	54	98	72	83	73	71	60	84	90	47	80	78	1	12	92	6	44	85	31	28	76	81	72	89	77	67	65	90	78	47	64	1	57	69	45	2	32	24	75	76	88	34	62	44	28	70	64	49	57	70	43	28	25	90	86	-1	34	90	21	72	51	93	30	93	82	86	
21	86	74	6	40	63	15	98	24	3	30	77	56	8	17	57	48	28	66	14	89	43	17	52	1	9	76	10	1	26	43	10	15	40	100	83	17	94	60	60	57	75	47	71	58	80	25	83	99	81	22	93	83	53	71	57	48	17	72	95	72	51	56	36	77	51	40	11	68	50	84	95	73	49	32	95	16	60	66	51	31	96	67	8	58	9	35	79	3	72	-1	4	18	8	36	2	88	1	31	41	
67	22	4	95	94	76	39	9	59	83	76	39	89	88	39	30	67	88	59	89	70	1	86	60	39	83	41	65	67	9	32	79	22	57	80	76	34	70	91	97	74	93	48	85	70	42	79	94	4	87	7	23	24	77	6	50	9	26	73	40	48	95	73	83	76	99	89	19	66	91	54	37	41	99	11	83	77	33	88	4	17	93	72	95	83	37	86	81	48	82	33	-1	60	23	14	12	9	90	59	65	
90	86	7	15	92	22	70	90	54	39	70	74	59	30	89	64	41	34	80	80	43	64	5	2	32	93	54	75	68	51	92	22	58	2	87	100	51	12	84	93	26	62	87	16	84	97	7	41	70	74	6	13	89	34	5	17	41	69	34	59	97	79	8	65	5	35	61	31	61	95	11	20	70	100	21	27	59	32	94	84	34	10	15	12	26	21	4	1	6	43	76	95	-1	55	82	62	86	51	48	31	
41	27	19	62	50	27	81	45	92	23	10	16	29	56	62	2	75	87	21	76	65	60	83	99	89	27	5	58	61	24	17	91	94	41	97	68	21	80	11	89	33	72	4	52	27	32	30	70	4	59	94	72	36	39	38	51	43	20	79	16	53	91	31	39	94	54	97	7	23	54	80	23	38	60	77	62	20	36	23	76	69	59	89	95	63	86	31	85	34	31	69	8	80	-1	28	53	37	45	42	85	
74	97	80	84	78	5	96	57	58	98	45	96	17	76	54	54	67	18	54	99	47	42	20	66	50	76	84	95	47	54	71	55	77	39	31	97	53	92	83	100	1	78	14	14	53	70	41	63	87	53	2	56	86	47	62	54	78	66	83	78	28	2	30	30	44	97	87	73	46	4	43	23	29	56	69	55	12	62	4	86	71	11	63	29	82	1	30	81	41	90	88	100	72	38	-1	2	27	15	6	99	
79	52	41	60	1	35	88	78	74	83	38	86	86	19	54	76	55	16	59	51	24	37	79	72	76	70	43	89	57	78	55	28	24	99	11	7	10	59	41	82	72	92	48	87	23	11	64	90	52	62	78	10	18	47	83	10	59	80	8	19	92	9	84	77	63	83	22	16	51	58	12	97	27	61	17	97	18	80	6	93	43	66	87	14	95	36	68	59	51	25	56	13	68	60	89	-1	19	28	28	21	
38	83	66	78	78	62	12	69	29	18	68	4	80	36	70	47	100	84	14	23	43	31	57	14	47	14	3	18	37	63	62	90	86	34	73	68	58	77	67	68	58	68	4	97	87	80	16	97	88	36	43	24	29	56	33	47	88	21	23	35	88	25	41	47	95	53	13	37	4	88	44	77	10	6	100	47	60	37	10	36	61	3	33	30	57	60	3	87	25	41	54	63	35	81	21	81	-1	58	55	4	
56	97	84	97	33	5	31	49	32	44	82	94	7	87	62	78	59	12	25	20	38	41	55	82	75	51	44	26	83	58	48	13	80	20	69	77	41	20	4	57	21	70	28	3	51	32	84	17	9	14	43	68	39	9	38	5	31	12	68	9	83	36	69	55	54	34	21	100	75	91	14	50	66	31	41	9	48	13	37	74	69	58	81	96	36	56	58	5	11	37	92	92	43	92	81	64	10	-1	39	34	
82	79	73	14	66	75	38	28	16	50	41	49	89	11	85	55	86	71	71	16	44	14	87	25	25	100	77	44	19	32	74	43	3	3	51	48	95	71	33	42	92	40	82	45	49	31	34	57	20	29	98	71	72	94	61	61	94	90	40	46	48	88	88	33	79	61	28	54	40	3	72	78	37	7	60	76	28	40	94	24	76	30	4	75	16	89	100	66	17	53	16	68	31	37	36	59	54	11	-1	37	
38	21	4	17	44	51	80	60	87	42	39	89	39	100	25	13	13	20	92	19	59	8	100	34	21	28	52	79	29	40	39	29	27	73	55	1	28	66	85	18	53	61	49	18	94	71	12	11	28	43	47	39	29	17	13	9	78	83	33	56	91	81	73	85	46	14	99	35	95	14	86	65	10	34	8	22	29	96	81	35	92	63	22	92	46	23	74	18	38	21	28	8	38	21	79	5	82	11	27	-1	
