100
-1	100	20	60	53	21	22	97	40	80	93	21	33	84	5	35	32	45	94	74	68	92	61	80	5	86	45	1	56	48	83	12	82	87	23	62	24	64	82	62	95	81	81	17	68	44	96	67	50	43	31	46	19	88	71	53	87	51	92	27	3	31	89	50	97	62	73	17	73	27	41	30	35	52	66	28	57	95	88	16	68	37	63	18	55	54	21	45	84	67	12	41	97	93	73	71	24	93	77	54	
78	-1	73	83	11	14	98	31	22	10	38	66	84	98	20	73	100	35	93	86	10	90	73	8	45	78	35	98	68	31	61	59	27	19	48	85	3	2	94	72	75	1	1	40	92	68	23	54	68	92	66	42	50	86	82	64	81	25	8	61	57	46	86	84	66	14	92	50	16	91	57	29	87	11	99	88	44	30	19	12	28	98	60	26	19	7	49	13	15	56	93	12	63	8	27	99	26	82	38	10	
44	27	-1	79	23	62	92	40	10	57	87	23	33	53	21	16	65	19	75	35	94	17	53	94	5	60	18	17	92	62	82	6	62	62	40	91	81	37	64	58	36	65	64	88	77	83	5	1	19	97	64	44	59	90	73	2	16	9	93	67	32	64	71	75	93	61	48	98	80	10	83	39	60	86	37	10	51	23	93	40	41	88	36	14	73	66	72	69	83	51	98	22	30	19	81	82	87	83	21	47	
38	14	40	-1	63	34	14	70	24	7	75	3	13	45	74	69	32	10	9	14	4	76	41	96	73	78	47	12	18	89	83	16	59	53	82	32	35	4	67	10	7	41	8	81	27	42	50	31	88	25	87	95	71	23	82	58	85	44	32	63	68	74	33	44	93	69	44	27	46	16	40	95	74	62	27	52	43	33	96	44	79	15	28	14	94	46	32	83	26	9	58	44	40	74	53	3	18	4	98	93	
18	42	44	15	-1	18	21	26	4	48	52	8	46	76	90	28	44	83	99	26	52	7	64	77	61	33	21	79	7	78	60	38	34	56	44	41	11	2	50	11	32	19	26	30	31	60	5	83	93	81	93	16	33	81	14	69	59	67	72	63	93	52	45	58	93	94	84	42	11	31	57	9	33	23	44	54	77	50	24	85	1	10	37	2	18	39	38	83	89	91	46	5	85	32	13	53	15	56	85	3	
67	21	63	52	40	-1	53	88	89	52	39	28	62	52	26	2	68	78	82	28	65	1	9	23	57	59	16	66	47	48	21	64	100	42	55	68	3	23	24	4	25	74	95	36	7	25	2	16	46	11	49	24	60	50	12	80	16	43	73	15	64	44	62	31	57	29	62	78	24	87	9	64	3	50	93	17	6	42	74	39	84	63	89	75	49	27	89	20	96	84	18	49	63	23	39	61	78	100	41	19	
42	43	40	3	12	3	-1	81	13	21	25	29	60	46	71	22	40	38	25	79	76	95	87	1	35	98	44	71	87	19	83	37	54	49	37	68	49	22	46	84	18	2	67	84	26	44	87	11	91	73	44	83	38	55	40	82	85	93	33	34	39	85	94	97	96	73	83	6	26	19	79	30	32	7	95	11	82	6	18	92	13	60	15	25	28	42	83	62	23	66	20	98	8	58	65	46	31	70	66	89	
55	73	18	90	65	54	11	-1	68	62	77	94	43	33	41	12	84	66	30	80	17	86	70	74	84	46	75	83	11	29	97	78	78	78	70	34	77	11	97	81	14	4	15	25	77	91	55	37	33	90	45	74	26	53	57	62	43	34	21	89	33	70	8	7	20	42	9	53	75	73	51	10	87	68	62	48	25	3	6	71	99	78	62	70	77	81	43	62	76	79	26	43	56	41	60	16	92	80	37	17	
43	96	36	6	92	40	40	15	-1	80	34	65	58	3	93	4	89	72	40	81	44	18	85	8	93	99	78	6	70	58	90	56	59	13	39	32	49	84	74	59	98	17	92	2	14	88	100	45	68	9	12	49	94	51	85	30	2	87	61	96	69	5	67	77	95	62	6	55	51	48	82	5	24	50	59	20	26	87	54	40	38	32	89	65	90	55	38	3	92	87	15	84	17	14	96	64	60	70	45	17	
63	87	2	16	38	63	1	51	16	-1	91	39	57	10	30	41	71	84	31	96	25	33	8	75	52	90	20	28	61	48	24	17	98	74	66	4	79	41	22	93	63	42	49	3	52	83	58	18	49	34	71	44	39	54	29	21	18	64	52	71	96	65	21	57	78	72	72	19	94	50	24	87	89	1	1	87	57	78	85	11	10	98	90	24	5	31	75	82	29	18	25	97	45	8	96	18	65	53	82	36	
81	72	47	16	91	57	42	26	93	35	-1	15	29	61	38	61	11	31	64	74	24	32	69	16	75	100	29	62	90	35	45	100	10	72	98	7	55	66	77	61	85	90	46	31	19	48	84	83	2	77	4	29	66	73	37	57	64	70	27	35	47	33	47	17	53	51	39	28	25	79	35	65	54	97	22	86	77	10	5	9	27	47	56	17	65	99	14	71	21	9	92	6	41	97	65	49	9	46	60	73	
24	88	37	27	55	47	65	75	8	55	4	-1	19	41	65	44	89	95	18	56	70	64	91	34	7	99	1	69	38	15	73	13	14	98	22	28	2	4	50	57	35	94	87	59	80	64	35	80	38	71	42	26	27	71	2	14	80	93	15	68	14	2	60	34	96	35	6	56	75	7	71	39	42	70	46	76	84	41	45	96	95	54	11	57	70	18	79	80	2	43	13	9	97	31	20	83	7	33	99	36	
85	6	87	67	79	37	36	72	52	79	64	40	-1	1	14	1	86	50	71	43	68	96	77	29	74	68	56	79	67	6	6	56	90	98	33	25	21	70	17	57	95	56	83	42	51	35	74	52	82	44	96	93	30	88	4	1	81	30	95	78	19	26	9	3	8	99	14	60	96	16	73	14	1	59	11	81	18	86	23	69	88	84	16	12	9	82	76	28	51	76	24	46	24	10	43	59	83	70	39	18	
45	53	77	5	77	54	61	95	85	50	39	22	83	-1	29	52	2	66	19	55	78	76	90	49	85	47	71	55	80	11	11	92	38	40	96	86	31	85	85	49	86	48	26	73	16	14	59	51	10	13	82	19	15	84	47	40	57	47	100	69	18	92	17	83	76	69	98	63	57	87	87	25	64	90	59	85	20	98	47	89	32	86	65	87	39	39	80	57	29	35	94	86	57	61	37	54	4	76	87	48	
13	48	56	31	63	49	32	20	68	23	21	71	16	4	-1	61	24	46	76	8	22	24	38	89	52	49	92	47	72	10	24	62	66	97	4	9	38	58	11	70	29	94	13	68	27	54	41	45	72	32	64	16	89	44	5	28	30	78	59	78	2	62	99	67	12	35	94	90	79	45	53	36	8	65	95	65	88	26	55	94	54	25	11	72	5	76	40	100	17	92	75	86	66	12	35	51	30	25	28	62	
49	99	39	3	2	44	35	47	71	24	27	31	67	53	93	-1	3	43	88	31	60	99	71	88	16	50	28	21	6	45	58	16	50	100	14	81	51	29	97	95	39	30	56	57	46	25	40	58	61	74	60	53	77	99	63	49	8	38	26	1	59	52	94	39	1	53	29	82	99	24	51	48	89	40	15	97	7	47	15	89	91	94	28	68	90	57	49	48	21	1	7	2	83	99	57	49	20	82	4	31	
8	92	70	66	4	9	71	50	91	1	32	3	25	63	36	22	-1	80	54	35	7	72	79	81	10	57	74	3	2	35	97	8	68	45	59	14	24	80	38	81	45	78	100	49	93	18	2	52	52	35	85	3	87	73	68	13	23	66	46	88	53	97	66	31	89	87	56	43	4	6	22	18	27	27	99	52	48	87	58	84	10	18	86	59	88	55	29	84	30	37	58	36	31	50	16	42	74	13	28	81	
52	26	85	64	57	31	34	67	67	35	76	65	39	97	10	81	42	-1	74	17	52	75	71	3	31	33	27	71	61	23	84	30	88	89	75	80	93	90	97	50	8	13	59	26	1	65	17	84	40	52	79	48	63	17	8	16	93	24	88	19	57	23	59	30	52	35	14	18	20	65	2	38	65	53	79	10	85	2	62	80	7	59	74	99	8	38	63	41	74	43	12	5	44	15	47	72	30	50	59	43	
44	69	65	34	53	96	2	20	62	83	56	51	92	7	54	76	94	72	-1	25	38	27	97	72	72	92	27	56	13	8	61	49	92	51	15	11	18	24	14	32	46	86	96	29	91	30	40	40	46	15	40	57	44	98	93	63	24	47	35	73	24	7	66	16	60	4	67	8	51	94	19	27	74	99	45	24	43	57	78	39	70	6	82	64	6	36	12	74	90	7	42	59	81	80	67	17	7	51	41	95	
1	75	58	100	80	88	25	51	24	41	37	88	74	91	26	21	16	58	70	-1	81	65	19	34	77	45	45	33	96	89	20	9	21	82	83	17	26	6	56	81	98	64	18	72	42	73	74	51	81	79	6	19	19	69	10	81	4	83	52	39	24	19	23	26	73	24	62	14	34	86	25	46	95	6	52	12	18	16	7	91	36	42	30	15	13	18	26	44	87	43	83	95	94	44	88	69	16	94	92	74	
79	51	62	70	39	3	11	49	88	42	58	64	85	33	73	81	46	89	58	35	-1	83	86	88	83	57	33	23	2	17	76	17	57	3	58	87	61	44	17	91	51	15	55	79	11	1	25	42	82	23	90	18	18	20	79	46	85	22	20	56	5	21	99	77	27	10	94	64	77	90	62	25	17	20	83	3	23	99	33	15	14	43	83	94	12	1	6	37	19	21	100	60	50	11	66	85	15	26	39	77	
28	69	22	3	53	46	55	76	82	31	17	35	45	27	34	94	22	3	59	73	77	-1	77	62	89	24	80	98	11	26	32	1	22	47	44	31	59	33	62	90	99	50	31	85	6	15	86	30	74	40	45	11	30	85	2	92	52	37	60	85	97	32	38	21	15	18	19	99	83	2	27	68	17	49	29	54	100	96	89	23	38	42	52	45	20	38	70	33	2	83	90	69	13	9	72	94	17	45	75	82	
69	8	22	2	60	49	37	87	25	31	96	94	75	28	55	54	51	67	74	61	41	43	-1	51	69	65	1	26	16	6	20	64	78	39	99	91	27	70	6	40	89	49	37	58	82	51	46	95	77	63	77	33	77	91	20	62	82	56	92	75	40	75	18	45	1	55	30	61	43	9	70	94	15	8	94	48	24	19	35	19	98	64	72	88	12	51	36	52	79	21	33	23	49	37	5	19	39	36	58	88	
79	87	67	98	25	39	26	97	14	80	16	48	13	58	91	42	22	36	97	56	48	94	45	-1	31	56	78	63	61	94	37	44	86	90	27	51	25	63	8	20	30	14	48	69	10	63	18	84	85	63	84	65	51	54	10	88	51	31	44	28	88	44	48	81	20	92	37	24	86	14	80	70	90	76	25	22	8	31	78	61	29	48	38	86	21	36	33	22	22	76	53	58	19	48	88	4	21	97	5	11	
70	9	88	38	82	14	90	58	51	81	44	75	83	20	98	92	53	14	95	42	77	86	47	28	-1	87	7	73	84	3	14	71	87	36	24	30	57	66	38	70	47	54	22	14	14	7	84	76	41	48	56	92	54	39	54	13	1	60	36	23	56	42	42	87	86	53	80	36	62	61	87	15	11	78	37	58	34	88	71	100	71	9	3	56	92	21	95	86	26	85	91	54	65	3	46	89	22	65	76	33	
27	8	26	16	91	18	26	6	63	3	73	14	8	49	10	79	29	26	89	52	39	11	76	14	23	-1	42	49	65	64	51	20	16	27	74	82	17	19	47	98	92	96	87	82	10	98	55	10	89	77	51	81	46	96	33	40	52	78	38	3	79	36	35	36	79	37	80	43	10	75	45	72	79	2	65	79	32	6	88	45	47	15	12	2	84	36	48	42	14	14	95	56	83	14	50	25	81	42	9	93	
3	26	99	80	63	17	53	43	37	87	48	73	43	61	20	20	98	57	31	86	77	86	75	17	41	94	-1	100	63	46	26	98	45	52	29	1	66	71	81	22	47	31	79	42	94	2	33	40	59	36	5	63	89	90	19	27	57	2	23	29	4	98	76	74	70	97	24	21	51	33	2	4	57	35	40	86	18	13	52	63	40	62	49	100	42	59	73	62	72	28	38	55	86	93	18	90	5	26	7	32	
2	40	91	53	71	22	83	5	71	98	14	38	46	57	9	1	53	30	48	46	59	33	59	9	20	51	42	-1	58	45	43	58	85	96	53	1	46	45	10	4	27	85	11	47	100	85	11	92	70	71	9	8	35	69	75	30	53	95	60	49	9	46	33	77	2	88	94	48	54	97	69	91	23	74	7	14	14	30	37	28	52	23	70	24	10	18	100	11	31	81	40	71	68	28	30	51	79	14	20	88	
34	41	17	79	38	96	69	53	99	80	96	95	63	17	20	38	11	87	99	49	57	24	7	80	50	72	20	21	-1	57	50	87	13	37	20	56	62	92	87	83	66	64	96	94	26	62	38	63	92	29	79	15	46	20	16	82	12	28	85	33	79	12	21	51	51	37	35	65	14	8	25	32	98	45	68	89	77	46	13	71	31	21	94	70	56	51	60	79	46	29	39	55	41	95	62	97	65	66	53	12	
68	22	4	32	57	33	46	19	84	55	50	11	6	94	97	71	51	51	4	79	95	42	31	44	70	35	85	43	24	-1	46	30	41	8	39	95	31	58	9	77	42	42	36	69	21	3	17	74	6	61	67	72	99	7	43	20	86	88	31	51	11	100	86	23	84	1	75	11	9	87	80	66	61	64	41	99	100	44	14	12	11	65	81	69	49	34	35	94	72	33	56	59	47	65	60	78	85	41	17	78	
46	30	75	16	28	83	67	15	17	54	100	24	74	62	53	77	43	99	74	69	14	30	25	57	69	30	28	10	4	2	-1	30	71	18	76	50	55	78	81	14	6	2	29	47	84	63	37	16	59	92	28	46	90	39	59	63	74	92	9	6	52	85	13	81	35	5	21	80	44	65	66	25	66	52	69	84	95	94	66	10	48	4	15	20	28	89	84	62	9	64	52	36	74	52	26	47	32	48	92	1	
33	20	64	49	42	99	6	67	53	36	41	14	98	90	57	31	84	55	92	61	14	28	44	85	3	81	8	48	69	89	59	-1	74	5	59	17	78	51	72	11	39	19	35	5	53	68	24	58	97	85	77	52	36	13	34	77	7	95	61	49	7	94	69	56	47	1	46	26	7	27	97	29	69	12	56	60	18	67	13	54	98	55	44	56	73	79	89	74	19	35	30	23	56	4	29	88	27	59	30	7	
76	81	36	100	80	81	80	88	14	42	29	20	35	10	94	84	61	95	37	1	88	2	10	27	37	70	39	67	47	10	37	32	-1	62	1	47	8	25	100	1	98	17	57	44	66	68	99	80	64	3	22	86	88	10	36	3	41	27	80	37	69	26	82	80	57	21	88	56	69	8	75	33	78	10	20	94	6	16	61	6	48	37	31	12	4	7	74	63	1	81	27	94	77	45	96	20	93	76	84	53	
2	28	42	98	8	17	48	84	57	84	32	57	39	75	74	88	21	17	43	56	95	60	54	9	45	72	35	99	6	64	16	60	65	-1	74	23	10	19	71	72	80	38	71	77	31	94	6	79	52	15	76	3	68	62	35	13	20	91	2	43	42	10	56	49	100	52	21	44	24	60	12	1	83	75	66	19	46	57	26	87	9	61	41	75	30	31	80	100	94	76	83	93	22	41	5	97	93	24	42	88	
48	71	83	85	94	58	48	46	100	92	70	49	96	45	92	38	58	50	11	92	27	60	61	52	98	25	98	15	59	16	28	100	37	8	-1	41	90	43	84	54	39	7	46	47	61	47	81	36	36	80	51	54	8	19	6	97	16	5	37	64	76	50	62	64	87	97	47	78	60	95	53	12	41	30	57	72	32	32	58	1	5	44	21	70	13	66	84	50	42	65	72	75	23	82	36	25	17	83	19	28	
13	47	33	73	56	48	47	6	81	85	99	9	46	78	2	33	50	32	28	65	49	49	79	42	16	39	12	8	18	95	42	2	83	62	64	-1	45	17	55	25	12	4	4	66	33	18	26	52	23	75	77	15	13	81	9	62	50	23	5	4	69	51	54	50	14	14	63	21	61	51	94	87	63	78	88	53	12	10	80	84	92	84	29	21	56	83	77	9	90	29	24	24	55	99	26	100	57	92	16	14	
45	46	57	81	3	90	32	97	68	5	16	98	66	58	81	57	10	53	73	27	95	57	81	26	71	79	60	68	58	51	76	93	77	54	52	74	-1	87	72	70	98	17	47	58	46	48	16	91	77	21	94	25	46	8	47	50	64	8	29	88	49	90	70	35	74	59	52	35	23	7	33	93	32	32	76	47	67	12	94	48	95	86	95	85	12	74	12	44	64	19	23	95	93	32	38	17	15	90	79	46	
68	1	95	65	39	45	93	37	86	39	37	13	72	31	78	81	62	80	47	76	84	47	57	39	34	69	22	78	3	20	72	73	37	74	25	42	98	-1	75	61	66	16	20	100	36	32	68	90	25	48	60	92	84	56	25	25	2	29	28	34	6	1	94	25	21	46	45	32	20	95	67	4	20	87	84	19	75	3	37	75	13	13	11	28	46	14	77	49	42	50	42	98	21	38	43	97	72	59	100	6	
87	44	24	7	37	51	2	7	49	16	33	6	90	83	47	18	69	29	14	77	73	60	87	83	43	82	59	5	63	99	71	82	67	70	71	49	99	14	-1	87	87	9	77	76	14	78	4	16	34	24	40	76	87	85	41	42	36	56	37	24	99	79	71	63	4	85	28	91	6	8	98	22	95	73	88	75	95	23	45	45	29	17	24	92	85	88	59	32	13	45	74	44	50	18	3	88	29	91	84	93	
14	79	48	100	80	60	90	66	38	79	90	31	30	19	61	82	38	37	35	52	87	92	71	79	98	62	75	97	60	74	100	41	38	76	96	89	65	82	94	-1	4	26	88	15	14	45	66	67	21	43	72	77	71	37	46	74	86	40	10	18	51	41	87	77	90	38	15	58	28	54	23	18	42	71	68	43	5	94	26	93	10	87	81	45	68	56	88	64	40	34	37	22	81	33	80	87	52	32	56	70	
65	63	63	8	15	82	61	23	28	6	67	64	41	22	68	18	96	46	65	29	42	39	77	21	96	3	71	2	65	38	79	23	90	17	14	54	56	26	86	52	-1	8	56	89	5	61	29	53	98	11	25	20	56	20	32	37	44	11	99	43	2	54	67	44	26	96	55	88	46	84	67	75	84	49	65	24	10	42	14	4	35	80	52	67	71	21	27	13	3	47	46	43	30	38	55	95	43	90	26	61	
76	12	62	16	55	90	96	5	43	50	15	5	38	75	100	81	36	86	95	45	30	68	83	53	39	59	3	56	90	78	56	46	10	40	29	73	59	52	93	58	42	-1	2	96	88	30	14	84	37	48	78	37	93	8	77	22	84	81	49	6	35	35	80	19	13	79	95	87	30	6	55	76	80	77	12	80	38	93	46	32	45	43	18	80	61	10	50	60	84	12	97	21	57	33	21	31	39	86	26	41	
51	29	29	78	68	90	12	23	17	57	38	85	44	25	86	48	73	60	73	31	93	60	51	30	56	62	65	54	97	4	40	29	16	12	49	10	80	23	98	37	70	76	-1	56	57	6	33	49	57	33	70	3	22	91	84	14	47	57	48	87	62	25	9	2	50	21	59	93	92	10	25	49	3	30	20	44	15	3	80	67	24	29	4	7	58	86	53	15	80	97	8	32	39	61	13	67	64	10	94	78	
61	48	11	5	88	40	13	19	96	71	46	58	52	30	78	91	45	50	67	5	95	59	42	87	47	8	31	80	92	12	60	67	24	52	39	67	60	91	69	73	86	83	15	-1	95	45	86	31	3	2	59	98	61	58	46	37	81	28	33	48	76	85	1	23	25	41	77	63	87	80	61	51	69	48	69	7	45	100	67	84	28	21	17	90	50	93	8	70	17	2	42	21	52	87	3	65	27	76	47	76	
12	70	41	10	47	58	66	10	61	44	19	17	98	47	97	18	29	86	76	34	68	63	30	40	56	3	24	22	90	46	13	42	43	81	70	83	21	1	7	19	58	93	76	90	-1	12	27	33	32	46	19	34	75	22	89	65	97	31	68	22	52	69	39	97	93	7	90	74	62	77	76	22	95	70	32	84	54	47	93	63	14	40	67	77	61	98	67	79	94	74	10	68	30	93	57	50	64	21	39	88	
54	75	91	77	38	93	36	41	47	54	86	21	21	71	3	19	46	29	94	68	29	8	54	49	51	66	82	24	97	28	95	100	93	84	67	66	52	12	9	58	55	58	25	41	9	-1	29	90	87	36	54	80	60	7	82	83	35	100	67	37	67	66	57	55	14	93	79	71	55	41	67	84	63	55	54	74	21	37	55	88	62	25	18	80	19	69	64	45	45	77	13	26	96	48	100	42	46	91	78	43	
34	12	93	88	63	75	83	10	95	39	52	21	98	91	40	91	37	56	17	48	47	38	31	98	57	95	68	44	33	11	34	8	33	78	79	77	88	99	25	52	58	77	78	38	40	35	-1	49	27	75	83	57	61	57	58	86	12	31	54	66	5	57	61	13	97	43	23	4	99	77	26	63	64	74	24	81	50	12	40	44	75	23	100	61	83	7	67	85	5	31	51	53	38	15	69	55	90	88	95	41	
35	86	45	61	59	71	52	34	29	55	16	2	3	6	93	65	71	13	11	9	91	67	40	82	10	23	18	67	7	60	82	18	24	56	32	21	56	9	4	69	12	55	17	3	88	49	84	-1	88	80	3	91	13	100	16	50	28	21	78	45	6	85	79	43	86	67	73	47	80	23	16	26	5	94	85	92	38	21	70	66	15	90	57	63	95	4	23	13	92	64	90	2	64	67	1	72	89	26	74	70	
93	68	84	32	87	63	98	37	36	70	59	66	81	81	72	66	20	49	27	28	30	26	89	1	72	46	14	99	28	59	79	37	78	16	69	75	18	40	28	72	68	48	3	54	83	22	22	62	-1	34	69	67	33	21	23	18	66	74	89	2	89	27	86	25	67	35	34	95	11	23	72	97	32	79	78	17	60	9	48	100	29	53	99	53	66	5	68	68	80	52	76	85	82	33	85	58	1	1	34	18	
64	53	99	68	11	21	96	91	25	66	51	15	4	4	60	56	72	44	64	49	45	59	31	48	49	19	66	80	31	20	73	27	29	49	26	25	19	53	50	72	57	90	56	25	71	16	79	44	99	-1	55	47	16	47	25	27	37	67	49	1	5	5	79	18	40	71	7	16	31	85	75	33	76	100	7	78	36	70	97	96	21	59	85	9	77	59	90	7	70	49	74	84	67	54	71	50	42	59	18	61	
36	61	28	12	19	2	62	65	35	60	26	100	91	7	32	11	52	76	62	67	93	77	6	77	41	100	27	59	22	26	59	49	35	82	60	40	45	46	98	22	93	22	23	17	18	1	20	36	13	44	-1	60	44	20	3	46	36	58	81	24	15	59	51	1	65	72	42	90	72	2	21	77	52	32	89	17	94	38	95	66	29	44	97	76	85	29	17	86	39	28	22	9	65	72	41	5	48	75	79	51	
80	2	15	51	51	19	11	8	12	15	54	42	33	49	88	75	18	66	77	9	100	46	35	3	70	7	11	54	75	89	26	10	48	21	24	1	43	38	92	7	5	81	42	11	16	44	89	65	48	6	45	-1	88	22	20	20	38	65	47	78	57	41	68	31	12	37	4	44	27	49	57	62	63	16	32	94	25	74	29	92	93	57	25	51	86	42	6	28	81	66	4	62	13	10	89	29	41	86	89	74	
56	16	24	95	31	65	65	16	30	36	20	44	48	8	98	32	92	18	80	96	76	66	21	51	11	70	76	46	88	43	85	84	36	53	3	24	44	85	6	82	27	53	14	11	89	6	31	23	17	77	62	84	-1	45	36	44	5	99	42	66	52	85	5	1	12	9	63	42	33	74	19	17	1	43	41	57	43	21	69	31	34	99	32	24	68	41	92	84	87	48	1	81	80	5	11	71	35	72	46	70	
94	32	23	56	89	92	9	47	13	20	92	34	75	27	33	55	80	67	62	13	63	51	23	91	42	64	13	37	32	80	26	97	63	71	30	49	29	14	96	58	13	69	16	81	59	19	19	89	4	93	19	76	67	-1	95	9	46	42	46	8	66	85	79	28	84	51	50	19	51	75	42	66	20	19	60	59	38	70	19	26	43	43	35	14	43	72	89	90	84	100	13	35	61	12	5	67	76	24	38	78	
53	17	64	16	40	98	90	52	6	96	22	51	54	86	14	8	55	17	100	58	88	55	68	14	56	34	51	87	27	28	74	44	77	48	55	1	77	31	99	36	89	24	17	53	68	13	90	7	80	52	85	98	22	4	-1	53	42	86	11	69	61	15	35	43	59	42	32	56	69	5	26	66	97	84	84	19	52	87	84	34	65	27	87	92	92	1	59	84	62	15	3	98	24	94	35	32	18	36	1	22	
69	47	3	12	98	57	2	29	29	22	50	87	10	26	75	92	83	91	56	86	26	75	42	7	36	70	71	38	54	11	91	74	3	7	42	96	51	6	79	43	59	36	49	100	16	15	4	50	8	35	47	91	66	30	27	-1	15	22	30	38	33	81	83	41	52	78	5	38	23	9	25	83	44	82	11	99	30	5	60	62	49	65	65	71	34	59	8	95	39	33	9	53	92	90	36	92	87	19	77	9	
65	3	80	53	9	63	38	13	76	73	27	12	2	49	21	57	64	92	5	22	46	17	29	16	36	86	86	92	35	20	43	89	73	9	61	67	69	28	61	51	75	26	15	84	76	49	100	81	32	98	81	84	33	46	89	51	-1	56	15	13	21	9	32	3	3	36	19	66	99	81	68	72	29	43	90	87	44	96	79	40	47	67	87	97	93	84	93	73	65	85	71	98	30	81	3	74	59	53	30	50	
66	92	64	79	14	95	92	73	61	77	53	66	3	69	49	43	100	42	53	45	56	62	58	19	9	10	42	86	20	93	54	41	20	7	30	6	63	95	45	68	43	60	43	86	24	45	52	77	90	40	87	21	34	4	58	22	48	-1	49	84	88	68	3	13	59	81	21	37	25	16	45	36	100	97	9	15	57	68	12	38	21	88	69	46	65	4	30	33	49	40	5	98	45	37	68	77	28	72	19	21	
56	1	50	97	61	5	43	67	45	13	25	65	65	83	42	14	22	86	5	19	78	85	79	6	99	84	47	21	4	90	45	11	71	66	29	72	43	13	7	23	8	24	48	69	95	74	98	67	86	19	29	34	47	15	95	98	80	49	-1	9	5	39	64	66	98	23	11	4	86	38	42	4	33	12	52	87	28	33	92	66	78	34	65	13	8	34	1	32	58	98	27	94	30	53	60	39	35	78	23	3	
38	3	80	59	79	43	3	84	100	29	36	97	78	27	38	42	45	42	16	63	60	11	68	17	43	31	82	11	32	53	75	35	41	92	19	24	69	68	35	23	20	37	15	73	63	39	71	39	95	10	36	15	46	62	70	35	69	23	4	-1	23	3	85	95	8	17	26	18	37	37	2	89	1	37	4	1	23	54	28	84	69	24	76	9	9	83	7	22	75	10	46	68	2	48	85	63	41	68	94	79	
65	17	11	33	82	42	82	74	73	70	64	17	8	3	43	51	20	32	85	96	42	48	17	87	5	65	16	10	63	42	46	100	62	68	74	15	73	71	83	46	7	23	73	61	31	53	79	46	49	16	18	88	79	75	46	77	40	48	96	58	-1	5	93	68	86	41	43	55	39	22	73	55	36	28	86	90	98	94	69	52	85	55	55	9	9	39	61	83	58	42	84	16	77	8	95	10	77	5	25	98	
60	19	74	10	97	69	26	35	58	26	95	62	25	51	25	46	29	82	88	70	50	4	22	55	28	87	60	22	84	47	90	31	91	57	12	60	53	50	75	43	62	95	15	74	30	13	71	30	30	3	52	89	80	73	41	39	55	99	46	50	88	-1	86	10	30	92	75	71	18	32	46	57	100	13	8	62	18	64	100	28	11	21	46	55	47	41	57	77	79	90	4	91	12	38	63	54	88	15	83	10	
22	30	61	25	5	73	50	11	59	63	69	25	90	93	57	83	20	2	22	67	63	52	73	10	51	88	10	13	43	60	29	1	17	78	88	94	6	16	76	18	25	62	27	88	47	28	89	27	15	92	18	1	99	78	50	64	79	58	18	79	20	50	-1	74	28	44	81	11	5	35	43	19	80	13	38	47	71	15	20	41	64	42	86	93	74	44	28	21	24	8	46	31	69	92	95	50	88	41	11	33	
29	73	70	51	8	13	3	84	90	72	59	79	41	4	91	16	67	68	46	75	70	14	43	90	62	45	89	28	84	14	12	23	98	14	37	47	58	87	69	23	87	16	47	79	22	73	50	79	62	24	28	47	34	5	84	55	99	17	13	25	4	33	60	-1	32	4	71	100	64	31	57	20	4	32	89	76	26	15	22	44	33	30	48	26	75	53	89	2	77	14	58	3	24	9	36	39	9	4	5	34	
93	2	17	43	90	61	53	92	80	37	49	89	19	43	93	75	7	10	6	5	1	73	6	46	90	74	58	100	22	81	22	41	34	63	54	96	69	32	14	26	68	51	59	41	100	30	25	68	96	2	29	32	59	31	76	83	22	51	66	32	98	11	83	99	-1	97	15	24	37	54	35	2	93	98	34	84	19	1	82	62	13	6	35	28	97	74	77	67	43	65	36	94	27	54	35	61	49	64	37	47	
31	81	53	52	66	52	36	93	21	33	87	98	74	36	95	40	46	62	58	93	72	35	74	9	77	65	52	47	78	55	85	42	41	9	67	24	69	79	23	48	73	33	94	19	34	99	10	2	64	28	82	21	2	87	16	7	81	95	26	44	96	35	63	63	41	-1	23	48	54	45	10	39	83	40	29	10	84	95	42	22	80	39	36	22	27	91	22	95	20	41	70	46	74	33	76	84	26	33	63	32	
62	24	11	2	24	62	4	7	40	47	58	85	76	27	69	8	7	41	11	86	8	59	68	31	8	38	53	39	81	26	28	48	52	88	90	78	37	6	2	85	81	99	78	95	21	24	40	70	73	82	31	45	35	44	93	61	62	47	18	33	77	68	74	86	76	42	-1	100	78	13	18	89	37	50	47	39	94	82	57	16	60	49	92	37	36	62	4	6	76	72	80	65	12	62	71	15	68	2	42	29	
91	47	40	18	19	7	71	57	36	21	63	90	97	80	36	22	72	47	87	27	81	85	80	60	3	16	23	52	6	10	96	40	16	65	89	8	81	24	74	15	20	37	42	42	57	20	1	21	40	47	8	63	71	40	77	75	43	84	75	47	43	69	68	38	97	58	49	-1	93	1	93	77	9	23	22	2	47	80	10	93	7	40	23	56	14	75	78	49	59	82	12	88	20	15	25	5	2	23	14	7	
69	86	86	88	41	32	4	51	33	3	7	2	32	53	61	83	38	44	100	33	99	47	42	54	11	86	8	76	85	97	93	89	89	36	91	35	16	47	11	36	89	17	13	9	83	34	19	85	16	94	82	49	92	74	16	5	55	53	28	69	47	95	79	21	29	16	45	66	-1	21	12	67	6	27	50	18	78	57	51	83	90	87	69	88	4	6	84	12	9	40	67	51	28	87	77	28	100	56	81	66	
81	42	16	96	46	14	19	20	93	25	17	75	29	45	74	95	60	52	35	100	1	47	12	15	45	13	76	92	26	27	52	91	99	11	94	22	77	79	3	73	25	32	55	78	72	10	8	93	63	47	70	22	23	16	33	18	35	74	7	24	71	57	75	69	29	65	91	1	26	-1	70	46	44	68	29	69	43	21	59	31	60	46	82	70	49	49	74	100	63	68	26	26	6	39	87	24	98	31	84	29	
22	20	94	17	80	96	77	40	56	21	28	68	18	97	90	65	85	28	6	16	9	94	96	6	55	41	76	39	64	17	51	78	35	22	15	79	15	42	8	59	64	48	72	2	41	88	43	98	66	7	91	74	30	90	25	58	20	22	13	14	94	54	27	18	94	69	90	92	96	54	-1	29	62	15	81	8	45	83	10	20	86	28	8	62	100	13	47	21	10	47	66	9	11	35	28	79	71	85	97	31	
44	51	71	89	97	25	42	7	38	50	81	9	92	71	17	10	77	94	15	35	31	18	93	66	85	17	77	80	43	90	14	41	52	24	15	75	93	70	49	2	47	93	27	3	92	95	63	16	86	61	24	27	72	43	55	5	17	83	62	13	46	59	63	81	23	79	64	84	53	30	59	-1	44	39	16	5	74	6	32	38	20	66	82	95	30	57	68	79	80	18	93	27	99	6	74	26	34	98	56	11	
19	26	50	32	14	3	35	50	93	99	46	10	85	53	74	68	84	59	68	94	63	92	23	72	34	93	82	17	77	75	47	76	89	6	36	31	44	25	50	92	13	46	70	79	32	79	71	35	68	29	87	64	50	75	97	80	21	90	63	57	74	84	29	59	46	99	65	58	29	20	45	37	-1	89	67	62	48	4	37	86	8	39	27	33	57	95	28	55	56	4	22	93	70	48	13	56	15	81	89	46	
47	50	97	16	86	54	31	19	94	70	78	20	86	24	26	9	45	13	74	53	60	37	96	52	47	47	81	33	89	58	2	49	71	82	58	43	91	44	45	34	62	21	86	83	22	92	8	25	35	70	30	95	68	73	92	16	18	41	100	17	73	54	48	16	6	22	6	90	88	6	33	33	97	-1	74	2	4	52	86	39	53	5	26	43	69	12	83	7	93	81	91	42	42	51	13	11	81	64	25	30	
1	69	25	28	42	50	37	33	32	4	91	59	27	33	99	53	44	76	37	79	91	73	84	12	62	23	22	17	50	28	72	20	5	9	28	41	84	75	73	43	22	54	31	51	84	72	62	28	70	95	83	58	50	66	61	4	44	45	10	12	90	16	63	59	40	74	15	28	14	30	70	61	85	33	-1	37	79	60	73	82	69	48	94	42	40	42	100	25	13	71	88	13	11	36	14	93	91	36	46	96	
26	54	73	74	74	79	26	14	51	87	94	44	31	31	17	42	32	72	86	30	56	77	17	38	47	22	51	78	89	63	62	85	78	59	1	18	2	11	37	77	88	34	29	99	34	46	92	18	86	42	74	24	47	77	76	37	95	47	51	27	88	47	77	70	8	49	14	33	53	5	90	79	53	63	40	-1	13	95	8	70	14	62	89	14	48	65	67	69	99	7	75	13	8	48	91	5	84	20	40	47	
1	72	29	61	79	22	8	57	82	21	83	21	48	73	50	27	30	11	59	12	24	16	70	7	72	94	50	36	95	59	52	73	62	90	7	82	46	16	63	52	91	84	46	67	42	34	88	4	89	52	17	48	47	96	28	99	4	76	26	91	14	52	1	1	49	72	7	100	24	34	58	63	80	84	60	49	-1	60	45	70	71	70	16	49	34	17	5	77	66	4	45	74	2	93	36	35	9	18	41	81	
52	60	52	88	64	84	82	67	63	75	46	62	26	40	55	83	86	53	7	78	84	3	70	58	93	26	90	71	45	48	17	29	30	79	59	76	37	24	97	26	93	35	26	27	35	24	22	27	68	80	81	57	64	49	25	30	3	10	6	51	63	75	12	35	74	76	22	52	60	83	50	13	70	91	85	28	68	-1	6	28	6	100	2	79	71	60	55	5	22	98	88	24	24	81	97	39	32	47	91	85	
39	18	62	84	16	19	3	61	95	97	89	78	58	21	58	5	13	22	85	71	82	56	6	93	35	61	95	65	98	99	2	36	61	98	93	71	76	80	8	80	87	100	73	6	40	89	96	68	5	39	30	73	6	78	84	40	58	93	80	54	98	96	95	44	38	62	27	79	11	13	46	73	64	87	44	42	89	82	-1	10	27	69	39	39	97	6	88	87	1	39	41	50	3	45	95	62	56	62	32	72	
73	62	2	1	53	18	44	47	10	59	1	25	82	91	82	15	19	47	57	51	97	84	43	29	31	65	72	72	93	49	41	97	76	45	11	28	6	42	85	85	28	52	93	16	46	93	35	55	10	35	47	51	19	67	34	66	54	4	18	65	26	23	57	58	72	97	95	23	34	22	3	16	78	19	100	24	10	94	32	-1	79	2	31	4	4	75	95	53	65	17	85	19	88	99	33	48	38	10	68	95	
59	17	83	85	56	99	59	44	72	42	77	79	62	23	12	29	69	49	72	77	53	91	83	37	66	72	29	53	10	65	24	3	48	10	13	97	82	28	58	38	14	58	60	49	5	98	64	42	79	38	69	86	51	44	24	97	26	14	28	18	2	73	11	67	73	49	97	1	89	32	11	10	54	15	90	21	67	74	65	83	-1	38	82	56	96	34	5	79	39	41	72	47	21	33	99	31	50	62	78	89	
66	35	67	66	12	98	84	51	77	96	99	34	43	61	99	68	26	71	96	36	55	18	74	64	11	47	70	27	10	49	26	7	28	97	22	87	80	59	14	55	99	34	13	74	4	32	87	5	66	86	72	99	24	46	89	93	40	81	38	94	81	8	92	33	63	45	11	50	5	27	96	82	77	7	17	7	96	48	21	35	74	-1	94	74	88	84	81	32	80	31	27	88	46	92	51	92	85	79	7	81	
83	28	30	34	44	65	71	43	68	72	45	53	91	79	99	80	71	49	90	31	3	42	32	63	6	87	71	50	78	91	67	1	30	81	40	80	50	24	71	13	41	71	62	16	67	12	66	57	32	96	45	59	5	35	37	35	18	66	27	71	23	48	99	5	83	80	32	27	10	85	75	81	26	51	52	85	96	43	83	5	72	48	-1	95	94	62	7	5	4	74	12	25	71	2	38	38	88	15	25	90	
46	65	14	74	94	71	58	70	81	7	75	93	81	37	19	28	71	14	62	93	99	78	30	6	40	94	17	70	6	16	8	39	89	92	13	20	29	76	89	13	70	26	83	97	72	60	7	72	23	1	68	77	43	54	13	56	20	75	77	12	76	91	68	47	17	61	23	19	20	53	28	89	62	14	12	54	95	22	66	29	4	63	68	-1	92	53	74	70	35	90	89	13	67	45	97	2	49	37	78	84	
68	37	31	47	73	13	32	74	13	88	81	98	42	77	72	71	66	75	91	68	7	15	44	58	27	53	100	58	30	65	81	44	58	4	88	70	85	89	3	88	18	29	19	63	97	15	64	94	16	52	39	22	78	97	80	48	50	1	90	4	73	34	40	50	31	76	85	40	55	68	18	8	28	45	94	39	14	100	43	82	50	17	39	35	-1	31	91	6	87	6	88	98	27	43	15	58	55	59	69	99	
23	80	41	99	56	100	1	84	57	63	34	9	94	31	68	24	32	84	54	60	19	99	70	75	36	39	96	66	80	67	27	20	33	71	41	69	25	13	84	44	100	45	89	31	49	48	64	76	57	34	96	11	20	18	68	55	60	6	74	2	51	75	59	22	7	74	15	48	79	36	78	82	73	11	84	39	42	17	57	61	6	48	68	100	5	-1	79	97	85	9	60	56	29	92	22	96	27	36	45	87	
56	86	28	28	22	68	10	19	2	2	5	64	26	95	70	66	25	59	85	65	29	51	56	62	79	5	9	34	77	62	49	58	77	77	74	9	99	93	73	66	49	61	72	91	66	59	50	31	24	2	32	8	99	76	94	92	48	88	23	97	23	15	90	74	63	30	81	53	71	11	66	50	42	23	71	81	95	23	46	18	95	58	10	63	91	54	-1	80	23	100	15	45	38	68	76	43	30	98	15	82	
24	6	7	97	33	11	92	78	95	40	27	22	87	40	54	24	53	49	47	23	74	63	56	46	69	66	49	60	27	62	49	65	15	54	18	19	62	19	75	24	95	77	67	83	51	21	56	81	67	65	33	46	78	30	55	87	96	84	54	71	47	3	44	77	77	52	97	52	22	21	21	66	4	98	59	76	60	4	26	35	23	15	45	75	13	95	26	-1	20	93	38	34	37	49	37	19	55	91	80	23	
95	15	47	42	19	39	11	70	55	49	84	5	2	32	23	34	10	1	15	20	20	87	60	19	69	37	41	96	58	31	38	91	85	84	20	90	52	43	40	57	77	59	57	29	91	99	30	10	60	10	15	88	88	39	66	87	45	60	25	97	75	35	75	48	33	86	96	53	28	24	57	93	48	80	83	9	30	26	22	27	73	82	17	87	79	67	84	7	-1	21	13	35	87	77	3	85	63	28	88	99	
54	32	50	50	71	40	43	90	59	74	76	73	66	40	43	79	9	10	57	63	35	26	100	45	94	33	25	82	60	94	70	17	23	76	82	55	42	69	61	34	25	68	37	1	91	90	29	51	49	84	17	61	42	96	6	65	85	67	91	92	79	98	20	2	54	23	47	93	5	25	89	75	28	79	98	8	54	94	82	23	41	98	17	23	58	74	58	2	98	-1	90	85	29	48	48	11	42	16	2	61	
30	79	7	59	1	88	68	2	80	26	97	96	14	51	4	60	42	61	45	28	59	39	42	81	48	14	93	18	22	13	56	73	51	73	17	19	37	33	18	61	51	65	50	6	72	52	45	71	60	20	32	69	78	53	20	53	92	47	21	70	92	48	94	58	57	79	100	58	1	54	70	7	68	81	46	25	16	20	89	8	67	55	68	75	62	84	40	68	51	33	-1	63	65	33	34	11	52	95	45	43	
11	14	84	56	9	31	39	53	80	28	63	61	85	69	70	92	89	47	16	81	23	32	77	88	89	30	16	28	20	60	3	70	58	97	92	63	91	20	55	10	7	23	65	77	85	88	92	17	60	1	68	8	73	55	42	8	66	61	76	21	21	2	4	51	56	100	80	3	7	31	100	98	86	81	41	8	45	63	3	31	54	92	30	49	2	24	42	5	66	76	34	-1	93	11	16	89	24	76	73	56	
82	39	8	64	40	46	14	12	19	3	78	65	61	46	20	92	83	58	27	7	42	71	18	12	1	71	9	18	37	30	99	98	57	98	79	21	97	22	35	70	30	86	68	31	76	57	49	51	82	14	64	26	81	77	30	1	60	12	79	35	47	47	93	84	15	88	88	4	72	67	86	75	52	55	19	8	83	13	79	39	44	41	19	3	31	18	58	96	47	38	65	72	-1	17	26	69	99	30	10	59	
61	10	72	12	55	53	93	66	86	67	96	7	23	22	68	93	34	39	48	9	30	89	85	59	80	49	19	6	31	34	59	100	28	62	77	85	45	26	16	21	11	51	26	59	9	94	22	100	95	26	58	27	3	75	14	69	32	20	18	84	100	84	24	100	60	86	98	82	47	55	32	84	48	100	65	33	3	28	55	5	85	19	25	48	86	16	80	16	53	48	28	79	34	-1	28	55	65	98	11	64	
41	67	79	14	68	81	18	59	87	18	16	15	89	57	91	96	48	89	49	4	38	84	93	32	67	60	33	66	85	74	47	82	36	14	63	25	35	14	16	32	47	66	41	47	78	83	81	35	31	86	34	60	88	60	87	91	24	12	32	97	58	100	74	4	1	99	63	26	30	39	82	14	39	67	43	54	86	87	42	14	33	58	86	94	70	96	68	44	58	92	40	82	42	44	-1	11	91	10	40	21	
3	13	31	10	51	85	4	87	36	71	13	98	54	58	57	14	74	69	95	51	7	41	5	34	87	67	30	87	85	62	87	12	42	29	56	97	35	44	38	93	21	11	60	12	18	6	3	49	94	51	50	90	44	81	58	81	36	87	29	70	5	93	97	58	87	100	28	22	96	67	25	40	98	29	45	93	46	46	84	80	16	66	69	14	28	15	65	6	47	65	70	3	48	34	58	-1	12	76	68	20	
31	84	12	65	65	51	65	40	84	59	44	27	86	92	44	16	90	10	77	72	57	70	17	1	2	24	55	34	49	43	56	19	80	86	30	22	27	90	42	33	74	20	97	29	72	68	35	7	30	54	73	64	37	80	7	54	24	84	51	89	34	52	35	3	66	75	5	32	43	57	66	4	90	6	38	54	30	90	2	77	16	33	69	29	10	82	47	85	69	61	54	22	22	57	59	34	-1	93	62	57	
34	88	19	56	81	33	3	61	74	79	30	20	83	6	2	67	23	62	7	33	97	40	98	24	38	94	80	99	61	72	71	2	37	27	41	16	47	79	45	64	24	27	82	55	33	64	89	97	74	71	15	41	19	50	83	26	45	53	64	7	20	87	74	21	53	16	77	98	39	43	7	6	50	8	44	46	91	63	39	93	45	37	30	31	31	18	80	18	19	96	54	82	99	100	52	96	98	-1	2	18	
3	13	49	46	15	94	43	71	21	5	14	3	86	37	53	33	79	97	5	70	93	72	39	49	42	73	40	96	40	23	54	73	45	13	95	61	14	5	15	12	20	74	7	81	36	18	66	3	9	5	47	72	43	55	25	49	55	72	18	46	97	82	99	20	57	98	18	28	65	35	94	13	99	23	99	49	75	64	17	12	94	58	15	54	61	90	54	46	31	42	44	83	16	33	58	62	88	54	-1	97	
72	23	4	40	13	98	93	92	64	26	47	70	97	88	18	61	29	33	27	52	93	3	52	42	34	3	5	70	63	100	79	18	59	76	3	74	13	5	41	30	89	19	82	12	17	65	27	7	52	49	31	29	73	15	22	41	39	36	94	4	52	39	98	73	4	12	94	40	11	25	86	93	37	46	18	20	64	75	18	82	91	31	93	25	63	63	27	77	79	89	100	48	48	99	51	63	60	87	39	-1	
