100
-1	69	62	8	27	71	63	97	39	65	91	56	74	25	27	65	15	37	33	92	93	25	85	36	94	85	35	90	33	64	33	54	7	54	86	23	51	63	35	61	69	4	77	58	37	13	83	2	31	84	49	92	2	70	61	84	17	83	58	6	26	55	66	27	65	42	64	55	63	71	97	94	32	88	30	83	29	65	27	62	78	75	43	73	87	71	92	69	78	8	20	53	96	92	87	27	23	6	3	34	
59	-1	8	74	85	87	26	87	78	59	7	76	92	100	46	65	25	100	25	9	31	22	9	57	90	64	41	97	71	55	41	75	78	19	25	33	20	36	14	79	43	27	71	52	10	73	52	69	54	49	39	16	37	68	65	29	21	38	68	43	37	74	68	9	18	7	82	54	84	45	7	66	90	49	66	62	31	45	46	35	82	25	26	1	25	67	10	61	2	78	53	53	42	96	31	68	97	10	81	30	
98	83	-1	86	100	82	29	40	83	67	99	63	1	47	42	74	61	95	42	100	4	37	63	81	96	31	41	97	68	13	1	27	28	8	94	18	66	65	90	80	13	98	92	36	69	36	66	74	3	45	50	84	39	10	95	75	23	19	97	58	30	9	72	3	96	100	85	100	39	67	73	15	19	37	44	52	70	49	82	99	48	76	55	2	5	93	92	5	90	45	23	100	28	45	3	63	27	89	6	47	
92	62	79	-1	17	85	26	19	20	61	38	61	88	58	52	89	17	38	34	27	40	74	91	13	24	69	97	90	3	24	87	71	36	24	43	85	92	40	74	77	12	29	3	29	58	48	1	52	81	2	1	59	30	54	64	33	65	18	57	20	28	35	73	1	98	63	50	98	63	55	57	85	51	86	60	32	100	99	56	83	8	58	75	34	63	26	4	83	9	73	29	30	14	88	61	20	90	33	76	5	
84	47	84	48	-1	54	44	73	100	11	49	7	55	63	57	54	18	66	62	19	69	100	21	37	13	12	20	94	51	92	51	23	81	88	10	25	3	96	72	22	51	31	5	52	48	73	15	51	97	76	15	49	98	75	15	53	10	15	82	48	60	75	96	12	23	50	18	54	59	6	69	3	89	3	23	45	74	88	9	95	73	69	44	30	13	62	65	29	56	54	67	67	77	68	40	16	43	46	91	73	
31	7	96	60	40	-1	79	36	84	85	48	42	64	7	28	26	34	95	8	81	70	66	70	82	23	39	54	56	18	13	2	55	56	98	44	71	90	78	89	90	87	100	82	14	52	10	45	12	29	96	21	67	58	43	43	75	57	82	78	71	53	16	76	20	2	79	21	48	31	37	98	8	80	77	14	22	66	12	86	30	19	100	3	81	62	80	60	10	75	18	39	77	39	98	36	5	79	31	29	3	
45	31	49	23	50	42	-1	55	17	34	31	88	24	69	98	72	53	31	17	81	28	46	54	62	27	7	17	27	7	86	10	88	74	70	65	87	49	85	24	74	19	59	4	65	79	13	84	8	3	96	54	80	12	43	75	27	3	41	86	97	33	93	44	40	31	64	26	7	9	37	90	30	41	67	23	37	26	48	52	16	9	72	71	62	26	100	97	73	80	100	8	37	71	27	64	14	2	66	60	67	
40	26	42	8	85	61	64	-1	32	41	75	3	23	17	21	39	46	11	19	8	29	63	2	69	79	53	20	40	1	41	27	61	39	53	36	86	16	58	29	22	49	45	21	5	47	62	90	79	21	54	66	32	82	18	6	8	61	56	68	6	14	70	53	78	37	76	15	99	53	53	7	50	100	69	81	29	61	13	70	35	86	83	43	97	9	36	56	52	28	99	100	3	92	68	27	15	74	9	47	57	
39	28	79	17	66	57	17	21	-1	35	29	75	3	15	11	13	30	77	42	13	14	35	83	42	75	61	76	53	60	81	37	80	44	55	70	81	76	71	66	56	55	89	98	28	63	16	89	71	100	79	50	83	94	40	51	19	70	5	97	79	20	19	83	27	76	73	59	30	74	78	27	89	48	38	5	37	82	14	81	51	11	30	74	59	75	11	59	59	67	70	27	37	25	67	19	98	76	52	4	88	
70	60	84	42	84	19	60	26	85	-1	33	100	12	67	35	18	81	67	57	7	51	23	53	94	43	89	3	94	6	1	45	8	4	47	60	61	38	51	96	38	100	13	76	32	82	80	94	84	70	92	94	8	17	26	12	51	25	13	15	35	64	79	59	4	43	42	31	27	33	40	52	72	81	23	84	12	21	25	58	34	96	63	9	17	15	68	95	13	31	85	32	82	10	42	95	82	15	7	69	57	
15	44	31	92	38	34	72	81	21	56	-1	40	92	49	12	3	70	64	45	6	57	90	44	58	16	54	22	9	68	50	54	37	12	4	95	67	21	91	45	97	65	38	55	75	76	27	23	75	12	83	57	76	21	8	88	68	68	71	22	16	41	23	75	11	58	21	25	17	47	9	75	91	95	32	10	56	68	52	67	74	33	26	35	21	71	14	59	47	74	32	52	53	14	25	17	40	10	48	6	64	
15	74	33	89	51	56	83	35	76	55	2	-1	83	40	44	88	54	3	17	94	86	55	43	18	83	58	2	18	80	25	70	78	77	68	88	43	3	58	32	33	15	66	20	6	95	74	21	88	75	71	71	45	50	6	7	69	91	73	73	28	58	5	72	80	55	74	97	21	55	15	13	91	96	8	10	76	10	65	36	83	75	61	86	52	46	99	96	52	20	56	14	56	47	1	100	29	84	2	67	99	
34	2	52	58	35	57	7	96	35	48	7	16	-1	71	17	49	6	19	22	42	57	39	30	45	61	90	69	4	5	8	7	9	96	43	12	99	6	8	70	74	69	19	72	81	9	34	13	63	57	25	72	81	2	71	79	2	25	4	14	94	96	28	45	86	17	19	80	8	75	54	94	55	85	49	28	3	80	61	83	50	67	23	88	13	49	65	15	73	14	85	19	84	22	36	100	76	22	49	86	58	
8	66	73	10	86	22	56	83	86	39	26	77	57	-1	82	27	2	91	93	15	26	13	60	76	52	42	15	81	38	91	51	91	96	87	95	79	52	37	5	4	34	55	13	99	28	30	77	84	49	95	86	14	45	30	74	57	40	85	38	60	80	88	21	30	8	94	50	13	35	54	79	1	64	82	87	53	71	80	25	3	80	96	29	9	62	57	38	79	91	15	68	71	62	96	96	19	69	82	95	34	
68	37	91	50	82	69	16	72	54	85	17	4	92	97	-1	1	90	61	6	41	38	81	68	94	76	56	56	56	19	27	75	21	34	75	77	2	3	62	50	85	28	41	43	50	88	82	40	3	47	39	8	78	4	14	48	28	30	18	93	48	32	90	64	8	30	29	15	76	89	77	98	1	62	48	4	28	30	40	35	94	28	42	16	18	95	98	62	37	85	20	48	1	77	2	47	25	33	48	47	20	
79	32	57	97	37	36	40	98	18	96	30	23	75	100	70	-1	72	42	69	20	49	22	15	56	78	79	7	54	4	51	6	89	15	93	66	71	24	14	15	41	44	89	36	43	66	26	55	26	21	18	99	4	81	80	37	32	52	80	77	54	28	21	85	73	12	28	46	55	31	79	46	85	28	18	22	61	50	81	69	96	93	5	24	31	73	28	7	79	7	95	52	55	6	70	55	55	8	55	10	31	
85	86	74	2	83	61	41	7	99	34	85	11	51	37	80	52	-1	24	96	58	22	26	20	73	29	6	26	99	10	38	62	25	49	15	43	21	42	84	22	49	6	90	7	58	88	100	22	32	93	23	10	72	37	5	96	42	55	51	6	17	31	11	14	59	70	5	88	29	42	80	78	33	90	27	51	66	99	87	10	14	44	82	58	83	88	50	74	96	15	89	61	20	98	11	49	7	54	94	59	20	
25	26	21	79	91	37	11	28	68	65	67	92	39	72	86	2	91	-1	66	50	8	59	25	63	78	47	61	58	71	100	83	15	68	33	52	85	6	44	69	94	84	71	29	37	60	72	85	4	92	13	72	65	40	8	23	52	98	30	26	70	14	42	95	81	92	96	62	84	30	22	31	100	54	4	48	38	20	15	74	83	35	47	57	74	30	53	2	61	12	54	77	63	33	82	75	76	27	63	2	77	
72	2	90	61	42	18	62	4	62	6	15	56	22	33	56	5	76	88	-1	39	49	96	44	27	56	86	61	95	44	95	70	53	100	42	26	98	66	64	50	22	11	84	87	39	50	65	35	71	35	44	43	1	5	10	16	95	17	2	91	82	30	63	5	77	2	57	78	73	2	56	88	16	13	45	4	3	53	88	65	82	83	29	84	81	44	63	66	10	55	73	83	20	33	79	75	74	74	29	44	80	
50	35	8	10	12	5	71	22	49	99	94	10	49	95	81	27	46	77	82	-1	4	61	60	55	54	53	43	78	84	89	7	10	17	85	31	73	41	51	51	5	65	51	54	43	15	10	38	74	46	15	93	35	52	68	85	25	16	14	35	60	54	61	65	2	36	43	25	65	88	55	45	61	96	98	61	53	64	53	18	73	34	88	100	19	70	86	37	18	29	73	55	90	4	84	16	46	77	56	82	86	
37	55	6	65	98	23	40	85	34	10	27	89	12	60	36	44	15	73	41	58	-1	42	9	80	88	99	98	1	7	7	85	80	57	12	31	90	75	83	25	27	86	72	93	25	5	60	19	55	75	83	97	48	41	26	98	4	29	39	17	63	84	82	17	13	22	50	75	86	56	16	24	43	59	3	59	36	6	77	54	91	63	45	4	45	98	10	49	4	39	3	39	73	83	51	68	91	72	59	20	44	
76	57	76	54	87	23	7	84	48	92	44	62	82	46	52	86	99	14	57	9	32	-1	8	35	73	42	18	82	8	57	50	81	49	3	53	26	13	47	3	49	89	54	21	29	3	86	70	8	22	14	81	87	57	9	77	90	34	6	78	32	71	11	15	15	53	44	9	17	85	31	55	42	76	22	3	14	61	88	12	89	1	20	43	93	42	90	43	67	60	55	84	86	36	87	84	92	73	77	89	85	
85	19	65	89	27	14	70	61	70	52	68	86	7	93	30	25	66	79	45	38	55	69	-1	79	38	10	61	58	94	87	80	11	63	76	79	90	35	32	67	79	33	9	94	15	35	87	48	19	30	55	71	64	92	51	3	64	10	15	25	84	13	81	2	54	74	40	26	1	38	73	49	6	47	42	18	1	16	56	3	85	81	44	80	52	55	52	79	30	89	54	26	12	51	29	63	20	42	36	37	67	
68	36	68	90	21	45	15	45	26	59	44	57	13	21	68	4	6	90	55	58	56	47	98	-1	66	26	49	50	66	47	11	68	75	4	35	36	92	98	46	27	80	100	73	28	58	22	85	56	57	62	97	60	88	13	63	91	15	30	47	57	75	2	23	67	43	7	52	64	27	51	89	16	5	55	78	83	62	1	90	15	50	57	37	94	83	3	84	82	31	69	37	78	20	78	15	30	67	80	34	37	
72	10	67	98	33	17	82	72	41	69	35	39	68	98	43	88	96	51	11	27	61	25	26	78	-1	32	76	11	76	20	71	29	7	59	5	18	11	48	61	26	61	53	38	36	38	34	73	73	52	6	19	60	73	26	61	22	25	32	55	19	78	10	41	12	66	43	28	99	10	73	100	52	52	47	52	25	10	13	15	24	56	46	26	96	53	89	82	65	91	31	75	60	61	56	61	97	38	72	26	51	
2	76	100	65	86	29	16	47	73	77	35	89	45	43	20	29	84	51	39	27	47	34	84	72	66	-1	83	79	27	18	52	47	60	84	95	32	6	71	67	61	64	31	69	53	94	3	46	46	57	72	24	60	48	74	65	31	76	60	22	91	43	7	40	63	96	36	43	12	10	87	81	79	57	42	9	38	65	9	95	39	90	42	23	85	64	85	7	55	40	26	82	70	51	73	27	10	77	94	43	40	
48	81	82	27	50	16	26	33	25	21	21	35	90	37	72	3	43	62	69	24	17	67	75	99	60	88	-1	50	53	73	45	53	89	22	7	6	88	20	51	52	62	61	93	12	59	63	91	72	73	90	25	82	71	73	76	56	39	42	60	80	84	67	99	45	11	67	51	82	38	93	29	63	26	99	86	14	2	71	18	59	39	35	100	35	87	58	93	85	32	33	1	39	53	90	14	92	36	15	6	94	
50	43	87	5	3	90	96	60	12	17	59	48	86	79	77	75	24	70	50	100	28	6	90	75	10	60	71	-1	13	74	34	31	81	59	25	48	5	20	54	23	49	69	93	2	92	13	23	21	3	31	91	63	74	59	27	48	61	30	4	37	98	44	20	28	76	61	10	90	89	10	11	2	59	14	3	59	19	28	61	96	83	51	16	67	62	63	66	27	25	18	70	34	76	11	37	59	70	45	20	39	
61	87	77	39	34	14	67	57	96	52	59	38	30	88	56	19	49	62	57	19	54	73	18	69	21	86	81	66	-1	8	62	26	80	67	42	68	44	39	98	89	17	31	84	43	87	21	75	41	27	6	52	98	83	93	87	28	97	45	21	48	87	61	60	12	81	24	80	68	94	30	25	53	72	9	100	75	18	87	39	14	87	99	43	88	17	41	84	24	3	68	84	30	98	58	48	77	98	26	47	25	
5	18	47	27	80	86	57	50	8	53	68	31	47	44	21	91	87	23	45	83	83	17	52	55	81	83	92	75	38	-1	5	5	84	28	75	12	59	81	57	18	92	5	66	14	36	10	94	85	2	62	23	17	59	24	24	80	80	19	11	27	37	31	69	90	91	85	63	61	86	73	63	31	92	97	63	86	17	29	9	80	51	18	80	5	29	32	66	68	63	95	11	42	76	23	97	16	24	34	31	65	
82	38	15	85	40	68	71	27	82	81	24	57	65	26	90	75	14	97	59	97	94	2	70	59	90	51	45	13	61	68	-1	58	88	17	77	98	78	27	78	79	70	83	91	48	52	4	4	43	93	84	68	58	86	27	64	5	61	24	67	74	85	76	19	6	91	97	46	39	93	73	18	95	9	93	42	28	73	92	30	12	15	61	73	60	7	52	45	19	56	6	46	56	82	79	86	35	61	88	85	71	
83	99	89	18	71	62	1	89	13	21	93	72	23	11	32	36	37	19	40	77	17	49	82	98	66	76	75	58	82	64	58	-1	70	86	91	55	9	41	27	87	95	3	48	45	45	35	88	48	63	35	82	54	30	75	75	89	53	77	74	24	79	31	19	44	83	81	66	88	79	65	37	41	81	56	95	46	83	90	58	47	28	69	60	92	87	94	62	32	76	97	76	10	61	79	60	45	67	92	76	59	
69	86	58	23	95	62	15	23	91	93	3	39	88	88	1	28	52	95	100	67	36	24	88	81	57	62	10	79	49	92	38	46	-1	74	40	40	13	55	23	97	42	36	7	54	21	47	14	21	38	48	29	27	98	36	33	13	17	42	73	43	91	2	24	98	95	15	92	46	11	18	19	59	37	40	24	27	45	40	54	36	72	56	8	65	52	25	41	51	74	85	70	14	36	1	84	38	87	36	68	55	
36	55	40	19	45	80	33	50	78	19	53	58	80	83	5	88	43	55	11	6	3	10	72	27	100	67	41	72	10	72	23	97	93	-1	71	56	27	5	94	16	67	14	38	73	67	83	94	23	79	69	21	87	74	1	64	24	66	77	56	78	78	51	47	38	15	42	81	15	1	31	42	16	74	59	59	85	75	38	41	58	74	47	92	53	92	60	87	100	35	24	3	55	35	36	11	59	69	95	7	75	
20	1	76	38	11	78	50	37	58	70	35	35	93	84	75	10	86	48	76	71	19	13	13	9	50	27	37	57	35	52	45	6	31	33	-1	2	16	74	87	92	58	60	78	44	72	32	6	87	97	21	96	51	65	80	36	33	59	1	21	56	65	5	28	32	91	84	45	55	45	68	54	32	87	90	28	29	20	43	23	87	38	61	46	23	43	71	73	51	97	95	54	22	46	83	96	12	91	54	93	57	
13	15	2	31	73	86	22	6	16	22	69	4	98	67	36	93	92	20	87	65	63	40	61	47	88	61	49	36	41	53	39	21	5	56	40	-1	53	10	90	66	82	2	17	58	10	20	29	79	88	93	44	99	9	42	40	88	100	11	75	28	29	25	57	77	18	68	44	96	5	40	40	37	54	41	24	30	16	60	45	23	89	20	1	13	91	29	67	41	73	92	13	100	22	39	74	73	76	74	17	18	
100	47	74	78	77	61	87	75	10	51	70	16	4	15	5	21	64	33	93	69	85	74	44	16	92	20	80	29	49	60	93	42	25	61	26	7	-1	64	15	35	71	17	4	27	45	96	9	47	35	84	37	18	56	9	57	86	11	83	87	47	50	11	21	7	88	9	56	2	42	51	54	6	48	73	43	74	3	22	63	38	18	18	37	47	54	8	74	72	42	82	1	16	43	62	17	42	31	19	83	69	
36	97	90	30	56	17	69	66	14	57	100	36	87	3	77	78	55	75	48	19	53	85	68	21	90	27	33	32	64	100	75	91	17	54	60	45	64	-1	66	61	23	42	74	68	48	82	18	42	44	82	53	67	94	8	29	42	35	69	54	52	56	3	68	39	4	77	32	67	41	63	76	43	97	87	64	16	62	59	52	95	78	100	79	12	40	23	22	51	27	65	14	14	46	80	78	95	36	48	92	71	
57	95	42	15	8	17	44	47	50	94	32	48	10	9	49	26	23	33	47	69	63	66	3	59	82	83	63	43	19	29	93	97	80	90	68	62	40	71	-1	57	65	100	51	59	86	38	9	46	45	22	27	97	50	13	28	75	84	24	51	94	24	49	93	81	64	12	97	67	71	9	26	100	98	48	13	41	76	88	8	78	38	96	49	68	26	8	47	39	84	84	77	84	93	54	80	60	16	8	52	55	
15	63	26	97	39	78	17	29	26	90	45	79	64	55	59	99	3	79	18	98	80	54	41	52	51	62	98	91	98	32	75	59	40	86	87	59	71	58	19	-1	11	61	3	33	38	11	26	9	70	35	24	42	42	22	42	43	59	72	97	63	25	8	4	10	12	40	54	61	91	79	72	27	20	11	87	88	70	63	17	30	34	89	6	55	87	89	9	67	73	15	20	90	8	48	20	84	22	87	84	67	
20	33	85	4	92	23	98	94	45	33	16	11	51	42	53	29	6	86	57	20	1	77	53	33	1	42	64	78	100	28	50	98	99	7	11	68	75	50	27	39	-1	91	92	96	97	56	13	93	76	31	47	43	28	59	40	86	78	67	45	64	28	70	23	98	14	67	33	11	17	83	30	96	78	29	9	79	77	58	2	86	39	13	3	40	69	36	91	9	22	47	69	32	54	93	12	2	47	93	1	2	
40	47	6	97	9	67	46	2	2	72	21	56	35	33	42	66	40	64	66	8	56	52	94	33	64	73	44	4	97	1	1	74	49	33	3	44	26	72	61	17	39	-1	55	59	95	48	58	85	23	92	78	77	37	50	8	57	73	17	85	81	78	99	2	17	73	67	81	87	94	98	68	42	93	39	71	83	59	70	81	11	98	99	91	17	14	2	35	25	81	94	82	98	98	63	36	91	58	12	41	8	
31	60	73	31	12	79	23	6	4	89	53	28	54	51	55	54	26	53	10	58	98	63	19	76	35	31	32	29	68	50	66	90	39	86	21	6	8	51	23	50	51	68	-1	79	40	77	57	61	34	53	43	1	13	46	44	97	13	25	48	42	66	29	2	23	36	67	86	44	39	63	3	24	17	54	5	27	44	30	17	77	83	47	16	31	73	35	9	55	48	72	97	10	63	80	8	77	58	65	6	63	
24	75	31	18	87	99	34	84	99	61	79	76	4	20	88	17	50	16	17	38	70	12	100	2	11	9	96	43	52	79	27	53	23	55	58	40	18	68	92	94	94	66	15	-1	74	14	88	42	98	53	96	82	2	6	77	43	77	26	20	45	71	19	55	36	83	24	66	53	95	12	15	55	31	44	89	80	90	3	95	31	3	49	93	2	38	64	3	87	49	88	65	57	53	10	39	56	13	41	86	12	
67	85	86	30	84	25	58	52	89	78	53	47	87	34	78	30	19	32	86	92	90	74	12	82	54	49	78	10	58	52	74	79	43	59	67	67	40	9	49	93	6	20	74	50	-1	95	100	99	69	16	43	58	58	66	51	81	61	50	44	43	96	23	96	6	18	19	8	1	48	41	97	22	51	86	91	66	36	95	100	92	81	82	36	52	53	94	84	37	86	20	44	48	76	7	42	6	16	32	79	36	
26	19	16	50	64	45	62	38	4	46	81	37	76	40	67	58	48	20	63	94	36	85	76	100	87	63	81	82	43	94	33	84	25	95	23	55	55	42	17	64	60	97	20	66	52	-1	19	37	9	16	12	79	17	45	40	81	71	64	39	5	54	57	20	5	21	68	53	68	10	63	9	53	50	6	23	20	27	27	26	53	30	37	62	9	87	95	22	42	33	17	34	30	62	71	71	15	91	89	60	97	
4	85	20	73	34	18	21	45	48	37	39	39	79	91	53	67	66	95	75	87	26	88	8	73	27	12	78	87	70	50	13	86	39	69	52	97	22	46	46	23	42	76	11	28	82	62	-1	25	88	64	33	46	24	54	26	15	37	15	34	14	30	98	20	31	33	1	83	96	22	16	1	11	43	99	18	68	31	98	69	75	72	75	88	95	6	17	47	24	26	47	7	95	27	15	39	55	4	25	82	9	
55	86	70	83	20	33	29	78	72	79	70	59	47	9	26	87	96	20	71	70	37	56	20	72	39	93	15	20	58	26	40	66	80	31	74	60	98	98	91	48	84	16	59	88	2	89	97	-1	26	35	61	21	74	29	24	17	41	41	5	91	15	80	38	51	37	29	87	37	23	18	4	41	95	14	63	29	99	89	23	70	27	41	73	91	83	54	17	62	39	49	53	16	24	85	44	96	74	11	18	23	
46	47	73	2	7	86	39	83	83	82	67	5	11	80	57	43	99	29	50	3	74	95	6	43	50	81	72	75	2	14	88	60	97	13	43	52	47	68	64	23	93	27	92	10	2	96	75	42	-1	50	61	82	11	97	20	65	58	22	41	2	7	85	32	29	83	63	73	37	49	19	41	86	19	68	87	52	16	70	39	57	60	21	22	63	39	33	75	33	49	27	95	62	2	94	79	37	29	93	46	22	
14	68	64	57	16	41	95	19	40	58	79	65	64	20	13	52	99	78	92	5	14	10	6	64	50	42	6	72	74	23	12	84	79	46	6	25	58	36	73	7	51	48	56	61	68	14	24	25	87	-1	71	47	83	47	38	59	100	32	81	81	62	58	48	11	26	68	44	14	39	93	96	76	53	39	29	60	72	14	92	14	74	15	92	93	62	17	68	8	78	80	5	49	67	97	84	48	96	89	95	16	
77	41	94	49	5	12	32	57	54	51	1	32	7	86	62	62	5	24	83	60	90	45	49	97	12	38	76	18	26	69	75	48	52	21	57	2	63	100	30	58	35	63	46	56	16	90	73	96	42	44	-1	24	91	9	37	55	94	19	2	92	50	32	57	62	27	77	26	2	38	8	85	66	20	3	6	55	25	37	65	60	53	100	85	87	2	89	10	4	82	14	13	19	27	42	21	79	12	26	16	72	
57	70	36	93	10	82	35	15	76	26	8	100	96	71	26	59	20	4	45	19	19	51	95	6	1	73	81	88	43	45	23	68	16	27	42	38	40	92	79	66	3	87	98	72	38	15	17	85	37	4	74	-1	97	8	84	12	24	80	47	13	58	69	4	79	78	6	73	8	2	66	21	34	77	96	73	5	69	65	89	8	68	38	59	81	41	26	99	28	70	5	45	76	32	53	49	55	17	7	86	65	
25	93	21	36	40	11	18	79	19	15	83	56	33	70	55	69	32	32	82	10	64	39	60	83	95	99	83	25	89	32	25	27	22	32	12	21	34	58	71	97	61	32	18	52	31	41	58	32	85	62	52	99	-1	13	78	30	70	38	27	78	99	24	52	97	28	82	7	43	93	100	47	1	51	7	39	50	58	35	20	83	12	61	29	25	35	21	11	17	21	26	98	37	22	7	67	28	22	36	91	96	
31	34	14	55	21	74	4	32	4	77	74	30	6	28	92	49	30	78	89	23	44	98	87	98	10	49	41	21	82	85	95	88	12	55	25	64	39	90	7	50	59	44	59	11	66	57	55	40	63	33	24	6	98	-1	35	79	96	50	48	95	32	3	8	80	100	88	39	38	74	92	54	73	22	27	85	31	90	95	64	98	78	88	93	57	1	29	57	5	99	99	64	16	33	31	90	16	10	43	23	76	
80	85	75	37	98	48	67	39	43	15	39	82	75	55	52	23	64	35	91	5	72	14	46	49	8	32	91	85	32	33	99	20	25	78	1	15	28	65	51	26	34	4	7	78	43	25	66	50	94	37	38	67	81	57	-1	98	69	93	27	6	46	77	49	82	81	39	83	51	63	27	60	88	65	3	59	75	35	26	22	80	30	45	70	9	56	91	60	51	12	72	20	79	8	52	20	45	63	29	64	57	
54	74	83	55	87	78	60	17	47	33	78	94	84	48	64	53	47	98	25	57	6	45	7	24	50	3	78	19	3	19	8	88	36	83	51	15	88	31	11	53	20	6	24	35	59	87	61	93	61	99	22	30	80	61	64	-1	58	68	69	91	25	59	49	85	56	67	33	24	25	92	19	67	72	38	86	97	19	64	58	27	94	64	52	29	68	53	50	90	48	35	58	95	75	90	75	53	44	21	68	26	
1	48	48	37	10	28	46	37	20	2	10	12	27	66	55	20	99	73	26	6	28	1	42	33	4	45	70	57	77	13	96	20	10	3	72	18	2	97	56	52	35	5	37	52	6	91	30	75	4	17	51	48	6	65	25	15	-1	72	38	84	60	22	4	61	3	49	97	93	55	65	64	58	22	55	33	84	9	12	1	71	48	58	56	35	8	35	28	79	87	96	44	22	16	84	100	35	47	37	99	33	
51	18	90	51	62	22	43	11	89	11	46	100	58	58	22	40	98	71	80	72	34	84	63	69	91	79	52	95	56	15	72	90	61	22	85	38	90	40	50	63	26	67	13	43	28	60	44	40	49	13	16	41	76	67	28	91	10	-1	26	53	43	70	18	8	50	92	80	1	89	28	70	30	62	34	55	71	51	51	7	77	62	10	33	12	84	68	34	62	6	85	85	13	52	36	3	27	12	5	1	100	
35	1	96	92	18	18	24	99	80	23	36	37	77	90	45	85	34	71	64	85	76	44	29	83	59	68	18	10	56	48	69	92	76	69	93	67	18	33	30	85	50	12	6	5	75	6	35	2	92	82	62	14	51	71	66	23	98	16	-1	2	33	46	21	39	96	76	31	58	19	69	57	36	2	45	85	2	51	63	41	63	71	20	99	20	24	94	1	11	46	39	1	16	98	30	76	12	45	67	21	82	
73	57	84	46	60	17	16	100	14	93	22	98	13	16	22	57	51	48	23	57	67	48	15	47	7	100	88	23	81	77	9	78	44	53	63	37	54	14	47	95	87	1	32	15	27	75	61	82	63	75	13	68	18	91	17	40	19	68	82	-1	53	27	34	68	17	48	9	98	29	85	88	55	11	96	39	8	32	89	56	54	26	53	86	67	15	76	66	4	94	22	62	6	21	80	98	10	92	57	24	45	
45	35	83	23	29	92	8	6	2	88	21	83	82	45	5	33	78	59	71	45	2	1	54	92	88	18	98	46	23	44	84	76	54	63	16	37	85	23	58	70	59	23	29	26	93	53	8	46	78	2	69	6	79	99	4	60	21	64	56	62	-1	53	36	20	54	95	73	29	83	38	66	54	27	7	6	4	4	100	23	83	96	75	78	88	96	67	57	85	45	61	50	97	8	79	30	81	60	17	82	3	
55	9	56	77	27	89	93	70	68	62	62	70	21	36	77	88	90	27	73	51	45	60	57	78	41	28	9	29	30	72	49	47	11	73	93	89	4	26	85	15	12	68	70	25	18	70	66	97	34	13	13	7	34	37	72	53	21	45	89	9	84	-1	91	46	3	16	63	2	71	47	78	93	95	62	26	44	17	66	60	54	39	10	5	33	74	45	57	99	12	76	69	82	17	30	43	58	81	69	35	38	
84	32	12	10	30	15	35	75	64	67	95	31	38	71	70	83	87	61	23	15	6	5	97	25	98	59	71	12	20	44	36	17	3	86	100	35	72	39	56	16	35	7	39	100	86	37	69	45	29	24	16	47	86	10	49	85	10	88	60	48	59	11	-1	71	84	55	91	28	84	73	70	100	45	83	27	63	2	4	67	18	95	70	56	52	95	6	29	32	54	95	17	33	51	4	15	3	78	14	45	13	
45	86	47	8	72	70	87	79	63	46	59	24	67	57	67	90	7	49	3	82	25	75	98	23	47	58	68	85	31	71	73	89	59	57	48	75	1	82	67	4	50	65	39	51	27	54	23	98	76	63	76	56	13	92	71	1	15	93	54	24	40	98	79	-1	92	69	35	83	22	62	45	67	34	11	82	12	88	34	76	4	49	37	96	31	6	30	100	27	16	36	41	24	57	28	51	91	98	3	37	5	
61	81	9	38	100	71	47	46	83	9	53	52	59	7	96	50	35	85	37	16	88	76	38	36	39	79	66	88	26	66	73	30	23	81	69	53	11	97	46	85	3	35	64	85	47	77	75	55	40	44	90	68	76	10	84	80	55	73	63	72	68	5	57	81	-1	37	43	1	72	47	37	58	37	9	52	34	85	78	19	77	3	9	38	59	68	85	59	43	53	77	51	78	29	57	48	100	84	50	78	65	
7	31	84	66	81	20	36	41	10	87	49	14	54	53	92	64	55	54	17	16	19	32	84	59	96	65	100	10	33	35	58	37	22	91	9	52	70	77	52	42	44	51	28	95	3	40	92	37	55	100	62	29	45	9	1	42	1	75	76	98	93	91	15	41	36	-1	32	60	95	88	12	27	45	25	22	27	94	52	63	85	94	46	82	18	79	5	51	60	8	23	40	72	38	100	71	14	85	23	98	61	
39	27	48	85	75	40	23	98	52	3	6	80	31	26	29	79	63	73	95	15	87	60	55	60	69	90	54	42	89	69	72	21	28	11	65	11	34	64	54	2	78	61	40	47	64	13	80	59	71	58	64	50	60	98	89	57	99	38	41	20	93	23	47	87	6	3	-1	68	16	79	26	88	78	6	70	66	21	89	75	80	46	65	76	43	71	56	74	54	94	32	22	28	23	17	80	54	88	49	68	85	
8	47	42	73	46	78	42	35	59	82	74	49	6	35	42	72	20	85	48	65	44	4	20	30	95	98	26	34	63	29	11	35	56	89	80	60	67	29	24	64	83	72	52	46	17	39	46	14	61	41	63	46	57	52	85	88	36	18	95	35	60	54	33	59	23	72	59	-1	46	16	26	70	53	44	33	39	40	3	32	42	89	20	35	53	30	32	10	36	33	79	78	80	76	11	64	13	93	33	82	89	
99	45	7	66	29	18	59	53	70	30	69	91	46	55	55	32	89	10	47	63	54	47	63	57	85	21	96	26	92	75	18	96	94	19	35	73	77	46	88	95	21	80	72	57	85	81	76	5	2	9	28	24	98	60	4	22	99	9	52	87	72	60	91	61	15	13	78	82	-1	4	27	78	88	13	40	60	72	34	47	88	32	90	28	51	84	2	35	80	59	62	3	70	49	70	100	3	52	87	79	100	
95	42	57	99	78	77	83	85	71	75	56	62	53	80	43	81	75	26	47	89	3	21	48	16	64	18	31	97	88	6	49	65	42	49	61	9	59	81	52	31	28	19	44	86	99	41	7	15	65	21	32	42	43	69	27	60	92	99	86	69	43	79	68	69	97	3	89	7	80	-1	74	75	14	17	28	75	28	87	81	87	48	62	95	58	34	55	38	4	64	56	94	24	63	43	83	55	40	30	76	56	
81	9	4	20	51	51	58	38	8	54	15	59	7	37	50	18	7	35	31	56	62	90	66	70	40	1	5	43	70	54	61	35	63	70	98	36	20	78	91	20	26	22	68	43	86	40	39	35	88	31	28	70	85	92	12	71	6	49	6	10	56	80	78	96	5	71	89	82	38	49	-1	96	70	31	67	3	8	44	49	45	26	17	78	50	42	61	99	44	39	18	74	54	78	20	94	34	70	71	39	84	
62	81	54	99	26	89	51	25	66	5	48	38	34	86	98	57	52	54	83	69	46	52	82	56	15	19	14	97	50	77	55	64	25	98	15	88	63	81	56	45	3	93	95	14	67	31	65	84	53	88	55	83	29	29	63	61	63	78	29	93	54	19	23	17	66	27	61	71	10	72	20	-1	84	21	96	45	58	25	9	40	72	12	59	61	75	15	19	30	92	48	83	31	31	100	9	95	38	89	14	56	
79	93	36	93	33	67	38	25	46	5	22	70	36	6	91	47	57	60	44	83	45	6	92	84	54	32	44	79	64	11	66	100	36	67	7	87	61	98	3	68	45	98	23	25	69	58	76	2	64	53	38	70	26	11	56	51	56	85	98	2	70	95	90	64	91	16	23	96	8	80	79	38	-1	48	56	81	55	31	100	2	46	21	5	87	31	45	93	26	1	89	95	32	77	8	77	28	53	16	16	46	
34	89	63	50	7	66	60	46	69	29	80	93	3	12	24	22	57	54	52	88	43	30	54	55	72	36	46	47	47	70	8	51	3	61	3	69	14	8	17	84	27	39	87	38	4	12	15	95	25	14	2	93	79	15	87	89	7	20	61	55	22	74	24	26	21	51	70	82	69	69	31	9	9	-1	82	56	87	11	49	40	69	31	89	1	21	57	67	9	8	22	64	30	20	30	3	26	47	65	64	46	
6	18	34	67	55	15	50	67	93	26	48	94	58	95	54	20	88	91	35	68	35	8	49	73	78	23	94	72	66	26	11	23	22	10	51	52	65	96	42	77	45	54	89	30	93	84	89	40	42	63	58	68	37	79	95	87	61	56	2	45	87	86	77	3	77	97	83	38	34	25	67	57	21	66	-1	71	30	50	92	52	87	27	31	1	46	4	33	97	79	5	54	44	26	98	43	54	4	14	34	26	
10	76	62	41	19	75	44	59	37	25	57	68	68	55	49	83	34	71	91	55	70	74	81	92	21	99	86	73	86	79	83	93	11	82	51	83	24	86	30	68	92	27	12	44	96	70	77	49	18	22	56	15	90	32	1	41	37	42	51	42	19	83	34	60	13	96	92	89	7	2	10	7	25	46	73	-1	22	33	17	13	35	56	89	54	23	17	43	81	80	99	59	34	43	21	33	56	23	48	6	36	
32	84	2	70	8	66	59	8	18	50	34	56	32	91	88	63	71	39	4	95	52	69	66	79	61	87	71	81	68	81	88	89	20	15	64	98	62	39	54	72	93	99	30	9	57	4	51	17	56	51	73	81	58	66	28	17	27	54	4	48	10	99	62	73	72	73	67	24	13	58	4	42	11	9	78	77	-1	17	93	58	30	17	1	48	20	25	38	23	69	43	9	4	31	15	55	36	1	13	5	87	
6	35	5	95	47	79	51	84	4	77	60	5	6	31	41	83	56	2	98	81	39	17	12	11	8	12	59	95	36	74	40	32	46	21	88	1	64	42	77	86	69	24	33	69	7	86	8	8	9	97	13	80	51	2	71	93	24	16	22	41	64	64	85	11	10	58	5	36	100	55	84	51	86	71	31	12	39	-1	41	76	10	98	5	19	14	85	54	71	87	99	67	77	59	87	63	20	94	7	19	90	
38	42	15	79	50	41	22	70	76	36	97	72	12	80	14	9	90	36	72	43	95	17	67	90	18	62	90	77	90	40	75	35	90	61	53	14	85	56	36	62	51	12	29	61	72	48	6	38	35	57	60	60	50	70	1	84	64	33	73	29	35	27	80	22	55	54	14	21	55	20	29	48	47	4	18	57	73	31	-1	14	90	87	53	68	76	53	81	52	79	99	96	17	27	34	10	50	69	19	33	82	
41	92	64	46	27	18	35	88	83	71	64	33	77	5	45	45	89	66	83	86	92	1	35	30	67	21	10	22	51	9	34	80	93	60	51	83	27	70	83	34	76	50	14	45	40	57	12	90	43	91	40	99	29	36	17	95	26	66	47	28	5	73	77	73	78	91	48	63	72	58	42	60	15	62	88	58	46	67	49	-1	33	88	22	56	44	33	47	67	37	87	67	45	19	98	39	65	64	3	81	92	
67	83	49	29	11	92	55	27	73	92	35	7	86	58	21	35	61	97	94	25	88	82	26	32	72	22	83	95	34	24	90	59	99	4	65	44	39	43	13	11	10	69	81	23	30	65	82	84	49	19	89	23	19	20	6	3	90	33	33	79	2	73	46	57	86	77	73	79	35	17	16	88	16	29	5	85	89	95	99	84	-1	65	54	24	41	74	88	70	91	62	48	98	49	29	27	42	66	12	4	21	
74	100	5	45	10	27	20	92	37	94	14	99	83	24	51	39	46	10	18	16	68	40	78	32	25	14	9	36	69	22	84	77	56	41	47	10	96	41	51	4	6	50	69	70	65	95	89	90	28	19	86	7	74	27	27	44	78	2	19	85	20	48	42	53	42	71	24	24	39	72	57	90	10	100	49	72	18	42	8	85	29	-1	36	13	67	49	24	100	91	34	73	70	46	41	13	64	81	32	46	63	
32	35	96	38	15	15	65	53	93	65	16	40	76	74	70	35	92	40	14	24	7	39	82	17	41	25	66	68	42	46	61	36	9	44	82	87	89	78	5	61	53	36	93	18	3	78	68	26	6	96	77	56	14	90	62	60	92	99	79	62	26	28	85	28	26	38	85	59	74	7	19	97	8	25	7	65	51	11	55	76	33	69	-1	83	82	14	38	48	16	50	97	78	85	78	1	61	98	29	16	18	
2	80	30	15	62	42	1	83	65	86	23	95	20	98	15	90	48	93	89	53	72	34	53	86	37	95	82	41	54	21	88	89	29	33	26	42	71	75	99	36	35	93	23	91	2	55	58	82	29	50	1	60	100	98	72	77	10	79	35	83	13	41	28	89	43	8	32	56	80	92	61	35	14	73	39	55	47	25	94	32	62	32	84	-1	98	45	89	98	88	97	60	16	85	38	27	17	75	80	61	100	
52	94	39	61	47	38	73	47	72	22	29	86	39	46	9	68	31	66	23	71	42	12	72	97	19	1	14	38	54	1	63	6	35	60	34	49	90	8	56	51	70	7	85	35	93	37	56	37	2	67	16	43	20	70	41	37	98	58	38	45	27	28	40	42	49	2	55	3	8	15	4	66	48	27	46	13	3	92	73	29	56	96	48	61	-1	97	8	2	50	78	2	67	24	86	16	27	55	77	61	52	
43	70	47	44	1	79	85	61	60	7	25	36	98	16	14	31	82	2	64	43	66	18	12	33	68	46	74	76	79	79	48	35	59	100	21	87	80	47	93	81	87	1	46	41	58	79	56	77	94	22	1	63	38	86	5	36	41	11	80	24	32	20	27	82	77	49	80	27	83	38	80	85	40	33	63	28	35	12	75	30	93	2	76	84	74	-1	28	80	41	39	46	1	85	55	76	35	4	91	54	28	
39	42	51	81	23	37	45	7	26	46	28	61	99	7	10	76	37	61	22	45	42	66	39	1	96	40	58	55	41	31	82	33	47	40	52	44	6	63	4	6	5	26	11	56	26	35	73	13	38	48	28	56	36	57	65	73	69	66	23	47	36	34	18	24	59	51	22	30	46	74	100	16	58	65	16	76	84	15	71	99	51	32	43	78	52	89	-1	93	36	5	99	98	52	95	3	10	24	63	97	44	
9	87	97	78	22	22	73	79	47	82	53	50	3	25	63	38	22	48	38	82	74	14	89	52	20	25	80	25	50	64	91	43	100	73	62	77	3	19	75	37	47	22	90	35	56	18	13	58	76	86	20	49	28	94	77	28	82	30	7	55	48	48	96	50	60	12	99	57	99	87	23	6	24	78	5	17	87	79	72	91	73	56	83	34	69	87	87	-1	79	43	15	1	53	60	52	98	74	99	12	13	
72	47	8	49	37	8	85	16	10	82	32	19	96	92	48	82	100	65	23	62	93	21	46	42	59	22	61	99	94	32	13	40	64	42	52	76	27	41	10	5	46	27	90	49	6	89	53	75	36	9	8	36	69	15	28	54	36	28	41	88	100	87	20	56	65	76	70	78	44	74	91	61	22	30	7	79	64	64	91	20	21	24	68	91	48	97	93	56	-1	9	72	42	45	49	5	71	72	68	70	93	
81	63	72	27	44	22	65	61	13	51	66	49	46	56	26	78	64	73	56	42	10	90	42	62	98	47	5	3	69	53	3	71	34	68	10	82	46	53	98	38	74	23	82	49	88	68	96	58	15	33	55	5	46	14	84	51	63	70	83	53	100	59	19	99	69	84	8	56	67	80	61	12	4	43	17	74	80	42	37	48	52	55	70	16	61	9	40	68	43	-1	65	80	19	83	46	22	25	41	7	31	
45	38	26	8	70	33	15	50	76	96	85	53	68	38	40	22	1	59	28	18	60	27	93	83	71	10	72	77	9	24	76	53	45	32	4	25	48	10	16	73	40	78	30	72	54	59	32	42	58	11	79	80	89	59	18	20	8	43	10	11	95	76	4	100	84	89	53	59	66	71	66	22	44	3	65	55	58	81	78	74	13	27	93	56	30	99	10	36	61	76	-1	63	81	43	10	42	68	90	85	66	
51	55	4	24	78	37	22	69	17	80	29	3	7	28	85	27	33	43	63	84	50	60	10	89	1	29	94	87	68	88	68	95	36	69	85	87	68	67	18	47	75	4	78	2	8	26	98	96	96	68	18	58	62	68	17	36	17	78	43	71	56	4	53	83	46	71	73	98	97	47	46	26	3	63	26	15	85	35	54	5	88	29	22	29	13	49	33	45	69	60	35	-1	69	32	96	93	63	41	78	53	
70	79	87	64	91	71	3	51	20	98	75	5	13	17	98	13	28	25	27	70	80	56	1	56	29	9	18	13	90	6	84	57	59	8	97	66	85	47	53	59	71	12	38	74	10	83	63	20	64	33	98	39	92	10	67	23	77	42	28	34	49	92	70	73	92	24	19	16	73	53	62	36	24	74	76	58	33	51	29	90	88	46	18	90	30	19	83	64	6	99	44	23	-1	75	8	96	9	73	41	63	
48	79	79	21	90	16	41	45	54	20	76	46	93	89	54	47	73	93	36	82	67	23	61	56	11	65	24	7	92	12	57	67	33	50	9	41	51	87	48	97	59	95	78	83	79	30	56	73	13	42	7	83	100	37	51	47	97	39	42	61	3	58	43	41	10	58	85	48	65	20	75	17	80	5	70	93	57	16	32	20	65	60	43	17	22	3	5	68	54	72	90	36	74	-1	6	52	52	24	64	49	
85	34	68	78	55	88	23	63	38	87	59	7	9	95	20	77	70	78	11	3	37	26	100	54	18	25	18	11	8	19	56	64	39	44	62	30	60	26	44	57	4	81	10	80	26	29	22	75	73	64	61	6	69	21	80	88	17	32	66	28	9	79	42	95	52	4	39	10	17	75	89	85	17	7	62	32	57	4	53	96	38	64	95	81	80	54	28	36	19	50	99	56	59	23	-1	56	65	11	73	10	
78	4	83	2	74	95	48	50	53	52	92	25	29	61	49	26	45	82	43	84	72	30	61	37	57	58	40	57	58	88	65	92	71	35	2	18	76	29	81	47	81	97	65	44	21	22	41	76	57	55	42	42	98	69	31	7	42	6	23	59	86	67	78	45	4	88	56	94	76	67	94	100	95	74	67	67	16	81	18	41	21	43	8	25	9	4	77	77	28	67	34	2	26	84	1	-1	68	5	9	68	
81	16	65	35	66	88	97	45	81	18	46	41	93	53	59	1	11	66	87	7	25	81	41	69	16	45	92	6	33	79	73	67	84	71	35	36	9	31	81	16	92	64	45	94	39	14	9	85	100	52	18	76	96	44	57	66	18	8	53	85	57	40	56	85	2	70	33	80	28	4	6	32	68	45	51	13	63	11	38	23	53	83	45	65	53	37	77	27	91	73	52	18	92	19	65	58	-1	88	79	99	
41	72	36	47	85	30	86	86	85	26	24	51	56	18	35	100	39	22	61	30	30	32	62	85	68	2	53	10	54	53	85	89	41	20	30	86	99	26	69	23	87	92	86	54	20	38	77	63	80	43	23	9	49	36	55	1	56	85	28	94	17	2	41	75	93	69	70	30	37	27	76	51	48	100	68	89	59	74	76	62	60	61	15	72	33	85	63	26	54	56	39	89	54	27	57	77	60	-1	82	48	
56	32	94	79	4	50	31	86	90	85	18	57	77	37	64	2	13	65	51	21	6	18	97	27	100	82	43	43	32	28	32	73	70	84	78	80	4	57	72	41	95	14	12	42	1	22	43	63	87	67	67	100	36	96	64	74	29	17	27	35	22	31	66	28	45	1	24	77	50	95	52	36	7	61	95	49	76	78	99	86	17	93	53	57	87	15	59	82	9	11	42	27	48	94	73	73	21	23	-1	31	
93	25	70	38	91	25	19	25	54	96	54	7	8	93	40	56	82	89	29	83	55	76	23	77	81	63	29	81	17	70	61	56	17	31	75	7	39	51	76	55	63	31	22	84	71	2	68	9	27	13	8	19	48	63	11	79	49	62	96	25	43	61	65	15	96	47	26	75	87	84	96	24	78	7	69	50	38	28	77	75	34	15	40	52	57	68	37	85	45	92	47	82	84	96	17	11	70	5	55	-1	
