100
-1	33	55	88	6	33	27	26	9	36	6	91	70	3	13	67	39	45	26	21	70	55	79	51	49	67	78	45	38	41	80	17	50	45	7	59	12	69	100	46	32	78	25	43	21	100	63	89	100	64	76	20	42	72	22	18	59	5	79	38	88	24	56	11	50	17	88	61	80	81	15	2	59	89	18	32	36	99	49	17	74	85	70	27	60	81	7	52	21	95	19	45	90	73	93	31	16	26	17	22	
19	-1	72	87	46	22	53	90	74	96	24	93	71	94	57	20	69	34	13	61	31	27	74	36	29	78	19	44	37	92	95	63	3	73	3	89	78	13	29	87	18	81	18	17	51	20	72	14	37	6	24	72	14	29	58	88	54	50	23	63	37	46	82	100	62	21	26	24	82	4	50	3	42	42	54	1	5	60	25	53	61	61	96	25	41	94	62	6	83	43	32	57	24	98	87	18	92	13	16	24	
90	90	-1	23	10	59	69	91	52	2	9	21	12	64	47	67	30	36	76	51	99	78	29	87	34	68	83	87	53	50	35	42	13	50	88	29	22	82	20	82	74	52	49	39	84	2	87	29	62	71	17	24	22	66	19	52	95	26	31	98	47	58	76	91	80	58	98	24	33	85	20	2	67	88	50	32	68	31	71	71	54	35	78	90	75	7	91	46	3	3	84	7	58	74	96	80	40	62	8	67	
83	14	69	-1	84	56	87	65	60	8	39	61	1	68	30	6	64	34	25	27	82	14	17	75	79	54	16	91	12	2	23	58	62	86	7	66	52	64	11	38	22	64	46	86	54	31	9	3	3	24	80	80	95	81	74	56	85	13	38	24	84	4	83	75	55	72	74	49	85	71	38	29	58	69	40	14	19	59	41	55	70	44	29	38	78	51	21	62	2	61	27	33	47	80	35	40	27	81	86	24	
55	90	59	85	-1	53	38	6	81	79	1	76	35	38	7	58	93	46	64	93	86	81	1	98	20	14	58	88	53	37	63	14	68	60	92	81	75	95	96	58	95	71	64	48	71	51	35	56	40	8	25	8	41	51	78	5	30	85	60	32	34	51	48	64	93	49	13	30	19	11	77	81	63	94	52	35	43	60	98	44	8	96	97	61	21	44	19	27	71	83	36	41	23	73	43	71	51	1	45	77	
57	74	63	24	98	-1	33	98	39	83	26	8	40	2	97	40	68	10	99	60	80	58	25	34	70	79	84	1	71	25	82	13	78	85	28	82	1	52	32	25	71	10	16	55	30	23	24	74	57	46	65	50	44	77	50	92	22	48	72	85	32	5	16	36	69	46	23	68	58	9	26	57	58	97	35	45	96	46	80	16	40	51	97	47	31	46	55	12	83	96	64	35	18	85	52	27	70	10	18	71	
73	25	39	74	14	4	-1	34	90	56	82	26	9	45	71	92	57	21	90	60	57	24	8	60	7	98	90	30	93	49	27	47	87	92	23	57	89	30	75	34	48	89	10	45	58	48	100	17	64	23	69	76	20	61	56	6	30	34	56	13	2	58	38	83	50	90	100	49	74	82	10	63	57	78	47	14	29	73	19	17	59	47	46	71	52	94	99	47	15	23	14	85	86	30	3	5	46	11	88	82	
27	94	24	60	100	1	13	-1	64	85	97	67	43	14	2	55	6	1	7	82	78	82	93	38	96	70	79	33	2	2	95	87	42	10	6	27	34	2	5	32	84	47	6	98	88	49	61	98	97	43	28	70	61	64	9	34	76	9	70	62	69	91	82	69	41	14	42	73	36	2	98	96	90	1	41	54	48	57	30	80	83	83	73	13	32	72	61	15	85	15	16	72	43	64	12	41	48	23	6	75	
59	16	92	32	85	58	91	64	-1	98	13	83	13	29	84	70	15	40	26	43	93	40	1	79	4	99	17	57	81	91	18	51	28	34	4	95	42	30	58	22	44	51	65	54	73	90	75	32	2	37	95	46	19	80	70	37	82	22	22	85	35	85	70	79	86	2	7	47	60	76	6	24	26	26	14	17	11	79	42	17	17	82	22	93	15	70	22	84	17	36	32	100	20	38	84	75	51	42	8	56	
90	68	29	63	33	20	63	39	77	-1	32	3	3	23	76	63	42	35	66	50	62	43	4	78	38	23	16	54	8	12	11	36	95	10	5	87	89	7	69	100	87	93	8	2	80	5	94	55	80	8	11	45	30	6	35	33	99	70	73	42	92	49	1	29	66	63	44	32	1	6	12	21	95	52	59	77	90	31	85	41	63	30	42	55	60	47	72	51	16	15	21	100	61	22	83	41	6	96	1	13	
15	79	1	71	30	46	27	30	55	24	-1	36	81	7	65	18	60	7	22	4	62	87	59	33	42	93	83	98	36	20	94	79	5	27	94	93	33	88	74	41	24	81	62	12	7	100	85	92	1	13	75	58	78	10	66	100	78	86	99	97	52	74	13	43	13	49	2	20	8	1	70	28	48	55	7	85	4	26	61	36	46	29	1	35	49	79	4	44	79	51	95	5	43	2	9	44	36	45	13	85	
3	97	4	97	53	12	40	30	59	33	34	-1	49	21	59	86	79	9	28	81	2	78	84	11	85	9	71	41	27	66	91	49	37	42	72	85	55	87	6	65	100	13	5	52	87	88	88	32	37	69	80	36	76	2	93	11	10	88	44	75	59	59	79	27	59	89	19	21	96	59	4	70	86	76	90	95	63	98	50	60	65	50	62	83	90	39	70	43	28	70	19	9	65	32	53	11	12	89	64	91	
4	36	90	31	89	10	32	14	81	31	26	81	-1	97	19	36	36	24	73	91	6	54	18	27	80	28	96	1	20	100	97	32	49	57	50	96	7	16	87	48	99	68	96	84	57	34	52	25	11	12	17	12	94	21	45	96	28	22	92	100	60	94	13	16	77	84	25	2	15	80	54	44	40	77	64	5	70	91	74	85	66	89	42	37	9	92	70	18	28	8	18	68	57	10	50	2	100	47	86	72	
23	5	39	34	98	16	67	51	22	86	83	72	24	-1	69	17	90	16	44	93	21	62	8	72	47	88	73	31	48	42	90	44	19	51	50	46	92	37	83	30	68	35	43	62	42	44	28	5	7	26	60	58	97	76	2	78	19	53	79	56	40	67	21	43	5	39	87	28	28	25	37	76	82	17	67	32	47	91	72	62	41	9	97	22	70	23	21	86	90	4	100	6	32	6	67	56	71	82	58	75	
13	97	24	53	7	62	62	95	7	33	18	8	26	51	-1	50	84	96	91	62	78	42	9	42	72	43	61	80	50	14	93	80	66	22	94	17	6	97	53	11	98	43	38	53	24	11	93	24	57	100	40	41	62	77	95	64	54	24	70	5	50	4	40	12	46	93	28	43	74	66	89	70	33	1	81	46	17	33	27	99	31	100	29	97	40	78	71	20	69	25	42	10	14	3	43	51	49	29	75	55	
89	33	91	69	69	66	4	96	59	2	1	58	8	49	92	-1	94	10	41	37	46	8	61	20	18	92	13	6	40	14	34	55	96	16	6	67	10	21	55	53	53	79	20	47	62	68	4	27	57	67	14	41	15	39	48	54	46	63	60	24	21	94	76	84	35	42	73	76	37	13	46	77	29	72	98	84	78	33	11	75	30	96	61	86	75	46	66	26	33	68	11	43	50	16	23	53	27	55	70	100	
3	18	21	28	93	90	64	85	47	9	24	39	16	80	58	98	-1	13	22	27	58	8	74	21	93	21	92	75	19	57	31	85	37	99	51	23	97	37	17	29	42	48	76	57	1	8	95	1	51	94	70	75	72	58	45	92	63	3	74	96	46	29	47	18	8	58	4	31	74	8	98	87	35	6	24	60	3	93	81	98	42	53	7	91	28	96	6	75	89	71	59	18	98	38	38	21	17	88	50	23	
21	83	4	13	28	49	27	80	99	44	3	9	55	67	59	13	92	-1	58	8	2	30	74	58	6	11	41	68	94	60	100	72	6	3	21	68	31	40	80	96	61	7	61	92	74	90	20	100	18	95	99	35	57	99	71	91	86	88	13	30	18	13	19	30	88	88	47	53	49	9	44	28	83	15	99	100	50	38	71	14	15	40	40	59	4	93	92	91	55	38	23	43	91	43	4	32	77	80	5	47	
55	25	24	26	90	53	38	48	75	73	85	27	74	100	84	21	56	62	-1	73	1	38	37	62	56	59	67	24	95	45	54	30	34	22	1	13	38	26	80	51	47	71	25	1	81	37	51	32	16	43	78	95	9	30	69	15	11	52	93	59	46	96	19	82	63	100	100	42	28	31	63	98	37	40	7	99	60	38	5	3	40	42	67	78	84	86	82	22	14	80	9	88	62	34	91	78	41	94	40	20	
1	81	3	98	55	36	54	1	26	83	9	78	14	13	4	81	69	100	95	-1	46	65	37	63	71	26	63	86	26	100	57	91	58	72	48	8	28	64	25	56	69	89	7	84	92	21	1	52	5	20	59	2	75	90	33	50	42	2	83	92	57	9	19	10	45	74	72	49	20	88	93	19	35	32	9	19	6	5	28	96	57	74	50	93	54	11	91	24	34	30	63	29	60	55	34	73	77	9	58	8	
33	48	71	4	44	20	59	36	4	71	72	72	86	74	31	33	87	47	18	19	-1	65	99	1	92	83	94	96	12	21	32	40	63	11	23	7	59	80	96	20	63	93	22	51	3	15	12	53	85	34	75	72	60	55	4	62	78	25	7	55	7	54	72	23	67	31	57	65	84	98	44	92	66	6	86	7	99	41	56	100	23	77	70	56	90	96	57	79	51	50	37	5	29	91	3	8	40	53	22	56	
31	30	32	71	11	66	52	59	22	100	55	92	49	59	64	58	75	23	43	46	47	-1	75	88	28	67	93	44	62	74	96	15	79	75	82	1	53	4	86	7	11	21	71	32	9	72	10	89	46	97	80	61	93	6	76	93	83	97	23	59	84	61	5	63	75	9	99	74	67	83	70	95	15	32	71	24	3	40	54	2	8	57	80	23	15	35	52	79	46	15	18	24	72	32	15	23	5	13	100	48	
71	92	45	93	70	11	27	46	87	33	5	90	77	79	83	82	3	47	92	34	77	1	-1	94	60	57	52	83	78	9	51	47	70	26	13	31	3	30	66	4	90	75	3	96	66	67	7	84	5	51	90	43	42	84	90	2	67	35	61	25	4	79	11	72	92	92	92	69	56	90	24	9	28	44	37	26	36	79	69	88	4	50	48	78	48	55	40	3	51	33	63	48	41	56	96	52	82	58	87	59	
77	35	34	91	9	7	60	76	42	62	80	74	99	24	9	25	59	30	89	32	2	49	34	-1	80	58	94	68	35	21	14	48	92	88	91	64	38	92	74	100	25	80	42	9	95	95	29	64	35	76	65	98	30	87	6	85	46	50	30	37	44	96	82	72	17	4	7	34	77	49	55	21	3	76	100	44	10	3	17	7	84	93	29	50	12	83	64	69	54	73	53	68	76	43	16	18	69	33	75	20	
12	65	56	23	2	84	97	93	53	12	12	68	41	5	8	11	71	44	80	35	7	16	30	13	-1	66	7	70	88	13	16	76	81	53	35	87	77	67	24	44	20	97	56	99	48	62	61	3	35	34	8	44	72	98	22	80	75	63	14	63	48	69	84	64	30	17	63	51	89	6	34	32	68	60	54	28	51	30	75	99	63	74	51	13	39	11	67	69	79	82	99	11	71	44	65	52	35	63	69	56	
37	46	92	3	42	62	91	84	80	82	90	94	87	35	96	39	31	85	87	80	38	84	75	97	97	-1	74	16	29	84	20	14	70	98	40	30	48	94	66	73	83	16	82	42	6	87	36	79	11	11	52	83	45	14	1	36	7	38	17	88	34	81	31	73	96	91	63	74	39	32	9	15	42	36	17	96	61	31	70	80	79	80	33	11	43	23	76	17	20	10	22	57	22	85	74	99	72	34	84	50	
96	84	2	41	39	22	63	10	77	70	4	56	65	78	44	25	4	71	54	67	16	60	96	100	31	78	-1	37	87	97	81	94	9	59	93	98	56	56	94	89	75	13	9	79	10	15	77	84	43	75	12	58	45	75	77	32	84	48	58	14	13	40	61	74	64	12	97	53	75	72	74	87	4	13	76	42	90	15	88	50	72	81	92	17	55	42	53	89	5	41	42	38	29	95	34	32	89	91	78	2	
58	94	20	72	43	5	15	50	20	12	25	57	21	32	5	34	49	27	80	41	56	94	38	88	36	95	32	-1	27	86	80	45	18	45	4	30	85	95	97	26	31	5	86	70	82	52	53	68	86	52	39	22	24	87	75	69	77	73	72	23	16	55	79	90	80	17	41	98	89	29	13	92	88	61	16	44	57	31	84	48	24	3	54	10	32	49	64	49	32	97	87	78	42	19	37	24	77	38	13	93	
5	72	61	19	66	46	16	35	37	46	17	71	5	86	13	50	46	15	61	40	15	6	34	6	74	98	16	81	-1	4	10	28	54	80	80	29	65	16	66	61	70	2	79	25	43	97	30	54	12	41	23	78	95	98	10	75	51	35	8	65	11	30	87	58	55	47	73	21	7	63	4	63	47	26	12	58	61	71	74	19	73	14	72	79	50	26	65	100	93	46	26	45	55	66	64	75	6	34	96	93	
76	38	21	62	28	34	85	90	5	8	70	74	44	88	54	40	64	87	37	3	16	43	55	34	69	61	14	15	20	-1	24	88	46	90	50	87	34	50	13	64	71	43	95	15	93	75	41	94	90	15	72	72	6	7	25	95	94	64	7	55	82	17	26	21	30	51	78	56	52	85	4	83	71	98	93	48	43	52	41	71	71	97	50	25	67	24	12	75	32	6	35	53	76	81	35	56	82	52	43	88	
54	9	10	98	5	76	37	89	60	60	85	65	9	95	28	65	5	25	18	49	71	13	18	48	66	35	76	20	83	1	-1	41	58	45	97	53	95	73	39	72	35	7	95	21	81	42	13	55	71	76	75	44	68	89	86	67	59	50	41	28	33	31	62	71	82	62	67	81	24	22	32	78	28	54	81	24	54	28	6	54	99	100	38	53	77	73	53	71	50	61	93	60	76	76	19	14	92	39	1	99	
92	18	59	14	23	64	18	95	12	5	52	54	54	93	17	91	50	27	22	57	65	96	24	68	24	77	71	49	29	14	88	-1	71	72	4	3	45	81	1	37	53	80	27	45	59	78	75	85	2	54	39	88	26	57	85	70	67	17	82	11	37	44	85	83	48	95	12	74	74	16	93	79	15	41	65	2	80	2	62	19	51	54	13	5	22	24	90	2	2	52	50	79	73	1	18	84	75	21	50	30	
82	47	37	16	48	75	3	91	70	91	2	61	26	73	65	39	24	45	6	98	36	24	27	39	98	45	80	49	87	38	79	84	-1	20	6	59	24	17	59	77	68	52	63	43	95	74	95	99	15	24	41	25	100	62	89	36	71	24	94	98	84	41	31	73	36	17	6	84	51	38	27	67	9	95	41	34	39	99	4	96	40	88	10	6	25	91	95	85	78	38	15	38	87	21	43	57	70	41	34	4	
80	54	78	9	73	38	65	49	47	95	41	54	12	49	99	75	89	96	23	66	14	33	49	27	66	98	14	3	93	31	59	12	97	-1	66	69	15	77	62	84	37	45	80	9	54	45	58	29	87	48	4	44	83	21	76	86	93	99	37	13	68	98	71	55	62	56	61	90	49	21	55	57	7	59	30	72	29	9	96	3	66	25	36	95	57	60	12	57	96	96	25	35	22	61	50	84	12	85	24	20	
91	93	80	24	1	53	10	59	53	58	26	97	100	50	100	34	26	10	20	75	60	7	6	36	19	50	32	78	12	46	58	71	70	1	-1	37	34	61	29	11	57	92	100	46	35	9	17	63	91	75	9	25	94	45	50	50	37	61	81	20	15	52	38	92	48	92	4	7	82	94	22	82	14	52	65	33	22	46	27	50	82	73	39	90	17	71	14	83	49	66	26	27	89	51	28	45	82	54	83	38	
8	39	7	59	43	95	32	66	69	29	83	8	53	70	45	20	53	31	58	21	80	1	8	37	67	57	89	62	37	97	6	22	97	34	93	-1	37	83	28	68	1	69	7	27	78	14	100	83	59	28	75	76	5	3	82	72	9	98	89	61	11	34	43	25	57	43	18	28	37	98	75	62	4	88	33	33	87	69	9	69	94	9	92	98	66	81	72	50	43	5	97	24	47	56	34	80	50	89	27	92	
34	52	8	54	8	44	53	82	24	48	63	3	50	76	3	61	94	38	21	90	80	60	60	90	55	83	57	30	79	52	29	40	97	70	14	71	-1	60	29	48	22	65	77	40	68	94	54	22	1	66	30	24	32	36	11	26	78	6	56	15	89	100	30	24	26	82	35	67	59	42	45	99	73	77	80	70	5	67	78	3	26	20	38	57	95	30	83	75	41	97	10	30	55	39	98	12	44	72	60	51	
20	82	10	85	91	88	35	64	6	16	96	61	80	16	41	84	92	59	15	52	3	84	73	37	13	65	9	93	55	71	52	100	71	45	84	81	31	-1	12	56	82	83	98	33	75	74	38	44	14	51	26	24	99	92	74	37	52	71	88	25	32	22	44	15	67	20	71	1	33	26	22	46	64	36	9	28	95	93	29	78	37	56	8	1	93	36	39	23	43	16	56	60	23	51	79	45	84	91	7	83	
16	5	17	42	70	48	52	61	68	25	53	39	62	75	89	54	42	2	36	10	26	98	61	34	63	76	83	3	99	100	74	89	70	69	83	35	72	25	-1	36	24	70	58	99	83	77	31	28	99	23	59	17	43	97	79	98	9	49	75	29	40	45	74	35	92	3	25	32	17	94	25	80	26	13	84	51	27	91	66	89	65	70	15	21	57	72	44	7	99	3	22	73	40	32	2	59	75	87	44	33	
72	72	25	77	46	5	66	76	86	54	74	14	59	61	78	45	16	11	97	33	60	23	34	29	44	26	88	22	34	62	5	14	13	95	88	90	13	58	5	-1	3	64	40	72	12	97	30	92	12	16	95	61	64	54	95	26	76	91	1	24	75	77	28	21	22	47	97	68	28	34	44	33	19	98	99	91	10	44	47	9	35	46	82	50	23	31	81	20	40	13	87	54	74	89	57	44	2	42	31	99	
70	57	3	58	65	19	33	25	30	38	83	44	14	85	82	58	47	11	68	38	46	7	59	9	52	1	17	58	49	99	30	6	37	46	7	20	76	83	25	76	-1	44	70	70	54	12	81	85	2	43	96	44	73	37	92	40	75	81	85	9	22	20	5	76	33	93	74	29	98	41	11	74	73	61	65	43	63	77	39	1	54	92	32	96	57	82	52	72	54	8	30	31	94	26	16	3	76	37	92	71	
6	76	17	62	32	96	1	100	67	87	26	52	1	85	42	46	22	76	68	10	3	86	31	17	4	40	13	89	83	46	64	3	62	52	12	88	85	75	65	40	61	-1	71	70	76	21	51	63	45	35	68	11	26	33	43	100	29	85	54	39	100	25	71	31	91	87	97	65	28	20	95	22	59	15	88	64	28	76	94	42	9	38	33	17	8	74	46	90	65	73	87	30	79	91	69	12	37	5	1	74	
78	8	26	47	54	63	16	23	75	15	57	35	22	37	4	14	24	76	3	32	19	71	79	55	54	89	71	71	7	75	37	2	50	10	16	28	19	50	59	63	39	74	-1	93	14	69	81	69	63	94	76	99	38	21	57	32	4	1	83	50	17	99	63	44	70	36	6	85	65	15	48	78	56	87	9	61	60	92	14	7	47	50	62	90	61	62	41	67	4	80	21	18	5	44	67	76	92	45	96	92	
35	34	41	61	7	35	60	62	32	8	91	23	14	77	78	39	36	1	72	99	68	99	2	62	31	38	24	17	50	67	64	37	61	37	76	79	47	15	22	67	34	98	66	-1	76	73	73	20	51	7	64	2	66	42	46	52	43	7	9	74	40	48	75	50	29	75	10	6	68	1	75	44	57	15	68	29	87	95	51	67	5	63	74	50	28	65	29	41	60	86	85	92	77	21	26	13	52	90	46	23	
54	56	79	94	56	38	31	41	63	45	44	24	54	70	87	42	6	74	68	34	58	3	58	92	79	97	22	30	93	97	34	83	46	60	40	60	91	71	64	34	5	13	94	79	-1	89	11	23	72	76	95	67	42	16	35	88	56	59	100	53	1	17	28	61	50	19	57	52	14	98	67	74	7	1	57	31	72	79	39	38	69	37	54	79	35	59	37	31	1	52	82	17	10	27	64	46	87	35	20	24	
51	54	85	68	66	34	61	97	67	32	24	17	1	81	39	70	31	18	77	79	51	19	92	36	28	36	64	75	100	46	80	17	52	43	33	52	49	40	31	54	75	95	81	78	72	-1	90	92	93	39	30	99	52	30	7	70	9	12	27	60	99	91	97	65	73	17	24	64	65	65	48	77	73	33	57	98	70	54	34	91	81	51	39	28	7	65	93	18	83	43	61	37	2	1	88	32	14	66	94	69	
11	30	46	30	14	93	49	16	14	22	45	8	80	47	32	99	30	89	41	70	92	47	38	49	31	10	42	64	82	71	61	60	58	92	10	87	80	31	40	78	20	25	8	69	56	95	-1	2	56	38	71	38	81	83	76	65	3	36	97	44	41	63	91	68	85	10	2	38	71	29	39	73	12	6	11	2	72	56	78	80	28	52	45	64	76	84	68	54	80	32	80	65	68	64	8	39	45	67	86	57	
98	96	65	69	23	82	32	61	36	72	37	43	46	87	19	89	2	7	45	31	38	96	13	2	16	68	52	99	79	61	66	81	84	1	8	84	58	30	12	74	10	51	64	38	94	26	39	-1	74	3	80	53	21	16	6	21	42	13	13	76	52	8	60	39	82	70	12	53	53	77	24	6	95	5	51	71	86	97	19	83	70	83	79	50	63	30	7	96	30	83	82	52	73	30	92	37	26	23	82	76	
48	21	10	11	28	93	83	58	19	26	45	36	83	11	29	89	67	41	7	33	2	15	43	71	11	19	57	27	62	8	9	33	83	69	31	59	4	7	71	8	4	61	15	50	81	46	4	37	-1	49	20	51	2	81	88	44	47	90	67	16	15	5	83	74	71	79	53	59	18	44	9	19	27	85	62	11	49	21	45	61	84	2	20	9	37	20	11	49	42	41	69	95	7	88	38	10	24	67	9	2	
92	60	90	19	5	16	2	76	25	15	26	73	72	26	99	90	11	58	55	39	9	68	37	24	16	38	85	95	74	13	90	32	88	87	31	76	55	86	64	86	5	34	67	58	30	24	99	31	68	-1	92	84	76	84	84	59	61	22	69	66	59	62	61	91	21	84	85	82	8	4	30	41	49	59	39	44	90	6	45	72	39	84	77	94	5	58	41	35	96	9	21	23	80	12	28	53	73	94	40	82	
84	42	86	72	74	53	49	91	83	68	76	12	13	42	26	38	86	77	34	78	56	96	27	20	84	67	74	27	56	67	21	67	25	67	34	9	99	92	9	38	11	35	78	29	91	96	42	99	96	35	-1	28	44	60	40	75	83	81	61	94	9	74	90	31	34	29	40	95	80	65	51	82	76	52	53	86	74	76	32	87	21	25	85	66	31	98	37	8	38	61	76	29	43	60	21	55	42	14	69	33	
58	76	44	29	26	8	44	77	44	64	75	74	45	83	95	97	89	93	47	31	64	67	17	58	46	44	18	44	43	42	18	15	62	69	49	62	3	94	93	35	82	22	53	13	38	56	20	76	73	61	70	-1	3	78	51	8	34	17	96	79	96	86	31	35	50	20	10	51	20	47	74	64	47	8	84	97	72	60	86	74	32	20	22	10	73	83	21	25	52	32	10	2	75	46	7	91	89	9	73	6	
100	99	92	12	82	18	45	9	70	4	24	15	37	9	60	38	84	15	97	99	13	44	52	87	98	63	84	75	89	48	52	70	53	21	44	43	7	25	34	91	56	21	42	96	34	32	59	63	69	71	47	80	-1	93	20	80	44	9	1	57	95	49	33	85	70	92	76	74	51	39	48	13	84	34	23	23	49	44	25	67	65	48	73	91	70	7	68	92	79	3	21	34	15	74	41	67	4	16	85	42	
81	61	88	7	32	63	18	37	98	22	37	32	24	68	43	29	26	79	45	47	38	41	47	75	15	76	91	61	70	18	30	24	33	34	88	80	14	63	11	67	19	5	27	35	91	66	61	45	23	6	81	37	67	-1	66	25	20	30	42	15	1	5	13	58	9	27	93	36	53	48	43	65	77	71	96	99	86	24	37	2	4	91	60	59	85	87	87	37	61	18	32	57	78	17	74	73	71	34	48	100	
52	52	71	73	84	3	80	2	99	77	98	70	52	44	53	32	17	49	96	22	34	49	16	6	88	14	65	44	31	79	44	25	66	15	34	54	50	51	9	31	48	47	60	61	86	20	35	34	88	47	12	12	63	20	-1	99	93	23	75	73	66	30	74	39	34	52	65	49	56	20	67	46	90	79	30	20	72	55	5	69	44	86	7	11	40	17	10	100	63	43	49	11	63	50	19	97	95	29	62	19	
59	22	27	59	96	62	94	70	22	81	7	21	87	32	94	62	29	82	89	41	39	4	88	78	88	65	98	21	20	16	5	9	32	69	58	61	44	43	42	89	27	46	24	31	29	44	72	89	64	27	43	18	21	99	48	-1	3	20	22	15	56	2	67	32	3	42	19	5	100	6	25	47	17	32	41	67	49	21	75	81	71	91	69	45	36	21	46	21	1	35	56	61	22	77	1	77	12	49	45	36	
3	35	11	54	48	75	6	71	28	16	41	92	17	88	6	55	75	96	2	66	81	2	17	13	10	23	98	17	37	78	40	39	99	26	43	40	35	91	64	89	35	88	59	83	55	23	88	53	50	81	88	17	39	84	36	3	-1	52	34	10	63	69	12	11	86	64	19	88	24	89	41	57	65	35	16	11	32	4	26	77	7	58	88	54	40	98	77	93	47	25	45	16	29	56	63	9	68	9	66	82	
57	8	83	4	23	11	24	11	88	8	27	55	100	30	78	86	40	3	65	52	17	9	73	99	65	72	4	76	35	54	32	25	94	52	100	45	10	77	53	5	39	36	45	17	73	75	50	34	57	25	65	89	32	91	9	68	29	-1	47	37	95	49	28	24	85	96	2	73	96	59	93	50	39	36	80	29	39	18	72	20	48	2	57	56	100	73	36	25	4	39	33	93	70	63	99	31	26	23	98	9	
29	59	60	75	92	77	23	90	49	47	46	13	42	89	50	7	93	100	11	37	51	92	43	61	53	17	42	48	13	75	35	44	93	79	82	100	3	52	70	32	55	92	57	100	30	100	13	52	28	97	61	6	17	15	13	31	40	34	-1	42	19	76	52	33	74	54	14	42	74	86	94	52	23	81	4	44	29	27	88	77	54	14	68	38	71	11	46	66	46	51	96	87	64	76	93	6	28	61	43	93	
61	12	39	58	60	35	57	15	93	41	77	67	66	37	64	97	80	7	83	54	19	14	97	75	84	10	39	52	89	78	29	30	63	89	23	100	30	5	73	24	30	20	26	95	74	70	99	6	66	11	67	83	84	45	90	45	54	4	34	-1	31	41	86	61	90	34	57	53	45	18	63	97	60	59	4	65	32	25	70	31	39	32	29	42	18	76	4	79	43	30	16	26	60	61	79	7	49	1	20	42	
85	71	29	92	26	69	37	92	75	91	71	77	5	30	99	84	14	52	71	55	86	81	72	31	46	52	71	63	90	72	82	71	41	29	40	44	24	38	91	8	39	9	27	36	63	89	55	44	17	2	39	28	37	82	30	4	18	14	85	69	-1	5	100	79	85	85	28	78	23	2	13	42	53	69	74	5	66	70	52	3	39	27	9	50	96	61	89	45	35	100	8	32	92	59	80	80	11	80	97	12	
86	17	22	95	3	64	78	20	5	33	3	74	94	9	17	98	8	33	6	5	50	35	89	70	50	24	21	83	68	19	31	59	9	29	10	20	33	49	9	42	50	90	7	4	95	43	99	53	68	70	10	98	78	60	41	6	45	47	73	89	15	-1	46	46	49	88	73	24	86	60	72	80	50	45	25	70	57	6	72	22	9	31	59	60	75	18	34	76	96	2	13	38	99	17	63	27	64	75	26	28	
66	68	4	66	76	94	31	83	65	93	29	14	100	43	97	57	58	76	42	35	12	64	17	24	7	6	33	49	67	37	71	31	58	45	42	8	64	81	4	7	92	86	1	68	84	30	24	48	62	54	92	85	6	97	96	17	11	50	38	48	2	63	-1	65	52	64	47	5	69	42	13	83	20	66	27	37	98	96	9	47	25	72	29	47	23	50	47	22	83	73	89	91	92	96	97	7	55	83	2	70	
9	90	51	13	77	83	86	72	23	88	48	19	24	34	81	31	40	60	19	46	34	87	98	19	74	27	67	2	81	46	5	72	16	32	8	82	10	3	7	3	12	60	71	67	94	65	90	25	88	72	69	25	88	80	54	51	49	22	89	30	53	51	25	-1	68	43	44	81	80	64	86	72	14	39	96	86	56	94	45	8	97	47	34	73	90	47	12	41	62	2	85	30	10	67	93	98	9	65	51	25	
46	26	57	96	48	31	96	52	61	29	19	22	10	94	46	27	10	90	38	75	93	44	76	12	2	68	36	96	33	23	91	11	18	65	6	30	70	17	40	54	27	45	97	25	81	32	89	78	32	38	84	44	39	47	99	77	76	10	72	63	5	83	21	98	-1	81	23	23	67	71	15	24	24	45	72	57	77	86	25	25	63	41	58	5	7	85	47	11	18	5	92	61	10	11	11	78	63	54	94	30	
31	100	76	96	50	9	82	9	42	23	2	36	70	64	98	89	90	75	5	78	82	40	59	63	87	63	27	16	74	37	78	49	18	60	41	17	40	88	89	27	20	51	82	12	75	2	46	25	23	40	48	21	7	35	1	34	12	96	85	69	15	68	85	98	91	-1	48	16	29	21	60	91	17	82	16	81	99	38	63	71	95	7	41	24	77	75	22	17	98	73	71	31	24	21	89	9	63	55	84	68	
25	74	41	59	21	70	23	12	56	38	26	88	20	46	57	18	28	63	6	19	11	64	4	40	12	54	52	85	63	47	43	57	82	31	90	46	10	90	35	78	90	80	16	54	84	11	61	69	40	63	31	32	94	12	2	17	51	20	18	26	14	8	25	40	22	12	-1	72	79	20	91	37	15	27	16	28	71	4	16	16	81	95	55	16	23	33	80	29	57	4	20	87	59	32	17	59	100	19	25	27	
66	87	20	72	84	70	86	99	89	58	35	75	19	91	7	86	73	82	37	74	20	87	37	66	20	65	21	57	49	28	30	66	28	15	67	41	7	75	86	72	32	32	21	82	10	6	34	44	4	91	55	17	95	60	73	67	89	25	3	26	95	84	2	45	91	36	18	-1	35	39	14	60	68	70	68	57	40	6	38	13	95	54	10	6	93	96	71	86	48	95	60	52	63	39	77	78	57	33	18	99	
3	89	71	75	11	21	48	1	38	92	62	100	86	38	89	1	31	34	44	54	70	73	14	24	88	13	42	74	38	42	93	39	17	35	82	52	100	76	15	44	27	43	6	43	10	13	78	54	14	14	91	3	4	76	31	79	12	71	27	98	63	13	25	69	40	76	31	63	-1	7	8	44	13	48	99	10	6	27	50	88	15	51	2	36	18	60	94	19	49	3	35	68	5	81	22	11	92	25	12	87	
68	50	68	81	9	28	60	2	72	72	65	67	69	74	61	55	66	86	70	91	97	22	20	13	77	51	25	13	11	51	100	60	10	78	80	97	64	92	55	18	83	25	83	27	8	6	11	69	5	11	17	49	29	85	67	26	76	2	87	92	36	19	95	51	91	26	21	68	49	-1	15	39	18	61	4	11	75	55	59	73	84	9	99	65	35	15	31	78	55	87	74	19	9	9	88	46	73	61	24	74	
98	74	2	33	2	51	98	29	94	76	74	90	22	7	21	21	55	100	93	23	96	82	78	41	22	78	7	59	20	93	52	99	27	81	45	11	95	16	42	33	21	1	43	38	85	15	94	37	79	27	90	58	26	84	99	22	25	61	84	76	6	79	59	4	23	51	95	20	63	42	-1	42	96	65	99	85	18	27	65	69	73	9	46	3	74	39	71	32	73	73	45	14	29	89	94	37	10	58	36	25	
57	91	99	10	33	98	42	45	93	14	80	75	74	83	43	36	19	76	73	10	82	21	85	53	44	79	72	49	12	33	20	34	88	48	44	35	76	28	6	55	55	64	70	47	56	68	71	12	69	66	39	76	86	27	10	14	11	99	63	35	50	46	27	43	72	48	85	13	62	60	34	-1	38	25	76	57	62	17	96	90	52	1	80	41	43	95	10	48	33	13	25	4	77	13	66	16	99	61	25	22	
11	78	60	76	42	82	98	26	4	99	35	60	95	46	41	35	34	36	90	99	70	63	44	19	25	64	58	52	7	4	57	35	74	21	33	14	40	70	94	77	60	89	81	13	41	100	55	28	14	42	19	98	39	100	30	52	75	79	84	31	59	11	10	27	49	29	16	37	60	25	76	93	-1	31	20	66	48	80	87	77	85	19	27	81	18	51	60	2	66	28	11	78	93	6	85	27	55	29	24	71	
68	57	16	40	20	20	99	50	38	90	92	6	54	60	50	92	4	4	71	96	79	59	27	30	5	56	59	4	27	45	69	36	69	40	66	30	12	8	14	97	87	43	63	32	39	22	48	68	30	86	26	65	25	85	3	6	13	79	95	81	7	2	41	38	34	44	32	38	86	46	65	67	75	-1	100	38	54	28	96	99	58	80	79	76	75	61	62	28	29	27	28	80	54	75	48	59	45	1	94	97	
72	6	63	65	52	46	81	55	56	61	51	33	72	72	16	70	43	63	21	1	27	28	18	99	95	66	66	87	48	36	38	73	92	24	26	33	45	51	25	45	2	1	26	54	59	60	96	14	1	26	67	66	56	36	19	95	28	2	52	38	13	11	51	32	3	47	8	37	36	44	100	1	76	29	-1	2	76	96	38	100	14	30	67	43	47	8	3	27	8	25	25	8	99	67	40	93	75	27	100	61	
22	15	11	32	9	38	13	66	93	25	64	7	2	60	55	70	45	71	88	95	74	42	28	7	34	2	98	90	65	2	95	40	79	36	81	98	51	37	41	15	45	24	3	47	68	37	76	76	71	33	85	99	22	47	58	68	23	10	36	15	58	46	96	74	8	21	81	73	71	99	53	85	46	99	54	-1	44	70	87	39	92	50	82	24	70	43	29	53	77	55	84	71	7	7	65	23	66	90	56	77	
51	8	69	76	51	26	60	23	79	24	88	39	26	17	2	38	37	21	54	95	66	97	78	27	23	27	41	12	65	80	95	71	52	26	72	59	66	93	78	16	92	4	66	26	27	84	81	98	11	5	39	93	40	94	81	27	82	22	76	22	19	50	21	68	53	21	50	66	21	61	25	42	42	52	63	30	-1	51	11	67	78	65	70	85	75	43	68	81	1	90	32	17	62	23	12	50	8	54	50	93	
85	13	96	36	81	50	67	34	8	61	67	45	52	30	84	38	53	94	57	67	79	43	22	64	64	41	91	66	71	14	28	75	24	82	69	85	17	59	14	87	32	26	99	29	33	91	48	64	27	54	73	89	30	34	16	97	12	82	27	49	5	82	67	18	39	75	69	71	1	2	12	42	98	58	67	1	73	-1	60	53	10	48	54	6	1	22	39	100	44	42	62	30	79	57	61	43	25	45	12	23	
30	91	38	49	3	49	8	8	71	56	4	19	36	57	3	94	49	99	29	60	85	77	32	30	4	84	52	57	15	7	54	7	26	9	16	70	58	22	68	37	21	70	47	31	53	78	48	49	87	37	97	71	80	94	25	30	100	10	6	72	26	77	69	41	28	20	40	81	39	70	71	14	62	6	42	32	55	59	-1	46	97	94	15	94	37	5	89	8	14	79	27	36	45	41	95	100	90	62	88	41	
88	66	94	57	12	33	30	93	94	17	64	93	44	17	50	97	27	52	46	94	7	17	99	10	31	60	84	64	97	29	48	72	87	71	93	5	14	16	36	64	49	31	44	56	69	70	62	70	68	29	33	31	84	55	25	19	74	31	58	16	82	58	38	76	37	71	42	40	12	14	92	9	94	37	37	15	33	32	75	-1	68	49	93	5	46	26	35	74	48	86	86	47	89	46	7	32	58	90	60	8	
53	82	3	40	75	52	55	69	56	75	79	81	7	88	14	72	35	63	95	55	36	72	6	68	87	96	5	7	73	94	88	76	49	73	87	83	96	40	94	17	32	75	87	7	57	31	50	28	75	1	41	41	16	27	53	61	21	56	13	47	74	30	49	18	3	48	6	100	33	4	36	44	14	97	100	22	11	86	99	22	-1	10	59	11	79	7	80	36	13	80	27	86	31	33	97	21	58	69	48	96	
72	1	86	54	36	40	46	58	26	92	19	19	21	95	66	7	16	90	17	19	6	87	20	15	17	13	31	30	8	32	24	93	15	8	54	65	63	22	73	34	59	5	96	40	15	23	61	99	39	33	24	43	66	11	23	90	59	70	93	54	99	62	72	34	17	88	39	35	14	17	39	34	29	53	9	48	42	66	100	22	1	-1	31	45	66	46	27	5	34	86	50	69	16	49	63	68	49	65	27	64	
82	33	53	50	95	80	58	8	42	99	31	44	8	62	100	50	62	14	84	45	99	58	86	14	55	28	14	65	7	89	73	20	68	84	97	60	22	27	68	43	70	66	34	36	57	82	49	9	21	94	69	67	73	43	9	37	29	93	36	26	41	83	27	16	79	15	26	97	81	19	24	89	27	43	100	96	33	60	10	18	49	29	-1	15	39	40	44	33	44	77	87	88	95	77	12	52	34	5	97	91	
3	77	48	54	19	63	50	93	56	100	62	6	63	65	48	58	10	84	99	98	38	51	76	75	25	17	48	65	42	96	51	49	64	43	34	9	64	37	26	52	25	54	58	82	34	73	67	73	71	89	50	73	16	55	74	37	15	20	26	42	38	11	53	63	44	10	72	2	16	94	33	22	90	23	57	78	74	24	54	48	91	3	10	-1	78	1	73	86	89	9	81	92	82	52	94	67	74	17	77	60	
33	31	60	49	90	20	67	35	53	28	88	33	77	84	74	27	60	45	74	32	24	96	26	88	74	71	37	73	62	73	42	96	60	94	76	6	49	89	46	72	27	95	80	44	22	12	82	52	23	64	72	92	69	6	82	63	33	80	80	6	78	75	100	17	34	80	66	26	35	55	21	83	41	7	32	82	59	11	8	7	61	99	68	58	-1	97	54	73	1	96	22	47	88	82	68	47	31	93	65	39	
12	87	50	10	57	95	24	93	28	1	96	94	50	24	85	74	13	87	93	55	26	59	5	10	61	12	71	43	77	66	82	81	23	21	21	43	14	80	67	25	18	71	95	18	74	24	90	23	26	92	93	84	25	73	29	25	50	73	52	16	5	76	26	65	4	95	56	2	14	45	83	9	40	30	80	22	11	58	7	57	53	35	65	16	27	-1	82	59	61	38	84	55	22	29	67	21	44	55	70	23	
13	53	26	17	37	66	82	99	48	60	49	23	74	34	21	66	3	96	20	82	72	27	99	69	21	34	41	88	53	60	53	2	26	31	85	71	90	23	2	17	3	95	14	86	49	65	22	98	33	32	8	54	23	35	14	61	69	8	92	38	75	22	86	18	63	79	77	15	90	60	43	6	26	18	89	9	5	93	53	75	90	39	33	20	35	3	-1	70	44	55	11	68	79	80	67	89	39	39	6	12	
9	14	9	60	16	23	42	37	31	56	51	3	89	59	57	96	23	38	91	43	40	33	2	10	16	83	5	87	47	38	52	23	39	87	58	54	9	97	79	43	84	21	63	35	75	86	93	28	31	50	79	20	51	88	83	17	12	48	1	16	32	76	61	1	27	80	79	97	28	52	45	50	64	8	33	54	13	56	96	83	45	65	67	26	93	77	84	-1	11	27	54	38	79	65	69	80	95	17	80	32	
68	90	88	60	27	96	37	89	67	63	18	82	37	56	97	6	60	52	14	10	69	81	67	86	92	63	61	63	12	15	29	96	55	26	41	11	30	63	80	79	63	98	14	67	27	52	77	37	99	34	85	4	97	91	98	36	45	48	100	60	49	23	10	36	51	44	11	59	42	78	89	34	66	96	26	43	9	82	13	52	90	87	4	8	55	32	39	95	-1	99	95	98	64	57	4	59	72	60	96	62	
100	67	84	100	75	75	88	65	1	34	56	65	63	54	33	89	36	59	45	35	96	25	17	31	67	17	51	28	76	89	83	58	30	70	81	29	74	62	43	38	34	7	81	77	2	55	46	51	37	52	61	76	19	65	44	76	32	97	15	49	71	23	12	100	84	71	33	44	59	45	79	91	42	59	90	5	52	96	41	70	100	98	76	3	35	3	47	7	61	-1	56	44	6	39	17	71	78	36	13	1	
94	5	73	55	63	61	47	77	57	55	53	75	26	78	22	46	40	66	32	10	65	88	42	14	27	42	36	93	90	92	33	4	73	82	13	80	94	27	79	33	21	65	12	23	95	66	4	88	28	86	84	94	91	54	65	62	96	65	52	21	62	29	23	90	98	72	30	69	92	79	26	43	69	95	30	65	53	58	15	81	17	24	98	6	87	67	87	87	5	80	-1	8	11	20	63	29	36	30	48	71	
86	93	99	80	17	21	76	42	29	44	88	48	33	13	96	55	98	95	39	96	82	2	42	61	96	54	42	62	13	47	2	18	3	1	97	58	97	14	26	18	24	40	58	22	13	34	70	74	99	50	53	73	69	80	97	34	55	58	21	16	21	75	77	28	41	21	58	36	55	98	79	74	29	49	5	82	16	82	33	84	16	51	27	53	30	81	75	95	76	19	57	-1	16	21	57	7	100	27	51	2	
77	17	6	96	63	77	43	72	59	2	40	27	88	1	4	15	29	77	63	93	22	96	24	10	5	68	84	6	38	6	60	84	38	77	91	17	81	6	27	37	78	24	8	78	59	86	72	10	21	16	100	87	93	58	63	76	20	78	30	15	92	60	80	33	31	55	47	74	95	35	3	46	55	28	65	67	85	80	23	72	68	13	82	13	64	86	55	87	52	32	18	54	-1	11	91	80	10	59	65	92	
83	18	25	9	20	93	93	77	62	85	34	21	32	35	100	47	14	100	84	84	47	54	68	20	3	94	39	86	49	82	17	53	11	29	54	11	11	88	20	91	82	92	17	62	92	13	63	17	19	5	33	70	27	33	89	88	57	39	58	64	82	53	83	42	83	89	4	11	11	62	11	67	69	45	68	10	22	15	24	95	12	22	56	93	4	54	56	26	2	22	14	41	19	-1	80	61	54	75	61	78	
39	12	88	57	49	81	57	75	93	95	44	94	97	61	3	58	38	22	41	63	86	36	92	19	12	66	62	45	67	47	18	45	29	45	73	47	30	63	11	6	3	55	29	82	27	22	74	18	83	97	5	93	100	20	41	91	71	37	24	90	4	83	40	31	12	43	3	31	20	51	72	38	69	81	22	91	1	35	69	96	45	81	83	62	89	94	32	32	77	10	9	81	41	82	-1	78	32	48	10	30	
55	40	29	3	26	81	91	30	85	51	63	92	64	32	93	38	11	47	53	2	85	54	6	26	60	34	70	60	90	68	18	59	91	66	68	49	38	96	71	22	88	57	19	60	71	61	26	19	11	23	15	30	43	58	76	35	38	55	17	87	95	98	11	22	5	19	29	58	51	39	42	53	57	83	7	60	44	70	8	69	59	14	46	1	69	13	82	87	12	93	52	3	14	33	32	-1	38	63	37	56	
53	88	96	32	40	39	77	79	89	87	5	35	89	49	66	3	11	79	39	82	26	80	18	22	88	56	98	66	20	53	74	81	63	85	57	69	18	11	32	11	47	85	72	75	35	3	73	94	91	93	24	73	53	33	15	97	33	43	15	65	67	93	96	88	91	55	41	84	84	75	58	94	13	65	13	31	54	37	77	46	49	84	88	23	92	55	53	95	34	77	41	17	76	65	25	17	-1	86	21	99	
47	26	69	80	77	4	67	67	44	50	61	40	41	34	95	47	36	90	95	82	25	64	38	100	46	94	45	60	55	95	19	17	28	19	85	43	60	43	75	6	91	52	13	69	13	70	86	22	15	20	28	36	11	99	81	12	47	30	99	49	83	47	30	78	4	63	45	69	31	63	54	66	50	48	96	52	83	16	26	59	74	45	22	29	1	58	6	66	54	16	93	55	65	42	13	98	83	-1	52	35	
64	26	4	75	50	37	46	71	65	23	45	62	7	23	86	78	91	95	69	29	44	97	71	22	96	49	19	4	57	48	31	99	83	9	45	59	96	74	80	93	27	29	1	23	83	11	19	87	36	44	98	75	100	17	75	71	67	7	59	51	71	85	11	43	97	55	74	1	36	47	9	82	76	80	35	75	98	26	11	69	94	89	51	43	84	86	34	55	44	62	85	15	16	44	17	37	60	65	-1	16	
77	4	17	47	50	100	9	71	36	63	55	23	77	40	54	12	17	78	15	37	54	23	23	26	99	40	18	72	44	39	91	11	7	97	44	98	6	97	37	10	65	92	24	2	49	34	87	34	21	97	18	7	36	80	86	85	88	51	99	22	21	54	73	30	88	47	96	64	85	88	2	60	3	92	27	57	64	20	84	49	92	57	45	14	70	40	35	71	72	62	18	99	23	69	66	58	31	86	5	-1	
