100
-1	58	84	37	96	32	65	6	97	83	83	22	64	24	14	33	81	94	51	77	6	4	93	43	41	65	62	68	20	18	57	7	42	31	61	60	33	15	11	76	34	69	4	12	33	3	45	7	50	68	67	80	86	39	35	39	70	1	14	15	29	75	96	72	84	80	6	90	11	72	14	9	10	26	50	46	81	39	23	90	11	52	3	90	85	44	24	55	46	81	52	90	46	33	94	43	75	100	99	37	
15	-1	4	60	45	32	23	37	96	53	92	31	90	62	13	6	93	65	24	34	29	77	37	71	89	7	71	39	10	27	5	14	99	17	54	76	52	77	88	14	83	12	58	98	83	65	16	80	59	7	27	53	99	43	25	100	25	71	9	29	67	60	3	25	18	77	7	3	38	94	68	20	41	44	44	94	9	57	44	98	74	46	72	71	36	23	88	93	88	48	41	46	68	57	91	100	24	71	55	95	
36	97	-1	8	24	23	83	30	37	45	78	42	19	40	4	56	34	39	7	62	100	23	68	32	77	71	80	57	61	56	62	93	11	16	74	3	56	30	90	5	59	25	68	41	71	40	87	79	94	46	13	44	33	23	48	25	91	99	51	48	2	41	4	30	63	43	83	10	42	76	5	97	63	22	70	66	7	5	56	84	45	56	66	82	62	26	92	2	67	4	67	97	38	85	67	77	36	86	82	40	
2	27	60	-1	41	1	41	69	65	74	85	27	87	65	1	61	51	57	90	56	51	61	38	63	99	14	11	40	87	93	75	100	66	82	97	71	13	5	16	82	77	80	11	32	13	73	45	64	84	14	86	15	69	78	89	41	39	37	91	66	55	78	75	5	80	28	84	5	99	80	49	94	31	98	27	59	94	2	52	73	68	19	33	66	28	28	73	71	88	43	45	79	50	12	83	65	1	43	31	87	
53	81	6	64	-1	14	58	29	79	33	58	86	94	20	62	5	57	71	5	74	98	15	93	9	25	48	26	94	84	70	60	34	25	7	4	89	87	67	22	29	22	43	68	7	33	75	86	17	60	82	45	72	66	8	13	35	9	28	64	67	5	54	6	33	15	34	26	61	90	61	46	83	98	11	93	75	66	94	68	5	27	23	63	51	91	78	21	23	87	50	15	32	73	74	69	24	5	13	65	85	
42	53	45	4	39	-1	30	79	19	75	97	11	53	34	91	19	56	57	98	65	57	67	44	78	12	37	13	66	79	30	66	56	59	79	58	63	46	67	68	81	61	75	59	43	57	76	61	81	33	19	27	20	70	13	79	97	67	14	8	43	90	80	50	72	10	41	17	8	50	53	100	99	26	53	13	92	1	2	79	2	27	34	18	90	8	72	38	28	85	59	86	38	93	93	35	71	34	4	94	81	
73	88	74	14	39	30	-1	82	79	81	12	1	73	47	98	78	7	1	13	3	40	90	95	68	55	12	98	29	84	23	79	8	9	17	85	48	13	18	34	15	51	10	94	56	66	3	7	8	64	95	92	2	12	2	17	98	21	51	10	48	56	1	16	4	84	36	76	15	64	21	93	83	84	14	56	80	66	5	29	32	48	84	17	68	33	9	22	39	60	27	63	14	9	28	33	85	91	32	45	18	
16	99	38	15	87	6	57	-1	16	100	24	67	29	75	78	84	77	6	99	78	52	92	42	43	26	78	92	87	44	45	59	95	62	24	39	6	30	55	11	78	81	8	99	95	39	57	3	4	8	43	20	53	16	98	81	91	54	8	50	1	96	18	80	88	38	24	91	2	5	53	3	88	34	75	4	55	56	67	2	46	86	36	25	54	72	85	77	35	43	21	56	5	18	83	46	98	36	96	38	64	
76	99	40	36	40	95	10	28	-1	65	37	62	67	38	90	96	59	15	57	76	19	44	20	63	61	38	35	55	22	88	1	64	40	66	15	28	65	71	79	17	30	13	97	25	36	37	16	83	46	66	47	44	43	17	17	24	6	47	34	54	80	4	74	49	76	24	44	57	34	74	8	97	12	30	69	78	16	58	42	64	96	1	78	28	94	32	5	57	76	90	68	7	71	29	32	41	90	89	27	62	
54	1	48	14	99	8	72	93	22	-1	54	5	21	65	23	6	88	77	59	19	12	47	2	86	90	57	21	98	52	4	58	99	98	26	17	74	4	48	96	19	54	49	16	20	32	72	88	47	35	52	14	7	72	58	12	99	99	44	40	12	26	40	19	56	99	2	86	6	99	89	2	16	65	54	46	47	75	11	82	46	63	31	86	26	52	95	3	44	42	29	90	22	75	90	15	23	84	86	87	41	
28	18	85	2	75	9	13	59	93	8	-1	42	6	15	46	70	14	66	4	52	87	12	96	81	57	8	20	82	87	53	37	1	90	89	73	33	38	50	6	67	71	61	64	67	96	47	80	40	22	25	74	90	26	83	44	32	56	67	28	13	28	86	1	19	6	11	56	60	86	7	24	64	11	89	79	43	75	67	75	1	39	77	25	6	81	44	67	65	99	57	52	24	54	83	40	6	87	23	77	64	
97	11	29	96	19	48	56	50	3	63	85	-1	7	7	98	52	16	3	68	3	49	19	23	30	22	38	25	75	66	79	83	78	73	19	72	39	33	12	46	5	57	28	76	23	50	73	32	17	87	72	9	49	87	55	31	71	4	11	38	42	10	70	85	7	68	97	87	27	54	53	19	68	56	31	88	84	62	66	19	86	84	96	5	53	28	55	23	54	25	65	35	32	26	26	19	50	56	2	1	17	
5	83	39	94	98	19	4	90	81	57	35	60	-1	58	8	6	83	91	20	66	29	66	57	44	23	40	93	79	26	2	98	9	52	14	84	75	99	56	28	77	75	58	98	52	11	18	6	14	58	73	53	63	46	95	34	74	77	85	59	84	58	94	82	50	66	79	91	29	3	97	55	5	97	11	17	11	15	63	17	79	24	73	10	16	94	39	45	15	11	72	26	90	39	11	9	50	41	37	41	66	
62	42	59	38	97	69	87	14	83	86	90	3	71	-1	36	20	92	97	14	24	9	97	79	40	84	65	54	27	84	82	3	56	23	3	70	24	42	42	67	95	66	29	35	43	97	48	78	58	55	19	98	41	78	23	30	92	88	4	18	84	8	13	94	99	62	55	18	35	31	79	81	1	36	71	45	83	93	55	22	44	37	88	20	91	96	32	90	51	85	23	52	53	58	78	9	46	81	18	14	67	
67	11	97	50	58	30	49	83	71	11	32	10	70	71	-1	39	99	82	53	95	27	27	64	32	1	22	72	78	86	10	60	9	56	96	27	37	25	34	98	98	6	59	26	50	33	14	41	64	48	72	3	88	51	62	33	89	93	4	81	13	50	11	53	11	71	13	72	65	90	94	98	37	48	33	22	49	100	65	70	70	18	85	15	21	56	75	43	79	84	88	39	95	14	46	40	21	3	26	3	22	
90	72	31	33	29	53	16	56	44	83	70	83	86	23	48	-1	56	56	12	9	47	94	74	35	16	34	41	98	27	8	95	7	19	76	31	30	11	66	63	4	25	75	29	53	87	86	1	41	22	46	18	49	33	71	14	81	71	43	87	11	77	70	60	82	10	80	67	29	55	38	52	74	60	83	93	34	28	17	87	57	30	62	10	85	28	92	73	36	33	53	44	27	41	2	13	18	88	14	8	68	
68	18	26	29	2	36	100	35	35	36	94	9	90	21	94	43	-1	53	24	97	18	45	18	68	70	50	75	58	57	55	31	82	25	82	4	42	98	35	8	7	78	66	65	52	33	26	82	83	13	16	67	15	61	28	40	15	95	86	58	83	24	19	30	17	11	86	62	37	58	78	61	100	88	5	19	6	17	99	17	54	96	15	82	76	22	42	66	5	32	30	14	61	2	64	92	69	9	56	16	97	
38	64	59	37	60	88	74	20	1	81	11	46	23	9	88	6	73	-1	86	84	94	43	77	99	74	25	76	36	30	4	95	80	60	93	96	16	69	28	10	3	3	44	11	91	34	68	76	1	15	9	68	31	66	29	55	65	91	79	90	30	56	52	28	40	41	94	51	58	47	58	91	5	13	95	78	97	24	1	57	34	62	48	5	86	41	25	78	61	65	38	8	86	71	8	75	67	7	96	84	53	
57	91	8	8	59	55	69	46	55	35	79	26	55	20	17	74	36	73	-1	51	62	94	95	75	29	96	6	39	66	76	12	84	79	50	67	97	1	34	41	17	1	63	46	63	41	17	14	67	65	65	15	37	36	92	65	10	26	49	72	20	100	79	6	55	98	74	98	13	35	41	28	97	70	52	54	16	44	90	38	60	73	14	65	90	84	57	79	5	57	83	43	39	29	28	94	100	45	77	96	73	
54	3	43	86	37	90	74	75	57	93	52	39	58	93	37	86	96	3	56	-1	62	47	19	55	44	42	87	80	36	37	39	48	16	67	58	29	72	67	77	100	95	99	30	67	89	22	84	83	94	63	25	37	87	63	4	84	70	17	68	87	18	96	72	39	39	9	93	87	50	35	49	86	93	15	89	20	70	15	65	61	6	30	99	47	96	89	21	6	78	37	31	24	7	32	56	61	29	8	8	37	
89	94	2	97	41	15	2	28	13	65	82	93	37	11	53	63	10	82	20	100	-1	83	35	20	23	74	57	67	74	31	57	55	15	96	74	68	65	2	98	89	65	91	42	42	45	96	9	63	20	24	13	80	83	98	81	91	32	28	34	82	6	13	74	34	48	88	53	43	89	29	64	51	55	87	96	57	11	10	93	17	100	44	98	81	11	19	34	89	19	88	67	75	92	34	42	61	14	56	19	92	
43	1	38	66	80	86	22	66	28	36	90	59	45	11	61	34	36	69	86	32	7	-1	11	40	88	2	79	34	100	43	97	35	73	33	19	7	67	70	19	93	43	99	18	24	9	9	79	43	53	22	96	86	29	6	65	82	59	74	51	24	31	88	83	13	16	4	74	20	35	78	87	60	95	34	59	11	39	37	4	91	77	60	69	81	1	10	53	32	62	17	51	7	50	53	25	41	43	4	51	83	
96	9	1	83	26	7	83	100	69	28	54	2	50	51	20	43	82	100	56	42	31	42	-1	34	79	1	93	43	19	16	48	22	6	64	20	10	38	73	67	12	62	68	100	67	47	81	32	96	77	94	11	29	41	8	35	77	93	81	22	99	28	90	26	18	84	97	90	6	78	38	98	15	69	22	87	58	42	40	72	10	78	4	33	33	72	23	78	83	68	28	2	90	88	88	60	27	82	5	49	20	
30	90	20	27	82	64	83	13	51	100	50	62	70	95	4	4	51	14	60	81	12	4	50	-1	27	33	32	75	94	19	47	51	93	71	97	20	33	28	43	93	28	47	1	73	7	74	33	22	17	42	80	5	87	66	47	2	24	77	9	71	23	79	63	30	68	19	92	96	84	59	25	52	73	81	12	24	61	5	33	28	20	90	21	77	76	97	15	82	69	11	39	44	74	43	41	11	34	40	37	6	
14	24	24	75	21	17	35	88	97	71	59	29	6	46	33	4	81	1	78	65	95	4	74	97	-1	61	82	53	37	18	42	34	51	83	66	35	29	27	96	72	53	75	76	23	8	7	43	48	21	89	67	26	48	69	67	98	72	63	64	19	6	21	79	9	35	44	89	6	39	76	69	89	7	50	21	53	40	26	56	94	65	49	82	94	48	73	28	27	75	42	21	11	100	87	17	28	93	5	26	60	
46	71	36	20	13	99	97	61	51	44	41	67	76	97	90	34	30	20	55	77	51	54	42	77	56	-1	63	99	82	71	65	36	11	79	82	38	96	1	21	29	39	19	44	62	28	66	28	36	46	85	41	97	96	84	13	14	21	98	5	14	98	79	49	75	50	53	53	62	80	69	45	63	63	12	23	64	67	15	26	18	82	56	97	13	65	57	56	50	91	66	15	29	2	98	100	95	85	70	41	40	
2	54	83	14	58	48	81	70	45	2	68	71	6	70	67	7	26	60	10	92	87	24	58	20	21	80	-1	27	73	4	20	38	48	93	64	10	19	94	34	93	12	19	84	54	52	34	8	61	96	29	15	60	46	22	87	85	44	75	45	90	48	15	41	79	75	77	74	54	80	28	93	39	3	11	49	7	15	94	38	35	71	12	51	49	8	26	24	78	36	88	52	40	89	7	62	5	20	14	30	73	
92	33	6	12	66	11	57	76	43	34	48	86	40	21	32	43	4	13	55	97	40	48	26	21	58	46	30	-1	67	28	32	14	8	47	59	37	40	69	73	36	64	12	15	78	82	20	62	26	30	56	41	24	11	80	43	36	34	13	21	15	86	22	19	11	30	30	44	70	27	93	15	50	68	27	79	23	66	70	45	68	27	16	56	59	60	93	57	75	35	74	1	67	26	66	68	77	96	52	38	44	
51	25	92	70	8	87	87	28	91	98	41	99	38	90	49	39	59	90	11	86	75	52	100	96	26	76	97	4	-1	93	25	43	49	99	5	19	65	59	88	80	30	12	89	21	95	58	88	95	65	96	31	19	72	23	91	88	27	62	73	31	51	59	49	6	63	29	10	82	79	89	51	16	46	30	70	91	72	72	41	52	94	37	85	66	76	11	59	75	39	56	92	23	20	26	57	27	51	73	35	28	
56	24	95	1	83	48	17	18	42	91	46	91	63	16	67	1	79	90	56	31	35	97	81	23	41	15	8	18	61	-1	8	48	73	75	77	96	22	68	83	14	74	61	48	26	36	67	45	33	70	97	72	75	30	30	56	97	85	55	74	23	43	64	46	65	97	22	91	31	18	12	19	26	23	48	2	97	55	21	41	92	87	14	26	4	38	33	38	75	91	33	38	17	46	86	42	11	12	51	60	67	
75	48	19	60	33	64	34	75	68	88	63	23	30	54	76	89	98	69	58	31	91	21	68	66	23	33	93	93	30	51	-1	72	100	96	96	84	5	5	5	84	33	11	57	44	86	45	40	37	44	2	15	38	90	100	65	47	10	14	70	34	92	96	50	4	54	97	28	89	56	33	35	15	74	100	68	60	54	7	1	18	40	94	6	74	55	65	83	52	82	79	45	10	34	84	44	92	18	46	67	51	
57	82	21	12	95	4	45	54	42	92	37	14	10	30	25	3	74	32	93	15	9	26	61	73	93	3	32	63	3	23	27	-1	93	28	80	37	22	55	69	67	83	46	7	48	14	49	18	43	69	76	80	51	23	16	12	8	78	21	62	51	97	54	96	70	80	70	24	21	78	6	28	68	74	71	62	6	29	81	46	53	23	63	21	51	92	85	39	60	26	8	31	41	4	74	9	17	84	26	72	54	
39	32	26	98	64	35	92	50	28	22	86	31	90	86	95	55	28	30	33	46	88	32	52	78	13	27	58	4	16	84	86	48	-1	22	42	25	62	97	100	6	26	39	21	27	9	1	6	46	29	88	59	60	82	80	77	27	6	47	41	24	54	28	45	21	87	67	7	71	88	56	74	38	12	77	17	67	38	33	29	14	7	27	70	42	68	88	37	26	41	52	37	97	13	50	52	68	58	5	59	22	
83	97	8	57	61	51	78	27	19	30	70	39	30	86	65	77	91	6	54	52	2	28	98	22	43	79	97	17	18	56	94	24	81	-1	53	66	67	25	24	69	8	13	79	61	62	69	68	32	51	29	38	15	72	10	72	36	56	29	26	12	91	96	34	33	32	32	64	88	100	59	53	49	92	94	76	7	85	74	95	57	63	72	57	49	88	89	100	24	73	7	36	78	42	49	72	28	86	73	41	63	
25	92	17	70	77	26	59	27	13	23	47	58	93	37	83	31	31	35	87	93	31	33	68	86	57	48	1	21	77	96	5	86	4	53	-1	85	49	9	91	33	49	15	33	98	42	73	56	71	49	97	11	98	75	1	82	84	37	54	96	67	22	75	77	52	33	35	40	21	93	22	59	53	50	57	60	9	46	15	48	85	68	54	87	88	59	34	51	88	78	53	28	14	98	3	11	81	93	16	89	40	
6	23	88	4	49	41	28	2	37	15	23	99	62	94	97	6	64	4	25	58	1	68	89	39	46	61	84	100	97	9	6	51	57	44	16	-1	57	74	34	97	85	7	81	71	22	21	13	50	87	2	62	1	11	42	48	91	34	88	38	98	94	89	73	66	21	36	57	75	46	38	99	30	94	12	9	41	45	45	40	22	28	81	8	6	42	50	41	82	74	47	96	42	19	58	3	48	39	70	58	79	
19	92	34	60	19	69	71	97	58	77	33	60	45	6	58	79	48	84	27	14	99	32	88	92	6	35	25	65	52	4	19	31	29	100	70	91	-1	79	89	95	59	29	5	49	14	49	40	80	83	4	49	87	74	3	57	46	43	92	32	62	37	65	20	32	50	36	43	99	63	76	12	18	98	35	97	49	2	73	8	86	31	24	59	63	19	72	89	51	13	56	73	38	83	5	89	1	45	75	71	17	
52	11	71	30	7	56	98	19	81	72	65	8	91	28	8	33	13	78	60	65	100	83	91	77	29	61	80	14	12	23	87	84	1	35	97	69	99	-1	15	63	49	11	95	91	59	19	81	4	71	84	58	31	2	97	68	33	31	1	73	55	75	31	59	100	92	95	92	78	53	3	77	96	93	20	81	98	97	55	51	93	55	68	31	89	20	8	76	88	56	32	76	72	5	1	8	100	97	54	56	35	
20	6	45	42	73	7	59	91	3	26	81	5	23	32	82	50	33	96	83	91	4	86	27	51	70	43	34	54	91	30	49	15	52	79	64	92	72	74	-1	80	1	34	45	56	47	17	54	15	59	63	11	4	90	28	35	73	2	87	34	40	74	94	83	87	90	19	45	85	82	41	91	90	24	32	81	99	4	72	40	89	55	56	51	60	9	10	51	23	71	57	96	38	17	31	9	79	33	36	49	1	
24	66	35	54	49	55	83	43	3	28	71	93	38	31	37	14	17	99	9	36	26	94	77	82	18	84	35	25	7	99	87	80	79	94	82	66	27	41	62	-1	27	52	21	30	2	68	96	77	71	97	12	58	1	65	96	11	29	89	43	66	76	4	24	79	61	82	73	47	6	70	80	9	64	72	51	3	85	6	7	31	6	73	63	46	62	82	42	16	14	23	22	6	80	12	39	93	25	18	83	48	
13	51	43	3	42	89	54	12	98	67	32	46	40	82	30	93	18	65	28	34	10	55	75	27	6	48	24	52	95	42	72	71	20	73	81	9	88	49	62	50	-1	56	32	59	87	97	75	27	18	98	60	97	87	100	33	48	40	50	87	71	33	100	94	16	41	11	64	32	47	71	36	75	77	99	40	56	11	44	44	32	83	81	81	11	55	38	82	27	27	28	2	24	100	7	90	60	18	33	84	11	
57	66	17	89	61	56	63	7	52	86	94	20	14	75	31	9	4	88	5	55	34	15	92	75	1	97	59	46	97	18	18	54	94	90	32	37	2	83	29	44	6	-1	70	7	67	44	46	79	19	53	51	86	48	86	43	85	64	72	85	36	83	48	95	13	9	72	98	69	45	71	55	99	52	51	53	14	49	41	12	51	45	5	7	50	14	35	69	5	48	36	96	41	80	69	80	14	72	89	23	29	
42	9	41	92	25	53	62	52	38	9	85	74	43	85	71	68	1	8	73	69	33	67	98	35	39	69	12	88	59	62	37	87	89	60	33	24	12	98	34	39	6	55	-1	2	61	54	37	72	24	17	3	26	56	72	95	26	25	70	24	56	3	99	63	83	99	44	40	13	4	74	56	76	70	93	57	55	62	60	61	5	78	70	50	57	74	38	33	65	27	7	46	67	51	2	15	81	66	33	33	24	
3	90	19	41	54	67	61	95	48	34	4	11	3	36	18	49	24	46	84	98	74	56	14	90	21	61	96	60	31	47	22	28	21	19	33	53	41	100	20	31	23	93	39	-1	6	50	87	47	47	69	99	70	90	37	84	18	97	28	89	68	52	86	5	69	14	19	3	60	43	29	92	17	58	84	71	23	9	47	95	77	82	69	15	29	40	4	58	44	11	84	40	16	33	64	33	96	93	52	69	54	
84	26	11	78	33	90	50	98	80	35	33	19	15	8	25	59	93	4	48	49	52	62	24	44	49	43	50	36	34	72	20	49	55	51	90	61	35	93	96	60	25	65	35	90	-1	58	3	45	38	65	80	17	60	62	97	95	8	59	50	8	52	64	56	50	38	77	68	59	63	69	42	23	95	17	34	6	7	50	30	70	66	79	84	65	79	70	81	27	15	57	50	27	50	68	42	94	64	9	53	52	
16	95	80	25	69	75	48	47	56	19	23	82	65	100	48	20	4	35	75	75	30	15	61	91	100	53	37	8	57	88	27	63	24	96	43	52	40	88	29	57	61	87	52	40	41	-1	99	17	46	73	3	94	39	2	11	38	16	11	84	66	92	99	22	89	22	23	48	100	27	82	23	72	3	84	63	40	25	20	89	10	71	24	10	54	38	32	62	85	18	63	17	23	34	27	26	15	56	24	53	41	
62	91	82	22	83	87	50	11	27	48	57	28	56	70	85	27	42	43	94	51	78	4	31	91	67	65	24	61	24	37	64	25	17	17	81	30	60	71	70	50	87	26	28	13	59	90	-1	80	18	66	78	7	95	42	18	31	86	73	89	14	60	20	12	96	33	96	27	37	96	65	40	7	64	65	37	6	55	73	34	70	58	10	28	9	22	55	28	76	49	85	27	33	23	35	97	55	11	59	8	14	
29	60	98	34	30	34	23	98	22	55	20	87	4	54	78	47	78	98	56	87	19	83	26	60	39	25	50	33	66	78	37	11	52	4	89	83	46	48	6	84	56	95	5	25	79	63	28	-1	73	25	45	32	3	25	100	91	80	43	14	62	51	98	5	74	69	29	25	92	37	42	12	67	89	51	15	17	29	95	47	66	20	71	6	84	93	61	10	42	88	47	22	56	53	72	81	67	39	72	47	57	
45	78	47	38	9	39	1	48	38	32	3	32	88	62	23	50	13	17	79	55	50	7	69	33	70	75	56	15	10	38	63	66	6	100	20	3	15	66	75	65	14	27	8	21	88	96	2	97	-1	42	72	14	58	39	60	75	93	94	64	31	7	46	26	27	12	49	94	50	65	20	58	88	69	9	79	20	79	37	77	18	32	20	7	74	30	6	17	61	72	75	81	59	16	18	49	96	82	89	32	71	
18	40	82	91	33	36	16	80	72	94	91	7	32	8	93	37	8	71	7	73	41	83	4	70	68	2	29	58	42	67	84	98	36	2	87	2	31	27	63	81	88	56	32	40	77	94	62	22	45	-1	32	60	96	14	14	37	14	43	88	36	34	54	47	48	62	52	38	64	36	7	73	67	62	33	30	43	55	83	86	47	5	46	90	30	47	1	89	10	21	75	65	50	74	19	52	83	45	50	57	17	
41	11	23	8	10	34	29	9	19	69	50	67	6	42	60	73	36	51	19	49	5	82	36	93	64	9	26	78	10	65	7	95	97	57	84	95	31	34	41	24	100	24	13	74	97	44	56	59	81	84	-1	38	9	61	38	38	3	54	32	75	80	33	55	75	88	84	67	53	27	76	2	25	35	99	9	89	16	62	51	38	38	57	87	71	7	33	1	90	28	62	96	24	1	10	62	58	70	78	99	49	
36	49	90	18	91	46	50	18	34	5	84	7	38	75	22	68	86	13	15	78	58	67	48	92	77	50	83	91	89	60	45	17	78	66	2	27	58	6	11	62	31	42	83	35	61	81	15	69	50	45	82	-1	98	99	16	5	53	77	11	2	19	8	36	3	93	74	95	29	37	11	75	98	74	36	5	40	69	93	50	31	38	100	85	85	55	98	91	23	71	28	34	18	26	95	83	72	36	39	84	85	
71	6	18	45	1	7	79	66	30	93	54	6	93	98	41	95	25	16	35	54	39	86	43	57	35	70	42	87	95	46	65	32	58	8	61	62	8	66	26	63	81	70	69	76	17	34	1	37	59	24	28	94	-1	37	36	43	25	14	62	83	57	77	1	50	91	6	28	97	59	22	29	27	13	59	71	67	48	76	60	5	23	50	70	10	70	100	57	20	51	69	42	16	54	47	35	3	30	26	86	55	
49	61	70	11	89	4	28	52	67	98	87	37	49	29	18	57	15	25	89	48	19	77	62	7	94	60	9	68	8	2	51	90	51	61	95	20	83	35	13	96	49	33	23	70	66	37	5	45	65	95	1	41	61	-1	97	19	30	56	61	77	74	3	63	66	25	19	23	4	52	39	8	79	99	74	86	4	18	79	22	82	47	92	23	56	5	33	19	20	52	93	54	22	27	9	77	55	86	75	67	23	
46	88	24	21	65	98	60	27	18	45	35	78	33	36	72	14	87	74	47	17	73	62	98	88	21	79	15	87	60	12	72	42	25	47	87	83	95	9	72	83	51	6	72	31	76	76	35	92	87	13	58	74	28	16	-1	77	16	62	81	30	5	67	62	7	44	35	56	76	50	87	34	73	92	83	58	71	63	13	94	60	41	20	98	67	68	83	54	100	5	40	7	42	1	27	21	99	10	27	3	12	
85	6	70	29	71	28	19	73	70	78	40	50	1	84	29	32	50	1	39	99	19	93	64	82	11	60	28	65	43	9	32	91	1	17	81	36	27	49	23	61	90	41	3	70	76	90	25	50	21	14	38	29	79	11	49	-1	18	16	14	21	12	79	65	74	12	80	82	71	11	32	90	96	60	77	68	71	39	67	34	60	59	88	18	56	71	39	61	79	31	39	41	74	73	82	35	11	83	92	99	12	
98	18	46	76	1	31	93	7	34	33	60	28	75	7	6	65	97	78	95	88	5	85	89	68	4	77	67	81	89	44	27	11	28	14	27	95	90	58	78	73	54	63	61	6	14	42	40	77	98	37	49	96	31	100	6	51	-1	16	15	65	5	86	93	26	81	58	39	60	67	39	12	57	3	28	40	11	30	3	74	13	4	94	86	39	17	10	78	73	38	82	77	10	27	37	6	55	38	67	14	17	
27	69	92	25	66	3	8	3	84	10	22	49	61	62	56	29	41	82	91	100	23	61	6	68	74	47	59	40	30	96	14	22	30	72	43	42	70	84	7	41	39	12	54	73	6	34	40	3	17	62	86	100	92	6	70	20	64	-1	95	9	36	49	37	79	15	49	51	84	4	22	71	38	82	56	57	15	7	89	1	56	89	81	2	91	50	74	24	37	63	63	34	22	99	14	77	45	17	48	47	15	
71	36	15	32	64	80	32	96	41	39	44	23	67	21	67	78	24	1	16	64	7	28	23	81	85	91	92	73	30	7	75	80	67	94	29	9	73	9	70	29	93	83	66	14	98	9	93	95	100	72	38	74	50	67	63	71	46	74	-1	15	22	75	25	60	36	16	81	16	58	11	59	6	31	21	23	100	3	60	40	87	75	49	25	5	83	98	7	94	98	71	64	6	44	21	23	98	50	10	21	33	
90	96	4	21	89	40	57	62	89	10	28	38	54	10	66	21	67	81	98	31	41	42	96	44	20	82	10	92	67	70	2	99	81	63	66	98	7	70	26	63	32	93	71	65	50	25	72	16	35	38	38	31	56	44	80	2	57	60	44	-1	22	9	50	55	87	68	59	58	30	66	58	70	4	57	31	25	5	93	29	23	7	51	25	16	89	16	25	90	44	91	69	37	73	14	71	9	61	81	50	76	
17	56	90	1	44	79	30	28	93	90	58	35	73	45	18	40	10	100	38	72	21	23	75	59	73	94	86	1	44	47	51	4	34	84	45	67	63	78	13	7	46	26	80	59	12	39	68	34	69	68	25	44	45	44	20	92	85	39	77	100	-1	49	51	22	14	93	95	71	83	3	95	15	41	16	100	31	53	16	52	81	81	87	89	4	54	17	74	70	46	54	19	98	13	43	79	43	25	52	83	48	
6	26	96	26	63	30	84	11	75	2	65	76	79	20	14	50	96	97	66	36	43	92	82	96	19	23	38	74	50	4	87	53	24	84	80	45	57	57	34	16	86	74	16	90	82	3	35	42	24	32	59	74	95	22	86	86	97	72	69	91	85	-1	88	87	96	65	58	4	92	63	40	79	47	86	95	12	5	63	8	25	58	4	31	29	64	4	72	69	82	96	31	70	55	78	78	80	54	25	16	54	
31	72	28	30	98	42	53	78	86	13	17	99	5	98	89	40	94	53	79	78	99	4	67	3	4	33	94	69	35	71	49	45	14	30	44	7	66	60	58	44	85	46	15	85	59	75	95	89	4	13	23	42	45	77	69	92	95	37	93	7	48	73	-1	73	86	69	67	53	43	80	46	80	29	31	60	1	23	92	70	93	31	18	9	19	64	68	7	17	20	1	68	43	52	63	69	98	11	12	36	27	
49	98	13	7	13	38	9	41	98	44	29	54	87	40	53	92	60	8	57	82	67	76	20	79	14	22	36	85	90	71	73	45	45	82	73	60	9	68	95	47	37	19	26	34	32	59	41	9	58	41	93	93	5	90	74	18	45	59	17	93	15	91	1	-1	23	32	86	77	10	52	31	42	68	49	89	74	54	42	73	24	43	99	43	49	1	70	61	97	47	3	48	98	96	73	66	34	26	89	72	47	
22	42	21	100	96	85	22	93	86	53	3	39	42	30	18	97	15	27	59	79	59	34	88	61	34	80	37	66	18	72	59	5	16	8	48	95	62	9	54	67	29	62	50	79	25	16	74	15	71	68	67	94	57	53	15	63	32	16	65	82	42	82	70	44	-1	39	37	70	81	39	93	86	87	72	28	96	50	20	63	16	78	55	43	48	4	50	61	60	60	42	18	56	18	79	30	59	28	60	81	94	
60	38	94	48	47	95	35	39	84	64	21	10	1	86	2	20	87	22	65	25	48	3	21	32	98	85	76	13	89	38	84	8	57	48	7	41	73	33	68	93	63	33	90	30	69	34	88	46	43	96	17	73	59	84	21	100	29	91	52	16	63	90	55	84	47	-1	96	76	30	2	46	1	56	57	10	41	6	2	96	38	6	62	37	17	36	24	72	74	11	76	65	43	20	89	60	93	10	64	83	54	
10	66	55	73	71	56	20	61	76	92	23	83	60	82	16	74	42	16	80	65	39	56	20	36	73	44	43	63	22	54	84	40	76	72	100	81	34	66	95	49	70	98	28	51	52	29	14	43	52	7	47	10	99	67	40	72	28	4	95	20	72	22	85	10	22	30	-1	48	55	53	19	70	78	54	86	10	30	10	85	14	57	28	9	66	79	95	33	52	62	27	53	97	52	92	24	71	21	11	82	88	
82	88	29	61	70	59	86	94	37	43	79	13	59	27	2	57	78	7	64	89	34	87	74	21	39	34	36	8	72	30	77	67	47	47	31	21	24	13	3	32	83	5	66	10	5	77	33	95	70	3	86	23	24	52	57	58	90	31	86	36	39	9	35	90	93	54	12	-1	10	49	80	77	27	9	5	84	15	27	35	91	13	16	31	48	68	49	3	92	29	76	93	89	30	14	3	76	84	28	45	49	
63	100	83	15	43	81	100	59	73	74	55	65	34	66	87	18	15	36	46	40	74	93	54	82	79	30	32	23	38	84	12	2	21	9	21	99	1	61	24	36	78	65	27	44	7	6	84	84	90	89	27	65	59	70	24	53	75	34	88	5	92	94	55	51	99	89	15	43	-1	81	9	99	47	58	4	5	95	35	44	48	86	98	61	85	35	43	94	65	10	17	47	55	19	81	81	63	31	22	26	58	
100	50	7	27	76	16	36	11	49	83	19	92	83	46	43	95	85	40	81	87	81	13	39	22	31	62	61	2	27	54	90	6	90	1	37	26	94	33	19	28	5	3	63	41	93	55	11	63	24	19	8	16	13	81	25	71	9	82	19	89	84	30	61	47	41	18	6	63	59	-1	93	24	8	4	38	4	37	46	80	81	28	28	43	82	59	8	74	94	87	31	50	94	93	24	30	58	38	44	8	19	
53	49	87	60	66	86	88	99	70	94	54	50	26	9	33	35	7	20	55	84	87	71	25	90	92	95	7	53	97	1	67	39	30	61	15	57	88	63	46	31	46	15	16	25	61	51	96	64	66	21	61	74	85	74	96	72	20	31	53	90	9	10	20	26	5	79	86	50	85	14	-1	60	80	87	64	47	91	1	6	69	91	91	73	3	24	30	24	7	99	20	82	67	62	95	44	79	1	42	38	48	
20	41	61	69	50	32	56	67	79	46	29	7	35	86	91	67	7	67	5	25	59	24	58	58	4	37	74	11	78	85	64	88	62	32	86	70	46	32	56	35	97	32	81	27	9	3	38	9	2	43	9	75	1	39	81	42	96	17	46	13	36	62	99	3	44	71	50	51	32	57	16	-1	56	65	55	54	1	87	46	35	98	37	33	91	40	36	63	63	38	98	18	74	68	44	17	4	60	18	68	77	
23	94	90	8	37	48	47	84	92	4	96	90	6	16	83	48	29	68	67	6	42	15	20	40	85	72	6	99	40	77	32	99	86	90	99	23	27	21	4	3	53	92	55	59	12	24	100	44	1	33	11	93	27	95	2	98	96	47	6	15	91	60	7	47	1	99	32	75	85	73	91	14	-1	95	44	36	57	41	89	60	47	81	24	3	27	1	28	42	68	56	57	39	46	72	83	98	26	84	97	21	
94	8	34	66	62	55	11	40	82	52	81	3	97	12	64	95	69	83	56	87	48	13	87	42	30	15	43	79	40	42	21	46	97	99	50	59	23	88	77	77	52	14	54	1	66	31	74	96	95	98	26	9	97	72	84	40	64	94	79	56	33	72	2	4	56	72	77	92	45	47	83	44	72	-1	39	35	26	97	98	28	88	37	77	35	88	14	61	20	31	96	54	75	31	17	98	69	69	94	80	45	
27	44	72	36	86	34	42	65	14	39	28	4	44	78	29	85	29	68	63	32	73	94	50	96	10	8	62	8	38	57	81	68	18	7	58	100	62	50	15	62	69	8	98	38	49	87	34	30	38	99	91	83	97	46	43	81	60	89	3	70	88	7	11	69	23	91	61	4	47	51	23	56	91	92	-1	3	25	1	25	11	98	88	46	9	97	86	59	36	82	17	49	47	32	41	93	77	49	97	25	94	
3	35	86	38	91	49	78	100	25	18	66	88	96	51	23	76	95	42	62	71	64	45	80	79	68	39	55	28	19	28	35	25	13	65	27	7	17	9	64	68	90	30	38	70	40	64	76	4	24	12	67	96	1	11	10	38	76	4	13	88	71	100	21	82	15	93	66	15	32	69	40	12	68	19	95	-1	65	94	93	58	2	60	92	10	72	16	81	70	25	55	10	78	84	42	33	89	79	48	23	11	
25	80	59	43	92	36	47	35	56	35	44	21	30	7	30	42	27	38	18	94	95	58	76	11	20	42	43	73	27	12	43	93	70	47	77	41	59	66	28	52	36	46	47	25	75	98	18	5	100	77	19	84	29	7	6	65	9	65	82	86	24	71	89	62	94	99	17	37	53	56	89	52	1	59	36	94	-1	14	60	36	57	72	88	42	17	30	13	51	38	35	15	98	72	90	50	13	20	12	80	41	
77	44	100	38	63	22	83	10	27	14	14	44	79	27	3	84	1	59	85	45	86	25	71	39	79	43	68	15	92	13	76	76	3	85	85	35	3	47	4	32	89	36	10	14	71	59	67	37	83	68	26	7	19	76	93	86	59	80	6	79	18	96	57	13	64	59	32	88	39	29	57	64	52	60	27	75	17	-1	71	35	26	13	100	32	33	31	32	53	81	99	36	38	38	61	98	98	10	12	36	16	
53	58	28	47	37	20	93	70	61	88	69	8	41	77	87	63	7	3	35	100	5	24	56	2	70	71	98	24	26	66	76	45	2	69	79	100	43	37	31	73	65	14	2	96	71	32	23	8	58	71	12	61	35	62	19	30	40	50	81	34	81	20	68	51	91	100	91	47	42	82	96	67	24	69	61	25	9	2	-1	18	46	64	87	57	40	45	45	91	48	61	51	74	40	31	32	52	67	57	99	79	
65	26	36	65	8	56	54	74	27	38	83	44	90	54	95	71	54	45	5	28	10	59	50	78	34	96	35	31	16	18	65	32	76	87	87	9	81	67	52	47	16	45	74	66	74	73	86	65	66	42	45	11	100	12	42	33	85	97	93	94	14	43	19	82	51	82	55	85	1	72	69	90	82	52	45	67	68	11	42	-1	56	48	8	7	12	28	79	9	54	4	16	78	56	46	49	70	32	31	97	32	
12	40	70	95	23	96	74	98	60	100	77	61	3	85	46	33	58	32	99	49	98	52	38	30	58	51	2	8	94	74	89	46	28	70	47	75	71	71	95	10	45	56	64	31	71	71	98	4	38	15	34	19	60	95	80	56	59	33	84	81	53	83	11	28	65	56	66	5	34	98	30	25	13	22	43	26	31	49	63	67	-1	91	38	19	59	45	83	24	5	48	57	25	55	5	70	81	47	12	89	75	
37	19	49	61	22	13	46	1	5	32	36	45	76	22	56	10	61	28	76	16	93	37	14	71	84	45	60	84	39	17	58	2	7	6	36	3	23	16	30	12	79	26	98	44	21	18	89	11	72	62	76	70	36	25	28	53	6	18	88	73	12	79	10	27	38	21	88	69	10	55	12	27	81	8	74	28	27	65	49	42	94	-1	39	33	100	26	4	80	47	47	4	70	27	9	95	57	42	39	21	8	
33	76	49	55	82	99	47	52	93	22	32	77	71	45	58	7	80	54	92	81	45	51	58	63	97	12	48	3	91	42	13	81	76	49	75	84	61	69	18	97	72	38	17	44	82	98	27	36	56	13	94	35	22	20	76	37	61	3	47	49	66	95	39	98	38	56	37	50	31	82	70	84	95	11	40	79	76	44	92	70	3	3	-1	41	78	41	69	95	11	2	35	24	22	76	34	83	99	32	99	26	
69	75	20	94	34	23	76	44	40	67	65	6	36	61	60	87	3	3	37	59	74	28	64	2	47	7	46	70	68	60	80	59	49	22	77	87	13	53	10	34	82	84	91	68	75	6	20	76	33	33	49	19	32	19	49	93	38	100	77	100	34	31	4	75	95	21	74	88	99	43	25	65	54	44	76	12	38	74	22	45	21	67	17	-1	100	36	51	56	39	77	44	85	44	68	18	83	7	38	32	47	
42	80	87	65	22	30	41	90	46	85	73	48	22	77	61	37	1	79	64	79	29	4	73	87	51	90	56	93	42	39	3	87	69	54	75	50	13	17	85	89	23	24	71	8	22	11	51	60	63	100	2	23	86	85	9	51	40	97	16	17	93	84	59	4	96	3	65	99	65	47	38	23	67	76	72	87	17	59	86	23	98	83	69	60	-1	83	54	83	64	40	59	68	41	96	91	10	96	88	47	48	
70	3	12	42	87	9	100	76	36	77	15	68	83	61	56	74	98	91	34	14	67	18	67	79	19	78	72	14	80	56	88	76	53	70	5	20	32	53	8	20	17	88	73	15	18	80	28	83	80	96	46	36	89	19	82	49	76	55	65	77	24	13	72	4	49	2	42	48	27	17	85	34	84	62	21	21	88	24	50	37	56	14	37	28	76	-1	91	46	9	40	4	4	25	20	83	90	86	54	61	65	
14	32	15	94	52	70	4	37	4	47	69	50	5	76	87	15	54	60	93	14	25	74	89	53	60	43	61	11	73	71	97	52	22	22	11	79	68	39	73	99	59	93	66	37	85	61	72	53	94	99	54	83	29	80	34	66	72	22	51	13	17	73	82	34	27	95	74	61	84	27	23	79	30	20	40	98	47	2	59	81	76	63	13	96	15	96	-1	17	29	28	74	66	91	67	37	17	76	100	33	43	
71	90	74	59	7	12	66	87	29	57	25	92	62	12	46	51	73	76	27	77	57	16	33	90	46	5	73	58	68	90	41	71	85	16	87	51	13	15	95	46	39	45	28	71	81	26	94	51	82	76	53	40	23	36	55	14	60	44	29	16	65	66	39	46	28	57	12	19	16	66	89	29	83	10	13	86	92	62	40	10	68	39	49	26	30	4	82	-1	7	92	100	91	96	44	44	39	99	63	69	31	
78	37	37	51	25	57	80	78	88	70	8	35	59	50	26	37	44	42	20	8	40	14	86	81	57	83	56	69	67	2	11	93	33	50	20	32	94	73	83	99	51	55	41	53	43	96	91	99	62	19	64	82	62	7	76	89	88	17	51	76	97	70	73	21	12	98	19	77	35	52	15	86	36	16	47	20	42	19	91	92	67	14	68	40	61	66	16	77	-1	60	46	55	97	6	65	78	5	66	46	23	
78	25	93	68	17	66	80	32	45	79	42	51	76	8	10	8	66	32	95	48	73	10	63	18	20	90	34	82	7	39	60	2	51	79	9	2	42	17	7	14	96	19	65	22	47	25	16	48	4	12	79	82	15	25	23	98	21	80	34	70	56	33	95	9	95	22	87	5	11	27	14	31	89	97	37	91	68	45	70	33	45	76	45	56	70	86	6	41	60	-1	84	67	28	20	69	3	45	31	82	95	
69	81	54	80	65	95	26	45	44	77	88	6	85	7	9	65	44	13	1	93	70	52	51	12	41	35	66	1	60	68	30	77	50	43	46	49	86	8	90	61	100	44	31	52	82	84	2	60	17	53	61	55	28	31	5	29	61	40	25	60	88	96	46	58	69	59	48	22	41	70	83	98	75	10	42	94	14	1	56	89	79	70	55	92	73	51	73	19	5	81	-1	45	52	43	95	47	73	12	59	88	
98	62	10	4	46	17	86	44	54	19	29	6	28	34	48	90	32	8	53	60	97	51	100	12	10	23	35	61	34	65	44	89	37	29	48	95	80	74	22	22	76	88	94	1	29	50	70	3	100	57	96	10	23	17	50	2	57	74	98	87	34	78	54	63	23	38	19	1	9	62	100	79	66	56	10	29	89	27	62	18	47	24	94	6	34	81	47	52	17	58	26	-1	66	8	5	61	48	77	1	81	
13	31	57	42	80	26	77	74	49	15	33	14	82	18	93	81	76	77	89	82	86	71	54	9	14	36	92	9	69	38	46	8	92	81	39	70	44	19	54	6	98	28	32	55	67	56	68	10	17	48	84	13	87	61	86	27	18	11	89	45	13	47	49	33	9	75	52	12	52	70	71	46	83	26	56	16	70	29	65	53	5	84	77	34	28	30	30	46	74	4	75	18	-1	18	3	34	36	73	10	72	
30	4	66	60	49	89	19	70	67	47	1	85	2	19	36	78	10	40	75	46	49	19	95	98	16	52	66	9	20	36	21	8	59	91	19	5	97	3	27	32	78	73	65	42	5	80	96	94	77	76	58	38	43	65	12	1	95	72	28	99	75	21	61	66	34	98	41	2	20	94	49	7	59	17	40	33	57	83	72	97	39	16	70	62	17	27	60	30	47	58	6	74	75	-1	28	88	20	28	32	33	
99	35	29	29	20	84	39	42	7	47	33	49	63	35	95	95	58	51	66	54	28	67	45	79	56	49	98	80	40	49	90	62	92	14	89	55	65	2	86	48	58	79	69	54	60	78	73	46	79	41	13	23	4	56	98	19	47	13	43	21	100	45	27	89	26	12	94	27	32	64	66	93	64	77	12	96	92	80	99	62	59	70	9	6	64	82	32	31	69	67	50	37	34	95	-1	88	32	27	43	3	
58	80	24	76	13	19	53	18	26	31	61	49	16	51	11	34	19	81	49	60	10	52	67	80	38	80	52	44	77	4	69	17	72	96	4	40	1	97	70	18	40	78	37	54	66	56	21	7	58	95	1	13	48	18	52	37	43	37	73	88	36	50	7	43	99	70	97	33	80	25	49	85	46	31	68	35	42	88	74	92	96	78	81	16	97	62	83	96	17	5	80	72	11	71	61	-1	98	89	89	35	
60	66	43	90	66	65	91	77	8	96	49	34	90	20	99	71	17	74	68	76	5	99	52	1	67	40	25	19	70	97	73	50	12	4	38	53	14	60	91	29	72	74	49	19	45	90	60	21	87	87	32	31	57	45	6	70	10	83	83	24	22	60	74	9	10	68	16	14	88	7	61	24	23	22	54	63	40	83	31	20	90	6	34	100	16	51	67	17	52	30	64	74	26	57	8	22	-1	25	61	100	
37	25	95	63	62	46	43	7	24	32	18	10	24	44	97	34	90	53	62	63	16	78	67	74	83	91	80	59	27	90	44	90	37	1	87	27	83	85	2	4	76	53	91	99	60	94	87	12	94	81	65	22	5	88	41	96	20	37	33	43	37	61	75	39	51	31	95	15	94	35	94	21	47	42	79	93	26	75	32	92	60	19	61	4	28	45	25	98	40	55	97	9	36	17	73	13	35	-1	4	40	
86	76	21	7	49	55	75	69	92	88	77	81	50	52	28	24	37	99	33	58	32	53	46	63	67	39	63	18	97	33	51	88	64	9	58	26	31	99	77	25	23	15	84	13	10	22	76	13	78	68	29	100	62	53	17	71	98	4	26	55	87	72	45	18	9	45	83	61	56	2	72	91	84	83	33	33	13	45	38	25	85	53	33	47	68	21	81	70	47	85	23	19	68	70	29	19	44	72	-1	24	
18	29	37	63	88	66	63	24	75	13	11	26	42	48	12	68	52	82	25	94	19	56	47	97	74	66	93	56	25	91	45	100	1	6	68	23	83	65	73	44	69	48	98	2	51	53	2	15	30	85	53	83	90	3	18	49	49	63	30	53	47	6	94	87	37	23	7	3	21	5	91	2	7	72	7	91	20	58	86	45	89	67	13	53	68	26	65	35	63	49	57	21	78	7	49	54	18	100	53	-1	
