100
-1	92	89	10	70	69	71	87	85	100	97	13	30	55	38	41	64	79	12	3	26	34	100	6	33	68	52	83	43	89	28	6	63	54	23	5	34	70	43	43	42	39	39	40	68	65	8	100	88	45	30	5	75	18	5	24	76	73	15	82	80	43	48	55	78	92	99	76	7	56	99	42	64	60	82	54	73	50	60	18	83	45	7	3	21	85	81	77	84	61	59	92	31	53	21	17	20	86	10	12	
48	-1	68	73	67	32	24	72	7	85	10	48	53	70	41	38	35	44	84	64	24	46	27	55	94	9	83	83	70	5	21	23	34	58	2	99	14	74	94	3	47	84	7	26	43	56	73	63	4	60	94	15	69	2	8	15	2	59	51	99	48	67	57	50	28	38	81	100	31	10	16	42	22	82	86	5	46	67	22	2	46	88	48	57	100	12	15	31	66	95	36	28	62	24	25	52	44	90	85	65	
13	8	-1	99	74	80	30	22	58	97	81	8	84	93	18	37	10	57	55	33	44	64	37	40	58	7	82	70	28	32	54	16	77	75	91	2	90	65	17	76	20	83	99	58	52	13	8	43	50	56	33	54	33	42	43	20	37	29	67	4	62	78	44	68	44	74	36	50	62	57	31	39	55	74	5	40	27	39	19	6	22	1	64	9	26	11	67	27	78	87	23	50	11	93	38	25	6	55	7	50	
70	32	68	-1	85	88	53	39	100	4	33	19	88	61	76	89	74	27	14	75	98	84	89	84	68	78	92	53	64	96	42	52	44	79	66	56	50	38	20	24	16	27	60	39	42	96	13	99	62	21	93	29	100	24	27	33	31	47	57	9	48	9	43	75	16	92	4	62	96	85	91	42	48	16	48	21	15	53	29	40	93	67	91	66	86	25	73	77	83	11	63	62	34	1	83	63	91	93	48	56	
68	5	30	87	-1	25	72	94	71	4	86	86	46	99	74	80	53	67	43	19	5	7	72	22	4	38	57	64	26	69	11	76	44	76	3	17	12	54	38	56	66	40	11	65	67	10	57	32	36	12	30	34	29	96	17	78	98	27	88	75	58	89	85	90	67	52	10	17	21	12	2	60	86	69	2	63	41	9	12	19	89	17	99	72	81	81	3	39	78	98	2	21	8	96	99	96	4	84	86	4	
37	19	65	65	51	-1	31	33	55	60	42	79	13	93	29	57	2	44	35	72	13	10	70	68	53	44	13	86	96	73	15	88	75	74	2	38	94	12	91	36	36	38	34	79	14	32	57	41	9	87	41	39	72	35	52	49	38	21	33	49	60	56	49	95	71	58	62	77	37	94	5	69	16	2	52	39	59	26	32	45	27	3	85	68	57	24	43	69	94	12	59	44	55	10	47	56	18	10	6	82	
49	57	16	58	18	39	-1	32	36	14	98	11	63	5	34	60	32	70	27	36	17	88	14	100	100	81	27	61	5	22	30	83	2	18	29	29	86	49	18	24	88	80	42	37	14	44	76	4	82	16	22	43	4	32	5	40	91	70	99	62	48	73	42	17	92	28	78	35	30	99	31	77	61	54	20	83	15	87	79	93	82	64	94	71	42	25	85	34	8	22	58	19	76	77	21	35	89	99	40	19	
65	7	54	90	63	34	97	-1	9	73	33	45	10	73	48	63	49	67	13	44	82	44	65	39	87	50	21	33	9	72	83	18	89	59	93	50	61	48	50	9	98	60	60	100	80	6	70	89	96	80	23	84	22	13	63	11	11	53	41	24	16	33	28	57	76	40	25	36	98	14	64	95	95	41	63	82	67	13	29	63	89	72	36	3	100	66	44	50	30	97	56	31	76	8	50	1	36	1	23	16	
54	41	38	65	63	79	18	87	-1	41	71	20	83	63	100	6	11	100	71	68	64	5	59	100	41	80	46	97	66	82	93	88	78	17	47	63	29	59	26	17	65	85	99	45	83	43	47	78	41	19	73	95	1	88	73	24	32	29	6	49	35	18	65	2	66	18	34	67	36	98	34	100	19	17	61	31	64	12	57	44	44	88	91	50	8	54	74	92	30	94	93	19	66	39	91	30	8	62	45	6	
70	85	16	59	100	98	2	6	34	-1	75	2	8	30	84	62	23	43	36	15	20	16	92	21	17	13	62	9	88	19	92	5	72	19	79	43	66	53	95	76	98	69	96	19	27	53	23	96	72	24	25	54	37	26	11	52	21	73	30	83	5	68	29	13	85	6	69	84	41	70	17	18	67	80	62	67	71	94	60	83	83	44	70	6	57	48	10	58	73	10	76	40	59	11	1	81	69	29	95	34	
88	99	47	1	73	84	86	6	62	85	-1	92	90	14	34	6	79	73	54	61	53	47	56	56	68	80	56	71	1	76	14	60	85	28	7	42	19	4	33	3	21	66	10	22	66	47	92	98	14	30	39	42	35	86	82	17	83	43	31	83	74	94	30	53	21	27	83	29	35	52	15	38	91	37	72	63	34	4	52	97	74	86	85	66	75	25	61	32	29	39	15	18	79	39	12	89	91	3	100	18	
65	6	90	74	92	74	65	66	94	36	19	-1	16	23	50	22	96	26	74	6	96	11	46	78	32	77	63	70	9	2	22	16	14	30	52	49	20	93	25	63	92	31	59	37	87	50	47	39	94	83	68	58	25	33	19	6	88	34	15	10	72	58	34	11	75	65	11	94	8	24	57	67	73	100	89	14	1	38	16	75	100	86	43	72	1	85	66	8	55	100	77	13	67	24	33	87	57	18	4	91	
57	48	48	25	48	5	6	34	7	31	76	56	-1	27	56	67	63	22	93	39	75	45	35	31	95	6	58	1	62	27	46	13	77	48	14	97	40	34	62	58	44	80	6	69	28	63	19	76	22	44	76	10	89	9	73	87	8	88	51	33	10	62	84	24	60	84	76	48	38	50	64	25	1	13	30	46	24	67	53	70	42	52	79	31	48	71	100	95	8	5	48	73	53	73	80	51	83	58	41	93	
25	61	82	51	93	30	99	75	96	43	46	45	83	-1	50	76	38	41	100	39	62	86	43	63	81	39	85	95	44	59	89	50	45	34	2	65	80	16	74	38	8	16	33	61	1	77	1	38	15	72	68	99	99	71	3	99	32	34	26	96	82	41	50	65	58	81	18	39	88	66	45	33	76	75	86	6	35	28	26	94	62	69	54	27	16	96	20	25	84	21	99	67	45	47	76	20	77	66	93	78	
52	74	72	99	66	19	93	69	41	71	68	38	27	8	-1	15	51	20	58	80	36	45	39	49	1	13	66	88	67	90	44	82	66	42	45	3	77	39	78	84	51	48	15	64	21	75	24	78	12	19	32	95	52	69	13	59	69	94	89	34	24	70	60	21	98	36	51	45	5	8	5	63	95	17	4	37	59	52	66	80	92	17	25	66	93	61	87	22	87	100	50	17	73	3	42	15	46	68	100	31	
82	5	36	11	21	7	86	72	29	20	42	96	22	86	12	-1	89	72	41	93	69	83	71	11	66	86	27	70	44	62	44	40	80	100	38	62	12	66	73	45	8	2	57	76	11	75	98	10	79	96	45	46	9	30	83	41	100	29	28	48	95	74	34	19	5	16	4	29	61	5	9	100	10	78	57	12	49	69	53	67	77	1	26	84	53	11	76	12	28	4	40	28	97	59	8	20	10	45	77	31	
59	62	38	77	66	50	95	81	9	35	56	71	14	84	50	65	-1	90	22	54	68	50	99	46	85	18	69	33	100	22	31	83	53	13	6	11	66	87	9	30	68	28	13	5	9	79	36	67	98	16	36	58	84	56	68	46	12	33	98	9	83	89	15	28	31	4	79	54	32	10	3	68	77	21	24	33	79	87	77	39	46	98	4	54	9	29	93	87	93	26	92	100	97	89	96	2	89	56	44	82	
6	94	44	64	64	41	99	41	39	39	24	52	59	13	59	79	27	-1	39	81	35	92	22	2	74	5	51	2	11	2	32	66	83	26	56	41	26	41	47	46	55	58	63	84	65	7	44	71	38	94	83	5	1	65	85	29	91	45	2	94	41	68	68	59	41	30	72	61	6	4	76	54	77	36	10	29	57	12	16	62	94	66	80	64	13	15	18	11	83	83	52	87	31	33	77	50	4	95	73	33	
72	68	4	54	66	80	56	92	58	16	92	95	46	3	75	50	83	71	-1	70	75	78	96	37	61	97	34	75	39	56	97	47	16	12	38	78	90	49	32	66	32	75	48	13	47	28	68	35	51	3	13	24	82	68	92	22	25	75	26	57	43	46	20	75	94	58	70	22	83	56	70	32	5	36	55	91	5	3	30	85	20	82	73	77	78	81	19	22	81	13	19	88	21	16	48	61	83	95	72	2	
100	42	75	66	95	13	75	45	65	35	57	41	100	10	3	61	86	42	92	-1	51	28	79	7	7	78	83	36	32	24	85	7	19	85	35	99	38	15	98	94	36	40	15	89	42	63	28	74	51	6	73	64	70	23	85	3	63	28	56	41	73	20	13	25	88	94	55	29	79	36	95	21	99	49	9	2	84	78	25	48	63	83	100	27	6	88	31	11	12	65	45	91	60	3	40	60	27	28	94	23	
7	27	61	84	75	60	40	7	56	40	3	35	55	40	41	37	4	38	93	51	-1	81	29	60	50	24	2	44	33	96	34	40	75	31	82	30	63	47	49	68	89	38	73	52	32	20	77	22	58	39	17	67	63	38	2	43	86	57	68	55	20	28	69	77	82	18	95	23	57	72	73	86	33	61	62	70	26	65	43	26	54	5	62	66	74	97	46	100	2	72	53	15	16	99	32	29	12	60	50	41	
24	45	99	12	24	22	22	47	55	99	93	72	28	54	40	44	66	39	69	38	72	-1	41	66	50	35	88	39	76	33	71	26	2	34	39	40	39	25	69	25	46	41	77	31	46	17	63	11	47	37	23	85	29	38	27	14	35	43	20	14	7	21	57	35	71	48	98	50	87	63	41	44	50	29	89	37	63	97	68	100	97	8	15	92	8	81	47	97	94	97	90	26	68	15	14	9	97	13	9	67	
77	33	38	42	25	51	35	4	7	80	92	22	68	18	19	65	81	48	12	75	98	69	-1	35	58	8	64	95	16	11	95	29	3	59	72	49	11	50	23	25	100	26	77	52	57	47	61	16	89	47	29	91	9	37	19	98	66	44	84	11	49	24	12	93	48	55	84	86	40	89	49	4	75	32	42	19	78	5	83	94	26	10	42	39	47	82	94	32	91	18	59	63	96	2	74	42	40	11	9	52	
43	54	52	94	55	5	93	90	88	96	49	12	87	35	16	5	3	17	96	96	12	12	13	-1	11	3	52	35	23	59	13	90	40	30	37	41	91	43	57	23	52	15	23	11	38	21	52	11	97	51	79	75	56	57	69	69	2	84	2	44	93	63	8	9	1	9	82	13	67	23	32	24	18	19	34	9	18	98	62	27	42	62	50	4	17	99	33	56	77	42	28	96	48	90	75	16	12	11	50	17	
28	24	39	59	88	85	65	66	65	57	93	64	29	64	31	10	61	53	11	74	67	46	86	13	-1	55	55	96	28	5	64	43	56	29	81	20	62	89	60	64	96	6	86	10	93	33	50	38	7	76	79	81	23	93	23	84	65	95	51	82	5	67	24	22	53	92	14	48	35	70	21	27	61	67	86	71	91	59	75	68	57	89	85	14	75	99	29	78	9	15	17	77	2	46	44	92	15	18	84	64	
51	70	71	38	14	56	32	38	67	30	19	67	82	5	56	50	1	56	16	72	25	12	1	25	53	-1	15	67	39	71	78	30	6	86	90	10	89	59	18	80	69	2	63	59	65	84	100	19	93	83	20	97	86	41	13	31	66	20	34	69	33	69	53	72	12	52	49	62	29	87	73	63	90	79	66	34	72	55	89	15	15	99	13	79	25	76	63	48	8	40	54	51	28	45	98	71	85	64	28	84	
80	8	80	28	91	21	34	8	82	9	96	62	17	98	4	98	3	68	5	67	60	85	20	44	58	86	-1	6	2	60	76	94	59	55	20	40	27	62	15	23	10	37	41	23	59	69	35	96	83	58	39	28	85	92	63	64	4	6	65	12	17	39	6	77	63	11	4	28	33	58	22	47	95	95	70	39	11	36	100	74	61	36	66	28	40	41	85	9	88	3	47	93	81	89	15	90	5	22	100	25	
21	99	6	3	47	31	33	27	40	18	19	21	84	71	44	72	86	80	33	71	6	67	42	1	1	42	95	-1	79	16	78	28	54	51	5	99	58	79	33	54	68	41	84	22	71	69	9	27	5	19	43	57	55	37	61	50	55	97	94	45	40	60	50	99	12	23	60	36	57	30	73	9	97	26	92	7	52	23	48	13	74	45	64	78	25	18	97	61	23	69	45	35	64	94	93	43	3	86	84	58	
11	68	39	29	76	48	44	10	81	50	31	28	40	86	45	87	64	47	35	13	43	26	23	31	96	69	9	74	-1	38	63	57	6	50	89	31	63	49	6	99	37	70	19	54	78	66	38	52	46	53	51	55	100	60	55	56	42	76	97	85	29	34	59	31	26	30	18	37	16	33	76	52	62	14	21	93	28	57	75	16	81	23	87	49	68	61	57	4	12	95	54	21	27	50	88	18	98	33	74	57	
41	84	46	97	99	74	12	39	57	61	87	32	98	67	69	94	82	40	74	28	20	73	77	33	14	55	8	67	76	-1	92	38	7	17	33	85	25	94	93	76	2	35	29	37	34	95	69	43	76	61	29	96	18	84	19	29	21	16	20	27	88	78	38	84	52	39	85	69	28	100	44	58	38	84	22	70	13	12	32	17	72	47	5	91	67	22	1	71	65	83	94	24	94	34	20	18	74	86	83	20	
62	36	23	65	85	77	75	73	33	95	88	22	71	94	16	1	96	23	74	54	29	13	97	27	62	66	17	4	3	31	-1	48	40	51	28	13	30	64	10	97	78	18	54	27	22	43	51	85	20	27	15	87	94	94	94	60	40	98	7	59	68	49	26	40	8	83	2	26	83	47	63	35	65	28	39	22	73	74	14	77	80	82	58	11	35	86	4	83	15	48	24	70	64	42	15	26	81	10	23	95	
82	18	3	82	55	87	100	12	96	66	3	27	59	48	51	75	50	82	65	12	13	83	55	31	44	24	58	78	93	20	91	-1	44	47	82	84	65	15	19	62	22	69	73	21	80	19	8	96	99	2	43	95	96	74	10	6	46	82	89	34	81	26	29	10	88	56	85	80	25	58	45	80	3	35	25	94	23	92	16	99	26	55	75	92	94	48	67	86	46	20	12	49	55	4	58	51	100	51	29	84	
38	6	19	52	61	63	40	64	13	60	87	1	56	98	4	9	36	65	25	75	48	89	80	85	31	29	53	92	8	72	96	43	-1	23	29	30	8	60	51	17	96	86	49	37	78	15	46	100	53	30	32	20	57	95	22	35	19	78	84	63	79	99	13	48	23	73	7	95	81	25	58	68	74	13	94	14	13	52	47	89	50	89	70	20	83	56	38	32	10	75	26	5	61	85	68	68	42	55	94	100	
43	32	73	89	1	11	12	66	23	6	74	6	46	33	38	61	11	55	89	75	40	39	60	22	90	99	93	47	42	78	64	95	2	-1	52	43	92	35	99	93	37	29	39	94	70	6	89	48	7	31	39	23	48	39	62	35	61	21	1	2	99	13	21	97	63	2	46	12	5	50	42	12	7	53	39	39	51	18	93	52	26	72	48	81	55	96	11	79	100	80	38	41	15	68	73	83	51	86	97	52	
4	43	75	82	52	24	19	65	100	18	55	15	15	34	79	30	13	83	91	26	14	97	87	13	7	70	66	60	41	75	82	64	13	98	-1	75	65	49	69	79	93	17	65	88	80	36	16	52	71	88	92	85	98	14	33	75	19	63	9	99	11	44	21	33	7	9	51	93	100	40	26	78	70	50	5	19	67	86	24	78	26	61	3	78	18	74	60	91	21	91	19	53	61	8	80	37	74	46	21	22	
3	30	25	100	5	31	68	10	9	26	100	26	17	65	47	1	63	33	46	15	10	47	25	11	49	9	44	10	11	29	53	26	3	28	11	-1	19	69	72	7	1	49	50	53	19	92	78	9	23	48	31	34	46	67	36	7	98	91	55	76	22	36	15	75	44	7	72	56	96	94	6	58	69	43	16	99	42	94	29	97	51	69	40	33	80	42	76	61	13	15	90	9	2	53	38	35	57	99	32	40	
58	72	7	44	2	92	82	21	35	94	31	99	6	66	96	92	98	6	72	2	29	26	22	43	1	96	52	69	52	76	47	78	15	92	4	79	-1	91	39	74	73	29	59	43	95	76	92	4	92	44	63	41	72	61	75	23	86	29	99	92	29	58	77	48	23	67	37	6	25	73	40	47	77	77	82	40	16	28	10	62	88	81	10	17	25	62	91	65	78	86	17	5	58	43	90	73	96	79	19	71	
31	19	32	88	94	26	53	48	11	67	61	39	71	98	6	49	38	28	80	89	31	29	39	61	49	50	11	89	55	31	43	73	1	14	26	19	88	-1	76	56	74	20	72	31	36	32	74	3	38	6	26	28	93	92	73	12	39	50	27	49	60	60	34	44	34	59	45	46	27	23	25	69	6	99	96	86	83	68	46	82	27	15	1	31	51	46	24	76	3	61	99	91	18	45	53	82	28	12	45	60	
28	70	87	98	16	24	2	34	77	11	10	22	15	99	36	63	29	81	75	72	33	70	98	2	27	8	75	50	42	26	14	17	42	35	2	78	92	27	-1	23	61	51	97	81	91	48	48	20	10	61	53	48	30	57	48	63	57	15	87	49	99	44	15	99	40	85	24	39	74	70	23	35	69	64	98	36	90	85	4	20	72	45	57	55	13	19	56	71	12	78	56	78	73	53	80	85	34	6	18	18	
40	66	49	21	66	11	89	74	77	70	96	73	87	15	23	28	6	79	74	9	99	76	91	23	16	39	12	95	46	51	33	18	66	84	61	37	6	86	15	-1	84	79	95	71	27	45	66	17	25	27	45	34	38	95	2	74	4	97	49	85	66	36	1	84	44	64	40	35	81	91	80	92	81	41	68	67	1	77	30	76	97	55	42	56	58	23	82	52	96	47	51	93	1	40	36	29	23	9	31	66	
90	64	53	4	2	45	13	2	88	60	67	40	82	94	8	11	12	83	5	80	64	91	25	86	17	75	33	58	40	5	39	4	11	82	93	39	42	62	34	53	-1	23	81	37	16	77	49	100	93	80	20	28	79	67	84	68	30	34	100	2	64	70	84	93	51	94	80	24	21	54	60	87	48	15	40	68	54	37	11	23	44	19	25	73	9	86	74	26	13	15	23	21	79	14	39	74	60	67	2	66	
9	82	4	8	67	79	81	52	32	6	40	95	33	61	30	62	66	56	69	92	45	28	93	29	2	95	57	40	75	63	72	75	36	57	81	50	77	72	29	45	71	-1	54	21	86	7	41	84	14	81	78	78	46	16	19	69	33	39	26	22	5	55	58	59	35	34	72	80	15	32	57	15	39	59	7	1	15	8	72	10	80	23	68	64	13	8	69	27	7	96	47	11	24	50	31	42	98	7	74	79	
21	6	7	52	54	56	13	20	13	90	6	44	14	65	69	23	99	55	73	51	22	82	85	30	40	26	6	81	49	94	36	56	98	92	98	31	15	53	81	83	98	34	-1	66	99	63	12	17	44	98	10	92	2	50	77	93	46	79	4	81	45	2	41	53	11	96	1	17	84	4	51	75	53	33	68	88	2	11	11	69	10	81	12	1	55	59	65	14	88	76	92	22	81	75	90	46	10	13	71	89	
27	10	19	18	90	34	44	13	21	6	9	41	1	3	55	14	31	85	30	49	78	23	50	77	81	14	26	27	47	27	16	81	85	50	23	86	82	29	98	21	72	60	89	-1	40	58	2	17	15	89	96	95	90	35	88	57	95	18	33	33	95	9	69	14	2	25	75	7	21	10	30	85	99	16	89	72	27	48	65	31	2	41	24	53	84	40	59	15	35	71	42	34	43	45	47	19	31	95	100	81	
44	85	65	18	12	88	1	50	58	35	60	49	40	71	1	64	3	32	36	42	98	36	87	23	86	66	57	12	25	87	7	91	78	80	42	26	95	41	8	15	76	75	38	43	-1	8	80	27	96	12	47	71	43	56	50	11	58	65	76	38	24	80	74	11	22	61	25	53	22	25	97	87	31	17	57	65	72	19	75	62	16	31	49	97	46	56	64	89	72	43	44	84	41	99	36	55	58	61	19	75	
45	54	34	12	97	6	28	25	14	100	45	39	94	35	99	96	30	87	70	31	1	9	96	35	1	59	31	21	91	99	47	94	50	5	100	56	51	95	29	48	67	13	20	16	40	-1	29	48	97	92	44	45	8	48	6	90	77	29	11	33	84	13	23	31	83	44	79	21	96	95	55	99	47	16	30	46	55	63	37	44	17	53	96	35	28	87	39	78	51	1	48	25	56	51	4	14	99	24	47	7	
98	42	19	34	86	97	96	79	46	79	42	100	14	83	19	39	27	96	32	71	9	17	1	100	77	75	3	36	76	38	89	42	72	3	6	62	41	69	31	17	51	36	84	51	70	7	-1	64	30	77	56	4	77	87	24	43	96	24	83	39	2	68	86	95	20	85	60	65	40	9	42	62	38	25	89	60	65	75	4	55	26	47	83	28	64	38	64	89	67	99	48	21	39	42	91	23	51	72	63	64	
15	28	46	22	33	23	63	26	35	39	4	57	90	71	97	35	65	28	23	92	73	11	13	16	7	13	27	77	87	35	37	62	31	28	98	86	71	35	82	25	16	89	25	42	98	50	22	-1	14	3	7	46	16	89	64	88	49	58	51	20	66	58	41	38	12	97	79	2	71	95	16	10	30	60	29	72	57	3	85	17	12	98	5	96	60	63	63	87	100	41	35	19	6	6	90	94	21	44	39	14	
96	97	50	47	64	79	15	33	23	68	6	43	66	99	72	23	37	95	6	63	40	99	61	55	88	50	10	37	53	36	46	9	94	46	89	61	12	78	54	88	32	69	79	36	36	81	35	29	-1	26	58	99	36	33	69	45	86	76	91	69	66	34	30	54	85	69	20	53	59	49	60	32	64	87	95	98	64	41	84	41	72	88	71	72	30	1	14	79	83	44	3	59	18	74	76	34	88	96	81	22	
82	40	54	53	14	28	77	61	31	53	4	84	58	54	66	27	73	49	98	75	5	33	9	44	37	45	89	70	91	28	65	80	10	41	19	99	39	8	91	26	12	42	38	7	84	61	83	95	92	-1	16	41	25	65	2	6	16	63	76	42	30	45	24	51	75	91	31	71	7	29	47	26	23	88	29	73	2	97	57	79	71	56	92	60	5	31	73	40	4	44	51	73	98	96	85	67	20	77	15	94	
93	92	44	17	43	71	29	26	77	35	61	18	21	69	25	66	39	18	82	66	30	95	45	45	38	2	82	49	93	87	52	29	21	26	4	72	10	49	12	76	56	16	34	42	40	3	56	32	68	36	-1	70	16	87	38	58	19	66	81	32	14	40	14	95	79	8	77	70	15	80	6	6	95	43	17	43	73	20	66	49	92	46	75	89	39	96	27	16	45	78	31	55	89	3	18	19	8	80	50	63	
47	45	1	32	19	27	66	97	78	21	5	23	76	11	48	90	54	47	55	64	42	54	40	46	78	60	99	25	13	19	65	42	15	57	96	98	9	46	75	11	34	3	37	91	8	49	51	74	65	62	17	-1	9	51	54	18	41	66	17	21	1	45	51	98	8	8	4	53	71	24	17	79	10	63	90	78	88	38	30	4	44	17	92	79	45	78	91	23	85	80	16	23	94	88	22	9	69	61	6	73	
44	49	9	100	89	100	39	52	7	48	72	78	9	1	88	43	24	90	55	5	62	28	96	10	44	19	55	45	72	54	47	59	96	98	40	76	53	22	36	83	31	14	41	31	24	53	72	14	59	79	88	94	-1	28	59	28	27	13	45	57	76	74	79	80	85	100	45	75	36	14	55	6	66	33	2	20	5	14	53	91	32	50	38	48	11	49	3	50	19	18	98	22	88	70	5	83	93	51	62	31	
23	91	98	34	99	81	46	41	33	79	94	29	77	88	14	9	63	32	35	65	37	38	43	21	22	65	15	10	96	38	11	71	39	77	99	38	16	26	5	84	99	58	79	66	29	54	87	90	76	55	72	41	32	-1	6	99	42	37	34	65	39	78	5	54	38	70	71	83	72	22	17	32	45	70	68	57	50	39	55	66	30	28	74	12	14	27	13	54	89	15	98	28	16	23	51	78	66	22	14	85	
18	57	21	78	68	72	28	87	93	92	56	49	83	88	15	30	48	47	9	52	14	54	49	19	87	87	36	32	30	21	21	85	26	64	35	51	49	47	3	73	39	48	40	71	84	4	47	46	43	56	30	2	21	75	-1	50	30	98	93	9	27	90	44	49	44	10	25	74	23	96	92	60	63	100	67	56	17	49	52	12	25	64	50	42	75	58	50	78	2	56	7	78	35	54	90	26	96	84	22	15	
63	1	23	12	22	53	77	4	45	46	87	94	42	73	65	62	31	93	39	44	81	73	91	39	88	82	45	87	60	63	8	89	30	72	76	74	17	4	45	75	34	23	23	49	86	99	72	73	99	43	54	5	34	20	13	-1	10	83	78	79	45	93	55	7	85	80	66	38	7	36	95	8	22	93	12	58	8	87	39	12	4	98	34	94	20	94	7	79	42	75	66	53	51	1	8	10	19	66	21	86	
43	72	32	7	48	92	61	41	43	91	83	97	18	77	52	76	94	51	73	96	1	17	50	75	62	67	62	15	94	99	91	48	85	32	21	79	22	97	30	44	31	54	61	39	29	10	87	8	2	96	54	7	12	20	50	77	-1	77	52	61	52	71	87	14	40	50	100	64	75	95	68	32	26	28	6	27	58	45	71	53	46	29	38	23	93	94	92	71	42	37	94	45	58	1	31	8	30	89	73	67	
42	48	60	93	29	25	61	75	5	95	92	76	2	99	95	14	70	87	1	95	76	89	12	22	5	97	62	7	38	99	58	65	63	17	89	90	83	23	75	92	6	3	99	34	7	43	65	28	94	57	80	24	33	54	99	29	1	-1	22	4	29	71	47	75	57	95	61	67	48	73	97	14	34	51	80	50	82	78	34	56	1	52	57	84	72	26	60	97	4	89	1	78	73	58	10	21	13	30	32	99	
73	3	28	60	21	73	27	60	27	87	51	19	66	6	70	69	41	14	42	57	52	86	18	31	55	47	72	3	96	28	71	52	23	93	7	36	72	35	39	10	27	90	15	86	53	50	30	84	9	19	77	75	74	9	8	39	3	70	-1	88	9	6	21	10	22	69	54	95	11	9	75	33	39	53	99	85	1	28	17	65	68	6	39	80	28	72	11	68	6	97	15	91	71	71	8	40	65	30	84	32	
63	79	99	17	47	25	42	98	49	85	11	60	29	11	100	12	99	80	51	85	65	33	53	52	66	55	26	38	2	80	29	93	87	35	48	22	98	47	2	30	97	22	35	23	63	52	40	68	52	97	56	68	75	87	13	84	13	54	19	-1	44	45	34	26	31	84	23	34	36	17	35	84	60	53	66	99	21	67	5	92	21	32	86	89	20	93	87	75	38	13	61	27	17	100	60	62	5	4	92	73	
8	23	26	76	80	41	76	49	43	28	61	35	51	58	81	15	66	34	73	3	43	8	34	98	77	73	42	15	48	70	22	49	74	29	66	22	55	94	78	30	4	63	62	39	77	94	77	6	85	10	37	17	67	56	98	15	65	59	80	11	-1	99	22	26	17	61	77	24	49	57	24	31	30	73	51	100	26	60	84	2	2	54	61	20	88	17	57	14	63	17	19	54	100	7	9	46	2	22	73	13	
7	62	17	91	69	14	64	45	1	67	17	16	43	69	20	8	78	41	21	100	66	20	71	28	48	60	90	96	64	64	81	95	98	88	11	14	70	78	38	86	28	75	92	47	44	17	50	6	61	64	6	50	84	91	33	46	75	53	5	82	67	-1	88	91	52	11	66	81	20	62	41	34	59	87	31	54	19	87	75	75	3	6	82	48	46	77	65	81	73	59	22	3	82	47	18	29	74	86	94	55	
65	41	5	11	84	45	60	90	24	22	46	80	66	28	98	89	46	45	75	86	83	90	44	47	66	71	65	75	75	50	13	98	1	75	91	53	30	56	57	36	50	6	91	80	46	1	57	23	33	55	5	80	70	50	71	41	44	49	70	7	45	89	-1	70	93	13	100	85	9	11	26	95	36	89	30	57	15	77	47	47	85	58	48	98	59	8	73	58	6	51	87	60	31	94	65	89	29	83	56	23	
86	97	16	86	47	94	56	53	21	10	11	23	24	39	96	91	80	55	12	74	1	27	2	55	47	45	35	68	76	96	18	1	88	34	73	45	72	51	82	11	31	41	25	21	63	91	79	71	58	17	38	55	2	72	41	33	17	2	7	72	84	69	67	-1	74	80	88	95	69	23	46	9	18	37	49	37	14	38	62	76	23	5	16	13	48	93	58	58	92	99	89	5	84	77	44	19	50	21	2	36	
57	25	65	73	55	25	100	19	50	34	100	73	86	29	23	15	41	7	49	75	24	8	10	44	86	57	7	26	34	99	7	2	82	13	58	50	89	45	37	26	84	73	49	88	57	67	57	77	95	51	81	50	78	61	49	58	2	10	64	76	82	63	81	51	-1	59	35	39	83	17	40	57	4	45	97	21	14	55	79	20	19	46	78	86	13	94	28	42	65	69	28	65	28	77	24	83	96	45	84	26	
18	54	50	98	79	36	86	29	11	25	91	31	77	1	18	92	60	99	15	41	6	23	81	17	11	60	86	89	100	68	63	30	73	77	8	89	67	34	3	79	7	71	89	22	10	77	49	100	29	50	86	10	73	47	87	28	89	26	17	55	85	31	20	99	1	-1	49	41	2	74	91	84	48	69	84	88	9	32	66	91	36	22	22	64	34	9	94	41	42	98	32	46	89	53	79	15	45	90	63	38	
30	87	30	81	77	2	12	97	24	5	63	11	29	17	84	37	75	52	27	16	30	74	22	28	47	97	95	21	43	67	99	85	7	81	51	55	4	42	65	50	79	82	40	17	72	88	27	21	14	48	15	95	66	92	31	16	2	93	72	53	39	62	92	60	90	17	-1	28	13	3	1	72	17	71	67	10	33	59	83	4	25	12	6	2	6	22	30	51	20	36	41	9	72	9	73	71	71	84	79	70	
7	8	23	56	22	78	15	93	91	80	20	18	20	15	50	35	25	100	34	3	82	22	88	11	17	23	69	23	52	72	67	4	66	61	23	95	88	25	40	80	4	26	54	3	6	49	55	42	69	37	21	91	74	45	8	61	40	58	22	89	1	89	36	19	65	61	55	-1	25	63	25	4	8	96	52	72	44	44	57	91	20	69	33	79	14	55	71	55	12	33	50	40	69	10	53	60	54	20	7	5	
7	59	100	24	16	97	48	3	87	88	63	4	41	66	92	63	61	53	49	42	92	73	40	34	22	97	63	33	51	31	37	98	25	81	92	36	53	57	1	75	4	57	6	67	84	46	11	66	80	52	12	96	36	11	30	54	60	12	99	36	90	7	14	30	86	31	55	64	-1	42	31	63	56	18	96	44	4	38	7	56	85	70	36	39	35	89	75	21	82	24	62	92	69	1	67	70	96	91	72	31	
83	80	56	54	13	50	11	16	91	63	93	25	86	95	82	61	61	98	74	18	7	10	20	56	19	9	76	1	34	27	25	39	91	71	11	90	88	4	37	6	91	26	22	12	37	40	26	24	64	24	27	83	84	69	17	18	60	88	77	39	10	43	76	15	2	58	56	55	87	-1	15	71	86	21	3	60	15	44	45	66	87	86	62	66	54	43	46	45	90	50	86	58	8	1	6	40	10	85	94	59	
65	23	35	4	8	86	11	86	29	49	45	64	94	88	53	32	26	46	8	96	65	70	87	51	73	51	81	90	62	95	2	69	1	11	81	20	4	72	6	53	77	30	93	43	5	85	41	12	63	27	48	51	49	52	18	69	24	3	52	29	18	42	19	45	41	37	21	35	27	23	-1	83	60	21	69	40	52	92	15	81	38	28	56	14	21	67	83	47	31	86	43	94	21	78	20	16	59	66	55	50	
90	39	37	51	87	52	51	87	70	79	64	65	86	51	37	13	14	27	1	15	5	84	57	40	58	22	43	74	92	21	23	53	56	21	92	85	23	58	95	65	69	74	73	31	13	91	48	41	63	18	64	6	4	40	66	81	29	83	81	17	39	80	67	6	65	6	93	6	34	31	95	-1	91	17	29	70	16	82	76	36	19	31	10	85	75	51	12	98	98	81	3	18	36	4	89	52	40	42	4	60	
73	35	91	9	45	11	16	3	7	74	30	80	59	42	89	28	51	46	50	13	30	59	79	32	71	4	54	45	47	10	9	37	19	47	58	2	22	42	20	39	58	76	78	1	96	81	25	13	73	70	12	10	38	65	55	13	63	2	17	52	40	17	100	16	88	40	52	74	51	94	43	32	-1	65	56	10	87	91	95	36	75	18	46	13	27	42	69	56	79	32	2	17	43	91	8	32	12	59	61	26	
29	43	48	35	88	1	58	47	29	92	24	89	8	5	10	72	66	53	63	24	28	33	57	58	63	95	22	51	27	21	66	94	6	7	47	62	68	78	75	77	25	74	41	32	54	59	11	39	68	3	69	17	45	99	62	11	92	73	91	12	15	5	60	41	15	2	27	6	51	47	6	89	1	-1	33	41	96	78	16	4	65	81	85	73	6	5	70	57	46	78	32	47	87	81	80	58	16	2	85	85	
97	39	1	31	33	62	26	84	31	96	15	29	94	48	15	87	14	34	93	62	98	8	73	11	32	20	89	16	33	16	32	16	17	14	39	75	63	44	33	58	64	11	68	66	10	91	65	17	79	10	52	74	35	72	23	34	51	14	21	75	70	9	78	72	93	86	38	9	93	55	89	12	7	17	-1	1	76	25	60	97	65	20	34	44	68	89	92	95	65	28	25	64	14	73	4	80	38	1	77	77	
77	41	71	23	89	88	52	7	62	15	48	34	94	5	90	5	97	29	1	29	75	67	78	53	61	56	27	89	57	37	68	45	8	54	7	50	62	84	49	57	9	93	47	18	29	53	18	74	24	81	95	20	36	52	41	92	89	58	4	78	33	40	90	6	5	47	44	79	62	85	56	61	7	33	20	-1	53	57	30	42	4	61	78	41	57	76	15	10	99	13	91	68	42	66	72	97	95	80	98	38	
78	53	32	9	35	98	44	69	64	90	51	41	83	60	49	81	83	24	4	97	91	61	95	87	6	21	37	23	24	98	22	77	34	55	49	95	72	66	3	28	67	72	17	12	9	22	20	53	99	31	20	65	67	73	10	33	45	17	57	29	11	25	59	53	95	21	9	59	72	37	12	38	37	8	38	7	-1	21	90	20	2	32	45	5	67	61	66	8	77	96	75	37	91	45	16	89	29	98	30	98	
30	38	53	45	7	3	93	43	30	65	52	74	8	99	11	25	43	49	35	29	32	19	73	65	41	61	60	84	6	39	22	54	53	87	98	72	47	89	24	12	73	58	9	41	22	4	32	22	49	48	57	9	47	97	85	9	30	33	67	88	17	1	66	27	31	38	66	99	73	5	87	6	43	95	72	76	66	-1	46	8	58	33	18	79	16	36	39	15	22	28	5	52	6	67	97	25	87	87	52	35	
25	39	90	100	31	41	77	97	5	62	13	100	8	22	54	1	54	51	40	57	2	57	66	11	44	99	91	91	85	92	64	56	85	31	34	7	49	15	11	84	47	35	51	31	95	69	97	63	23	86	25	5	35	62	12	85	39	92	42	85	16	75	51	26	13	42	58	78	98	69	46	50	90	85	93	49	29	11	-1	26	86	88	31	73	79	83	7	78	57	95	25	62	85	34	84	97	20	76	31	33	
51	68	27	5	14	54	8	70	3	65	5	62	33	83	83	21	93	96	39	73	91	49	83	24	70	98	19	57	58	70	32	28	86	65	96	17	81	91	75	95	63	39	30	64	80	70	42	29	57	69	96	80	96	67	54	60	41	24	100	96	5	59	43	30	73	43	74	86	98	85	92	47	100	7	13	69	16	79	76	-1	80	75	13	100	24	91	51	62	53	100	4	66	21	71	7	70	20	66	5	75	
23	21	52	33	20	7	5	5	84	4	40	25	86	13	90	60	36	72	100	66	48	6	18	78	9	10	74	19	1	8	3	36	81	22	8	11	39	78	85	43	95	88	48	28	45	65	11	4	89	48	77	32	12	16	58	16	47	90	21	99	2	44	37	44	51	82	1	42	83	96	47	15	87	25	26	66	78	86	32	15	-1	95	42	48	58	38	8	65	12	28	86	74	25	75	41	59	77	34	60	43	
41	88	45	8	65	26	46	4	88	36	61	97	95	41	82	76	49	42	32	97	18	55	54	58	15	95	31	65	61	1	61	83	34	52	98	98	88	52	63	37	75	53	32	94	98	19	81	89	9	95	60	27	5	34	94	66	51	94	38	39	46	1	31	27	7	88	26	34	34	40	32	49	18	93	42	95	97	99	25	47	81	-1	61	58	12	3	82	87	16	58	66	19	77	30	89	68	57	25	75	62	
45	69	79	54	64	8	9	24	25	24	22	17	10	79	30	89	54	86	21	52	2	28	21	53	91	69	63	76	79	52	79	96	9	18	29	8	34	36	9	40	50	23	71	30	38	85	43	10	75	87	47	61	74	25	67	85	9	37	20	69	3	52	56	86	56	53	53	19	83	67	60	49	91	61	36	22	87	16	39	74	9	57	-1	99	91	22	44	65	53	76	96	74	13	36	64	19	80	60	37	95	
86	27	37	87	3	48	28	45	28	81	96	7	26	42	2	22	1	29	90	34	55	82	24	9	43	49	61	8	20	15	84	5	57	87	46	37	15	42	62	71	24	9	49	34	10	41	44	100	59	46	68	19	23	5	23	16	48	48	87	18	16	96	28	68	24	45	69	51	60	35	24	26	3	25	70	26	60	85	65	92	45	59	84	-1	88	7	67	78	92	87	4	54	2	99	59	90	83	56	18	16	
24	42	45	26	61	32	82	57	79	10	44	22	98	20	15	82	64	97	42	96	45	36	21	46	67	98	75	78	51	68	55	65	41	26	35	35	37	23	1	44	18	83	29	38	59	19	30	80	96	1	85	71	54	12	31	15	50	36	70	84	87	84	2	33	50	71	16	5	53	69	64	68	55	68	36	48	91	91	16	92	23	61	99	13	-1	39	13	38	16	43	65	11	55	5	45	41	40	82	65	86	
6	82	73	25	4	57	80	77	75	13	95	53	40	10	11	38	23	61	49	74	42	57	65	86	25	33	30	15	37	97	57	56	99	7	47	30	62	21	63	12	29	90	3	85	82	77	82	37	53	56	4	71	21	100	9	96	80	68	99	3	22	45	57	50	28	17	84	29	56	62	89	85	72	89	63	93	74	66	99	80	43	99	77	61	85	-1	69	68	91	25	86	93	15	85	63	72	12	92	8	23	
69	36	57	91	89	20	55	4	15	18	16	81	35	49	39	44	73	69	84	39	72	88	66	58	94	27	86	67	66	45	83	76	62	20	6	64	62	43	40	29	60	44	17	8	50	82	36	93	69	79	56	80	87	80	97	93	12	48	64	72	52	21	50	72	20	32	96	96	29	32	35	58	73	90	54	56	57	43	16	89	11	21	86	77	1	67	-1	6	67	45	87	45	42	58	81	31	13	55	66	8	
40	95	58	36	52	88	26	66	62	68	48	54	43	93	72	33	82	92	67	30	66	65	50	30	61	24	1	15	54	75	16	13	75	46	18	21	50	15	97	50	93	79	1	28	75	73	48	14	33	58	53	13	53	76	83	47	78	70	13	37	16	24	16	39	74	56	28	31	36	88	46	29	42	3	62	91	22	77	33	69	72	9	49	2	33	82	31	-1	43	32	97	100	67	9	74	100	40	71	7	56	
25	75	81	91	48	27	66	38	70	27	95	78	61	31	71	98	25	92	19	78	62	92	91	68	53	16	1	41	90	32	1	21	28	74	25	82	11	2	9	94	98	78	50	8	79	36	54	34	11	60	23	80	2	20	86	71	84	65	41	78	21	48	57	1	11	17	24	8	77	11	61	82	82	11	29	52	34	77	16	7	68	81	95	57	17	78	64	86	-1	88	97	67	93	94	4	38	86	80	69	9	
93	62	24	92	2	7	39	54	35	62	5	32	86	7	70	97	68	87	50	91	45	32	63	49	64	88	83	94	93	55	72	82	33	44	11	28	14	92	54	12	92	25	97	22	31	17	95	66	46	49	18	13	95	61	60	89	44	9	93	88	22	57	81	6	92	20	32	72	57	70	54	87	94	5	28	58	50	89	96	63	87	62	92	60	42	58	62	21	21	-1	18	39	100	24	86	57	45	37	13	45	
11	97	77	57	63	44	42	98	96	74	28	62	86	63	48	43	79	72	80	55	15	83	69	51	90	9	13	14	95	37	36	36	51	48	24	18	24	19	5	72	36	52	74	91	97	10	12	4	30	62	58	70	33	26	74	60	38	35	51	71	85	68	60	16	75	11	96	41	18	31	46	72	66	89	10	94	23	71	88	34	20	8	97	84	9	45	1	51	68	15	-1	52	60	73	74	79	30	51	77	84	
75	94	28	80	52	50	39	93	92	92	91	32	89	11	57	13	48	6	9	4	42	57	81	42	94	20	99	45	77	95	20	57	79	30	94	44	60	8	46	86	51	59	86	92	54	78	79	21	62	88	86	70	12	27	20	24	92	18	94	68	21	7	2	86	58	7	52	65	3	37	4	94	50	54	72	70	39	10	60	85	35	14	16	69	97	19	38	72	91	24	45	-1	13	58	3	5	88	26	70	91	
28	85	51	31	96	78	96	5	65	50	45	77	7	90	82	75	66	2	22	25	3	33	28	42	38	73	43	95	14	77	93	75	8	38	79	61	45	2	45	40	27	91	4	90	24	59	15	42	16	22	74	62	4	44	52	10	91	81	75	28	97	19	54	32	6	23	70	48	32	2	85	75	32	89	59	79	91	86	42	34	27	45	61	45	39	92	50	44	44	59	28	10	-1	37	98	27	98	9	59	15	
100	94	34	72	4	82	68	62	79	94	28	17	35	5	92	85	94	14	19	76	46	24	13	76	35	45	12	54	8	3	30	25	15	3	67	27	96	66	80	82	12	29	84	65	33	8	42	32	12	71	87	81	46	51	41	81	53	6	32	6	4	21	81	26	3	74	80	64	18	67	42	1	48	5	66	42	88	52	71	32	25	30	31	49	53	2	39	17	26	75	43	23	28	-1	61	14	93	2	64	34	
36	80	22	25	53	16	30	99	100	28	78	48	39	43	84	96	31	7	13	61	74	11	53	76	41	25	43	36	49	98	68	95	59	88	30	1	20	96	23	18	96	16	86	4	16	95	33	77	77	52	7	93	26	79	80	35	95	46	74	36	68	64	23	81	50	60	41	3	32	19	45	68	80	53	27	99	43	1	84	42	34	4	33	46	27	24	67	9	23	45	23	40	69	27	-1	40	48	87	6	35	
54	68	7	95	7	38	79	17	53	48	28	49	39	82	78	98	61	16	24	34	24	92	76	82	67	92	69	72	34	84	82	45	10	23	98	82	5	52	98	58	15	79	2	54	29	33	63	63	73	44	12	78	27	35	64	98	62	89	88	75	89	88	42	99	19	11	49	85	10	40	89	43	96	60	97	92	83	68	15	51	78	49	8	99	67	82	73	43	32	60	37	84	73	74	12	-1	76	94	23	76	
29	12	17	34	59	1	3	46	66	50	61	62	71	1	14	16	40	78	66	67	14	81	26	56	3	24	20	54	85	38	67	74	74	17	95	79	12	28	100	61	22	57	57	100	27	61	71	96	18	67	51	14	67	73	17	5	50	24	69	66	21	20	35	97	91	72	53	13	34	75	24	82	40	44	96	28	78	6	4	23	20	22	98	17	9	33	14	96	42	36	29	81	41	67	67	15	-1	24	6	73	
92	82	30	65	60	49	59	87	52	5	12	77	98	15	44	69	21	77	80	85	92	78	65	4	38	89	35	87	53	91	54	62	7	4	44	28	40	13	99	68	6	51	16	70	5	71	76	58	34	31	98	7	14	24	62	70	79	100	76	64	23	49	68	100	24	3	29	70	51	71	71	13	3	45	49	80	48	35	38	23	4	18	28	10	34	24	23	63	46	34	3	52	89	33	40	59	5	-1	8	25	
57	38	4	91	24	54	42	39	49	51	92	99	22	83	46	77	40	44	63	88	55	20	8	55	20	66	81	11	15	87	2	69	11	40	99	24	7	9	55	7	6	57	37	70	13	22	12	9	88	20	65	42	46	53	30	37	20	28	41	64	9	42	98	56	99	76	17	76	61	50	87	36	28	31	35	7	86	47	40	85	29	93	93	16	40	29	31	11	21	29	66	96	43	78	27	46	36	53	-1	93	
34	90	2	99	39	5	89	29	11	96	48	37	96	57	16	55	50	38	39	68	35	69	14	52	77	58	6	46	91	92	32	4	95	57	89	7	18	11	35	68	61	95	26	44	90	79	26	97	33	38	77	85	65	66	79	34	29	91	7	39	72	78	29	66	33	32	71	86	43	68	25	39	81	71	76	16	79	15	44	5	92	5	5	53	79	23	7	89	80	8	2	9	100	26	8	70	35	78	80	-1	
