100
-1	69	9	18	2	75	7	8	36	42	72	73	17	39	40	72	88	100	55	71	100	32	4	47	41	84	44	16	93	81	2	91	15	43	41	12	28	44	20	58	12	93	36	37	8	36	95	34	30	75	64	88	48	24	87	74	16	54	3	8	19	2	73	35	81	25	22	86	53	25	11	5	45	2	100	79	64	3	91	86	34	90	39	69	60	92	29	87	21	60	5	14	83	46	72	71	54	83	32	27	
78	-1	3	49	29	15	25	55	83	58	57	3	22	78	8	39	90	32	77	36	53	86	5	70	94	97	68	63	93	74	12	80	69	26	1	16	78	70	73	21	49	78	54	88	37	72	54	20	43	43	27	30	67	12	79	51	88	61	93	59	26	89	96	1	63	39	56	38	1	62	87	78	29	32	93	77	22	97	75	66	4	99	25	42	27	67	30	23	89	59	88	47	62	82	80	27	5	43	39	87	
8	10	-1	90	3	88	51	43	82	35	41	8	22	93	18	99	49	28	59	35	95	67	30	30	95	94	6	96	50	79	56	99	9	44	7	71	31	4	17	83	28	67	88	81	95	86	9	19	6	30	64	54	97	47	68	35	48	76	86	35	91	82	44	23	34	54	82	69	26	42	32	66	45	74	29	81	86	35	68	90	45	93	25	42	95	34	83	22	61	98	75	42	65	24	27	8	34	12	96	85	
85	83	49	-1	20	16	76	61	84	22	12	7	31	10	9	28	12	13	78	8	92	70	78	8	92	48	34	15	22	91	60	52	11	27	85	12	76	94	93	13	23	63	70	93	64	26	2	23	31	1	85	58	80	56	74	80	78	45	24	34	8	99	73	85	90	100	26	81	42	85	82	50	22	61	75	16	53	24	96	99	92	41	70	43	31	74	1	62	56	91	51	30	19	2	22	70	30	85	65	71	
67	100	89	11	-1	64	29	13	14	35	85	80	79	78	40	100	49	64	60	79	23	33	10	25	5	10	78	81	16	93	85	77	15	75	31	67	3	54	10	14	80	22	63	40	29	98	35	93	90	72	31	55	39	77	95	36	44	82	61	85	35	96	68	52	69	93	47	33	33	88	72	96	62	65	96	65	43	16	57	80	28	55	41	83	90	82	29	90	86	7	90	70	47	86	95	97	73	26	31	1	
82	84	48	21	91	-1	25	96	40	90	19	98	73	47	52	97	6	19	93	56	9	93	64	86	8	99	92	24	32	19	86	39	20	66	89	97	3	89	69	53	15	74	88	79	36	85	12	12	8	48	53	85	64	43	73	76	63	52	9	6	61	22	88	12	35	5	37	7	5	26	70	37	44	3	26	50	13	96	22	80	33	95	55	15	75	1	63	36	35	95	51	54	4	16	92	29	25	19	53	26	
35	95	43	64	6	20	-1	26	54	100	94	47	4	94	17	90	46	10	87	2	86	92	58	91	42	97	51	31	50	1	67	52	67	88	76	45	24	84	39	71	96	5	5	54	36	33	42	32	67	52	73	33	91	31	5	56	73	88	36	45	84	41	78	75	33	74	100	36	87	92	42	6	42	52	13	56	1	27	66	53	64	3	51	5	94	14	6	2	43	14	95	81	10	52	16	85	93	48	53	55	
4	9	50	94	55	86	20	-1	69	38	85	56	11	20	46	64	41	15	70	63	75	13	21	7	28	24	10	17	71	6	19	37	10	100	47	87	60	55	93	49	84	100	45	13	87	8	78	45	6	55	28	86	72	2	6	74	81	98	87	53	76	64	9	13	55	46	18	77	16	63	46	75	1	45	84	45	91	34	45	78	72	89	14	53	24	27	18	10	41	85	23	27	37	51	87	57	47	58	62	83	
1	90	34	59	25	15	39	60	-1	19	61	76	35	50	73	90	9	9	94	51	56	51	12	90	89	82	80	9	1	85	32	91	70	8	76	91	17	4	62	13	38	27	85	51	40	61	40	42	5	3	9	83	4	64	88	92	81	58	90	11	28	43	5	77	42	56	58	39	85	25	80	77	27	94	27	95	68	96	69	100	31	35	8	40	97	36	96	29	56	42	85	10	76	33	64	28	3	90	63	44	
14	49	79	33	46	88	2	18	84	-1	23	16	15	41	29	13	100	1	98	100	73	34	97	62	8	67	44	2	17	29	73	19	24	82	12	42	16	48	70	22	46	72	52	82	79	28	28	18	86	66	91	8	89	2	80	12	19	46	4	25	46	63	66	79	78	47	89	70	26	93	92	60	17	68	97	46	43	56	37	70	38	29	26	41	11	58	2	23	9	9	16	87	20	87	49	22	54	58	64	34	
94	9	93	83	57	28	46	64	29	25	-1	79	50	80	82	24	94	37	60	68	8	60	71	21	84	8	19	25	24	48	15	94	90	86	91	74	19	68	63	64	8	88	2	75	29	15	33	12	79	29	77	38	78	99	38	38	54	44	80	27	25	40	37	43	2	65	77	90	25	8	35	87	23	4	29	65	11	65	13	59	49	21	8	31	37	73	96	56	55	30	94	38	22	26	66	50	15	96	1	54	
88	44	58	94	68	61	80	12	56	33	8	-1	73	35	39	63	20	50	44	54	74	47	96	52	71	42	82	60	28	80	69	72	37	20	28	37	1	12	40	100	40	25	4	16	37	49	45	81	40	12	19	76	29	40	76	56	25	74	36	100	28	66	49	34	100	62	28	92	70	69	23	5	62	69	44	30	8	12	98	73	12	11	26	9	37	56	1	36	61	69	28	18	79	16	92	30	63	16	28	98	
99	2	55	78	50	69	70	25	49	23	25	56	-1	19	31	5	23	49	90	31	61	58	3	82	65	81	18	27	14	33	49	60	84	60	12	85	77	95	99	82	63	33	26	16	14	30	17	12	72	25	23	30	7	25	48	7	83	9	40	8	36	11	50	72	99	38	49	87	56	18	97	61	26	3	13	62	66	40	8	87	29	3	6	58	13	58	9	89	94	11	27	92	53	20	9	60	9	84	72	6	
12	26	95	1	84	12	49	51	74	70	41	19	58	-1	52	7	75	29	44	45	2	47	45	2	36	25	9	73	36	2	95	21	87	9	20	19	16	91	55	49	39	60	96	74	42	71	95	70	73	33	96	48	96	70	40	33	27	80	81	18	64	88	75	81	69	78	56	91	100	87	97	34	47	25	49	69	45	3	50	84	8	46	13	3	9	83	67	33	16	49	33	85	53	90	31	11	59	93	49	27	
31	70	14	6	93	69	90	10	60	40	81	16	40	24	-1	92	57	23	58	4	92	25	2	84	5	61	91	16	51	31	92	36	69	100	18	85	48	62	60	98	44	8	24	61	79	89	91	12	18	76	50	35	81	69	77	11	6	98	24	21	85	56	52	12	59	82	1	3	81	38	6	46	79	51	80	2	95	76	74	50	22	79	72	21	13	100	15	82	45	54	9	11	78	38	53	29	96	67	5	27	
11	38	82	97	19	7	56	87	35	55	6	70	34	100	20	-1	29	46	33	28	20	5	35	85	26	1	13	11	1	9	62	71	30	17	76	69	4	28	71	83	77	76	79	55	27	14	19	78	65	83	82	95	10	30	63	46	45	43	17	77	90	21	55	58	87	59	2	83	79	99	90	15	39	76	65	89	34	48	64	17	42	9	62	2	55	97	76	70	20	31	18	77	24	16	50	48	51	42	26	8	
89	56	62	58	14	6	32	52	26	18	47	27	18	79	86	3	-1	20	73	93	90	16	41	80	65	16	43	31	7	82	13	94	99	58	77	94	37	81	46	59	20	32	3	64	50	21	33	64	87	93	54	50	58	65	93	71	74	74	72	2	20	11	32	52	18	72	8	82	64	33	20	64	72	67	7	55	83	55	87	73	14	17	97	63	46	10	52	87	68	93	77	47	95	10	71	42	23	100	88	66	
38	62	1	94	25	76	63	80	74	95	70	57	83	60	56	68	14	-1	68	61	92	46	94	86	98	56	28	15	75	15	9	50	38	45	7	37	61	99	22	66	79	95	25	17	25	92	15	14	45	5	62	73	51	82	52	58	72	51	21	24	23	94	85	57	6	55	44	86	76	18	31	73	45	65	38	48	15	43	34	76	26	16	57	54	54	50	72	81	31	43	17	36	26	64	40	29	90	93	58	54	
17	74	12	66	12	61	34	24	68	77	88	16	59	35	25	50	31	27	-1	45	67	25	53	14	37	92	32	11	86	62	3	41	92	63	94	7	27	6	12	16	52	25	2	10	97	4	98	9	13	72	29	20	97	44	17	95	90	57	12	58	9	10	17	93	25	86	48	8	28	25	31	33	48	21	98	19	47	42	61	29	45	39	3	4	6	38	95	6	99	61	14	28	69	71	18	85	27	95	2	2	
71	59	89	72	45	91	80	96	87	31	3	15	24	19	39	63	26	97	31	-1	8	85	36	23	98	2	59	44	97	48	96	60	98	54	74	5	94	14	41	66	77	100	80	53	96	5	3	91	82	54	99	56	28	11	54	58	99	41	12	17	86	84	62	100	96	69	20	54	34	43	38	10	89	30	50	95	19	57	45	88	7	44	67	87	42	86	80	13	52	41	44	82	12	42	29	65	19	66	64	29	
69	61	46	73	48	50	79	33	94	27	68	26	42	47	8	97	96	92	48	42	-1	72	58	21	35	78	6	38	2	83	95	54	46	15	42	33	47	64	95	25	23	45	3	56	5	46	40	80	7	75	99	56	78	60	73	89	23	92	72	87	64	25	31	86	5	63	77	30	63	34	93	59	40	37	89	61	24	4	65	86	96	10	47	2	85	80	29	46	20	40	17	46	71	77	47	72	26	9	95	68	
22	17	1	68	82	6	98	67	61	56	89	14	27	31	22	16	67	79	62	3	80	-1	44	24	81	15	22	74	44	80	95	38	8	97	23	70	90	63	63	21	26	86	33	77	32	15	50	58	24	96	69	73	20	44	68	25	94	87	73	4	42	96	63	97	79	26	56	80	8	20	60	63	18	48	59	83	60	97	16	99	24	79	48	89	8	8	53	96	80	53	29	61	94	86	1	100	41	86	13	7	
58	73	23	71	91	95	47	30	67	97	85	63	75	30	5	30	93	87	79	90	38	11	-1	51	94	76	50	2	96	54	56	78	20	24	65	49	5	94	42	33	63	99	23	88	88	1	27	23	48	82	19	29	7	30	66	87	14	76	40	1	4	11	54	26	50	70	57	49	1	69	15	12	24	57	38	62	81	61	58	4	56	32	54	99	89	19	22	8	61	39	95	39	93	66	66	57	22	44	66	69	
76	30	36	69	52	54	92	54	35	13	9	44	25	49	37	90	58	65	90	46	4	15	41	-1	100	5	13	81	29	23	10	58	61	89	19	66	80	43	88	83	49	49	44	39	28	56	86	60	78	45	60	16	54	70	77	88	3	66	70	59	55	69	80	85	58	48	46	69	76	58	36	4	39	35	10	7	68	79	15	39	79	31	32	82	12	83	46	69	49	44	27	28	42	4	83	25	28	34	53	13	
81	52	95	27	59	17	32	10	95	20	88	41	47	34	69	73	55	96	57	67	73	17	2	19	-1	52	65	29	5	46	10	46	33	44	73	40	48	17	32	28	84	33	95	74	52	81	93	64	45	8	56	61	24	20	43	17	2	1	51	44	36	65	80	32	38	69	34	30	14	26	23	83	97	100	18	55	14	51	17	3	22	55	3	92	94	9	93	87	15	70	58	2	19	8	64	14	4	51	38	7	
26	78	19	49	88	66	67	65	84	70	96	75	31	71	10	65	23	65	12	64	99	59	43	61	74	-1	76	91	66	43	75	21	62	4	100	86	75	3	59	10	18	78	89	33	1	74	84	4	12	73	56	59	28	65	91	53	27	8	5	69	23	7	52	43	99	24	97	74	75	20	36	77	80	95	100	40	31	81	19	13	80	28	89	70	95	63	83	4	90	15	10	80	85	12	51	29	74	46	13	75	
31	20	4	30	30	21	73	42	87	25	88	57	99	94	77	29	45	39	6	1	85	37	11	58	88	49	-1	59	30	59	13	99	91	89	91	1	57	95	94	46	42	15	13	26	53	80	25	43	61	58	19	25	79	67	11	69	10	32	43	61	27	70	63	79	40	95	52	16	4	21	7	67	20	1	55	62	44	52	67	16	69	78	57	27	34	70	53	20	56	50	22	29	59	79	46	22	49	60	65	67	
85	67	40	25	69	92	65	79	3	21	46	99	6	17	45	89	26	13	3	39	93	36	86	26	94	34	3	-1	100	55	59	24	94	3	9	56	51	91	67	61	54	61	48	47	69	62	15	17	15	40	96	85	75	32	23	3	5	32	3	58	92	41	70	26	92	27	71	9	15	37	8	93	83	46	73	37	9	12	17	36	28	23	99	78	19	94	39	8	9	98	3	58	23	35	100	7	18	83	93	69	
58	32	26	85	25	82	21	74	13	5	29	73	13	52	22	79	68	9	81	46	43	79	60	37	84	78	89	71	-1	16	30	31	61	66	82	65	31	24	54	62	32	10	3	57	1	41	30	45	8	62	91	71	93	62	55	91	77	80	85	9	25	21	49	90	29	99	34	1	94	21	73	17	8	42	13	39	28	81	89	97	1	44	92	7	97	19	71	25	51	54	20	32	14	25	90	56	5	21	53	10	
37	8	47	59	14	89	51	13	34	84	89	88	82	34	46	43	74	86	30	4	51	55	23	94	50	82	24	98	4	-1	38	41	32	29	72	45	2	54	38	49	17	66	63	19	47	62	26	67	73	11	94	100	58	20	43	79	67	85	97	55	68	100	33	17	75	78	22	62	52	47	82	48	85	45	89	94	83	38	21	74	16	33	63	74	26	92	81	51	84	39	69	80	35	79	24	10	12	23	26	58	
24	3	93	100	52	24	56	26	18	26	94	72	64	33	7	75	35	49	10	15	11	36	51	90	45	54	8	26	77	10	-1	71	54	50	48	78	67	86	28	45	88	98	98	91	72	1	4	27	19	91	96	73	24	17	99	26	5	100	89	20	16	43	53	41	60	77	63	53	59	83	52	66	47	41	42	4	30	14	17	18	19	85	89	27	41	67	93	96	74	79	63	68	12	79	37	41	23	71	48	43	
63	43	27	19	31	89	1	62	51	25	39	30	81	53	40	63	42	55	50	89	40	77	82	38	87	19	50	35	12	11	90	-1	12	44	30	52	91	65	93	5	69	77	14	41	35	40	83	44	18	16	83	74	54	7	40	68	20	60	97	48	6	25	93	63	99	45	72	68	63	100	25	68	68	7	67	100	34	93	11	19	68	26	41	1	3	40	31	62	10	95	80	91	99	25	25	93	17	54	65	79	
7	48	36	27	11	70	97	96	51	30	89	67	60	84	27	42	99	33	58	60	49	37	63	10	17	65	68	25	17	35	69	29	-1	14	85	28	38	60	20	20	9	61	70	17	45	86	11	32	74	67	9	13	77	16	69	80	6	49	95	64	27	28	1	76	98	72	48	16	40	76	12	48	23	4	61	48	60	76	74	84	45	86	85	4	51	97	59	26	47	47	93	70	50	50	7	79	37	90	100	68	
30	6	86	30	61	10	12	76	78	99	49	39	7	29	39	87	32	53	15	97	41	82	67	26	68	90	85	68	64	100	34	96	25	-1	92	91	40	48	24	94	18	45	38	61	20	48	24	42	70	97	18	26	85	96	50	15	89	71	32	16	1	69	93	37	33	55	90	54	24	76	29	4	3	31	43	76	85	91	22	98	5	42	68	59	18	91	73	3	93	4	66	55	64	77	50	57	21	76	97	79	
56	45	19	68	77	58	6	8	22	66	99	4	64	79	19	59	88	43	96	19	96	35	53	38	47	83	10	70	57	30	49	51	46	87	-1	86	8	34	98	96	13	49	67	24	47	100	7	25	13	51	36	22	81	96	12	100	42	100	89	34	17	85	44	21	97	32	5	11	7	84	49	53	94	87	95	21	16	79	52	53	21	99	26	8	39	47	43	48	94	45	61	42	29	98	29	98	57	24	9	98	
10	21	58	92	95	20	21	37	21	87	48	5	63	20	5	73	65	16	15	52	62	33	36	77	34	2	54	39	16	25	5	10	88	52	24	-1	70	76	100	19	77	8	22	92	94	64	3	33	23	97	83	41	38	27	12	58	8	21	23	39	41	69	71	42	100	41	1	36	82	6	76	95	73	45	66	64	71	23	66	9	22	65	15	85	70	11	66	71	26	9	67	23	43	56	66	35	75	66	72	2	
65	100	30	99	44	30	49	27	96	88	63	2	27	28	58	31	57	57	43	23	11	42	88	100	26	65	46	70	40	86	89	13	62	50	76	45	-1	98	89	53	39	3	84	44	80	50	43	43	14	15	74	55	29	5	93	25	80	10	25	11	37	83	17	88	51	94	61	60	85	40	77	5	34	66	78	95	51	26	89	46	60	95	92	82	78	70	33	30	32	90	43	61	93	19	7	21	50	84	48	28	
77	94	43	17	73	65	86	62	94	52	78	63	43	30	14	4	26	26	22	39	40	35	8	28	2	88	97	92	27	66	3	91	75	75	98	12	36	-1	57	1	31	55	75	14	3	60	88	88	29	69	86	20	35	76	84	82	76	28	87	90	17	90	45	99	92	13	24	46	36	86	37	58	45	48	40	98	24	27	79	79	1	35	18	12	20	64	90	43	70	7	36	83	96	99	71	19	73	85	4	56	
80	9	11	5	52	30	11	25	67	48	22	22	29	23	13	81	9	51	8	79	4	74	78	34	77	98	96	91	77	60	4	54	49	11	52	38	64	89	-1	11	83	88	10	39	2	19	71	87	68	99	34	71	20	7	74	50	97	93	18	83	87	8	41	68	98	65	81	46	26	25	84	21	57	28	22	99	13	13	85	18	76	4	97	83	12	72	15	75	56	54	48	69	60	74	6	99	72	1	99	53	
20	11	45	44	94	5	81	73	29	13	38	99	5	53	12	87	43	25	13	6	49	26	56	62	69	79	29	21	23	9	29	5	81	98	2	76	66	25	65	-1	74	69	93	45	21	47	90	3	71	79	24	52	47	18	83	70	45	91	27	59	55	23	93	18	40	48	26	60	35	42	38	78	57	62	19	88	62	91	44	13	97	98	60	83	29	95	55	66	78	9	86	12	73	76	38	8	41	37	35	23	
31	53	14	42	83	15	65	17	58	88	89	39	30	92	88	32	41	74	49	75	59	87	61	76	6	79	42	53	26	12	65	67	64	91	68	95	87	80	62	21	-1	70	46	18	33	45	59	98	57	94	77	24	83	25	33	82	38	11	23	91	98	60	78	21	67	91	41	67	34	46	22	10	92	14	42	4	63	24	81	9	23	25	87	86	92	91	100	18	60	99	96	15	71	42	54	37	41	59	18	25	
39	44	16	77	58	33	39	38	53	55	13	9	61	93	85	26	26	42	19	34	4	75	11	28	23	16	36	50	39	42	98	41	42	68	82	59	83	92	1	23	10	-1	3	92	14	9	83	10	48	31	9	66	24	3	67	79	93	56	100	33	97	14	1	18	59	99	18	84	20	34	14	53	81	68	40	97	44	37	2	94	72	2	22	62	90	93	90	36	89	92	84	64	9	25	22	44	75	81	100	67	
56	48	44	77	83	5	73	88	15	23	15	37	34	22	93	6	90	77	89	50	10	8	32	25	85	98	85	70	33	49	91	50	95	33	53	56	45	26	22	33	75	9	-1	78	96	54	60	3	6	86	1	95	46	99	100	17	61	59	63	22	52	25	15	46	2	65	65	38	95	71	19	81	49	73	79	38	22	64	40	44	87	5	39	65	15	16	47	50	23	94	54	24	5	28	47	23	29	58	92	15	
32	41	23	47	59	87	19	64	32	17	38	79	11	7	76	78	6	1	87	21	11	85	41	75	73	96	29	26	57	35	29	27	98	23	3	63	3	98	15	51	97	7	49	-1	45	61	48	28	7	98	10	6	87	33	62	96	80	64	6	100	60	86	82	61	75	86	97	8	75	30	83	93	52	57	51	23	21	90	52	51	47	63	83	13	50	14	84	29	71	79	79	54	77	27	25	81	14	14	27	36	
3	99	52	11	6	76	14	26	60	100	75	100	83	69	77	68	54	17	47	18	67	45	85	33	64	36	86	78	93	33	25	75	12	82	83	69	82	15	38	83	22	2	5	4	-1	59	13	90	55	46	55	39	81	81	54	78	70	18	81	19	83	51	52	87	67	38	32	46	1	35	61	53	66	6	21	30	28	74	18	79	37	83	15	89	36	80	59	60	85	78	42	42	27	81	9	90	7	88	40	87	
10	15	30	1	39	20	91	2	70	53	5	44	4	97	33	83	36	25	39	17	45	21	76	77	45	39	71	24	6	83	14	9	35	23	66	76	81	81	94	5	34	43	52	70	62	-1	55	53	10	40	99	2	48	79	98	55	39	10	100	66	67	65	78	39	52	21	57	42	85	93	77	86	91	62	85	1	55	4	5	100	94	46	75	85	100	28	70	89	80	94	64	15	41	4	6	10	83	80	37	58	
52	31	3	38	77	92	6	24	81	78	33	41	20	48	53	18	43	58	37	72	16	45	24	37	88	62	74	67	76	96	70	76	48	67	96	98	9	9	27	51	79	47	96	88	74	83	-1	52	96	20	17	38	7	59	75	96	44	26	1	27	30	98	52	25	86	31	29	35	22	69	25	28	8	28	1	97	2	42	87	20	4	27	11	22	43	25	35	51	9	29	31	53	96	49	74	26	7	36	28	37	
19	71	28	40	50	58	10	73	50	38	68	95	92	12	94	44	38	26	46	86	66	16	53	79	40	97	52	56	84	83	34	62	99	93	6	56	26	80	35	43	80	80	2	66	3	67	12	-1	65	99	6	64	57	82	55	51	42	15	7	15	51	91	9	65	41	61	46	50	59	47	18	52	61	17	83	4	88	10	68	27	56	71	77	85	39	78	98	65	81	51	9	94	44	67	28	26	83	38	5	89	
22	17	84	60	87	100	94	23	35	79	8	20	26	20	15	37	100	8	77	19	49	27	68	27	55	5	41	13	99	84	16	56	76	36	66	81	94	41	59	79	71	4	93	94	62	81	61	19	-1	69	87	8	24	33	60	45	48	27	67	64	33	78	26	18	16	74	69	40	49	26	36	57	28	89	9	80	39	53	6	21	36	62	56	23	13	66	20	34	35	61	72	62	24	83	69	51	76	63	3	26	
57	98	22	64	98	33	45	10	97	99	56	5	92	50	85	34	70	88	14	64	62	85	68	13	100	15	64	87	75	44	23	64	49	71	82	92	48	42	24	33	29	39	38	15	31	66	9	5	99	-1	74	66	60	46	14	32	47	2	85	39	66	92	45	76	6	57	44	45	81	79	77	18	23	51	86	4	57	65	97	85	49	24	44	9	81	2	20	3	74	54	42	70	24	40	13	34	57	96	22	14	
39	27	89	32	30	63	95	15	33	42	24	71	88	56	28	54	14	20	68	45	56	67	46	42	97	35	93	33	99	72	21	9	75	96	23	28	24	20	95	14	81	81	83	46	35	24	55	89	53	54	-1	14	87	67	7	60	50	54	33	80	6	2	7	92	22	91	62	10	65	20	32	86	85	32	3	65	90	15	80	72	18	17	97	69	84	33	56	57	3	93	21	31	76	12	78	99	98	92	68	43	
28	17	89	11	60	22	32	91	76	34	60	56	86	94	81	2	52	93	19	16	87	51	61	25	63	31	17	44	84	51	32	2	67	65	8	86	80	15	32	32	71	82	88	66	84	36	38	72	39	71	88	-1	58	100	57	79	99	16	37	3	36	12	2	68	58	89	27	89	4	33	43	98	88	3	98	3	96	81	63	35	32	50	39	71	10	86	9	12	81	78	60	42	26	23	79	65	75	99	15	83	
93	49	70	32	17	96	1	39	86	88	59	82	89	20	81	31	41	95	37	92	54	85	47	88	3	36	16	47	7	64	57	68	60	6	92	4	65	35	29	42	78	33	40	17	40	46	37	22	59	29	4	26	-1	26	37	58	18	34	15	47	73	95	8	65	66	18	23	37	55	100	36	1	49	25	84	22	21	77	51	23	42	79	32	69	24	67	63	68	60	89	37	2	77	42	55	31	58	18	100	65	
61	19	69	17	16	86	58	85	42	43	55	39	84	93	90	94	28	30	82	71	61	48	53	79	21	6	22	31	44	89	82	37	70	6	40	61	14	26	78	77	63	43	38	5	87	31	37	70	87	30	47	74	59	-1	32	31	41	78	35	52	22	75	31	24	75	29	72	12	65	77	88	17	43	42	72	77	50	17	30	52	21	21	5	69	1	8	1	12	16	20	70	86	10	93	51	94	72	27	81	78	
77	83	50	57	61	1	15	75	56	88	69	56	39	49	15	52	25	81	22	18	64	22	75	90	84	20	65	69	53	52	59	56	93	33	100	24	41	69	79	96	52	70	2	84	80	97	81	100	32	74	4	84	13	66	-1	69	62	17	37	98	72	68	64	83	32	93	83	3	26	25	10	33	33	19	81	85	16	96	23	79	42	59	35	30	19	55	98	97	58	59	40	78	39	43	91	64	82	6	72	27	
9	91	55	65	9	16	65	23	40	43	60	8	1	26	95	89	45	46	3	30	28	16	49	76	15	29	32	60	41	74	62	15	71	42	46	90	72	54	84	88	93	73	8	61	29	70	44	45	97	78	73	25	22	3	68	-1	5	59	77	89	91	45	23	31	84	51	85	53	44	35	91	53	95	22	38	3	85	75	5	88	69	19	72	64	33	47	19	20	49	39	73	100	2	54	95	16	93	34	94	53	
93	1	70	3	32	83	23	17	85	14	65	20	73	4	82	3	27	72	18	50	99	36	68	6	93	57	16	1	39	47	72	26	86	38	14	91	65	81	42	61	24	46	64	20	43	83	29	23	7	64	95	90	23	41	42	19	-1	55	73	88	93	97	66	87	88	2	75	61	89	28	63	44	48	23	40	68	55	68	72	66	93	60	79	30	56	30	58	79	86	37	78	37	86	12	75	43	58	39	66	2	
24	33	22	78	94	26	87	56	43	87	96	75	46	67	6	87	52	32	3	23	25	78	80	98	90	4	39	40	26	57	2	73	78	65	28	54	51	100	75	55	58	37	22	10	61	95	27	10	65	52	1	22	90	43	16	90	6	-1	36	33	10	50	37	56	58	49	15	63	22	7	69	85	11	25	69	66	86	13	5	21	95	8	51	23	20	70	51	82	51	54	41	10	53	59	19	74	61	58	16	54	
57	53	86	64	83	56	69	85	82	81	84	89	82	77	100	54	61	61	79	68	64	70	62	1	33	85	98	55	35	9	76	74	35	54	55	48	47	14	33	18	48	50	37	1	31	88	76	84	90	22	99	60	29	14	16	82	83	95	-1	62	31	74	98	74	70	99	6	8	37	95	89	34	45	63	72	99	84	51	9	31	55	45	91	66	41	62	29	58	73	93	95	21	95	63	1	67	6	91	77	63	
28	31	15	80	95	71	71	91	94	96	95	20	51	35	2	33	84	27	16	21	75	29	59	44	66	34	17	46	19	50	39	3	76	79	85	22	70	84	39	29	16	7	24	44	98	33	60	39	27	4	91	77	63	49	32	90	61	100	99	-1	84	95	16	99	26	34	11	11	53	21	78	71	48	61	69	22	42	70	45	9	81	36	90	26	69	61	79	94	41	86	87	19	57	97	93	35	61	12	48	21	
4	9	61	69	77	37	88	6	94	87	41	61	14	39	95	45	17	2	45	61	5	15	77	69	80	62	53	25	91	20	56	34	84	40	9	31	35	81	82	75	22	75	92	31	19	55	80	23	50	29	69	88	11	15	61	25	45	12	65	22	-1	56	26	88	88	5	65	26	98	31	20	18	19	52	12	65	37	64	36	54	25	32	34	42	32	83	11	14	18	85	42	95	77	22	61	13	5	54	76	20	
77	32	14	79	44	20	82	30	1	76	90	75	3	75	49	19	53	64	94	62	2	4	60	12	84	79	81	77	30	27	18	96	82	95	84	35	79	3	47	18	48	39	26	53	25	89	23	86	47	91	80	12	11	81	87	48	97	3	42	82	23	-1	94	74	20	91	36	41	29	4	17	53	97	6	94	75	6	47	69	12	30	46	23	14	20	38	5	86	4	18	99	56	39	3	28	73	66	57	58	97	
29	19	85	83	31	6	41	69	44	80	41	82	71	54	45	71	58	90	4	33	74	41	62	4	79	40	48	89	32	68	26	56	11	12	71	38	16	14	35	96	18	86	9	51	57	74	65	51	78	1	9	49	24	70	9	86	48	88	11	76	20	80	-1	91	83	39	22	17	92	48	36	57	77	31	79	19	42	40	51	46	82	84	85	64	33	49	79	84	36	73	56	16	97	96	52	30	5	89	42	64	
36	23	77	43	55	5	64	88	91	69	97	12	93	28	79	54	61	8	74	50	48	30	40	33	97	90	18	46	11	21	52	3	31	33	49	56	75	71	29	42	47	90	60	44	99	10	7	99	22	63	37	64	77	79	55	10	27	69	8	96	15	43	84	-1	24	59	75	31	12	4	13	81	81	69	84	55	10	17	14	77	98	83	5	78	41	40	92	3	32	19	93	27	95	100	48	58	63	75	35	73	
88	6	31	50	13	62	63	76	73	53	72	17	56	20	94	86	86	16	61	6	95	50	90	47	52	67	6	45	93	43	74	93	84	41	5	82	85	72	72	9	50	13	97	10	16	25	50	44	59	77	58	37	98	43	23	12	95	54	74	7	66	44	49	16	-1	91	98	100	46	49	97	21	51	48	61	87	93	67	63	65	82	47	91	71	92	18	94	18	65	79	88	57	18	69	33	78	34	22	88	94	
98	70	73	20	98	4	23	20	18	32	81	27	22	58	23	4	51	2	51	67	91	81	93	41	79	67	14	87	75	17	92	80	41	84	50	76	18	6	21	58	29	80	4	88	65	62	60	10	81	75	67	60	74	4	90	28	74	95	64	59	38	2	12	38	41	-1	34	58	96	14	1	71	43	54	87	31	68	43	12	90	55	72	33	45	86	38	41	22	37	74	34	74	13	25	100	82	61	8	37	36	
22	27	62	83	2	72	64	78	87	92	95	94	25	26	47	61	37	39	75	1	67	4	67	80	35	74	53	98	55	43	84	1	89	66	48	63	42	84	4	33	94	19	44	11	18	40	29	8	66	4	79	27	68	9	55	30	8	94	62	46	78	98	8	16	69	44	-1	48	46	21	14	34	37	71	2	94	13	16	26	65	53	59	35	21	33	71	83	30	49	80	60	50	80	36	48	80	53	66	12	37	
93	46	66	91	33	35	51	95	33	17	15	80	9	69	30	52	78	56	46	67	8	67	90	2	76	19	87	81	69	79	21	16	27	69	68	54	17	67	51	91	94	67	65	9	66	81	94	53	83	87	68	79	20	81	66	21	76	62	57	99	22	47	26	76	100	62	68	-1	40	58	46	86	19	52	61	10	57	30	45	67	95	31	8	71	89	80	70	10	40	82	21	27	93	91	31	88	98	24	45	29	
41	39	83	11	3	56	11	43	75	45	11	60	3	62	47	33	26	56	78	76	10	89	96	81	100	61	100	35	58	76	86	40	24	52	24	88	90	17	8	80	49	5	94	86	96	52	80	48	57	68	81	61	44	22	70	91	27	30	18	31	47	23	1	41	62	70	12	7	-1	57	39	30	48	43	12	74	30	15	98	31	33	63	73	92	60	78	36	13	17	59	41	81	80	90	62	27	56	34	76	22	
37	99	90	100	1	62	17	62	10	59	31	76	91	27	46	81	39	3	43	72	2	51	82	18	49	94	20	42	32	97	30	28	78	5	31	58	45	14	13	72	82	86	4	4	12	6	3	25	36	35	51	12	11	36	18	23	83	64	49	11	67	10	40	73	66	19	53	61	69	-1	50	35	83	8	41	3	53	2	100	73	97	88	84	1	47	96	18	92	26	58	91	65	15	47	46	55	93	44	44	73	
11	85	31	3	67	15	62	74	13	58	80	27	35	39	44	88	38	29	8	28	81	90	24	45	16	77	44	6	28	89	4	69	97	57	88	9	4	34	77	57	18	28	63	85	45	33	71	41	97	98	58	91	18	27	2	92	92	81	25	66	14	82	20	19	55	36	26	26	99	70	-1	5	54	90	80	100	44	94	21	78	46	53	14	65	28	91	56	59	6	1	70	45	85	88	4	96	55	70	60	29	
5	58	27	55	95	27	1	52	43	53	52	68	89	12	10	61	59	90	3	80	15	89	78	67	62	84	78	99	75	8	83	80	75	22	12	95	40	47	1	90	2	88	51	34	46	67	66	54	53	38	58	79	8	79	19	100	70	3	59	18	37	19	18	11	74	27	39	48	71	17	38	-1	23	18	34	40	60	55	59	22	58	56	55	86	92	37	43	66	55	31	78	74	65	97	33	93	56	56	78	54	
94	74	85	61	99	66	91	47	21	86	79	98	64	27	93	86	10	44	72	43	85	8	7	84	43	33	68	91	24	17	9	42	74	56	47	70	77	66	87	6	50	67	62	5	2	99	4	28	86	3	4	58	53	9	56	25	80	91	51	50	34	31	90	23	84	22	15	84	54	50	54	47	-1	2	20	98	73	8	86	40	82	60	17	94	10	92	23	19	29	93	39	93	24	7	84	87	57	7	3	53	
45	1	95	56	44	90	99	90	16	59	15	49	93	63	83	42	81	78	81	26	4	26	11	24	22	78	40	66	68	24	27	37	79	99	88	53	67	85	15	22	71	43	87	15	5	19	23	37	41	94	27	71	57	10	69	19	8	17	41	26	87	66	14	59	31	99	62	5	96	48	45	30	26	-1	83	16	86	34	41	24	9	79	96	49	48	33	34	32	70	93	68	9	62	47	94	17	63	1	62	27	
73	77	99	24	30	88	80	32	7	64	65	67	11	70	81	48	48	48	81	53	85	51	88	75	40	20	24	79	5	9	24	73	15	25	77	16	86	55	74	35	92	50	18	26	39	80	21	68	31	54	20	74	56	32	69	48	19	10	59	72	26	26	24	100	20	27	87	13	14	73	12	43	50	49	-1	21	40	42	55	96	31	85	3	14	38	19	13	46	83	95	61	99	33	12	77	78	18	81	40	80	
36	78	43	82	82	94	89	14	5	50	97	88	71	34	54	49	10	30	22	28	80	60	84	97	21	5	42	43	85	16	88	9	68	90	21	13	60	30	2	64	50	9	96	28	35	98	1	66	56	94	39	62	83	74	96	65	96	55	85	83	37	83	34	9	18	10	78	9	23	4	20	27	62	45	56	-1	46	80	65	74	99	63	61	31	73	49	93	82	70	75	32	26	33	52	33	12	77	24	19	12	
45	1	19	14	84	89	36	11	18	72	87	74	8	19	100	52	25	77	41	63	41	73	54	33	74	20	85	20	33	52	71	33	74	2	82	58	7	44	8	72	26	61	84	37	40	5	96	76	21	48	7	66	26	62	55	65	90	13	57	99	52	66	12	10	51	40	67	62	91	98	35	6	91	71	5	2	-1	32	28	47	96	73	48	13	18	32	83	50	67	40	41	100	89	2	84	96	95	9	81	41	
71	89	51	8	2	44	36	100	46	15	24	35	60	35	15	76	82	59	63	71	3	56	66	62	2	76	60	65	95	55	64	44	68	76	99	67	100	54	6	19	18	10	94	59	31	96	29	53	95	60	62	66	89	15	91	91	86	54	74	73	4	2	42	8	7	21	99	64	60	100	41	72	96	93	61	30	31	-1	59	80	58	25	15	36	95	29	29	29	35	24	12	28	58	32	2	10	37	42	15	70	
39	29	64	7	77	100	99	81	10	98	97	38	77	16	95	66	6	78	53	6	38	37	8	28	7	80	18	12	27	34	39	57	44	72	74	58	76	56	21	71	78	25	93	51	93	43	25	63	91	49	52	97	80	49	1	1	20	32	51	68	14	43	33	67	47	45	63	86	15	51	6	37	94	24	1	41	85	20	-1	24	32	26	2	25	15	37	20	33	76	49	96	44	7	27	1	92	4	32	52	3	
61	5	16	95	58	98	26	17	50	3	29	1	72	71	89	53	54	54	14	72	68	94	28	78	40	96	12	5	64	99	21	41	1	85	48	19	27	82	17	78	57	58	59	20	11	66	10	52	53	37	62	79	93	71	7	12	55	50	43	47	40	65	28	66	33	65	83	99	78	54	35	28	23	30	98	72	73	36	88	-1	45	64	59	70	70	59	12	98	43	17	86	39	55	19	24	40	5	98	52	56	
78	98	34	5	18	19	95	37	69	75	83	33	100	80	97	40	84	39	61	17	43	69	94	9	20	49	26	42	63	11	18	45	29	71	62	71	73	61	29	10	84	96	65	71	23	8	53	85	86	96	50	72	55	67	68	34	59	7	97	6	48	36	35	24	8	46	58	97	92	9	76	11	77	76	16	19	59	100	1	80	-1	100	91	56	51	67	12	66	65	80	64	19	24	11	13	40	10	34	94	91	
66	16	4	76	45	68	20	90	44	31	53	8	11	1	78	5	97	40	47	14	89	78	52	46	40	8	95	35	83	48	52	11	84	57	29	69	16	63	87	85	36	32	6	9	60	61	75	74	43	6	64	31	29	41	100	60	85	40	77	21	67	13	50	88	73	70	81	28	100	33	5	23	33	65	79	74	84	73	58	56	5	-1	8	28	9	78	83	95	48	77	11	68	34	81	86	14	36	10	83	30	
55	40	100	26	67	64	72	36	70	7	21	1	89	19	27	54	31	32	5	89	85	54	68	86	39	55	46	64	21	91	65	98	23	86	12	99	65	77	1	86	61	57	80	70	31	41	87	98	87	59	2	95	61	5	64	65	34	83	30	46	89	67	60	13	33	88	74	32	81	4	14	48	79	98	15	29	53	14	15	28	28	26	-1	56	15	47	73	27	13	85	30	66	38	6	40	83	49	19	99	50	
95	26	33	4	87	88	97	49	100	42	68	83	93	38	6	43	24	31	24	23	48	86	68	37	11	15	64	59	92	51	78	91	22	67	3	13	14	16	59	95	69	4	53	68	84	34	76	60	79	13	40	99	40	35	100	20	98	76	84	20	42	91	19	42	40	9	75	85	49	27	24	24	15	54	2	58	38	30	14	31	74	49	90	-1	33	29	90	36	46	58	100	96	5	37	73	84	70	69	81	62	
40	92	45	68	97	47	28	71	8	33	75	100	67	28	4	98	50	5	81	86	40	47	13	11	90	35	28	7	68	94	23	61	37	52	67	39	66	68	42	3	87	100	81	88	40	53	60	72	13	34	31	99	81	50	22	35	32	31	84	58	84	26	95	27	12	88	47	52	74	6	96	60	35	40	29	64	44	94	18	8	95	59	100	95	-1	6	9	51	54	91	38	37	9	25	38	70	99	6	96	10	
29	86	57	70	88	31	71	29	54	64	54	91	89	7	73	76	26	46	66	73	77	66	75	47	38	19	28	34	100	35	25	49	56	93	74	28	56	99	84	59	52	75	29	9	16	2	75	83	15	18	57	74	64	34	10	42	23	24	30	60	11	54	62	15	94	44	4	50	84	32	51	93	55	11	48	17	77	39	9	9	60	66	41	91	63	-1	78	51	78	46	81	32	1	28	60	43	31	70	74	92	
97	47	2	93	41	62	60	98	44	16	51	67	6	55	57	78	12	41	19	91	15	93	29	20	28	71	92	81	51	86	16	8	11	7	16	33	41	47	71	95	33	25	82	18	62	69	48	52	38	20	57	61	9	85	57	72	88	43	59	67	25	8	53	54	53	42	95	47	3	80	16	84	43	19	43	41	29	69	54	44	51	6	59	42	48	13	-1	84	100	51	69	48	69	7	41	98	90	32	85	94	
51	62	38	22	36	48	99	27	60	56	65	80	97	53	24	73	88	89	75	84	70	100	62	52	36	12	61	83	70	71	92	46	10	90	37	42	51	7	21	61	48	93	63	57	79	90	22	16	38	82	65	21	16	63	16	3	91	88	12	99	48	41	66	90	95	23	57	87	94	24	89	82	16	90	80	70	91	28	99	16	1	17	20	84	29	23	15	-1	8	6	51	42	31	68	68	37	39	95	97	17	
90	52	55	99	1	24	25	28	31	56	78	9	40	71	40	44	85	98	10	65	15	61	81	66	82	36	19	15	49	37	44	7	43	45	36	63	71	45	48	63	7	30	3	90	93	14	73	77	95	70	35	20	14	17	58	41	17	22	81	33	11	97	100	53	93	17	87	48	16	90	1	37	90	61	81	35	59	49	94	63	39	89	91	26	30	45	26	23	-1	56	21	24	43	62	63	29	84	12	45	44	
7	35	23	30	77	98	62	71	56	25	97	89	13	37	27	56	9	6	94	30	40	10	26	99	17	45	64	95	96	65	96	91	12	68	81	78	45	68	36	17	16	87	64	37	48	95	53	19	54	80	58	44	52	47	56	6	47	41	11	63	92	40	3	92	91	65	79	21	39	99	52	7	37	50	66	50	52	48	58	24	96	4	75	45	62	28	91	93	12	-1	41	24	59	78	44	56	100	87	43	81	
66	91	77	69	17	89	90	93	7	81	50	66	91	25	71	65	6	3	1	7	24	9	42	4	48	60	50	77	41	2	1	92	55	43	82	79	67	29	90	87	86	63	82	62	29	47	13	86	33	52	41	41	47	22	51	26	55	83	45	46	64	18	5	94	59	34	83	98	97	69	79	27	62	25	15	93	24	27	1	80	100	14	45	60	59	23	46	79	38	95	-1	50	73	66	76	67	86	82	7	40	
7	28	73	52	78	12	100	77	63	46	45	84	31	9	4	68	88	2	4	44	29	91	11	69	64	89	32	36	73	65	43	68	13	94	92	18	42	10	56	54	77	13	37	49	69	98	69	55	82	5	72	7	90	37	21	33	19	95	65	72	41	38	26	76	85	12	96	57	73	61	1	88	30	27	22	89	68	2	28	78	25	77	60	3	49	63	11	31	96	59	73	-1	70	53	74	44	95	53	87	75	
56	31	5	7	79	46	7	10	75	47	88	2	60	94	8	84	39	43	95	46	74	85	4	74	39	17	5	84	14	43	97	6	43	23	46	54	52	82	49	27	80	71	58	83	21	27	8	48	64	15	84	18	99	37	40	37	22	54	32	8	80	7	76	85	55	1	89	21	54	49	68	54	24	47	43	67	3	94	31	8	34	57	50	63	65	65	54	22	8	27	85	10	-1	62	27	39	95	100	93	36	
61	91	91	30	91	62	95	7	49	3	22	83	39	12	5	45	80	89	8	18	37	24	44	62	91	87	13	13	74	29	44	21	94	24	44	46	25	59	16	82	99	44	36	19	39	66	72	21	79	46	66	88	77	39	62	93	87	9	36	12	76	99	37	10	12	7	9	12	30	54	48	96	51	39	87	6	22	45	17	26	66	69	71	64	64	92	44	8	1	33	61	63	42	-1	10	36	37	6	84	45	
4	32	24	17	45	82	95	55	66	57	65	77	44	86	46	12	98	96	37	34	34	11	93	83	42	4	97	85	1	42	91	41	51	44	24	87	90	100	2	81	98	68	17	31	56	23	56	44	26	98	27	89	62	27	13	90	41	41	76	37	98	86	83	80	59	66	47	69	53	53	48	100	86	26	70	7	40	60	36	12	97	45	60	72	54	30	41	66	36	91	64	24	91	7	-1	44	6	85	82	28	
51	31	56	43	12	62	65	64	9	9	19	49	58	9	67	76	31	33	40	11	56	15	72	25	88	42	13	15	27	37	99	8	1	45	30	16	41	74	95	77	86	76	58	44	89	75	78	18	18	91	77	22	99	86	61	58	19	78	43	24	76	4	74	35	64	85	63	61	76	19	85	100	97	15	38	32	66	96	16	39	38	48	32	24	64	1	18	72	48	59	15	58	48	56	55	-1	100	63	9	15	
58	96	75	23	27	82	72	55	78	51	46	67	99	2	92	98	94	46	100	59	82	88	45	7	98	35	15	38	32	98	99	14	47	13	39	84	95	58	85	44	5	31	55	72	65	99	79	7	67	69	100	15	45	25	24	72	11	90	79	43	2	18	81	60	87	100	19	94	47	20	32	11	63	22	33	94	77	100	61	59	31	53	3	76	93	97	57	66	90	24	38	6	55	46	70	88	-1	98	20	76	
67	100	72	48	58	53	36	6	15	53	49	23	90	4	11	59	80	61	80	62	81	18	13	55	18	11	50	85	67	25	38	84	36	13	34	40	98	73	78	49	33	78	38	15	40	55	18	2	88	61	65	28	76	36	94	14	24	93	78	76	9	36	72	1	89	83	35	46	43	75	16	18	37	19	72	86	52	83	78	46	80	46	20	44	84	76	29	46	56	1	55	58	22	22	76	65	30	-1	17	83	
69	77	34	76	85	35	9	30	85	39	6	56	89	55	76	57	92	42	93	81	65	62	44	52	47	89	64	61	34	54	28	28	9	83	87	16	73	19	95	72	94	17	36	11	77	67	18	37	94	16	31	67	34	46	38	18	23	60	1	68	43	6	4	36	2	87	90	23	52	36	27	35	59	38	74	31	73	86	45	59	96	82	96	73	97	99	34	76	98	89	98	64	12	18	72	46	80	79	-1	58	
74	10	87	97	34	90	58	80	64	53	41	5	39	52	18	45	74	50	62	97	34	16	65	42	81	76	10	33	46	44	88	63	43	13	57	38	97	1	68	33	55	76	8	21	70	41	2	65	75	33	67	62	72	58	84	42	76	89	54	62	1	88	14	2	69	78	19	58	29	67	29	10	43	20	86	21	54	42	19	98	42	75	30	42	19	62	41	70	67	14	42	12	54	45	56	63	13	73	100	-1	
