100
-1	36	44	64	9	38	61	8	61	10	74	5	89	8	37	46	51	85	14	5	70	17	37	3	49	70	26	43	20	89	69	46	79	61	41	100	40	74	4	48	71	64	23	73	68	52	52	39	21	50	73	96	73	64	27	85	44	1	47	11	80	81	56	62	19	60	89	14	26	30	28	61	73	2	39	90	16	78	1	59	82	69	25	5	55	54	75	74	43	44	63	7	81	67	22	99	41	70	6	48	
10	-1	73	85	85	79	81	37	100	92	21	99	24	60	83	9	74	28	84	80	99	50	44	62	93	3	62	12	55	17	35	23	38	2	63	88	41	21	100	14	43	66	78	83	8	40	4	77	37	36	9	34	72	89	21	10	92	98	70	29	40	3	70	45	54	48	86	76	65	46	100	40	63	72	32	58	61	21	20	94	100	26	74	94	86	71	34	21	59	17	92	73	48	79	67	58	65	33	47	53	
74	28	-1	29	34	64	47	96	21	85	93	25	31	30	20	82	7	51	93	84	82	56	85	16	5	86	76	91	24	75	8	44	16	70	89	6	57	87	66	1	64	31	62	22	40	30	4	94	85	92	39	46	62	66	62	85	80	81	44	14	55	16	99	69	56	35	38	59	15	34	11	4	37	62	89	85	22	98	3	94	69	82	77	69	40	45	44	4	50	39	53	83	34	89	64	66	61	99	75	57	
95	10	92	-1	21	90	96	90	66	16	69	45	57	58	12	67	41	72	13	31	64	91	51	96	51	25	92	1	70	44	80	11	12	25	52	62	23	66	96	29	22	10	71	93	80	48	85	81	93	63	22	59	18	12	85	80	45	72	55	40	45	48	5	88	39	82	58	41	6	2	74	94	17	100	4	17	86	96	91	50	93	91	88	99	37	80	65	71	2	96	8	85	40	13	85	24	95	49	66	89	
24	29	58	92	-1	54	99	96	19	24	21	65	91	22	15	63	28	90	92	59	51	62	28	81	74	31	36	50	96	12	90	39	30	86	75	92	16	50	26	7	8	30	67	59	4	64	72	27	58	65	39	51	57	40	44	33	81	17	44	43	100	29	18	8	95	95	96	4	79	20	82	2	92	31	79	41	13	78	76	28	69	73	73	77	45	29	100	59	56	23	61	20	83	58	16	39	17	73	73	35	
46	61	9	35	50	-1	79	23	27	25	97	86	14	81	87	74	53	91	24	97	17	41	60	35	25	83	52	84	27	100	4	53	75	4	73	97	67	36	83	66	17	2	92	74	98	81	66	19	44	23	98	78	66	57	1	79	14	18	7	98	68	84	29	8	97	92	63	14	91	32	11	65	91	26	48	89	22	94	95	11	64	24	94	68	62	91	74	32	59	65	54	47	22	77	44	39	58	1	48	2	
25	63	86	42	81	30	-1	85	58	64	80	17	82	11	63	33	98	61	69	98	31	48	52	6	62	49	26	68	41	28	76	51	87	95	21	89	12	31	70	98	85	34	71	33	57	95	60	74	48	83	17	49	34	18	91	74	24	41	12	82	7	93	17	32	37	87	2	23	83	69	53	56	55	74	35	31	59	78	59	18	10	84	64	60	4	55	17	51	20	90	87	85	51	23	8	33	62	55	69	53	
64	40	5	70	95	54	39	-1	58	4	70	20	5	17	16	46	91	22	60	52	1	50	84	75	6	91	4	52	64	56	50	60	99	18	70	8	57	45	52	60	86	69	65	90	18	84	32	99	21	38	18	34	59	94	80	100	60	66	67	43	41	54	23	45	68	73	33	27	8	58	3	39	45	25	2	38	46	36	46	62	23	59	27	56	37	41	64	89	88	49	27	23	61	69	92	65	96	54	19	18	
88	92	79	89	52	8	73	84	-1	16	39	75	45	61	21	37	34	56	94	25	8	22	67	86	89	20	28	40	100	41	76	70	85	4	26	16	61	54	79	49	36	1	79	4	62	54	24	11	31	8	65	48	23	17	48	23	92	61	99	79	29	52	19	72	87	69	9	82	74	81	60	88	86	44	80	11	94	78	93	28	37	92	79	51	7	18	13	98	70	96	99	25	38	68	56	63	5	3	39	45	
15	25	6	57	82	98	44	10	93	-1	70	84	18	86	17	71	84	32	28	76	59	78	83	18	90	45	19	22	98	71	33	59	37	45	35	26	44	23	19	89	11	82	54	43	24	75	31	57	29	9	76	84	66	27	83	30	18	75	25	13	77	37	96	86	26	92	51	98	17	30	42	75	96	87	13	84	74	80	89	94	4	52	77	38	95	78	99	83	54	88	99	90	52	75	99	86	40	88	68	21	
93	75	71	4	72	2	20	10	76	100	-1	19	21	20	11	76	40	39	15	41	72	40	47	40	67	55	77	59	69	80	1	6	95	6	50	24	30	47	92	38	22	54	89	58	18	57	39	68	85	36	41	93	69	85	54	78	99	70	54	67	23	36	2	79	77	37	66	86	12	65	93	24	83	48	49	86	45	27	92	46	29	11	78	48	22	30	75	58	87	93	71	20	78	41	32	84	22	19	93	20	
23	98	73	53	13	14	5	18	75	42	29	-1	22	89	37	100	38	96	13	19	91	41	72	80	21	80	52	35	84	78	62	13	60	14	86	75	98	32	24	69	79	23	42	80	35	12	32	36	34	30	8	26	38	24	3	17	19	17	63	27	93	54	32	31	18	13	65	76	15	21	30	5	4	18	39	43	78	70	70	70	85	40	17	44	90	28	31	42	66	55	100	24	51	89	35	7	43	28	75	25	
23	83	5	96	30	31	5	55	2	100	1	34	-1	10	59	46	52	25	78	14	62	53	40	50	45	23	15	37	16	95	44	16	67	95	58	95	48	73	46	48	20	20	65	59	83	38	58	62	72	11	53	97	42	49	96	73	16	97	93	8	92	69	92	24	61	98	7	38	15	52	59	40	46	63	89	62	59	4	57	32	90	77	1	73	34	29	53	20	95	84	46	78	85	5	12	67	62	85	89	48	
42	63	43	18	12	56	93	76	56	17	88	58	31	-1	7	59	12	6	74	61	49	79	21	90	18	32	85	57	46	93	3	92	59	93	7	49	20	99	47	92	16	87	29	92	71	22	8	62	40	50	8	43	43	99	35	38	84	57	27	26	55	55	89	29	81	15	96	41	47	92	39	26	78	52	27	88	71	29	81	38	60	6	58	68	90	61	75	29	48	72	91	28	96	44	3	11	48	46	45	28	
36	8	65	67	42	6	44	77	86	86	45	12	27	37	-1	96	15	38	35	17	99	30	36	14	81	95	96	32	42	3	76	79	61	18	10	8	16	36	23	51	66	80	63	49	35	79	92	35	76	39	98	92	76	66	71	3	55	18	51	81	87	74	78	62	4	60	89	13	64	72	93	29	43	81	34	96	19	99	43	91	55	41	94	88	53	8	75	75	89	56	84	85	41	36	16	33	34	28	8	15	
68	74	65	29	76	50	7	15	40	55	42	23	1	93	39	-1	86	81	24	41	54	8	4	72	1	92	51	37	4	70	85	68	71	42	18	3	12	74	77	32	90	35	99	64	32	37	73	17	90	9	30	77	3	43	20	31	40	56	58	79	28	44	27	5	32	100	97	95	45	60	23	24	64	67	27	39	57	3	94	83	95	75	59	10	59	6	63	45	43	46	81	60	1	100	49	91	35	82	81	12	
5	66	13	2	38	29	23	49	79	48	69	94	50	21	57	25	-1	69	54	89	70	37	69	93	57	90	59	13	38	80	19	27	11	72	73	1	23	67	40	15	59	22	99	72	46	66	11	21	91	18	85	22	62	7	26	80	30	36	20	10	89	86	43	40	8	69	36	77	11	100	84	83	25	45	60	81	3	8	35	64	62	66	82	14	48	97	43	79	27	22	96	100	62	98	10	38	31	61	23	27	
98	8	69	56	54	85	48	2	65	100	51	12	11	12	98	21	93	-1	74	82	78	15	37	74	76	7	51	5	59	100	51	15	5	79	20	68	76	8	85	26	45	67	57	7	11	1	32	39	95	97	95	27	78	48	13	54	24	12	6	42	86	19	16	67	98	91	55	80	36	65	97	98	49	19	16	13	52	82	7	48	89	96	75	24	29	32	53	84	1	39	10	64	18	11	43	83	89	39	91	1	
45	94	79	85	50	63	4	43	43	84	61	85	17	97	19	83	97	96	-1	69	53	95	47	40	4	41	89	57	44	28	65	29	84	94	47	61	46	87	44	10	96	7	96	21	87	64	10	58	8	96	16	46	28	95	99	60	96	18	49	58	40	98	45	59	16	54	96	83	57	62	45	9	69	18	94	92	33	47	81	77	61	92	95	44	57	83	32	25	99	29	75	21	78	47	61	97	41	83	36	26	
70	78	88	2	85	31	2	86	15	76	91	88	36	64	51	30	97	13	50	-1	80	66	38	71	59	3	55	31	82	100	16	12	10	82	3	59	80	60	14	67	18	74	1	28	58	89	39	90	45	51	67	93	28	80	21	92	27	9	34	8	79	60	40	56	62	68	70	20	92	42	23	90	48	89	65	79	79	66	31	5	37	67	63	36	98	85	74	83	22	67	65	85	8	85	57	20	50	81	9	29	
10	72	58	92	9	88	47	38	69	81	31	40	61	70	48	97	73	85	73	40	-1	79	94	54	83	12	67	86	12	52	51	85	86	29	85	71	11	9	76	57	63	65	37	15	94	13	63	1	22	94	13	42	11	43	48	46	5	59	59	59	20	82	57	30	61	38	14	27	71	27	36	70	23	66	3	75	53	62	62	4	32	29	100	58	100	98	71	17	13	78	40	24	91	64	84	5	24	48	81	8	
86	52	28	62	50	26	5	15	55	88	27	68	51	33	99	7	94	67	79	8	13	-1	17	55	81	22	31	66	4	49	92	77	79	22	43	60	5	15	89	34	27	57	6	63	5	70	18	28	30	71	18	66	89	75	83	39	42	33	50	46	57	14	97	47	21	64	73	81	71	28	92	7	47	3	9	53	55	87	57	1	48	57	88	6	2	76	73	24	72	60	38	12	18	99	12	1	60	84	49	22	
100	31	27	6	64	93	96	90	62	32	10	58	31	69	61	19	49	27	10	38	45	27	-1	79	65	17	90	44	46	10	6	24	56	60	5	13	2	12	74	40	81	34	42	64	33	97	6	20	63	68	46	39	2	90	77	32	16	8	6	59	78	30	42	54	34	23	66	55	31	76	88	89	42	12	21	28	24	49	58	30	84	62	83	96	99	84	75	66	89	81	70	74	61	27	23	70	20	89	70	52	
58	57	53	62	37	98	45	2	22	2	99	91	65	95	59	8	73	17	5	88	84	59	75	-1	71	16	95	67	13	22	27	37	61	42	5	50	55	71	65	25	9	16	90	22	78	71	70	34	59	97	31	35	47	14	94	53	18	27	41	76	94	93	67	94	25	67	18	39	37	63	50	43	97	17	60	43	43	9	53	68	59	6	48	57	67	2	74	100	42	72	21	43	34	64	42	38	85	18	43	39	
52	9	23	81	39	69	76	94	75	67	7	25	69	60	74	47	75	85	83	87	28	93	71	43	-1	60	11	85	69	65	2	43	84	15	18	50	96	63	9	18	63	74	9	96	72	84	52	28	64	75	10	73	88	16	21	47	42	41	55	90	55	84	23	96	64	51	9	33	43	24	3	14	21	75	48	84	82	46	65	81	61	80	1	92	9	37	57	85	86	53	27	87	100	50	50	65	56	92	78	38	
84	31	46	8	98	27	67	100	59	27	79	19	6	42	94	24	63	15	87	69	48	43	71	3	15	-1	97	5	58	20	41	2	27	49	51	23	92	36	81	35	34	83	88	2	9	19	52	6	17	65	95	2	67	16	4	44	98	77	14	83	67	71	46	68	2	72	45	20	10	71	98	63	47	98	17	71	67	11	43	28	16	1	49	79	95	34	31	9	63	34	48	29	68	79	60	40	22	87	93	48	
19	21	14	71	99	55	85	17	93	76	22	96	67	25	36	96	85	62	29	78	92	6	5	25	17	98	-1	43	63	19	2	34	47	89	25	100	27	47	40	28	65	35	96	70	63	15	95	9	20	86	83	77	75	8	45	77	74	18	69	30	23	49	27	100	50	45	42	40	76	45	75	4	70	22	4	43	20	5	37	44	19	60	34	60	1	31	42	85	80	95	88	30	55	76	73	12	20	60	49	92	
9	19	53	58	12	100	88	68	40	11	84	72	18	53	67	5	35	85	27	73	4	84	67	58	68	24	23	-1	14	13	16	14	17	26	19	1	65	35	30	23	82	5	75	35	17	72	59	26	13	66	90	94	72	5	70	41	71	20	49	94	9	50	51	53	54	8	67	89	83	12	24	3	60	45	4	28	60	97	56	39	92	96	31	44	42	36	55	32	64	10	43	78	54	10	84	69	81	9	50	47	
68	74	75	6	22	99	37	69	73	38	35	85	89	8	94	48	97	39	25	10	11	50	95	30	69	1	46	56	-1	14	36	16	84	29	17	21	1	26	84	80	67	51	66	3	1	93	23	28	12	75	28	42	4	89	65	91	48	93	60	55	24	82	34	16	72	34	30	24	8	2	31	4	38	47	49	86	39	35	79	85	46	40	39	24	94	16	54	52	94	90	18	74	2	16	61	68	91	74	96	86	
67	22	44	77	62	36	47	23	39	16	23	78	95	45	66	33	79	20	33	99	69	49	67	19	10	26	56	51	53	-1	98	95	33	1	35	79	35	26	87	53	2	97	83	47	89	43	33	7	51	45	32	91	46	13	50	95	18	15	57	32	45	77	45	100	32	27	61	97	46	52	23	18	59	25	53	24	32	42	74	45	5	98	29	99	47	30	28	51	15	43	31	16	98	16	80	14	71	73	59	41	
10	66	61	87	82	90	18	69	50	48	25	1	7	63	91	37	17	100	12	78	6	68	80	12	87	94	86	65	85	63	-1	65	64	91	97	5	35	71	77	77	6	22	16	68	14	48	20	72	30	3	2	17	49	67	87	4	36	22	39	80	77	92	65	57	97	22	9	86	30	10	26	70	75	58	80	79	92	6	100	3	49	87	85	88	63	54	84	82	49	80	79	26	39	59	71	48	16	65	37	57	
4	68	65	46	61	33	66	54	36	72	89	54	42	48	69	89	48	11	26	62	90	69	49	19	30	34	28	97	9	49	87	-1	29	82	91	69	57	56	23	78	79	4	18	57	2	70	98	46	43	60	95	71	5	43	30	50	40	95	18	65	34	9	3	65	3	19	44	8	67	34	68	22	1	90	33	29	98	3	81	40	62	84	40	93	43	69	69	23	64	1	53	2	63	91	85	16	38	27	8	64	
10	45	72	37	54	10	23	17	35	92	73	46	88	99	72	53	47	75	92	41	56	80	36	43	65	11	25	88	19	19	77	10	-1	65	52	7	66	66	43	73	85	76	30	50	65	10	45	25	35	98	45	1	87	3	28	47	44	92	38	9	64	50	30	29	38	46	96	45	58	87	97	87	16	30	91	52	98	19	91	53	71	51	44	70	40	18	66	47	16	3	47	99	66	30	96	58	91	45	27	54	
29	90	40	50	48	8	90	87	50	52	68	54	84	67	43	30	19	37	41	42	24	67	30	50	48	79	42	74	35	96	43	2	99	-1	42	37	28	71	35	91	59	96	48	32	50	16	13	30	53	13	87	1	25	16	23	19	81	71	79	91	100	20	68	20	58	91	96	79	39	94	3	67	41	83	61	71	36	25	66	2	34	46	84	83	73	64	88	63	82	67	27	27	44	51	44	40	20	67	67	86	
45	49	47	69	35	22	39	34	28	60	78	33	11	14	5	22	5	56	18	18	4	32	22	94	61	84	73	6	53	53	57	75	64	83	-1	80	61	11	66	55	29	58	21	36	78	79	13	82	46	92	4	76	50	35	37	78	1	89	63	54	91	90	50	94	53	23	34	49	84	35	35	37	58	2	95	40	34	34	10	2	80	60	67	30	45	23	88	3	16	51	19	85	48	58	26	95	24	33	24	79	
57	45	21	40	91	92	88	28	79	8	10	14	75	40	62	61	22	20	59	30	33	15	34	42	78	20	20	4	88	24	62	1	44	35	83	-1	73	51	36	94	45	32	94	21	22	11	88	93	53	89	75	63	47	78	66	78	10	57	6	10	52	6	71	76	20	54	7	19	71	62	94	26	46	61	54	51	85	28	36	48	65	91	66	16	1	2	70	40	77	7	39	70	96	2	34	49	52	74	24	95	
59	73	10	48	89	75	45	48	23	63	68	66	30	23	42	1	28	21	12	64	6	26	46	85	15	22	21	83	80	36	82	80	53	63	72	16	-1	42	97	27	95	45	15	16	13	55	54	15	8	58	44	24	77	38	61	53	71	50	80	20	64	65	17	9	50	24	37	89	65	14	28	25	77	51	9	28	67	53	66	30	59	72	6	87	97	48	1	15	16	61	15	71	69	10	72	33	76	4	97	47	
56	21	78	93	18	64	63	68	65	48	89	97	51	17	39	95	90	25	13	56	11	99	95	62	58	88	65	14	8	47	37	20	2	18	5	21	10	-1	65	96	80	59	99	59	58	80	55	4	30	13	61	41	96	17	8	85	98	11	82	76	76	60	98	85	26	64	2	45	63	49	93	49	28	24	78	26	56	45	78	88	18	74	55	45	23	98	89	72	97	63	17	26	11	85	92	87	35	97	44	40	
41	67	77	96	21	54	95	20	62	20	67	75	37	32	83	58	90	54	66	45	92	36	88	50	43	71	54	61	97	72	89	52	70	31	37	100	85	63	-1	31	12	18	75	94	74	45	5	26	95	47	89	54	82	4	100	32	92	92	42	3	15	14	44	88	80	70	46	48	57	30	84	49	23	95	87	18	92	84	91	40	13	47	75	58	25	63	84	97	45	83	61	45	83	1	26	34	73	25	56	79	
24	10	37	43	12	29	72	96	29	45	79	20	14	71	87	74	46	19	68	66	8	98	58	44	31	22	82	27	90	82	37	21	16	67	62	53	87	92	10	-1	67	14	32	9	39	48	1	74	89	75	35	83	100	62	26	35	89	18	25	96	42	67	23	36	22	81	87	50	28	1	84	21	100	70	69	41	5	7	19	52	47	38	90	51	30	29	84	29	28	33	6	36	92	84	63	39	56	24	12	82	
20	84	73	60	55	81	24	22	4	61	3	37	49	22	14	10	1	15	91	47	28	55	9	93	32	38	15	32	53	15	57	59	56	79	59	20	43	27	85	85	-1	95	24	67	21	55	12	50	85	56	99	26	67	50	64	30	44	59	96	21	72	65	49	94	62	72	3	74	97	72	17	20	51	76	60	53	59	12	83	26	88	88	74	39	35	14	96	77	85	40	11	94	87	5	19	39	34	46	90	50	
87	39	86	45	58	56	3	7	16	29	75	50	19	25	11	45	1	90	20	42	32	56	74	74	5	41	43	92	98	23	15	15	61	96	99	28	98	14	39	4	56	-1	1	20	46	61	2	22	55	19	49	95	65	89	54	25	74	93	32	36	1	65	30	98	2	89	22	78	86	85	71	95	84	79	17	15	22	87	64	72	15	77	45	45	39	7	96	48	96	88	94	7	34	100	97	40	33	45	18	81	
45	49	22	44	87	25	57	15	66	89	30	28	4	37	59	23	34	100	11	72	17	62	69	26	67	55	28	16	74	42	43	88	22	11	72	37	21	33	52	73	82	43	-1	57	74	62	25	26	4	3	94	73	68	42	59	86	60	32	34	36	82	79	24	46	41	46	75	60	2	22	81	98	32	58	81	44	38	33	43	10	32	19	70	30	56	6	55	36	66	74	29	73	7	78	79	35	78	28	33	7	
47	94	15	80	36	31	19	100	93	26	57	97	8	65	63	33	65	48	1	29	2	83	15	34	66	58	90	73	35	91	29	37	57	41	88	70	17	51	96	68	22	43	40	-1	61	27	44	63	47	1	2	15	1	83	72	89	52	83	42	82	49	2	49	94	45	95	63	84	67	76	52	33	5	22	93	67	2	49	38	76	72	87	71	51	13	85	66	4	34	27	20	83	6	69	25	14	40	69	29	26	
60	36	16	42	39	31	80	84	45	95	82	95	51	16	19	2	49	17	3	25	97	8	11	21	17	55	90	23	33	100	37	43	61	17	9	87	5	3	9	37	5	44	88	36	-1	32	98	13	28	84	78	41	47	28	21	3	96	5	5	38	82	45	51	21	96	40	68	45	47	12	66	78	11	88	72	87	99	8	88	19	92	51	64	51	77	60	63	80	44	23	90	4	30	71	30	75	51	92	64	54	
96	79	26	93	94	87	83	93	4	43	83	100	32	37	31	88	10	61	84	26	36	10	14	76	69	44	62	33	76	35	77	47	88	95	73	52	10	56	78	1	90	8	26	85	14	-1	91	100	54	63	42	75	25	49	67	37	90	45	40	74	53	13	78	71	52	64	23	3	21	51	75	48	88	19	84	5	100	15	48	15	36	72	24	73	25	63	82	88	66	63	42	46	65	100	84	43	12	88	40	58	
67	16	76	18	12	1	54	52	42	11	37	18	34	25	30	24	74	90	34	82	69	11	74	99	96	19	14	80	53	8	54	24	17	70	50	35	50	36	15	12	3	81	78	79	64	97	-1	93	90	53	50	28	68	17	33	66	32	70	48	11	99	82	91	88	68	37	85	13	11	26	78	99	40	8	11	78	61	26	50	88	75	72	30	91	88	7	25	55	57	46	8	48	79	91	26	67	99	54	65	6	
86	13	66	49	36	47	83	38	25	68	98	96	25	12	23	40	12	55	66	88	31	14	50	20	92	17	89	94	4	28	54	25	61	65	23	45	13	9	54	13	89	18	42	37	38	14	21	-1	18	40	58	61	15	52	29	68	80	6	82	40	42	51	55	31	57	99	55	30	81	94	19	52	20	3	24	38	74	50	57	24	26	95	26	98	32	35	47	56	4	50	55	59	62	84	91	77	15	88	36	51	
14	79	28	5	62	79	15	25	43	11	44	96	19	68	89	17	4	69	89	75	59	83	24	82	43	92	60	12	66	17	43	70	87	81	91	44	4	52	65	65	22	51	21	76	79	74	22	82	-1	7	56	73	61	2	57	90	60	16	74	55	24	71	97	27	26	41	59	26	39	62	90	35	36	92	74	91	38	43	90	84	4	88	11	16	50	80	85	3	2	18	79	62	73	45	4	90	77	31	81	52	
60	15	53	34	7	48	66	25	24	73	90	53	20	36	90	38	49	34	42	29	68	61	93	70	18	97	7	79	65	15	96	85	16	63	98	84	98	52	89	29	47	57	6	48	51	14	30	88	100	-1	27	64	82	70	96	54	32	25	91	36	93	23	25	58	40	51	31	76	27	81	44	18	6	90	2	68	45	34	27	78	80	17	44	52	28	75	52	74	34	28	14	54	46	67	2	10	99	12	35	31	
82	15	5	70	24	39	77	98	64	32	18	62	96	81	97	29	14	37	92	43	94	64	14	78	33	100	62	29	9	53	14	71	88	13	55	44	83	16	6	47	9	92	4	51	14	12	53	51	31	58	-1	61	99	62	41	61	26	2	80	92	77	51	24	97	97	99	76	89	12	83	14	4	32	100	13	12	60	48	65	5	67	29	67	70	22	56	2	80	41	77	49	89	57	99	18	40	41	82	53	39	
30	24	61	43	55	5	48	8	17	8	66	100	88	63	76	76	70	54	29	58	28	3	36	89	85	34	27	86	25	89	19	19	63	71	57	20	22	8	69	65	27	4	9	15	18	45	49	75	81	74	4	-1	1	85	2	93	66	90	96	14	3	3	20	65	74	18	18	34	23	97	77	4	29	5	47	59	77	57	31	37	38	38	59	12	9	10	19	51	43	43	30	13	84	90	23	34	31	83	62	99	
95	39	25	96	24	47	9	52	75	70	61	81	74	66	21	45	39	91	42	72	74	61	74	94	13	27	30	59	52	59	32	25	37	32	50	47	77	25	30	92	88	76	91	69	66	36	40	62	3	78	76	26	-1	92	6	1	62	29	84	21	24	9	89	86	24	77	28	33	39	89	24	18	50	85	96	93	81	43	32	56	57	40	85	75	10	4	84	52	93	65	95	93	1	15	93	86	76	62	68	3	
13	40	39	9	76	58	40	88	81	68	14	13	64	43	20	45	40	22	15	30	99	9	20	88	46	22	40	54	33	32	23	70	93	77	43	75	12	26	19	10	85	50	55	19	52	99	49	68	16	4	25	70	63	-1	3	46	67	70	57	41	16	46	20	61	28	22	92	91	84	43	94	98	44	64	32	6	78	25	85	70	82	93	40	92	10	3	54	89	75	70	21	52	95	41	46	75	20	2	19	75	
72	56	61	43	59	75	39	96	99	59	64	43	2	13	34	99	49	73	20	93	2	31	21	74	43	44	21	20	69	79	27	39	8	9	16	45	1	62	63	63	16	97	97	18	60	2	95	79	23	66	54	67	22	86	-1	6	86	83	16	50	48	17	26	30	4	54	92	6	24	40	53	75	61	2	88	64	77	71	41	7	71	28	41	95	42	25	62	99	80	1	24	92	35	19	67	16	65	12	2	100	
28	19	99	84	86	26	85	4	31	33	30	25	31	63	64	76	14	49	66	29	56	16	74	96	58	47	46	45	66	76	7	26	2	69	38	5	12	54	6	77	17	93	56	49	55	27	69	20	7	81	61	68	95	44	100	-1	5	16	21	58	52	28	80	75	35	14	36	88	99	57	56	75	73	66	11	61	85	56	13	94	40	74	24	64	59	24	38	47	84	6	45	21	45	82	50	10	35	98	47	62	
61	89	63	22	1	6	63	35	74	85	18	45	39	27	32	43	87	44	76	27	89	87	3	5	73	72	48	55	60	16	46	20	64	46	38	41	28	57	46	27	75	43	34	31	14	40	72	86	11	37	7	20	31	75	63	31	-1	28	19	1	87	99	87	57	10	88	50	15	33	80	4	66	1	78	40	89	67	81	51	92	68	32	30	79	14	15	86	42	43	73	57	33	91	99	96	56	35	84	100	21	
34	73	26	12	77	51	99	8	35	51	55	92	19	89	92	5	60	36	29	70	68	13	65	3	48	66	22	31	84	49	73	20	84	12	59	60	26	3	53	13	89	88	80	88	85	31	41	27	51	11	7	96	92	91	96	1	81	-1	92	37	90	29	50	88	4	59	61	8	99	41	82	48	62	50	86	79	9	3	78	68	91	16	83	52	17	13	96	20	18	81	98	9	85	34	60	81	1	38	75	100	
31	35	79	39	77	46	22	35	1	25	25	13	71	16	85	57	43	56	52	48	38	7	28	35	56	11	30	60	35	71	31	59	46	5	55	62	12	5	71	89	57	58	76	61	9	54	73	77	72	93	94	5	86	24	13	38	88	28	-1	17	50	98	76	64	38	42	2	17	29	85	90	27	15	89	100	41	70	79	33	62	60	10	87	62	57	12	32	14	38	47	72	16	50	46	74	3	48	73	65	74	
33	86	6	10	12	58	93	37	83	55	92	88	19	19	52	73	54	33	67	42	48	19	84	100	41	35	56	95	33	74	85	45	74	62	58	29	5	2	6	55	49	40	8	17	25	74	22	47	20	69	4	38	43	70	56	13	9	54	20	-1	81	30	56	71	23	66	65	84	20	87	15	59	60	98	6	29	30	46	31	86	15	90	37	85	65	27	14	68	74	93	53	28	61	34	89	23	76	35	43	32	
74	7	67	92	27	37	89	35	42	42	94	48	14	12	15	56	76	65	49	87	76	70	22	81	22	5	84	89	75	52	44	48	72	13	16	96	66	87	57	81	83	38	54	72	87	78	21	98	15	48	21	67	18	34	75	19	77	99	37	41	-1	37	30	84	50	53	7	97	52	33	75	78	88	45	85	81	1	19	61	65	67	49	32	93	78	9	83	98	46	61	97	28	34	49	64	39	92	50	95	98	
61	54	77	84	49	77	64	27	4	70	40	61	14	38	66	9	13	96	4	73	41	3	42	49	45	8	90	89	64	46	72	18	36	98	13	43	26	19	14	62	34	39	11	20	69	32	61	60	84	36	50	50	18	86	75	44	38	81	92	10	58	-1	22	63	79	88	76	16	83	15	98	71	67	29	31	10	17	90	68	21	24	91	57	63	40	59	87	59	38	61	81	63	46	40	46	87	80	40	1	93	
5	22	70	67	78	49	29	90	30	10	13	14	24	85	62	55	59	17	69	58	5	18	91	42	6	9	9	92	1	3	32	32	99	49	81	27	43	40	86	42	98	29	85	1	68	35	96	52	15	16	57	60	2	28	4	81	96	100	64	86	75	42	-1	67	34	30	70	60	70	59	100	97	75	97	86	64	73	77	69	42	96	55	48	31	18	2	37	84	73	90	54	14	74	48	9	42	74	59	31	6	
80	40	83	99	72	63	91	87	47	57	31	93	66	21	8	62	43	23	71	70	25	58	11	92	55	49	8	70	8	76	76	97	98	80	91	67	29	4	82	46	1	93	17	48	91	57	97	43	7	71	79	11	89	6	86	53	22	90	63	39	37	7	27	-1	41	63	25	16	54	18	88	12	56	45	89	79	80	77	1	83	61	83	96	28	26	94	4	93	42	61	100	17	40	4	43	35	71	7	69	40	
48	60	19	61	93	47	98	52	68	74	94	70	25	98	36	8	76	15	54	82	31	58	17	35	74	33	71	23	39	59	19	89	16	50	98	17	23	69	50	29	69	46	8	2	2	44	6	93	33	4	23	78	43	57	2	34	84	25	17	52	24	74	34	17	-1	63	97	59	4	100	5	99	18	43	64	48	54	49	42	37	9	67	58	11	5	30	96	64	47	83	27	64	18	31	68	88	94	68	19	35	
45	4	75	39	83	93	48	84	44	14	70	79	38	33	51	86	23	69	77	90	69	94	27	100	53	83	54	4	77	20	50	59	73	4	25	20	39	60	26	53	86	36	75	63	12	53	6	76	96	56	28	51	39	82	61	45	60	33	39	18	41	10	98	93	52	-1	95	1	37	24	63	7	88	37	44	26	33	53	92	52	13	59	83	39	37	88	51	46	47	13	89	23	54	20	75	81	35	86	95	39	
69	60	59	78	55	21	57	21	53	99	21	35	61	49	60	96	51	97	8	37	58	86	14	70	12	28	23	1	79	79	45	37	78	88	11	67	24	29	52	87	31	80	53	6	12	74	62	78	9	38	10	39	26	24	32	5	12	34	37	34	55	6	79	57	39	72	-1	60	18	90	26	32	13	95	38	7	65	62	42	79	94	15	63	44	31	100	42	56	79	86	30	73	34	54	12	21	54	12	92	50	
52	17	81	54	49	22	41	76	25	35	69	31	79	17	47	15	9	58	26	90	8	86	24	97	3	4	81	14	45	37	51	36	1	68	28	33	73	98	75	64	73	60	2	95	65	15	88	58	73	13	31	61	65	45	44	10	16	93	61	67	8	38	70	79	39	41	40	-1	42	93	100	47	10	10	23	63	71	76	57	32	58	76	10	80	86	89	73	73	27	98	80	76	40	18	55	57	10	24	59	92	
81	40	49	12	30	14	50	38	14	1	39	80	3	77	59	34	76	45	4	12	34	16	87	13	84	40	40	40	42	19	18	34	33	78	15	51	13	75	95	56	73	55	73	20	52	48	70	25	64	23	80	85	87	14	70	38	11	72	34	67	54	5	42	76	47	31	88	28	-1	91	29	48	44	20	15	55	59	9	6	49	52	6	81	99	32	91	84	15	77	87	37	51	70	71	68	23	75	22	84	66	
95	99	86	91	4	49	51	62	59	20	78	6	21	81	35	35	81	18	63	7	99	69	55	96	4	88	78	18	83	51	83	3	23	82	72	14	66	47	97	52	98	66	4	12	2	30	27	50	47	83	94	66	39	72	39	54	10	46	79	81	60	53	39	98	70	28	90	32	71	-1	92	81	3	45	6	36	39	8	80	99	83	63	74	70	8	39	69	64	87	80	21	94	33	33	33	53	34	14	60	53	
97	95	17	25	1	20	5	3	90	83	84	14	57	86	57	61	50	73	55	66	81	62	64	59	63	67	23	23	9	84	46	20	89	14	81	47	56	27	70	13	71	79	85	5	46	85	34	81	74	91	52	46	63	87	4	18	21	30	46	40	38	32	59	27	92	76	65	59	54	61	-1	79	16	81	79	16	59	73	91	81	90	94	71	68	27	48	9	40	100	61	26	79	29	81	25	47	22	18	64	8	
67	69	99	20	78	88	9	4	28	6	83	51	90	56	33	72	65	98	34	13	4	29	63	93	69	86	25	33	34	79	35	75	41	84	78	55	38	60	91	62	92	33	60	35	99	6	35	24	77	56	87	70	78	47	17	17	4	45	70	78	98	55	9	17	76	3	43	17	52	94	22	-1	98	60	54	75	34	8	55	67	39	69	50	80	68	83	58	35	98	6	2	93	85	31	22	50	15	65	10	73	
84	49	56	66	39	99	22	36	88	90	78	59	90	52	88	13	35	53	45	66	81	8	81	74	31	27	56	18	37	27	37	23	4	40	7	26	6	42	67	67	76	28	53	73	8	23	62	69	74	39	54	66	30	73	91	84	36	24	34	80	42	74	68	72	69	14	12	40	78	11	6	47	-1	87	50	87	78	46	44	44	53	98	66	96	55	68	90	54	13	87	42	62	74	10	18	67	17	74	65	97	
14	56	96	72	10	16	97	20	13	84	38	90	57	22	40	83	61	43	41	76	99	20	40	46	38	87	28	14	78	59	75	23	93	31	45	7	38	64	15	24	52	25	57	4	93	39	76	91	79	92	40	11	7	41	90	24	81	67	3	37	91	69	64	83	93	20	100	44	40	11	39	71	37	-1	25	14	42	25	48	3	28	74	43	63	28	85	27	80	2	14	38	4	17	80	56	98	36	29	30	99	
92	72	4	38	65	17	5	48	5	69	90	91	70	51	47	8	16	1	69	70	14	23	13	17	12	56	15	23	69	55	27	10	46	46	35	66	42	76	37	64	11	28	76	95	21	43	49	41	6	43	93	37	66	22	95	60	31	16	79	62	8	29	28	91	13	25	37	86	71	66	88	56	62	95	-1	63	72	22	97	81	53	17	50	67	33	57	36	45	45	35	77	55	16	8	76	15	32	19	94	14	
6	50	10	11	18	4	78	11	32	43	56	34	65	47	51	68	52	19	21	47	74	94	8	28	64	21	60	56	85	71	25	13	47	48	70	54	70	7	73	23	26	21	67	56	56	79	94	47	72	88	5	8	85	34	100	17	30	67	13	78	60	25	74	55	72	30	40	52	58	13	31	8	50	93	15	-1	84	2	41	79	26	80	24	20	61	74	94	28	87	83	66	38	98	99	85	85	32	89	90	85	
33	60	56	90	17	45	25	88	50	76	49	25	70	41	95	33	61	27	57	55	42	1	34	41	92	1	39	21	47	55	62	77	82	47	79	68	7	98	19	42	73	8	95	74	86	61	61	81	89	66	65	98	93	15	55	64	23	31	91	32	8	65	40	51	75	52	10	10	41	5	74	72	62	61	23	84	-1	83	67	50	4	49	2	33	57	25	54	45	52	47	11	89	88	32	99	18	53	43	34	92	
44	60	43	21	8	84	20	61	68	16	88	58	46	100	12	97	56	29	72	84	21	77	63	5	78	43	78	23	25	11	49	19	86	44	30	90	16	68	3	85	26	79	2	9	55	30	31	73	34	6	92	52	54	85	35	19	78	68	1	47	84	90	14	62	3	44	69	80	65	26	89	84	78	72	64	64	78	-1	80	55	93	57	95	18	30	41	98	98	64	83	16	80	14	46	21	39	81	52	21	33	
83	31	33	50	64	27	36	74	77	36	18	12	5	35	45	35	92	72	33	60	54	43	62	3	16	67	32	34	81	5	10	44	95	53	17	55	14	66	23	13	74	86	99	55	73	73	12	34	20	76	34	49	18	60	95	39	73	2	6	99	48	58	20	1	8	81	35	31	7	76	52	36	9	17	4	99	9	23	-1	55	55	52	49	32	94	5	55	38	67	9	48	55	61	87	59	66	17	14	93	63	
2	61	18	88	43	36	28	40	89	42	92	78	15	98	91	51	50	5	36	28	44	8	2	12	80	50	8	37	47	37	10	4	89	14	47	34	83	41	18	68	27	14	10	58	41	33	73	72	97	64	98	37	37	26	61	1	40	74	24	32	23	69	20	51	3	81	66	71	11	78	18	8	15	86	87	79	73	28	36	-1	67	16	9	23	48	62	79	32	37	90	73	48	88	93	31	83	20	20	97	66	
14	31	30	37	3	13	99	60	33	64	21	56	63	9	11	77	50	7	20	54	93	37	49	76	49	46	77	90	18	77	44	24	92	55	81	15	53	11	43	13	50	40	51	45	49	47	96	49	6	45	63	34	64	17	48	84	2	17	60	43	77	37	21	4	69	44	47	96	52	59	92	54	5	44	54	55	32	55	3	11	-1	85	55	89	21	3	63	4	7	72	18	1	40	86	60	8	90	88	34	8	
95	13	37	33	74	76	93	98	2	13	91	88	59	98	29	83	31	90	34	60	31	26	42	50	54	57	34	1	54	62	39	12	30	43	83	37	54	83	53	83	77	51	42	19	36	30	40	87	48	56	18	79	94	5	92	25	56	93	40	44	83	78	53	39	87	71	35	26	27	24	63	45	5	27	85	84	80	9	35	83	28	-1	30	63	39	57	24	12	40	28	55	89	33	54	69	47	33	23	20	88	
67	43	96	80	12	82	81	95	51	73	30	42	46	30	91	14	67	96	4	99	45	12	26	54	76	31	34	69	70	34	32	99	44	74	77	30	52	40	8	40	36	24	70	98	87	15	48	11	71	79	77	20	55	94	15	33	65	30	86	48	94	80	43	23	25	82	83	27	94	78	29	20	76	56	40	54	16	15	64	84	75	89	-1	42	91	46	60	90	89	9	87	40	23	82	28	47	72	90	41	6	
23	32	70	87	92	49	19	96	70	40	98	60	31	87	99	80	72	66	98	70	43	30	89	57	11	72	15	57	90	39	84	41	84	64	22	87	11	20	7	100	86	99	68	47	7	95	33	74	68	59	70	71	81	33	14	69	38	38	13	83	14	84	63	60	88	80	47	84	89	38	10	22	87	33	1	30	96	3	35	49	62	33	3	-1	31	82	7	88	79	46	50	66	21	75	90	14	76	91	42	57	
31	39	61	30	70	68	46	72	33	79	68	69	4	15	64	64	75	18	86	28	72	86	50	86	95	1	31	97	41	55	72	4	32	32	71	91	61	70	42	62	7	63	88	87	80	66	28	54	26	26	60	33	63	55	37	21	48	13	4	19	50	98	96	7	86	32	26	7	23	76	89	55	25	85	84	24	56	99	29	45	89	69	60	61	-1	85	92	14	54	84	94	18	14	68	72	37	91	45	68	36	
8	83	18	92	71	54	71	57	73	21	74	7	80	35	39	37	50	37	85	51	10	64	21	63	96	70	79	14	49	59	63	92	12	82	4	49	65	15	51	53	74	35	68	35	69	86	88	57	30	64	63	47	45	4	68	81	1	73	65	85	42	61	65	66	21	99	87	93	67	55	9	42	27	1	64	79	94	22	65	3	79	14	1	34	55	-1	79	1	94	55	32	21	33	5	78	54	50	96	23	30	
57	3	75	27	67	79	28	58	13	72	84	13	3	65	10	87	76	3	54	83	8	1	76	16	78	73	60	71	48	76	45	77	3	74	39	47	59	100	67	59	67	91	32	69	5	42	53	85	37	91	20	71	10	98	77	97	4	17	83	83	12	95	2	81	97	47	30	76	32	80	43	86	79	75	89	64	69	16	78	72	13	21	90	84	35	31	-1	78	88	27	82	44	87	14	67	2	9	66	64	89	
11	77	60	51	35	11	84	96	26	7	49	34	3	100	2	99	66	5	68	32	93	63	12	99	74	38	97	60	69	37	64	83	79	6	4	100	51	65	49	88	43	11	83	4	43	58	10	44	62	51	65	30	93	61	55	95	28	52	5	68	49	40	94	37	4	11	92	34	53	36	35	90	32	89	55	17	34	12	24	77	71	25	97	73	47	31	31	-1	68	65	4	71	55	86	30	67	94	66	32	27	
72	5	20	14	86	4	2	80	41	2	88	30	5	61	59	58	32	27	54	59	48	94	94	87	61	56	67	35	95	14	93	62	42	19	12	58	47	100	52	68	83	47	43	78	29	20	1	98	92	82	43	64	16	50	71	36	30	45	7	53	67	87	66	73	14	48	42	43	37	86	96	41	59	11	34	57	40	73	47	82	5	71	72	74	19	33	29	87	-1	12	59	6	79	63	18	39	56	61	59	33	
80	78	92	7	44	58	20	83	63	51	99	10	34	34	34	51	53	19	36	82	96	38	41	20	39	59	70	16	55	66	97	14	54	79	74	3	45	12	74	76	88	1	10	84	25	47	88	22	69	8	46	56	71	6	48	1	30	22	67	18	74	51	17	39	81	11	18	86	60	56	87	36	31	19	43	14	85	89	60	27	25	99	47	97	72	56	82	69	88	-1	45	29	43	64	48	87	33	85	99	38	
42	60	3	81	78	30	24	97	25	60	44	90	69	95	32	16	96	46	6	57	8	13	39	69	45	66	94	83	52	58	62	9	37	71	37	96	88	87	61	69	59	15	35	63	88	53	2	24	60	31	41	97	39	81	45	62	86	8	1	66	16	92	70	100	54	3	85	74	85	11	30	45	74	6	63	74	88	16	26	7	47	77	28	73	40	67	58	12	52	2	-1	20	67	46	54	23	10	57	85	79	
77	81	14	54	11	8	73	100	63	4	95	83	26	64	60	68	65	28	16	67	16	37	47	12	2	60	77	11	95	94	69	28	40	60	75	18	46	83	71	57	50	6	48	6	3	31	6	40	97	20	80	48	69	23	65	8	28	12	33	43	80	61	58	12	80	2	80	25	23	38	17	22	100	29	61	19	93	52	30	26	10	58	75	68	23	37	58	53	80	48	30	-1	25	11	2	10	18	87	51	15	
8	77	25	44	92	52	38	27	5	5	47	63	54	50	24	92	19	94	91	55	58	6	22	75	85	35	45	99	79	36	87	5	87	72	79	34	99	95	99	42	68	49	84	26	57	12	61	89	87	27	76	100	80	67	13	18	71	53	66	90	94	40	54	10	5	65	18	59	54	91	41	70	5	60	47	59	7	1	13	60	41	61	38	25	15	30	69	41	25	67	57	31	-1	8	61	61	57	30	42	9	
81	38	19	64	79	72	2	5	86	51	99	19	38	80	97	64	81	66	11	1	97	50	4	26	57	41	70	82	84	23	18	68	42	11	64	29	40	76	68	36	54	46	1	25	23	26	94	98	41	9	38	23	78	64	88	30	94	48	19	26	57	100	2	91	75	100	60	30	30	22	45	73	29	83	80	2	55	55	76	93	61	98	48	46	39	16	4	39	80	61	69	66	49	-1	68	32	95	64	45	50	
29	57	1	14	29	61	35	55	90	37	4	95	55	21	22	92	78	46	77	63	43	12	22	59	72	4	92	71	6	13	59	22	16	37	62	17	66	91	78	18	61	19	1	64	69	17	16	63	95	97	75	5	44	38	76	41	50	66	91	47	1	46	94	45	85	86	45	60	62	75	27	45	83	43	93	22	39	1	18	100	73	93	96	35	28	26	46	80	3	18	14	49	45	74	-1	77	93	90	59	49	
43	11	25	74	89	61	30	57	73	18	8	8	87	49	74	14	80	61	32	89	47	66	78	29	92	76	27	41	61	57	78	27	24	87	72	84	77	29	95	56	14	36	63	75	20	97	48	97	32	97	95	12	62	41	68	63	88	55	55	61	46	73	37	58	29	17	1	97	54	20	100	47	68	47	42	47	72	22	26	70	12	67	76	21	89	27	45	32	42	23	94	54	30	26	65	-1	79	73	73	48	
92	70	3	35	41	91	45	9	59	94	93	90	81	35	51	23	100	37	24	5	14	89	67	70	39	68	68	61	81	37	78	5	22	91	8	29	11	64	80	79	20	50	12	90	33	41	81	36	7	93	96	11	70	25	94	22	49	97	83	63	17	24	70	48	15	93	64	82	81	62	15	90	49	49	81	15	90	2	69	2	71	22	7	65	27	39	58	81	88	64	59	9	94	70	4	8	-1	37	94	72	
98	38	57	93	96	35	42	34	52	6	19	43	95	66	99	85	37	62	50	62	64	31	25	8	9	77	39	16	67	35	96	91	13	22	14	12	6	9	25	5	99	54	15	47	73	36	80	94	100	82	70	90	71	99	52	50	5	22	56	23	95	87	75	48	38	34	28	79	84	44	11	89	18	41	83	9	17	37	29	26	66	45	76	46	58	83	94	29	81	8	4	27	49	18	17	5	83	-1	30	19	
86	78	20	51	85	42	89	70	69	59	59	59	42	78	3	2	10	100	16	42	94	23	72	100	77	37	59	92	53	30	58	39	9	87	56	9	23	7	46	88	51	19	5	25	64	58	2	47	50	27	5	100	23	49	9	18	5	54	15	75	84	95	52	33	4	68	12	98	98	21	53	9	64	68	49	59	53	20	71	36	78	17	31	85	93	21	72	28	92	86	29	91	22	4	79	8	11	29	-1	58	
4	70	92	74	2	62	99	8	42	30	89	36	23	94	75	49	56	17	97	100	30	36	63	22	7	55	44	89	97	82	98	99	94	99	99	28	62	15	57	37	29	17	25	77	23	42	53	21	85	1	41	94	82	47	78	53	67	71	10	91	62	90	23	54	45	77	60	96	13	9	40	65	88	36	56	34	80	82	58	16	25	23	55	78	6	87	3	91	63	58	99	52	98	53	36	45	47	28	89	-1	
