100
-1	77	8	50	100	31	32	74	13	34	31	95	52	12	67	54	42	99	18	34	33	8	64	68	11	64	86	72	24	36	67	76	79	32	58	52	7	80	52	46	34	97	11	3	81	25	19	69	9	61	28	78	18	87	81	85	50	41	8	100	96	96	17	78	85	44	7	85	87	63	84	74	21	100	80	84	46	14	66	38	65	93	10	29	56	49	74	30	55	57	39	67	44	73	86	52	5	54	91	96	
49	-1	5	41	41	83	11	27	60	67	76	3	32	58	83	31	10	36	25	12	49	4	72	83	23	48	18	45	19	1	94	7	17	25	42	50	27	63	21	3	5	48	87	38	55	36	38	52	61	98	84	10	91	75	7	5	31	75	56	70	100	42	51	15	96	99	13	79	48	79	79	20	73	52	22	55	75	18	27	96	2	2	37	61	5	17	73	95	70	11	54	22	77	32	5	69	61	7	98	44	
52	13	-1	24	19	2	88	5	19	92	61	74	15	5	95	37	99	70	50	39	12	70	26	89	36	36	79	26	51	92	4	87	38	83	19	85	67	79	93	29	5	6	90	94	90	22	79	8	10	97	61	29	69	10	49	72	60	92	59	39	4	81	3	41	100	53	87	17	96	72	81	30	66	17	67	59	91	21	36	17	53	32	44	26	44	46	24	60	19	92	51	99	100	72	32	99	11	74	77	65	
95	65	60	-1	15	1	90	56	67	60	54	75	68	65	18	93	3	8	90	83	17	16	86	40	12	8	57	7	35	97	87	87	65	18	26	88	69	50	19	95	3	57	53	55	79	65	30	41	23	62	98	77	10	99	53	46	42	19	44	64	1	100	2	16	40	80	35	43	16	69	1	18	45	9	35	54	35	77	42	20	43	69	78	11	19	97	69	25	82	26	22	90	90	36	24	67	75	54	60	90	
18	23	65	3	-1	29	68	62	6	99	78	29	70	39	49	18	77	94	80	14	37	44	11	29	31	66	99	62	77	77	14	77	81	82	91	69	92	47	50	15	61	41	82	63	30	82	22	90	87	92	99	96	9	99	20	54	13	68	63	54	26	43	23	18	52	18	93	75	66	14	32	91	25	1	88	48	45	28	1	14	37	16	11	91	74	8	61	34	17	77	80	70	90	28	41	27	95	15	30	5	
76	38	85	65	22	-1	32	33	56	63	99	25	59	11	68	26	39	36	90	36	20	47	80	44	13	84	45	57	65	53	96	13	85	76	16	41	32	98	58	39	56	100	32	98	43	12	64	27	16	31	54	7	47	54	6	65	86	61	29	22	74	24	98	98	70	88	36	61	34	84	78	33	14	76	94	17	68	65	93	74	58	3	35	2	33	15	22	63	91	10	9	44	12	90	28	53	16	73	77	67	
30	63	28	91	99	15	-1	38	5	48	14	47	76	6	95	22	3	9	91	5	64	59	89	1	32	53	87	35	59	74	27	8	46	91	40	26	66	12	8	47	18	17	87	29	84	26	89	31	28	23	60	39	14	58	22	12	85	87	41	6	72	34	18	88	39	43	71	54	89	15	52	23	37	53	67	84	94	24	3	65	52	6	58	47	64	52	79	43	31	53	27	74	58	47	45	70	88	57	67	8	
36	42	47	58	37	22	92	-1	27	15	66	90	88	12	72	39	26	15	37	90	81	63	70	40	75	35	29	50	93	28	17	94	57	60	19	29	5	90	67	16	15	66	54	42	54	75	48	73	15	73	77	28	75	64	76	29	52	26	64	7	22	88	63	30	8	28	80	2	40	61	16	48	79	75	18	18	72	65	79	58	27	97	32	66	29	14	90	98	26	35	69	29	81	59	11	16	79	16	47	41	
62	45	44	52	28	55	92	16	-1	77	6	23	36	81	16	30	13	2	21	44	67	20	43	90	64	49	61	98	72	59	13	18	27	60	62	81	8	38	57	39	2	95	15	89	8	70	8	32	84	46	22	58	11	35	41	40	63	63	6	70	42	78	50	16	72	13	64	30	51	28	81	23	13	6	3	69	25	97	96	60	93	38	48	28	28	78	70	32	48	50	39	60	54	8	7	1	28	30	96	51	
70	62	4	4	89	51	42	68	29	-1	35	80	7	30	78	24	2	96	62	76	44	9	63	95	16	23	60	40	93	51	35	65	49	5	6	45	10	37	94	33	76	10	68	5	62	81	89	37	12	84	10	21	53	43	9	6	3	86	55	82	84	96	83	4	10	20	1	72	69	39	54	39	62	13	83	62	79	39	20	3	70	80	52	77	36	78	89	33	31	31	85	80	62	61	82	75	7	27	98	61	
37	9	12	84	83	70	13	51	16	99	-1	6	98	37	23	21	58	32	81	27	95	62	66	17	91	79	72	33	72	56	26	87	37	6	100	67	21	37	33	25	85	56	63	80	27	23	11	95	30	16	58	2	76	7	19	91	82	23	98	28	11	30	72	28	99	100	100	48	61	46	5	68	55	18	29	26	57	21	86	58	96	94	47	18	21	89	69	25	33	78	75	46	74	7	38	62	59	7	1	2	
80	41	80	58	97	88	70	55	48	40	85	-1	69	9	5	93	41	1	18	22	4	4	29	10	28	35	25	84	1	42	84	62	6	15	38	32	22	91	49	62	99	57	2	92	25	64	53	8	52	84	85	60	94	64	90	12	70	98	94	58	28	15	81	52	56	97	68	26	24	30	17	49	20	35	49	83	66	1	6	8	98	98	62	92	31	60	11	30	91	61	84	23	72	91	51	36	75	18	13	14	
41	17	72	43	95	26	68	81	39	41	68	44	-1	45	100	69	45	27	52	6	42	35	18	70	1	64	60	47	51	8	66	36	31	21	33	62	31	3	71	30	67	96	10	39	10	17	41	78	1	97	77	21	36	71	89	47	98	13	28	20	40	58	22	81	35	83	5	67	98	2	73	21	42	66	23	51	60	63	2	9	58	69	82	2	2	23	88	97	39	66	6	49	78	54	65	8	68	24	37	63	
36	80	92	44	88	85	93	4	91	55	90	62	1	-1	8	63	27	62	42	29	75	68	12	55	20	12	43	100	62	27	15	45	62	5	50	56	83	77	28	22	30	35	56	73	89	6	22	25	39	82	33	47	93	53	15	10	44	59	38	58	65	60	65	58	41	1	48	50	38	71	76	85	57	59	54	15	90	97	22	82	14	24	27	47	75	9	10	55	1	7	2	3	94	70	58	79	74	23	97	21	
25	44	56	70	82	37	59	77	13	85	33	65	91	89	-1	13	19	93	77	41	83	2	76	92	55	37	15	53	60	34	77	81	46	40	97	29	42	99	7	72	78	23	72	14	11	12	48	66	90	3	81	62	97	93	62	88	35	35	1	14	62	62	65	42	60	99	82	3	12	2	82	88	66	98	8	2	6	84	11	60	9	77	65	26	13	17	24	29	86	6	57	82	24	96	64	41	31	63	67	21	
36	17	10	21	18	36	98	73	77	43	20	84	90	36	93	-1	4	95	14	64	40	84	56	31	5	66	42	21	37	83	10	44	36	79	2	38	43	5	79	34	78	33	62	88	56	72	14	49	66	12	61	48	76	62	3	59	35	85	35	50	40	73	33	56	75	20	80	24	87	59	57	28	41	24	39	35	84	91	96	36	60	51	96	17	78	19	81	29	66	52	42	37	86	16	45	37	7	15	74	54	
41	9	77	43	27	17	47	45	99	80	51	47	7	73	24	10	-1	13	79	9	12	69	87	1	3	4	24	100	65	71	33	74	25	84	78	62	64	76	81	50	41	58	94	61	22	3	16	85	41	6	95	83	73	86	23	11	72	42	70	40	80	16	84	99	97	17	46	22	95	99	74	85	85	4	89	24	93	47	34	48	24	5	13	86	24	65	99	4	8	43	53	55	4	65	63	69	38	67	30	80	
60	85	91	46	71	10	46	87	75	20	91	15	76	81	80	16	33	-1	31	3	44	39	72	69	51	48	15	67	36	84	19	32	4	35	25	8	99	100	4	72	13	6	1	25	56	85	63	97	52	52	16	99	95	100	84	43	47	39	70	46	84	6	13	23	18	51	24	14	74	72	1	75	48	40	83	90	1	75	70	30	54	88	91	32	53	96	28	26	46	94	41	91	97	13	48	32	22	26	90	40	
1	94	78	52	87	86	97	86	20	5	15	6	2	2	69	21	14	99	-1	39	98	70	49	45	7	23	85	12	17	4	26	70	62	38	8	66	29	38	40	16	51	76	41	97	14	21	6	69	35	70	53	14	99	82	92	41	4	42	70	54	29	96	76	57	36	47	92	58	33	61	50	84	75	64	81	9	36	17	32	84	80	50	6	69	66	2	98	30	80	3	51	42	16	83	20	46	95	87	27	65	
41	96	19	56	21	18	62	98	18	51	68	50	82	8	73	15	98	94	29	-1	51	3	84	86	71	55	27	17	42	51	82	33	92	3	67	100	24	2	97	24	73	68	63	49	74	41	6	39	17	52	6	99	53	55	63	97	26	49	45	85	92	26	88	62	34	90	14	69	26	69	97	42	30	48	6	5	73	67	30	97	66	83	70	9	23	66	82	45	82	95	34	58	13	54	29	5	12	70	57	54	
67	58	42	30	88	92	18	46	34	18	70	68	43	39	63	15	58	72	87	62	-1	72	87	36	25	32	46	93	23	34	40	32	35	98	45	92	70	28	24	89	69	21	62	48	19	19	64	79	56	26	23	16	48	88	47	17	94	50	62	100	49	67	23	96	12	41	87	71	79	49	26	49	25	40	77	82	13	91	95	31	26	70	81	11	6	9	23	83	92	75	3	2	81	68	40	79	40	92	83	4	
81	80	80	88	56	69	89	26	17	78	67	44	7	75	54	79	9	72	93	28	69	-1	54	80	20	87	20	1	66	92	92	46	9	100	69	62	37	48	56	33	30	72	90	72	92	64	32	24	23	69	8	63	95	91	44	22	100	77	60	16	58	28	17	66	11	31	90	6	11	82	98	90	77	18	60	35	1	85	74	21	81	30	34	100	72	47	72	27	95	93	19	25	2	28	54	77	63	72	10	78	
44	54	27	51	51	67	82	39	73	42	5	20	24	44	29	33	98	41	79	13	54	80	-1	18	54	29	91	60	95	83	57	15	37	15	80	50	20	32	67	36	96	2	94	40	6	20	63	58	17	63	37	40	72	55	22	65	33	53	39	70	74	57	23	86	72	52	100	79	46	68	33	29	47	55	55	63	42	1	6	80	72	38	78	40	6	80	3	63	49	69	74	93	20	99	46	58	62	3	33	8	
87	3	54	90	59	20	23	39	36	3	2	44	78	7	2	71	65	39	47	37	51	52	57	-1	40	13	95	33	92	19	60	92	94	49	17	86	7	96	64	51	100	8	59	79	22	40	39	23	32	77	46	45	2	82	64	100	36	43	59	1	71	15	99	5	76	48	55	25	59	82	41	10	57	91	95	69	9	97	20	18	31	12	76	58	98	82	48	35	45	16	37	99	40	83	81	56	64	43	23	99	
78	38	82	94	59	60	12	40	94	78	79	10	82	88	37	19	59	84	60	13	66	79	44	45	-1	63	18	76	81	42	74	98	7	25	11	3	45	97	35	38	95	52	41	36	81	70	64	4	61	35	14	8	39	11	93	24	63	95	76	77	99	35	25	21	86	52	10	68	96	100	17	34	11	88	8	52	61	94	49	19	23	38	67	81	5	34	97	53	47	16	42	57	56	75	57	98	76	62	6	26	
31	8	81	94	64	25	95	9	36	88	58	53	80	73	56	49	87	56	39	43	92	67	27	66	78	-1	1	77	67	53	56	95	71	22	32	83	44	2	80	8	1	44	28	87	78	7	100	31	33	53	80	79	2	97	40	40	46	14	62	37	66	61	53	73	80	93	25	92	6	9	61	21	6	77	31	44	31	85	66	95	69	83	44	58	70	63	86	47	11	32	9	98	33	84	66	61	50	19	14	83	
42	4	31	66	86	13	57	14	14	66	80	88	42	48	60	27	55	62	18	14	99	87	39	3	35	5	-1	67	42	87	66	99	12	39	45	42	37	79	83	69	60	28	2	41	71	86	73	85	47	62	37	68	64	93	20	19	36	7	13	79	60	84	16	90	84	17	26	11	24	15	38	39	59	9	16	70	3	83	2	47	24	29	66	59	18	24	92	26	29	15	100	23	88	82	6	33	74	100	8	38	
10	65	15	81	25	90	2	14	4	31	95	13	44	25	95	71	91	74	49	44	23	26	94	38	61	4	59	-1	84	42	71	58	82	8	85	38	48	28	33	54	10	23	80	71	60	71	87	77	45	91	42	91	28	5	72	58	56	39	21	53	8	56	84	46	96	89	47	50	35	76	72	41	18	35	57	32	39	43	49	32	77	23	72	8	11	8	81	94	35	47	87	14	9	29	91	10	20	89	71	49	
8	87	69	63	57	12	73	100	7	50	13	52	86	85	60	70	64	39	49	72	21	4	73	59	30	20	38	27	-1	85	73	61	17	11	95	86	59	99	86	26	52	95	88	10	29	49	71	82	7	32	54	40	33	82	54	31	92	55	66	10	73	47	95	33	91	93	43	18	39	82	18	23	48	76	31	71	26	33	5	66	61	2	85	47	53	83	41	93	1	46	81	87	100	88	77	91	95	78	88	24	
13	91	64	24	72	62	1	62	12	31	66	53	1	35	77	28	80	8	66	78	25	1	92	17	56	41	99	15	69	-1	29	61	30	30	9	38	37	91	72	29	10	55	59	2	1	10	98	85	76	61	64	28	85	62	60	100	45	64	36	36	6	45	83	6	27	42	74	54	50	26	34	92	47	63	88	17	15	98	100	9	48	17	19	20	59	26	4	59	81	49	25	24	10	34	87	48	7	68	78	19	
71	53	18	45	97	76	82	48	52	19	89	62	66	72	31	61	33	50	88	92	71	71	84	63	25	9	26	86	90	34	-1	10	65	20	100	29	88	88	41	30	22	82	54	20	67	88	50	13	99	19	58	41	39	21	62	44	14	29	90	28	100	32	34	46	25	2	47	18	97	44	75	76	63	27	35	26	56	32	15	72	78	45	53	99	85	9	54	29	28	16	85	24	46	85	97	85	86	35	94	75	
29	25	63	55	24	53	46	74	46	20	30	34	71	88	1	5	88	73	18	52	57	96	90	22	61	5	59	20	37	20	28	-1	96	51	19	58	28	84	14	90	13	24	3	65	19	9	6	44	44	59	55	96	21	78	31	16	39	56	9	88	62	88	10	58	18	8	82	87	11	19	9	61	58	62	32	58	72	20	9	19	39	11	58	94	95	29	92	69	63	91	79	92	20	17	35	76	89	90	3	45	
43	98	85	1	70	73	25	18	61	29	87	10	91	10	86	29	95	45	70	99	57	35	32	78	89	28	45	62	92	67	100	95	-1	88	52	44	75	49	48	29	21	9	51	46	25	4	27	43	80	96	87	39	15	58	3	53	27	22	83	3	47	20	51	95	38	39	41	65	67	34	91	28	14	33	98	8	23	25	51	97	69	67	81	54	8	10	19	52	23	30	44	88	21	40	32	2	14	72	85	44	
44	42	50	34	19	36	79	11	50	6	77	16	18	31	74	51	96	64	56	11	50	15	30	98	86	61	80	75	95	90	1	25	68	-1	60	86	59	18	19	92	74	72	12	13	32	52	37	83	50	9	12	61	8	64	34	58	76	71	62	11	28	92	54	64	36	77	17	2	83	4	65	72	33	74	75	79	45	67	25	47	87	100	55	94	21	56	5	71	14	52	32	15	11	51	83	15	53	4	48	15	
15	37	55	40	72	27	38	8	19	27	90	2	11	77	65	96	93	23	100	9	88	29	3	30	3	90	50	84	36	97	66	51	65	80	-1	57	50	23	25	18	7	51	68	53	12	56	64	89	46	100	61	83	72	90	53	42	71	52	94	55	1	58	92	55	84	74	67	94	49	38	78	38	64	3	61	25	70	71	41	16	76	50	6	8	21	60	29	61	31	66	87	21	90	9	44	70	98	19	32	87	
82	45	19	63	80	36	79	7	95	53	39	73	23	82	62	54	79	86	49	78	49	93	28	28	34	26	62	79	51	2	48	39	47	92	64	-1	97	30	11	3	58	35	48	11	97	37	38	36	23	31	72	57	50	73	41	47	14	77	34	42	23	53	65	27	51	83	75	53	19	70	86	42	95	3	53	29	31	16	54	74	75	24	74	49	12	32	86	74	72	95	99	64	46	56	10	45	74	11	6	74	
82	1	87	51	58	34	45	17	92	68	32	54	60	30	93	45	2	64	68	46	57	57	43	32	3	86	43	85	57	89	46	38	45	34	5	16	-1	10	60	51	55	4	8	45	61	19	85	15	80	32	87	27	35	42	25	33	98	55	53	63	65	36	100	1	11	76	57	27	59	39	46	46	70	66	68	25	46	51	22	5	79	27	97	3	17	30	26	84	37	6	76	5	75	70	20	33	7	17	7	43	
42	27	43	56	51	51	88	8	3	9	96	48	18	79	33	1	67	43	9	30	78	63	52	39	4	43	22	80	31	50	95	8	58	71	71	20	98	-1	2	57	59	22	76	63	75	93	91	47	23	3	29	60	54	33	42	56	60	48	96	9	100	38	63	77	6	11	70	6	62	71	76	70	44	1	86	36	65	87	39	35	38	7	61	86	84	70	36	8	68	70	97	73	64	6	53	25	25	32	70	25	
86	46	100	71	61	70	67	26	84	38	41	6	15	100	35	92	100	9	41	41	27	72	33	7	59	29	24	84	13	30	15	27	12	19	7	13	4	33	-1	72	69	43	32	19	79	21	41	2	9	98	89	96	61	65	24	85	61	55	24	87	13	54	14	2	9	44	41	41	63	71	28	41	65	33	46	73	50	87	56	75	97	54	71	14	26	78	35	57	50	39	27	26	81	64	94	87	62	66	81	49	
29	89	65	73	75	68	44	8	95	47	7	53	12	28	35	14	36	59	45	8	47	43	58	3	71	92	86	17	38	14	95	24	68	49	22	93	54	39	6	-1	36	3	64	64	29	71	96	45	89	66	34	69	26	90	51	60	47	7	48	76	28	17	68	59	61	79	13	13	80	19	54	99	44	38	65	61	51	85	83	89	75	4	28	25	52	74	63	63	69	61	13	50	82	44	97	36	32	74	72	23	
39	49	1	48	24	10	16	70	94	27	59	38	79	86	34	63	86	28	59	45	47	50	100	34	96	54	79	8	83	73	82	71	66	16	89	57	81	73	76	37	-1	18	63	81	18	49	57	6	40	19	2	35	75	69	65	83	22	81	11	11	9	32	13	31	19	44	20	4	58	55	94	37	72	81	59	54	7	43	72	66	16	32	14	39	9	32	46	40	10	35	76	74	28	71	73	43	57	85	94	15	
95	94	50	59	25	92	3	64	70	90	67	36	19	96	40	100	18	72	10	77	68	14	72	26	41	37	42	70	18	22	93	10	4	57	63	67	14	22	13	81	58	-1	29	87	2	48	40	19	24	100	32	52	36	31	67	11	81	75	70	23	64	2	47	69	90	4	4	3	15	96	61	71	56	77	1	91	15	5	84	15	40	65	97	76	24	38	66	74	94	12	49	28	46	77	39	3	5	36	8	46	
60	26	93	84	20	17	29	47	62	28	71	24	57	14	22	70	77	34	70	100	8	18	67	81	30	18	39	38	89	60	49	51	90	2	27	89	59	55	3	3	57	58	-1	2	3	29	35	8	95	66	99	68	53	81	14	83	55	1	35	43	42	88	24	10	50	26	86	26	17	36	55	23	16	19	74	68	35	66	100	95	91	29	81	35	98	84	76	70	29	8	6	70	48	68	23	51	91	18	15	80	
28	99	69	99	25	60	22	17	64	87	68	94	44	33	67	72	89	73	28	71	95	97	80	64	47	76	15	74	99	20	25	66	75	76	33	8	11	60	88	59	66	31	53	-1	93	84	46	47	3	81	52	85	71	26	82	77	94	95	71	70	17	9	14	56	22	40	79	70	40	33	67	58	20	42	84	53	53	54	36	43	11	51	73	81	62	1	41	52	52	9	67	13	96	69	50	20	76	2	4	89	
91	63	25	90	88	56	81	53	42	38	100	20	32	73	72	34	11	48	52	99	53	96	23	24	100	39	11	96	44	30	91	86	33	81	79	9	8	30	74	60	71	37	36	9	-1	67	18	65	17	22	40	26	76	70	64	79	35	92	20	40	33	68	94	100	13	5	52	35	46	16	18	95	32	53	58	41	12	100	50	53	89	12	91	71	84	34	13	63	97	42	64	87	87	15	85	40	38	27	11	38	
35	3	3	60	79	15	58	44	100	42	26	18	64	1	32	27	23	34	4	79	15	91	61	63	46	39	95	65	49	92	10	61	10	85	26	1	34	86	31	39	80	30	1	89	72	-1	17	100	70	97	46	60	83	14	61	85	12	70	89	41	80	21	96	78	10	80	72	89	30	81	38	27	87	97	19	24	83	35	30	13	4	81	41	34	47	71	8	83	10	86	68	2	10	83	14	54	91	85	25	26	
12	24	82	30	13	99	30	1	58	87	83	34	1	20	11	36	92	17	32	52	65	95	4	18	21	51	59	90	74	37	3	97	89	55	38	42	44	69	67	42	96	88	26	36	65	27	-1	73	9	52	71	39	62	53	33	51	26	67	25	50	15	29	87	80	57	22	49	36	73	67	61	61	42	19	52	83	37	32	51	3	86	80	100	76	32	47	4	83	21	83	60	84	4	27	84	28	22	56	40	37	
82	8	97	33	98	73	6	88	35	70	47	96	1	9	97	65	23	17	16	100	95	16	65	28	41	99	53	8	68	45	74	88	2	54	6	62	65	49	37	10	38	80	70	9	9	89	38	-1	67	77	36	81	27	69	4	33	59	91	15	16	36	4	35	56	35	44	93	16	85	59	87	14	32	33	28	15	90	66	86	19	49	9	9	46	12	22	58	78	61	97	38	1	87	29	76	9	66	68	77	27	
93	61	75	61	3	48	11	43	74	85	79	24	23	51	2	64	94	98	42	32	89	43	68	74	62	39	46	43	14	75	90	74	39	74	52	90	22	95	30	86	53	76	63	88	39	44	85	87	-1	33	1	36	85	7	97	1	33	80	90	28	20	15	11	52	99	30	2	72	28	55	27	79	16	48	78	20	100	87	7	24	75	51	64	36	75	25	100	33	52	90	35	93	89	44	3	79	8	63	41	39	
28	10	74	20	37	67	88	77	4	31	4	53	51	25	46	50	96	16	7	92	37	27	54	27	86	89	52	19	46	30	16	3	59	4	51	48	88	9	68	42	60	44	12	2	49	22	4	74	94	-1	3	19	7	28	56	53	97	99	44	8	20	97	42	78	65	42	93	43	90	18	31	73	7	52	5	49	69	67	68	84	48	34	80	10	68	43	93	70	55	3	70	62	62	44	36	8	9	88	8	84	
4	7	12	20	48	79	36	82	17	10	11	69	96	3	79	38	68	97	13	68	97	96	46	86	26	77	39	48	99	92	54	85	81	7	57	88	89	98	94	20	74	82	24	28	27	7	9	3	32	9	-1	85	8	71	88	82	29	86	18	72	4	52	69	10	35	13	38	29	49	34	50	17	85	68	26	39	63	59	36	54	83	14	100	64	8	77	16	2	18	56	96	74	72	94	88	93	69	88	91	13	
3	71	28	77	76	59	56	7	5	34	3	69	68	72	66	99	86	92	68	67	57	42	75	14	78	7	5	99	99	94	28	85	83	4	15	26	38	71	86	9	42	2	40	51	26	92	98	93	50	42	83	-1	81	99	54	54	80	44	49	28	59	49	51	11	12	76	86	10	50	26	28	69	12	95	33	99	35	3	60	34	11	38	8	23	19	3	67	7	87	54	34	17	81	20	47	41	19	70	19	68	
84	8	22	61	9	75	13	15	2	57	31	4	37	53	47	2	66	41	84	4	39	18	53	87	82	59	99	22	53	46	84	94	62	28	42	86	51	58	40	50	3	23	53	81	50	52	1	85	81	2	79	22	-1	33	74	45	40	18	59	89	25	87	43	18	16	97	11	74	3	11	80	65	78	31	50	9	41	14	93	28	60	61	76	55	9	53	57	36	62	48	86	2	95	16	33	100	14	8	92	39	
81	21	74	52	64	86	61	85	28	90	58	66	67	45	10	48	81	10	28	33	94	13	58	55	13	61	81	61	88	87	15	22	53	36	32	81	92	7	60	60	22	26	62	5	29	46	17	62	21	5	78	88	95	-1	89	67	58	25	34	78	47	89	4	9	9	89	68	72	16	65	43	63	82	42	29	10	48	64	88	31	29	55	62	91	73	15	26	15	61	83	34	80	89	90	29	5	50	61	55	80	
33	41	49	63	95	73	60	72	83	34	94	59	49	73	96	47	8	84	51	52	7	13	54	4	94	51	78	87	60	51	22	31	96	94	54	63	80	75	75	11	77	92	69	54	22	72	11	55	93	23	30	6	7	70	-1	77	57	24	84	40	48	22	1	88	29	45	89	61	48	11	72	85	84	48	9	20	14	44	48	41	14	48	4	4	79	7	17	76	47	22	21	78	55	82	64	95	11	72	74	47	
9	33	96	90	10	63	79	64	49	48	4	35	93	38	55	84	57	14	19	46	6	44	45	62	92	87	92	7	68	53	53	95	54	86	78	83	37	38	12	92	47	92	46	39	79	77	52	27	99	36	44	12	31	98	29	-1	1	51	49	9	49	25	45	13	67	31	47	24	16	9	37	73	1	6	42	80	57	96	30	30	60	14	13	95	49	77	41	66	49	5	44	39	33	32	50	63	24	5	86	36	
28	95	9	46	63	36	88	83	45	56	46	38	88	17	85	82	94	97	7	97	62	37	84	13	98	35	26	67	8	79	77	59	16	26	12	71	21	61	92	71	86	72	51	84	50	4	56	47	75	33	85	89	8	40	41	29	-1	37	74	75	5	99	41	22	72	4	99	27	36	31	79	8	60	88	47	91	24	67	15	30	71	39	63	79	57	57	21	27	57	37	19	15	45	16	52	27	89	66	64	46	
52	19	36	98	37	48	13	92	38	63	3	43	38	63	23	6	40	92	28	78	34	39	32	80	75	24	18	27	96	77	75	82	85	50	88	49	91	54	98	64	89	1	99	63	68	10	39	32	27	67	93	34	67	78	73	24	70	-1	55	62	54	14	27	40	89	49	35	69	48	18	85	59	30	94	54	75	59	85	37	73	75	62	43	21	36	38	11	60	10	23	52	45	43	3	69	33	77	81	20	25	
85	46	10	12	66	25	1	52	61	12	55	45	65	41	55	31	82	93	54	75	86	82	99	77	60	55	10	56	1	4	97	47	79	43	88	35	91	6	31	29	2	82	69	69	84	48	79	51	46	81	42	93	16	47	53	77	4	70	-1	15	69	32	96	27	72	14	9	4	2	47	13	35	47	15	59	7	87	95	18	1	58	26	94	39	87	80	6	78	78	3	79	7	62	60	51	14	11	42	83	65	
48	53	78	18	92	26	47	52	39	41	40	43	71	92	52	67	88	6	30	13	55	53	55	67	89	20	86	37	56	79	74	4	70	45	80	20	66	1	81	12	87	20	90	69	86	6	51	68	88	38	48	71	96	19	38	30	29	64	69	-1	12	11	42	30	77	90	43	92	24	76	99	75	89	29	7	64	20	12	70	86	42	11	36	4	71	1	91	72	93	23	91	56	69	25	9	31	95	31	12	70	
86	47	12	71	36	52	26	10	7	4	47	58	82	6	40	66	6	47	62	69	8	6	55	22	69	89	61	60	31	2	70	90	72	10	67	50	4	73	85	95	52	94	65	3	3	52	10	86	12	89	92	12	14	10	20	29	23	7	78	43	-1	76	17	14	11	51	9	90	64	95	70	76	44	12	22	20	29	46	53	19	67	28	27	6	55	47	95	100	23	77	64	73	66	51	43	61	87	70	1	68	
1	37	50	71	62	57	81	39	76	7	46	21	39	38	42	58	20	65	14	24	73	19	51	52	26	63	44	5	84	79	20	93	52	51	46	22	10	63	34	84	59	41	26	54	76	32	21	6	32	14	14	40	35	78	8	61	87	13	17	60	23	-1	74	13	85	11	45	24	70	71	46	26	79	91	57	81	72	79	71	68	100	22	98	76	8	80	90	84	6	49	25	81	52	12	20	1	32	8	54	71	
97	12	92	80	46	60	26	100	77	31	62	60	30	20	14	66	73	38	98	42	97	15	78	84	59	14	93	22	87	44	35	7	40	84	36	96	78	54	41	62	19	6	14	56	15	28	13	22	93	55	55	54	37	94	76	7	39	11	8	87	32	86	-1	35	49	16	96	12	18	95	97	17	7	68	26	14	24	71	19	76	36	10	96	48	5	98	27	17	53	2	1	17	88	88	12	27	68	91	8	1	
39	54	16	95	40	71	68	88	13	81	33	67	62	14	17	14	90	52	27	18	90	71	73	22	30	36	96	74	68	47	100	54	26	73	13	75	24	92	64	100	45	63	50	45	22	47	90	88	17	34	45	58	46	18	67	89	92	90	83	97	50	47	72	-1	63	91	5	18	76	19	47	66	59	95	64	82	59	92	95	74	51	70	82	100	35	46	31	11	30	66	67	57	72	37	70	7	30	27	3	4	
47	45	95	74	81	40	64	80	80	78	96	83	59	82	28	47	9	73	14	16	98	25	12	70	34	17	14	14	28	69	81	79	87	19	86	79	85	42	75	65	41	18	37	15	3	60	38	11	93	8	87	84	48	16	4	78	75	75	22	85	72	65	57	50	-1	61	84	12	58	68	72	10	61	93	7	54	55	88	25	77	88	95	90	18	1	50	99	86	4	45	53	54	64	84	40	46	35	16	13	47	
76	34	78	79	28	49	2	63	74	21	71	45	78	42	91	59	40	9	47	4	14	49	90	50	51	60	65	96	48	97	37	52	10	57	57	91	30	45	58	64	34	51	13	38	13	90	39	74	92	71	75	65	34	86	19	38	97	37	20	82	42	67	52	67	35	-1	92	44	54	98	4	87	73	77	37	68	85	32	49	95	48	71	60	79	77	36	42	70	54	7	59	1	54	41	83	14	17	38	61	60	
77	69	79	33	22	37	8	2	12	44	20	78	75	75	35	63	80	90	29	30	58	6	9	77	55	36	61	40	4	26	97	63	98	52	41	65	91	96	72	94	49	25	98	36	4	90	1	48	82	3	16	20	18	35	80	67	61	93	36	77	17	28	39	95	91	84	-1	55	50	8	58	36	64	86	91	97	46	64	54	34	93	51	54	31	50	22	97	71	96	80	74	69	97	61	28	67	40	90	48	76	
81	53	17	24	81	49	90	89	47	65	92	17	7	27	20	57	30	75	7	55	71	20	16	47	5	87	26	71	28	69	59	17	12	19	79	94	87	28	77	7	3	1	47	6	73	10	89	66	28	91	100	80	76	22	23	79	28	62	41	9	33	95	100	82	93	80	46	-1	79	41	81	10	39	11	15	53	71	91	72	45	60	6	39	69	65	71	24	39	32	26	72	51	17	74	36	28	62	36	30	64	
90	8	27	47	96	90	31	92	45	65	10	11	25	90	36	90	6	33	63	7	63	52	48	82	72	16	91	67	41	79	75	38	40	70	54	85	47	60	88	69	78	52	26	81	73	36	13	59	73	45	44	8	20	20	38	47	90	66	94	45	29	56	5	91	52	82	50	23	-1	87	98	12	8	22	47	17	17	77	22	49	92	7	3	69	94	74	73	5	13	62	44	8	25	91	31	59	33	56	49	31	
31	65	42	38	53	73	94	48	20	96	26	10	92	59	16	72	85	22	48	31	2	84	82	65	9	50	58	56	58	56	82	17	15	57	99	54	31	98	46	82	90	16	51	7	16	86	35	87	41	83	11	75	21	98	25	93	35	83	59	2	83	30	73	56	16	26	94	64	95	-1	37	2	14	66	10	98	99	4	87	92	48	18	34	21	49	93	45	24	89	76	65	77	80	44	95	26	64	46	28	53	
20	82	43	6	38	58	12	94	64	88	100	64	18	83	78	3	46	67	16	48	43	8	54	57	58	97	78	22	21	21	12	63	54	45	4	79	49	44	78	59	29	80	5	2	28	33	4	3	8	75	69	40	84	11	70	66	88	81	44	88	44	93	46	68	51	63	51	88	38	5	-1	23	46	66	83	87	6	8	8	63	35	24	36	72	88	4	36	55	68	66	94	68	92	75	49	25	13	41	63	21	
77	63	93	16	29	99	18	42	53	53	12	60	39	2	56	98	60	92	68	42	55	8	82	64	87	59	46	34	1	73	60	61	70	47	28	89	87	1	62	69	29	91	21	27	13	31	93	67	1	38	31	21	16	10	14	20	64	9	80	48	97	44	91	56	32	14	1	57	17	26	72	-1	13	69	14	14	83	55	49	92	30	66	100	49	8	66	52	10	97	63	31	15	100	27	32	44	66	78	84	41	
32	17	11	99	53	50	82	9	73	89	42	85	88	59	29	86	7	82	63	77	67	1	35	83	82	45	99	27	90	65	45	76	48	42	76	42	14	94	51	88	100	65	44	92	8	57	12	74	81	34	17	45	37	37	28	23	5	2	20	68	4	59	50	42	26	80	22	88	92	68	45	75	-1	89	65	9	48	71	86	35	12	46	56	43	24	60	47	81	41	42	75	22	14	89	43	49	7	85	12	99	
78	26	52	21	28	92	65	4	79	28	49	17	41	83	76	82	83	59	80	68	47	88	3	47	35	1	6	59	79	94	77	41	72	92	35	97	42	80	31	9	95	4	23	6	69	92	48	24	42	67	99	92	86	96	86	18	49	35	18	33	1	52	47	94	82	12	20	62	80	53	97	23	93	-1	35	38	85	72	96	58	75	73	23	12	89	9	9	53	7	97	64	62	17	50	77	87	92	76	43	51	
69	11	100	22	60	25	24	93	36	33	80	86	58	35	40	71	95	2	28	27	70	6	63	94	25	78	45	56	46	5	88	89	100	39	65	27	51	26	56	41	6	2	79	70	8	10	6	73	10	87	76	60	43	90	17	55	3	37	61	74	51	42	16	1	9	72	19	27	72	54	50	37	8	65	-1	94	12	47	28	80	93	34	90	2	96	46	15	86	24	33	15	49	57	85	47	14	35	43	53	23	
98	51	51	3	21	52	15	76	75	10	42	67	84	99	4	14	80	47	2	69	97	21	3	56	18	75	32	68	84	17	96	60	80	33	14	18	9	83	44	38	20	81	23	6	77	38	96	7	79	98	55	71	42	81	30	91	61	29	61	6	51	13	83	39	38	40	91	72	62	77	47	48	62	60	97	-1	14	48	45	69	66	58	99	2	75	80	88	96	17	84	39	53	1	84	42	35	60	35	13	54	
16	19	75	94	65	85	63	10	50	85	17	58	38	39	62	55	34	71	82	33	23	85	45	45	29	44	16	8	10	27	44	22	75	28	19	51	6	29	54	92	43	21	83	41	24	80	56	77	11	85	71	81	85	19	35	98	73	1	47	61	5	31	6	72	81	54	46	59	42	67	13	61	65	31	1	92	-1	47	61	91	89	7	8	59	79	74	70	81	53	94	74	11	24	82	94	49	32	5	68	65	
94	42	30	37	21	95	39	65	59	60	92	97	63	33	3	86	73	82	19	4	9	23	20	16	95	1	20	47	86	64	22	79	68	89	79	36	30	17	46	65	28	3	43	84	55	6	43	88	9	26	73	38	85	33	81	70	11	49	82	50	98	9	13	23	96	100	32	71	98	29	27	27	18	71	82	14	13	-1	50	46	1	36	14	1	68	48	72	40	13	8	3	7	60	60	37	48	67	64	42	43	
51	23	60	6	38	52	52	35	62	64	64	10	61	9	77	33	31	23	27	93	18	30	95	87	28	75	15	11	46	26	76	88	34	55	89	19	22	91	27	92	51	29	53	75	69	18	72	27	73	22	26	13	55	20	48	11	86	8	52	3	92	39	86	5	62	95	61	11	98	63	64	36	91	76	28	95	23	21	-1	43	71	28	5	39	19	61	60	10	90	81	71	100	94	4	67	47	96	57	2	35	
74	20	36	22	80	69	65	14	68	89	16	61	11	75	24	39	39	5	68	22	68	11	32	14	43	48	5	24	24	57	18	37	6	39	45	54	63	57	72	34	2	29	1	54	25	77	46	81	82	89	65	12	17	23	43	27	79	55	91	72	78	17	5	7	25	7	95	68	21	43	25	25	51	77	12	39	84	48	96	-1	86	35	47	74	31	34	77	79	10	44	86	23	40	77	40	80	91	54	41	31	
59	14	95	43	95	49	91	55	92	53	47	14	53	26	77	89	60	46	85	65	40	61	3	46	64	33	44	11	2	29	87	95	51	3	33	95	27	72	69	4	12	27	50	32	20	100	45	40	30	78	39	81	40	62	99	36	71	23	64	54	38	67	94	3	58	7	25	69	45	6	2	73	88	26	17	62	99	76	82	97	-1	34	9	16	27	35	24	34	4	13	82	16	48	95	59	10	41	49	39	52	
77	79	53	82	40	35	2	56	7	79	54	16	58	56	19	70	55	61	70	1	36	35	6	100	59	49	42	80	95	86	74	80	78	98	24	100	26	58	100	91	88	52	75	43	31	67	48	10	36	57	33	22	50	1	55	96	33	11	66	14	59	21	48	90	58	85	8	82	50	85	59	58	82	21	62	23	26	63	29	25	32	-1	39	91	22	35	2	18	68	3	5	25	57	59	62	29	79	15	90	40	
15	6	99	48	81	46	59	47	16	90	33	93	85	85	32	34	22	51	19	42	29	93	60	59	18	92	76	42	25	74	5	32	55	84	80	62	96	63	49	74	82	70	21	28	44	28	64	66	9	94	23	3	73	74	44	14	72	25	51	74	58	7	99	40	23	17	93	25	24	68	48	100	77	51	98	55	36	12	74	29	70	27	-1	11	74	77	76	68	88	58	96	36	9	84	45	80	1	69	37	62	
89	31	80	88	92	93	57	21	53	15	75	39	49	91	88	3	54	34	9	17	52	18	11	3	23	33	34	95	26	46	16	70	3	34	72	36	62	82	11	74	30	80	75	79	97	23	47	6	72	86	10	46	27	55	47	79	57	12	8	32	76	38	25	22	6	34	72	40	67	37	43	32	91	46	89	17	18	82	13	56	82	23	99	-1	56	40	41	84	85	79	9	88	57	17	62	10	14	70	78	60	
18	74	72	83	23	30	11	81	21	71	52	62	47	2	83	80	18	31	44	38	64	47	31	82	71	67	32	81	32	28	97	68	95	64	45	32	40	10	58	35	100	92	44	77	56	11	92	80	13	53	100	60	81	87	68	82	53	18	30	55	55	35	5	15	74	27	70	94	59	84	47	55	66	65	77	8	94	50	17	45	29	36	9	76	-1	63	50	23	3	53	4	2	16	49	15	97	74	60	1	1	
45	51	66	58	96	42	47	60	9	86	54	14	41	25	23	7	8	91	49	48	11	31	11	26	55	7	84	16	5	36	65	16	93	77	35	83	36	57	45	6	69	91	51	14	21	38	31	90	85	5	58	80	92	52	31	80	30	12	19	56	20	56	12	1	85	88	64	34	37	14	40	23	84	83	34	39	88	75	94	90	7	100	80	33	87	-1	24	34	74	3	69	23	60	83	16	13	35	38	57	15	
68	15	90	58	23	49	98	90	88	36	53	55	4	41	97	12	76	52	94	6	19	71	77	1	84	45	21	48	30	40	52	86	59	40	69	42	15	98	98	31	9	75	63	66	94	93	39	48	57	2	15	6	19	70	57	44	36	47	79	46	65	79	28	33	32	67	42	5	37	33	96	33	66	39	2	60	53	69	63	71	41	34	50	75	18	36	-1	52	76	5	78	77	10	18	15	65	7	24	71	9	
45	30	59	66	1	8	42	42	16	78	82	92	33	74	37	36	64	52	44	99	81	29	83	72	56	64	43	37	20	89	81	76	33	35	88	8	34	29	24	62	86	59	44	79	75	18	45	81	33	61	39	26	8	93	93	31	12	48	28	33	44	33	45	88	21	19	64	42	56	74	43	46	7	90	6	28	36	83	51	36	90	81	2	80	28	69	59	-1	59	51	8	42	44	51	38	99	36	5	53	34	
47	92	3	41	23	22	58	90	70	48	31	66	25	56	16	47	6	77	74	16	4	24	17	21	43	70	74	62	78	26	7	20	59	57	61	84	93	87	54	18	61	40	36	24	81	58	67	62	31	20	74	57	53	92	83	73	65	25	92	44	50	72	16	40	39	95	2	86	64	3	68	83	79	99	92	71	8	72	68	5	80	48	55	90	34	61	42	78	-1	32	70	23	71	29	37	44	55	71	79	72	
52	50	16	51	49	93	77	38	16	53	51	84	66	64	81	11	47	85	85	99	15	92	19	49	56	30	31	27	24	62	76	90	5	42	85	91	48	30	18	30	79	69	26	16	78	56	68	60	76	11	60	20	37	86	47	33	34	47	41	93	13	45	82	95	87	70	11	40	15	8	63	72	72	52	5	26	37	48	52	97	12	67	92	11	96	10	95	23	27	-1	73	32	6	88	43	54	9	28	2	40	
82	92	99	79	52	58	69	45	12	15	23	1	65	80	6	35	2	52	47	58	79	6	82	47	98	55	69	43	67	77	52	31	33	85	4	31	38	54	60	9	68	16	94	52	94	20	31	53	95	96	10	64	45	30	54	6	61	52	26	29	89	2	37	89	9	75	11	42	18	97	10	73	56	47	56	28	95	96	44	88	53	94	66	69	49	80	9	41	23	55	-1	43	21	42	27	15	92	58	42	99	
32	24	41	43	94	35	89	34	21	24	24	57	94	40	44	40	90	64	56	38	33	44	82	72	53	76	91	22	34	93	37	40	13	72	62	22	71	33	54	75	79	57	35	59	2	51	51	48	70	16	9	77	1	17	12	88	92	90	92	62	55	92	50	28	62	31	58	84	16	37	30	52	15	82	54	10	57	52	87	97	50	42	45	67	13	96	32	24	95	33	8	-1	18	1	69	3	12	50	43	43	
8	18	41	37	56	68	75	22	77	78	66	59	15	96	35	90	24	14	75	99	71	84	99	76	42	34	98	93	39	73	42	18	47	75	32	31	76	7	88	64	69	1	89	85	92	6	29	21	71	27	4	37	10	6	69	84	31	58	89	84	71	60	6	7	60	38	34	7	88	58	26	31	1	66	45	75	37	36	46	38	37	88	9	10	12	5	39	3	57	91	84	39	-1	32	98	29	18	16	60	32	
62	23	84	39	22	30	34	58	50	21	4	20	93	61	42	72	49	74	54	50	31	59	27	57	68	71	35	53	11	87	79	12	96	42	66	32	24	88	68	53	34	70	24	37	53	52	12	83	23	47	52	96	78	90	74	47	5	60	84	40	33	56	38	59	13	92	54	54	78	10	49	84	15	32	71	63	48	65	70	57	37	76	91	87	13	41	46	25	31	58	16	97	54	-1	80	65	57	52	78	55	
3	76	8	99	72	56	16	50	16	52	57	61	78	33	61	64	77	56	45	77	97	90	54	99	79	92	18	29	23	91	95	5	29	66	4	20	38	23	85	88	59	30	96	11	62	19	93	18	40	11	5	70	98	66	23	62	28	24	43	77	39	8	32	37	63	80	19	60	100	14	97	81	72	98	21	91	57	13	57	69	66	73	38	14	96	11	98	59	31	73	66	1	51	52	-1	33	41	16	37	92	
9	12	70	61	50	51	27	80	14	75	97	88	54	57	88	28	4	59	80	7	45	92	89	4	74	73	43	97	76	86	10	92	69	20	94	83	73	76	7	63	74	64	60	19	44	68	54	38	16	87	66	61	97	31	38	17	43	51	68	84	55	16	59	38	56	78	68	23	33	39	48	32	42	36	59	70	99	67	24	1	34	13	97	100	57	48	5	36	100	96	89	44	88	98	28	-1	16	92	65	2	
65	63	84	79	55	34	99	83	84	48	38	69	28	27	67	73	89	60	64	30	2	54	83	64	82	82	76	17	22	51	28	14	83	33	3	16	77	79	97	35	65	73	13	15	68	34	78	61	80	6	41	41	62	84	22	26	97	70	6	9	61	48	81	90	12	70	5	95	49	80	7	77	70	57	44	40	44	43	10	67	52	84	64	14	36	54	88	43	43	47	96	77	77	8	35	86	-1	38	30	76	
71	96	90	67	15	51	9	27	10	21	23	92	29	6	49	29	48	90	68	21	86	96	69	2	46	53	2	2	96	10	66	57	21	50	67	51	19	47	99	42	7	71	81	14	28	33	18	85	64	22	79	93	97	61	20	60	57	14	14	90	14	99	53	37	5	82	53	97	66	23	26	85	3	5	73	6	76	50	29	90	98	44	82	76	18	98	81	26	13	27	4	75	74	65	35	50	7	-1	9	68	
11	67	34	50	100	56	75	100	23	25	33	24	26	10	73	50	6	98	54	59	69	61	97	81	65	10	30	13	50	59	14	38	95	40	25	60	84	76	10	5	56	94	41	2	52	44	33	2	87	53	74	22	71	4	40	24	100	95	100	50	4	17	30	5	51	67	32	3	75	61	42	80	63	40	67	56	7	63	55	2	88	3	53	35	69	35	75	66	53	36	43	70	63	88	88	56	14	5	-1	50	
59	3	93	14	58	31	23	86	77	21	20	80	22	7	4	48	89	12	30	30	77	26	47	16	62	93	1	33	88	16	78	27	1	70	9	39	86	80	7	35	13	65	51	19	19	45	83	38	4	31	17	42	79	24	6	67	73	41	68	81	76	25	14	9	96	70	32	9	20	30	24	41	77	27	48	25	88	67	37	28	29	5	48	87	32	16	66	35	11	39	57	23	72	5	45	57	4	38	72	-1	
