100
-1	50	71	63	21	73	42	57	94	34	56	91	8	98	39	19	43	69	7	19	7	10	31	72	21	4	36	16	65	51	38	55	18	28	28	77	98	93	33	43	75	72	92	30	92	17	8	28	44	54	60	94	44	75	58	66	92	66	57	78	27	84	89	76	74	5	22	27	46	89	11	86	65	32	80	84	39	10	14	23	92	78	46	21	17	60	84	80	95	10	89	97	91	64	4	100	45	86	73	49	
46	-1	54	59	30	95	81	63	71	43	15	64	78	31	74	93	96	94	14	97	8	79	50	45	7	65	67	79	95	74	63	94	68	25	19	38	51	30	84	17	65	85	45	42	59	73	61	65	100	34	21	95	40	27	29	92	14	37	76	86	33	42	51	24	14	5	93	19	53	6	24	43	80	100	91	45	40	66	20	15	23	47	8	56	2	93	77	98	16	55	47	14	18	33	59	99	76	52	19	86	
80	95	-1	46	72	54	78	43	47	56	61	55	26	75	95	8	40	81	67	83	92	20	46	81	90	82	99	18	52	19	59	22	3	36	37	81	28	38	25	37	35	7	47	89	10	82	31	64	77	33	42	90	93	49	32	18	22	30	63	85	38	93	34	30	75	26	79	54	32	27	34	18	70	92	16	42	72	18	23	57	49	45	14	35	21	81	47	33	99	24	87	71	45	32	9	42	21	84	35	81	
30	39	21	-1	1	30	13	96	56	47	5	62	10	11	71	51	45	53	67	84	51	16	98	33	13	22	46	100	3	37	84	55	65	1	5	86	12	34	33	50	28	63	49	90	20	68	62	20	37	64	83	50	64	49	82	98	7	44	1	74	64	64	56	60	2	78	69	49	12	47	16	80	49	77	37	69	23	99	2	95	86	86	13	79	39	87	6	54	68	15	8	56	14	89	70	42	14	31	27	49	
75	12	91	56	-1	97	8	4	16	30	28	75	50	89	51	61	85	20	61	32	36	72	36	27	54	84	76	24	60	42	83	55	47	13	49	20	51	44	68	4	99	26	59	30	98	38	84	79	37	88	15	22	58	21	65	70	64	15	66	84	12	57	27	81	55	46	26	96	77	51	33	72	74	38	41	13	55	76	68	35	27	35	70	35	26	68	61	93	34	19	82	81	96	13	41	14	73	33	20	11	
46	70	72	56	17	-1	99	65	5	4	8	19	78	31	24	93	62	93	96	37	40	31	15	52	75	17	30	7	76	53	10	86	94	73	44	16	56	87	80	3	87	67	29	78	38	9	92	28	97	7	75	7	99	81	64	88	30	47	45	97	8	35	50	56	31	47	37	58	52	33	98	72	33	70	56	84	32	76	86	100	95	23	33	10	10	86	33	79	74	29	22	46	67	42	37	79	47	56	75	85	
76	91	41	95	56	38	-1	32	34	57	37	91	39	80	67	91	15	93	11	99	56	31	77	16	14	87	55	26	42	99	60	71	77	73	81	36	48	65	3	90	86	23	44	98	28	4	97	89	16	20	35	9	32	61	37	4	25	58	38	82	13	6	87	100	78	37	43	19	80	67	32	86	98	92	9	12	20	91	46	30	71	76	28	88	62	56	30	89	67	46	75	40	73	87	68	20	29	13	4	3	
18	37	63	35	18	74	56	-1	37	21	58	46	2	68	63	40	99	46	4	44	64	85	73	5	13	45	96	73	51	93	26	13	36	2	13	34	41	56	63	68	56	42	91	1	23	85	30	80	79	28	29	3	44	55	2	85	52	65	16	40	6	66	18	2	77	17	2	90	33	18	98	46	58	75	39	51	31	64	46	8	8	69	52	2	38	79	84	60	50	14	99	10	17	5	79	91	91	26	40	43	
31	71	71	10	38	57	87	39	-1	54	9	57	4	69	100	91	74	10	55	17	60	75	50	92	95	43	25	15	88	50	1	31	77	11	12	85	68	69	35	49	10	13	18	61	68	23	69	67	52	15	10	48	33	66	12	45	42	65	6	84	16	69	30	75	43	71	96	66	80	58	1	39	80	51	17	5	83	37	33	65	74	33	97	73	21	3	77	37	69	90	21	21	57	32	42	8	99	74	75	49	
26	26	60	71	37	6	93	17	58	-1	52	63	68	12	34	31	36	10	44	43	81	62	15	73	77	9	36	12	62	35	98	61	86	5	65	59	23	33	99	63	72	85	15	39	59	80	43	24	33	46	82	77	55	46	59	58	26	57	17	61	69	80	83	63	13	38	74	94	73	63	16	38	68	8	83	86	52	88	47	12	72	55	88	31	68	13	67	100	15	41	14	51	61	34	59	84	15	97	57	2	
31	52	61	22	44	95	84	75	62	21	-1	52	32	14	22	40	66	100	94	43	20	12	84	12	60	2	96	79	53	90	42	100	66	40	36	33	16	60	93	21	54	100	99	58	43	29	82	86	85	56	23	10	97	65	68	35	76	53	40	22	96	87	84	52	14	72	79	85	14	20	12	70	83	80	78	90	34	10	25	55	41	78	34	53	8	74	87	46	98	8	4	21	99	39	89	12	18	71	21	97	
7	48	6	21	67	13	18	92	23	62	25	-1	75	60	71	68	11	56	84	94	17	2	97	69	3	14	56	43	14	31	73	1	4	12	49	88	59	89	39	46	35	24	71	11	89	84	44	1	49	41	57	61	93	76	42	47	18	79	36	51	2	80	50	33	30	43	9	21	55	78	70	64	16	77	43	99	74	97	64	77	22	87	6	43	94	88	37	22	70	36	89	37	25	74	74	27	97	39	97	91	
79	37	47	38	18	48	28	89	53	93	2	79	-1	75	19	23	86	47	83	73	49	60	17	9	80	43	64	13	68	74	4	66	32	79	18	40	41	18	3	28	68	19	50	60	25	79	52	53	52	85	85	69	49	8	48	38	10	19	78	35	43	96	67	14	5	76	49	90	48	83	1	93	14	75	51	41	37	60	62	18	26	51	92	51	50	57	19	34	45	94	92	9	42	16	87	27	50	66	71	1	
37	38	27	57	85	98	29	77	40	35	90	96	76	-1	58	18	70	16	80	13	4	90	79	27	33	91	17	84	67	31	16	35	78	90	63	28	67	94	36	23	99	62	78	71	5	93	97	22	14	79	68	43	72	1	95	14	73	20	65	7	16	32	3	5	55	56	29	48	87	45	80	89	73	98	57	65	87	55	97	37	35	75	6	16	74	22	1	93	59	27	56	31	4	20	78	22	34	59	33	92	
29	21	95	23	30	54	27	97	29	88	62	46	49	75	-1	33	64	98	16	2	21	21	48	75	60	77	20	30	5	81	87	62	22	21	64	52	70	67	28	33	18	99	9	3	37	8	88	50	88	80	1	38	61	89	89	98	94	94	40	58	50	98	67	25	37	75	100	64	49	42	65	15	8	84	86	73	50	92	62	13	74	40	11	92	57	89	92	88	94	99	8	35	2	48	65	25	54	51	42	18	
29	84	73	32	75	18	43	95	98	49	77	33	44	10	3	-1	20	66	16	35	38	16	84	8	5	80	26	11	51	91	89	90	39	85	53	31	36	56	84	88	70	40	28	16	47	46	74	20	87	18	94	100	27	74	57	39	23	48	66	78	54	27	82	96	62	73	74	25	36	14	14	48	73	48	71	5	18	87	65	92	97	60	14	4	92	82	42	59	49	18	95	70	7	34	68	31	65	93	69	5	
68	42	57	4	49	71	60	30	63	71	29	33	62	81	34	34	-1	97	79	11	6	17	11	5	31	74	81	68	88	25	26	63	28	19	95	75	60	22	68	69	56	57	30	63	45	68	15	77	84	25	33	84	9	36	58	92	72	6	95	91	79	68	91	45	54	38	85	49	68	19	79	8	11	1	25	80	50	42	73	63	12	20	41	34	83	89	40	12	10	52	68	19	68	90	92	2	79	96	92	71	
68	76	21	51	31	51	75	38	56	82	48	81	83	51	58	43	62	-1	66	76	25	29	11	85	90	43	62	41	53	98	22	53	54	23	38	89	8	51	86	64	19	93	32	38	81	97	6	73	48	64	27	2	20	53	44	93	55	72	29	63	84	17	4	67	56	78	89	87	82	12	14	69	46	72	6	62	84	90	68	96	2	98	81	30	19	6	34	32	45	46	75	62	14	6	17	30	86	1	84	68	
12	91	29	96	59	96	25	73	38	69	42	5	67	92	72	49	75	83	-1	54	7	14	10	95	80	59	6	30	63	1	44	92	95	36	65	48	12	49	86	20	9	28	12	92	4	93	90	83	94	45	14	4	49	57	28	85	47	67	60	98	85	40	15	17	40	57	89	86	46	58	14	28	85	68	29	37	87	10	92	43	13	79	1	71	50	54	84	22	98	53	54	5	40	58	5	38	23	43	10	5	
88	37	76	92	25	8	37	53	84	100	85	83	63	95	49	68	30	37	82	-1	54	50	32	34	93	69	61	96	43	41	62	87	65	89	94	83	98	70	90	88	77	14	90	74	80	79	11	30	98	74	14	9	68	26	49	22	88	6	68	18	61	69	14	77	15	62	77	36	70	31	96	37	1	94	24	51	45	77	9	55	22	89	49	78	93	66	49	76	78	18	79	56	92	28	31	76	27	82	26	56	
9	4	69	46	72	35	62	96	71	14	3	6	23	16	50	17	32	50	8	89	-1	76	90	14	18	79	81	78	84	64	17	22	12	55	61	20	5	99	41	12	41	18	29	43	97	78	85	9	10	30	43	38	56	50	48	5	27	39	72	49	1	46	31	31	35	87	51	23	83	77	12	66	69	57	2	40	17	50	63	67	25	71	48	12	79	91	35	68	29	28	53	9	30	51	85	70	100	94	2	89	
12	95	77	32	54	96	94	6	86	32	67	14	17	46	81	4	92	15	28	35	54	-1	76	25	19	48	81	98	3	74	71	52	54	64	33	27	30	86	25	75	85	99	68	51	55	64	19	39	56	36	100	65	18	55	90	31	5	99	60	50	43	42	87	55	94	46	90	11	32	42	29	64	21	18	97	94	79	24	32	29	70	87	71	45	81	36	48	27	61	63	73	54	52	76	86	70	45	3	26	44	
26	21	79	86	54	9	80	36	20	82	30	99	20	57	55	25	100	52	35	46	9	24	-1	91	45	76	100	83	73	79	16	94	98	81	73	13	15	60	73	36	78	100	37	36	50	40	93	94	63	72	17	46	99	43	69	47	23	6	94	70	49	64	66	66	9	15	68	11	34	11	82	74	19	18	11	7	53	68	48	60	42	3	25	14	10	50	56	61	17	85	21	80	93	37	76	9	42	93	63	94	
71	48	12	61	83	25	46	18	60	3	11	78	70	87	61	46	11	86	43	12	82	39	99	-1	85	82	28	1	76	88	68	2	58	35	41	6	54	54	87	35	39	4	13	40	100	24	62	29	59	19	71	59	37	2	7	98	64	34	6	100	15	67	70	81	70	77	59	81	69	17	19	94	22	23	62	27	33	35	54	84	76	21	24	39	95	21	45	75	70	47	4	70	60	28	13	16	75	25	39	53	
9	47	85	87	92	76	50	6	10	31	65	36	58	54	99	85	3	80	93	41	30	65	84	43	-1	10	78	60	78	88	56	15	10	39	13	29	70	13	24	73	43	86	73	85	47	77	65	47	3	69	14	3	26	81	6	44	23	11	57	23	20	2	21	89	76	10	50	83	14	56	77	95	44	10	75	17	34	44	10	49	34	92	52	79	80	31	4	10	46	76	97	61	54	12	84	92	11	67	82	87	
80	2	58	8	79	49	20	77	65	44	29	55	58	92	53	37	72	27	3	80	23	100	59	88	40	-1	59	22	55	78	9	65	69	49	35	63	8	60	68	81	69	96	36	35	78	55	86	1	81	26	62	89	45	31	44	30	27	94	55	22	12	46	97	16	5	50	81	41	87	1	83	28	9	35	85	87	66	45	42	76	59	50	99	96	65	86	51	63	18	51	87	80	22	15	46	14	20	6	11	43	
6	85	37	92	61	9	66	90	100	15	87	91	3	8	43	3	95	4	62	1	21	33	15	9	81	61	-1	30	64	84	20	31	38	51	63	63	66	41	67	60	58	54	90	74	45	62	79	37	67	97	9	36	84	72	46	41	27	85	92	42	100	54	19	58	4	16	60	52	68	13	45	54	21	74	98	79	6	98	68	70	19	90	56	94	80	60	87	38	37	26	19	72	52	35	80	79	31	19	100	85	
17	21	63	46	51	34	35	32	67	89	95	65	39	62	7	80	18	23	67	25	48	28	60	100	12	13	3	-1	26	87	18	79	65	54	94	61	1	94	12	69	60	47	65	36	59	19	2	92	25	89	78	24	56	50	83	33	25	94	90	4	5	18	63	96	57	17	42	66	33	48	78	71	9	30	68	19	92	60	28	44	54	13	62	76	95	10	15	58	8	16	85	90	90	82	76	52	13	73	26	59	
58	52	74	47	16	61	57	23	79	41	25	35	82	3	57	96	47	40	12	29	33	17	97	51	1	14	40	88	-1	76	50	19	40	67	91	39	39	44	11	39	85	41	23	77	68	82	66	97	12	24	97	63	41	39	2	44	29	99	63	71	9	14	37	11	97	93	60	41	96	46	48	8	25	9	4	69	57	49	74	64	4	77	16	86	57	90	34	21	25	16	52	85	94	84	85	12	34	8	67	52	
65	97	1	67	15	20	70	79	44	4	92	88	4	67	10	3	78	43	73	44	86	91	53	98	58	70	6	73	79	-1	91	97	72	100	34	92	72	51	49	45	57	14	91	79	47	31	93	1	96	76	78	40	41	18	40	78	22	16	43	40	33	43	30	80	69	23	44	40	59	13	85	99	49	18	77	55	7	26	28	63	83	91	30	49	92	43	53	24	37	25	100	88	46	59	86	58	43	60	12	58	
48	32	84	14	33	14	55	37	75	13	23	7	46	66	92	47	89	39	23	26	87	73	29	50	79	47	27	19	94	4	-1	42	20	75	29	45	17	88	25	40	68	47	72	31	94	3	51	83	35	44	100	89	69	84	88	41	12	52	79	28	58	18	58	65	29	56	76	76	49	57	46	5	20	63	67	84	91	97	92	44	15	13	43	25	11	36	34	36	32	29	10	74	87	48	53	34	81	60	1	91	
89	14	10	49	61	83	49	81	50	44	10	43	82	4	3	83	59	20	42	43	21	26	90	88	26	42	28	60	37	65	47	-1	43	1	70	49	25	52	11	60	2	96	20	29	99	92	10	70	88	30	42	18	10	88	43	13	99	40	29	25	44	16	72	48	95	90	29	70	44	16	71	86	33	68	4	8	28	62	65	86	40	18	76	64	76	39	92	32	15	8	6	54	13	67	26	22	17	7	31	47	
43	38	67	76	63	14	7	9	67	39	27	80	78	98	92	25	42	4	1	51	11	50	95	95	48	64	89	74	17	80	48	22	-1	82	96	88	57	59	94	34	98	44	95	30	32	15	86	96	44	27	11	51	61	44	67	90	66	25	81	7	96	80	85	16	76	44	1	100	83	27	85	62	76	46	67	96	78	70	46	90	7	44	47	100	72	37	70	14	90	39	18	38	31	98	39	39	29	70	18	56	
56	47	34	31	83	46	18	23	5	8	19	44	64	97	96	25	14	59	15	22	86	78	33	60	13	66	5	86	97	23	45	25	33	-1	8	37	45	95	48	72	97	23	28	93	25	36	77	2	51	72	17	71	4	15	55	16	64	24	92	59	87	40	96	9	53	58	38	67	77	19	39	50	49	90	7	26	1	47	5	38	85	82	28	16	47	9	74	86	54	69	90	86	79	13	64	94	42	59	4	11	
61	9	67	99	95	87	97	32	36	61	52	71	82	32	47	9	3	32	27	20	89	4	78	85	59	17	100	17	2	56	19	98	2	11	-1	73	63	99	82	17	62	62	74	18	97	16	1	3	51	24	87	96	25	7	41	16	32	25	48	32	52	99	80	62	66	69	14	53	10	5	94	36	49	43	85	61	4	6	82	36	88	62	79	92	1	27	75	9	12	39	78	7	74	44	24	62	5	92	9	58	
9	9	65	57	68	75	67	59	81	23	59	53	47	65	21	77	12	21	24	96	60	63	42	5	44	65	96	46	78	41	90	33	51	23	53	-1	25	7	18	60	16	72	85	68	75	97	17	19	43	51	6	90	62	84	27	18	56	60	38	92	55	94	11	87	77	93	71	39	95	98	68	40	61	19	27	97	61	52	99	57	68	69	48	30	95	41	22	16	17	41	55	92	69	72	34	34	19	50	97	87	
60	54	17	55	78	24	65	22	76	38	57	89	89	79	64	52	26	62	76	53	3	72	24	99	39	12	73	33	39	34	89	85	87	62	90	20	-1	10	86	31	70	27	95	36	33	69	91	54	19	28	59	77	45	84	64	1	35	61	91	22	56	76	85	92	36	17	22	77	89	89	30	73	22	63	69	81	83	89	7	99	80	44	88	17	80	20	57	94	74	69	28	44	81	26	4	88	1	34	15	36	
16	41	74	55	14	71	22	70	97	96	95	61	72	95	50	84	17	100	87	55	77	36	59	63	87	47	86	87	24	93	28	21	62	11	72	58	66	-1	80	26	45	8	52	13	54	13	73	92	2	82	100	47	88	23	49	24	39	21	48	87	39	37	59	97	86	22	74	64	72	86	94	63	80	15	49	15	36	80	45	3	55	5	51	64	82	50	26	84	29	4	64	96	82	92	99	35	85	94	56	21	
78	33	88	63	17	24	68	85	53	100	51	18	31	55	46	22	67	8	67	70	91	24	88	24	98	93	62	33	4	48	77	11	1	56	79	98	27	5	-1	81	65	63	23	76	17	82	99	32	2	64	6	77	95	78	72	39	79	57	31	32	59	26	21	82	94	15	55	94	86	50	3	47	97	8	47	72	92	56	47	82	47	38	4	32	13	46	10	55	97	6	83	32	93	35	89	71	59	46	82	30	
89	21	98	55	80	79	29	38	80	6	5	59	57	35	14	19	30	16	68	68	11	9	81	98	64	15	28	35	25	64	45	27	82	78	74	80	43	80	73	-1	43	60	78	22	16	33	57	4	63	90	6	15	99	81	82	73	71	72	78	54	23	4	59	68	96	50	24	46	91	9	67	43	31	92	22	46	97	34	47	57	99	83	2	23	96	25	21	99	31	99	72	50	74	100	70	98	93	24	91	8	
43	62	44	14	21	81	80	97	37	80	1	82	100	15	18	64	94	93	2	46	33	39	77	37	85	18	80	68	11	44	47	82	53	51	63	91	37	42	2	63	-1	60	56	62	3	13	98	40	82	54	96	21	91	74	63	69	39	11	21	27	30	54	30	25	65	61	46	28	91	12	35	31	67	83	69	92	100	63	90	15	56	59	38	86	66	21	19	28	16	61	66	94	88	29	83	19	89	62	53	87	
87	54	65	42	43	46	27	66	5	78	97	22	39	86	20	57	51	87	36	30	64	39	72	49	69	53	42	62	21	9	36	40	38	42	47	45	17	81	62	8	33	-1	61	66	43	15	67	69	42	82	56	85	48	50	36	55	40	83	49	63	83	67	81	86	72	59	33	45	15	25	38	3	58	94	88	58	89	8	25	10	30	50	19	19	24	43	69	55	99	96	82	11	8	33	11	23	77	77	18	63	
60	73	100	41	72	74	81	44	36	78	4	57	91	29	40	28	64	16	77	77	39	25	24	65	98	64	94	95	37	49	38	86	16	68	33	25	55	22	93	72	96	52	-1	46	92	83	13	60	90	74	78	61	20	54	42	18	45	82	76	11	47	46	11	64	9	23	53	98	69	25	65	27	38	9	31	76	55	40	19	27	88	24	76	72	45	57	2	53	84	47	16	70	82	18	87	86	41	85	9	46	
47	87	89	21	15	51	83	81	80	16	46	92	51	16	57	59	70	76	19	88	29	52	74	34	32	75	25	89	65	70	88	49	95	26	32	55	18	95	80	2	33	45	52	-1	52	54	56	72	90	49	20	87	56	68	87	72	23	94	31	52	75	45	83	74	41	76	8	15	86	12	79	30	42	70	77	75	43	81	75	78	92	90	79	91	32	2	7	3	87	22	9	22	48	89	86	90	76	81	15	50	
6	67	8	45	55	45	11	44	72	33	41	99	81	67	95	67	65	78	32	99	23	67	80	5	55	50	16	66	66	65	81	1	86	5	19	72	57	72	63	39	23	81	54	95	-1	34	14	90	39	78	20	14	56	62	6	70	90	17	27	38	28	84	9	52	48	67	86	46	96	21	94	28	28	53	81	10	65	83	27	38	14	100	28	73	45	18	81	50	88	93	60	46	9	21	55	90	62	100	20	26	
37	75	16	20	63	94	97	41	11	83	60	90	57	3	51	93	40	35	59	40	97	52	6	74	45	30	43	9	32	10	25	92	87	38	69	2	51	17	6	75	67	47	35	18	84	-1	30	48	58	79	42	37	76	99	70	28	49	75	19	35	36	2	60	65	11	73	23	13	83	54	35	95	40	42	47	63	73	63	65	20	48	79	31	6	42	31	62	70	98	9	55	29	79	64	23	50	78	57	30	4	
89	14	67	65	64	80	10	21	89	82	70	49	11	84	13	50	75	81	85	21	15	89	59	44	66	70	79	66	27	41	81	59	29	67	74	58	7	93	20	76	17	17	75	29	63	81	-1	24	85	89	93	70	79	59	32	14	33	37	51	47	12	53	26	63	21	27	31	24	96	94	64	54	60	89	63	56	64	81	92	62	20	17	63	22	59	22	90	89	71	16	33	87	33	52	20	46	98	24	13	24	
15	15	14	80	65	86	1	26	69	43	7	77	58	39	38	84	46	92	15	48	34	7	22	69	80	16	98	95	23	6	68	90	26	60	31	53	12	38	31	72	36	59	87	9	63	20	55	-1	45	78	61	66	74	54	66	11	98	89	5	74	97	59	46	45	12	17	83	75	54	16	58	77	91	73	39	96	59	64	70	2	28	98	81	36	79	96	98	15	61	36	79	94	28	30	33	8	51	24	74	74	
23	54	6	11	87	96	25	1	18	80	19	87	70	99	40	89	29	83	53	4	44	10	30	79	62	89	98	41	82	59	51	60	86	64	95	92	35	66	56	8	99	27	42	38	43	79	58	61	-1	13	67	32	60	79	14	78	17	53	47	28	15	47	15	100	36	66	12	15	37	52	91	71	87	74	50	98	2	30	20	87	52	50	97	56	28	3	57	48	68	21	80	57	56	30	28	40	39	37	26	75	
78	29	53	44	83	38	56	97	48	20	82	44	38	9	12	87	32	28	97	26	23	71	93	100	6	60	8	19	77	36	96	68	67	67	82	10	8	44	9	94	96	8	100	43	26	21	84	43	20	-1	73	36	33	84	70	81	89	30	69	17	21	30	18	4	97	80	70	53	41	14	35	73	29	86	99	86	69	97	4	10	86	24	31	54	90	49	72	72	3	11	96	90	26	9	100	66	85	41	85	51	
37	17	44	5	58	46	36	36	35	67	38	17	30	95	1	41	11	23	22	18	40	55	57	44	50	68	21	84	2	61	32	39	66	8	31	56	17	56	72	51	19	88	56	25	70	42	92	67	50	13	-1	58	36	11	17	42	69	69	25	78	64	3	9	72	93	28	12	43	39	58	15	31	81	3	16	18	19	18	57	51	48	53	65	40	37	8	72	44	40	63	5	90	33	56	37	41	65	87	57	84	
61	17	76	12	89	30	74	71	5	98	16	67	6	38	57	20	58	12	17	34	2	76	68	38	84	77	81	14	20	11	43	87	58	46	79	55	8	75	59	24	94	22	55	4	79	52	38	37	66	77	36	-1	22	53	85	77	22	36	2	68	8	69	61	37	4	94	9	16	10	92	16	35	72	15	78	21	29	50	39	65	59	57	44	64	24	96	28	66	1	37	11	44	78	64	31	45	14	30	91	34	
62	100	60	38	4	66	74	56	22	80	79	23	75	51	73	23	1	47	50	69	91	27	36	71	57	38	87	5	50	49	86	31	42	73	47	72	32	34	66	82	33	72	48	75	65	69	33	55	85	39	56	27	-1	34	47	57	2	17	2	51	98	72	35	43	57	15	94	49	44	91	40	26	12	19	74	58	15	100	54	46	89	79	7	16	84	60	60	70	73	1	44	85	4	62	65	91	21	28	59	6	
64	41	94	6	9	83	50	49	77	41	82	50	73	100	39	4	16	57	27	19	43	30	33	79	39	27	10	72	11	31	8	86	14	99	38	43	91	95	5	29	59	7	54	27	75	67	96	55	38	38	34	1	90	-1	31	44	91	58	33	2	16	6	81	94	26	43	73	8	55	28	3	54	6	38	75	33	83	82	9	53	4	72	6	99	54	76	36	1	12	82	65	2	98	40	9	12	28	71	26	66	
75	77	60	30	84	85	44	11	65	72	93	62	53	4	86	2	72	50	55	5	93	7	70	65	73	59	87	39	93	89	15	6	20	14	30	35	36	14	71	41	73	35	96	87	1	59	98	45	29	52	70	3	24	61	-1	85	43	19	4	29	25	85	22	88	80	88	71	80	92	96	71	40	37	54	52	2	37	16	97	49	30	15	70	1	51	92	12	1	81	55	31	88	4	73	35	44	70	61	28	87	
94	70	41	86	78	74	59	34	99	94	17	4	21	32	11	81	85	81	28	3	17	89	84	27	84	51	90	47	18	66	56	2	83	56	80	5	97	44	75	89	70	99	21	86	72	6	8	46	86	75	80	98	22	5	58	-1	12	51	17	59	14	64	51	44	14	45	56	76	87	96	28	74	74	61	27	43	76	37	36	9	7	45	58	13	19	89	75	39	51	39	66	48	53	70	7	68	54	11	68	25	
5	34	66	46	66	60	6	92	41	95	42	82	48	99	79	3	90	80	51	61	61	92	25	63	31	34	48	24	63	90	26	22	98	100	23	8	52	31	96	12	14	55	92	83	63	95	84	34	86	10	65	81	66	28	56	18	-1	5	75	97	92	53	36	93	100	20	76	1	24	93	19	26	82	11	52	34	88	18	93	54	90	48	63	2	75	29	85	50	59	86	46	94	75	43	49	65	31	55	8	29	
14	56	47	18	52	7	50	4	56	85	97	1	90	35	12	92	70	55	70	99	39	15	21	99	27	93	67	1	87	76	36	79	49	50	15	29	8	3	41	46	4	81	56	38	63	100	96	16	20	55	76	91	45	20	79	48	90	-1	40	84	67	44	47	26	40	54	23	68	52	39	54	82	60	32	57	97	7	33	50	12	7	55	50	34	18	3	84	49	98	25	24	63	18	13	87	8	14	9	98	29	
73	5	45	84	22	96	46	60	18	32	86	18	7	32	100	92	100	3	19	97	83	79	61	49	51	11	77	74	91	46	40	66	14	2	43	60	97	68	48	94	77	28	32	40	46	27	36	38	57	46	58	46	92	86	42	96	52	90	-1	84	6	5	49	16	92	62	93	81	80	59	43	74	26	94	24	67	90	66	31	66	77	41	64	93	48	58	100	95	42	46	6	1	54	74	22	75	98	100	16	43	
78	1	34	41	64	8	25	63	14	61	30	75	20	40	61	3	84	99	62	25	63	89	15	43	26	33	56	32	20	14	73	40	50	68	41	8	92	55	44	49	18	6	22	83	91	3	76	29	29	81	64	80	50	69	48	55	88	62	96	-1	48	71	55	9	4	14	46	52	72	39	75	59	45	33	21	28	85	63	44	19	66	87	18	54	7	71	39	35	65	42	92	6	91	78	39	32	97	24	77	39	
73	80	35	86	27	92	50	56	54	15	48	36	3	55	76	64	70	70	85	42	28	79	41	70	32	41	78	57	64	60	16	62	58	32	73	11	93	82	76	66	66	40	96	76	48	60	65	45	67	76	93	42	24	20	68	56	88	12	88	2	-1	48	24	66	32	79	94	57	56	38	87	41	37	72	40	99	59	36	22	83	6	40	56	77	75	23	80	53	55	78	16	81	21	42	90	49	50	33	6	49	
82	76	23	97	2	64	33	36	72	60	26	41	71	69	90	23	52	18	3	56	12	67	56	1	71	1	85	64	68	20	88	86	81	11	95	78	18	43	78	53	77	3	78	63	20	43	38	10	19	96	61	53	87	90	85	92	80	71	34	99	90	-1	83	5	96	21	9	74	33	19	49	48	25	64	2	89	61	17	26	5	86	26	63	55	37	64	24	25	99	7	52	56	50	75	71	68	43	70	55	25	
98	33	93	90	27	2	24	88	23	13	53	71	30	26	83	44	14	47	21	54	28	90	6	67	69	37	75	62	24	63	60	2	53	74	100	68	69	91	22	5	25	14	68	62	56	43	49	52	41	55	4	52	20	63	46	7	52	70	92	53	65	77	-1	25	63	99	72	29	87	58	35	75	31	87	78	56	84	39	68	41	64	59	34	73	81	16	99	14	49	47	27	94	87	28	56	45	24	78	80	17	
97	98	41	84	14	49	82	77	52	23	31	94	91	18	42	1	15	54	6	74	56	82	80	60	84	71	48	34	23	88	2	7	29	61	54	45	71	64	57	95	63	84	66	5	41	92	96	68	6	4	32	82	57	38	84	74	78	20	69	64	2	39	98	-1	16	88	51	23	5	5	66	89	49	87	94	38	25	51	31	63	29	48	37	56	49	70	37	53	66	47	97	6	36	93	61	12	4	60	5	94	
73	89	76	44	55	42	30	23	63	48	37	33	9	51	88	32	11	49	92	81	1	14	60	17	2	54	25	7	98	76	89	23	80	17	27	83	98	24	62	93	54	92	61	44	80	67	91	14	29	70	96	85	22	48	96	60	9	79	58	37	7	8	72	100	-1	83	83	1	82	42	72	27	27	87	36	66	93	17	58	81	27	55	3	51	37	75	92	61	100	58	15	2	36	10	13	87	83	93	39	64	
69	22	38	30	6	46	95	70	92	68	2	22	66	28	86	51	25	84	6	71	100	44	75	44	29	60	86	64	37	47	99	62	96	46	86	5	83	66	77	36	9	58	50	46	61	81	47	67	24	14	91	82	34	16	66	56	59	84	35	36	26	41	9	93	30	-1	100	89	90	75	12	87	76	64	87	35	17	46	37	8	18	67	33	93	42	36	49	88	58	92	19	85	32	54	58	36	36	60	6	34	
15	77	35	55	86	96	90	99	31	27	77	55	42	66	52	6	35	19	76	6	54	42	5	63	15	25	39	49	15	98	28	17	82	80	80	79	42	67	48	65	48	10	68	67	58	93	23	66	9	59	85	42	96	46	93	17	76	14	51	75	10	4	75	83	54	47	-1	82	11	4	55	80	62	64	35	75	21	98	68	8	20	80	40	55	50	16	60	3	32	13	66	51	34	13	94	22	50	62	79	66	
2	49	24	47	72	4	88	82	84	82	99	36	28	29	78	59	78	66	60	37	43	81	66	86	11	96	35	27	85	4	80	79	96	31	64	17	14	26	48	32	88	6	49	50	26	98	96	20	1	11	10	96	94	8	27	93	16	51	17	79	29	7	90	30	33	59	78	-1	29	56	55	2	90	57	54	99	28	99	100	83	27	55	97	89	27	73	14	40	67	91	82	46	16	72	31	49	15	14	90	25	
67	11	48	39	79	16	86	17	94	6	80	3	55	72	90	34	48	17	91	28	61	4	13	51	46	45	4	4	53	34	90	18	89	66	91	87	16	8	51	23	9	51	12	84	1	45	32	33	19	37	59	18	19	50	12	79	17	29	50	73	25	17	17	21	88	57	74	6	-1	4	81	75	93	77	87	6	62	25	97	53	62	9	90	38	75	40	53	100	64	19	42	61	38	30	84	37	18	71	65	16	
27	8	4	3	18	73	41	1	72	6	8	63	49	90	11	48	31	49	97	43	60	83	23	93	88	97	46	36	48	47	13	68	87	43	44	28	47	82	85	36	88	48	90	20	5	77	80	41	58	25	99	26	8	79	45	35	50	41	11	49	69	71	37	16	59	90	62	56	81	-1	95	4	17	88	49	16	35	35	95	89	2	27	77	66	50	100	52	70	41	18	71	84	55	23	33	49	11	49	81	80	
13	37	45	60	15	17	58	54	27	92	3	7	45	84	32	34	61	84	89	29	32	54	83	96	88	43	33	78	33	33	75	84	37	90	36	96	98	91	22	30	6	81	42	81	20	71	79	36	57	24	14	38	29	63	100	71	95	45	13	91	66	97	53	17	86	67	83	61	70	29	-1	39	70	91	65	19	39	73	41	94	31	85	75	97	54	78	81	67	97	4	100	86	5	54	87	22	88	95	79	70	
21	31	20	33	89	54	91	87	50	18	10	44	39	73	74	76	12	1	48	87	23	95	30	42	11	45	61	79	64	83	91	62	15	13	93	89	4	15	22	5	97	33	69	21	76	32	49	67	92	13	7	89	28	60	45	9	49	83	73	44	9	20	91	59	99	16	38	43	85	74	47	-1	75	72	32	76	11	87	88	44	91	23	93	8	56	49	11	42	91	99	12	83	28	48	25	83	36	38	5	23	
26	71	16	6	98	16	22	25	83	43	84	91	11	39	91	65	29	84	5	37	30	90	9	89	99	100	30	58	78	71	42	50	58	91	7	23	92	76	78	49	4	13	12	41	65	91	18	31	75	31	16	65	45	61	80	57	50	45	83	30	40	91	24	89	85	39	96	77	77	48	78	48	-1	60	56	76	68	94	36	22	30	83	78	1	16	26	96	34	25	65	27	16	61	19	24	44	82	73	34	48	
70	49	36	25	93	95	96	100	94	52	80	43	21	1	76	33	64	74	56	80	95	83	15	78	36	23	52	64	39	14	56	41	84	42	29	95	94	14	17	57	64	31	74	61	66	64	37	30	38	60	80	52	80	37	8	27	95	95	63	42	8	25	18	72	24	35	18	56	25	9	100	97	9	-1	95	11	16	99	69	69	66	54	65	88	56	55	46	34	44	25	87	87	36	39	13	23	86	50	10	12	
48	3	63	84	25	15	50	30	48	53	67	41	91	12	76	9	63	74	23	14	89	40	29	6	4	87	43	3	42	73	59	29	40	76	85	73	26	48	79	15	33	36	35	47	7	67	22	50	40	83	40	63	39	2	50	76	1	75	35	55	15	23	80	100	98	64	70	96	98	70	100	94	44	20	-1	40	50	96	61	70	95	57	7	88	94	16	28	97	95	51	28	68	98	31	86	10	98	91	59	11	
12	27	86	10	76	47	84	71	99	60	20	97	45	13	38	83	77	30	54	48	45	37	10	11	84	97	63	32	45	20	84	51	41	75	63	76	44	83	46	44	76	78	25	87	7	40	68	39	82	35	72	27	49	17	21	91	25	69	82	63	4	79	4	95	32	92	84	10	62	21	52	30	92	82	44	-1	63	33	2	97	81	4	73	21	63	76	6	96	93	94	51	83	34	83	38	51	71	60	72	48	
94	71	27	91	58	84	16	96	21	23	31	24	4	32	95	66	28	72	24	9	89	26	31	65	43	71	55	61	62	29	97	80	86	90	71	55	15	83	44	55	35	86	55	54	49	53	5	24	65	32	19	34	46	50	45	10	34	99	28	6	76	72	58	57	50	83	15	3	46	17	42	47	50	9	2	27	-1	27	11	54	28	58	89	8	16	52	93	45	88	56	79	51	61	14	84	99	72	91	59	61	
100	50	6	70	85	21	61	68	19	60	51	12	1	37	93	37	70	20	3	31	88	65	63	50	71	32	53	12	8	56	73	4	79	20	3	4	69	38	48	78	78	68	71	26	86	63	35	19	50	22	64	19	54	60	20	52	52	78	27	73	99	67	89	8	42	72	83	33	83	5	96	22	19	29	74	32	42	-1	47	19	3	74	85	85	10	45	78	62	81	20	22	55	70	35	13	83	33	29	77	55	
31	34	95	5	25	64	40	13	75	18	35	98	63	4	26	1	82	15	62	75	93	31	59	8	43	22	32	44	75	50	99	17	87	15	24	85	12	99	59	14	53	50	15	27	12	30	89	44	100	62	69	97	12	40	75	87	80	89	32	71	94	84	27	67	6	3	15	26	69	85	2	56	43	58	48	82	91	85	-1	4	75	77	75	55	3	90	13	47	55	18	83	61	77	46	78	5	29	74	95	33	
32	86	17	5	83	77	50	6	12	43	68	30	49	71	30	23	53	51	8	74	36	75	38	9	49	59	21	36	53	93	46	45	45	14	29	31	100	96	85	64	44	7	85	49	46	96	54	77	48	11	62	80	82	88	8	75	87	53	65	45	53	82	59	32	27	72	19	100	6	26	76	7	18	57	74	30	47	75	29	-1	70	35	58	42	83	42	74	67	29	71	52	37	16	72	72	89	45	78	46	28	
21	97	8	28	58	87	96	80	68	55	84	21	22	39	41	58	84	55	63	40	48	58	77	31	88	47	81	17	77	44	19	64	30	94	35	54	18	78	64	47	84	38	78	19	28	94	10	52	50	93	73	42	51	15	14	77	93	73	8	39	96	87	39	71	50	16	46	33	90	99	29	27	21	25	99	63	93	50	79	70	-1	31	53	66	72	98	90	84	12	88	78	97	39	5	74	22	29	98	7	28	
88	23	2	59	3	80	70	34	13	28	67	30	26	7	61	56	49	91	40	36	72	85	83	48	21	89	22	48	57	45	8	19	66	37	52	22	1	16	64	87	16	18	79	77	40	11	40	6	46	68	68	89	65	19	34	69	72	35	89	61	8	56	54	6	32	59	56	86	43	14	80	78	5	55	4	30	70	35	71	92	56	-1	45	54	90	67	51	78	56	5	72	13	9	6	50	41	25	38	90	67	
15	26	46	96	7	1	70	2	35	38	62	64	74	88	43	59	57	25	32	52	17	16	3	46	100	79	72	94	92	92	41	83	41	82	39	47	26	74	72	11	67	74	33	26	28	77	93	50	1	56	71	90	80	53	5	79	79	55	26	99	7	81	61	14	92	46	50	29	36	84	40	13	70	8	43	90	78	73	65	79	70	80	-1	100	19	18	52	29	52	84	33	67	39	54	55	5	16	33	88	22	
71	51	13	63	71	83	77	81	83	64	50	68	2	75	21	42	95	85	68	68	81	61	87	48	19	29	76	6	84	90	18	56	24	100	23	68	90	16	16	59	29	42	30	20	28	26	3	77	71	22	79	86	63	12	51	76	13	12	61	36	98	25	77	11	69	100	67	92	89	40	35	12	80	16	58	81	4	2	21	42	58	18	11	-1	54	37	11	70	80	84	35	50	6	46	96	49	72	84	77	86	
78	28	59	76	32	81	74	65	83	59	43	44	33	96	7	81	89	87	28	23	83	60	6	66	100	60	61	49	43	7	77	33	11	15	78	88	73	7	85	69	64	32	90	5	69	22	43	20	10	10	1	92	30	30	22	19	16	53	11	67	55	69	26	23	47	35	99	87	72	26	67	40	7	71	17	9	91	31	93	54	46	13	96	27	-1	24	41	89	39	51	49	1	89	64	67	66	86	17	19	23	
93	96	35	53	68	98	8	29	67	67	15	40	53	97	16	51	53	26	73	1	79	48	14	21	44	15	20	24	8	62	76	50	29	98	61	28	62	65	48	30	54	88	95	86	83	74	47	97	58	20	99	64	39	89	94	58	28	44	48	72	23	93	88	17	89	29	88	54	53	78	10	93	53	66	18	10	85	25	19	34	6	45	18	68	43	-1	62	80	64	73	11	96	98	92	99	57	18	67	87	33	
81	92	46	22	16	81	10	60	76	30	43	15	26	93	70	26	51	34	64	9	91	82	98	35	42	54	39	91	87	64	68	71	4	78	52	29	37	26	80	57	64	5	92	68	5	86	50	80	35	41	98	92	91	29	16	1	24	11	82	76	50	16	25	6	35	4	21	14	22	44	63	10	2	81	75	89	31	90	30	99	23	81	78	21	80	20	-1	27	58	48	41	36	46	73	26	66	39	1	11	84	
41	37	30	36	46	34	88	73	62	100	45	82	63	99	87	53	100	6	36	23	63	30	85	52	76	83	72	22	29	80	92	47	87	81	82	34	86	52	68	5	23	41	95	33	13	31	18	50	78	17	25	82	35	6	63	18	23	3	64	50	32	63	34	54	39	49	30	82	12	100	89	32	49	44	52	3	83	3	13	34	14	62	70	41	55	92	51	-1	32	86	63	51	65	64	26	67	94	61	39	47	
96	71	35	37	54	95	2	67	65	40	47	67	80	76	83	61	63	65	52	13	99	41	86	17	36	38	57	49	59	29	14	5	47	68	95	51	14	93	40	25	23	9	11	29	2	85	94	56	29	35	3	96	98	81	96	18	95	93	96	86	52	68	98	11	67	5	69	90	24	92	12	50	96	44	91	67	20	96	69	48	18	97	39	69	47	37	81	9	-1	57	30	32	39	14	73	87	15	10	9	98	
31	45	11	76	34	69	60	67	1	31	85	22	1	28	77	42	88	6	57	29	19	34	79	99	91	60	93	5	95	53	72	64	6	37	54	50	5	45	33	100	7	71	33	55	83	15	97	2	61	76	29	96	13	59	30	86	8	47	47	44	40	67	47	73	35	40	34	56	31	53	36	68	76	15	3	14	97	28	73	65	48	65	90	98	20	24	3	94	76	-1	7	35	93	70	41	45	75	53	28	74	
13	43	13	68	28	89	16	99	70	84	39	15	58	32	20	19	24	15	8	45	37	5	75	5	74	77	30	10	36	54	24	42	4	82	68	89	25	15	65	42	58	20	75	29	52	78	97	8	88	37	20	96	53	84	63	46	8	88	4	42	7	80	18	55	47	56	18	24	81	71	59	27	20	85	89	50	41	11	94	94	39	93	20	28	52	96	93	93	84	37	-1	95	10	52	96	10	36	57	41	25	
88	2	100	5	26	91	95	92	39	64	100	45	56	30	64	95	5	68	8	86	26	52	90	60	69	83	86	9	89	82	20	98	61	43	93	16	91	39	2	49	51	73	8	30	22	3	66	89	20	79	3	81	70	98	84	11	76	32	17	95	62	2	11	16	84	75	61	80	23	64	61	19	74	8	82	66	29	76	51	39	61	15	54	47	92	72	26	83	78	43	51	-1	55	16	97	32	73	24	52	5	
56	93	34	33	51	52	53	53	44	24	91	43	1	10	19	90	3	76	56	62	37	87	76	26	54	54	79	76	21	45	9	77	81	90	14	46	85	94	12	42	65	35	94	97	58	77	19	52	35	79	33	70	24	39	7	75	27	93	25	67	41	71	30	17	30	77	2	64	48	35	33	89	69	35	28	10	51	69	55	43	39	4	82	68	21	3	96	78	51	91	9	5	-1	1	55	15	80	52	30	59	
90	29	40	53	86	3	39	1	14	43	19	19	78	20	35	17	42	92	6	51	6	10	58	8	53	24	12	12	48	38	5	17	94	71	100	50	12	88	7	88	9	55	54	51	28	54	97	49	80	92	5	93	49	63	42	31	48	62	51	21	15	53	99	5	18	11	35	57	33	19	48	31	35	66	66	75	54	60	28	90	44	69	50	96	13	43	69	80	98	57	75	54	70	-1	33	91	45	7	72	61	
87	67	65	76	33	63	45	3	27	32	63	79	16	28	29	87	46	27	53	17	97	11	70	16	39	81	25	1	67	73	71	55	2	51	38	57	35	7	84	82	28	26	26	43	67	34	97	24	13	75	9	2	52	99	92	34	25	39	81	98	62	68	84	20	80	13	85	63	39	45	34	6	80	87	26	26	19	92	96	95	19	89	65	18	15	78	1	86	34	22	63	57	85	11	-1	70	56	47	96	66	
45	14	62	4	47	68	84	75	79	80	79	63	30	94	92	15	75	89	31	65	19	11	60	36	38	94	27	21	91	81	98	78	67	28	10	89	2	93	78	60	30	87	66	69	57	60	90	27	92	5	15	13	77	49	70	43	5	76	9	83	14	37	69	29	5	17	80	14	94	5	75	9	20	78	35	4	58	12	13	78	66	1	54	61	69	86	56	29	7	87	18	21	9	91	14	-1	62	44	46	97	
90	79	34	39	60	68	22	64	48	83	66	38	84	72	40	44	52	94	80	6	89	67	10	57	66	86	30	89	66	15	13	94	22	70	62	20	86	34	92	38	7	75	86	69	36	30	54	80	83	80	2	63	49	54	67	93	100	55	28	74	69	94	84	65	2	10	19	88	74	63	18	13	10	39	52	57	98	5	39	32	45	52	39	24	13	15	42	97	63	47	4	28	70	70	53	82	-1	17	3	16	
65	45	38	70	45	43	38	92	44	44	39	27	2	83	61	29	38	27	74	49	14	88	95	94	5	45	38	50	51	8	50	13	93	66	59	47	94	86	100	82	88	15	22	10	31	68	87	23	6	40	67	5	56	31	21	19	39	79	78	70	79	6	9	22	68	7	99	80	91	3	81	50	2	2	86	17	63	29	38	21	51	15	11	58	35	39	80	77	19	28	79	72	45	36	39	67	72	-1	48	81	
99	1	20	30	4	86	63	74	6	77	18	51	75	16	13	65	20	39	80	17	85	89	87	4	82	30	45	53	56	72	10	1	35	96	20	26	68	60	98	42	2	91	42	21	17	60	81	98	72	55	52	42	75	44	29	33	91	54	70	65	13	91	53	4	16	16	9	73	15	95	52	90	98	55	70	45	59	32	61	60	24	72	69	90	28	34	65	22	55	68	74	46	10	2	44	76	2	1	-1	52	
8	67	16	37	31	48	94	57	6	1	100	9	13	86	22	43	29	74	25	16	72	66	66	74	1	35	69	60	20	53	98	100	26	30	36	44	88	42	68	84	20	88	20	22	93	68	65	71	16	27	42	73	62	76	6	82	88	24	36	48	77	61	56	33	83	54	52	38	93	34	37	58	31	46	96	36	18	44	37	12	42	77	57	37	49	5	21	97	1	66	6	33	37	18	95	89	32	45	83	-1	
