100
-1	70	13	86	83	52	61	39	57	44	40	22	97	96	63	7	7	63	50	93	53	77	27	76	72	7	30	42	57	74	41	67	12	50	21	2	32	32	89	87	68	3	7	62	6	95	32	36	94	63	83	17	17	57	97	77	91	48	76	83	25	53	93	63	71	65	66	83	77	10	52	40	20	11	9	17	80	49	98	56	48	95	6	36	17	74	94	68	6	98	52	10	19	31	26	98	73	84	5	83	
38	-1	80	9	34	93	21	46	10	4	85	31	52	12	91	23	4	33	11	17	35	51	89	92	55	3	72	67	51	98	30	85	76	87	18	4	73	3	76	15	13	54	76	13	38	67	2	64	48	64	97	15	63	92	42	55	98	61	51	16	40	57	51	54	16	83	69	54	57	70	9	71	14	90	66	4	60	29	72	23	47	32	63	10	73	34	5	94	3	97	49	57	44	36	89	53	77	7	89	89	
22	81	-1	80	66	85	91	37	6	100	50	70	55	99	39	18	40	80	48	13	92	14	66	53	51	8	89	6	80	42	24	69	20	68	97	68	12	78	58	84	1	68	18	88	41	47	14	9	52	99	16	27	93	91	45	28	33	78	5	22	70	15	19	45	64	59	46	81	86	29	44	5	85	10	24	41	92	51	33	93	71	80	80	99	1	78	98	41	20	63	12	50	44	80	31	95	19	27	60	80	
55	86	87	-1	41	60	36	33	70	12	87	64	98	68	38	62	67	49	67	41	37	7	75	74	90	56	69	19	32	96	68	38	21	52	85	47	71	44	21	41	38	37	11	22	27	91	48	44	2	100	66	42	67	98	87	22	69	53	98	94	83	15	47	22	47	99	7	38	52	32	73	16	34	28	31	48	25	1	60	82	22	10	96	56	57	45	73	93	35	80	67	53	10	77	22	18	59	18	50	90	
43	29	64	62	-1	2	8	3	98	43	1	49	38	44	28	31	61	36	41	74	27	98	3	20	16	85	89	55	3	84	25	59	88	81	54	70	22	77	62	31	52	38	75	91	74	3	69	24	83	46	61	95	100	19	25	21	87	53	75	36	25	71	62	99	72	9	67	59	38	19	1	35	6	45	83	30	56	95	5	80	71	67	21	7	24	89	35	15	22	34	68	27	68	60	67	45	34	12	44	3	
24	45	1	52	44	-1	1	66	39	50	6	73	18	60	18	54	45	78	86	59	28	32	55	47	83	51	14	40	24	50	14	2	38	97	31	62	32	69	21	39	92	65	78	68	69	72	96	30	79	52	78	44	37	14	17	100	27	99	90	7	14	19	46	72	32	45	40	17	45	6	94	67	26	72	11	82	55	45	69	72	12	32	94	34	67	53	59	96	81	72	31	26	38	91	13	94	54	23	29	89	
37	31	80	20	81	53	-1	30	36	39	44	12	41	40	75	86	38	56	82	66	13	64	98	74	12	3	72	30	89	34	24	42	66	42	8	14	52	26	86	14	77	69	13	41	15	98	77	25	87	98	28	57	78	32	13	46	78	99	83	14	88	6	45	17	97	38	52	41	59	31	24	5	81	8	88	49	77	84	69	12	77	28	66	33	56	1	49	96	31	65	35	96	67	32	52	49	89	59	33	76	
47	30	87	96	84	38	21	-1	32	96	61	85	2	32	1	23	94	29	23	81	67	71	85	94	41	79	78	45	20	82	80	41	76	38	89	67	73	55	86	19	61	79	26	27	76	5	87	84	19	56	14	50	24	62	99	74	61	91	70	66	75	72	97	49	8	96	10	56	16	17	97	76	85	14	5	72	37	76	5	17	61	6	90	68	55	29	23	12	3	11	70	21	45	24	85	89	9	27	56	85	
25	95	29	70	19	1	27	28	-1	14	83	23	78	43	93	99	51	7	91	26	64	23	28	73	92	19	57	70	9	59	21	90	87	91	4	91	1	28	85	84	74	59	64	89	74	34	11	54	51	85	61	22	6	55	77	35	89	12	56	95	8	45	9	78	98	62	56	7	55	44	53	69	96	79	18	71	35	73	32	33	87	80	81	44	34	100	66	83	33	29	32	48	43	92	68	79	26	47	23	18	
71	74	73	72	44	43	70	49	7	-1	41	2	81	84	13	89	8	63	5	88	39	43	97	57	2	54	71	17	21	79	74	74	10	40	2	90	14	43	6	38	19	59	26	83	43	38	91	17	43	94	56	41	26	13	69	67	11	5	55	92	32	36	98	36	24	75	18	59	20	17	17	8	29	47	23	15	94	13	15	56	59	51	45	40	100	69	89	59	80	40	27	69	68	46	64	1	13	8	83	84	
77	30	47	20	72	74	36	12	41	41	-1	8	29	54	74	73	38	14	40	56	88	93	95	76	37	89	29	7	22	44	23	4	10	36	45	25	49	58	38	75	4	94	61	52	19	3	59	16	41	18	94	27	74	87	57	1	31	52	5	20	78	68	23	22	28	19	100	71	91	48	85	21	63	56	11	48	35	97	85	53	60	1	35	85	98	44	31	71	96	43	34	18	9	87	70	60	74	41	97	28	
42	83	80	37	7	66	69	62	19	14	21	-1	41	87	11	34	35	35	98	13	66	54	51	43	78	88	84	70	8	61	54	13	64	59	53	11	85	66	30	48	78	3	9	88	75	59	65	37	72	53	63	15	37	43	65	98	64	9	22	56	66	47	5	24	36	57	32	86	5	47	83	63	7	81	54	91	28	23	45	22	85	21	37	36	45	7	67	97	63	3	15	12	7	39	44	45	60	84	7	60	
42	3	93	68	14	11	73	93	7	71	33	38	-1	18	94	67	30	21	36	79	81	55	19	94	73	15	14	18	62	43	44	49	50	20	61	28	17	27	12	66	41	33	8	7	37	2	96	80	67	74	36	15	22	10	75	35	65	77	2	40	93	14	42	80	21	30	33	88	71	25	29	89	98	97	49	13	74	34	8	54	76	51	87	25	31	53	82	34	62	54	38	52	63	61	74	99	22	8	3	5	
90	80	36	10	53	33	54	61	43	25	9	84	1	-1	77	79	91	22	7	45	100	29	18	74	67	32	27	62	26	96	64	4	44	74	25	71	45	78	46	96	29	38	52	35	10	6	12	18	95	9	74	94	91	14	11	35	93	95	48	96	93	66	79	79	67	91	44	30	62	33	50	22	60	56	10	54	24	78	59	19	48	49	90	27	48	84	84	28	7	22	17	19	16	75	80	80	3	44	48	4	
10	29	1	96	26	1	20	95	66	86	63	7	62	30	-1	12	68	27	33	63	70	47	79	50	12	59	92	61	76	49	42	74	49	51	100	26	22	3	41	29	81	24	58	75	89	81	43	84	63	69	99	13	87	54	39	54	73	70	65	62	74	63	97	14	77	66	96	62	53	63	19	38	65	38	2	20	45	81	86	45	30	92	79	73	89	69	14	94	72	78	66	28	30	39	89	15	1	84	90	85	
16	10	45	7	21	93	18	97	71	6	57	24	73	2	53	-1	23	60	27	80	90	1	25	19	79	81	99	34	85	24	83	6	78	20	80	33	87	96	27	22	47	40	28	25	72	94	49	25	85	94	63	20	56	15	8	67	74	34	37	19	57	78	57	23	33	48	45	32	51	55	89	49	81	35	55	62	98	91	3	14	85	1	83	20	95	62	36	75	82	13	8	70	83	60	81	39	16	64	5	29	
30	96	48	60	56	53	60	76	69	88	47	62	27	64	86	66	-1	65	22	99	60	42	55	100	45	42	89	78	36	96	44	61	50	81	78	86	63	100	64	13	78	78	39	13	63	52	84	72	19	19	100	39	23	71	3	32	73	71	17	58	87	55	73	79	85	83	53	1	54	80	90	83	17	69	90	48	30	12	100	41	70	64	95	78	23	24	49	26	21	61	88	76	48	81	50	25	31	73	37	76	
16	41	59	7	78	17	20	18	31	62	100	56	21	33	39	54	35	-1	98	61	33	59	33	11	36	63	66	15	29	20	79	39	70	87	98	45	87	79	82	98	34	53	34	80	84	2	13	20	90	54	97	20	37	57	58	53	26	95	45	25	21	56	16	99	65	53	44	2	89	12	86	55	92	70	66	21	50	87	21	91	53	65	64	17	23	60	37	11	82	30	94	11	63	43	28	79	88	59	74	94	
80	39	38	87	36	72	71	6	51	46	24	100	97	100	20	57	37	12	-1	58	40	56	66	62	49	49	88	17	9	15	33	29	95	23	22	41	14	59	76	36	4	15	60	19	17	89	51	88	18	28	61	100	96	48	96	41	28	74	40	100	76	70	91	21	27	84	94	85	53	35	78	87	25	66	4	58	16	13	25	69	31	76	27	68	91	43	28	58	14	94	12	64	33	97	32	37	21	58	27	18	
83	89	66	24	24	65	100	48	92	33	84	70	29	94	29	21	34	3	57	-1	54	86	36	53	75	55	84	45	70	54	41	57	49	76	61	43	24	2	34	30	89	37	65	74	72	30	92	92	80	96	77	1	72	33	90	54	97	82	3	74	23	81	93	64	6	33	40	70	35	37	63	51	75	8	6	32	95	93	16	13	52	41	30	26	65	21	43	38	83	50	10	11	69	34	74	23	12	17	96	60	
12	84	74	23	15	84	34	46	70	90	4	85	70	30	72	21	61	65	87	32	-1	41	56	9	4	91	57	76	20	76	52	51	74	20	47	89	74	52	10	10	87	97	74	2	11	58	50	33	30	59	54	39	1	6	55	85	21	46	75	23	5	1	55	71	67	62	38	26	3	12	56	78	53	90	35	48	30	63	85	87	76	67	54	53	77	35	35	40	81	97	19	39	67	48	41	10	42	83	14	7	
79	15	25	67	86	62	84	16	77	89	44	28	45	34	83	14	64	43	41	24	25	-1	49	70	12	97	64	18	67	90	2	79	47	7	38	74	47	91	8	2	45	33	34	34	99	3	48	97	38	69	35	16	35	13	14	50	31	25	26	23	57	56	12	11	62	61	17	60	80	52	57	87	3	42	15	87	20	35	72	99	10	34	74	28	91	25	11	62	82	13	98	87	14	68	13	4	4	17	7	68	
68	9	84	46	94	88	75	67	67	85	43	69	44	73	13	46	54	60	97	83	51	30	-1	99	34	49	14	76	93	53	93	93	78	69	21	67	64	22	22	16	31	91	45	72	67	54	67	32	93	38	72	75	7	88	48	46	52	26	94	86	95	21	71	78	60	54	1	26	72	19	1	62	62	34	62	44	98	86	4	62	89	38	99	18	100	79	7	38	26	57	99	62	69	24	73	95	52	7	50	59	
10	85	18	94	41	80	1	51	9	22	3	63	87	98	34	41	49	38	82	72	63	2	6	-1	69	19	70	89	63	17	31	17	63	66	52	67	52	75	95	51	92	28	69	26	85	94	9	21	65	39	83	23	63	4	37	43	6	93	39	43	59	80	12	77	17	37	52	12	99	32	100	50	8	59	38	31	1	18	85	28	22	12	25	44	56	48	23	62	54	88	71	1	87	92	49	53	2	34	82	91	
87	12	27	90	78	19	39	19	74	23	13	70	79	48	76	66	46	55	30	63	96	7	11	30	-1	38	1	22	24	45	9	36	6	30	72	56	85	91	71	79	90	26	6	1	20	81	41	84	45	26	49	51	69	89	2	97	97	29	83	100	87	72	63	11	67	93	99	88	65	42	52	66	83	1	58	6	70	79	61	92	41	8	83	91	90	1	34	71	11	67	75	93	62	91	39	32	16	39	9	1	
84	100	81	4	4	36	28	30	32	66	91	42	49	63	32	36	52	35	10	3	12	49	44	30	85	-1	79	25	57	1	14	11	57	80	8	18	33	31	91	94	94	34	73	28	78	2	20	40	24	72	40	14	99	79	98	15	91	48	92	90	48	8	58	76	34	9	83	39	89	45	13	34	2	28	73	74	6	68	62	40	41	49	3	43	93	62	91	42	37	26	53	9	60	88	36	4	26	85	85	29	
8	62	46	16	39	17	81	83	67	19	2	31	21	9	85	36	23	79	100	11	74	52	31	74	48	32	-1	72	24	76	38	9	51	59	70	56	34	3	26	50	15	65	31	3	69	47	54	22	81	88	51	16	98	95	75	1	86	2	33	73	55	39	54	28	14	8	25	61	50	12	31	76	45	41	47	58	75	86	50	20	75	24	70	91	41	9	96	44	56	9	87	12	49	93	67	89	68	56	18	77	
16	96	96	94	89	61	85	15	63	52	7	34	92	95	64	34	10	39	42	83	8	21	62	48	87	57	70	-1	13	79	68	14	73	46	5	68	13	11	30	91	45	76	76	25	86	87	65	65	9	33	20	20	47	46	58	25	98	72	71	38	27	59	74	77	76	18	34	53	52	20	49	90	77	51	70	62	5	57	66	4	40	64	42	93	76	83	36	50	70	40	55	37	64	90	72	79	72	36	94	37	
32	67	84	70	98	22	30	20	98	12	94	54	37	93	8	10	77	42	7	11	63	87	45	81	36	42	20	24	-1	2	30	47	65	20	84	37	26	53	80	32	29	78	7	41	55	43	63	70	75	71	64	83	21	97	38	93	75	22	91	52	19	64	62	4	65	21	47	71	87	73	50	4	67	96	6	71	83	48	83	96	8	17	92	17	95	21	80	67	7	14	55	23	77	18	23	21	85	47	41	82	
22	87	10	87	98	81	22	8	86	4	56	34	16	80	22	83	51	71	25	83	21	78	72	93	46	7	94	74	60	-1	85	34	1	33	74	10	71	44	33	10	13	79	88	46	52	65	35	22	98	12	42	50	6	45	47	17	22	78	72	53	87	11	96	100	90	93	43	22	29	44	27	71	40	16	68	13	30	33	95	45	71	33	51	90	50	94	4	47	97	61	41	43	64	14	79	29	44	9	22	45	
86	53	11	15	47	51	31	42	64	89	16	82	12	43	41	46	13	37	99	97	76	50	65	61	61	97	79	52	87	31	-1	66	75	76	88	42	32	56	13	62	84	2	53	93	5	99	6	45	76	5	30	92	11	15	43	20	5	83	72	43	82	79	37	88	36	89	77	84	26	21	61	29	48	36	100	94	31	38	89	19	34	56	81	52	13	64	66	76	34	12	75	28	5	44	16	87	81	91	40	40	
7	28	29	62	72	47	24	65	23	71	30	78	72	8	50	51	72	44	56	86	64	85	93	65	59	7	88	92	56	68	12	-1	55	33	31	51	48	90	57	39	87	85	69	67	27	64	55	52	72	35	75	48	69	44	87	31	91	88	86	13	18	4	55	55	49	7	13	100	97	62	76	10	55	69	40	45	93	52	36	56	3	27	5	16	94	49	48	17	18	47	6	50	74	26	31	43	45	10	90	16	
10	10	62	25	30	72	83	76	97	35	42	15	10	82	87	2	60	47	86	31	97	72	20	64	56	88	30	9	11	33	46	79	-1	10	20	53	24	55	2	72	44	14	10	15	34	59	50	31	88	85	7	64	72	89	43	46	91	19	81	99	1	56	80	29	1	82	4	71	98	8	73	42	100	13	64	6	44	62	91	23	52	13	84	93	94	93	85	70	35	44	62	66	58	92	99	51	65	29	32	22	
28	9	87	25	34	17	17	55	56	72	39	73	50	81	2	71	35	18	33	6	68	34	10	11	2	42	51	60	28	16	78	57	47	-1	88	51	89	72	75	49	14	69	12	12	95	36	45	42	41	20	43	35	8	70	14	37	94	43	35	71	32	46	30	1	12	4	78	49	67	75	27	33	83	72	51	37	32	36	56	82	63	97	93	84	87	84	71	47	91	10	6	12	79	47	48	94	71	74	21	50	
53	75	68	72	83	69	61	51	27	12	19	61	45	62	96	82	58	31	78	9	94	87	100	64	77	91	74	44	2	16	1	93	80	7	-1	19	99	44	20	21	5	58	62	65	44	47	66	87	12	35	27	3	82	12	9	69	1	35	13	99	63	53	5	10	35	45	77	23	68	83	4	88	91	96	19	83	61	73	50	79	99	61	64	33	91	31	66	36	75	59	51	39	27	88	42	75	6	6	23	85	
37	97	87	89	86	85	54	17	35	47	38	55	17	16	34	16	18	61	64	33	13	23	7	36	9	87	43	4	52	24	58	92	54	32	87	-1	61	36	61	45	70	50	73	6	8	81	8	32	89	9	20	68	34	87	65	94	20	72	14	80	74	93	28	30	65	25	17	41	48	8	96	98	66	87	39	54	69	52	13	91	48	40	77	90	52	17	23	87	11	77	14	77	5	63	73	22	75	92	97	77	
97	39	62	30	58	85	14	30	79	68	71	48	44	45	89	2	74	31	99	72	58	78	77	77	24	8	82	20	88	19	67	71	68	15	27	57	-1	86	13	48	73	17	16	90	72	54	86	87	88	30	70	31	31	28	25	16	45	32	15	13	50	89	100	98	54	58	67	28	99	49	1	43	72	40	21	43	6	78	90	54	91	52	90	18	53	82	98	56	98	68	89	89	69	92	93	20	43	75	35	63	
11	68	43	13	71	40	25	64	29	7	10	92	4	17	49	28	98	4	99	35	69	17	73	94	41	1	46	72	78	30	8	65	55	23	91	60	66	-1	20	79	26	20	53	61	80	43	44	93	93	26	69	98	79	85	34	91	84	34	39	5	74	47	44	81	35	93	17	91	94	40	57	47	66	32	89	83	50	72	55	73	77	1	42	91	91	89	48	80	75	47	59	44	34	62	45	30	67	90	10	57	
49	31	34	70	82	85	47	49	14	14	47	58	44	90	46	32	58	40	63	18	19	90	69	30	36	50	100	76	95	50	55	56	100	25	76	67	44	71	-1	10	89	68	7	27	18	90	98	62	75	18	23	90	32	100	1	100	60	52	65	17	86	77	76	60	57	43	99	46	2	83	81	91	34	20	13	4	48	43	97	26	99	90	74	82	59	98	29	40	24	34	41	13	68	11	46	24	19	53	17	17	
84	30	81	89	1	66	9	69	41	31	67	65	81	74	13	30	45	29	86	38	76	14	35	80	79	20	2	4	30	56	91	69	99	51	69	97	44	46	95	-1	80	11	78	84	31	20	86	83	67	17	41	91	62	64	44	55	45	50	100	29	79	75	95	24	21	82	41	50	31	38	85	59	37	81	13	67	69	16	26	46	100	47	11	2	75	95	21	96	49	93	39	75	90	64	58	5	34	6	96	96	
62	91	89	36	49	15	90	1	11	61	74	16	78	16	49	5	26	73	27	44	67	32	29	64	29	71	86	42	75	61	8	82	54	4	47	87	100	94	67	11	-1	12	8	62	94	21	51	69	97	27	30	23	97	56	100	58	51	83	32	65	27	53	46	5	90	96	72	64	93	9	73	98	86	89	40	34	36	24	24	77	42	41	59	58	12	39	76	82	65	60	74	32	44	51	6	79	66	100	19	26	
47	77	20	5	57	45	2	87	13	91	20	83	40	60	15	58	97	85	17	53	71	29	89	7	25	58	96	54	31	65	98	35	4	71	16	74	55	77	60	95	55	-1	31	98	94	62	65	46	33	79	34	26	59	98	14	29	91	57	5	84	86	5	20	88	10	35	72	84	23	83	5	20	19	40	96	66	81	13	60	65	42	8	1	15	84	53	30	75	2	49	29	14	32	48	81	97	82	63	63	60	
39	78	4	6	36	37	78	9	50	5	40	42	60	82	43	76	13	43	14	34	6	25	42	11	46	19	55	62	37	65	5	24	70	16	74	8	32	98	71	21	40	50	-1	58	80	77	90	87	78	28	75	97	10	17	33	63	10	13	20	6	14	70	41	98	37	100	41	77	44	17	63	86	45	19	32	57	72	100	40	6	36	10	30	100	36	33	4	53	55	22	81	55	13	65	7	81	67	41	32	26	
94	46	91	1	30	55	35	6	76	17	24	75	42	8	92	99	71	1	28	75	7	55	75	18	79	14	31	35	96	9	11	60	28	86	95	68	42	16	82	60	43	64	89	-1	47	69	100	77	61	67	48	7	6	33	30	41	62	61	65	72	51	50	16	60	8	84	95	76	53	88	70	66	36	86	61	69	14	96	68	9	47	8	52	2	93	49	97	93	16	2	78	39	22	100	6	40	61	25	72	16	
85	57	13	15	6	80	76	50	75	83	87	11	4	39	8	25	93	80	70	41	95	75	61	28	51	62	23	43	61	8	69	55	10	43	45	61	33	93	61	37	71	39	32	48	-1	73	32	56	8	34	61	96	71	76	46	74	55	51	65	11	65	76	52	18	87	76	92	31	71	70	89	49	89	81	43	17	16	17	17	56	34	51	76	23	1	59	78	26	24	37	12	79	73	100	73	71	86	43	92	61	
19	96	29	54	88	93	91	13	51	93	60	12	76	25	85	27	19	31	24	3	54	34	56	65	4	14	79	56	21	38	5	69	11	12	64	41	64	37	55	60	89	76	16	48	58	-1	3	25	20	55	72	70	46	91	10	23	11	62	28	7	21	40	1	77	77	24	9	10	91	71	15	20	66	6	71	69	68	60	14	47	46	36	24	63	44	61	36	55	87	91	70	56	95	83	77	32	15	74	72	44	
30	43	35	49	67	45	70	32	61	10	21	44	45	93	76	7	31	13	25	35	67	71	32	86	24	6	86	100	5	77	73	37	72	8	50	83	35	87	88	12	25	28	65	23	25	31	-1	19	75	29	46	32	60	18	82	89	86	33	20	87	27	5	52	43	21	75	44	84	5	38	48	70	46	49	81	93	32	94	86	58	94	69	86	18	5	75	75	45	71	99	55	49	5	38	24	70	57	17	49	100	
11	45	48	11	28	34	62	26	35	56	1	28	88	70	3	18	54	76	7	29	54	80	29	79	64	91	54	100	68	89	73	39	45	90	78	68	88	58	47	92	73	52	54	87	13	98	95	-1	9	72	84	2	89	5	18	42	26	86	54	3	34	38	63	86	12	60	6	64	20	42	91	32	94	29	48	59	15	82	100	40	7	34	35	88	68	26	67	20	45	94	78	38	35	11	95	81	8	51	58	36	
36	72	44	32	73	35	82	1	17	38	8	70	35	60	57	96	99	12	1	6	33	25	83	62	17	28	25	65	86	30	76	91	12	56	48	21	48	96	20	68	25	86	66	43	58	14	82	60	-1	1	88	39	95	94	26	85	46	56	24	5	4	83	82	26	32	99	97	81	49	8	67	100	16	22	57	38	29	15	41	38	50	91	5	84	68	39	85	100	99	17	28	39	80	39	42	67	33	70	96	38	
29	52	44	16	73	21	11	100	90	51	28	21	75	72	43	90	97	53	42	12	1	56	99	11	62	37	50	26	69	60	44	95	89	53	4	38	34	21	36	44	36	53	8	59	43	37	43	24	2	-1	27	78	2	100	52	53	57	42	1	62	33	83	26	97	44	77	55	34	93	68	15	85	14	36	14	91	77	33	74	40	34	58	30	52	48	48	41	74	25	60	28	47	79	24	79	7	93	60	45	30	
45	11	19	33	99	73	2	99	33	99	90	34	88	27	1	68	31	64	21	3	15	80	90	49	20	44	92	51	66	95	51	4	21	35	72	21	73	89	92	100	84	23	18	49	66	91	53	75	96	9	-1	5	43	40	49	31	54	16	30	60	36	67	22	75	45	51	84	70	15	25	74	32	4	23	62	49	6	64	83	10	100	17	75	8	26	30	4	37	32	87	8	68	63	52	37	90	16	94	69	3	
13	60	73	79	69	68	44	64	20	31	59	99	83	40	26	92	13	99	33	35	62	89	36	60	95	57	20	47	66	75	39	12	71	96	86	97	31	41	29	2	35	25	58	56	5	3	98	13	91	5	44	-1	59	1	74	79	3	88	3	71	68	46	52	14	36	7	3	29	89	32	97	48	24	56	91	42	58	29	16	26	88	8	62	65	49	83	98	37	54	62	24	77	49	60	46	82	32	3	99	41	
100	34	19	7	17	82	22	25	57	95	18	84	21	45	93	11	55	22	9	14	60	66	70	79	31	84	49	35	19	98	18	48	82	5	61	40	90	74	92	72	8	20	13	82	7	37	5	48	30	78	28	50	-1	62	39	39	69	90	43	81	1	35	65	75	24	62	23	70	24	47	22	59	3	80	67	5	33	31	20	24	98	73	86	1	20	55	17	49	63	77	40	95	43	80	99	2	2	36	82	30	
3	75	76	29	94	77	76	97	52	4	23	57	1	85	26	45	5	92	69	62	24	21	51	77	30	76	28	47	98	49	85	89	24	27	15	92	100	78	99	59	61	27	100	56	51	45	90	41	53	85	50	92	74	-1	53	5	13	34	100	5	70	15	81	49	27	73	38	80	83	70	71	1	90	46	24	74	25	95	39	51	67	84	1	84	2	51	50	1	17	27	90	44	19	79	19	96	24	68	9	6	
22	37	17	89	59	100	10	86	20	32	23	23	5	85	32	51	100	80	23	55	75	52	74	60	86	96	60	69	56	34	24	21	12	19	84	52	96	87	89	14	5	15	98	33	30	50	28	32	13	41	97	92	34	27	-1	36	86	47	99	7	45	3	31	62	86	71	52	83	16	98	71	26	25	68	84	4	86	54	5	94	62	19	66	68	83	6	30	82	92	62	68	69	90	74	22	59	83	66	98	27	
64	29	52	9	51	74	99	88	100	16	51	97	10	41	38	3	76	6	18	47	5	39	74	66	39	75	9	72	99	77	67	76	45	54	69	81	85	37	3	39	34	94	88	55	3	19	30	82	63	80	11	53	81	67	71	-1	21	44	15	58	21	3	4	24	93	93	31	31	43	78	90	98	16	61	59	88	12	65	10	66	23	85	3	36	81	73	16	69	98	34	35	10	9	37	60	21	82	19	22	14	
54	47	78	34	24	100	19	22	41	80	48	26	15	89	87	91	66	24	44	97	75	48	5	41	37	64	7	94	56	43	85	66	99	34	31	84	39	79	10	72	66	29	58	38	61	4	72	6	72	42	85	35	93	70	63	31	-1	24	12	90	35	35	2	46	71	82	77	59	4	44	38	72	48	38	83	72	54	99	69	66	50	17	96	93	19	43	65	80	91	83	2	70	87	10	70	95	48	2	44	56	
42	31	30	38	35	98	46	79	77	41	100	10	95	11	17	34	69	18	72	55	79	86	49	21	48	18	6	54	91	80	93	32	25	97	50	78	52	9	83	9	32	76	93	10	49	86	61	26	60	89	43	94	45	24	33	36	100	-1	66	11	46	22	95	82	10	74	50	75	57	25	96	85	80	27	100	89	67	91	67	17	36	53	62	10	60	82	13	59	56	47	35	63	91	38	48	26	66	25	1	55	
12	44	2	4	90	26	80	39	90	35	70	64	44	96	21	82	21	18	99	94	4	47	48	21	9	74	34	6	19	2	3	24	5	74	100	89	53	12	61	7	9	99	30	46	14	21	60	78	73	84	43	34	83	7	2	86	84	32	-1	70	93	43	49	52	58	33	79	50	83	100	23	58	66	30	4	11	99	26	15	72	63	80	14	4	36	83	58	1	5	68	50	63	91	93	29	14	7	29	95	3	
58	6	45	96	3	51	73	35	24	8	20	31	80	6	46	27	51	7	81	88	2	77	38	46	60	69	92	68	41	20	62	99	11	69	55	6	14	38	100	43	80	36	26	17	85	11	85	83	59	39	12	16	49	95	74	7	93	60	40	-1	60	68	65	55	39	37	64	81	93	44	58	83	38	56	38	82	14	74	23	11	34	37	47	7	76	59	66	38	93	9	28	30	47	42	94	52	15	92	83	7	
37	44	38	87	10	35	22	20	84	28	35	67	64	83	15	73	69	59	7	52	41	89	94	6	28	65	98	67	71	92	34	100	25	46	76	84	75	61	12	92	62	66	5	39	83	100	7	8	2	53	28	34	78	7	54	27	72	80	1	84	-1	45	82	73	13	17	63	35	78	74	74	49	69	54	24	90	77	56	9	39	90	88	90	42	78	57	1	57	11	26	12	27	93	68	69	8	58	47	13	75	
13	3	43	19	12	77	47	15	6	41	68	7	88	50	97	58	10	85	3	65	60	75	92	64	85	90	22	91	59	24	31	88	100	49	95	96	98	86	90	98	86	54	56	91	90	50	46	18	26	95	71	60	27	46	68	36	19	88	67	27	32	-1	31	26	34	25	25	22	98	93	46	89	97	9	31	17	19	3	21	54	32	96	47	63	32	56	40	28	27	92	61	31	34	45	58	56	37	2	30	9	
63	81	60	57	31	10	35	24	68	89	77	16	7	23	84	59	27	6	29	77	25	40	69	99	49	17	33	20	85	88	61	35	5	68	73	17	51	23	86	8	96	58	34	4	46	78	46	69	3	95	64	26	82	63	26	17	21	21	29	30	71	42	-1	97	76	62	76	4	5	43	86	93	97	13	47	83	3	59	6	94	35	70	53	66	67	15	36	70	28	48	85	58	11	45	26	83	68	13	50	78	
70	22	8	24	16	41	76	89	76	45	55	84	56	83	69	98	37	6	37	97	68	16	89	71	62	64	70	47	76	26	54	63	35	72	32	38	80	22	49	60	63	44	5	55	61	50	19	97	51	36	76	28	70	52	64	61	99	45	75	12	60	45	40	-1	30	4	73	8	84	1	10	93	39	16	56	43	44	5	23	27	6	66	22	2	6	56	35	32	95	79	74	45	90	6	34	76	63	25	73	18	
65	88	75	21	82	100	49	58	75	8	74	40	78	20	75	3	68	53	31	31	14	37	1	56	87	96	5	53	84	27	84	84	14	8	72	66	82	54	23	43	95	83	23	60	73	95	74	66	70	6	15	86	33	21	41	16	92	41	18	80	86	77	18	96	-1	50	57	1	46	43	35	10	92	76	36	38	37	54	86	65	85	63	93	79	77	73	24	9	72	60	13	49	53	8	28	19	78	86	28	14	
65	40	38	75	37	84	37	3	80	61	30	55	18	52	53	35	36	98	81	87	9	97	13	58	24	92	38	96	32	90	39	11	85	54	7	80	80	36	18	18	80	12	78	55	34	68	55	71	46	11	76	54	79	3	100	85	25	22	81	23	21	85	5	8	48	-1	45	62	22	59	78	70	32	83	24	22	39	65	100	90	95	80	88	2	22	38	67	99	87	47	59	41	9	80	92	67	1	19	7	36	
62	16	78	13	75	87	28	71	82	83	60	50	63	62	15	29	67	14	37	92	2	100	99	76	95	18	14	99	38	50	47	72	58	61	64	63	60	46	58	7	20	27	47	19	47	4	49	8	33	66	84	93	83	10	49	64	15	75	84	28	83	13	11	26	40	7	-1	47	61	84	98	58	61	61	78	57	78	31	70	57	32	96	95	1	10	71	94	90	21	79	99	89	18	44	64	84	99	62	73	71	
14	58	31	45	38	73	80	40	98	88	76	45	7	96	37	75	9	81	84	41	9	86	37	10	90	86	78	93	2	18	45	65	54	73	27	11	92	61	85	1	51	68	61	93	52	73	64	47	56	48	3	31	70	39	74	82	91	47	57	39	23	63	13	85	42	75	17	-1	87	18	91	45	43	66	37	46	90	27	99	16	52	43	58	60	95	24	40	99	66	69	89	47	29	30	17	70	10	32	19	16	
77	24	32	52	83	34	45	11	96	73	47	72	15	20	74	48	42	65	88	70	78	61	82	20	12	4	35	80	41	11	12	29	63	31	49	97	4	43	58	16	14	9	19	14	48	37	80	13	24	71	51	15	93	34	20	98	11	37	71	43	37	20	80	48	31	2	8	9	-1	8	74	22	80	21	63	85	24	58	69	3	55	96	29	25	64	12	52	38	92	55	59	76	26	19	37	58	48	9	13	7	
56	23	38	35	37	32	44	11	59	5	89	93	64	23	36	6	19	54	72	91	61	16	56	2	3	58	93	2	27	30	53	40	6	66	3	8	77	72	39	99	75	47	60	9	78	76	34	26	49	36	77	17	26	37	83	29	16	87	21	80	67	37	53	5	63	13	70	69	9	-1	72	76	47	31	89	42	64	23	36	82	45	31	26	15	67	51	71	76	10	10	30	76	44	73	48	89	28	38	63	34	
25	61	5	100	89	93	70	59	48	13	54	73	23	70	87	94	41	28	9	20	23	1	98	78	95	33	16	50	3	8	73	15	6	17	51	30	88	27	12	60	38	81	59	89	21	17	35	83	91	64	84	38	49	4	28	7	83	23	75	3	57	21	90	29	51	76	93	98	72	2	-1	31	56	58	10	82	17	97	54	15	13	81	21	71	3	1	45	15	40	5	39	61	92	46	29	19	25	16	27	95	
81	5	58	100	87	49	42	68	57	40	67	59	77	59	81	83	61	89	46	44	80	77	28	53	73	94	20	20	6	42	46	91	66	79	70	51	54	29	35	65	90	75	10	90	62	21	9	7	74	90	68	90	91	96	95	4	47	57	17	80	41	15	93	22	21	54	20	71	52	7	66	-1	96	3	56	12	25	48	15	97	9	50	81	75	54	2	72	60	74	93	23	82	75	92	72	16	71	54	90	86	
69	73	68	35	90	64	73	32	99	47	2	48	22	67	37	34	24	64	3	31	62	68	12	45	38	85	33	15	28	58	43	25	16	34	46	94	50	22	9	72	77	32	24	92	56	91	97	83	15	29	96	4	8	75	44	39	61	4	35	77	21	64	5	89	5	50	95	78	57	32	51	98	-1	11	66	42	43	63	93	35	28	99	42	10	58	98	58	3	68	59	95	24	75	91	52	96	70	51	61	14	
81	95	98	85	83	76	45	97	98	34	26	22	46	38	6	55	31	17	77	10	3	37	36	2	37	82	79	41	63	63	72	51	45	23	32	26	67	8	26	79	81	34	49	62	17	49	89	54	5	63	69	75	57	91	63	51	43	45	12	54	65	5	46	5	35	73	27	58	30	33	24	62	96	-1	35	6	91	89	79	19	79	25	40	13	52	43	8	38	1	92	73	32	60	81	32	75	58	35	22	54	
93	52	96	19	1	2	52	14	13	81	58	89	86	82	92	69	19	7	64	91	31	70	1	29	40	76	57	15	37	80	82	94	47	48	40	20	99	12	69	3	92	19	46	14	43	58	2	42	90	69	96	42	4	15	2	41	13	29	15	47	22	96	76	6	64	75	27	26	10	27	83	84	64	25	-1	92	75	6	51	62	47	75	19	28	37	98	88	23	79	94	47	35	82	73	57	65	62	24	57	9	
33	37	97	62	74	93	28	68	79	75	82	41	76	56	15	75	90	4	1	21	40	65	45	100	25	35	28	20	10	3	18	67	1	28	62	81	39	11	28	69	62	34	23	11	70	72	19	46	40	34	18	60	23	73	40	19	43	62	89	50	11	46	58	1	83	87	80	57	22	14	24	83	56	51	34	-1	51	75	35	29	68	52	76	58	7	44	98	84	91	96	31	79	75	40	91	40	38	26	26	61	
13	75	99	58	88	18	38	26	50	90	84	46	66	20	38	58	6	100	83	1	73	40	98	52	18	77	15	70	26	71	77	38	14	67	24	100	85	3	64	33	71	84	61	73	83	71	44	78	11	58	42	51	45	28	36	82	43	19	23	18	75	25	56	63	64	73	87	31	1	91	39	5	15	43	37	20	-1	89	86	62	94	11	2	50	93	42	39	31	66	59	5	21	93	78	16	56	40	42	81	78	
63	82	27	25	83	26	30	52	97	41	79	49	38	41	60	15	97	29	45	89	20	46	87	47	10	62	72	23	25	1	28	55	47	72	14	68	23	55	18	75	17	25	57	71	94	39	73	46	29	89	15	92	76	24	62	36	15	69	50	50	61	68	21	77	5	32	52	94	37	90	57	8	32	49	24	49	97	-1	85	56	49	62	67	48	78	58	87	69	91	62	35	65	14	82	76	52	63	59	86	70	
46	88	32	14	20	94	44	41	16	40	100	38	61	35	94	32	30	37	38	60	46	4	89	61	5	2	100	22	39	34	45	55	47	29	21	94	79	58	31	3	86	99	48	25	90	98	95	24	12	42	51	36	36	1	15	11	65	25	89	9	56	62	78	91	39	64	100	51	18	54	57	26	61	2	28	71	37	61	-1	18	34	71	89	78	36	25	45	20	82	16	73	66	40	2	43	44	91	45	49	58	
16	35	8	59	63	52	100	85	72	72	77	2	77	9	42	76	12	45	4	37	70	32	25	60	80	29	77	96	93	69	28	22	65	60	21	97	53	22	31	2	66	29	66	76	18	1	57	9	32	60	41	53	32	32	40	75	79	53	71	74	36	31	64	93	19	23	29	90	68	53	13	36	43	42	20	59	27	11	5	-1	48	5	66	29	85	19	83	3	22	60	58	34	9	77	35	75	15	77	22	35	
47	41	36	59	86	99	45	30	28	95	15	47	74	18	23	76	100	11	43	82	86	28	92	78	57	46	65	63	35	47	47	17	31	98	15	29	89	8	69	30	18	79	74	63	38	72	59	90	95	84	75	33	26	61	71	19	31	58	89	17	10	53	28	53	35	30	82	39	93	92	9	18	22	93	62	17	1	73	35	19	-1	54	39	31	63	75	89	8	72	35	97	24	13	39	60	56	56	70	86	45	
56	17	50	63	63	19	51	4	65	99	83	41	78	20	75	43	2	40	48	81	63	64	36	68	14	59	48	23	46	77	44	28	37	21	91	94	5	18	25	72	42	71	98	35	88	26	85	59	96	2	20	36	46	3	46	34	2	13	71	85	43	15	11	3	22	7	70	94	87	83	81	55	10	66	64	39	6	63	20	75	14	-1	16	99	15	50	59	60	55	79	58	31	98	38	5	87	90	39	16	19	
23	23	33	85	59	79	75	71	43	21	44	64	4	44	11	57	96	39	33	36	41	66	49	39	50	24	23	69	61	36	99	50	41	27	81	25	2	14	94	23	33	64	8	93	40	25	23	44	17	13	81	28	86	71	23	19	61	2	68	16	69	13	78	20	4	84	94	19	54	98	61	94	99	34	84	12	28	55	27	22	88	43	-1	18	56	68	57	88	8	19	34	65	45	12	57	49	60	37	82	33	
81	33	41	54	46	55	66	91	56	61	76	76	31	48	70	49	26	13	38	23	17	41	92	29	2	11	41	17	51	94	49	14	55	6	29	89	46	23	97	7	49	45	57	93	53	68	34	1	80	28	80	85	7	77	50	65	97	31	61	94	15	64	76	43	75	20	7	95	43	50	3	65	16	6	86	79	86	86	19	27	17	37	72	-1	37	44	44	50	36	2	87	93	99	54	100	65	55	39	77	7	
72	28	88	28	91	8	50	67	70	37	5	5	38	34	79	54	84	78	91	5	63	11	42	72	57	16	20	14	68	74	88	13	59	37	49	20	65	69	31	27	81	59	93	12	67	86	76	86	33	69	96	99	90	86	78	52	3	23	78	28	63	33	17	61	4	19	81	30	62	8	20	12	32	47	18	95	5	57	99	15	73	51	77	16	-1	84	14	54	3	10	45	88	47	43	99	8	6	29	100	96	
43	11	24	5	88	84	77	12	47	69	63	100	7	60	42	8	44	70	80	81	86	93	66	36	82	69	48	21	93	63	18	74	19	32	49	53	8	73	69	76	96	63	9	48	16	61	2	3	10	31	23	89	45	41	40	100	46	24	20	68	86	77	57	92	18	4	7	82	7	74	88	72	74	50	66	61	47	16	69	5	7	7	19	17	80	-1	18	73	30	92	17	80	6	65	13	76	56	68	27	51	
59	15	36	9	65	17	19	31	36	27	39	93	54	4	96	1	25	6	91	48	37	2	48	91	9	34	55	47	11	36	62	28	100	74	50	20	83	28	77	62	25	34	51	1	93	30	84	95	17	32	72	90	1	68	72	73	34	48	28	54	98	59	93	15	1	49	13	54	23	16	29	45	57	34	47	34	96	28	83	60	18	14	47	70	98	16	-1	1	15	54	17	100	94	55	9	23	15	79	92	65	
54	7	25	66	32	78	13	97	75	2	69	98	13	30	96	37	40	72	41	76	92	87	67	74	70	88	62	21	60	60	75	49	76	33	35	5	29	86	41	77	52	15	64	53	32	42	10	13	24	99	10	57	13	7	15	99	70	67	30	6	42	89	86	86	53	23	30	86	42	23	78	36	41	40	94	31	60	90	40	45	31	51	56	63	12	96	29	-1	94	55	30	29	23	18	95	36	35	96	67	65	
72	39	19	34	2	59	11	43	41	65	91	89	81	44	4	87	3	55	92	28	88	100	12	42	44	3	52	91	64	29	56	62	83	10	12	8	2	37	65	63	14	44	79	46	74	24	95	74	77	97	10	89	16	89	80	94	28	9	85	65	15	85	78	15	68	81	96	83	12	16	34	45	7	56	4	23	88	45	62	67	76	27	81	73	55	22	36	41	-1	92	9	3	63	2	79	53	53	95	67	78	
96	10	82	19	83	63	21	64	84	22	93	42	44	80	92	55	26	53	72	11	11	11	2	29	40	13	99	100	75	23	81	14	39	49	33	18	3	87	52	73	8	89	64	40	90	30	100	63	80	69	94	69	35	17	52	98	42	81	81	5	19	69	30	8	55	60	45	29	74	75	28	62	69	36	64	86	93	86	92	17	93	100	53	42	47	100	48	68	27	-1	42	74	88	55	77	14	48	74	73	4	
14	32	42	17	74	53	56	15	50	77	3	62	45	67	17	92	58	85	6	9	6	48	7	1	95	60	42	98	2	46	32	44	3	12	64	87	71	37	12	81	31	34	58	40	59	64	33	63	45	22	39	47	100	5	92	67	43	46	20	36	90	8	86	8	23	60	75	99	96	17	45	100	60	95	50	82	83	98	67	34	32	2	60	38	82	54	27	50	12	61	-1	61	86	80	48	27	17	1	86	96	
41	9	73	67	98	35	29	40	3	94	66	48	50	9	5	21	19	3	2	42	13	18	57	30	24	20	42	18	38	95	71	78	95	82	8	29	70	51	36	76	47	82	87	75	98	37	46	65	85	62	47	77	25	38	21	93	29	43	54	28	15	64	67	87	7	7	75	27	61	72	56	29	54	20	3	25	46	73	46	24	65	40	35	49	68	50	10	98	1	63	31	-1	72	73	32	61	55	84	56	86	
95	26	90	1	99	61	65	36	78	71	71	93	24	10	34	35	9	5	32	88	57	40	10	42	67	43	87	79	99	94	17	65	74	61	65	14	71	59	19	99	57	32	57	15	10	36	56	99	22	4	26	51	33	7	62	43	41	5	17	47	31	66	27	60	83	14	89	44	93	76	4	92	27	29	13	72	89	19	2	70	24	86	6	99	18	89	81	42	93	15	10	62	-1	82	91	4	7	8	74	54	
12	96	29	54	31	91	75	65	63	55	100	81	74	58	41	46	35	25	2	77	67	31	78	50	92	45	54	17	25	81	40	48	71	77	65	55	87	26	93	28	26	28	10	19	93	73	48	20	1	26	23	44	97	4	73	26	5	67	69	51	87	39	25	63	48	84	24	6	54	19	87	21	95	85	9	58	24	96	52	99	39	84	58	53	70	68	56	84	77	21	78	4	21	-1	62	51	84	70	92	79	
90	6	63	38	26	47	62	22	56	23	24	87	87	62	84	42	31	36	18	32	77	15	2	85	58	39	33	56	33	100	29	93	73	8	90	37	62	94	14	32	51	30	65	24	20	53	1	68	16	72	91	80	86	100	31	52	12	8	13	84	28	75	20	90	34	12	7	20	73	47	58	83	33	68	62	84	66	98	72	94	63	37	67	28	89	80	51	9	9	14	1	25	87	31	-1	45	26	37	85	95	
35	43	28	33	52	72	87	71	62	61	19	52	71	8	45	93	13	4	75	32	7	79	95	74	85	28	76	71	50	58	53	77	11	48	87	68	37	55	49	53	34	37	9	58	48	7	94	97	50	5	41	63	99	69	12	43	44	65	53	95	73	93	58	82	51	68	17	86	5	50	75	44	52	26	96	30	28	92	5	80	99	74	1	30	92	35	9	33	24	48	76	64	32	18	97	-1	45	4	48	10	
96	77	9	36	51	49	92	12	27	83	48	18	46	65	18	52	37	26	21	86	72	67	92	95	23	93	25	18	43	64	94	61	2	75	96	26	91	68	100	25	74	77	9	93	42	31	81	58	16	1	51	26	31	52	73	31	36	86	87	25	96	69	51	8	27	46	63	87	55	61	44	6	78	35	88	6	25	25	35	55	53	46	97	2	18	40	7	4	94	67	62	5	27	39	92	49	-1	24	99	74	
52	72	29	53	64	44	44	86	92	22	20	23	79	95	84	51	70	87	2	34	9	41	19	87	35	100	100	55	93	64	36	41	5	50	15	88	76	95	52	81	68	2	66	83	37	76	100	49	78	27	86	66	8	19	54	51	43	24	58	82	48	12	60	60	50	32	75	39	55	48	36	34	6	8	61	87	43	24	5	79	54	41	57	79	99	53	48	24	45	79	1	7	26	23	92	11	79	-1	39	42	
32	20	11	35	58	98	25	77	37	75	89	7	10	82	99	49	45	19	62	2	92	41	84	55	36	42	10	26	87	35	62	27	26	89	47	45	80	88	45	65	38	50	76	42	92	33	49	16	72	72	55	78	22	19	68	62	36	82	77	73	62	16	37	86	40	88	76	31	7	7	63	57	90	87	20	75	94	64	12	54	32	34	35	71	29	54	99	41	42	68	15	81	30	36	6	88	100	43	-1	80	
12	65	8	20	25	61	12	74	29	65	19	16	34	98	48	56	30	83	39	20	57	88	57	8	55	97	68	15	44	57	15	24	40	29	59	95	26	52	15	21	92	4	94	96	76	36	32	34	73	31	22	47	85	73	77	33	30	53	99	88	14	31	40	39	59	19	52	41	87	25	62	27	45	22	4	96	8	19	100	74	75	1	71	5	77	29	59	54	98	37	75	54	30	42	17	7	78	75	63	-1	
