100
-1	53	52	46	83	20	31	85	87	66	39	80	41	72	5	41	6	26	66	84	5	94	20	68	22	53	41	6	87	100	64	17	24	100	10	45	14	53	86	72	97	64	56	54	78	15	98	79	98	45	26	2	17	66	46	84	25	92	6	39	27	87	46	81	82	90	92	16	61	34	78	74	11	86	55	4	73	12	78	59	8	11	15	11	36	42	23	4	52	59	94	25	79	56	83	19	42	38	6	22	
66	-1	62	68	37	25	73	44	32	88	98	1	41	84	75	97	40	6	81	24	28	91	12	52	13	27	86	59	99	60	69	77	22	7	62	43	20	19	69	80	33	93	66	20	33	90	98	51	11	74	35	55	72	17	84	8	45	89	13	22	69	44	46	36	74	66	77	56	95	96	29	59	2	54	64	42	60	46	48	29	53	22	49	11	36	60	82	98	70	51	67	49	30	57	73	95	5	60	16	14	
54	9	-1	45	91	37	43	31	76	60	23	100	35	55	36	55	85	36	66	88	39	65	75	65	43	60	17	96	10	3	44	71	61	70	2	54	98	97	74	31	88	22	15	34	78	7	41	8	63	32	72	54	90	8	19	50	100	92	54	1	82	24	44	29	29	29	35	96	47	10	89	18	76	19	32	44	17	31	93	25	63	72	30	77	23	73	79	20	17	3	61	48	90	24	50	66	15	68	56	55	
47	32	74	-1	37	28	37	7	55	52	13	56	9	61	85	47	61	23	70	25	99	45	87	78	2	91	23	95	15	10	7	97	18	88	24	11	59	30	10	23	74	96	43	61	57	60	13	53	81	17	5	60	36	36	90	64	75	20	5	47	68	98	83	13	85	72	40	89	6	64	25	54	78	40	4	78	89	28	49	58	22	45	85	23	67	99	3	5	10	89	59	74	40	96	42	45	25	43	37	99	
30	69	13	22	-1	54	52	79	77	80	93	34	99	75	23	14	59	55	41	65	31	100	58	99	83	36	43	54	85	50	24	67	39	72	50	60	72	92	80	22	35	31	76	94	28	5	84	95	12	53	62	70	31	40	64	42	84	52	43	65	13	47	51	87	71	95	70	61	68	60	85	80	59	1	28	67	17	52	100	34	34	36	23	89	13	99	86	37	23	75	29	73	96	40	36	47	64	57	89	64	
94	100	34	1	35	-1	6	29	8	93	27	89	98	8	5	82	78	69	56	84	98	49	81	92	25	88	31	72	1	54	35	28	65	86	89	76	65	9	84	19	88	2	86	49	87	60	20	58	5	46	96	63	71	14	7	52	48	91	26	26	95	49	99	69	76	67	53	38	52	7	33	99	93	10	90	87	69	12	28	60	58	46	43	70	34	41	77	62	56	34	41	14	83	61	45	23	57	82	20	24	
74	47	5	1	94	34	-1	7	91	77	29	33	34	5	51	64	65	1	88	6	29	72	61	97	60	44	33	21	27	52	91	58	82	40	94	45	79	39	81	12	58	5	6	100	79	98	38	99	89	47	17	3	61	8	72	57	37	57	86	37	15	85	14	78	9	60	7	57	23	64	45	22	99	18	81	17	27	2	30	61	88	80	93	63	22	52	50	59	25	72	36	92	82	65	83	32	76	43	56	32	
12	49	32	60	67	81	25	-1	59	71	31	9	6	61	8	84	75	9	12	100	44	82	32	43	8	84	46	22	77	31	30	7	18	23	26	79	91	60	52	77	63	30	86	37	62	9	39	26	83	45	44	15	98	50	49	63	66	38	37	6	13	39	91	69	93	90	75	34	87	24	92	50	52	53	44	4	31	54	45	62	90	15	20	4	81	76	31	27	37	91	23	64	79	39	36	18	50	15	93	1	
91	47	62	24	79	14	35	76	-1	24	23	98	69	56	29	93	34	57	89	54	100	81	83	74	44	88	47	99	30	80	58	90	40	91	27	85	82	16	55	5	81	23	57	66	60	30	98	65	20	32	59	58	18	52	83	44	14	27	96	18	56	29	6	59	26	49	46	84	46	26	39	44	97	20	74	21	52	88	23	53	65	89	41	20	53	92	86	100	61	25	25	96	13	97	75	45	57	94	23	85	
38	66	63	30	23	81	36	31	32	-1	61	66	94	94	46	92	42	45	1	52	25	26	17	18	32	58	81	9	38	15	5	95	7	19	11	46	22	6	75	55	97	91	70	54	2	51	32	90	29	42	4	2	53	6	80	76	60	81	97	17	80	5	96	41	38	85	34	8	24	87	53	14	49	20	63	7	43	32	50	50	86	87	13	15	63	47	62	38	47	42	52	30	25	82	87	17	30	36	26	26	
28	54	64	45	88	16	43	6	64	53	-1	76	36	79	69	3	99	55	13	54	24	57	75	47	76	47	24	79	92	3	39	4	7	37	87	39	56	79	79	34	93	60	17	28	57	14	40	66	94	73	94	88	34	54	78	69	15	33	25	72	48	41	68	11	19	73	45	44	36	48	9	25	75	45	45	60	64	53	24	60	33	13	96	2	45	66	57	67	32	50	2	13	76	28	33	12	58	72	49	55	
83	61	14	24	81	46	81	40	89	66	48	-1	58	7	19	13	41	8	89	18	8	39	88	23	18	77	76	11	95	49	52	100	89	8	45	1	94	41	39	53	5	41	15	10	31	73	83	55	60	60	16	69	57	42	78	44	49	69	37	50	7	11	46	19	34	64	91	83	28	42	16	77	2	38	34	76	69	45	13	91	85	7	41	28	98	47	4	40	3	75	55	69	17	93	38	85	89	53	61	40	
5	69	53	88	85	15	50	15	52	38	69	4	-1	48	75	21	74	6	17	66	73	55	35	11	58	88	33	28	93	91	86	10	24	30	33	70	39	11	81	91	67	57	89	24	36	26	64	81	62	82	45	44	89	19	30	47	71	37	5	29	90	19	52	30	23	30	6	43	7	18	90	53	75	80	68	96	77	3	84	11	13	49	49	2	25	15	55	9	5	39	41	3	13	26	18	77	28	26	24	92	
85	14	41	60	53	40	34	95	40	98	25	65	55	-1	88	15	53	1	8	14	71	56	95	63	32	50	4	96	71	33	94	16	53	88	15	47	40	47	50	47	3	89	44	23	65	15	2	51	91	24	98	24	43	91	61	97	74	77	20	10	100	100	1	73	47	83	75	63	49	78	77	24	26	76	76	24	97	59	24	27	25	56	64	80	32	16	52	91	7	86	82	29	84	66	36	79	40	89	93	89	
11	66	50	80	78	4	75	18	48	89	38	46	52	75	-1	55	22	41	69	36	55	58	60	39	100	8	31	82	51	17	15	7	37	15	71	16	55	29	35	24	40	66	10	87	65	42	82	62	35	12	59	46	95	98	33	47	48	86	2	12	28	79	53	62	64	47	20	52	53	62	7	16	7	70	30	39	78	21	65	86	45	80	2	34	78	89	91	1	7	71	24	53	14	73	83	41	5	96	78	54	
39	5	89	51	42	42	93	19	31	95	96	30	31	17	46	-1	7	33	34	43	38	95	12	10	62	74	94	73	72	40	47	14	77	73	42	29	4	81	97	47	43	7	54	34	43	74	23	42	2	83	21	48	70	68	87	6	47	35	92	74	57	94	18	30	33	5	33	30	88	40	15	43	50	43	1	93	77	40	66	48	75	80	22	88	47	64	78	100	43	17	62	91	34	2	27	34	28	21	26	18	
58	80	76	34	69	9	56	3	27	4	78	22	9	36	89	61	-1	28	33	96	14	75	69	11	52	51	44	89	4	87	64	45	99	11	4	57	12	88	68	18	85	62	19	27	25	40	28	90	20	47	35	52	39	94	70	37	1	65	49	83	18	61	38	34	6	82	61	68	69	18	13	77	10	57	47	9	25	70	55	9	5	9	40	24	38	37	56	79	70	71	84	95	61	60	12	53	87	16	46	54	
69	27	27	28	4	29	2	21	53	80	50	15	8	29	66	19	8	-1	71	95	29	10	75	65	68	53	80	77	74	10	96	31	87	11	8	26	23	45	33	36	93	83	52	4	86	77	28	40	13	17	81	16	95	94	50	52	14	50	46	94	90	66	48	32	12	33	45	18	58	30	2	47	51	89	18	37	55	7	1	3	78	36	14	74	98	47	82	50	77	12	6	9	35	28	37	78	31	5	77	8	
82	11	40	13	57	48	74	65	3	19	85	38	22	75	39	90	76	10	-1	31	42	33	66	95	4	35	60	1	76	18	72	69	95	89	60	26	90	69	8	99	97	24	85	87	73	81	8	48	6	82	18	29	89	26	14	10	19	24	10	24	78	11	77	77	72	56	33	12	44	45	53	33	72	96	29	60	16	27	84	92	32	20	86	46	98	28	54	34	88	88	46	89	45	12	38	11	25	79	41	28	
53	11	2	77	22	45	63	28	52	28	19	12	4	75	17	33	49	47	95	-1	12	77	61	88	61	19	92	5	42	40	67	14	35	41	54	12	83	7	49	18	22	12	20	33	71	84	13	4	76	74	55	76	75	10	61	11	40	19	83	99	96	61	10	2	48	42	29	11	30	52	31	43	15	4	4	18	94	98	84	55	4	14	57	11	84	73	87	76	1	42	52	48	26	58	18	42	77	34	26	95	
55	73	99	78	18	13	78	97	24	66	18	34	52	84	55	46	83	80	87	63	-1	96	30	65	76	71	1	46	57	46	8	28	96	49	12	40	79	20	38	75	35	34	2	65	57	28	48	19	66	47	74	25	40	14	70	89	51	96	86	97	89	20	69	23	18	65	47	28	90	48	88	92	64	84	84	88	59	18	83	83	91	36	60	13	27	87	95	84	36	60	67	61	36	35	60	27	64	10	77	50	
7	3	81	59	52	25	48	62	29	12	40	49	81	72	69	79	31	54	12	82	72	-1	40	66	73	11	34	41	56	79	49	99	74	13	29	19	38	6	97	60	53	79	74	15	15	60	97	61	35	9	60	9	44	99	7	26	21	86	37	48	95	7	38	3	20	45	5	45	24	68	70	14	100	69	77	53	47	59	79	92	73	45	56	54	96	25	58	24	68	81	70	98	54	96	56	44	89	27	23	48	
77	80	29	33	31	15	32	73	8	11	11	47	69	35	39	56	31	98	9	63	68	3	-1	98	14	50	65	8	99	95	67	49	91	20	95	93	34	18	16	29	39	94	88	8	1	79	99	77	38	41	1	3	71	53	18	96	36	59	36	53	14	39	92	16	22	47	61	96	27	21	97	57	63	33	94	75	94	12	76	41	68	19	88	40	44	1	36	10	45	30	31	44	56	34	88	75	30	81	66	34	
87	76	99	22	98	20	5	12	63	54	60	15	55	51	45	46	67	13	62	28	68	69	47	-1	24	25	10	21	8	13	78	1	60	79	39	79	96	79	81	68	2	67	11	93	57	58	95	1	31	23	97	80	47	77	54	80	90	82	81	80	75	22	26	96	18	69	15	24	31	15	44	32	94	98	69	40	60	77	69	83	3	21	85	33	3	89	91	98	2	46	37	41	77	74	77	77	71	80	54	29	
45	97	63	81	55	9	98	88	99	93	63	25	23	67	54	83	39	99	90	4	71	33	28	63	-1	90	43	20	81	48	96	57	85	41	89	95	71	78	79	48	75	83	29	28	93	10	27	26	40	72	47	90	71	69	24	40	96	93	40	37	75	60	66	45	29	53	39	64	62	78	16	53	23	31	53	80	60	9	29	47	73	93	50	27	76	26	86	19	6	10	57	81	69	48	65	48	25	94	72	23	
45	32	25	96	77	1	82	38	34	88	27	71	2	35	71	41	32	27	91	52	14	71	63	1	37	-1	75	29	48	49	15	19	26	22	36	1	9	69	61	38	16	27	70	7	40	99	69	50	99	22	51	63	15	96	10	73	11	92	26	23	76	37	76	28	26	59	13	72	36	15	52	28	97	19	4	49	40	91	76	7	39	33	28	63	60	76	7	79	92	18	81	6	11	72	79	92	8	25	8	90	
76	51	54	29	93	93	97	23	45	24	44	71	61	52	50	74	59	1	47	54	25	99	39	66	83	95	-1	29	78	54	64	56	40	7	68	90	39	52	38	78	67	6	96	32	85	63	72	2	9	64	41	21	9	89	91	92	20	3	98	9	34	14	83	54	97	57	43	21	25	51	78	34	44	91	60	77	2	78	21	20	43	11	78	63	40	27	53	58	10	95	93	73	21	71	64	85	34	100	5	51	
71	32	37	78	11	20	55	54	84	6	99	67	44	16	53	10	20	49	47	6	11	3	80	17	6	37	57	-1	90	18	61	3	22	6	8	83	78	87	25	39	12	78	7	74	31	8	47	25	12	64	98	3	39	20	51	74	46	73	59	83	68	41	84	72	21	1	51	43	25	88	54	90	74	69	14	49	58	32	53	8	57	32	82	21	7	99	47	16	36	14	15	62	44	27	90	3	38	73	38	58	
36	54	39	74	73	23	17	65	45	31	96	32	72	32	41	11	90	7	11	31	38	34	84	21	30	29	17	3	-1	6	16	39	1	86	58	28	41	45	83	46	2	23	89	57	51	94	81	47	76	57	93	83	28	45	84	74	58	29	58	22	1	28	4	28	9	4	31	81	27	37	73	59	40	38	51	33	35	67	74	72	27	68	3	15	38	20	25	93	3	38	54	6	13	88	57	75	33	13	34	78	
26	1	58	82	63	30	52	66	9	38	20	52	13	6	11	12	48	40	60	85	93	40	54	56	39	72	1	50	20	-1	58	85	80	80	99	16	37	22	64	92	18	84	67	2	59	82	11	89	56	57	17	9	55	64	48	53	39	66	42	46	56	21	43	38	61	55	28	6	82	11	96	100	64	94	88	84	57	22	17	63	48	58	38	32	73	28	25	43	5	72	30	43	93	25	27	69	15	97	99	93	
4	20	69	63	28	53	2	6	19	56	10	27	41	95	63	38	80	92	64	77	89	47	17	25	28	24	26	16	12	79	-1	25	91	91	46	88	33	17	34	23	25	39	78	38	69	62	64	66	10	13	41	45	37	3	40	83	99	27	78	86	81	46	56	65	55	95	56	44	55	89	93	75	68	18	50	38	35	26	13	52	12	38	91	7	66	10	18	19	17	89	18	68	28	20	38	13	58	36	20	22	
67	15	74	82	47	21	37	69	35	99	13	40	53	25	30	47	65	92	3	89	11	42	46	31	43	53	55	73	43	30	76	-1	30	40	47	40	79	47	11	75	85	40	24	85	51	84	8	82	16	4	44	34	67	94	18	64	52	48	51	88	23	70	29	65	99	35	89	8	74	35	47	3	91	83	60	73	88	69	53	7	27	74	42	34	30	17	10	81	38	54	33	73	48	43	13	35	85	46	93	15	
52	87	27	63	21	91	21	5	53	17	91	68	11	64	47	20	65	81	44	73	47	38	31	34	75	75	30	66	1	88	59	14	-1	37	92	10	33	67	52	30	97	26	83	85	66	29	56	65	56	66	29	49	20	67	35	29	42	1	93	61	10	19	77	72	52	56	49	19	62	8	19	95	16	60	31	33	5	96	96	21	29	65	17	81	5	40	41	27	63	37	33	52	54	98	90	94	56	50	70	16	
2	81	66	72	51	51	38	62	89	85	92	23	77	7	45	1	13	31	16	5	75	93	80	12	91	23	94	42	41	62	11	56	5	-1	82	36	70	11	30	58	68	62	60	74	60	26	40	26	27	36	98	49	27	47	25	93	54	81	37	58	45	8	13	5	27	30	30	62	39	53	42	26	75	3	40	76	34	21	51	15	85	98	89	87	73	35	30	44	52	20	73	4	81	81	95	99	53	70	33	42	
52	96	34	51	43	62	6	18	35	26	73	48	94	27	8	7	36	10	76	18	16	12	87	90	80	68	43	18	18	57	61	31	61	39	-1	63	23	96	21	57	86	61	61	41	70	73	91	86	47	94	2	6	74	17	56	94	31	85	29	29	60	79	91	35	81	3	1	61	41	58	72	22	62	34	29	36	71	44	89	39	73	40	89	73	52	30	30	31	4	19	79	70	76	82	8	74	9	24	91	63	
53	18	5	49	54	85	88	73	58	22	62	80	81	15	72	32	5	93	8	93	16	92	52	22	87	48	48	11	54	94	33	81	80	62	83	-1	13	96	30	16	81	72	91	82	9	25	9	71	84	60	9	3	1	99	95	70	80	31	94	54	81	20	59	43	37	25	11	69	10	54	68	10	92	43	34	29	85	23	64	94	100	25	82	98	30	50	100	38	81	23	66	39	2	40	17	53	20	68	86	64	
65	55	13	86	13	6	65	82	21	55	99	64	61	20	80	47	49	24	95	83	36	87	46	51	50	37	83	82	65	66	1	40	22	52	60	83	-1	25	42	99	95	92	27	85	63	87	74	71	4	13	73	16	55	30	96	80	78	94	35	48	35	13	22	78	37	84	60	89	23	51	46	81	18	27	73	44	89	5	30	55	63	7	77	19	84	55	97	14	40	94	82	94	72	79	84	96	98	80	23	92	
48	52	54	89	44	81	92	11	27	52	73	96	49	35	45	36	91	10	50	58	64	97	55	12	73	85	77	38	5	25	13	14	23	31	82	32	65	-1	63	73	2	16	67	2	95	97	28	44	19	48	36	95	90	43	12	94	78	2	59	4	50	72	96	31	45	96	33	91	22	12	77	71	17	82	3	25	78	42	71	39	68	15	12	81	85	9	34	97	16	42	6	81	47	88	25	4	26	3	41	88	
68	51	14	98	72	35	15	98	42	87	75	88	31	4	27	36	51	98	84	94	66	34	2	69	73	9	67	20	81	67	48	53	8	52	59	30	67	41	-1	36	86	84	42	77	13	73	46	76	98	60	14	10	8	84	3	98	70	4	26	2	100	15	29	18	19	83	20	83	40	78	18	2	100	94	49	68	62	40	62	96	21	88	64	11	55	74	58	55	71	52	69	71	87	50	85	58	57	98	31	19	
91	6	2	24	60	34	88	97	9	62	56	94	64	3	26	47	84	25	30	36	61	25	4	66	57	88	15	81	51	92	65	22	44	57	19	58	35	26	13	-1	40	60	81	52	23	36	77	46	3	34	71	38	14	50	63	100	38	43	15	91	74	98	32	69	37	85	28	11	30	36	64	75	24	83	27	62	7	87	78	9	87	42	97	17	5	53	74	61	100	44	65	97	66	73	24	97	99	100	28	44	
5	19	35	65	5	36	7	17	77	15	10	66	30	2	4	92	96	66	63	31	16	16	57	8	24	60	99	35	37	33	15	100	94	16	95	76	96	77	44	2	-1	38	96	6	43	53	76	74	39	79	98	68	17	45	48	55	53	93	24	25	76	35	54	63	48	42	44	63	4	33	89	16	53	37	48	32	98	4	16	73	22	28	64	58	73	99	87	74	44	89	39	1	80	32	1	26	79	76	59	61	
49	75	17	10	62	95	1	86	61	18	36	48	57	80	28	70	77	51	73	12	17	35	96	25	78	97	65	14	3	90	95	40	46	7	100	30	73	71	35	98	98	-1	23	46	62	79	58	99	38	22	33	14	80	24	28	20	28	72	49	75	10	82	20	66	84	36	37	74	64	14	2	32	34	9	4	85	93	77	47	28	64	27	28	39	42	4	75	93	7	32	37	78	85	97	80	63	10	60	28	35	
16	68	28	94	20	4	69	50	4	63	82	15	78	90	81	11	74	18	21	66	20	31	65	22	25	52	19	58	32	96	36	8	70	72	100	65	86	21	85	36	35	29	-1	1	33	14	5	59	51	68	46	17	7	96	81	60	84	65	3	31	32	31	60	11	12	26	18	6	31	91	74	41	99	14	59	16	37	67	42	55	74	69	88	60	25	95	25	74	63	21	89	48	76	23	70	18	60	69	78	80	
26	27	77	16	55	81	20	48	91	69	67	85	60	63	28	50	11	42	17	48	59	57	8	46	63	53	80	55	63	29	83	23	29	17	15	51	49	60	33	57	40	80	20	-1	20	81	27	37	94	98	27	7	86	96	89	38	36	39	63	84	6	21	55	83	82	29	87	7	6	88	55	43	10	71	28	47	24	38	50	45	8	96	39	52	7	63	81	84	6	34	98	72	47	2	76	44	43	93	92	47	
100	73	90	39	84	16	73	91	86	26	66	26	81	63	3	12	28	75	46	30	21	52	35	77	77	31	38	23	98	65	20	93	77	99	33	40	26	55	39	35	50	37	33	81	-1	45	67	70	47	20	40	42	19	49	43	49	66	52	31	35	60	48	5	92	10	2	58	5	77	61	9	86	64	51	56	49	93	3	54	27	24	12	67	82	45	33	37	11	9	21	82	77	18	1	14	94	66	67	2	40	
5	85	45	2	34	82	30	68	36	32	14	96	45	24	51	59	54	26	37	63	80	88	64	26	43	72	71	43	29	87	12	87	97	69	75	43	68	27	99	57	64	20	18	24	80	-1	99	57	47	79	15	64	76	88	80	82	53	37	49	69	23	74	35	95	15	13	57	24	30	64	93	68	63	22	22	79	31	38	69	71	4	8	69	13	54	81	86	4	82	21	30	42	19	43	7	23	71	33	71	59	
17	84	76	99	20	10	74	56	97	31	64	79	68	13	91	56	33	7	81	56	20	35	16	8	77	82	53	25	18	57	68	93	58	97	1	55	7	76	17	17	69	6	61	60	29	21	-1	30	14	81	85	66	96	89	7	22	23	47	40	88	96	38	4	15	84	67	7	12	53	20	24	99	46	66	13	35	87	58	78	6	49	34	73	64	43	60	80	94	57	7	37	78	56	58	79	53	2	98	54	12	
79	3	77	39	68	29	74	15	95	7	14	46	72	24	93	92	42	17	92	28	96	3	60	16	21	21	10	97	26	65	50	30	40	20	13	2	22	71	78	24	80	11	18	19	100	83	10	-1	22	35	97	61	89	64	45	71	49	68	89	73	69	85	18	6	81	9	11	26	23	57	68	53	4	35	88	93	32	99	75	20	17	25	50	24	17	99	79	28	86	36	37	36	65	46	36	7	42	20	69	32	
47	99	32	26	23	11	73	65	38	12	65	26	30	41	41	77	59	19	44	64	22	26	57	14	54	25	31	5	13	99	68	69	90	23	4	35	43	56	14	12	92	91	47	34	72	9	54	63	-1	4	51	84	47	14	65	53	48	48	51	50	92	81	6	97	24	11	10	22	46	45	46	7	100	91	73	50	50	12	84	54	83	79	68	3	49	5	77	50	63	98	91	71	92	26	88	29	40	42	22	63	
100	3	86	69	79	75	97	35	51	9	78	51	22	53	21	9	41	32	46	18	100	29	65	1	100	22	93	18	46	57	34	96	5	49	39	26	85	87	87	24	85	44	72	11	50	38	6	74	4	-1	87	85	78	26	72	65	53	17	94	93	2	22	1	62	28	73	71	1	91	12	15	76	47	3	61	33	8	60	49	95	66	51	21	1	98	24	36	32	97	11	29	92	31	4	29	2	26	87	80	25	
56	34	52	43	59	59	87	29	72	95	78	9	89	32	75	30	31	65	33	49	74	86	36	19	75	79	3	31	60	65	12	94	34	17	66	44	47	43	10	21	77	89	22	43	12	31	12	69	43	38	-1	50	45	24	86	82	66	17	89	23	33	65	29	96	52	79	11	97	80	69	80	12	64	81	24	89	5	1	42	57	77	84	87	83	58	83	55	25	19	88	28	66	38	41	4	48	8	1	85	27	
29	12	2	58	42	59	5	90	16	89	55	21	6	52	76	2	10	92	72	77	28	38	9	15	56	52	49	11	93	55	94	47	50	28	73	79	99	99	56	14	39	9	35	41	73	29	21	48	29	81	58	-1	79	32	30	99	96	6	98	98	14	3	80	52	51	12	37	96	89	12	41	53	53	50	91	46	45	85	10	57	72	21	56	65	27	4	44	52	70	53	43	49	16	63	30	17	43	93	55	45	
64	12	69	59	42	38	65	92	84	82	6	41	31	8	15	85	72	43	40	43	43	8	47	76	62	56	8	6	5	20	98	94	69	64	55	91	89	66	93	77	67	61	15	81	24	54	24	9	27	41	30	63	-1	63	23	74	49	23	30	34	23	82	30	50	56	92	59	83	54	79	46	69	44	25	85	76	73	21	33	50	71	91	22	74	25	82	66	16	80	28	94	39	88	4	69	91	11	48	49	21	
2	68	99	20	70	15	6	49	33	70	99	21	69	57	67	13	29	59	14	1	15	61	14	9	76	71	31	2	78	37	14	85	43	19	24	6	71	52	44	10	60	24	19	68	40	73	23	5	94	62	22	54	5	-1	97	57	43	85	55	88	61	47	25	63	76	43	37	1	82	31	41	76	15	79	43	34	85	56	46	95	55	26	100	90	97	69	5	48	22	93	71	86	14	40	93	35	4	48	1	51	
74	6	41	9	68	63	62	67	67	92	40	17	88	15	89	31	88	28	72	41	8	69	39	87	35	86	20	58	35	27	96	40	5	84	73	44	25	37	90	82	74	98	41	19	6	42	16	68	81	10	15	19	82	1	-1	56	31	2	81	68	29	47	36	49	51	27	28	13	75	91	20	74	59	98	52	62	57	31	71	14	1	66	43	5	22	4	28	58	100	89	60	29	67	2	83	93	5	97	35	28	
97	16	11	39	87	95	75	38	17	61	86	18	79	93	58	71	59	19	80	20	88	6	93	52	88	42	96	72	72	65	37	43	59	37	29	81	33	58	55	27	13	86	26	41	57	16	92	64	61	17	35	95	71	88	86	-1	73	5	61	22	97	63	84	6	5	43	3	15	39	74	73	84	81	52	36	49	2	71	54	50	97	88	44	94	6	63	42	84	55	21	66	63	93	38	38	13	19	56	80	29	
89	68	61	89	73	39	29	65	58	2	55	38	70	65	54	77	54	62	6	99	51	4	48	5	87	34	76	4	16	2	18	19	53	17	79	4	34	37	96	71	45	8	3	100	6	75	21	24	74	75	83	47	36	83	45	57	-1	52	30	80	21	49	14	80	49	88	69	9	59	54	38	49	51	34	28	10	54	90	62	99	94	83	55	73	48	11	80	48	10	63	86	64	17	62	82	45	38	29	10	5	
95	10	99	20	8	41	7	60	82	25	3	26	33	1	97	80	89	36	50	57	46	41	7	74	76	22	29	43	95	81	82	81	83	40	98	85	68	56	75	29	37	44	97	57	7	87	77	100	31	90	2	28	31	10	40	24	53	-1	21	4	17	76	95	29	23	37	72	50	72	37	73	99	97	12	99	40	92	1	78	15	2	34	13	46	61	18	69	13	57	74	77	17	27	61	25	77	10	35	22	88	
57	80	60	99	40	64	1	93	83	86	49	44	48	66	2	17	9	15	91	31	16	1	27	7	49	82	67	64	57	95	64	18	100	45	30	100	2	92	18	6	62	24	49	3	3	26	77	79	2	78	23	77	43	31	38	75	75	90	-1	58	37	78	35	1	63	42	36	66	41	92	94	11	62	45	57	69	16	27	20	81	25	57	55	21	11	81	100	96	48	9	58	42	25	84	11	19	15	37	8	61	
7	48	8	96	2	64	51	6	80	85	22	51	74	38	9	47	41	2	11	45	50	43	43	2	63	51	85	67	59	26	2	79	24	12	72	80	64	99	56	100	74	99	77	78	43	58	61	3	84	46	74	90	97	13	54	99	3	23	83	-1	80	6	62	82	59	34	22	95	60	79	78	76	26	18	67	97	79	38	79	83	97	67	17	63	55	38	7	58	64	37	76	75	54	96	15	28	50	21	16	56	
91	7	13	37	40	81	44	2	94	33	15	31	82	67	87	27	91	12	94	6	70	74	50	91	11	66	39	76	71	15	96	5	86	37	33	81	35	6	53	43	86	95	89	85	82	35	56	50	39	87	24	65	65	29	53	40	89	11	1	46	-1	83	22	32	92	81	52	44	74	11	17	52	77	12	17	44	8	60	99	61	52	98	64	34	96	68	31	90	61	56	91	84	13	89	97	59	6	3	96	8	
30	43	15	28	100	47	54	6	85	57	35	36	21	89	30	37	39	75	54	63	36	37	59	54	70	66	69	41	39	68	10	95	54	80	11	37	40	96	90	82	20	52	96	78	52	91	41	68	26	23	48	45	43	48	94	26	65	62	13	14	19	-1	86	25	31	1	10	97	63	29	86	38	60	37	98	13	56	6	9	46	70	73	20	13	73	99	24	8	64	66	68	49	6	10	54	5	19	49	96	9	
26	3	34	37	80	12	90	62	32	51	3	52	9	15	49	19	45	28	29	69	80	93	81	9	17	11	31	7	14	92	10	60	10	69	79	55	94	77	29	64	36	87	92	31	64	41	3	56	63	86	17	46	70	17	8	70	7	27	27	50	86	15	-1	29	41	63	68	22	56	6	79	91	50	30	22	48	16	26	95	78	52	26	33	65	62	78	67	94	87	72	66	14	78	54	18	5	57	37	80	19	
97	100	23	91	64	8	95	41	34	9	5	13	17	65	64	40	10	96	55	58	57	72	72	53	68	18	57	29	54	44	85	81	97	12	65	85	95	65	87	92	41	36	19	88	5	46	16	100	36	32	13	93	58	35	89	95	54	62	40	70	26	32	3	-1	45	5	90	81	6	41	25	78	48	85	15	72	88	47	96	57	29	87	79	29	3	81	18	36	86	70	18	62	100	77	46	53	74	27	67	98	
58	17	80	20	15	47	70	85	77	88	79	59	64	68	75	6	27	91	11	31	87	40	34	72	66	22	64	96	85	69	57	2	85	8	85	1	53	98	74	3	86	47	87	34	5	13	9	38	13	66	72	96	61	51	74	70	88	89	64	56	21	95	89	91	-1	73	84	66	44	15	75	13	15	92	92	48	25	71	53	54	35	86	65	87	92	17	19	82	12	99	50	52	1	47	31	76	90	49	56	43	
11	45	4	92	72	10	99	54	81	7	76	60	62	10	20	14	14	30	52	55	70	99	54	74	95	87	99	80	71	47	17	34	64	74	79	63	41	97	25	61	90	48	71	65	6	52	11	35	60	94	59	35	39	99	95	100	9	88	83	43	29	7	65	28	72	-1	62	84	27	41	49	5	93	72	55	81	20	37	61	63	40	32	61	35	15	32	16	84	4	17	22	57	92	82	47	82	41	70	91	33	
70	13	5	16	6	19	75	82	24	45	21	80	12	35	44	44	4	17	41	34	93	29	18	63	66	60	84	28	25	32	31	68	22	17	9	48	89	26	53	10	95	75	23	40	99	45	43	7	92	46	7	75	35	58	28	100	59	52	85	70	65	68	46	93	33	33	-1	14	3	60	91	17	66	96	91	67	69	53	38	81	43	53	59	17	50	34	19	96	65	74	66	19	56	71	24	89	70	1	61	12	
29	73	48	90	5	75	77	62	70	86	62	43	64	74	83	88	76	26	66	20	13	67	94	97	78	29	81	3	61	37	52	70	80	78	34	16	84	60	37	88	60	14	68	64	43	26	96	72	16	43	53	95	28	42	83	37	9	49	94	25	22	4	47	97	30	61	25	-1	69	18	31	26	100	29	81	77	45	47	63	32	96	14	53	41	67	58	51	35	31	96	77	50	47	31	80	38	73	91	100	28	
38	83	48	22	95	84	67	13	37	8	20	8	97	86	88	58	8	12	30	100	12	99	92	40	48	2	24	69	53	21	49	93	78	51	87	19	8	6	48	36	53	50	81	63	82	1	80	36	16	89	63	87	20	90	1	62	73	38	12	8	33	58	19	2	63	23	40	1	-1	16	57	100	74	61	26	46	91	36	66	58	75	44	90	83	52	2	54	50	46	81	76	68	70	50	17	22	8	89	26	16	
38	71	8	32	62	20	83	31	34	46	69	16	14	70	37	4	10	79	82	78	25	29	7	100	97	48	91	38	67	49	85	69	53	64	43	18	70	79	30	100	26	13	11	51	94	94	53	59	59	14	51	25	38	29	91	28	43	46	19	11	6	23	46	72	85	59	91	64	36	-1	13	6	33	49	40	99	24	59	12	51	61	17	8	8	99	95	16	76	92	21	33	17	49	87	14	27	14	63	98	59	
8	68	19	7	26	75	41	89	25	57	3	9	36	89	73	17	68	2	82	43	13	62	44	77	96	76	83	100	29	71	26	63	24	48	52	61	92	62	33	50	48	40	7	98	66	35	56	50	72	76	13	67	57	16	52	76	60	74	17	31	39	9	66	68	78	91	25	89	89	52	-1	10	25	48	91	57	50	41	30	17	96	79	33	46	48	45	21	69	93	45	21	25	86	43	32	75	13	40	12	73	
42	95	79	8	70	49	4	41	25	39	76	21	82	26	93	84	19	10	66	50	61	59	57	38	24	92	14	60	86	13	68	58	96	100	57	98	54	70	69	70	48	83	19	40	17	43	47	12	3	34	95	23	51	7	61	17	30	20	81	27	47	29	19	61	60	46	23	33	56	69	19	-1	13	35	49	100	53	87	99	53	13	20	83	72	25	15	55	82	42	19	6	50	60	77	20	57	92	97	87	32	
65	100	97	49	97	96	57	75	81	90	27	41	21	87	4	45	64	49	76	37	84	99	14	53	84	92	50	14	51	39	97	30	93	86	6	1	39	41	46	88	52	2	21	76	96	79	60	17	91	62	39	12	40	43	92	9	95	90	19	89	93	75	63	43	85	31	80	41	14	69	38	34	-1	32	9	47	30	91	32	97	45	63	5	7	31	29	81	100	60	100	17	19	55	31	24	20	56	22	26	3	
50	55	45	1	98	32	77	31	38	50	15	74	37	80	10	15	24	28	44	50	32	76	92	14	52	69	98	22	37	20	72	23	36	82	23	21	17	34	86	71	78	68	86	3	89	77	53	61	85	4	81	66	38	11	47	32	56	34	73	36	42	38	20	89	83	42	94	31	45	95	86	58	92	-1	70	36	76	17	2	87	76	15	18	46	92	42	31	95	29	47	46	86	46	11	45	26	79	75	40	67	
47	58	10	79	52	65	71	78	65	20	8	12	87	18	17	50	52	99	71	23	34	8	46	32	16	39	45	30	6	67	35	88	37	86	20	44	9	81	40	62	62	56	23	34	60	66	74	65	19	47	5	32	69	60	2	72	94	43	52	13	15	16	48	92	46	11	68	2	21	60	41	91	7	63	-1	82	79	86	35	53	60	47	44	50	100	24	23	37	93	44	55	89	70	84	18	50	11	72	2	75	
56	76	25	25	34	52	38	58	10	93	4	41	62	42	3	61	17	21	25	100	43	47	31	18	73	87	69	46	38	93	48	32	82	30	5	68	53	69	60	34	40	5	23	51	63	90	56	67	86	14	94	26	98	61	79	76	71	66	69	56	28	3	22	8	72	3	64	71	6	11	99	35	23	47	42	-1	50	48	93	19	7	84	89	62	80	31	31	90	38	59	95	89	95	97	48	87	43	95	79	2	
58	13	44	5	89	61	9	18	99	64	69	31	94	70	100	64	82	41	18	13	21	77	81	71	99	22	51	21	52	30	46	55	44	84	21	55	35	34	12	74	45	19	20	18	75	80	30	73	7	56	28	48	84	9	28	89	2	10	55	30	92	69	21	31	2	33	7	41	17	29	80	8	65	50	93	54	-1	47	27	63	61	55	65	87	15	60	52	39	56	17	93	82	64	90	49	18	5	60	60	17	
43	56	82	98	82	91	20	88	40	10	70	47	76	88	19	33	86	20	13	52	56	59	67	7	32	19	17	54	90	5	63	14	93	76	73	84	65	42	57	17	56	35	13	98	29	83	30	88	88	77	77	2	8	58	89	82	25	54	66	42	34	81	36	80	78	44	27	24	93	99	45	76	41	70	36	96	6	-1	51	39	91	35	19	7	89	33	74	10	47	61	48	98	96	93	57	98	42	3	69	47	
36	42	97	5	77	53	73	100	53	93	86	13	26	57	73	79	82	60	88	11	54	2	61	63	62	19	57	2	11	28	31	45	34	87	97	76	16	66	37	76	81	83	8	16	28	7	76	13	75	15	8	99	3	37	56	88	83	71	64	55	81	65	53	49	1	78	18	99	33	77	1	13	24	100	62	72	19	56	-1	67	6	37	62	93	42	46	38	41	46	2	78	19	97	59	78	95	28	16	61	1	
5	88	2	39	5	59	8	52	2	94	66	31	69	96	71	99	4	83	65	30	52	29	72	17	29	5	54	30	98	61	25	77	58	89	77	3	90	92	74	1	85	73	11	59	55	81	80	4	46	31	62	44	66	39	21	15	77	91	63	2	85	79	58	71	78	25	57	86	88	32	99	25	66	16	25	80	62	54	31	-1	10	19	84	96	14	97	72	29	57	100	73	63	94	27	82	88	63	86	34	83	
52	26	52	59	2	80	8	58	33	36	41	66	73	39	24	52	38	27	32	35	10	15	24	67	31	7	46	42	88	25	6	88	40	7	22	94	25	59	7	82	32	33	68	33	78	51	13	34	96	19	59	21	70	100	94	2	80	86	79	21	11	35	75	81	31	54	84	84	53	63	26	87	94	15	61	18	32	90	29	34	-1	37	46	89	29	18	98	56	22	46	70	89	93	15	89	63	69	80	28	37	
76	28	49	93	83	45	32	42	72	32	24	30	32	85	62	26	12	98	77	59	29	45	10	17	62	77	46	100	3	80	3	84	24	54	64	85	68	89	3	37	86	66	14	62	23	39	94	71	90	5	34	37	48	28	67	1	72	96	66	8	90	66	31	95	14	92	20	56	92	97	33	97	53	13	47	48	92	71	86	58	86	-1	64	60	40	55	59	15	78	98	97	69	18	27	83	10	1	7	94	58	
84	24	54	65	78	37	42	75	27	44	63	23	52	25	86	43	34	46	7	73	53	58	96	68	42	94	47	82	70	95	31	9	92	55	80	91	32	70	12	43	57	68	65	4	54	72	8	64	65	5	80	69	28	34	28	43	48	23	13	66	30	9	72	37	47	27	74	12	79	87	8	57	9	43	5	69	58	57	58	66	96	99	-1	29	12	37	47	26	92	12	70	14	63	81	19	4	99	75	2	4	
42	3	30	38	88	3	64	52	75	98	84	87	53	6	53	79	89	14	89	73	85	30	38	53	11	51	59	8	46	11	97	83	8	52	5	1	61	75	14	81	85	33	59	36	57	57	75	94	28	25	19	82	81	46	56	79	37	68	38	87	26	39	48	95	43	10	25	49	70	77	98	10	43	58	88	72	7	56	61	13	74	36	34	-1	52	36	20	4	43	70	60	100	70	11	94	43	99	65	25	5	
67	34	78	4	60	38	67	53	52	91	99	27	80	45	9	3	44	99	60	14	6	88	20	88	77	6	26	90	28	97	10	63	55	33	92	40	29	37	51	100	55	91	90	72	16	76	75	92	5	81	58	38	67	14	70	24	47	42	2	16	57	79	75	21	76	44	52	37	89	84	70	46	86	21	21	54	17	8	30	10	9	55	87	47	-1	3	80	71	90	49	44	35	38	31	60	33	37	47	2	7	
45	83	67	12	14	40	52	32	11	82	95	98	64	85	23	1	3	30	67	80	43	38	99	55	56	42	99	97	37	43	39	83	62	32	55	1	94	70	52	75	40	20	72	75	36	87	79	37	16	3	62	15	75	31	23	75	26	81	68	37	86	65	48	29	13	64	27	57	80	20	86	23	52	14	16	53	40	95	83	52	51	19	1	34	50	-1	63	24	23	20	53	52	67	51	37	52	6	38	42	40	
36	69	21	9	26	53	53	81	88	29	44	85	13	91	81	65	88	31	99	43	76	65	69	10	58	70	38	99	57	32	10	29	22	29	98	42	21	25	1	38	36	23	59	31	35	78	2	77	28	56	91	11	60	10	78	18	81	81	41	66	5	77	50	74	67	96	34	31	57	77	29	28	90	81	24	65	24	66	34	5	76	27	50	24	85	87	-1	71	25	78	97	5	60	96	39	47	99	56	9	34	
50	68	69	81	77	100	33	46	21	91	69	68	97	79	21	8	3	37	16	81	93	52	62	19	81	17	39	35	9	3	46	25	71	68	81	78	20	55	9	89	33	4	81	72	78	53	14	90	67	94	5	47	33	71	92	26	58	76	53	50	83	25	85	64	24	87	13	44	69	8	42	10	24	6	86	51	87	46	21	48	60	74	77	50	58	71	74	-1	91	46	93	5	36	81	71	43	27	3	75	48	
14	49	41	72	21	83	31	90	57	69	6	28	85	91	51	14	42	38	20	30	41	65	72	10	76	40	83	4	81	95	23	63	29	31	8	71	57	25	22	15	41	87	45	85	98	58	76	14	18	76	18	18	89	59	1	34	30	43	11	91	87	17	11	14	69	59	56	51	47	94	8	71	100	9	7	53	75	96	85	30	47	29	29	35	11	73	12	31	-1	31	82	98	98	24	44	31	81	57	62	32	
23	74	62	95	20	5	51	4	56	27	58	30	65	36	59	54	13	98	6	25	6	19	30	52	83	1	16	59	28	21	75	54	40	47	62	44	78	97	10	45	25	22	34	75	81	70	76	51	83	75	23	72	51	73	70	16	79	81	33	19	74	66	14	97	86	66	21	95	15	64	57	4	94	53	3	4	20	72	4	21	55	17	50	2	13	18	62	32	22	-1	53	24	19	93	36	71	77	53	86	63	
5	54	61	40	90	97	4	74	81	16	7	37	89	67	61	73	13	90	45	46	75	16	60	12	79	71	14	19	34	65	19	73	12	2	88	24	8	75	46	17	54	51	78	21	49	96	30	8	50	68	59	7	81	32	7	14	7	57	25	73	48	17	38	30	5	88	18	80	64	36	80	67	51	29	98	80	95	58	9	97	10	52	36	8	90	52	18	77	19	46	-1	4	62	59	78	39	6	21	28	31	
28	96	28	25	13	16	44	55	44	17	36	38	46	3	66	59	54	6	54	44	41	56	24	88	25	75	49	37	38	11	22	46	29	7	62	62	81	46	70	72	27	5	84	12	55	91	89	52	63	98	55	94	42	32	25	93	10	68	31	45	21	42	25	28	58	64	28	59	50	79	73	54	85	18	92	87	14	81	51	48	2	100	74	63	77	48	42	70	49	46	39	-1	95	83	32	79	77	67	5	44	
43	100	77	35	4	84	39	85	44	17	33	38	19	76	13	5	76	37	57	51	51	47	14	80	78	41	48	10	68	21	93	71	99	4	46	93	75	38	94	63	83	11	18	19	12	39	38	2	12	10	86	48	69	23	38	69	74	78	37	99	85	95	64	100	34	61	76	2	55	70	34	22	32	77	62	18	12	54	37	98	40	77	18	17	68	73	92	59	88	2	29	46	-1	85	41	46	65	80	67	37	
40	39	17	11	65	73	54	100	47	14	65	11	25	56	81	83	93	31	6	6	2	52	49	71	6	100	91	71	32	95	47	51	69	31	26	41	34	49	10	88	33	87	61	89	19	75	26	60	65	51	73	18	90	17	56	91	85	1	90	35	39	57	83	89	38	44	53	76	67	58	41	94	61	39	37	98	52	41	44	40	9	56	38	90	82	28	78	33	41	1	57	66	92	-1	38	26	35	51	62	70	
65	45	88	72	38	36	85	5	1	63	20	64	69	21	53	46	24	44	84	8	90	23	19	25	24	36	31	13	57	60	76	90	54	84	21	22	20	44	50	85	56	2	1	73	6	49	54	48	15	74	78	93	36	63	16	72	2	82	56	50	39	9	55	8	56	99	58	72	57	29	97	14	58	47	31	56	59	28	80	76	27	9	94	45	64	44	92	20	26	48	88	100	77	93	-1	70	60	19	48	61	
96	79	53	99	68	95	82	16	56	16	80	91	6	20	89	35	4	78	76	90	37	85	20	59	56	23	25	70	95	20	21	50	33	3	66	31	1	27	65	16	49	17	79	54	63	90	21	65	3	3	81	23	65	4	55	95	36	37	41	11	40	1	11	33	80	90	70	82	83	74	19	52	99	51	86	14	10	97	55	41	73	41	72	50	30	37	77	41	58	67	61	52	35	40	18	-1	41	31	86	51	
43	93	92	35	32	39	20	48	82	92	97	69	7	70	14	81	99	100	6	82	40	98	74	61	66	29	44	74	98	73	21	85	83	20	1	14	23	24	77	35	51	32	50	52	62	47	88	92	76	53	30	69	82	95	68	32	92	17	20	82	53	22	1	34	10	66	53	20	82	74	91	97	85	30	12	56	3	83	85	77	91	15	60	39	23	13	74	23	50	39	42	83	10	90	56	12	-1	3	45	68	
93	60	70	12	11	19	98	71	9	10	86	68	59	28	54	82	33	40	48	37	34	66	12	81	53	96	82	25	21	87	49	63	68	26	19	6	1	33	93	84	70	26	61	89	51	16	16	47	89	33	57	43	17	70	99	73	40	100	66	64	47	89	12	20	27	11	93	87	15	80	50	1	73	47	70	43	81	87	95	35	19	93	55	2	80	2	40	90	60	97	36	49	31	82	84	88	44	-1	68	21	
89	53	52	49	11	16	62	8	80	69	48	94	30	73	69	22	1	82	7	87	100	97	20	82	32	32	73	25	48	72	9	98	55	98	48	15	63	4	19	28	63	82	11	94	76	65	100	66	43	69	41	73	35	74	28	23	85	32	51	1	79	63	33	44	80	59	77	83	75	44	85	12	68	46	70	21	21	53	51	20	50	39	63	37	63	84	70	72	60	97	40	66	92	36	100	76	78	28	-1	55	
33	97	50	89	3	23	35	82	82	77	23	41	16	89	45	9	100	84	55	18	67	25	12	39	12	69	21	59	69	40	17	33	26	44	64	14	42	73	14	54	90	52	71	15	76	12	58	89	24	94	19	67	83	32	53	20	41	49	76	18	63	10	90	11	97	28	72	69	59	40	99	60	7	59	59	9	90	51	72	85	23	57	11	38	13	13	76	33	7	75	66	5	58	76	66	90	30	96	60	-1	
