100
-1	57	32	6	57	57	46	50	61	44	19	60	4	55	23	80	21	36	43	4	21	21	21	23	74	59	18	45	25	70	28	98	21	60	71	76	94	70	94	92	20	57	50	83	100	53	99	21	51	14	28	75	49	96	68	38	40	77	68	31	74	79	99	48	44	67	11	75	32	52	10	53	32	61	73	45	16	99	56	23	65	21	58	11	51	20	62	27	4	9	42	88	2	88	36	31	79	47	50	38	
83	-1	60	93	56	50	15	25	67	26	88	30	100	75	76	35	33	57	25	68	22	30	23	69	96	85	56	90	85	66	4	95	39	63	69	40	73	82	60	21	95	11	41	86	82	81	72	39	23	68	64	46	35	2	60	85	7	71	32	73	68	97	17	99	77	91	12	6	92	20	4	85	43	19	2	83	84	34	76	60	3	56	53	82	30	56	68	68	97	43	87	57	47	51	74	25	20	93	48	43	
85	79	-1	66	22	57	38	70	9	66	75	29	36	87	61	59	26	19	15	34	48	82	22	86	47	77	29	36	81	68	55	58	32	36	92	38	15	51	88	5	13	71	28	46	47	93	59	11	21	62	88	23	28	6	68	48	70	60	15	39	87	22	78	82	11	49	80	53	56	100	28	24	6	29	41	48	83	68	65	24	71	67	75	34	24	45	37	86	87	15	81	58	8	8	90	83	18	40	12	51	
50	83	88	-1	67	60	15	78	31	18	59	28	43	45	62	88	48	65	75	29	68	81	6	86	42	87	27	94	46	85	9	51	79	48	42	30	30	75	85	90	66	31	48	68	32	70	87	99	49	54	41	7	85	68	17	8	82	76	8	28	18	35	73	8	26	78	84	90	99	80	79	83	29	51	78	9	14	3	99	27	92	44	13	44	22	56	44	45	75	44	9	34	32	56	94	14	51	44	49	6	
57	30	21	79	-1	6	13	93	43	69	58	68	18	77	61	1	45	18	82	4	82	93	34	59	21	15	28	86	22	59	31	77	53	70	10	48	59	86	69	37	97	35	85	84	98	45	79	7	15	6	13	23	23	15	66	51	5	48	64	11	4	93	70	40	6	31	34	14	18	72	79	86	40	73	24	81	16	76	49	37	73	5	10	46	91	94	41	76	33	7	99	47	84	3	66	74	14	91	8	20	
10	2	84	12	72	-1	70	9	81	71	89	36	93	30	28	23	1	32	21	38	57	31	87	33	88	42	46	6	47	93	22	68	87	1	88	31	56	33	99	70	50	89	81	79	13	5	47	6	97	8	33	13	84	85	76	63	76	73	88	50	32	31	94	45	13	84	87	53	24	31	63	99	6	8	20	30	28	87	53	35	60	36	37	67	80	88	56	7	2	63	1	10	91	15	25	30	16	35	27	52	
21	10	52	82	48	21	-1	13	54	42	68	30	16	96	20	14	79	97	72	92	52	5	82	64	3	25	43	27	78	26	18	75	50	16	17	46	69	56	12	44	26	51	8	87	51	27	16	87	5	55	69	15	75	11	55	98	28	35	5	41	34	25	49	8	43	11	5	50	99	29	13	6	66	87	38	56	68	27	99	53	49	74	46	71	50	23	89	30	93	15	38	90	76	7	95	9	69	75	94	96	
13	45	76	95	6	14	60	-1	60	57	83	34	16	92	70	13	4	12	61	18	29	19	99	10	95	44	22	81	71	18	9	8	35	42	67	76	82	55	28	76	12	36	31	1	19	57	27	76	11	58	29	24	3	73	78	24	96	32	93	83	57	54	12	74	44	78	72	7	48	100	57	27	16	52	54	4	14	49	93	80	84	43	79	8	35	63	15	26	28	6	32	61	72	15	47	22	59	77	18	47	
12	10	61	25	99	82	90	31	-1	63	14	16	41	98	55	44	30	14	46	72	58	12	17	63	99	96	59	80	86	2	24	82	28	67	59	68	82	13	25	22	58	96	46	76	10	93	74	6	62	39	20	4	69	95	18	62	64	16	17	74	3	92	62	20	4	81	5	35	13	35	13	46	44	53	17	54	77	31	9	66	36	79	64	71	11	82	20	85	46	24	98	89	77	67	63	41	14	29	80	52	
71	65	6	47	6	83	74	24	64	-1	62	31	4	31	81	67	97	4	37	95	4	83	58	89	21	19	24	64	31	81	91	31	77	48	58	57	19	12	73	45	100	100	94	36	17	84	98	63	70	7	43	79	75	72	23	26	62	75	50	60	95	54	61	46	64	68	63	49	7	14	20	34	56	81	28	21	15	51	21	99	78	45	8	33	35	92	38	49	4	59	57	39	22	61	32	25	35	27	20	59	
43	56	92	93	34	42	19	37	96	40	-1	51	64	77	50	38	16	34	13	89	19	71	92	15	90	11	90	11	84	8	57	87	89	68	29	100	15	41	21	16	68	35	11	32	92	83	90	18	80	9	53	76	99	87	94	82	24	81	8	40	80	5	25	87	9	40	14	61	76	16	88	59	59	23	79	75	65	16	33	67	6	77	53	36	70	41	25	74	49	34	45	71	49	41	72	30	11	4	79	98	
90	97	24	39	81	38	45	37	43	29	87	-1	22	1	36	73	13	54	87	44	100	70	85	7	65	69	100	70	49	85	49	76	80	55	23	5	45	2	67	29	81	25	100	59	46	69	36	93	26	21	78	85	23	50	98	59	22	2	66	99	35	81	82	13	43	78	30	83	52	82	18	7	12	27	14	98	25	75	7	13	36	83	3	14	33	49	52	52	81	15	51	38	37	47	22	82	2	12	18	42	
61	82	79	71	5	41	52	20	71	78	63	84	-1	42	98	8	36	75	87	45	92	90	25	71	73	62	21	43	94	9	20	23	5	32	49	86	1	13	72	92	9	85	66	31	47	85	68	47	90	19	81	56	98	39	90	70	90	7	5	96	50	93	42	77	97	76	32	27	96	28	66	80	21	59	56	23	94	12	9	2	22	93	74	45	81	21	17	28	46	23	62	85	34	22	34	80	82	1	38	2	
77	49	22	95	47	8	22	31	37	80	11	55	78	-1	81	71	89	6	43	87	21	69	59	17	94	86	39	25	96	24	4	35	95	84	16	73	12	84	73	7	99	40	85	12	85	7	90	71	78	53	11	94	26	54	47	57	87	97	93	26	22	90	5	55	74	41	43	5	9	28	17	8	83	90	30	27	40	98	52	70	53	25	45	77	17	3	46	62	16	81	7	89	52	86	47	91	88	95	51	45	
57	83	29	87	91	25	91	85	64	36	60	24	38	80	-1	70	52	35	50	40	8	77	32	46	83	16	86	99	94	99	12	3	66	100	85	53	3	11	67	54	53	1	52	58	50	6	24	18	16	21	68	71	32	18	71	50	83	40	35	89	48	88	10	32	19	74	41	24	37	15	29	76	51	95	72	85	27	43	86	28	76	45	33	1	33	67	34	94	45	50	45	27	62	84	26	53	32	51	29	2	
71	23	42	92	3	54	98	34	63	87	82	13	80	13	25	-1	86	4	36	12	67	2	36	36	60	7	65	20	44	13	3	31	72	11	72	24	72	86	86	28	92	27	88	80	28	61	28	91	71	99	54	83	60	65	92	27	82	15	57	3	34	47	99	28	42	61	12	9	64	47	63	3	68	82	84	99	34	58	89	85	91	36	27	9	9	58	37	7	14	15	71	73	50	97	73	8	75	15	76	58	
57	83	25	98	61	52	90	17	66	23	2	93	43	59	49	75	-1	56	82	94	4	3	30	62	12	68	72	26	26	60	67	17	11	79	32	45	91	64	58	38	24	33	88	98	40	43	6	58	17	47	16	85	14	50	8	40	61	34	90	90	11	77	5	29	100	65	17	89	28	57	46	43	5	87	62	9	22	30	47	80	59	6	84	29	37	50	62	92	8	33	17	66	92	97	7	30	41	24	95	31	
30	11	95	71	24	83	96	67	2	73	42	17	76	30	86	10	9	-1	52	66	58	97	60	29	48	99	12	19	47	1	7	12	33	49	22	6	65	100	86	91	68	82	59	81	27	97	55	7	48	33	63	87	90	91	85	44	70	36	7	77	60	73	71	18	69	9	12	81	21	11	35	22	76	64	69	18	77	38	92	34	23	54	52	22	92	76	12	64	91	9	26	47	28	29	47	12	65	38	22	11	
51	79	75	77	19	57	6	64	19	3	93	40	20	84	71	97	16	18	-1	62	65	6	92	100	23	29	1	40	35	91	99	23	85	48	53	25	88	89	69	99	28	89	12	52	72	17	3	35	95	62	42	23	33	41	99	86	28	22	1	66	9	42	25	37	53	50	97	14	100	83	15	100	13	35	41	67	90	63	31	13	64	15	56	26	38	91	8	63	11	15	100	8	98	14	20	80	61	86	99	9	
68	87	45	16	15	57	17	78	62	70	55	100	13	37	55	8	55	44	40	-1	4	82	64	52	26	12	2	56	25	81	92	62	83	92	30	45	16	94	3	89	34	41	83	32	81	81	77	25	48	9	92	14	37	20	41	31	25	5	68	77	72	47	93	79	88	85	33	36	23	39	69	25	54	18	44	58	31	97	100	96	99	99	23	56	81	86	35	98	45	44	71	26	4	21	59	30	11	70	50	78	
50	97	35	13	3	33	63	97	51	55	16	61	21	37	93	92	12	14	16	68	-1	34	42	4	88	2	63	76	79	17	47	71	35	36	77	62	93	49	3	82	49	29	9	87	92	81	83	22	19	63	59	69	75	83	17	89	15	33	87	14	10	41	29	15	2	78	85	60	92	35	55	75	49	48	11	23	84	51	2	62	5	26	73	63	5	88	7	51	27	58	43	23	95	64	75	33	85	28	55	90	
23	46	61	81	6	44	35	50	19	48	77	65	54	16	73	48	99	54	56	78	52	-1	60	7	6	25	69	53	11	86	61	47	25	22	73	41	72	65	46	55	75	31	96	64	84	69	38	98	58	17	93	87	26	81	12	45	75	77	17	12	100	14	13	15	23	41	81	92	84	68	42	38	90	41	54	68	97	64	55	52	7	7	24	68	80	48	46	91	97	15	40	75	12	13	10	81	90	52	42	17	
20	67	40	13	67	89	95	68	89	49	20	100	93	33	71	79	94	87	85	36	18	23	-1	13	46	99	98	65	53	49	83	71	73	18	48	6	3	93	3	31	25	9	41	77	1	26	14	4	45	86	67	5	69	69	5	49	5	5	87	85	73	35	77	52	87	10	33	35	60	74	94	9	73	100	92	61	43	40	23	29	69	70	32	80	5	62	16	71	49	78	66	99	43	38	3	50	35	62	79	5	
28	62	63	25	98	9	57	65	75	42	88	26	31	100	21	67	20	21	1	40	13	62	92	-1	30	26	57	45	97	69	7	18	24	52	91	31	76	91	14	62	36	7	92	53	52	23	55	52	53	86	26	88	95	82	33	93	88	47	44	75	4	22	77	14	22	31	78	36	38	25	58	69	15	14	34	82	3	50	15	7	44	72	34	61	77	46	4	64	73	57	99	84	52	37	100	35	84	98	59	70	
22	83	48	7	65	93	92	94	82	60	27	71	40	69	51	88	38	47	13	7	47	72	70	86	-1	100	67	73	84	89	43	46	15	85	25	30	48	43	6	38	95	33	11	37	68	98	37	2	92	69	69	1	56	91	100	89	11	77	78	90	70	38	88	40	33	86	60	39	60	24	44	28	75	73	45	88	57	30	57	60	15	2	38	45	84	79	46	4	76	23	80	13	5	90	49	51	77	98	34	51	
18	13	91	34	79	62	41	56	68	75	76	43	19	78	28	11	35	11	41	43	53	49	97	32	69	-1	95	64	45	87	60	14	70	99	2	60	77	70	32	96	85	99	94	2	25	85	77	59	9	21	39	46	51	65	7	27	73	46	93	11	28	87	93	5	64	52	74	58	91	66	22	80	47	19	6	4	20	80	18	25	6	21	10	15	54	58	59	48	26	55	81	18	98	21	85	93	74	59	6	22	
29	5	12	79	83	68	52	77	34	62	30	68	69	57	60	98	29	26	70	51	49	54	47	15	62	52	-1	3	73	30	72	25	46	92	44	91	89	99	86	35	13	14	1	49	8	36	83	82	39	1	22	51	37	61	37	70	56	43	2	52	21	1	17	56	24	94	91	87	81	64	16	76	65	27	62	50	39	6	56	28	12	76	82	48	17	18	65	87	92	19	5	43	90	88	52	46	76	1	78	35	
75	19	43	59	16	55	89	81	39	11	3	5	15	80	94	85	83	4	5	89	36	9	18	33	11	53	74	-1	96	16	27	21	11	99	62	84	87	6	29	18	3	27	15	58	46	48	48	1	91	4	7	27	61	27	53	52	81	92	97	47	2	22	70	87	1	30	63	24	25	76	93	69	80	68	50	87	6	29	35	68	70	26	43	69	10	33	39	5	88	90	81	43	47	29	73	1	59	19	56	22	
56	20	43	13	47	72	76	28	66	48	79	75	33	75	28	40	37	51	67	91	30	68	36	98	8	38	64	71	-1	17	30	7	5	93	68	23	12	53	94	57	19	29	48	31	26	32	87	46	20	62	71	57	15	90	2	85	23	16	76	87	93	48	40	47	4	3	76	25	12	49	99	53	72	56	6	91	41	93	77	9	89	100	47	77	33	24	49	94	27	28	31	34	15	31	35	7	84	79	59	94	
77	64	65	57	1	67	57	11	64	81	37	34	67	52	59	75	21	30	8	18	27	91	88	45	72	88	14	49	49	-1	100	61	84	61	98	15	59	21	37	65	55	22	71	71	95	73	81	82	52	7	45	91	49	40	78	57	12	54	76	18	36	71	75	90	68	71	26	13	84	51	99	90	39	96	77	96	73	32	4	52	54	6	16	86	11	21	48	12	71	99	97	5	28	62	68	47	39	30	28	40	
57	48	76	85	91	22	87	39	13	40	64	69	11	55	93	94	92	61	54	21	46	4	63	74	85	97	98	59	63	51	-1	98	19	96	72	17	33	60	52	62	4	21	61	94	94	69	74	4	62	48	19	8	79	73	80	86	34	99	30	78	18	30	98	61	18	59	51	93	10	36	30	74	76	7	27	18	78	90	7	82	47	99	60	41	78	73	65	56	75	94	75	43	77	74	91	92	82	65	48	33	
21	100	79	30	82	78	9	15	73	48	46	3	16	65	52	78	2	44	45	72	100	26	57	18	47	81	33	32	70	97	36	-1	56	65	45	16	83	94	5	49	57	23	5	74	14	17	30	63	34	100	39	25	36	50	20	31	86	72	50	82	4	50	9	84	7	39	9	74	56	33	62	21	42	33	100	56	4	74	79	100	82	47	91	33	29	19	94	63	24	53	64	16	30	2	84	66	86	61	86	38	
82	25	20	38	51	71	92	17	68	24	26	41	49	11	46	49	34	6	69	15	28	57	21	64	78	87	70	94	84	85	14	83	-1	1	13	79	84	31	31	19	26	79	46	57	64	92	93	70	73	11	59	66	20	53	40	68	78	90	8	15	50	50	90	15	100	24	14	43	78	48	71	4	14	12	36	14	18	19	84	10	88	30	35	67	18	12	58	1	61	11	78	67	84	23	49	60	36	39	26	80	
9	26	74	15	60	20	95	15	23	65	4	26	71	61	37	58	49	40	60	32	3	31	24	38	18	100	97	68	56	7	24	22	70	-1	14	89	8	95	62	74	2	66	54	37	29	78	52	45	86	56	34	57	21	14	46	18	72	6	69	30	9	80	32	60	1	55	52	54	83	40	4	97	89	41	40	28	13	89	96	20	34	21	41	86	12	23	92	8	81	8	73	73	66	80	53	67	50	28	35	8	
57	35	83	5	51	42	24	48	21	36	84	64	16	58	6	81	98	46	11	23	42	58	48	13	7	79	55	20	95	27	83	44	64	40	-1	49	81	95	66	41	30	9	2	90	92	79	88	60	36	49	18	58	34	93	86	87	62	80	59	93	8	69	22	10	92	85	98	58	17	67	17	9	69	85	61	55	65	99	35	60	75	58	65	87	25	11	30	6	32	49	14	100	61	33	87	14	71	53	43	70	
21	70	98	40	89	37	3	65	21	88	22	86	49	30	57	99	25	37	60	12	92	31	97	80	25	77	100	55	61	78	61	19	78	44	83	-1	71	6	38	73	12	75	90	83	41	2	19	27	33	73	5	21	2	73	16	80	12	88	99	41	50	39	57	21	84	83	61	82	62	69	6	34	28	56	45	12	54	42	95	55	70	21	57	24	99	3	53	18	48	48	85	28	38	12	3	51	15	9	57	44	
28	49	46	72	51	3	29	14	44	6	76	41	29	98	28	51	80	3	34	25	50	19	29	48	84	76	75	94	36	74	5	85	46	50	7	89	-1	32	32	82	93	20	88	100	8	39	79	85	88	85	24	36	27	15	25	86	24	76	60	80	48	13	77	35	25	11	37	91	43	89	39	9	25	49	83	13	98	67	48	98	88	69	43	17	77	22	96	44	17	25	87	12	63	83	23	16	88	80	33	48	
75	51	65	48	53	88	40	17	69	26	38	34	79	20	98	51	11	17	82	90	55	68	41	10	12	61	2	49	65	100	58	8	52	53	93	68	95	-1	53	77	59	2	64	56	57	85	12	91	60	53	56	38	46	38	32	98	98	83	32	41	64	53	40	61	53	21	71	55	74	65	47	1	3	33	36	22	99	74	42	17	50	10	36	69	95	1	66	67	12	56	59	52	27	52	28	85	45	85	91	92	
64	52	67	85	61	13	42	68	92	77	1	33	8	47	61	17	21	54	46	83	40	90	8	56	100	30	47	34	30	33	35	55	8	80	100	60	97	84	-1	88	71	96	67	2	58	38	45	42	13	76	67	3	75	86	39	87	16	45	27	73	41	35	10	67	8	36	8	55	18	19	4	51	18	7	16	16	72	23	73	63	22	73	21	25	34	2	37	49	76	56	82	7	65	72	73	28	96	50	69	67	
83	87	54	86	10	53	68	37	48	33	54	18	62	62	31	93	12	20	41	82	60	27	44	5	30	29	9	61	70	77	96	61	72	77	34	51	21	59	3	-1	49	24	19	63	4	56	20	83	79	57	24	59	49	65	85	25	47	84	18	16	56	30	49	23	21	28	14	60	82	9	83	4	98	63	77	27	32	44	96	31	74	78	47	22	23	39	18	45	35	8	27	84	38	52	58	90	18	92	36	7	
20	74	50	25	45	58	56	95	80	7	100	65	99	78	67	12	47	100	86	24	36	73	28	55	9	57	68	75	16	62	100	32	81	94	17	20	52	63	54	35	-1	36	40	73	47	94	21	17	95	10	86	9	53	64	16	9	54	77	12	71	89	68	4	43	48	20	59	38	50	99	93	48	67	97	47	96	42	93	36	10	28	36	8	43	26	32	64	75	64	26	62	91	15	22	42	83	20	34	37	67	
42	90	24	66	99	99	13	40	13	19	10	36	87	92	22	8	73	71	41	44	19	42	94	88	70	77	58	26	99	62	74	59	62	20	29	89	58	17	97	80	70	-1	54	91	77	31	86	33	24	27	73	67	85	5	60	76	50	46	94	34	55	56	13	96	97	80	9	7	71	25	4	7	22	47	35	92	88	42	35	84	75	59	88	55	15	96	82	88	33	98	89	45	69	82	74	71	35	65	34	86	
57	33	15	96	5	25	57	84	13	22	59	36	14	11	85	48	32	85	53	19	26	56	37	28	86	22	38	77	88	61	31	55	4	35	51	23	65	48	73	67	39	56	-1	89	23	87	89	63	82	54	87	92	4	47	50	34	14	69	72	37	76	72	44	55	97	51	70	51	96	38	100	26	38	76	88	94	95	12	75	40	22	75	33	91	23	17	49	37	27	34	84	78	3	35	62	23	92	53	1	28	
35	28	32	17	51	43	42	85	76	35	83	28	26	77	42	52	1	21	89	58	56	41	94	42	7	57	66	42	81	80	35	2	37	35	34	37	61	44	97	47	36	70	65	-1	60	85	87	55	81	73	74	46	100	83	2	25	20	14	50	77	73	99	87	9	100	9	91	32	35	77	67	90	40	93	27	79	64	12	85	97	26	19	59	28	24	87	13	86	5	62	94	19	71	74	42	7	59	40	96	55	
83	77	12	6	95	7	88	15	87	85	95	45	44	68	94	50	13	69	82	41	100	35	65	84	81	99	29	1	86	92	46	67	44	28	63	83	53	80	92	3	70	43	93	34	-1	62	87	22	29	44	99	1	74	50	92	8	36	71	24	80	82	66	75	41	35	71	62	89	13	61	98	83	5	76	19	71	14	86	60	59	17	81	4	47	85	38	37	61	42	100	68	79	64	54	13	42	1	43	4	68	
46	72	20	68	58	26	76	1	23	57	11	48	38	15	72	38	97	57	90	34	4	85	36	58	41	83	1	75	35	93	73	33	76	17	55	89	33	100	2	7	19	29	81	67	84	-1	58	56	15	20	7	12	65	96	33	2	61	2	89	83	2	18	48	86	65	24	65	18	85	36	65	81	93	47	58	85	27	50	15	35	35	80	23	42	28	91	41	61	20	15	19	83	81	62	25	17	58	95	23	5	
92	13	81	62	79	2	12	84	68	69	14	49	64	94	90	32	57	4	64	41	11	71	57	33	6	18	96	40	90	46	12	24	83	9	34	84	2	6	29	17	67	78	74	99	24	29	-1	91	79	94	49	83	99	63	16	33	46	32	40	92	54	87	56	20	92	92	76	29	83	12	25	24	100	62	46	72	84	82	7	91	22	69	44	97	82	50	44	12	78	14	18	33	52	27	23	14	8	88	34	65	
88	42	53	83	97	58	84	40	60	53	70	90	81	20	46	3	2	98	40	37	95	10	45	68	89	1	65	31	13	71	70	63	26	45	63	2	49	27	3	1	16	39	44	99	20	14	11	-1	85	32	13	8	54	11	7	85	97	17	13	84	18	57	42	82	6	17	15	54	51	71	6	82	71	31	87	74	98	80	47	35	82	39	21	4	87	49	89	2	80	81	55	73	64	74	99	28	60	42	70	41	
3	95	97	6	23	81	93	99	80	16	87	82	27	51	24	35	33	14	8	67	67	88	99	39	60	40	72	77	21	76	5	95	45	62	70	99	85	70	5	2	9	93	62	19	43	61	44	34	-1	27	49	84	86	1	38	29	48	75	73	91	97	6	91	64	69	98	91	55	81	76	99	83	90	24	54	68	15	11	84	84	82	51	14	65	33	80	95	85	50	53	75	86	91	59	20	74	76	97	46	22	
15	41	27	39	25	70	51	1	14	67	68	64	12	86	13	67	21	92	84	83	46	41	53	84	73	11	90	49	73	12	36	66	63	47	75	65	17	66	52	22	56	6	90	16	51	27	27	38	98	-1	51	56	91	28	63	32	76	49	19	21	76	47	55	48	18	59	87	93	69	66	41	34	89	57	12	48	24	70	71	47	59	83	26	60	25	36	17	43	24	4	62	33	67	96	79	14	76	40	9	96	
12	26	95	20	27	32	30	77	88	32	61	13	72	30	48	70	85	2	40	30	19	22	13	3	10	10	80	78	35	78	52	17	28	36	35	42	61	66	24	66	88	18	43	74	59	29	30	24	52	5	-1	79	18	17	91	100	38	77	63	25	93	87	48	12	30	10	19	77	13	13	51	85	73	20	64	37	21	94	77	19	86	20	82	84	6	74	34	42	71	57	84	55	26	60	32	47	26	63	56	78	
56	73	11	62	9	100	22	8	62	55	70	13	50	71	21	15	74	78	12	15	32	20	84	53	90	46	44	98	65	37	43	2	39	27	42	58	54	53	68	92	46	48	8	100	70	63	30	9	10	49	90	-1	52	47	51	1	76	4	69	69	4	64	70	100	85	75	97	44	70	45	57	61	64	68	83	94	97	30	42	5	70	87	7	65	45	100	19	85	88	4	86	63	86	38	44	30	5	55	34	16	
18	81	37	50	9	68	31	69	40	72	67	25	81	48	37	12	9	38	42	46	24	2	51	50	67	95	97	27	49	47	21	31	77	90	70	100	50	63	63	77	60	38	77	59	98	85	89	2	49	69	18	41	-1	32	87	53	93	49	3	8	65	7	100	44	65	15	97	78	64	88	16	17	98	74	91	98	28	51	35	80	42	29	97	29	53	62	62	13	22	32	95	9	9	47	5	18	94	58	49	3	
17	94	67	64	80	25	64	69	37	42	13	91	81	100	86	73	81	75	71	81	39	5	30	48	43	10	98	23	33	19	26	64	50	49	36	4	43	50	44	10	49	15	11	4	35	6	97	28	8	38	43	79	13	-1	80	29	21	70	44	27	7	100	41	37	32	10	73	20	5	42	36	51	61	43	91	66	65	88	84	18	92	43	56	9	53	19	60	7	72	48	68	21	82	81	18	49	29	62	93	26	
67	2	68	29	38	50	25	93	84	64	26	63	8	11	80	53	89	3	6	8	29	19	15	15	60	33	38	90	22	58	46	75	91	87	18	87	45	27	86	52	43	86	79	10	68	89	64	100	66	7	69	68	68	80	-1	52	94	86	52	78	20	95	38	71	98	3	61	49	96	66	10	46	84	81	51	84	98	16	12	4	21	99	53	90	92	81	79	24	16	34	66	42	60	84	93	21	71	4	59	46	
85	34	95	52	68	10	23	72	28	8	63	37	28	2	91	69	3	76	19	15	55	13	6	53	21	1	1	83	14	22	19	88	45	31	57	93	68	69	70	96	59	52	13	7	18	18	9	61	94	42	90	16	63	32	45	-1	95	48	46	60	58	28	18	15	44	64	86	98	64	57	100	64	3	83	36	55	65	93	27	5	46	47	85	98	92	98	29	55	78	44	31	23	82	88	18	92	5	90	16	68	
34	17	74	44	94	84	100	65	68	72	69	69	98	44	59	8	18	2	10	44	27	5	20	58	2	18	16	98	88	68	79	40	79	46	32	56	29	75	29	43	51	80	56	71	74	89	34	68	38	59	77	92	37	95	58	24	-1	34	83	3	81	33	33	89	6	82	84	40	46	91	63	25	36	19	91	92	45	97	52	96	10	42	99	4	47	50	67	71	31	76	62	34	64	3	53	72	41	35	82	3	
63	57	84	41	49	20	88	53	28	72	63	79	25	56	96	58	60	34	72	68	77	93	79	3	68	54	88	70	47	71	36	89	63	54	35	46	75	41	99	12	63	70	14	1	19	16	37	38	88	86	18	42	11	60	98	61	90	-1	32	95	42	38	94	54	66	1	75	7	18	88	42	1	3	28	13	91	61	86	31	51	46	87	22	14	99	5	90	36	64	55	70	58	28	87	83	25	67	70	63	20	
59	52	61	9	99	5	49	76	39	7	53	13	49	53	17	27	29	79	10	16	31	66	31	19	83	50	27	12	90	67	91	91	15	49	7	19	69	43	16	76	99	50	69	11	43	81	36	17	71	44	46	39	80	90	65	20	13	71	-1	18	55	65	58	51	27	16	49	63	76	79	98	11	32	89	66	79	10	92	77	34	45	44	29	70	52	31	34	44	64	5	45	59	79	22	75	94	100	41	10	18	
95	99	94	52	7	69	65	21	84	60	7	60	58	54	51	28	79	98	7	69	12	27	26	58	47	59	96	97	43	50	38	75	76	28	91	19	61	83	37	8	23	39	12	49	72	84	43	69	92	30	53	96	22	68	12	64	35	67	92	-1	91	82	87	61	68	28	61	84	12	50	59	63	59	27	26	4	98	27	2	96	20	72	75	88	4	81	58	64	69	100	73	10	1	8	76	97	45	70	64	10	
53	91	69	43	68	39	79	94	91	28	92	85	46	78	13	64	61	34	14	54	100	41	71	63	38	34	93	81	91	34	68	69	29	95	73	29	67	47	55	68	35	70	86	37	90	47	57	68	33	59	36	45	66	2	52	71	43	42	62	32	-1	70	97	33	1	10	2	12	24	69	51	15	8	67	14	32	33	30	29	85	93	34	59	73	55	42	39	72	53	75	71	87	27	13	81	87	18	93	13	4	
57	86	32	45	7	74	47	94	9	22	50	7	63	40	30	51	50	81	21	87	3	55	22	56	58	97	85	22	95	33	55	91	73	41	45	3	57	73	49	17	53	95	50	97	46	52	69	52	87	78	91	53	11	59	89	73	9	37	86	98	17	-1	42	88	23	1	31	58	7	86	67	32	95	37	53	11	33	74	93	95	34	6	98	10	54	78	86	98	59	11	90	74	71	36	54	29	70	28	27	84	
47	25	85	33	5	56	3	95	53	50	76	56	11	34	85	77	46	68	29	69	80	53	20	84	33	8	63	93	18	57	42	14	6	44	82	19	76	91	98	41	31	16	9	33	73	89	50	72	46	53	67	80	53	8	30	92	72	89	85	52	65	47	-1	91	16	35	81	100	18	46	75	29	70	6	14	83	97	62	69	86	87	4	5	41	41	79	2	32	23	77	75	61	79	62	75	71	38	20	45	72	
19	9	93	93	41	46	89	87	80	69	63	52	59	37	67	78	88	72	15	80	12	66	97	55	37	41	37	78	73	8	12	24	73	67	88	97	62	91	92	96	78	66	43	21	35	94	52	35	87	30	49	31	39	93	56	90	18	46	53	55	24	47	29	-1	40	92	46	83	22	86	73	77	11	16	73	37	36	75	21	76	20	96	32	86	20	61	40	56	10	10	9	91	15	72	85	50	55	49	81	25	
88	75	60	30	24	45	30	92	82	48	100	59	36	71	74	36	20	81	29	5	20	30	74	6	13	76	66	93	70	47	59	47	54	39	88	12	82	10	21	41	51	37	73	20	40	58	99	21	14	47	38	46	80	53	69	11	14	76	38	83	69	14	82	1	-1	25	66	85	51	25	86	82	37	42	2	54	21	47	71	69	21	56	84	17	93	74	52	70	2	17	52	42	12	99	42	69	59	40	51	19	
79	82	77	97	54	64	48	86	56	33	81	23	2	42	63	81	96	45	94	1	27	35	33	88	11	60	52	84	12	84	70	51	32	41	43	66	80	28	25	77	22	28	89	89	83	77	64	42	8	89	71	38	22	19	90	85	14	45	23	11	6	80	79	11	45	-1	13	81	38	33	23	96	35	55	18	53	71	99	37	84	44	53	31	75	38	42	26	75	42	55	70	32	14	71	25	11	60	27	99	42	
75	75	44	30	68	59	83	68	25	11	5	90	99	54	19	23	3	97	56	49	29	75	10	50	73	60	27	41	59	90	91	74	26	28	60	13	80	41	92	15	92	63	42	34	83	9	88	94	90	81	80	19	20	82	62	73	53	9	93	57	66	82	71	22	20	26	-1	82	8	43	79	37	40	54	19	79	76	72	84	35	96	36	11	15	1	17	24	81	97	28	9	79	96	7	19	82	21	100	29	59	
56	61	87	1	86	84	94	57	57	6	80	43	30	92	18	44	28	26	12	80	75	27	6	78	33	5	20	18	7	93	83	51	39	38	14	61	53	99	61	88	92	25	37	57	59	93	28	64	71	14	36	27	26	27	94	58	92	15	43	4	73	9	18	53	23	6	47	-1	80	74	33	77	95	77	69	95	76	43	57	11	10	18	48	46	17	58	50	90	59	42	95	82	15	6	39	52	6	84	1	12	
79	72	68	84	70	21	75	65	25	66	15	65	59	98	98	71	98	12	74	34	95	93	64	66	24	26	54	87	89	5	24	31	73	67	70	78	19	39	13	64	84	45	15	100	59	86	95	70	16	55	85	46	93	72	74	94	54	78	48	84	23	86	37	69	99	76	53	45	-1	15	96	52	41	92	56	88	52	69	38	35	41	32	15	89	1	79	44	45	36	90	32	24	82	67	67	74	58	49	6	11	
51	77	98	61	18	45	1	80	75	18	82	50	18	73	85	9	32	57	59	61	30	75	27	34	15	58	5	61	2	42	61	94	54	94	67	7	51	97	46	54	7	13	31	36	7	49	80	13	20	73	8	38	53	38	24	50	65	4	63	96	5	86	10	25	28	65	66	21	2	-1	89	86	19	10	99	4	21	78	64	48	84	98	44	27	24	17	71	81	56	1	88	53	74	74	15	11	16	69	96	4	
69	33	92	41	69	62	95	2	34	44	47	97	28	25	64	65	36	2	85	17	53	79	98	95	86	91	50	87	59	27	31	100	82	45	96	64	77	64	30	99	97	16	50	32	92	8	65	13	52	28	85	12	23	43	100	58	58	2	42	55	62	69	59	54	55	42	49	62	3	31	-1	36	21	71	12	48	80	8	74	87	44	17	14	30	11	67	21	31	17	17	23	57	93	81	82	40	43	18	28	92	
12	20	41	56	68	13	18	73	2	24	72	45	72	12	22	73	13	29	28	38	97	51	80	27	40	88	43	73	54	98	47	57	12	14	48	38	50	13	23	19	53	73	38	59	59	43	42	57	55	10	33	70	97	16	60	37	64	39	12	3	19	87	78	95	60	26	33	71	57	93	87	-1	31	45	97	24	26	9	24	38	79	91	52	24	90	97	68	58	63	30	71	37	9	50	45	3	19	12	41	28	
55	25	39	38	48	90	25	6	14	72	25	48	99	47	85	77	64	21	59	71	72	93	2	17	84	4	29	8	64	86	62	49	57	32	73	7	32	61	2	43	2	10	24	39	28	70	84	88	33	70	9	67	20	6	33	41	92	80	29	14	23	96	40	35	90	4	14	31	3	89	86	17	-1	39	63	24	86	6	73	76	100	44	91	71	82	93	83	17	82	100	59	66	80	79	86	41	12	6	8	77	
83	70	2	86	58	16	81	65	30	94	59	35	18	21	77	27	87	25	66	84	66	56	27	96	68	73	54	16	54	96	93	48	33	69	57	27	22	66	62	50	87	12	96	52	95	62	94	26	96	48	91	84	73	78	22	40	40	37	70	28	94	28	50	42	29	23	5	48	83	60	77	17	37	-1	4	81	99	4	32	60	21	19	15	56	47	37	59	24	16	33	58	89	59	48	43	83	7	85	49	22	
68	100	79	15	33	35	68	69	32	40	14	67	54	5	69	55	87	76	66	55	42	51	48	68	4	87	89	41	23	83	18	17	61	16	79	2	66	34	31	44	19	82	22	49	75	42	80	7	99	64	40	21	100	34	81	54	75	1	53	14	70	81	95	93	46	32	83	17	49	63	7	54	16	97	-1	84	92	95	81	37	97	27	59	28	34	76	26	78	59	100	32	64	76	92	65	31	10	91	68	96	
45	48	16	68	72	23	70	97	88	57	20	26	68	63	5	20	52	49	6	30	19	88	77	93	75	34	31	75	28	48	96	93	16	60	21	12	69	24	9	5	75	39	81	51	92	83	4	44	81	34	59	7	3	29	52	49	6	70	41	59	100	49	71	23	9	81	52	24	42	19	6	51	3	84	1	-1	12	2	47	39	5	36	77	37	9	38	100	92	52	41	77	30	10	73	78	43	77	8	76	11	
51	13	57	40	92	67	32	44	59	92	59	81	79	42	57	64	93	80	57	55	57	96	96	65	77	24	31	6	20	82	71	72	90	40	68	77	55	72	91	50	7	20	75	55	17	38	50	64	7	82	37	79	64	100	65	87	67	87	56	13	88	6	59	13	72	71	33	67	77	5	33	26	58	38	67	73	-1	12	40	68	68	54	87	30	97	15	60	90	4	45	97	81	68	28	36	1	83	43	12	81	
83	2	58	94	81	4	25	23	99	95	8	51	41	95	35	38	21	19	60	41	64	66	47	86	94	24	73	88	29	43	5	22	17	45	39	14	99	63	53	12	48	7	83	7	19	49	99	79	87	67	97	24	78	75	91	64	37	73	60	75	41	5	82	18	81	30	1	29	60	8	26	16	93	96	48	77	6	-1	25	38	23	15	85	78	6	35	76	44	57	59	7	21	88	41	49	1	76	70	58	7	
71	20	74	41	4	91	13	100	31	46	58	80	53	80	9	23	55	56	28	86	23	45	33	57	14	90	54	88	87	37	33	65	45	35	10	57	61	16	54	9	10	14	37	10	69	11	48	60	70	30	15	90	4	63	68	47	73	84	89	58	93	18	2	96	13	96	3	58	49	100	57	29	15	60	78	75	82	52	-1	53	66	85	88	46	55	22	37	68	15	85	55	13	56	17	73	50	95	8	68	83	
29	50	93	95	56	16	34	52	19	26	7	14	96	63	93	53	45	47	42	28	97	2	6	79	57	63	42	41	7	63	15	82	45	59	97	55	64	47	57	88	78	80	59	60	79	36	44	91	81	37	43	52	6	76	43	26	61	51	24	74	50	72	9	49	42	24	34	90	7	10	21	73	53	72	86	65	94	100	82	-1	9	49	27	21	85	1	87	8	19	32	17	69	57	58	33	86	60	88	36	14	
3	49	3	17	84	3	46	10	9	25	16	43	75	32	1	78	79	51	87	46	50	27	81	79	75	6	37	21	82	8	73	97	96	64	56	11	88	17	95	12	44	8	10	75	52	99	27	70	93	38	56	73	62	33	43	43	84	19	80	27	36	61	94	1	49	74	71	69	78	78	93	60	29	52	75	54	56	24	89	39	-1	92	88	75	72	28	63	20	5	15	28	85	52	37	60	7	61	15	42	7	
60	69	30	65	70	32	80	71	99	32	70	19	11	52	5	54	1	7	92	42	92	37	45	14	48	90	20	36	28	22	81	92	92	34	81	51	17	62	92	23	96	12	30	65	3	52	72	38	82	84	24	58	90	65	91	86	3	23	77	17	47	5	10	90	4	37	96	40	90	3	33	17	99	87	22	23	83	12	49	40	8	-1	2	91	65	97	16	68	93	4	55	35	75	78	5	29	25	14	97	74	
2	38	74	94	11	1	38	97	41	71	65	40	66	47	94	86	73	2	17	23	23	17	94	23	12	69	37	82	89	100	95	35	59	23	40	75	91	65	68	64	12	75	11	97	94	62	16	64	80	81	1	77	28	36	9	32	13	19	26	94	74	15	98	68	45	97	72	89	11	25	10	29	46	54	93	81	95	59	83	73	60	29	-1	12	100	29	62	24	46	47	49	68	96	36	15	99	52	78	66	83	
27	58	79	80	91	36	90	64	32	8	12	99	25	7	60	61	39	76	98	54	14	64	68	66	1	32	24	13	27	25	52	88	25	80	100	89	10	59	17	79	32	75	62	26	93	28	40	41	18	22	18	36	43	66	34	100	99	80	5	85	98	69	68	16	64	96	64	6	11	1	51	39	47	31	57	17	77	47	58	11	42	47	64	-1	70	37	31	59	55	92	69	87	43	27	8	10	99	34	88	15	
86	9	40	70	15	16	44	81	83	71	36	22	44	22	36	50	39	61	25	13	59	60	52	7	42	77	89	62	44	42	3	33	13	16	63	65	88	24	86	49	22	33	18	24	15	86	67	90	87	74	94	78	75	93	79	66	63	33	8	60	99	33	89	69	61	9	5	47	78	2	89	55	26	14	95	11	45	71	90	4	51	64	100	64	-1	80	61	68	75	41	45	77	63	54	1	26	44	92	86	88	
17	80	58	53	21	44	27	22	17	58	92	80	14	55	48	54	93	90	80	2	9	37	88	56	44	34	17	91	82	26	46	47	27	27	12	10	44	16	46	100	60	53	77	48	46	82	1	16	45	56	72	60	47	2	3	21	3	14	65	62	75	8	46	66	49	30	97	93	88	37	42	79	81	2	63	40	62	5	95	94	18	10	43	92	74	-1	77	88	65	20	100	70	80	23	74	72	45	6	6	52	
96	88	27	76	92	71	91	1	31	92	87	66	80	67	89	8	77	10	29	5	62	99	12	7	21	21	15	71	32	80	42	1	16	18	100	10	87	12	1	83	61	5	85	7	14	91	69	60	59	11	47	46	1	27	7	57	94	43	47	88	27	33	39	9	82	48	54	95	65	66	99	85	38	4	75	9	84	19	69	70	82	69	79	58	55	82	-1	85	50	69	91	80	89	10	50	1	19	52	59	49	
47	36	55	19	56	34	99	60	57	62	95	46	54	58	47	60	21	10	90	17	92	88	78	75	44	41	35	71	87	20	31	34	43	30	81	69	59	53	64	32	94	69	15	67	40	27	11	87	43	72	100	52	35	53	79	23	45	1	79	5	46	76	79	84	86	57	36	70	67	99	16	76	64	39	30	5	69	97	95	11	60	91	47	9	73	34	12	-1	2	11	48	60	60	75	14	61	28	44	79	66	
10	67	76	71	68	67	93	45	8	56	8	71	9	1	37	21	49	84	34	95	48	62	59	8	40	62	53	63	90	78	70	69	88	87	52	81	35	36	96	49	27	30	32	49	81	26	25	60	43	51	21	49	54	6	59	40	84	44	48	46	45	75	56	95	77	35	60	37	70	26	30	20	26	97	74	40	49	85	54	26	32	71	26	66	72	84	22	24	-1	9	64	57	42	66	19	44	14	88	32	66	
33	17	93	97	18	74	11	4	91	96	28	74	65	100	55	19	74	41	63	38	20	3	14	95	47	44	90	90	19	78	9	3	63	79	86	7	29	15	68	92	87	28	98	48	13	2	87	27	37	30	71	78	99	61	62	50	33	96	61	30	49	38	74	68	60	84	43	58	55	96	75	4	48	6	32	88	88	39	67	50	22	26	100	29	62	23	25	6	3	-1	98	67	88	6	37	48	92	28	17	75	
29	86	10	15	10	66	49	61	90	32	14	4	16	66	10	67	29	90	98	90	11	2	81	37	64	4	50	98	34	70	54	43	48	96	21	59	72	100	70	13	30	3	40	53	86	77	17	88	29	17	6	30	50	74	33	62	10	12	63	64	24	64	26	9	91	13	68	76	24	16	68	76	36	15	36	47	22	99	12	33	97	31	6	92	69	67	35	62	62	54	-1	61	39	89	52	58	28	82	55	63	
56	97	44	36	67	49	1	31	29	49	44	11	8	49	10	63	68	13	100	59	49	68	6	78	86	52	51	61	85	97	89	59	98	87	89	90	65	59	44	56	55	91	95	89	76	85	48	17	30	98	27	96	68	29	96	50	17	75	45	76	91	92	70	52	79	22	23	1	75	7	86	57	57	9	5	15	30	85	26	50	27	33	6	99	54	23	7	24	88	45	22	-1	62	18	7	39	9	18	61	89	
33	63	82	85	11	16	89	99	44	24	13	44	17	18	28	66	44	39	48	40	85	68	18	5	40	34	62	56	71	15	67	69	75	95	54	86	44	55	89	98	25	72	50	58	80	43	61	3	29	84	82	51	93	100	18	23	86	36	61	5	53	83	97	73	71	27	77	53	20	74	27	69	29	86	54	76	8	87	71	17	13	8	87	16	47	45	29	73	99	15	25	49	-1	80	76	8	58	56	9	85	
6	74	86	93	75	85	37	70	89	44	41	33	79	42	95	73	27	23	33	72	21	72	55	20	45	16	28	24	76	91	23	32	80	19	49	70	51	13	57	59	47	73	13	53	62	21	90	66	99	3	83	97	3	84	5	31	34	96	87	1	55	24	76	17	37	75	66	10	2	56	74	27	16	18	55	2	10	13	32	41	2	8	48	57	61	76	72	23	6	100	40	60	86	-1	30	73	55	51	97	50	
96	4	14	45	32	80	80	96	52	35	35	85	53	54	1	34	1	69	75	60	78	9	13	55	87	71	73	45	12	19	89	27	10	1	80	53	48	49	62	75	39	89	98	82	76	95	19	88	43	76	38	2	62	9	63	80	35	8	42	48	35	61	56	32	35	72	2	10	29	14	13	81	31	88	3	9	33	55	41	2	64	62	73	21	86	60	81	8	89	2	17	7	20	44	-1	46	50	83	71	19	
56	46	54	21	41	96	23	41	89	92	45	17	13	45	47	83	73	78	68	44	38	99	60	33	68	11	94	82	4	34	16	28	28	18	2	77	63	66	19	61	63	41	100	71	72	97	19	25	75	17	23	64	18	15	60	19	10	36	85	25	34	1	32	85	22	15	78	18	3	41	4	35	41	80	37	72	3	63	37	82	2	29	37	64	76	84	16	90	70	71	14	78	20	58	79	-1	97	28	88	18	
19	90	17	10	58	26	62	32	92	46	57	30	27	94	89	12	72	81	54	10	23	82	8	65	86	59	50	21	68	100	37	49	97	35	94	41	19	82	85	9	78	50	18	30	59	83	57	31	61	49	4	96	50	41	56	73	1	22	17	89	91	17	10	17	75	91	65	64	29	34	30	47	19	79	22	69	63	34	37	97	39	70	80	94	94	35	69	60	10	25	36	20	82	91	71	84	-1	18	24	92	
56	21	69	98	12	42	67	9	55	86	34	85	71	25	86	93	2	67	49	20	68	49	33	77	54	48	23	68	35	97	12	37	29	54	35	67	22	16	4	83	60	29	68	42	29	44	12	51	79	42	30	98	26	24	81	14	67	54	48	98	10	58	11	22	95	13	9	98	50	21	81	84	27	88	82	58	3	27	9	98	56	47	50	5	14	12	25	49	3	88	91	3	64	18	83	9	38	-1	38	62	
4	20	36	75	16	5	10	18	2	76	83	47	7	6	33	14	27	36	4	58	88	14	60	38	12	75	7	78	52	13	24	94	44	76	21	68	47	78	36	44	63	17	92	48	52	97	77	81	99	12	25	23	98	47	9	44	34	73	25	51	9	41	59	98	61	49	41	26	13	98	33	91	71	87	5	4	70	72	79	79	36	49	14	4	15	27	61	14	59	43	11	35	35	19	92	65	13	92	-1	68	
57	15	20	22	15	44	60	54	22	1	77	62	29	40	76	45	66	3	78	1	26	97	53	50	45	50	41	23	43	7	41	49	79	51	42	82	72	12	64	40	22	82	58	6	42	90	5	66	83	97	28	68	42	2	27	30	69	74	71	12	45	99	52	37	58	55	22	50	10	57	53	39	64	15	68	20	62	18	4	70	78	27	40	63	97	80	40	46	44	59	83	9	78	93	5	91	70	21	61	-1	
