100
-1	22	38	9	93	34	93	34	59	64	93	36	60	21	80	24	16	41	76	86	89	70	48	21	79	57	10	45	27	16	33	83	27	13	60	46	42	50	92	5	91	25	68	40	47	90	99	85	94	83	1	88	91	79	43	12	36	54	37	55	4	52	81	67	27	99	42	95	6	19	61	30	88	48	14	6	23	90	90	68	79	92	83	5	12	93	65	80	34	20	84	43	2	82	26	35	3	82	78	100	
49	-1	44	73	72	81	32	52	94	69	41	85	70	83	29	31	7	76	3	93	73	85	5	2	77	14	63	86	46	65	47	23	53	21	73	82	62	39	70	32	12	17	69	29	83	17	46	80	41	57	42	87	4	9	10	8	5	80	90	63	27	62	45	62	62	89	59	23	30	62	10	33	53	87	9	77	32	67	54	30	7	85	18	51	51	61	98	40	28	63	72	100	68	46	14	6	83	40	62	69	
71	58	-1	59	60	55	82	3	30	7	51	49	37	53	5	9	70	27	30	18	72	24	81	84	90	60	4	46	27	88	51	17	10	45	3	13	15	39	64	32	98	65	58	25	90	76	89	6	35	9	80	81	68	26	100	79	96	59	94	62	93	33	14	33	45	80	76	62	93	46	11	19	39	95	48	28	4	22	21	71	86	71	7	53	86	11	41	84	66	53	42	38	1	23	77	57	51	32	58	15	
50	26	52	-1	28	89	52	49	30	56	84	77	73	72	23	11	22	16	73	48	100	56	94	81	41	74	72	75	14	18	61	37	75	75	17	74	97	90	19	92	92	84	75	16	87	56	72	63	5	74	90	80	35	71	71	75	96	100	53	61	36	13	24	65	67	11	70	15	36	4	86	83	69	54	53	88	66	42	22	69	6	2	21	87	68	86	34	96	50	24	15	44	22	81	75	70	10	2	16	97	
97	98	68	56	-1	70	94	59	23	33	51	80	7	52	74	73	35	24	30	32	84	8	21	24	14	88	80	35	80	42	16	41	1	73	85	49	20	63	26	18	41	21	41	16	22	64	57	72	45	98	37	86	14	1	95	62	19	19	77	25	90	63	86	8	55	32	60	44	55	39	68	69	52	69	59	33	29	85	80	21	25	95	89	6	99	82	11	59	93	7	52	31	69	26	3	97	11	13	23	3	
72	47	100	67	79	-1	90	18	67	50	48	66	44	67	90	78	42	55	63	28	61	86	51	98	70	89	47	56	72	5	96	90	5	25	58	60	18	1	72	84	18	39	44	67	9	86	36	42	40	2	75	34	99	8	28	14	27	90	93	60	77	92	39	22	63	32	5	18	5	87	42	32	86	57	91	27	4	48	93	95	46	96	46	46	49	81	18	84	17	15	25	91	40	17	35	90	55	18	7	37	
100	85	1	14	3	96	-1	90	23	65	39	24	33	2	92	26	39	3	17	76	65	87	46	94	21	37	44	23	75	58	43	41	42	51	71	92	31	2	24	75	90	40	32	5	58	22	87	84	53	36	50	98	95	87	65	77	51	60	21	77	72	48	2	11	84	93	100	32	22	9	41	98	93	98	18	82	88	45	81	23	20	11	99	21	57	96	57	70	8	50	16	17	53	34	65	8	79	77	86	76	
12	89	50	2	54	85	47	-1	76	18	15	74	93	37	29	99	89	8	58	82	64	17	29	52	100	2	22	66	49	67	64	59	57	95	71	96	92	32	34	13	50	21	36	2	74	27	15	43	53	54	17	95	39	92	70	7	58	48	53	10	73	89	35	72	78	53	13	55	23	4	26	38	6	12	48	8	35	7	5	43	38	46	17	62	33	47	62	39	66	62	100	41	13	8	86	93	52	38	9	7	
80	48	19	92	52	23	23	70	-1	4	23	55	95	43	77	66	81	7	26	71	65	1	64	66	71	56	85	29	81	67	84	81	36	3	35	95	99	9	26	65	66	28	17	33	82	41	54	72	53	80	91	55	85	86	51	86	15	15	6	25	14	14	5	91	29	55	65	12	73	65	74	42	81	15	57	92	77	80	25	75	50	61	44	77	22	14	93	98	91	94	89	48	22	94	21	58	44	93	66	80	
45	19	62	90	34	99	5	30	37	-1	47	54	80	16	85	8	56	81	88	81	69	89	16	46	92	54	14	66	38	39	60	59	90	62	75	66	78	51	2	23	33	4	70	14	93	26	6	4	58	27	17	76	99	98	1	47	27	14	59	22	18	79	92	96	82	65	83	39	68	54	100	95	95	6	18	24	15	30	8	79	98	38	53	20	19	82	58	30	15	58	49	12	52	96	51	87	12	10	61	12	
30	76	34	71	34	97	35	12	51	78	-1	97	41	72	14	15	100	63	68	19	87	22	29	15	37	91	57	19	74	52	40	37	93	90	81	27	25	45	75	36	87	99	91	98	63	60	9	72	49	27	62	72	76	6	24	93	11	19	71	4	24	21	21	44	39	82	73	69	97	72	34	46	36	97	92	69	75	90	29	27	42	5	30	95	15	2	92	28	61	89	79	39	34	58	99	93	45	64	56	97	
85	10	12	97	55	75	11	50	40	6	4	-1	61	67	94	81	63	51	30	99	72	88	11	59	12	26	80	47	33	23	2	5	13	83	69	73	60	21	31	42	13	11	68	8	57	56	54	59	2	93	22	69	84	6	70	59	70	91	20	53	20	62	19	66	73	46	76	99	47	85	64	87	44	6	84	78	44	54	77	75	96	76	30	12	97	10	10	33	50	70	62	93	85	93	75	21	56	59	3	93	
47	15	70	80	30	68	46	97	89	16	24	15	-1	22	64	18	54	18	4	48	67	11	77	38	63	33	96	93	19	35	64	42	6	52	19	9	29	9	37	27	39	1	10	49	97	48	17	2	44	60	69	90	87	42	79	97	10	7	28	99	83	6	4	97	83	65	54	9	44	78	82	13	62	96	13	9	10	61	88	78	82	47	32	82	19	14	8	33	39	96	19	48	71	52	12	57	16	59	83	98	
3	56	98	46	11	29	16	29	14	78	92	58	92	-1	38	33	66	27	96	93	60	2	92	52	28	41	17	18	92	21	17	87	32	56	91	41	76	18	97	19	60	37	3	74	70	78	38	89	52	13	11	53	4	43	94	48	60	94	35	45	55	97	96	53	71	53	17	32	73	3	71	3	89	78	31	4	27	35	90	59	10	80	72	4	11	90	10	77	94	94	63	13	47	65	60	49	71	51	60	50	
55	33	96	91	70	7	14	16	19	77	43	19	50	67	-1	19	59	72	22	57	86	51	45	84	3	18	34	80	19	20	73	36	35	56	2	56	87	86	26	65	38	56	38	24	18	75	51	79	21	94	41	23	99	15	86	67	22	2	94	32	56	7	17	54	60	59	20	77	4	21	12	84	56	92	3	98	19	89	80	73	26	35	1	3	53	35	63	79	6	13	25	37	59	18	45	78	20	28	52	94	
32	23	8	62	92	5	79	36	30	96	2	8	66	2	43	-1	2	27	25	86	70	56	49	97	55	76	7	58	95	75	75	14	13	46	8	64	80	90	46	60	51	35	64	36	21	2	83	26	64	49	35	4	52	63	56	92	85	64	56	96	85	13	32	41	83	55	88	94	13	88	86	24	67	99	93	72	36	49	46	100	40	24	75	5	94	15	96	52	68	26	51	31	54	51	43	27	23	57	11	56	
22	24	47	4	7	97	83	36	32	56	47	27	54	31	59	76	-1	20	61	80	35	20	42	6	7	91	96	36	78	98	87	53	36	94	93	64	52	76	50	34	21	17	94	86	28	75	98	98	43	45	11	36	17	28	5	71	3	83	89	19	59	43	61	26	30	10	20	53	40	49	52	10	26	88	35	47	79	75	98	35	100	78	72	36	68	88	86	93	72	40	29	52	86	3	8	6	36	2	92	82	
59	75	49	76	89	97	7	99	68	1	46	12	12	14	9	40	71	-1	37	65	84	30	90	44	75	94	62	67	2	85	65	21	99	23	77	29	90	44	23	39	52	11	74	70	72	15	42	52	88	29	19	70	23	37	26	90	13	73	43	19	20	12	80	51	68	26	88	23	49	69	67	82	75	71	57	42	19	13	6	56	36	35	53	74	20	17	28	52	36	97	46	94	34	58	22	19	5	57	43	7	
82	6	21	84	81	1	51	83	61	13	77	73	88	1	96	56	86	65	-1	99	41	66	95	44	66	14	99	88	24	70	84	91	5	11	68	68	90	28	73	67	84	34	92	79	16	65	23	79	81	98	82	100	33	37	15	17	19	34	47	33	27	44	98	16	49	98	74	48	3	66	11	22	90	78	30	97	92	1	52	79	84	26	36	18	29	7	93	20	15	28	17	2	46	17	45	13	52	30	46	58	
91	85	95	40	16	93	47	71	38	49	25	8	53	11	31	62	92	38	17	-1	46	64	34	94	66	67	34	19	47	70	98	70	54	47	95	20	52	26	16	27	100	48	10	67	53	80	61	11	99	14	84	58	99	49	51	35	18	34	20	73	61	69	24	75	47	26	87	71	99	28	13	94	41	16	98	52	74	6	12	51	18	47	76	81	86	35	47	62	10	85	13	75	36	31	95	25	74	12	1	20	
92	11	17	39	70	62	47	44	76	18	69	69	35	8	30	30	91	65	54	35	-1	81	90	7	49	96	43	31	84	94	18	28	23	84	2	61	27	26	100	3	61	35	44	98	47	89	5	42	9	39	23	68	56	64	9	37	2	68	78	16	55	24	50	38	24	38	13	7	58	69	40	64	37	34	25	37	74	40	8	24	2	94	9	89	23	82	64	90	68	92	47	2	44	71	43	18	55	55	97	53	
32	84	53	41	30	30	48	52	6	46	51	72	48	59	68	45	42	48	45	72	25	-1	45	42	73	61	36	26	72	95	43	53	61	89	47	72	94	14	55	9	9	70	12	25	30	76	83	51	64	51	34	27	34	78	11	99	41	83	7	25	53	49	17	57	25	4	21	56	99	17	80	53	39	64	9	54	58	98	17	59	74	26	99	55	76	46	17	35	59	26	63	23	91	41	70	66	40	22	67	29	
83	89	85	31	6	54	95	87	64	14	54	2	67	17	95	96	82	75	96	73	69	73	-1	9	4	39	79	29	10	62	91	28	40	89	33	23	75	5	9	50	35	72	76	98	71	68	38	99	14	84	23	19	53	84	82	4	41	61	58	35	4	83	63	77	67	2	68	90	29	34	37	83	7	23	55	88	31	35	43	11	37	30	7	71	56	85	75	69	73	6	96	31	1	94	26	10	84	99	35	17	
82	52	13	58	33	3	45	72	60	58	54	54	18	84	59	4	77	46	81	43	28	68	59	-1	38	3	85	35	78	59	32	98	81	65	19	83	26	11	54	56	76	49	23	64	9	4	59	3	81	20	45	96	27	71	29	4	47	89	44	88	89	87	5	1	65	91	27	29	68	33	58	21	61	98	88	100	47	7	13	11	71	2	88	55	13	53	47	71	27	84	89	11	80	60	38	47	58	47	68	4	
51	81	21	91	66	55	71	64	65	64	27	78	85	18	17	28	12	90	68	55	86	54	41	9	-1	75	62	100	89	24	69	31	28	36	5	25	4	1	77	90	22	83	10	26	50	71	8	3	21	96	95	50	38	71	13	84	82	53	42	5	36	66	33	70	29	38	45	72	50	18	100	32	47	76	70	16	61	91	57	53	11	95	39	67	86	71	21	70	69	87	75	23	10	64	100	42	98	66	3	77	
74	10	70	45	79	12	2	91	64	75	92	37	46	94	22	78	88	49	13	16	83	9	29	32	27	-1	3	1	100	36	16	45	72	8	76	81	45	30	17	88	53	98	27	89	58	6	4	41	87	84	42	37	68	69	1	37	66	21	75	16	94	76	79	30	69	100	26	100	80	48	36	43	96	25	64	32	84	78	90	51	50	34	61	17	76	9	78	58	36	10	15	6	46	56	31	47	99	22	5	12	
98	16	48	72	87	55	70	54	83	20	47	4	71	85	91	26	50	87	6	80	37	100	64	38	70	16	-1	46	43	9	29	36	8	43	55	10	10	45	21	8	26	55	54	53	12	2	3	24	79	72	61	78	19	47	17	2	92	16	34	82	94	56	98	80	92	95	89	13	21	8	43	10	5	33	77	48	52	11	42	59	68	17	89	9	52	61	5	84	29	67	56	55	40	85	25	44	48	30	78	67	
30	59	25	90	54	79	21	30	91	50	7	36	65	96	33	40	18	19	98	74	52	2	31	10	14	52	94	-1	66	37	92	86	40	56	66	26	94	49	58	53	84	94	51	57	68	23	87	91	66	50	13	47	41	9	67	15	10	79	1	41	34	30	22	12	94	11	9	92	46	10	98	79	89	51	31	6	79	65	61	96	76	43	83	55	97	61	9	96	80	87	89	85	5	43	94	26	42	7	88	85	
11	38	96	73	46	52	20	84	97	36	26	87	81	21	17	15	57	10	4	66	32	27	50	72	11	41	82	66	-1	58	81	15	26	60	8	42	12	14	45	63	13	88	15	22	38	86	100	88	39	50	43	28	88	5	42	9	28	59	95	56	9	42	64	87	83	6	44	98	44	43	36	25	27	31	66	53	27	15	29	82	23	39	85	57	96	60	40	3	2	30	57	22	66	82	16	14	15	1	79	23	
21	5	67	49	54	76	97	23	35	19	79	68	50	97	42	99	56	48	90	83	62	75	56	82	87	21	26	57	100	-1	4	56	36	26	65	38	94	4	48	93	68	10	71	55	99	25	39	65	94	41	46	55	48	95	91	67	6	90	63	77	93	100	84	67	31	20	11	39	38	76	78	17	57	40	38	51	73	41	87	82	47	26	21	27	20	78	45	74	61	64	69	46	12	100	16	44	95	59	22	96	
4	53	70	78	88	48	41	29	7	4	34	34	28	89	30	91	94	36	82	10	47	33	91	71	56	36	13	36	48	43	-1	35	24	99	40	74	26	30	96	59	72	34	10	82	72	10	12	21	30	86	51	18	49	64	57	68	22	79	96	67	98	78	4	73	36	81	93	7	95	48	42	29	65	1	45	75	60	94	12	65	52	59	55	8	78	76	4	33	94	23	59	73	99	1	10	57	39	53	56	64	
61	72	55	47	83	35	11	96	39	46	77	59	29	95	70	84	94	79	37	41	44	39	19	67	54	69	32	27	33	3	92	-1	15	42	32	71	28	62	86	30	2	28	4	63	22	58	53	34	20	43	5	29	73	55	99	26	62	19	66	83	14	14	99	86	32	72	22	93	49	3	45	44	93	23	63	65	99	34	46	77	26	76	78	20	100	75	86	81	42	66	40	71	74	43	29	6	100	95	72	99	
41	65	56	81	71	69	90	13	89	14	64	41	22	61	30	54	83	13	2	7	34	76	39	80	20	3	58	76	75	65	9	99	-1	29	72	43	59	19	85	83	73	85	45	52	95	69	43	49	43	74	3	66	46	3	8	43	61	56	75	36	4	88	48	89	42	60	40	50	77	55	3	37	82	70	71	98	90	34	41	32	70	48	12	6	92	56	67	65	36	77	69	96	86	44	23	72	12	71	14	97	
58	40	32	48	80	49	68	42	32	26	92	65	57	6	97	74	94	74	99	15	95	100	87	18	37	86	79	14	65	57	33	60	75	-1	41	94	76	43	54	1	77	79	61	6	74	58	3	12	31	20	13	34	3	99	100	29	99	94	3	83	71	88	71	66	91	24	67	24	13	82	4	1	1	44	26	73	45	98	88	72	23	90	100	12	7	80	46	54	17	77	19	15	99	47	89	76	94	53	1	95	
87	14	44	24	40	91	54	60	36	8	100	21	11	12	71	79	33	38	26	82	2	62	69	31	50	68	78	19	90	93	32	1	86	91	-1	9	23	92	40	80	16	29	18	100	64	8	45	72	33	24	8	87	65	29	77	93	68	44	20	63	47	45	1	91	73	2	1	28	77	43	26	17	96	14	98	7	68	36	39	84	45	15	99	2	11	57	1	40	37	65	38	91	9	45	82	16	91	92	4	48	
62	28	75	16	4	6	85	66	93	40	92	34	68	16	88	98	61	28	72	66	31	33	32	35	80	52	98	84	44	6	91	10	47	27	65	-1	70	53	21	55	45	28	77	25	20	29	94	52	27	83	33	40	34	84	29	8	90	28	20	25	81	35	1	64	14	62	39	25	79	2	11	52	35	92	18	9	46	4	21	42	3	3	76	82	13	14	67	15	77	54	75	33	67	8	62	21	79	70	46	7	
50	55	56	24	17	61	18	6	93	78	65	13	56	79	13	89	83	45	65	33	40	80	99	40	9	24	7	35	54	88	75	78	64	92	68	54	-1	30	12	83	26	17	13	58	16	78	62	16	43	59	47	65	82	14	65	87	52	80	18	86	46	6	34	6	100	44	6	95	63	71	12	32	38	9	19	36	80	86	33	1	10	33	70	49	86	55	22	51	95	95	2	81	97	96	83	99	79	51	4	81	
43	96	89	1	58	5	84	31	65	84	30	40	43	74	73	60	100	17	29	15	13	11	5	42	69	43	8	99	44	20	67	70	18	48	72	6	26	-1	83	3	39	71	67	60	81	82	54	29	73	21	69	25	54	40	56	62	16	79	88	75	60	47	32	21	6	88	27	75	14	1	56	20	25	66	92	84	92	19	52	53	34	82	78	43	62	59	33	21	15	45	30	46	27	56	35	40	62	48	62	17	
44	93	83	55	83	53	34	28	21	66	93	41	82	80	62	46	79	9	87	43	51	24	58	45	20	26	20	76	80	39	69	71	89	68	94	9	42	9	-1	30	11	1	54	68	98	57	90	1	54	59	15	1	67	100	43	20	54	48	98	55	20	66	97	19	75	98	43	61	57	95	42	3	17	74	4	82	42	99	19	64	55	7	21	68	73	74	32	87	19	29	4	77	48	58	34	45	60	99	90	29	
55	37	36	38	55	74	20	10	36	12	10	79	26	43	59	19	57	81	53	20	16	1	56	2	44	62	26	2	54	72	32	18	4	55	39	74	96	75	94	-1	37	85	100	76	93	10	3	44	63	92	29	11	2	11	82	90	81	36	12	25	3	46	78	47	55	15	43	6	76	72	7	38	55	75	99	37	15	7	8	82	11	61	90	78	14	2	42	94	79	1	14	78	16	51	23	65	73	44	56	27	
64	12	9	47	59	5	46	9	44	82	20	27	52	60	4	94	52	49	96	75	96	91	31	78	68	13	69	35	47	92	49	60	85	71	40	74	58	79	71	51	-1	1	26	93	92	82	62	8	38	74	2	44	26	7	100	67	13	11	5	86	29	26	5	76	70	8	65	10	23	63	54	43	57	33	27	89	72	100	86	40	91	63	43	33	63	96	74	86	47	19	62	100	3	98	74	56	56	24	74	38	
50	95	25	27	21	77	66	90	17	19	29	1	37	57	83	61	54	20	64	52	75	89	12	81	64	62	68	9	88	54	39	64	35	81	36	85	8	25	18	59	97	-1	54	29	60	32	17	91	75	83	79	3	97	67	48	12	51	78	18	33	19	36	70	59	40	38	22	8	51	90	64	23	7	34	30	8	52	32	98	34	35	57	8	33	49	25	6	81	13	59	47	28	34	45	3	99	38	42	62	4	
16	70	34	78	64	70	78	97	72	97	9	4	85	37	88	9	4	58	99	31	19	76	33	89	38	59	77	50	42	20	48	36	43	58	36	10	37	34	35	37	90	90	-1	85	57	53	35	38	96	54	6	92	71	69	16	35	65	12	26	5	28	20	92	4	25	26	32	26	43	54	73	17	83	33	12	51	10	80	19	19	40	27	53	68	35	47	25	86	15	2	66	91	17	21	2	96	6	56	73	52	
93	87	25	75	31	33	67	91	6	56	73	99	28	48	46	37	58	85	61	93	76	53	98	94	26	43	77	93	87	25	33	16	37	28	44	70	94	49	27	8	53	54	68	-1	85	28	39	38	64	29	31	73	37	30	78	47	35	90	67	35	74	92	89	99	81	18	81	35	37	59	11	68	34	52	99	66	93	85	26	53	8	70	49	29	6	7	19	41	22	41	58	10	25	58	72	97	1	1	3	30	
17	58	78	1	22	98	25	9	13	54	95	83	14	96	51	17	95	75	86	12	86	40	94	23	6	60	94	85	17	16	28	41	93	35	74	11	20	15	54	98	74	39	36	56	-1	25	83	65	45	40	20	21	60	51	74	69	18	50	91	75	28	28	53	77	35	54	15	60	15	27	56	88	48	15	17	100	40	31	4	68	4	19	36	30	20	66	59	93	86	33	18	3	94	94	68	51	66	31	29	22	
2	4	32	45	33	77	15	6	66	88	58	86	12	81	63	20	34	35	40	60	13	2	21	62	51	65	4	68	8	29	58	17	31	67	87	92	43	51	33	40	75	73	5	29	31	-1	53	51	95	12	21	88	9	29	46	92	69	75	75	37	93	22	60	56	33	29	23	90	76	55	59	51	17	7	86	70	51	18	65	30	26	99	41	39	32	55	28	68	6	73	56	71	75	51	7	61	59	27	36	72	
99	1	1	98	89	42	18	68	94	44	57	75	51	10	6	85	100	35	85	96	90	58	29	38	45	65	31	53	9	94	63	25	72	97	19	42	100	59	86	11	13	3	74	3	69	35	-1	17	19	71	25	60	68	2	46	69	63	14	82	99	86	73	34	16	38	59	47	26	29	66	44	61	76	11	73	72	12	16	60	65	25	12	8	74	89	20	25	13	2	48	8	52	66	65	87	98	25	4	6	12	
89	67	15	40	94	74	87	78	77	93	78	31	81	79	82	50	74	58	15	85	69	54	69	37	73	35	96	70	64	35	19	5	57	79	97	10	65	73	65	92	51	30	85	23	65	5	69	-1	22	83	59	7	68	42	60	42	11	65	98	43	15	27	28	15	77	17	14	18	84	77	24	11	60	32	92	45	100	8	8	6	95	21	99	98	35	92	42	94	2	48	1	10	42	45	76	43	66	98	81	5	
62	51	95	16	27	95	75	94	87	78	53	52	51	71	21	52	49	56	56	43	81	1	58	18	51	50	85	6	63	35	22	28	71	70	66	62	20	96	76	35	91	32	24	89	78	61	67	37	-1	99	25	10	59	57	85	12	55	29	94	44	59	22	48	10	21	60	7	69	43	37	68	89	77	17	57	18	79	71	63	44	25	65	91	60	3	49	39	43	48	92	98	62	45	44	98	86	89	36	33	52	
12	46	86	8	97	88	69	49	44	99	30	56	87	78	70	10	83	82	79	91	27	77	5	89	57	32	24	88	44	96	80	43	5	96	38	91	76	21	77	11	86	6	57	43	5	2	43	80	99	-1	55	97	68	22	12	91	99	47	3	46	22	30	31	8	55	81	71	61	64	65	56	52	82	65	7	17	41	57	19	17	75	66	41	2	78	70	16	57	74	79	76	25	55	62	50	6	46	18	98	62	
17	51	24	26	56	59	94	60	55	60	2	28	9	90	87	9	66	75	30	34	52	44	80	36	90	26	24	57	93	78	46	1	40	57	13	96	75	99	33	53	83	33	86	73	20	93	14	83	66	81	-1	58	78	80	47	82	31	29	76	15	37	89	78	54	11	20	8	69	49	65	68	61	69	26	34	88	11	54	52	18	26	83	31	87	46	93	85	59	7	39	37	4	87	72	22	71	39	13	4	93	
69	65	71	61	94	20	89	59	26	45	62	66	60	58	7	65	48	5	4	95	75	52	37	33	42	68	66	88	73	71	41	80	69	99	32	82	59	94	28	1	3	39	77	3	81	89	91	65	31	79	36	-1	45	51	32	7	70	94	12	53	66	49	78	22	79	20	3	95	55	40	14	49	6	49	34	95	44	95	46	8	51	28	95	71	9	3	43	49	2	4	27	45	45	84	86	88	33	58	65	55	
46	26	42	88	27	36	73	42	46	24	95	77	74	9	49	47	25	40	13	65	42	87	83	92	100	33	79	48	72	79	89	29	99	80	41	51	40	97	52	24	76	64	70	64	11	97	17	58	70	49	6	96	-1	30	59	31	95	16	1	37	12	84	76	59	90	95	14	70	80	76	91	47	6	71	57	2	95	65	17	91	82	67	31	82	86	57	92	7	9	20	34	44	28	87	100	43	55	58	80	59	
53	60	74	49	67	79	57	54	72	25	83	16	20	74	28	66	46	43	91	91	12	45	94	45	18	46	32	57	71	19	15	63	84	71	98	68	77	51	95	24	97	43	41	14	23	59	30	16	30	97	51	19	62	-1	98	17	50	32	92	78	34	33	83	63	10	26	46	72	60	58	48	16	39	42	90	99	58	65	63	5	25	20	87	69	35	77	92	18	8	32	74	80	20	88	61	10	88	98	17	71	
63	83	5	7	27	53	30	88	37	36	38	95	14	41	68	28	39	23	83	93	60	8	71	34	13	73	38	94	21	26	99	96	98	48	63	68	48	72	17	72	89	17	35	26	5	85	57	44	44	20	66	78	16	61	-1	45	98	23	8	42	58	29	4	36	41	37	33	73	43	26	85	96	75	68	4	23	66	88	48	21	61	8	78	9	57	50	22	56	62	48	37	40	95	100	61	97	100	64	5	56	
21	53	42	70	82	8	17	1	93	14	93	93	84	76	55	26	27	5	65	17	42	94	20	4	71	86	65	70	57	84	86	43	69	53	64	96	71	95	91	50	65	34	26	25	80	77	33	30	60	16	60	32	48	91	4	-1	19	100	39	20	6	58	43	14	7	68	15	78	93	89	95	88	21	86	2	81	60	41	81	78	48	6	25	84	64	86	10	59	73	42	12	97	42	13	43	50	24	4	57	78	
67	1	26	82	75	66	33	35	98	92	50	11	46	95	35	85	66	23	10	3	61	63	83	74	42	26	98	73	13	15	36	94	50	73	83	38	76	35	43	100	33	84	86	3	60	34	82	11	13	56	29	77	20	82	37	97	-1	25	59	74	85	67	81	37	95	63	64	14	40	99	60	80	87	10	93	47	16	39	76	34	49	74	40	58	8	29	20	55	15	35	74	82	36	53	24	10	85	54	63	83	
23	25	58	92	49	72	96	36	60	71	16	59	21	5	59	97	78	5	50	16	80	73	91	17	68	80	82	41	72	58	17	34	81	9	19	91	75	81	92	72	36	47	98	25	85	57	93	2	85	8	89	31	47	67	60	25	71	-1	59	3	77	32	68	70	95	20	48	18	53	19	89	13	93	96	71	6	96	38	98	19	73	82	1	29	14	78	96	23	65	58	83	77	33	12	35	94	42	37	77	68	
26	10	77	47	82	12	21	41	69	44	29	36	63	9	61	40	72	63	69	87	13	60	12	10	91	29	36	90	99	16	5	31	83	75	45	51	71	7	74	10	42	70	2	77	34	58	67	8	48	3	49	53	25	63	17	81	98	3	-1	3	85	75	25	19	46	66	84	52	4	44	63	93	69	44	90	28	32	39	77	40	92	52	98	57	47	9	5	75	87	30	22	91	68	60	19	76	29	84	3	82	
83	97	42	72	15	36	10	8	91	7	61	75	33	55	88	5	28	21	11	69	63	31	14	80	57	91	75	76	9	10	41	9	55	78	29	15	27	44	75	1	34	84	31	41	82	29	12	28	45	66	57	60	93	13	74	76	98	57	53	-1	90	93	46	6	62	56	84	28	71	93	30	33	24	4	67	91	49	99	82	47	86	12	62	43	79	5	84	35	4	67	28	37	99	65	34	10	64	42	25	98	
24	14	48	31	17	4	33	1	16	92	82	42	96	36	14	84	67	4	84	97	87	94	90	95	22	54	41	100	29	6	94	81	1	65	92	95	43	37	9	37	98	82	66	78	66	85	39	86	35	9	53	68	99	81	10	79	24	3	70	65	-1	89	27	36	75	3	6	49	43	59	60	70	98	62	96	68	78	95	92	71	3	40	13	31	88	72	83	71	64	5	96	55	58	9	85	73	29	37	70	42	
72	40	99	10	33	13	11	89	97	36	80	59	48	10	90	23	69	31	89	75	79	40	29	31	69	37	85	15	15	52	68	25	10	58	70	100	82	30	77	62	94	4	69	36	16	12	26	63	58	91	46	1	4	45	47	62	94	48	94	16	89	-1	71	60	17	57	39	15	96	69	34	28	53	98	68	8	49	57	91	85	89	40	58	62	13	39	81	69	80	31	7	8	82	58	91	78	38	48	1	12	
70	2	52	40	91	45	56	40	93	5	62	5	35	35	93	42	91	4	76	60	49	14	37	52	68	20	48	7	4	57	16	60	10	45	85	31	41	67	19	1	82	54	18	40	35	3	50	84	95	6	69	63	97	13	87	9	10	57	53	2	31	58	-1	85	24	52	81	77	35	98	4	98	92	75	42	22	90	55	67	5	83	5	38	5	30	20	2	56	27	59	38	59	68	4	64	64	58	80	47	75	
28	21	31	60	39	16	98	79	93	93	61	62	60	13	80	39	97	78	89	77	78	17	18	57	84	1	23	64	84	30	67	3	32	72	61	62	33	97	73	37	7	80	83	75	33	59	64	64	73	32	24	66	35	67	7	48	46	3	18	90	82	82	81	-1	59	13	78	74	51	55	26	33	47	27	12	70	63	45	4	42	80	81	4	90	66	61	41	63	3	54	90	75	1	95	5	52	80	50	27	22	
96	51	59	68	38	98	17	62	64	68	18	21	62	21	87	70	42	81	87	72	7	61	39	80	18	59	77	98	13	32	11	93	28	60	36	51	77	7	23	66	43	39	58	27	26	6	38	89	53	50	70	32	12	58	60	98	16	38	95	17	76	26	18	11	-1	32	18	45	78	73	22	22	64	87	53	61	2	61	23	43	39	12	48	100	63	13	53	63	57	60	93	40	34	93	44	4	3	84	54	22	
29	41	51	74	70	72	66	81	47	99	8	60	48	58	19	6	43	46	27	23	92	73	79	38	89	69	10	89	98	51	91	88	71	38	87	3	37	36	31	20	45	7	42	72	83	88	4	32	30	25	43	79	41	4	12	99	9	76	61	93	100	90	82	9	58	-1	27	61	65	21	5	95	29	70	34	48	98	77	86	66	71	38	63	5	5	42	25	69	50	44	29	8	32	9	84	73	3	64	81	86	
16	78	27	98	75	76	96	62	24	39	95	33	97	1	19	33	72	72	95	88	98	28	16	43	27	32	70	42	36	82	76	53	45	3	79	45	8	76	20	97	1	38	51	30	36	4	26	56	52	79	3	72	33	46	35	3	24	15	79	57	58	23	99	62	70	29	-1	89	67	91	34	70	80	9	57	11	40	91	54	23	81	13	43	24	14	62	42	56	3	41	100	64	48	63	25	75	93	44	57	48	
88	40	34	23	79	64	7	59	39	53	13	56	61	91	20	59	72	73	40	23	99	56	72	69	45	1	2	71	39	52	57	100	96	83	12	27	10	78	7	98	72	92	23	77	59	86	97	100	97	70	87	53	32	51	83	61	99	31	32	28	67	13	1	51	76	64	23	-1	1	66	67	10	93	38	27	85	52	15	66	99	94	2	37	85	5	49	4	20	1	27	33	69	61	25	6	71	58	35	47	80	
10	86	39	8	100	33	62	19	10	17	95	22	13	94	46	52	80	10	93	77	36	40	31	94	27	73	81	9	8	14	4	44	21	51	6	93	26	17	44	29	66	98	73	98	54	77	45	61	50	88	61	16	39	10	68	38	86	48	53	100	7	43	63	64	47	55	13	61	-1	75	75	11	6	97	97	60	62	5	47	3	72	30	98	15	34	9	70	70	55	41	98	33	64	23	21	33	11	4	4	98	
47	72	54	11	64	66	39	89	52	77	97	98	28	73	68	1	31	99	82	77	79	73	81	67	25	77	1	32	40	51	50	2	53	69	31	6	33	99	86	50	42	71	46	31	30	42	39	22	14	88	68	75	39	29	39	66	75	85	1	37	58	21	51	34	85	37	77	45	30	-1	36	84	41	77	79	78	15	99	6	93	18	57	45	48	5	43	2	51	6	41	82	68	33	94	17	17	64	84	41	88	
56	27	22	21	84	37	16	34	44	69	9	61	61	2	30	33	19	91	59	82	63	93	65	42	58	64	55	32	98	97	4	92	51	79	45	63	41	6	58	53	96	1	66	48	87	98	26	99	53	98	5	34	10	29	17	24	98	4	57	90	71	74	71	78	91	68	96	24	67	3	-1	66	67	65	70	69	40	1	61	42	78	28	2	55	93	21	22	15	13	52	65	81	1	18	97	78	29	50	88	44	
91	17	21	32	5	61	78	83	68	1	11	73	71	6	93	62	87	69	47	94	65	71	25	63	85	41	23	84	21	22	56	96	33	81	84	99	54	75	39	80	40	24	72	44	1	41	16	90	23	90	50	43	100	57	42	48	68	75	44	42	63	45	8	1	29	46	24	36	98	79	26	-1	75	41	3	3	34	56	95	30	38	53	57	45	10	67	21	97	84	96	16	52	59	86	45	68	14	35	32	5	
2	17	97	95	85	2	68	33	12	49	18	57	51	73	68	81	34	9	63	25	62	88	64	15	99	54	24	79	32	56	91	31	18	84	32	90	74	67	17	62	74	91	5	95	12	24	29	82	43	63	27	80	78	9	15	96	88	24	72	3	27	2	39	73	87	34	42	74	41	89	80	26	-1	3	86	99	2	78	93	38	4	27	60	9	33	42	33	33	36	4	78	92	90	74	35	60	8	78	96	27	
96	94	67	19	29	7	98	98	20	80	76	29	75	91	60	85	79	27	19	78	7	83	67	100	73	94	23	70	80	79	61	5	29	86	45	28	14	88	24	77	78	59	49	65	22	74	87	83	63	24	96	10	53	54	96	100	43	78	81	17	5	69	81	77	59	5	44	69	58	99	19	96	23	-1	59	33	77	14	66	90	11	85	91	10	26	86	37	3	40	42	59	1	14	35	53	4	27	62	14	31	
65	45	91	64	59	93	99	60	95	55	83	80	93	96	28	16	12	57	39	51	20	64	44	55	71	57	90	39	87	36	18	82	8	91	98	74	94	74	76	72	82	49	30	98	70	38	12	46	61	20	28	33	20	91	14	92	38	28	33	57	70	95	64	89	90	52	84	85	37	7	89	91	30	8	-1	39	42	28	1	59	49	98	61	94	35	72	57	57	71	85	44	89	54	74	8	69	85	31	83	34	
1	45	20	47	84	67	75	97	10	41	30	24	44	9	9	82	8	20	82	36	32	94	69	27	59	77	31	60	49	19	14	92	51	52	29	65	96	17	67	49	26	27	57	36	67	84	23	35	93	60	8	51	92	3	3	3	59	41	36	38	38	10	7	57	58	79	65	68	45	72	36	62	40	56	34	-1	34	67	74	73	79	96	69	29	83	78	54	49	64	2	8	55	79	55	56	31	54	43	95	18	
83	38	57	38	97	34	78	32	63	31	30	89	34	84	5	59	12	30	86	80	46	69	5	31	94	44	73	53	30	16	82	26	51	48	90	97	37	84	95	41	6	63	74	12	77	49	78	64	66	33	2	9	15	95	39	70	8	65	50	15	26	23	73	50	84	69	60	40	23	56	22	7	92	43	21	18	-1	76	16	78	97	75	49	76	45	20	16	68	22	16	23	97	59	69	32	17	69	65	68	24	
69	87	84	91	91	85	64	19	15	22	68	11	97	78	53	43	7	40	93	99	96	23	61	68	98	80	41	13	85	87	57	64	14	48	27	14	13	60	29	16	87	96	17	32	58	89	94	39	14	40	85	84	51	72	75	5	16	39	76	4	48	85	29	66	80	55	6	23	8	98	87	60	49	73	72	44	26	-1	28	6	96	53	15	40	95	37	48	2	94	97	9	92	88	32	32	19	80	43	43	68	
94	2	54	97	95	22	14	31	37	34	57	96	82	85	43	38	52	16	11	89	41	97	86	6	40	63	11	7	56	78	73	25	55	1	25	95	69	98	6	61	42	66	9	84	29	38	64	24	55	77	92	64	28	7	51	93	56	18	75	54	8	67	96	49	50	2	78	33	90	69	30	51	47	62	94	67	2	44	-1	76	97	24	60	64	32	98	57	44	93	44	28	56	62	18	92	53	73	3	57	26	
4	3	99	86	87	84	13	64	56	95	3	96	21	23	89	10	75	91	77	29	38	60	83	21	14	65	6	43	24	54	34	84	47	14	87	33	52	33	65	39	72	41	54	39	89	37	12	15	24	82	35	92	93	12	49	83	35	93	65	23	58	96	52	45	78	33	70	20	87	62	48	86	45	65	6	70	56	60	24	-1	10	48	45	37	16	77	56	55	25	99	14	96	73	28	99	24	9	94	62	53	
22	94	83	79	41	53	29	35	84	35	74	14	96	33	55	90	99	79	96	9	8	53	4	29	64	45	17	10	47	34	11	13	36	75	24	66	17	20	91	89	95	36	41	86	16	42	12	37	2	74	20	43	27	26	71	94	57	17	20	26	8	82	82	61	17	90	66	28	34	44	9	52	43	97	39	64	55	48	25	59	-1	8	38	29	40	91	56	91	28	71	45	62	72	43	35	45	80	78	58	67	
47	51	71	41	11	61	86	26	28	5	1	92	40	93	7	9	6	47	62	68	3	83	60	9	4	81	100	3	21	55	63	36	17	37	57	10	56	1	61	80	5	61	35	50	100	87	78	94	95	48	37	11	27	24	54	79	61	25	97	55	73	75	49	34	23	31	68	4	13	78	12	60	84	64	22	67	94	79	42	66	20	-1	58	91	22	43	87	12	71	72	84	23	71	28	54	89	99	33	50	86	
43	79	25	90	69	33	93	49	8	84	16	19	23	8	44	39	38	68	20	49	33	17	74	85	82	78	1	18	21	7	49	66	46	85	37	8	1	44	69	80	39	64	68	26	47	77	83	45	28	19	26	41	29	64	86	71	84	91	48	64	39	16	25	13	35	37	63	37	91	25	19	23	90	35	27	70	100	29	58	86	94	49	-1	2	92	71	33	85	13	77	30	86	83	40	94	82	69	57	5	47	
45	27	76	44	35	91	97	14	55	61	22	26	45	38	17	35	35	87	95	42	88	21	36	92	96	62	55	63	65	65	98	52	64	13	44	20	79	72	57	69	49	58	62	86	54	23	50	2	29	89	79	2	15	80	81	6	15	88	100	89	34	5	96	66	51	65	66	30	99	60	25	91	45	67	78	43	22	48	43	70	31	37	97	-1	52	95	47	9	55	46	54	52	83	58	58	79	38	57	20	98	
30	51	46	11	5	98	79	53	77	36	79	65	32	24	71	49	53	70	80	100	55	27	76	53	46	96	40	67	4	31	92	84	17	100	92	96	90	93	36	57	7	60	43	84	35	84	83	87	5	98	4	69	19	89	86	65	85	20	96	79	91	47	14	51	63	26	89	32	51	73	98	8	94	6	36	40	88	51	46	82	51	79	80	37	-1	11	25	100	2	13	79	68	8	84	43	35	17	48	83	25	
7	84	46	31	83	5	27	18	9	19	94	82	28	71	23	94	60	22	53	46	66	54	32	70	14	26	51	81	48	86	73	24	44	72	12	28	42	17	90	17	38	83	8	28	3	22	88	36	30	1	91	4	9	35	51	8	29	50	97	2	1	44	7	42	72	59	68	57	33	77	40	25	9	57	17	5	4	36	42	60	75	51	15	3	41	-1	24	21	60	53	12	35	88	16	16	77	63	87	15	37	
38	55	10	32	98	72	12	74	16	50	80	63	20	63	69	96	85	20	34	69	96	89	59	49	21	88	47	84	75	57	93	71	40	98	11	98	60	84	5	58	44	47	3	45	67	93	7	66	12	64	81	3	58	11	64	81	55	67	84	75	31	18	11	87	77	68	53	54	67	36	55	77	23	49	21	87	52	38	8	21	22	35	88	72	17	61	-1	54	5	68	83	15	75	45	10	73	56	19	90	80	
53	40	90	67	67	36	5	93	38	93	6	41	50	9	22	24	39	45	20	49	57	83	61	6	18	2	76	11	50	12	11	11	66	65	76	9	61	15	75	19	57	5	41	97	4	43	64	93	44	42	3	59	27	72	5	22	22	51	61	8	2	22	33	39	5	64	31	32	51	71	11	8	80	4	58	57	27	82	87	74	75	80	32	18	9	23	11	-1	46	79	70	49	76	35	92	6	63	95	83	23	
85	23	70	17	72	88	34	75	28	27	29	5	87	93	23	93	50	86	8	90	60	23	9	92	84	5	53	4	92	39	12	28	3	27	55	48	2	7	11	10	7	73	35	83	29	41	7	80	4	39	11	12	56	72	10	46	24	29	83	85	73	49	61	89	47	74	55	82	59	11	43	56	13	29	38	5	100	40	96	87	20	74	68	59	35	86	87	34	-1	43	82	41	62	63	86	16	52	100	68	44	
81	78	48	11	5	91	49	21	79	75	52	22	78	25	29	31	40	1	3	83	53	18	4	3	98	90	53	56	35	39	42	83	93	72	77	21	21	45	23	52	28	39	87	82	59	8	100	32	47	37	73	38	67	76	27	25	15	57	66	61	23	95	59	44	56	25	38	50	3	66	98	79	66	48	69	2	64	80	46	20	91	64	23	28	12	6	48	15	15	-1	41	49	75	8	93	8	52	93	60	15	
39	88	2	15	66	87	65	93	47	3	42	87	25	74	9	94	60	24	20	22	29	91	61	43	41	45	77	39	77	11	9	69	26	48	63	12	93	80	30	71	42	18	85	71	28	78	9	69	72	78	21	2	40	19	42	63	73	36	54	98	8	71	82	7	85	59	78	87	25	13	20	59	13	57	94	43	58	76	8	44	72	52	33	66	30	31	83	38	43	7	-1	49	93	82	57	20	81	18	1	70	
68	4	77	23	89	86	6	8	38	25	60	21	59	94	92	9	88	72	78	57	71	93	31	17	58	18	69	82	20	31	21	17	10	91	50	98	6	84	84	93	92	23	73	72	67	7	83	21	4	51	30	43	82	96	12	99	59	83	94	93	31	23	5	55	61	63	30	46	2	62	14	34	30	95	81	62	63	47	77	36	45	33	9	98	63	24	58	63	52	95	42	-1	24	34	97	7	45	65	10	98	
42	75	10	89	77	42	65	2	63	24	82	29	75	35	67	28	82	59	50	80	32	23	85	71	49	25	87	20	71	31	42	26	67	7	15	73	94	79	40	5	18	68	13	36	18	94	86	14	30	17	40	28	54	54	69	98	52	81	24	72	8	89	45	2	76	53	29	98	8	18	42	82	84	25	34	91	100	70	69	85	87	69	67	84	34	56	10	55	91	21	40	58	-1	21	6	93	37	34	82	72	
67	72	1	78	9	89	7	79	28	17	8	47	43	100	24	32	69	36	98	22	61	27	10	99	48	65	67	73	93	13	77	60	86	26	27	100	49	64	100	10	15	86	44	66	78	30	65	33	74	11	11	32	26	70	91	29	44	21	62	89	20	20	26	77	29	69	29	44	87	53	2	57	58	83	44	85	32	72	92	72	29	72	91	84	40	96	52	26	55	60	34	24	51	-1	76	33	71	77	57	62	
30	92	73	56	47	99	7	2	48	66	99	46	12	92	50	58	39	84	93	25	51	57	43	60	48	77	72	83	59	9	35	46	58	86	80	87	39	84	47	73	47	95	59	82	85	69	6	65	71	90	52	55	62	29	22	75	44	72	9	31	51	47	75	61	45	77	37	58	59	59	18	74	58	57	3	96	18	58	56	19	5	77	77	97	84	89	72	43	76	98	94	49	28	41	-1	4	84	21	31	49	
81	34	77	57	84	1	38	91	32	77	67	71	96	13	19	41	19	42	55	26	56	60	5	40	54	35	21	7	18	67	94	63	81	84	57	59	75	52	79	61	47	85	6	15	97	84	6	60	98	26	84	75	3	93	23	35	5	46	9	60	27	84	35	96	88	1	93	77	83	63	8	50	72	38	22	9	49	56	51	57	57	90	68	68	31	53	76	10	42	7	6	94	72	78	10	-1	75	53	37	11	
55	69	6	73	45	52	60	94	33	76	51	18	97	32	56	3	40	85	1	38	97	14	24	11	33	40	15	59	1	61	48	40	24	92	66	41	32	42	44	43	54	67	67	59	47	36	10	20	56	67	49	3	77	16	39	62	26	15	70	46	14	18	18	48	77	36	77	66	11	10	44	57	97	97	26	45	88	92	39	57	68	79	90	17	66	88	23	97	77	74	34	82	97	35	36	39	-1	61	50	93	
54	51	68	49	27	82	78	59	2	3	36	58	48	87	49	30	14	87	15	16	61	81	88	17	5	39	36	48	52	49	9	8	66	64	5	15	83	80	79	50	72	21	17	85	70	45	31	63	47	41	92	21	2	91	25	42	65	67	94	71	97	4	81	76	81	37	92	63	87	55	63	62	52	6	58	71	35	35	11	92	55	100	59	8	32	50	81	81	39	22	88	90	20	11	99	23	1	-1	95	5	
75	76	32	90	45	94	33	95	28	22	73	1	72	100	43	68	12	6	91	13	58	18	11	10	83	70	50	22	99	8	37	5	73	86	55	48	58	1	50	12	4	17	31	39	9	92	22	52	1	82	73	4	73	52	87	65	64	67	20	70	63	12	40	59	71	25	95	86	17	63	79	2	11	6	71	63	90	64	2	50	7	14	45	35	82	71	10	68	11	98	14	96	95	3	15	83	55	69	-1	77	
47	78	22	13	68	61	14	16	68	15	36	83	51	31	67	79	13	85	96	11	11	70	57	47	39	87	26	55	70	4	65	88	4	22	75	59	95	67	33	76	79	67	12	40	50	35	5	70	74	34	67	62	3	16	70	60	7	46	80	20	87	97	98	1	56	71	6	91	73	67	26	19	83	84	52	90	91	84	63	7	82	61	44	81	23	25	38	16	100	66	51	13	18	52	52	16	63	66	83	-1	
