100
-1	31	11	49	60	48	79	67	16	80	5	32	53	20	69	52	31	13	3	87	91	75	94	62	10	56	13	50	12	21	46	97	53	12	31	12	58	61	19	17	43	98	46	90	83	9	79	17	15	67	29	33	76	91	39	29	23	67	69	92	18	23	84	52	81	24	45	11	75	71	69	87	6	21	95	89	35	17	66	49	49	80	40	35	95	48	100	61	14	60	48	83	70	43	46	31	36	64	84	7	
83	-1	21	81	3	17	34	26	59	49	55	57	20	79	80	49	14	51	81	2	34	13	63	26	29	12	30	80	5	30	87	41	78	8	31	92	55	98	77	45	78	49	8	61	98	51	48	95	4	91	95	19	24	89	27	72	12	16	71	83	9	10	6	38	53	24	31	45	69	32	77	52	72	79	64	60	55	14	28	15	58	86	38	66	35	82	97	81	38	34	95	98	13	98	56	57	73	65	82	64	
32	10	-1	58	5	84	38	90	88	59	23	83	39	77	61	97	7	8	64	5	45	86	41	1	41	52	12	98	78	28	45	99	81	68	93	33	30	37	43	91	17	43	68	2	25	7	24	100	15	81	82	42	53	92	30	34	13	58	45	16	71	96	1	91	45	28	77	70	74	41	98	46	33	73	7	65	29	18	39	49	9	55	18	20	16	67	17	78	52	98	93	85	38	63	56	85	12	2	62	28	
86	83	27	-1	76	2	83	6	75	61	89	90	21	17	35	86	48	78	13	34	88	81	2	51	70	74	3	88	75	16	73	15	60	37	3	74	76	100	67	27	92	35	47	12	67	16	87	11	54	11	5	37	29	29	69	21	26	4	3	91	33	7	93	9	6	27	53	35	79	13	59	74	1	86	6	26	8	89	13	48	57	12	7	29	40	74	60	41	2	79	30	14	69	40	79	89	97	56	37	93	
61	7	17	53	-1	46	47	61	44	79	36	11	91	2	76	63	39	34	71	37	16	34	11	74	61	68	87	77	65	89	45	39	17	73	26	71	38	90	13	88	26	50	98	15	70	56	24	97	79	62	52	93	26	49	77	66	52	24	97	36	17	96	49	27	99	35	56	80	43	26	72	11	56	33	30	20	87	76	7	22	81	53	94	88	14	67	44	58	62	69	93	36	99	87	49	86	47	81	67	4	
14	97	40	6	33	-1	17	28	22	76	14	1	24	33	7	20	83	98	29	44	14	89	43	16	58	65	24	84	78	56	80	34	66	36	44	98	29	46	62	5	85	77	41	14	12	38	99	63	64	32	3	37	50	11	93	44	44	41	91	94	52	76	79	82	24	96	95	49	20	4	67	80	33	68	53	79	7	58	77	1	56	37	12	8	94	97	7	75	39	85	32	75	73	73	96	78	1	20	69	30	
99	100	9	53	62	92	-1	7	27	15	35	98	24	16	5	37	8	95	35	82	13	52	62	46	88	83	72	23	66	85	2	6	4	70	17	3	68	96	100	79	46	22	34	94	36	31	68	17	45	11	64	54	40	58	39	53	88	80	13	97	70	29	71	11	59	86	54	6	50	27	9	4	57	62	42	32	79	52	21	13	92	55	14	66	86	96	22	6	23	38	91	90	27	19	95	72	15	49	30	82	
30	11	43	11	39	89	29	-1	93	79	33	34	45	48	52	31	67	22	8	49	5	5	51	20	17	16	72	10	72	21	8	22	2	88	36	25	48	100	34	85	61	39	25	13	24	42	76	80	84	1	97	29	49	7	94	34	66	30	8	55	48	84	64	54	42	81	91	85	54	45	80	23	95	40	12	31	82	60	85	17	14	86	67	78	87	29	23	22	3	35	76	76	32	8	64	74	92	76	62	85	
29	68	61	39	95	73	74	100	-1	81	56	85	14	64	81	22	76	98	97	9	56	29	81	90	83	74	90	39	14	73	22	71	62	62	100	88	17	2	42	94	67	98	41	66	62	47	75	30	10	83	5	10	64	23	28	64	93	21	57	71	93	56	73	64	20	65	90	25	61	64	27	87	18	44	56	31	43	83	30	59	2	65	36	29	25	3	78	12	58	7	97	51	84	78	35	63	31	73	24	16	
58	36	57	30	39	44	68	100	55	-1	67	21	41	78	93	3	86	73	93	81	80	65	57	58	26	47	58	87	14	7	83	77	57	22	47	67	36	19	57	41	40	83	100	69	76	67	39	12	14	62	26	97	10	44	86	85	22	94	82	90	67	27	42	22	88	47	32	42	13	54	57	68	5	98	57	4	60	1	34	2	99	29	78	64	16	53	35	49	82	89	46	79	69	8	95	57	70	49	36	8	
73	71	48	32	26	62	23	69	26	79	-1	63	2	6	2	92	32	69	57	35	19	62	83	55	2	100	38	6	80	9	30	11	4	25	40	56	49	19	17	53	84	68	75	5	38	51	92	93	96	81	92	39	54	70	17	17	88	3	5	66	11	62	81	80	47	75	27	94	27	16	29	80	18	47	63	29	29	67	32	40	29	56	94	58	78	63	80	19	40	24	69	19	69	2	9	75	67	28	73	40	
71	98	48	40	78	24	20	58	91	96	7	-1	38	46	34	38	97	43	75	17	18	74	6	57	7	66	15	43	38	35	25	54	90	12	91	78	80	20	89	94	77	1	72	55	95	79	19	69	16	62	95	59	13	86	58	38	87	42	39	31	46	3	37	50	32	78	8	13	52	13	72	100	94	30	1	69	30	100	83	68	62	74	27	57	45	13	86	12	14	65	92	9	90	67	31	40	45	90	77	59	
49	32	92	96	36	42	81	92	31	62	62	17	-1	44	83	88	46	62	74	31	19	29	68	76	28	60	68	45	78	65	63	7	18	39	69	40	68	59	2	50	22	31	28	57	68	61	18	12	19	47	98	65	99	67	75	42	34	28	94	14	18	53	77	88	36	98	57	38	77	77	61	70	77	38	38	34	47	2	6	81	84	32	55	92	32	50	36	53	17	3	39	70	53	93	37	30	50	4	42	73	
87	91	7	80	62	95	81	94	44	78	31	93	73	-1	87	67	85	97	94	69	27	94	100	13	45	74	92	10	88	51	84	83	33	98	28	48	36	65	91	52	2	92	94	78	98	34	17	30	42	79	72	49	27	96	45	3	71	83	83	24	65	49	32	45	66	77	38	61	42	66	86	95	56	55	10	86	91	2	77	50	1	34	44	81	97	45	67	74	12	10	89	72	51	38	52	14	60	98	29	45	
86	92	47	31	18	69	45	95	15	2	88	81	60	18	-1	65	28	1	48	72	69	96	97	23	37	49	35	90	9	63	3	34	97	4	28	18	91	18	6	72	38	68	42	49	55	21	90	44	18	15	96	72	40	87	14	88	99	11	76	95	39	91	69	41	76	48	11	80	19	82	73	26	74	57	50	66	78	47	16	16	7	99	70	23	23	9	37	13	99	36	17	61	46	24	48	29	66	18	63	25	
4	73	51	96	59	42	42	83	72	70	94	74	12	62	2	-1	80	95	90	16	50	7	42	29	20	28	79	87	2	15	98	24	16	77	79	20	29	9	31	85	89	68	17	61	98	76	94	79	15	43	23	66	74	90	96	46	48	53	30	12	90	32	21	60	90	18	27	32	62	37	80	36	44	11	18	25	63	40	36	39	1	67	30	6	86	1	11	78	24	71	91	77	74	20	97	85	94	16	75	7	
58	82	61	36	47	88	68	93	97	38	9	40	54	16	1	25	-1	73	66	17	94	36	8	72	11	1	11	28	68	45	5	10	5	70	81	30	78	43	31	27	79	58	64	51	95	29	9	58	83	88	64	27	50	13	72	15	46	65	98	88	65	70	64	88	17	6	92	24	77	47	52	51	97	19	46	48	36	91	82	55	76	98	39	69	85	91	9	62	13	94	36	43	48	38	50	30	8	1	10	93	
100	80	8	32	100	87	30	70	47	43	16	46	67	100	64	20	29	-1	81	17	87	18	33	41	31	81	89	97	86	78	44	52	42	34	42	30	63	44	52	2	35	99	98	34	17	61	81	70	6	24	100	68	29	67	54	58	82	11	70	88	77	99	18	32	20	52	68	67	62	21	30	33	9	18	39	4	51	95	18	85	69	75	71	12	59	37	52	58	3	72	6	11	19	74	28	57	25	50	70	5	
18	90	30	96	10	78	59	43	32	43	79	34	31	66	95	47	15	8	-1	48	41	17	18	56	71	29	49	37	67	7	4	2	14	20	17	83	18	33	12	94	5	76	49	19	64	34	37	43	80	68	28	49	72	30	22	61	83	21	2	66	91	97	18	89	10	50	4	11	95	94	72	15	65	31	63	23	23	32	47	96	28	18	17	92	69	97	79	28	3	77	82	91	55	6	7	98	79	30	20	59	
48	21	57	70	68	77	99	30	52	63	78	74	90	33	98	33	23	90	3	-1	78	72	75	9	47	82	32	12	2	95	74	72	97	23	26	61	49	8	26	82	69	50	46	92	4	6	13	28	87	75	93	92	3	37	97	70	58	53	18	93	52	70	100	74	53	99	37	26	46	24	58	33	28	49	17	78	55	64	91	71	26	3	42	99	34	26	18	27	10	46	56	94	34	62	23	68	79	81	30	13	
65	96	81	77	50	6	28	71	2	61	29	59	47	74	54	32	80	8	49	38	-1	40	32	90	15	44	9	54	76	13	35	97	74	83	53	39	49	39	7	43	33	30	72	60	91	6	20	63	15	52	2	32	4	47	80	76	39	87	26	75	80	90	56	79	45	83	34	9	11	52	67	46	6	26	21	44	41	10	66	50	96	6	36	74	57	49	49	22	71	7	74	65	36	100	100	98	45	58	24	29	
1	41	95	1	92	91	5	10	15	64	99	79	70	4	46	51	36	94	63	84	40	-1	19	24	100	74	56	52	27	51	8	81	41	25	13	61	56	37	61	67	84	58	91	68	99	26	16	21	67	83	51	74	98	83	52	24	56	20	61	91	55	59	36	47	47	24	97	64	71	49	15	31	28	18	8	47	36	68	50	20	26	8	12	27	20	71	1	70	77	8	43	57	48	17	91	42	21	45	48	96	
26	18	73	30	97	11	23	42	36	20	91	52	100	56	60	97	19	51	43	67	35	72	-1	24	19	96	93	60	92	97	70	47	82	82	86	28	7	82	24	31	88	26	94	31	100	57	47	4	20	77	26	90	66	38	85	78	40	98	75	4	39	81	17	30	1	81	19	48	54	73	82	89	10	13	53	65	96	2	1	75	25	31	89	61	96	27	54	37	12	5	70	58	70	4	75	56	33	13	67	72	
4	93	77	8	31	91	50	2	80	97	38	62	71	30	16	88	63	68	25	26	88	15	39	-1	31	82	66	100	41	51	20	99	53	36	94	5	25	67	99	89	53	73	79	53	44	46	5	35	4	85	34	12	61	15	11	30	75	50	35	56	31	54	92	70	43	42	96	66	31	99	93	26	71	6	45	43	90	63	35	98	53	94	62	100	45	37	57	43	45	26	75	7	19	6	100	26	41	22	51	64	
11	98	77	5	19	19	93	72	64	65	86	72	50	28	18	9	42	58	97	98	74	10	82	84	-1	100	96	31	93	47	25	11	34	40	100	7	90	98	69	85	44	81	24	1	14	56	41	4	31	6	43	27	34	65	11	52	28	84	75	23	24	10	10	24	89	83	1	51	96	16	87	51	63	17	5	75	68	67	33	19	58	10	19	91	12	99	16	81	43	7	59	95	51	46	78	74	73	96	26	61	
60	88	49	85	4	6	3	86	94	54	74	58	21	61	75	49	12	27	94	61	41	34	53	11	98	-1	14	43	73	34	58	94	5	6	6	12	46	80	1	38	25	40	97	90	23	53	13	93	77	66	10	51	20	2	80	95	59	5	15	35	37	24	6	86	99	74	99	74	62	7	21	62	32	9	49	76	41	58	82	20	64	26	52	14	83	41	91	15	67	35	89	22	11	30	35	8	8	63	7	14	
21	33	100	20	31	22	6	45	8	8	77	25	84	31	56	80	40	80	64	73	19	69	15	19	37	45	-1	62	66	46	19	74	53	82	82	66	51	63	56	67	48	84	79	26	14	58	75	74	63	81	5	58	88	79	75	81	22	29	61	30	60	10	12	18	61	67	9	8	24	14	100	9	53	29	50	16	78	27	68	95	18	60	45	18	44	23	41	52	35	61	10	40	12	81	31	34	81	32	44	66	
33	53	73	11	4	35	38	60	77	73	7	15	13	99	59	51	49	16	7	96	75	75	60	80	48	49	16	-1	88	74	95	49	75	4	68	42	34	26	94	27	93	96	70	79	73	60	52	81	19	76	32	100	56	36	77	46	65	48	28	94	20	70	77	25	59	89	28	58	6	82	94	73	8	82	65	22	46	20	69	13	42	24	32	1	17	93	41	78	31	90	9	83	16	19	30	75	100	34	15	62	
30	21	91	68	20	75	93	58	54	93	5	60	29	53	25	10	2	95	6	62	11	12	99	81	93	13	2	5	-1	36	49	63	82	86	29	42	39	6	79	4	100	20	93	72	62	48	88	65	47	44	40	40	79	53	17	24	77	50	87	46	93	63	70	18	98	59	12	97	84	62	27	29	12	12	78	22	31	90	12	62	52	82	67	15	12	5	98	55	11	56	21	8	17	34	59	14	42	9	82	78	
5	43	42	48	10	71	87	3	83	72	37	3	16	29	29	99	15	29	14	80	43	58	75	38	58	28	14	94	33	-1	3	61	67	39	61	13	25	98	45	33	27	65	65	4	91	21	41	89	92	42	20	13	3	52	38	54	46	39	46	87	89	76	14	55	50	26	22	55	36	99	89	42	42	34	66	80	48	97	9	55	62	18	92	43	12	8	20	73	46	47	80	92	77	67	26	44	41	77	83	12	
77	23	64	21	24	46	62	29	41	97	70	47	73	7	49	81	39	93	41	24	49	5	77	43	49	14	58	18	90	6	-1	31	56	56	100	41	83	17	29	98	75	22	60	99	98	57	41	25	58	4	16	5	47	30	79	14	43	81	53	6	15	44	95	40	20	33	10	65	90	33	11	10	39	23	12	45	15	11	52	69	43	40	69	27	59	67	63	18	93	33	31	75	18	15	65	74	99	49	59	84	
81	13	91	57	100	28	63	67	54	29	47	27	90	93	63	60	19	67	94	78	88	9	90	9	88	15	72	26	82	26	2	-1	57	40	95	43	20	3	33	79	94	80	40	99	3	90	96	32	67	36	70	43	74	84	65	52	91	60	56	7	8	19	69	78	84	28	21	1	74	83	86	10	65	4	5	20	53	56	30	94	17	25	48	16	73	65	41	30	82	18	78	36	23	92	35	52	71	52	29	77	
52	72	83	60	26	14	82	90	60	30	21	86	54	82	73	59	35	12	22	19	77	22	93	89	68	73	58	72	63	96	57	17	-1	5	30	1	55	94	11	97	61	32	19	83	36	61	47	81	17	78	32	78	73	53	81	41	67	26	96	24	6	51	57	75	68	82	46	2	37	99	38	73	52	98	55	74	51	62	41	44	10	7	25	94	94	90	10	94	78	42	27	36	73	92	10	85	49	50	3	60	
4	73	19	66	21	82	30	4	33	54	59	95	22	25	92	3	71	39	6	92	62	15	57	9	83	57	71	54	49	39	13	1	6	-1	91	23	31	58	27	37	64	64	13	42	68	76	81	56	55	84	64	40	40	30	2	39	77	30	56	40	50	92	30	13	67	80	2	61	22	96	70	92	62	81	82	76	96	34	94	37	16	93	34	64	40	31	51	20	87	27	37	26	37	74	33	6	44	13	62	57	
26	66	70	37	86	76	50	27	12	90	98	16	65	82	93	42	29	50	69	76	3	42	25	81	15	23	12	52	74	19	66	79	27	6	-1	80	82	7	93	77	71	10	77	85	4	65	54	88	83	8	73	49	12	37	26	84	3	80	42	58	76	76	24	86	76	45	86	71	26	47	59	97	94	92	31	44	5	30	98	12	70	44	56	46	58	53	57	53	70	60	68	16	29	53	77	99	39	60	83	44	
2	10	27	53	94	48	91	47	84	19	90	97	3	36	29	37	45	59	57	77	1	19	41	58	59	59	50	57	73	56	9	55	32	78	66	-1	27	83	76	99	61	67	76	58	46	90	50	54	21	58	83	7	44	96	49	5	11	38	25	95	19	89	14	44	15	3	20	30	44	15	35	65	43	13	93	18	7	84	49	32	27	83	33	7	44	100	78	40	27	71	71	88	86	47	80	76	97	60	52	63	
99	24	17	6	72	35	10	37	65	53	28	99	66	95	33	8	48	68	63	61	15	89	93	92	30	87	99	56	92	81	6	63	65	53	46	6	-1	21	15	19	5	16	3	85	27	15	2	24	52	30	1	94	21	75	17	75	52	97	90	52	77	53	69	99	8	53	27	46	53	18	56	24	96	59	92	79	60	70	5	92	61	7	9	29	44	30	42	45	40	78	83	45	35	23	88	89	3	48	45	73	
70	14	63	81	3	3	51	70	9	50	67	11	48	98	50	22	22	97	80	84	40	67	70	92	58	35	99	26	69	45	87	15	18	53	94	26	41	-1	99	25	82	92	100	76	99	13	36	91	95	51	11	39	18	28	69	72	63	14	45	89	36	79	77	41	60	29	68	43	80	12	68	36	76	91	91	53	94	72	24	13	34	63	69	60	24	63	91	12	68	74	100	42	29	64	52	80	92	35	51	30	
41	2	74	18	6	31	48	45	10	96	7	39	25	25	91	42	31	94	18	66	46	44	72	35	32	2	17	47	31	40	49	65	62	84	56	51	93	35	-1	86	92	85	11	4	5	19	10	20	77	45	53	41	50	69	34	23	39	16	31	29	34	94	84	35	26	76	86	90	90	61	33	14	31	98	59	8	60	32	58	56	58	56	28	61	29	40	57	6	22	43	69	51	46	95	42	73	49	98	20	97	
71	63	87	64	93	17	73	51	59	80	49	25	100	38	91	13	42	29	29	64	80	16	89	52	94	19	95	14	32	23	54	69	6	17	34	91	38	86	1	-1	40	42	11	62	8	15	13	1	14	42	71	37	63	70	91	54	11	75	47	91	2	1	33	71	5	88	9	10	72	86	69	82	23	21	5	15	80	12	52	72	84	92	34	34	95	75	4	42	77	55	89	50	6	43	23	12	82	84	21	23	
78	54	78	6	58	25	42	30	35	58	7	34	82	100	19	17	77	76	43	87	46	52	59	28	86	43	36	69	80	10	71	16	38	17	73	47	2	57	34	28	-1	61	81	13	8	77	86	56	76	45	80	8	42	81	93	36	48	89	76	34	22	86	58	38	3	99	16	98	2	30	2	57	5	3	9	88	65	12	15	10	79	30	23	83	47	54	15	27	7	56	14	24	3	64	65	5	66	74	14	77	
23	16	50	88	57	97	27	35	99	4	30	45	28	20	69	36	94	51	69	42	69	50	58	98	27	19	79	50	94	58	75	50	10	12	43	1	15	66	82	98	52	-1	8	52	90	93	25	11	16	95	21	15	24	2	60	2	96	36	59	26	52	75	44	55	78	18	75	97	37	84	62	83	45	58	57	79	71	16	47	36	17	49	63	94	45	78	98	73	6	52	35	12	23	69	44	71	27	24	73	7	
5	36	27	69	57	99	54	89	18	39	10	56	57	41	11	56	77	4	31	16	1	88	8	20	71	71	61	2	23	57	9	12	39	15	54	36	92	79	13	70	21	46	-1	99	52	94	43	73	96	92	90	19	49	67	39	9	11	72	46	92	88	100	62	64	67	13	97	2	44	31	92	51	56	6	19	85	91	42	15	70	55	62	50	47	43	5	59	11	55	66	66	20	34	44	78	61	29	30	33	81	
18	34	12	62	57	63	45	69	9	59	65	26	19	87	1	55	34	4	82	94	39	62	99	90	99	89	24	25	44	25	41	95	37	78	73	50	32	50	15	3	99	23	60	-1	36	83	4	31	42	87	26	33	13	24	30	89	1	11	21	7	27	64	32	75	37	49	53	21	18	14	86	54	66	16	25	49	40	23	11	27	29	93	25	56	96	16	7	79	10	90	71	88	8	15	18	60	59	23	1	61	
19	82	27	94	95	44	36	5	88	92	77	18	63	72	95	79	12	34	34	87	1	81	19	83	52	11	83	24	100	30	45	48	73	60	57	99	81	96	14	49	62	21	67	33	-1	81	73	22	54	5	74	9	59	41	64	65	24	82	35	91	98	61	62	20	28	43	17	64	72	77	10	98	60	26	18	11	70	43	71	97	48	22	13	2	20	63	73	53	99	31	88	38	84	97	12	84	95	33	99	96	
87	91	25	8	69	13	72	39	65	68	38	35	18	24	66	47	26	86	42	11	47	2	76	88	84	89	31	40	98	88	1	5	18	86	98	12	23	98	14	46	24	97	38	30	40	-1	75	33	10	36	87	30	51	93	76	26	1	7	72	31	4	73	28	56	39	10	18	91	30	59	67	20	59	89	61	100	25	42	78	23	21	15	65	25	33	53	4	31	73	61	43	88	11	8	8	46	46	78	36	23	
63	69	5	47	72	38	53	48	12	40	13	22	78	64	49	80	97	91	47	73	97	93	54	71	47	79	65	98	39	76	8	38	93	93	14	94	12	53	52	60	31	1	69	97	12	85	-1	50	38	35	27	40	39	95	21	44	11	75	81	70	16	64	22	61	49	85	26	62	5	3	51	95	86	74	15	38	89	51	83	46	72	88	32	92	61	92	31	50	1	12	27	72	49	66	10	48	91	88	54	96	
4	33	87	45	97	45	56	55	88	87	1	30	48	42	100	83	88	81	76	27	28	52	53	59	24	54	66	12	28	64	75	69	24	94	19	55	93	100	17	29	25	48	21	24	96	2	41	-1	36	7	12	52	56	72	8	47	26	45	38	55	50	89	58	46	73	44	6	73	33	7	76	13	7	13	26	89	8	76	57	88	84	86	11	87	76	45	8	49	42	65	60	8	22	93	67	75	75	89	89	14	
46	26	91	78	82	6	45	58	81	2	42	56	94	74	29	44	16	52	65	18	50	43	27	67	39	56	66	21	15	26	63	42	87	39	46	34	82	39	29	16	4	24	72	55	79	58	49	29	-1	96	92	69	71	3	19	10	34	42	91	14	70	11	3	80	93	35	56	94	18	78	57	67	22	61	50	17	71	59	10	93	44	59	25	30	72	24	46	83	54	90	69	53	52	48	76	57	74	63	23	33	
26	50	18	45	38	91	82	92	86	57	74	76	30	37	76	2	9	78	50	49	75	4	90	74	56	92	50	76	63	34	40	45	38	15	21	84	94	26	18	61	26	41	47	14	67	91	28	95	22	-1	4	74	44	77	27	83	81	90	79	40	54	70	69	73	92	86	33	14	37	91	55	85	39	11	52	28	87	34	69	25	95	2	83	3	36	15	92	39	30	46	21	2	4	12	44	48	24	21	71	22	
22	1	90	36	20	43	6	34	11	49	10	44	8	63	35	35	61	43	58	42	25	71	1	77	72	41	94	52	100	84	38	48	89	64	2	54	19	80	54	24	30	34	11	83	53	71	55	9	51	87	-1	74	36	86	99	11	44	72	80	12	70	100	35	14	4	21	92	16	15	61	64	61	70	88	10	92	41	98	11	44	14	38	44	44	66	13	48	84	31	79	87	45	77	48	18	54	51	65	28	19	
91	88	25	30	52	65	41	32	75	95	54	77	80	55	42	99	67	58	27	96	11	5	24	34	45	20	65	86	24	71	25	16	83	61	11	38	35	70	86	63	39	44	94	39	17	96	52	92	68	53	92	-1	90	99	25	56	10	42	8	27	83	7	82	35	43	18	52	28	69	54	9	47	82	12	93	41	17	13	58	80	34	95	83	58	23	23	13	83	94	29	20	78	21	92	46	82	87	52	54	95	
14	61	91	94	37	71	6	61	12	98	2	96	94	2	42	55	90	23	44	45	97	29	8	72	51	84	71	58	96	38	1	55	5	85	57	32	67	86	31	4	27	86	22	49	63	37	11	37	60	16	22	13	-1	56	95	80	58	98	66	69	58	7	19	18	69	15	65	77	69	37	56	64	74	7	97	44	83	58	10	87	41	9	97	19	1	63	38	88	95	29	99	80	83	48	71	74	21	60	85	89	
21	70	74	17	29	8	97	58	49	87	59	12	59	88	75	7	87	1	98	69	73	81	22	80	34	6	95	88	43	23	10	96	99	43	62	15	79	53	32	22	37	45	52	16	34	21	100	87	56	47	11	5	90	-1	38	19	9	48	22	54	59	58	69	79	33	57	28	3	36	90	11	26	27	33	20	11	38	68	73	3	61	27	28	42	33	7	51	18	71	68	96	8	41	40	66	12	70	17	16	41	
70	76	89	77	92	66	93	98	6	7	84	25	62	26	37	82	70	32	16	28	39	41	87	42	97	83	21	6	6	36	60	49	91	74	36	67	39	32	32	60	23	92	33	20	59	75	85	51	11	29	70	64	47	10	-1	7	3	42	100	86	36	73	41	99	94	57	75	76	19	55	63	97	10	15	11	5	51	14	39	9	98	71	46	21	58	69	64	97	35	42	27	18	22	35	66	33	4	38	21	4	
2	24	62	38	87	85	44	31	94	92	18	37	98	80	54	20	19	67	55	53	42	8	15	81	28	24	9	52	72	56	74	56	63	30	3	98	59	89	50	76	70	58	12	52	23	85	42	24	30	47	7	26	57	68	6	-1	46	67	68	44	34	80	14	51	13	26	25	92	39	90	95	82	84	78	7	29	30	37	9	86	65	23	3	79	61	39	34	58	94	90	95	73	19	11	96	88	91	95	90	10	
53	5	87	77	70	94	30	76	5	37	34	14	14	7	5	5	25	77	99	84	76	66	33	9	32	70	38	5	49	51	71	37	86	55	1	89	91	74	25	67	98	42	15	42	51	37	80	15	79	54	69	52	53	69	75	99	-1	61	95	88	46	88	21	49	24	39	89	54	26	78	51	15	12	92	37	96	37	61	9	60	14	35	82	37	13	61	57	79	25	81	49	14	70	47	9	4	29	10	81	8	
22	68	69	24	67	89	1	97	21	8	67	37	74	68	65	75	73	39	30	2	41	56	25	96	26	7	96	81	74	15	2	80	87	40	18	44	50	17	6	26	36	23	68	75	38	74	8	40	22	72	66	1	68	80	77	30	50	-1	24	45	54	20	30	49	99	95	47	32	63	56	65	52	72	43	51	75	98	52	74	2	2	9	79	87	30	66	30	87	96	62	93	92	69	99	22	84	11	96	48	22	
69	40	41	72	69	21	71	69	34	30	48	75	15	30	92	97	79	31	49	99	23	2	83	22	33	43	79	26	78	66	12	81	50	3	44	53	70	40	76	69	71	93	95	44	13	69	17	74	67	94	63	16	53	97	37	62	85	91	-1	50	59	74	3	11	75	58	45	67	83	80	86	62	11	33	29	44	88	50	66	96	8	77	92	24	6	79	96	39	52	99	80	7	27	93	85	60	86	77	2	89	
75	45	64	32	7	44	62	43	51	25	44	49	71	63	62	45	29	78	31	15	45	14	90	77	3	78	14	16	38	28	45	51	4	67	38	98	46	57	87	67	34	86	80	1	73	40	78	58	42	4	22	63	68	66	33	81	87	17	76	-1	42	33	89	88	16	74	60	84	13	31	26	70	12	35	64	6	20	76	60	84	22	28	99	77	87	61	59	57	94	41	50	80	7	53	45	41	69	82	22	38	
69	74	36	77	3	49	41	6	45	15	67	98	86	67	50	19	36	44	93	50	17	87	65	85	22	26	77	21	22	55	100	83	1	100	40	13	84	93	80	47	56	71	77	66	21	31	96	30	30	82	72	67	41	12	34	73	72	18	96	12	-1	42	81	53	60	82	12	52	17	58	53	93	23	79	38	2	14	60	57	55	8	96	82	60	65	83	61	41	74	17	47	49	5	21	41	63	29	28	90	26	
3	54	4	72	8	39	23	54	60	86	41	98	38	2	97	89	8	47	8	22	9	88	41	46	90	76	14	53	66	26	27	73	81	87	51	62	99	75	3	77	68	48	5	73	59	26	25	59	28	96	24	61	86	93	2	66	29	47	4	67	39	-1	72	26	41	37	34	60	53	44	29	44	80	100	46	7	16	97	82	76	98	92	51	70	58	29	78	16	80	55	30	79	61	31	3	3	77	21	27	61	
54	15	53	49	37	55	71	90	75	30	94	38	3	6	55	8	61	18	32	42	34	68	79	100	43	48	31	50	59	25	21	10	53	31	4	34	89	4	76	31	46	56	27	42	100	76	45	57	3	84	50	89	99	39	41	90	69	80	39	40	98	75	-1	64	89	59	37	82	96	45	52	64	68	13	25	84	32	19	15	12	97	94	80	34	4	15	10	50	34	43	40	52	20	70	65	62	12	22	26	26	
42	75	75	36	99	68	9	46	96	50	35	5	41	100	10	60	19	86	91	67	78	86	23	37	55	51	97	72	87	48	47	17	88	49	52	79	52	92	66	33	3	51	88	32	24	95	66	45	6	16	95	75	97	32	15	99	48	82	37	17	48	55	35	-1	74	99	6	65	38	46	43	38	68	63	81	93	24	14	9	60	17	18	10	74	14	24	34	86	86	83	69	58	2	93	45	45	26	14	45	32	
85	33	99	91	56	99	95	75	33	72	49	23	3	18	66	80	50	25	93	25	53	56	17	67	66	46	69	84	8	85	4	11	11	89	50	39	68	12	15	27	41	85	6	4	43	47	53	37	72	91	91	44	92	40	98	78	63	93	22	45	29	44	46	87	-1	100	55	38	55	21	16	28	10	81	5	22	44	19	91	4	36	59	42	94	39	8	54	17	37	73	16	58	44	41	68	7	27	61	98	85	
26	39	66	54	59	16	44	52	96	48	16	17	42	81	59	80	26	77	94	40	29	37	90	36	13	31	40	83	94	94	78	97	30	49	67	77	77	28	7	68	39	61	98	90	87	98	52	15	40	82	1	5	74	51	88	72	8	100	61	70	87	86	87	93	29	-1	55	30	17	67	25	65	90	72	56	87	85	7	63	60	42	38	80	94	42	64	66	41	26	32	19	74	100	43	86	78	44	4	38	47	
54	74	72	79	22	6	77	53	100	6	16	80	25	28	3	5	53	59	95	41	42	14	65	31	33	6	30	63	36	27	46	22	40	74	25	8	48	82	73	72	93	27	92	42	4	74	22	43	69	22	69	44	12	34	93	32	29	16	45	16	68	18	74	36	87	51	-1	31	68	68	88	100	62	26	15	12	65	39	56	17	27	53	86	17	35	49	56	64	90	49	21	83	7	60	53	19	16	76	89	58	
43	35	68	57	61	90	18	91	34	70	9	9	89	35	55	19	25	71	68	9	60	83	4	89	67	40	91	24	98	53	43	72	42	43	13	81	44	77	88	66	60	89	23	58	5	78	69	14	18	55	5	73	6	88	51	27	89	60	17	2	99	95	70	19	100	9	45	-1	83	68	11	45	33	51	68	4	63	32	42	36	35	83	22	65	4	77	57	84	88	59	80	63	41	46	47	98	43	81	98	94	
16	68	80	80	11	39	27	81	37	70	19	35	33	83	10	54	57	60	76	64	53	59	49	17	36	43	84	59	45	82	84	85	8	20	72	55	8	89	38	33	91	25	69	83	88	75	73	41	97	23	67	50	94	1	25	55	92	75	81	85	80	22	33	90	90	84	75	64	-1	94	24	86	98	50	59	16	64	2	9	77	41	59	15	49	12	5	20	21	68	16	37	44	47	97	49	51	73	38	61	9	
12	22	64	5	58	46	35	17	2	1	35	44	28	24	59	73	80	9	52	62	5	92	33	48	19	100	44	68	81	33	98	90	30	79	22	80	90	14	65	26	21	33	92	73	92	75	55	93	63	12	89	90	98	82	16	28	43	84	42	55	47	99	19	71	64	66	5	44	86	-1	34	10	32	81	75	85	43	11	73	88	24	33	19	56	95	3	48	81	58	32	70	47	72	59	63	61	34	52	82	85	
44	26	91	1	56	81	90	45	24	47	50	13	82	70	17	35	83	24	30	36	73	69	65	20	22	93	98	71	61	76	45	95	11	78	77	18	48	22	68	96	27	84	13	34	83	54	59	73	44	52	73	33	9	76	38	15	95	73	80	9	98	18	67	90	27	25	27	54	61	76	-1	86	27	48	28	11	99	71	36	48	75	81	5	1	69	98	39	13	87	94	46	60	12	27	62	49	94	51	40	82	
44	80	15	82	52	67	1	31	69	94	69	81	79	14	77	5	19	76	83	5	13	39	14	30	95	58	34	83	24	94	51	22	36	52	50	16	17	76	45	70	15	64	77	13	12	10	57	21	36	7	72	54	3	67	27	23	86	37	88	52	87	18	2	69	55	92	95	40	94	51	58	-1	31	54	57	88	21	35	91	81	59	51	88	38	89	92	92	94	15	22	7	90	29	91	98	25	54	4	82	100	
60	14	53	21	23	76	50	98	9	31	52	76	69	8	17	81	30	76	15	7	49	86	76	2	9	68	90	71	79	99	1	18	11	5	88	37	66	91	17	38	100	16	45	51	39	59	23	40	56	16	52	9	82	74	19	25	17	15	2	14	21	1	61	5	47	91	45	96	15	47	99	82	-1	78	98	34	75	34	73	99	88	68	31	68	70	41	91	78	98	29	19	90	8	31	80	38	52	17	57	65	
4	70	6	37	32	85	82	100	30	93	57	7	5	89	69	73	4	63	87	56	63	80	1	91	34	70	19	44	93	24	14	66	26	72	42	1	65	82	99	69	52	61	35	73	3	40	75	33	52	59	61	93	62	98	71	59	87	33	79	19	22	28	70	22	10	1	39	97	60	60	78	22	35	-1	58	40	87	66	57	84	90	6	10	82	26	76	100	39	31	53	97	34	39	44	19	94	15	88	76	27	
60	99	97	37	51	22	43	83	7	49	7	64	38	41	76	40	89	89	26	5	24	2	73	99	8	63	35	49	47	83	26	12	93	68	97	94	1	8	85	20	56	42	43	44	19	59	88	94	19	21	7	67	4	23	51	70	35	87	44	59	37	37	19	49	30	20	85	61	94	78	23	87	22	3	-1	76	43	27	74	51	88	16	27	100	83	57	28	56	88	22	27	71	45	48	76	66	67	6	15	13	
76	40	68	74	29	24	97	11	13	33	59	44	43	81	69	85	9	77	13	26	4	74	100	64	22	30	81	47	41	85	13	56	41	93	1	94	69	52	87	39	99	93	70	56	86	76	9	29	55	50	26	5	46	92	23	94	30	14	20	23	59	99	46	11	84	59	55	78	12	89	47	13	76	79	51	-1	46	29	35	12	28	67	35	70	40	27	78	82	57	9	44	44	22	18	12	81	69	27	93	24	
98	69	19	47	72	76	79	65	51	25	52	14	67	17	11	70	24	94	34	1	7	24	16	95	51	28	52	87	11	24	31	57	63	32	59	29	17	63	61	62	11	41	25	54	22	35	40	98	21	47	23	42	53	34	74	99	23	11	15	40	4	22	57	58	61	5	91	38	68	30	45	12	41	85	44	74	-1	56	15	65	86	1	63	44	67	30	96	10	69	21	99	93	16	13	94	38	47	83	69	96	
89	72	60	31	4	34	46	75	52	62	48	78	82	15	93	63	9	64	92	68	5	42	3	83	95	54	43	28	68	94	83	54	69	66	70	35	13	85	91	5	37	51	83	87	85	45	69	75	40	3	68	5	90	86	11	39	92	70	1	90	80	69	20	78	97	45	98	90	37	66	64	62	13	96	31	16	53	-1	88	4	8	32	20	96	59	66	28	23	87	28	62	92	5	32	89	58	78	99	26	18	
10	90	91	21	2	36	92	64	69	60	75	48	22	61	79	43	20	91	48	20	49	60	53	5	3	92	42	95	100	1	52	94	56	42	42	31	45	93	25	86	34	31	19	72	45	38	99	73	58	42	40	89	83	45	56	87	65	48	23	35	82	67	24	52	45	47	47	5	83	81	36	26	84	17	31	17	69	81	-1	29	74	62	87	29	66	39	46	78	83	83	8	100	60	38	67	30	46	100	45	75	
100	100	97	27	39	69	84	72	41	50	40	100	35	33	74	22	32	75	30	80	63	70	63	87	100	70	68	17	28	100	66	98	51	84	74	90	13	90	18	1	75	12	4	73	98	54	43	96	42	6	28	50	61	84	30	97	94	20	13	57	72	71	24	31	6	52	15	36	61	100	60	27	67	79	32	99	10	28	85	-1	6	32	83	49	95	73	67	41	93	59	27	75	47	52	20	53	99	21	22	95	
42	26	29	38	26	74	4	86	51	4	69	9	6	50	60	33	51	17	41	16	69	26	27	38	71	3	38	75	61	1	43	21	99	8	95	64	49	63	73	96	61	78	76	47	100	89	16	24	43	15	16	95	65	67	56	14	41	18	31	95	90	93	32	74	32	76	60	38	57	47	40	63	16	59	29	83	94	84	67	69	-1	87	11	10	69	62	3	50	58	87	56	86	40	61	89	67	2	49	53	38	
11	17	84	55	59	96	68	24	52	1	84	93	22	55	43	29	88	48	28	77	59	72	33	43	60	63	94	30	93	17	27	24	24	70	44	36	56	39	20	73	48	79	16	6	33	41	49	28	14	82	53	69	42	6	29	18	17	84	55	31	35	65	83	62	69	63	74	65	34	70	91	36	9	88	84	18	95	4	24	39	100	-1	32	63	58	69	65	53	15	100	59	68	84	51	72	95	44	26	85	67	
92	4	8	53	57	68	32	36	74	100	18	61	14	86	44	24	76	72	79	40	19	49	92	70	64	38	79	38	14	91	100	58	96	83	95	7	60	73	54	1	48	80	19	11	21	95	63	11	20	85	65	55	60	56	68	75	79	60	17	9	96	83	75	31	89	59	95	48	22	28	6	50	49	98	68	90	40	40	84	44	52	14	-1	70	88	55	65	71	50	4	53	7	6	30	8	91	79	50	20	65	
65	61	52	45	67	86	59	45	38	3	86	1	92	65	33	27	61	68	43	65	96	13	21	92	84	4	24	63	5	25	26	53	8	86	90	71	49	97	3	93	60	26	51	86	62	88	52	31	22	48	75	84	99	13	4	45	96	58	40	84	61	21	72	94	91	86	71	23	67	88	38	9	23	1	3	52	78	79	20	96	14	53	33	-1	7	54	40	13	90	84	76	55	85	71	83	91	53	54	27	73	
14	73	29	44	81	52	8	4	51	73	32	52	62	40	29	9	16	70	99	61	10	26	31	87	75	12	17	19	45	31	31	100	99	96	58	1	87	33	8	29	78	90	34	70	94	3	39	79	35	97	92	100	14	22	5	38	65	99	28	28	83	20	33	74	71	11	10	28	66	20	75	41	66	21	8	64	80	28	54	42	98	65	88	50	-1	33	70	99	33	44	60	24	58	30	80	12	1	1	70	52	
82	8	89	3	57	22	67	12	27	31	5	68	84	74	50	87	98	56	96	98	16	8	36	9	88	47	64	6	42	30	38	18	19	66	46	98	81	95	38	97	55	52	50	88	39	78	71	90	74	62	20	97	15	24	46	52	100	46	51	94	45	42	22	75	67	15	57	82	68	9	29	19	48	34	9	70	99	63	60	59	72	88	20	11	46	-1	37	19	23	44	34	85	40	10	60	10	19	57	52	54	
61	64	59	37	26	9	94	56	86	42	24	89	28	25	94	10	38	80	94	61	24	41	72	71	56	57	48	98	14	59	68	23	57	27	49	80	38	76	75	90	88	31	95	51	59	1	99	25	89	38	56	62	21	15	47	39	38	25	80	99	56	7	8	86	5	10	24	81	39	91	74	44	12	81	84	73	14	7	12	66	91	64	18	50	48	93	-1	36	20	30	43	33	32	41	42	11	54	57	13	36	
77	9	67	47	40	46	29	8	35	88	85	64	92	54	86	53	67	68	73	74	31	24	55	62	98	62	8	70	36	81	60	76	82	97	52	41	64	22	99	91	57	72	45	79	91	37	20	9	35	45	53	86	58	96	29	25	71	45	52	73	3	61	91	45	22	49	97	61	32	56	99	96	40	28	4	39	16	48	65	37	85	10	38	19	12	71	49	-1	90	77	47	56	59	15	61	1	82	37	78	92	
30	19	49	92	60	95	79	78	46	77	43	79	98	94	57	100	50	65	87	86	34	48	29	74	29	68	97	71	68	5	61	91	5	25	79	60	30	79	49	22	96	81	62	68	59	49	81	14	39	86	33	70	5	94	45	95	74	83	65	37	27	24	76	59	57	86	11	37	59	91	26	94	74	61	94	61	65	18	42	94	41	70	82	75	90	9	17	11	-1	75	39	45	87	18	98	65	92	55	27	58	
80	71	43	66	88	92	47	73	37	27	77	64	22	1	41	84	2	22	25	99	18	35	81	98	93	77	41	2	89	23	35	78	97	1	59	89	1	81	98	52	98	6	15	71	51	22	84	45	67	4	88	45	47	19	47	66	50	18	19	97	88	72	26	85	48	89	44	15	33	34	98	36	98	29	35	56	1	29	14	48	9	81	56	74	68	46	71	10	71	-1	54	36	53	63	42	13	2	48	52	41	
29	88	30	96	71	10	37	46	37	64	5	3	24	53	72	32	69	19	25	13	7	24	12	42	9	91	63	67	4	98	46	43	13	6	78	31	27	94	6	6	71	35	59	56	27	76	34	29	48	41	24	27	43	29	90	67	3	16	52	88	49	86	98	52	84	94	37	75	82	30	87	85	79	79	55	72	52	8	71	74	94	78	34	35	28	58	92	86	6	90	-1	20	72	44	52	45	50	27	1	96	
25	70	18	9	27	11	65	80	7	47	65	86	35	87	77	72	13	49	2	35	52	50	64	33	8	41	56	35	97	52	43	99	8	2	77	71	90	21	94	15	17	8	21	96	61	75	92	9	67	9	79	3	92	71	96	51	83	44	45	14	95	41	4	13	12	73	12	46	12	55	9	63	19	79	62	88	78	70	73	42	67	30	83	59	50	69	8	87	74	9	53	-1	45	26	4	40	30	85	29	83	
17	73	35	21	17	88	88	34	59	24	16	81	59	76	79	67	3	46	77	97	81	24	68	30	58	54	55	42	68	72	29	2	73	63	72	73	60	97	79	31	44	51	26	72	71	19	76	39	13	77	57	63	96	1	73	53	62	45	69	7	64	45	81	69	42	56	13	86	37	44	76	70	88	82	6	45	78	15	85	22	2	86	6	37	52	37	25	78	36	53	54	99	-1	17	70	45	31	95	31	72	
44	11	60	88	86	74	25	1	34	9	12	22	61	97	61	88	29	95	89	70	52	69	37	54	86	81	9	25	66	41	49	28	71	7	98	69	37	95	96	84	5	44	18	19	89	60	67	32	9	91	12	41	41	88	38	73	40	68	85	45	60	99	81	25	59	37	44	92	61	15	24	93	35	26	38	56	88	63	15	28	22	100	86	83	95	30	39	51	32	79	82	9	26	-1	94	11	71	71	40	77	
46	91	9	16	2	96	84	3	29	30	51	93	38	84	71	56	26	87	38	36	28	76	42	49	38	27	25	31	10	73	9	37	33	39	54	56	81	36	41	74	83	73	80	2	85	10	11	93	48	77	29	69	4	18	40	89	66	17	33	50	82	99	63	61	39	73	73	73	68	2	42	37	44	28	5	53	60	90	85	29	75	72	27	91	19	75	13	75	14	62	29	83	27	21	-1	47	44	66	16	95	
10	30	48	91	78	90	90	63	2	53	10	13	93	49	74	31	65	5	66	95	1	47	23	70	27	18	49	24	78	64	42	52	83	34	60	79	41	75	44	29	18	87	67	74	72	97	65	46	32	98	49	72	61	15	40	16	52	25	94	55	15	64	77	55	24	50	31	58	96	45	94	16	12	46	21	5	50	23	50	19	78	63	50	92	75	84	45	70	80	85	35	20	72	82	2	-1	88	10	41	89	
38	13	18	27	15	76	18	40	65	39	50	85	3	1	66	30	24	21	100	54	41	7	35	93	90	24	82	85	40	92	7	29	48	87	36	21	23	10	23	60	71	48	52	82	25	45	37	25	95	13	61	2	80	39	41	20	94	8	44	13	43	71	76	21	47	75	86	6	76	63	9	52	31	77	48	36	54	28	6	35	59	86	10	78	76	30	73	40	87	91	28	92	36	86	12	35	-1	44	28	35	
95	85	94	28	93	44	20	42	65	66	84	35	32	21	41	43	26	96	44	94	48	78	97	78	48	64	61	11	44	82	26	5	60	3	4	28	27	98	39	51	71	8	88	87	91	15	37	36	74	77	23	3	6	34	82	54	94	46	28	98	60	51	10	63	89	53	75	89	38	74	49	41	43	72	65	85	26	33	30	81	70	67	53	98	16	16	99	32	30	43	32	67	26	71	51	57	22	-1	4	33	
27	73	8	66	65	24	56	78	23	83	87	36	86	49	49	1	42	79	3	23	36	75	23	60	75	96	20	45	55	22	95	18	87	26	95	67	19	44	61	39	60	46	79	68	7	1	88	44	63	35	5	27	39	67	61	12	15	20	59	52	37	2	7	9	11	83	20	19	20	17	70	73	52	5	76	65	84	64	15	1	21	27	15	13	63	100	5	69	9	55	50	25	99	66	96	34	45	41	-1	59	
90	62	81	33	10	55	51	60	96	37	35	7	40	44	69	91	43	46	83	44	54	11	61	73	47	90	34	89	33	31	64	42	5	59	54	42	1	57	75	7	88	38	61	79	37	56	75	41	9	6	84	10	99	43	98	32	94	100	46	22	87	11	52	96	51	37	80	34	99	10	10	87	1	72	76	88	17	81	30	36	93	49	19	7	85	59	33	90	71	42	61	41	26	24	40	99	12	74	53	-1	
