100
-1	81	74	70	56	21	19	41	66	29	11	11	58	69	77	89	28	77	71	78	68	99	77	77	96	27	57	77	5	92	33	28	20	98	5	86	49	60	23	94	72	43	68	67	15	88	5	96	98	75	57	15	73	36	9	43	83	7	29	76	55	34	85	9	84	9	84	44	96	73	56	32	54	74	74	3	96	36	75	17	78	91	24	56	57	37	53	34	74	10	40	56	2	46	36	40	30	76	16	57	
7	-1	59	18	37	92	73	99	72	67	41	89	52	28	93	99	16	31	57	27	20	45	79	61	89	98	3	47	93	66	1	12	78	60	4	78	71	86	33	59	95	94	28	38	81	68	22	18	43	45	13	46	59	19	92	81	43	95	42	41	56	19	64	100	17	4	84	59	17	55	21	40	22	50	9	43	32	65	26	61	85	45	12	47	86	10	1	95	50	80	50	38	33	3	82	49	24	27	68	49	
67	4	-1	78	48	39	6	19	87	17	13	24	89	86	57	83	1	88	84	4	79	46	14	12	82	12	84	46	10	42	16	16	32	32	93	19	31	24	76	87	78	32	18	49	41	58	67	45	68	35	94	66	17	95	57	100	50	25	15	57	75	82	65	75	85	74	34	33	11	63	70	96	56	17	45	100	98	14	35	79	9	10	76	66	10	29	77	77	41	24	36	55	49	22	32	86	79	100	91	48	
62	35	42	-1	55	22	32	10	58	54	92	95	85	43	13	57	49	33	77	6	28	23	9	39	19	83	37	18	12	15	70	51	35	31	52	74	96	3	85	81	71	15	5	78	22	82	60	82	78	6	69	83	100	85	97	36	6	69	35	91	74	88	88	52	71	79	94	58	42	55	33	13	98	65	58	19	75	70	83	16	79	30	98	49	26	50	50	26	43	83	88	55	20	54	78	16	7	9	37	20	
73	95	46	52	-1	72	98	25	91	15	12	27	41	24	48	93	16	65	31	82	94	99	6	72	49	49	65	45	56	36	37	25	23	26	70	14	88	32	88	44	38	75	39	90	97	94	80	13	64	2	70	87	80	18	37	55	86	21	66	7	3	21	59	34	98	65	20	71	6	90	55	85	4	74	43	81	42	41	63	13	77	41	41	79	8	15	81	41	46	21	64	69	75	71	48	36	14	73	82	39	
5	36	57	54	72	-1	61	81	28	19	92	72	55	74	81	44	48	22	50	57	2	45	89	63	16	74	65	19	39	43	27	83	16	43	96	40	18	59	71	68	8	23	80	31	58	81	42	69	40	53	89	93	70	71	24	60	46	57	92	69	83	92	95	83	88	58	6	19	44	90	97	48	11	7	12	9	77	56	5	42	78	87	33	33	82	80	47	78	77	68	12	4	37	43	64	35	54	79	75	27	
34	19	23	62	47	39	-1	73	17	2	28	38	46	69	26	100	30	36	31	6	73	7	71	28	43	39	6	18	54	62	86	55	39	19	42	92	77	2	10	82	79	52	64	1	58	35	27	74	15	29	53	36	58	50	82	17	47	58	2	62	48	8	79	33	75	31	25	1	53	50	62	72	63	43	2	76	21	83	69	51	28	94	14	65	44	68	36	62	94	63	51	92	21	71	46	41	99	66	66	73	
83	78	25	79	86	63	12	-1	42	67	65	14	30	26	93	82	10	99	75	22	52	67	53	9	27	74	82	26	21	88	88	39	21	18	22	80	14	3	92	35	93	92	17	12	87	40	56	61	15	60	30	16	54	66	27	72	44	98	50	12	46	97	26	14	17	70	2	99	62	87	46	87	53	57	91	100	39	46	42	62	11	18	77	82	73	63	19	67	78	18	100	84	75	59	38	35	88	16	49	34	
82	49	42	80	36	45	56	66	-1	78	33	46	94	55	61	76	32	21	15	56	31	54	49	76	74	98	49	17	52	18	22	85	61	7	85	90	66	11	73	94	22	63	68	26	41	94	41	99	37	85	54	70	64	88	67	2	70	51	91	55	11	52	23	37	75	76	63	3	100	41	11	2	28	3	95	41	87	33	3	70	51	58	54	88	74	51	80	83	7	7	85	13	34	22	8	58	25	6	100	62	
7	7	1	97	99	41	2	79	52	-1	100	18	97	48	43	37	40	37	75	57	9	15	50	44	41	75	51	99	6	11	49	91	73	47	88	7	41	4	30	26	32	95	46	91	32	89	13	38	49	64	81	25	17	36	35	55	33	95	20	11	30	89	36	72	14	52	50	87	79	67	29	78	20	42	83	48	80	21	19	66	43	72	81	8	28	3	27	22	7	21	68	88	58	31	35	96	27	54	81	31	
40	60	8	83	63	91	44	48	59	82	-1	82	11	79	14	42	27	77	100	61	90	85	19	24	67	67	64	24	90	18	24	30	87	67	47	4	39	82	75	85	76	38	86	1	39	79	75	25	93	47	30	18	17	18	59	8	15	15	37	52	26	94	4	69	33	51	39	67	97	59	66	57	46	2	46	13	98	100	18	78	14	8	54	13	38	22	10	95	60	11	82	78	88	59	68	25	75	2	73	21	
46	47	67	29	65	81	18	98	43	62	2	-1	44	94	75	81	75	34	16	16	21	59	48	87	67	9	85	97	51	13	43	37	93	24	62	23	1	73	93	50	71	42	54	90	19	98	44	9	4	99	50	21	44	27	29	24	26	92	39	38	58	9	46	35	56	10	53	47	88	99	100	42	61	7	26	51	92	86	30	54	71	32	35	37	77	44	9	84	33	58	59	49	11	53	67	63	17	64	98	21	
38	69	16	45	35	67	64	25	11	44	63	54	-1	93	86	55	83	63	51	94	17	76	70	12	80	37	96	10	100	97	91	47	97	84	6	36	32	98	53	50	16	75	54	54	31	57	84	54	48	95	15	3	53	17	4	99	60	17	87	59	48	88	6	11	65	86	23	4	31	1	81	2	35	49	59	32	63	92	98	45	52	96	100	72	77	89	44	82	49	91	28	18	57	89	1	33	15	59	66	12	
18	97	11	35	64	80	68	71	44	69	44	70	59	-1	44	31	17	29	3	91	94	47	86	61	3	68	73	48	23	45	76	74	72	93	18	12	29	17	13	75	64	59	65	83	6	29	39	58	6	100	40	52	31	22	91	14	82	73	19	32	92	85	100	80	72	7	31	68	95	15	12	14	51	43	95	54	61	97	43	68	55	36	59	84	58	77	17	46	36	51	52	81	80	68	20	79	20	66	49	1	
47	82	68	5	88	18	88	41	44	33	69	30	60	67	-1	90	17	33	89	65	9	95	68	63	65	27	33	15	59	72	60	87	21	96	9	57	30	84	26	40	5	93	7	60	86	37	78	37	61	18	34	26	87	40	42	25	70	73	54	86	40	32	66	6	7	50	94	89	39	89	28	90	53	46	64	45	31	46	73	13	8	71	92	85	89	68	46	45	91	22	9	61	35	88	83	5	56	53	67	89	
72	9	8	87	69	9	15	47	61	67	43	38	20	18	83	-1	50	86	53	4	76	37	10	79	87	83	41	29	89	38	77	65	76	27	62	66	50	50	52	42	12	97	93	34	71	79	49	90	80	78	93	27	74	90	9	80	9	20	77	38	73	39	31	92	59	38	82	89	8	3	42	31	8	22	66	72	13	40	86	75	67	26	27	13	70	16	51	64	90	79	29	3	10	55	53	56	73	97	88	19	
96	80	15	3	64	12	12	10	71	4	20	92	57	84	46	80	-1	37	55	73	90	51	15	14	68	64	57	12	36	40	54	44	50	23	46	70	82	28	76	37	84	30	50	35	42	83	71	60	65	22	62	73	16	39	16	30	93	34	97	49	82	8	59	65	63	73	75	41	32	11	13	99	17	9	70	19	21	40	64	24	24	78	65	48	72	59	31	91	98	65	39	62	8	18	87	49	26	69	90	91	
81	10	51	68	19	73	65	24	100	46	5	42	37	32	40	99	91	-1	3	35	60	82	40	24	57	3	98	43	7	22	44	52	84	64	80	15	34	52	26	13	34	52	73	61	34	31	53	44	20	9	90	32	49	2	84	39	96	90	99	58	3	29	33	7	84	18	38	24	64	65	11	45	65	86	54	61	4	92	17	39	73	29	29	23	85	2	92	12	17	99	2	60	45	37	17	74	84	83	83	22	
78	94	81	58	33	12	13	64	36	86	71	40	21	61	83	67	78	10	-1	73	56	47	56	38	37	30	59	15	21	46	71	80	86	76	95	95	70	18	46	93	22	66	6	39	96	56	51	13	20	55	74	39	53	85	99	100	6	28	63	56	57	27	62	81	18	10	8	18	40	69	74	34	15	43	91	55	77	1	80	62	98	88	61	41	6	61	62	4	78	100	33	40	5	55	35	25	49	44	96	25	
4	96	82	30	20	97	7	84	94	86	32	71	82	69	97	76	56	70	49	-1	89	25	18	76	74	66	87	48	49	4	58	72	29	47	12	96	31	72	77	68	45	36	30	63	67	75	70	52	75	25	72	6	20	84	71	49	6	50	77	87	40	5	52	40	54	28	26	10	81	3	48	76	51	38	25	28	35	14	12	55	83	12	27	11	16	82	97	64	29	47	83	12	15	99	2	84	59	51	48	88	
77	42	20	53	33	76	23	89	19	93	65	53	47	30	95	82	21	75	82	89	-1	71	61	91	53	77	30	73	16	48	69	52	64	78	40	55	71	21	10	48	44	86	38	14	16	24	97	64	33	73	52	28	72	3	2	55	73	91	3	39	91	98	9	13	41	65	49	95	96	60	9	17	58	61	1	64	62	45	20	94	89	98	24	89	85	2	96	26	43	72	85	93	94	61	75	2	26	42	46	34	
7	61	84	48	2	23	60	61	32	47	72	6	41	44	99	28	87	56	78	24	100	-1	69	36	44	89	93	88	93	96	36	70	47	71	48	28	58	50	13	61	75	18	10	79	86	51	52	14	97	87	88	61	96	52	46	13	50	32	24	74	21	63	36	53	90	9	19	43	100	44	26	4	84	36	17	76	23	49	21	100	59	49	66	72	60	43	94	67	49	27	65	12	90	11	49	59	3	61	75	11	
84	97	83	55	22	50	29	75	70	36	41	17	96	93	63	47	31	89	98	74	64	33	-1	26	15	36	59	44	77	73	22	95	24	95	25	28	40	67	47	45	1	9	52	53	85	3	19	95	34	21	73	61	11	98	32	27	17	59	29	13	26	38	38	29	52	78	80	28	47	81	32	74	25	26	69	99	21	92	18	49	26	42	48	80	77	5	54	98	25	59	47	35	19	86	75	37	45	12	86	75	
58	43	97	63	91	36	63	3	32	23	67	22	62	43	6	79	4	88	52	4	60	68	74	-1	18	63	15	54	52	63	40	98	87	51	77	90	1	96	86	49	17	95	41	62	81	23	30	7	65	16	63	66	23	52	51	9	91	94	78	79	46	76	40	13	33	97	27	7	84	39	26	44	48	5	36	19	7	4	48	15	42	98	62	51	39	11	70	54	42	76	7	78	34	2	55	64	48	97	17	67	
15	4	35	68	96	58	49	74	48	77	37	93	35	33	37	89	8	25	54	79	46	34	86	31	-1	37	36	25	48	18	46	87	76	39	83	89	9	18	78	36	82	31	58	74	46	28	30	52	10	93	24	100	62	40	23	12	65	50	51	90	8	87	100	25	24	39	17	68	27	94	50	38	85	52	44	29	82	60	24	51	31	34	22	66	9	84	23	95	37	42	62	90	15	60	43	71	88	8	53	80	
85	27	17	73	13	53	74	44	73	64	47	66	24	8	39	46	37	24	79	69	51	57	33	29	80	-1	61	56	78	67	77	20	69	48	46	55	47	79	79	32	85	35	59	27	42	12	35	41	30	29	3	94	8	31	10	4	11	84	73	46	48	11	55	89	7	52	2	33	10	18	85	83	94	80	26	53	5	73	42	42	44	7	51	100	74	21	61	28	72	43	73	13	98	90	85	12	2	1	40	46	
32	20	33	97	70	95	69	40	97	37	30	30	75	25	89	94	42	20	75	68	80	13	24	58	65	29	-1	92	49	26	39	91	86	96	23	91	65	81	1	11	100	76	89	74	39	79	44	96	31	35	46	56	96	4	13	15	4	95	4	36	77	84	41	48	74	33	56	100	80	26	22	72	38	52	29	87	15	43	28	41	59	31	69	51	69	42	41	25	3	22	11	20	11	78	25	91	56	93	67	79	
20	7	22	94	89	11	16	60	49	53	9	51	59	49	78	13	50	92	55	59	72	92	34	85	15	46	73	-1	91	11	39	56	18	4	87	28	74	13	27	60	90	78	96	22	43	70	29	52	6	47	20	24	77	86	3	40	82	98	54	6	12	72	51	43	14	97	30	78	3	3	55	55	81	81	88	9	24	60	23	21	93	81	88	48	30	17	66	54	36	11	4	16	40	9	89	99	73	42	33	6	
27	10	94	50	8	82	13	76	27	93	3	67	86	19	90	34	26	30	9	84	78	86	26	94	84	13	33	21	-1	39	59	54	21	14	46	34	49	92	17	20	68	76	26	85	27	66	69	24	92	67	51	40	58	45	32	54	74	15	73	7	53	68	16	90	67	97	87	74	40	92	71	55	69	46	10	5	25	93	88	13	64	38	7	87	60	53	68	19	54	55	39	20	27	51	90	33	88	24	2	98	
31	73	67	99	30	46	29	12	1	26	7	84	99	58	75	22	57	53	26	49	3	88	89	30	31	56	36	8	3	-1	38	22	70	49	74	77	65	5	99	56	4	19	74	6	63	49	29	5	37	71	6	18	72	61	19	63	10	37	92	86	73	29	39	40	6	11	80	50	63	84	26	62	62	94	80	74	37	1	11	100	4	76	79	97	84	71	80	28	49	68	75	89	49	58	53	75	70	17	43	45	
38	64	2	80	51	95	97	9	66	49	93	97	43	33	49	30	77	79	90	80	17	37	60	64	61	14	57	43	39	55	-1	58	2	99	73	60	100	81	10	84	62	34	15	83	90	26	89	63	94	75	67	62	43	36	44	44	83	28	93	26	20	43	33	29	6	53	46	56	12	82	47	42	18	97	100	48	5	6	46	46	12	38	88	63	69	72	5	98	23	69	94	54	47	91	10	33	16	75	89	5	
100	28	2	47	15	8	36	12	62	81	90	61	84	22	30	54	71	79	91	99	75	38	19	61	87	76	67	54	4	3	4	-1	43	38	81	54	78	100	17	95	25	3	72	30	45	54	15	17	50	93	56	95	34	75	86	6	24	36	40	72	15	91	44	72	35	68	80	72	92	29	9	81	57	42	44	90	10	83	6	44	60	33	86	94	28	4	29	96	43	83	9	77	49	72	34	37	33	89	17	44	
52	75	1	37	4	47	43	18	75	2	81	44	16	93	99	18	49	20	82	33	77	79	17	22	64	19	9	15	45	30	63	42	-1	27	49	39	12	55	80	3	46	1	59	25	50	5	32	78	15	68	94	27	32	7	36	58	98	35	52	5	93	73	82	8	62	96	11	73	18	85	39	3	61	19	79	59	100	71	3	51	27	1	7	79	79	40	27	35	55	86	36	90	93	8	61	55	48	76	66	81	
11	32	7	71	68	38	97	30	66	56	89	62	40	70	85	51	92	73	55	31	55	78	78	96	73	32	15	56	67	27	97	77	11	-1	49	37	50	27	37	61	89	94	81	98	7	32	4	67	85	28	25	16	52	19	79	31	55	30	17	85	47	40	48	60	71	9	90	4	34	82	9	64	18	30	1	38	94	65	6	1	26	15	9	66	13	51	96	93	99	28	93	38	81	7	11	32	5	2	27	80	
34	33	14	41	96	91	90	42	16	56	54	48	50	16	25	62	50	10	82	74	24	34	45	75	20	92	98	60	58	54	23	34	38	31	-1	55	8	2	97	80	69	79	40	96	15	34	65	100	15	43	42	25	62	27	22	88	86	49	74	62	4	34	1	67	24	54	82	8	25	18	4	60	12	40	39	93	83	48	28	51	2	56	77	24	88	2	98	87	57	65	87	2	72	9	79	71	77	38	8	63	
65	19	72	78	85	40	63	9	82	69	82	17	26	6	100	15	64	75	7	69	72	46	81	16	81	55	63	2	74	95	22	5	75	81	28	-1	5	70	97	73	51	86	34	67	31	19	19	15	11	10	72	97	84	5	90	29	16	94	76	63	20	97	11	87	5	52	80	74	2	7	17	17	32	79	82	63	44	9	40	13	100	26	19	84	36	30	7	55	19	84	76	93	11	53	55	89	33	99	25	76	
20	62	82	31	39	55	80	17	73	49	97	4	73	93	39	87	58	11	59	38	49	70	91	38	80	42	80	30	37	68	54	7	4	69	30	2	-1	69	92	66	51	17	58	99	86	99	67	55	99	6	42	84	76	37	48	57	49	26	65	84	67	38	87	72	74	53	83	43	4	53	73	39	15	74	44	4	8	85	78	21	12	55	81	12	51	24	58	75	84	38	77	53	44	32	65	19	59	56	93	55	
31	4	31	35	38	89	48	54	74	80	44	60	22	78	43	46	36	21	57	75	69	63	34	49	57	18	17	64	72	65	46	45	32	38	5	17	12	-1	8	37	3	7	39	52	56	29	98	73	78	87	49	40	59	34	3	49	54	90	77	75	9	66	47	50	13	39	78	51	19	68	95	7	57	17	59	39	61	69	36	14	44	16	35	83	21	77	86	65	98	10	88	80	56	29	35	78	3	39	89	65	
36	76	73	15	39	98	12	52	27	81	63	30	100	50	48	7	95	34	97	54	27	42	44	51	39	85	80	92	43	6	42	24	33	38	87	12	49	67	-1	73	83	38	6	80	54	14	75	96	43	39	79	44	80	100	94	76	52	24	93	59	91	45	66	82	51	68	27	77	78	38	28	63	100	6	24	43	40	70	25	62	3	83	18	26	72	61	94	57	92	42	19	75	92	1	32	64	11	70	87	2	
53	12	33	73	52	83	83	95	78	72	25	2	8	86	97	100	54	2	26	31	58	56	93	85	81	87	36	81	47	99	65	14	10	50	94	36	66	46	34	-1	77	48	100	82	81	24	8	98	13	4	99	89	53	82	32	88	4	1	60	66	100	15	80	79	90	44	20	2	59	46	9	67	80	57	55	94	3	30	4	38	70	4	72	41	83	72	29	8	73	92	94	57	99	15	35	11	62	48	3	74	
23	73	82	4	25	41	83	75	48	47	68	72	99	61	97	20	55	53	75	97	56	23	42	38	87	60	89	54	21	77	93	78	16	10	43	74	19	68	81	95	-1	66	77	55	58	19	7	26	23	78	56	30	66	72	21	13	53	26	73	99	100	48	43	39	34	1	25	34	73	95	63	62	8	52	99	17	22	6	7	32	61	35	26	18	32	34	78	21	34	44	54	16	77	14	26	1	18	78	39	29	
37	45	81	20	54	72	70	79	29	61	84	97	72	48	18	99	79	77	79	40	65	12	83	27	16	16	63	24	53	60	11	70	69	48	70	97	63	66	24	23	79	-1	8	91	26	74	81	32	30	31	26	3	53	50	7	85	18	55	6	53	98	24	31	81	96	74	8	43	88	50	20	44	2	76	94	74	68	40	39	80	97	12	32	94	91	48	49	96	8	96	27	24	100	95	14	34	78	65	23	70	
33	82	51	51	100	91	60	75	89	98	66	55	89	49	36	53	40	36	97	62	13	16	80	1	55	54	42	65	54	51	42	54	87	44	26	51	34	2	2	66	71	28	-1	81	56	27	76	2	79	31	78	83	9	81	90	24	31	34	41	55	82	27	51	12	56	60	80	78	23	50	55	71	9	44	30	45	95	29	91	85	64	76	58	16	40	27	36	39	62	92	79	96	37	65	84	31	98	71	82	22	
27	66	67	79	98	90	87	89	1	81	99	66	96	39	12	44	4	34	36	35	67	67	86	89	27	36	5	91	99	24	29	40	68	92	54	95	20	36	8	90	5	65	8	-1	12	56	32	31	86	60	11	44	38	80	46	56	27	27	40	7	41	40	39	90	24	93	42	7	43	60	26	85	27	91	31	61	52	55	47	56	7	80	71	50	36	100	97	10	46	58	41	18	53	28	52	50	75	30	59	84	
38	93	20	62	89	16	61	40	69	66	96	19	42	12	90	83	42	16	4	20	53	15	40	2	90	31	12	46	33	15	86	47	57	91	26	39	40	19	69	59	40	87	3	36	-1	36	17	80	2	24	14	35	45	33	10	63	31	4	13	53	9	77	69	33	93	59	54	36	99	83	80	2	39	96	81	9	75	5	2	14	45	73	77	38	95	10	63	75	4	9	67	56	82	96	84	75	26	69	79	58	
16	26	28	36	4	94	37	36	23	8	15	34	78	5	14	77	36	78	7	37	34	39	80	53	96	85	30	84	14	31	21	12	80	91	97	83	77	46	5	25	94	77	53	78	42	-1	98	59	32	85	80	85	75	29	18	100	25	4	13	97	68	32	12	65	70	68	67	74	87	92	59	32	29	78	86	23	20	45	77	15	67	14	58	85	15	37	63	4	98	78	92	8	63	25	40	90	20	11	21	84	
56	43	58	58	18	92	80	73	30	35	69	71	26	46	33	76	83	10	81	63	86	10	1	75	73	42	100	36	31	63	59	1	30	35	30	84	46	71	14	4	10	23	84	85	70	27	-1	64	1	1	99	37	9	80	12	68	47	34	28	64	7	21	22	93	76	17	72	52	9	12	69	81	19	98	98	90	72	41	51	52	16	60	98	51	71	23	11	90	55	51	74	31	32	55	17	80	1	22	30	55	
57	99	28	20	74	93	81	16	44	97	35	72	57	48	29	2	36	41	97	7	40	86	35	90	70	86	88	48	21	83	52	32	80	9	41	5	30	63	62	46	6	12	19	73	69	85	57	-1	27	56	41	36	30	88	8	70	53	9	76	99	64	83	69	87	63	27	89	56	84	97	72	69	55	93	76	22	42	43	90	81	17	43	11	53	16	65	82	76	90	62	75	66	73	87	85	87	19	73	3	73	
82	30	88	68	40	33	27	90	12	48	17	39	25	2	55	59	88	79	6	85	64	72	46	60	90	6	29	72	65	91	95	12	99	90	71	25	24	83	87	49	19	63	49	33	91	4	97	52	-1	51	84	42	1	57	43	65	34	8	59	39	66	52	44	29	80	38	91	85	78	56	61	91	52	6	80	71	76	46	10	69	46	13	78	52	28	46	75	59	100	22	78	10	29	25	60	81	70	44	84	26	
33	3	82	91	31	94	3	61	44	14	11	27	78	89	73	98	41	62	29	42	18	73	4	9	92	51	27	11	63	73	37	86	66	30	51	55	10	6	81	36	53	40	27	35	72	36	23	7	85	-1	30	60	37	4	73	24	66	20	23	30	95	88	15	27	25	27	53	42	35	65	75	5	44	55	96	70	77	4	85	94	3	76	29	85	84	93	9	38	12	17	88	12	90	100	41	9	4	31	15	14	
59	55	44	80	62	69	41	85	85	2	41	97	77	98	64	15	43	7	73	55	7	91	88	46	2	6	57	52	9	61	49	64	79	29	58	20	68	88	28	7	8	13	15	57	55	71	30	90	50	52	-1	3	61	79	50	16	66	20	61	12	30	34	10	46	42	23	55	40	55	40	40	33	68	8	42	60	73	92	54	80	78	94	25	4	27	88	5	30	2	49	46	29	37	65	70	87	67	3	21	52	
21	52	89	86	29	31	77	67	57	8	9	90	76	13	5	95	26	26	74	74	46	7	25	72	73	24	69	75	12	16	35	95	36	14	35	14	77	3	58	73	33	92	30	27	7	24	26	30	84	49	7	-1	15	12	32	18	79	84	29	6	75	51	4	88	47	62	32	13	95	28	38	81	86	70	94	18	48	23	64	10	73	32	49	60	82	18	75	60	60	28	2	82	7	83	60	97	60	38	48	1	
2	27	91	93	17	15	35	45	100	5	15	62	29	50	82	27	23	71	35	45	67	40	26	38	78	36	25	94	89	49	97	5	30	45	5	95	59	93	31	14	92	28	11	78	10	95	1	99	45	40	62	47	-1	93	69	17	11	56	99	57	99	3	90	51	6	32	82	38	75	39	38	99	39	83	28	66	34	67	2	60	43	80	56	87	99	6	38	91	48	34	23	30	52	38	1	46	19	83	3	61	
73	62	100	85	30	30	6	46	34	61	84	45	92	49	79	58	84	77	19	64	32	28	20	31	45	9	3	18	66	52	94	30	49	71	39	7	36	41	17	29	93	23	31	6	18	100	30	3	40	22	24	48	10	-1	9	62	63	25	100	90	35	33	62	10	81	51	51	89	43	76	19	53	77	52	30	81	29	61	68	23	34	89	63	50	23	71	42	54	16	89	44	40	61	14	62	28	2	10	62	68	
71	8	21	27	69	71	29	13	60	64	14	5	79	41	29	32	1	39	79	24	89	93	5	73	96	70	60	58	93	47	3	67	70	55	98	50	97	62	41	88	85	9	21	77	14	26	23	55	58	74	99	62	34	73	-1	94	84	72	68	15	67	38	2	78	95	47	12	55	62	69	89	30	41	15	78	66	9	31	93	55	9	70	40	2	90	83	20	28	85	54	75	84	87	6	67	73	99	16	12	23	
95	77	71	99	20	30	92	13	60	70	77	41	5	14	100	17	55	20	48	94	28	32	94	10	11	43	53	37	7	48	55	23	78	29	46	24	22	42	39	53	86	24	68	10	88	96	28	92	66	9	87	93	14	39	35	-1	94	90	14	62	69	60	83	44	34	2	45	72	59	82	94	78	98	8	27	8	58	24	90	94	66	25	98	54	29	86	68	8	95	41	32	76	3	73	29	57	25	16	97	26	
25	16	65	7	53	1	69	58	24	84	66	75	40	66	47	89	13	100	9	61	30	6	27	68	15	10	90	36	88	34	74	7	25	52	28	24	14	9	20	34	89	52	30	14	33	49	69	47	66	89	56	44	7	91	9	98	-1	90	11	2	94	42	31	42	65	97	63	24	30	32	65	34	4	8	92	84	97	58	61	58	74	47	64	32	12	21	28	4	73	20	61	1	15	92	40	54	70	21	100	61	
65	16	100	9	55	74	45	98	6	19	86	55	32	89	81	24	52	92	11	90	95	100	91	24	87	37	27	79	11	86	91	43	37	66	38	63	29	90	31	7	30	75	68	53	38	35	9	58	93	37	62	58	46	38	41	37	98	-1	34	83	63	68	20	77	11	57	41	100	31	20	65	12	43	61	43	80	27	96	34	58	85	31	88	32	80	31	48	100	5	75	94	60	40	69	90	9	31	7	53	1	
57	41	15	98	38	95	98	21	96	62	73	23	93	66	41	34	79	74	16	95	29	15	22	43	56	30	9	84	40	37	75	81	41	60	99	40	24	60	72	23	70	79	49	69	66	65	10	39	61	51	34	38	71	82	78	70	77	54	-1	56	8	75	68	71	80	95	96	46	7	65	91	91	6	32	76	2	78	56	69	38	83	13	93	71	82	29	48	45	84	78	30	92	35	34	91	92	95	47	91	63	
6	57	93	97	91	21	1	7	9	11	87	91	62	3	82	38	26	97	48	67	14	55	34	80	96	83	100	83	21	9	35	27	25	28	38	62	26	23	26	17	31	15	97	89	1	52	88	48	46	37	60	10	54	16	62	61	100	89	25	-1	11	15	5	77	25	96	38	38	47	81	37	71	55	90	49	47	14	19	26	68	61	67	76	62	95	95	89	94	11	34	48	100	69	56	11	17	86	32	47	73	
40	62	15	44	58	48	59	23	35	65	6	98	4	84	6	67	73	18	14	33	53	62	87	59	5	24	19	71	41	20	80	90	12	100	53	40	97	77	22	79	15	77	28	5	18	45	51	63	78	70	15	1	11	29	72	10	58	59	34	46	-1	67	28	27	79	67	52	35	8	53	55	87	73	35	61	37	6	46	70	67	34	6	23	96	72	23	22	62	31	92	62	46	35	80	33	46	26	27	40	57	
48	81	80	28	99	74	17	63	38	9	96	46	7	78	77	13	39	94	73	17	65	97	28	93	82	35	26	91	24	5	46	32	16	78	56	87	54	98	67	20	87	67	34	40	8	2	97	70	85	11	94	61	27	46	13	25	19	29	75	84	4	-1	76	14	86	84	12	97	74	5	27	37	66	94	51	9	37	35	77	6	52	44	60	42	87	38	46	6	16	98	33	93	75	96	66	47	64	47	26	69	
63	58	46	75	15	54	69	20	89	53	64	24	61	34	37	16	17	18	54	18	80	55	24	71	54	2	63	13	27	86	73	76	25	51	91	23	89	85	6	83	16	1	42	96	46	64	51	29	72	94	21	57	19	17	22	77	4	95	8	4	13	33	-1	40	68	100	93	25	23	98	49	82	54	2	85	84	33	76	94	10	3	76	60	53	27	16	93	18	91	73	15	5	13	16	76	64	11	23	100	33	
6	33	71	92	38	28	79	85	3	97	36	33	40	82	46	82	25	67	47	80	42	45	74	77	55	74	87	81	8	32	20	90	37	66	23	77	82	44	32	66	71	7	58	49	56	40	21	97	79	88	63	49	30	36	20	73	42	9	26	38	48	30	4	-1	1	3	17	65	77	78	64	60	39	64	53	43	21	37	4	89	10	7	7	13	37	37	90	68	100	14	92	4	55	26	49	10	53	24	58	44	
79	63	66	79	3	70	63	100	26	57	88	58	24	59	36	16	35	57	55	75	19	8	74	90	61	18	89	96	63	13	9	61	7	88	32	81	18	38	80	21	11	96	46	4	100	46	35	53	4	93	75	97	85	87	61	100	24	76	19	23	3	76	70	69	-1	94	77	37	89	33	11	34	82	65	76	89	74	89	72	16	84	15	97	94	26	43	8	68	74	87	33	65	91	4	83	61	37	16	3	24	
33	20	61	64	19	84	71	64	17	32	38	67	93	9	94	88	94	29	90	95	3	31	64	60	67	51	34	46	96	16	49	71	11	79	88	94	79	3	28	21	21	97	71	100	48	74	23	34	32	34	81	26	33	47	57	65	57	55	84	74	57	19	43	85	55	-1	28	89	100	72	2	76	35	42	3	96	68	72	65	69	70	45	75	57	57	94	68	77	42	35	53	21	11	83	84	57	6	39	14	51	
70	52	31	50	18	40	66	27	45	75	82	26	70	6	59	55	69	39	30	35	52	78	68	61	35	95	48	44	6	70	39	95	9	64	47	66	46	42	24	46	17	83	98	68	40	20	51	74	24	4	12	87	20	34	85	81	76	97	54	31	57	59	96	31	3	39	-1	85	20	95	49	70	61	22	13	93	78	50	70	70	7	67	80	67	98	37	18	44	16	44	81	88	59	95	51	68	1	21	63	83	
85	5	61	59	70	46	64	54	21	70	71	65	76	58	45	22	47	94	88	40	2	33	59	3	47	24	98	63	9	16	70	21	44	17	86	96	39	55	26	10	4	2	6	4	63	42	29	78	58	81	30	97	64	53	26	1	23	13	88	47	82	86	53	56	26	37	64	-1	52	28	35	73	29	79	49	64	14	80	73	81	74	64	53	73	93	92	95	4	54	63	28	40	6	79	17	20	80	69	66	7	
49	87	17	66	54	43	75	37	11	33	29	73	95	12	62	13	29	5	30	59	73	88	34	52	88	23	71	35	96	95	13	62	67	98	17	85	33	39	48	21	72	56	96	93	28	58	64	82	68	44	52	52	47	61	32	50	30	59	98	82	49	32	76	14	47	4	62	30	-1	59	51	64	43	29	77	16	84	38	38	75	15	24	87	96	90	35	58	84	35	59	65	92	28	86	86	24	83	85	10	2	
89	96	47	55	9	37	54	8	43	61	33	47	54	73	33	50	7	6	100	56	7	92	45	67	30	32	79	26	61	64	47	32	1	15	36	49	85	9	37	76	18	8	34	96	5	80	11	50	49	36	18	75	73	73	97	50	64	86	75	13	75	65	43	61	28	29	73	74	12	-1	17	9	3	45	31	78	38	81	69	48	48	53	40	24	100	43	33	83	17	26	53	48	48	87	88	50	47	12	89	55	
26	70	88	75	91	80	56	79	53	66	51	60	45	11	43	39	61	27	97	90	60	96	13	20	33	99	23	89	35	21	92	28	29	3	6	6	59	31	49	31	89	7	62	95	23	31	40	93	49	6	8	71	87	77	85	54	27	12	21	3	13	9	38	46	76	94	16	66	3	25	-1	50	70	27	62	100	98	15	41	4	37	88	32	75	69	54	91	29	63	94	34	88	96	58	15	66	45	89	96	50	
47	40	11	40	47	73	21	47	36	69	56	78	88	2	61	26	24	69	44	15	98	26	72	53	73	88	94	60	36	62	65	63	70	32	25	74	86	9	13	79	9	14	81	51	16	79	80	44	36	84	33	48	95	51	76	71	93	44	95	78	7	45	29	40	82	24	19	81	95	73	66	-1	29	10	28	68	46	32	43	54	5	38	4	69	15	30	61	24	86	48	43	14	13	94	96	48	17	96	12	1	
97	22	11	83	20	94	41	93	100	29	46	11	47	17	15	22	2	60	12	37	36	91	24	71	40	9	33	54	88	82	73	98	65	64	94	34	1	41	28	84	53	5	8	51	23	93	18	78	73	84	96	3	43	33	2	69	33	45	42	82	76	38	33	91	70	61	93	57	76	100	16	56	-1	52	78	13	46	52	15	30	78	1	83	34	82	27	18	11	34	12	70	42	37	55	96	65	80	35	27	18	
65	40	6	79	42	54	36	14	68	35	90	17	14	98	11	48	65	61	47	2	40	38	98	49	63	94	74	30	53	93	28	4	2	46	27	40	30	22	50	57	92	71	54	29	66	47	6	23	54	76	87	39	88	75	19	11	68	52	58	99	14	16	71	19	84	69	91	7	28	25	100	59	99	-1	14	40	28	2	41	12	48	79	94	94	33	93	66	40	76	99	42	96	59	23	19	41	67	99	46	91	
100	28	74	46	69	5	4	39	28	73	83	87	5	49	28	24	18	61	55	6	92	78	71	90	16	59	86	1	48	2	65	42	23	78	22	25	97	62	14	7	92	52	10	69	12	67	80	94	69	79	36	11	39	55	36	78	57	23	46	59	94	50	77	93	28	77	93	51	57	26	100	93	28	31	-1	73	70	51	79	78	11	82	58	66	62	93	87	24	23	82	99	3	35	73	7	18	15	19	78	86	
55	28	20	45	71	32	90	93	16	4	99	74	84	66	27	52	72	66	70	12	18	43	59	96	30	81	37	21	80	44	89	9	38	49	9	90	20	44	93	34	45	86	8	75	76	79	70	68	35	35	31	4	78	40	94	78	83	83	75	38	84	39	66	76	18	34	21	62	33	56	59	63	4	41	63	-1	13	51	94	54	66	58	6	40	91	55	21	18	68	82	73	27	80	20	85	24	40	90	22	60	
86	76	8	26	60	22	17	49	45	29	3	37	39	57	20	63	89	21	86	61	35	96	13	99	16	7	44	61	64	27	85	30	6	4	24	84	75	2	54	29	19	31	11	93	51	61	54	41	8	17	79	40	15	64	29	4	38	61	65	95	17	44	31	38	57	2	72	46	65	60	32	97	70	100	72	51	-1	9	77	74	50	42	38	32	95	87	78	15	54	60	91	45	99	10	5	64	62	31	48	8	
75	33	24	59	19	27	12	56	91	58	21	22	2	47	81	21	13	36	71	61	1	93	36	90	29	57	18	88	80	13	84	1	89	49	67	75	97	77	68	49	17	21	58	33	44	36	64	7	8	57	54	25	96	31	96	66	32	19	100	72	45	11	46	69	58	93	72	20	36	61	31	85	16	91	95	42	98	-1	44	5	100	42	82	83	30	32	63	96	44	6	59	82	18	77	56	64	45	39	22	68	
66	11	46	93	15	62	71	84	51	82	100	84	58	100	89	59	63	1	68	27	51	65	17	5	59	31	37	96	46	8	96	29	54	68	57	75	71	81	70	89	27	89	20	35	87	50	24	29	14	67	83	73	61	50	39	55	95	100	34	30	70	97	50	74	82	53	74	55	32	90	72	19	34	47	79	64	45	16	-1	43	49	66	62	31	11	29	85	10	30	59	49	82	12	99	54	61	64	24	51	4	
12	100	21	32	61	72	87	42	63	70	73	11	87	7	22	33	47	59	78	61	74	13	8	9	52	60	14	12	41	78	18	7	83	18	93	83	12	37	43	32	90	48	18	96	60	53	86	28	20	7	92	90	37	23	13	68	58	1	34	28	91	14	42	5	66	82	48	96	83	25	85	30	31	18	35	77	23	88	63	-1	17	55	9	13	41	89	16	70	99	56	81	90	72	13	62	19	39	88	36	12	
84	62	32	54	71	65	64	56	6	49	93	65	52	14	81	75	31	38	19	89	1	12	10	10	85	80	88	76	48	38	73	98	66	45	82	94	84	1	86	73	9	17	50	40	16	12	59	3	48	38	94	80	99	13	15	10	79	14	23	50	54	98	99	70	3	81	72	16	89	74	68	26	84	19	72	40	78	65	60	37	-1	23	23	64	57	40	76	36	25	73	15	63	9	5	14	75	84	94	89	24	
6	93	80	10	10	71	95	71	52	97	82	82	40	29	72	89	41	93	11	29	77	27	89	35	25	42	94	5	75	84	37	63	14	97	15	92	74	87	26	60	69	62	66	38	62	41	74	93	83	22	93	34	72	10	94	69	10	29	68	14	4	53	70	46	65	24	64	78	50	51	39	81	51	12	82	93	5	48	96	96	9	-1	78	23	40	71	98	93	56	7	53	34	36	51	56	11	27	51	55	42	
80	30	60	6	76	94	48	24	57	22	10	50	54	13	37	63	81	57	7	35	57	33	59	84	61	44	26	60	28	100	29	94	27	50	50	12	55	2	94	78	60	57	58	60	87	92	68	72	46	64	24	38	26	40	82	100	55	71	66	34	36	11	75	90	29	41	96	16	24	42	29	64	12	69	68	95	83	46	27	66	68	10	-1	81	72	56	16	15	32	72	68	53	20	34	54	45	64	11	80	51	
26	22	87	57	88	71	76	89	2	58	79	29	62	65	36	83	81	67	21	9	88	11	26	6	54	8	31	50	44	82	3	38	58	89	18	43	92	12	8	41	37	65	30	47	99	3	38	74	56	15	14	69	34	88	90	18	53	77	19	22	84	100	62	22	77	93	77	71	43	59	54	23	5	50	77	76	49	96	92	73	65	21	29	-1	95	72	34	56	89	72	53	94	23	70	71	65	11	22	5	48	
53	2	52	22	4	21	30	30	37	77	10	34	72	20	35	64	42	93	63	76	26	83	20	39	98	14	82	36	84	14	95	85	19	92	10	72	28	42	22	6	6	74	55	15	41	14	11	92	54	18	38	54	10	66	22	4	90	22	72	22	25	80	31	42	64	65	39	83	14	6	1	25	86	96	29	8	50	82	31	21	37	62	3	77	-1	96	50	75	43	24	96	27	56	99	96	75	44	2	1	59	
56	18	95	82	42	2	24	43	5	83	4	45	58	48	37	54	90	81	38	23	13	59	67	82	22	74	50	96	55	37	9	4	12	9	36	75	15	69	36	21	18	61	40	100	53	42	79	99	89	32	79	74	74	37	92	89	60	57	39	58	7	35	88	91	53	27	70	91	6	60	39	75	47	48	95	12	88	25	89	31	90	62	67	41	21	-1	94	90	80	93	33	6	57	100	13	39	20	75	51	76	
37	80	6	30	93	75	79	49	24	16	29	62	88	29	55	8	30	24	88	77	71	3	57	40	90	37	18	84	39	56	2	50	23	5	96	7	51	76	98	28	18	93	79	54	63	61	34	86	82	49	36	93	94	52	62	35	83	63	83	13	49	94	11	65	88	85	73	25	69	72	90	6	37	46	19	50	61	64	31	95	6	37	12	43	61	25	-1	84	41	98	86	3	6	92	42	11	71	4	27	74	
68	87	8	47	30	89	5	56	29	36	96	55	9	36	64	80	26	36	26	70	10	93	90	24	73	34	72	13	67	11	44	59	49	58	15	37	29	18	100	83	63	90	6	18	80	14	10	96	3	64	46	72	8	94	55	22	20	49	8	2	22	45	81	11	11	16	11	95	41	32	68	19	57	77	97	7	2	7	86	39	92	3	63	84	49	55	36	-1	26	11	35	62	34	58	75	56	71	87	82	66	
37	84	36	13	41	38	31	91	83	85	50	82	9	47	98	39	39	88	70	59	92	8	31	65	8	70	3	21	70	7	89	37	52	54	36	11	48	66	35	26	50	81	81	84	35	76	6	59	48	26	26	46	99	33	28	67	29	66	30	34	97	65	19	68	100	58	69	73	65	62	88	31	15	52	31	17	69	53	1	59	21	42	75	30	48	69	36	74	-1	44	67	21	53	31	81	38	87	16	12	8	
80	72	37	40	54	62	76	32	8	50	12	41	63	18	28	37	42	66	97	42	7	6	36	42	43	77	33	92	46	44	80	51	85	76	3	54	95	48	36	84	23	11	81	29	78	68	85	32	20	6	56	18	45	10	17	90	68	95	35	79	44	2	39	4	5	38	97	42	74	5	69	15	28	75	18	52	69	7	59	44	34	71	78	52	18	89	95	30	32	-1	36	22	78	74	12	72	65	67	77	17	
32	30	4	45	89	61	55	73	16	84	14	76	89	61	98	64	12	8	55	5	57	39	9	27	13	44	38	11	100	98	6	57	36	25	58	91	66	96	22	29	4	59	73	8	83	13	7	100	18	52	87	87	62	64	13	45	64	82	89	65	8	93	24	41	46	69	86	36	42	9	37	91	84	82	78	34	38	38	77	76	70	74	77	66	75	20	5	96	55	4	-1	40	20	84	21	24	16	39	62	81	
26	42	14	52	30	40	97	26	46	39	88	13	72	84	14	23	41	87	56	64	33	62	77	49	43	94	50	21	94	69	26	47	48	24	94	10	10	4	95	60	16	60	82	74	95	93	4	94	88	90	53	95	30	73	91	5	75	65	20	88	15	45	64	55	70	13	100	76	55	24	93	26	61	14	81	81	17	43	23	37	31	40	2	61	65	60	52	46	6	25	7	-1	89	80	88	35	89	37	66	57	
73	22	96	27	12	72	46	45	41	34	100	76	38	71	93	26	47	70	47	89	12	35	66	90	11	84	4	84	39	72	69	57	18	58	1	81	15	89	30	38	55	75	6	15	21	87	5	20	97	8	2	49	55	7	48	87	99	19	11	43	34	11	12	96	82	39	97	67	3	97	8	60	11	27	59	84	23	4	28	45	42	3	46	34	93	8	27	12	88	70	79	32	-1	13	99	14	37	26	38	65	
40	87	55	55	14	92	6	33	11	16	89	14	5	75	7	45	62	61	77	27	58	71	16	26	18	17	27	94	17	69	54	62	85	84	71	42	42	34	56	22	75	83	54	51	68	43	69	84	74	61	55	5	80	31	65	19	63	37	63	2	41	24	48	62	67	17	62	75	86	67	50	33	45	45	59	56	73	87	28	64	98	6	68	47	76	77	22	73	41	27	23	57	51	-1	91	42	59	39	87	22	
25	59	76	88	57	42	33	41	75	66	66	88	31	14	79	15	6	8	73	50	54	85	23	64	7	55	25	54	23	8	66	30	60	45	40	32	100	39	16	79	26	57	37	50	83	54	8	12	3	77	6	9	41	11	99	57	32	71	79	63	44	33	33	67	84	27	57	72	49	63	73	33	23	95	44	37	67	69	95	16	56	23	89	87	98	22	68	51	80	81	56	10	25	93	-1	8	31	29	30	51	
59	44	29	21	40	12	68	18	37	11	100	78	62	47	18	93	97	37	76	52	37	31	7	21	62	53	21	20	65	63	47	39	74	1	100	51	83	71	63	55	66	26	7	5	98	27	5	11	86	50	15	15	55	29	39	94	83	30	69	5	53	18	4	61	23	92	33	65	22	46	6	69	69	38	34	33	17	75	34	94	91	81	36	93	85	18	1	86	98	7	77	2	96	27	33	-1	44	77	98	32	
68	62	80	91	65	85	90	13	57	21	9	51	51	10	23	55	60	56	75	27	97	26	84	100	64	69	48	72	8	97	21	89	74	86	80	51	78	47	6	63	83	61	72	45	45	41	82	39	3	7	74	15	24	47	77	88	46	93	82	55	35	13	74	51	71	54	56	54	58	82	94	54	16	94	76	72	37	40	15	14	48	22	88	35	47	37	50	67	81	98	54	92	55	8	90	84	-1	23	6	47	
35	85	82	74	12	78	94	33	91	71	22	27	18	24	62	94	93	73	1	16	58	5	98	58	61	96	98	47	38	28	95	93	72	96	95	87	82	93	76	19	32	18	67	40	16	6	66	26	30	35	70	5	65	97	13	88	74	75	28	42	86	33	48	98	39	15	70	83	59	61	1	42	25	39	83	24	56	7	54	58	25	52	72	62	11	9	9	34	17	95	33	20	52	20	6	34	53	-1	61	14	
99	29	20	8	10	7	53	39	29	38	14	55	25	96	37	60	79	42	71	100	54	9	25	81	8	15	81	19	2	62	7	95	56	62	53	49	31	50	5	29	93	17	88	8	62	25	62	85	1	52	48	74	3	41	17	33	45	73	14	86	4	86	84	78	52	16	78	16	42	30	58	16	62	67	32	1	39	69	18	92	18	94	15	65	5	38	82	44	93	8	56	48	41	17	17	86	69	64	-1	92	
86	81	22	73	49	74	50	55	31	55	52	89	51	72	36	86	87	43	32	93	30	23	93	58	91	46	78	81	7	41	73	62	42	53	44	62	78	40	79	73	5	74	2	85	32	17	34	85	95	75	55	5	71	59	52	1	46	49	2	17	90	14	58	100	48	59	78	64	78	24	22	77	79	64	51	35	30	27	99	9	94	16	74	7	8	5	61	84	89	84	85	17	10	50	22	88	13	1	45	-1	
