100
-1	76	86	74	30	31	81	53	30	66	34	21	60	94	62	18	31	3	8	17	15	5	73	45	31	32	39	63	86	84	20	45	5	17	37	82	13	41	24	37	80	87	31	71	34	19	94	65	100	60	100	95	68	8	65	62	80	38	42	80	95	84	1	25	81	64	87	28	29	52	95	12	5	5	65	92	86	100	55	6	94	98	43	59	86	42	41	61	71	68	46	77	74	97	33	39	38	84	28	4	
91	-1	51	59	70	17	46	13	22	75	99	31	87	60	34	21	9	26	31	89	4	17	78	7	14	42	66	35	50	45	70	41	18	31	64	26	40	96	30	9	44	8	45	77	21	84	68	50	61	32	38	10	50	66	48	41	63	65	13	39	90	36	38	73	95	37	59	54	44	57	99	20	54	12	17	1	57	20	63	71	16	31	68	48	55	38	16	61	16	1	63	21	51	83	59	29	41	12	45	43	
75	54	-1	18	3	5	4	25	84	69	94	4	87	20	41	32	25	11	85	45	6	45	20	86	70	61	32	65	75	45	49	70	3	22	9	45	80	87	52	25	85	2	64	67	98	2	28	83	43	6	98	53	45	38	19	90	53	48	94	9	9	12	61	57	24	39	15	96	30	85	8	46	12	1	31	82	97	43	49	49	13	28	39	49	5	100	45	91	79	36	84	71	55	60	77	3	10	16	99	7	
33	23	48	-1	92	46	5	58	8	71	69	44	29	59	65	70	68	78	13	32	43	39	17	87	18	63	27	84	11	3	4	63	41	26	82	99	70	50	53	87	59	36	90	8	95	50	37	60	66	84	82	34	45	33	79	59	43	15	96	21	94	65	90	73	18	8	84	6	33	96	87	20	40	37	1	23	100	1	60	44	93	36	56	25	3	5	46	59	30	18	34	75	3	96	24	2	47	75	6	6	
72	37	46	70	-1	46	13	74	23	64	1	87	96	86	41	1	30	26	80	7	81	86	9	91	27	31	42	57	90	64	48	73	48	52	100	98	49	62	96	100	61	82	52	32	26	76	71	67	64	33	93	80	55	75	87	98	73	10	65	37	17	60	78	56	75	12	25	15	73	31	51	85	45	27	72	45	80	49	91	16	26	84	56	50	18	86	76	3	29	83	32	80	95	16	45	78	46	65	100	97	
93	22	64	84	3	-1	74	85	72	40	49	91	30	35	13	94	38	6	99	97	34	35	63	60	66	43	71	22	41	72	99	22	80	35	26	58	69	46	76	61	63	90	77	30	36	64	94	10	59	59	49	100	3	10	37	39	39	46	90	44	68	86	41	30	28	89	56	42	56	75	25	82	92	88	93	53	10	6	75	52	96	57	97	28	70	67	70	11	47	64	24	39	59	76	28	13	9	84	88	58	
17	11	20	44	41	92	-1	12	6	48	70	45	45	31	75	62	86	47	34	29	24	98	89	22	36	98	10	99	1	19	84	81	77	100	92	34	49	17	32	7	92	58	91	31	24	11	34	17	8	90	95	27	37	37	85	16	49	53	83	39	4	90	92	92	27	42	42	14	15	96	2	41	16	64	87	75	41	48	86	30	21	8	18	47	90	70	83	33	65	72	5	3	10	83	46	64	69	53	11	49	
69	53	7	71	1	6	96	-1	14	20	21	55	88	49	91	58	14	99	7	89	22	21	87	74	92	50	92	20	98	22	34	29	66	52	30	82	41	7	40	8	70	34	8	65	39	9	76	93	60	61	18	73	90	91	10	75	42	36	79	91	53	3	98	13	70	47	30	5	18	50	70	68	35	98	52	11	20	12	52	81	92	15	77	12	70	38	5	80	32	88	34	7	46	18	39	72	68	82	93	82	
30	43	84	39	41	41	61	94	-1	95	34	89	7	23	77	54	17	13	90	16	76	14	74	51	19	17	41	3	59	45	33	88	30	63	61	19	43	26	2	44	51	79	44	5	38	72	48	87	6	36	68	4	45	18	39	53	81	29	71	16	57	61	17	85	65	86	40	89	78	73	97	39	83	85	5	71	28	36	31	42	61	38	23	43	81	73	7	95	47	70	69	88	60	43	97	53	7	2	9	31	
38	68	54	19	1	45	73	66	19	-1	51	46	57	39	48	63	95	69	58	76	67	46	21	58	10	22	100	50	92	79	96	59	62	64	39	50	56	84	82	37	92	5	56	25	31	64	50	65	30	45	19	28	88	42	50	86	22	45	11	26	35	75	83	46	44	55	56	100	87	43	76	44	96	31	3	9	28	32	51	60	74	97	12	18	46	31	49	34	80	86	29	91	12	57	33	83	27	58	60	68	
46	99	36	70	10	100	49	85	80	71	-1	84	44	29	4	2	19	93	52	36	41	88	56	13	89	25	90	6	81	6	44	38	95	35	72	90	51	46	31	94	18	19	84	4	74	53	59	56	6	77	43	54	75	2	53	36	38	32	78	55	8	93	34	43	68	88	18	89	88	32	31	73	19	5	8	92	69	13	15	24	7	18	46	33	32	22	91	2	4	99	24	20	1	15	41	78	51	39	32	46	
8	44	62	67	72	2	15	20	41	29	37	-1	19	58	96	6	61	5	36	75	30	98	85	6	100	83	50	54	77	85	51	12	60	32	10	66	27	13	3	85	79	67	33	16	4	8	59	39	20	45	76	93	8	41	49	34	20	78	57	60	88	25	87	88	24	42	6	43	50	19	66	62	89	13	45	27	8	48	88	96	79	65	26	89	2	100	53	57	59	2	8	25	32	35	13	33	54	53	21	15	
68	45	84	29	27	46	61	97	74	50	61	99	-1	33	75	18	91	81	19	52	27	90	36	95	39	69	59	56	51	89	34	29	53	56	23	82	7	25	91	65	7	16	63	24	70	99	13	33	14	92	55	38	64	73	83	90	8	98	86	76	85	25	55	19	48	62	2	14	52	74	34	17	93	22	46	19	74	88	43	33	27	21	75	67	91	27	80	82	61	64	47	33	17	84	43	28	13	11	1	38	
88	55	26	33	43	53	39	56	71	98	23	100	54	-1	92	91	59	37	28	53	73	77	14	87	19	25	43	90	42	80	99	24	72	79	71	75	6	97	81	59	41	65	85	11	24	67	74	59	2	67	45	64	48	26	5	29	26	98	41	49	99	65	98	84	38	57	87	54	46	14	13	1	52	23	98	55	19	62	75	84	48	78	34	97	12	94	69	73	11	56	31	31	81	7	82	4	55	89	23	94	
46	43	34	69	92	22	9	97	76	18	42	9	50	9	-1	10	31	79	55	41	31	60	91	36	80	90	32	6	52	6	80	86	59	15	85	3	84	100	2	77	79	34	72	31	62	58	99	46	74	83	66	33	28	30	30	94	64	9	82	96	45	9	74	44	2	43	57	85	73	14	11	91	100	55	45	40	44	53	91	70	66	38	10	99	63	74	7	1	48	34	54	84	6	79	79	59	42	4	34	51	
76	69	65	26	57	74	74	71	70	20	66	37	67	78	54	-1	64	84	78	20	82	91	81	68	11	39	64	78	8	91	85	75	50	81	69	84	51	37	15	22	68	32	37	4	23	42	77	13	95	16	92	42	49	82	10	23	93	92	12	21	34	90	89	59	34	17	46	55	21	60	14	36	48	35	54	25	97	43	69	64	65	94	34	12	37	36	1	13	49	26	67	62	31	6	38	19	98	59	68	71	
53	6	23	15	6	94	45	53	51	16	29	32	25	98	54	76	-1	75	61	82	12	76	76	9	58	87	35	35	39	43	60	100	28	19	48	46	44	39	69	92	43	100	43	85	26	61	89	99	12	46	65	29	85	45	95	15	37	15	37	28	27	12	19	72	58	82	57	99	99	23	65	2	92	17	27	77	49	69	70	16	38	59	13	98	12	97	41	59	27	83	97	53	6	22	44	49	28	63	62	83	
36	69	65	19	100	33	37	97	16	54	89	87	40	46	100	33	64	-1	20	20	86	27	82	30	90	22	28	23	59	44	5	90	44	2	66	97	50	31	37	64	53	98	92	39	87	6	62	83	91	63	1	84	1	10	28	45	71	73	63	57	31	12	77	93	15	63	9	34	69	93	72	68	65	56	2	58	96	98	23	12	74	51	9	59	78	12	31	45	76	8	31	53	23	45	38	19	77	37	35	26	
15	25	43	65	73	66	41	65	90	10	99	33	72	89	15	19	55	45	-1	52	62	1	35	11	35	97	23	37	81	56	29	52	3	61	5	74	36	30	92	76	17	77	76	51	54	87	93	67	84	70	85	82	56	59	41	87	36	44	62	82	14	98	31	79	5	41	79	16	20	38	85	80	88	65	30	98	9	73	99	51	80	93	84	31	16	8	8	57	35	51	17	36	50	29	54	72	51	92	32	10	
53	82	14	65	29	26	77	49	96	64	58	97	17	27	89	3	25	25	94	-1	50	20	12	77	19	53	27	96	96	37	50	16	19	100	31	40	54	36	69	92	39	39	42	80	5	14	3	93	59	59	35	52	77	59	14	71	81	76	15	75	59	71	83	22	36	52	31	69	75	14	28	89	22	24	42	59	84	68	59	52	83	27	44	86	51	33	9	24	19	39	33	60	4	74	56	43	36	61	84	65	
30	50	8	46	82	1	44	76	54	54	58	94	82	60	78	52	31	97	84	7	-1	64	84	36	43	20	41	99	8	60	12	100	78	60	4	46	48	93	77	80	63	34	92	32	50	21	22	40	25	11	56	93	87	30	53	98	100	35	84	14	83	32	44	13	78	52	21	8	51	44	25	26	75	92	47	45	22	91	70	49	34	95	21	20	3	93	13	6	62	16	56	59	36	71	97	66	55	59	52	28	
43	61	8	46	86	66	61	25	44	37	55	11	64	97	52	79	32	18	29	28	79	-1	3	88	100	41	86	36	19	15	84	93	41	88	20	54	52	86	33	24	36	93	30	57	45	80	98	17	87	50	61	55	17	53	49	24	64	5	76	55	84	54	29	89	42	45	53	19	100	24	16	68	3	45	99	84	83	41	93	33	24	41	69	14	39	41	10	21	42	7	98	77	85	90	74	59	29	51	86	52	
2	100	5	36	52	11	96	5	9	54	79	91	38	57	10	19	11	19	81	10	28	96	-1	31	83	30	90	40	67	1	74	70	32	46	30	4	84	76	77	28	19	23	14	67	96	42	49	14	44	65	14	3	3	81	88	48	87	43	73	87	58	50	54	43	31	41	21	18	12	32	29	64	51	5	34	67	30	46	46	31	60	50	44	51	88	89	38	76	28	96	84	82	18	4	67	2	50	41	66	67	
33	42	88	59	88	19	18	3	87	60	72	37	99	60	75	14	2	76	72	68	75	77	15	-1	2	18	91	92	66	52	52	10	70	2	96	46	62	78	46	86	36	7	26	27	33	22	77	32	83	88	30	16	68	22	22	82	94	63	67	78	83	93	24	50	92	55	80	35	76	65	76	78	70	36	22	11	74	48	91	55	27	71	3	67	7	27	20	16	15	79	92	45	87	26	63	5	36	5	84	50	
66	54	90	89	48	40	18	59	41	93	84	3	86	86	83	25	46	78	1	74	97	65	22	13	-1	4	98	83	14	47	75	23	97	15	12	81	64	87	22	88	81	6	70	78	62	7	13	55	62	96	85	86	29	43	33	45	42	18	17	22	32	12	33	16	10	5	99	87	40	10	3	39	83	96	50	83	62	15	44	69	82	66	26	40	39	97	76	50	92	2	52	59	4	88	95	81	66	97	72	2	
98	18	10	39	82	100	1	22	92	37	80	6	96	83	37	77	52	13	93	23	94	88	2	94	62	-1	11	54	65	9	21	46	64	17	50	83	92	57	25	83	67	92	46	72	19	49	68	80	31	34	16	96	18	17	63	59	7	90	52	77	84	54	57	69	63	20	51	43	34	30	8	21	74	58	17	76	50	57	33	53	77	71	73	46	17	65	75	43	94	56	60	49	86	51	76	14	34	54	77	84	
97	23	37	34	79	65	35	97	17	8	77	40	47	69	25	78	6	78	93	71	67	51	90	93	47	54	-1	11	16	32	16	87	52	17	61	95	99	2	18	28	18	62	21	93	91	84	54	55	4	99	99	45	86	18	84	71	49	15	20	82	71	91	94	18	63	90	72	54	27	79	34	59	31	99	90	64	84	14	70	49	85	46	10	15	61	59	19	6	65	67	9	32	71	30	60	77	84	16	56	11	
50	26	87	69	9	3	9	62	90	80	51	3	92	94	61	42	27	82	72	72	70	9	84	97	69	49	37	-1	81	23	92	13	54	68	43	1	73	34	82	11	53	10	74	48	90	37	23	37	62	80	59	79	52	67	54	47	2	44	28	39	21	68	44	82	58	6	47	58	24	37	12	28	55	38	100	64	18	17	9	94	96	76	15	95	7	76	7	64	99	9	35	28	94	52	69	4	28	83	100	20	
85	19	33	100	16	65	50	92	38	35	32	59	92	100	88	62	69	90	6	44	59	31	14	25	4	18	28	23	-1	20	15	83	9	57	34	17	34	69	8	61	76	11	39	100	30	85	63	99	42	41	16	61	95	83	42	30	98	98	54	43	19	16	47	93	27	51	77	68	40	10	13	51	48	100	93	89	1	40	73	85	16	72	38	38	29	22	70	57	6	28	61	44	12	27	14	5	34	52	57	58	
32	54	55	25	55	46	34	75	45	40	99	33	19	49	21	43	61	57	36	60	27	87	18	18	85	47	16	46	8	-1	16	88	23	95	10	2	36	38	97	13	94	98	30	4	74	73	1	72	79	77	92	91	12	23	43	13	88	64	65	82	62	79	74	4	63	80	41	19	14	54	72	26	22	4	73	80	94	52	95	7	77	31	86	11	39	11	72	15	76	75	60	67	40	33	67	13	14	45	36	97	
77	77	99	46	96	38	30	79	92	50	8	95	7	16	55	37	15	95	52	34	37	15	1	87	55	40	6	66	41	16	-1	42	88	23	71	16	92	18	17	81	50	84	81	56	7	100	91	77	100	62	31	10	65	91	15	15	55	97	89	12	27	10	22	96	9	34	86	64	61	25	26	97	69	97	45	30	31	20	22	81	32	54	62	72	41	54	13	51	77	5	91	80	8	51	63	26	35	4	92	62	
91	18	83	74	6	13	96	27	99	99	75	58	90	10	49	10	8	46	79	52	56	31	12	43	94	26	75	15	38	47	11	-1	63	36	32	80	34	27	27	40	86	88	65	24	54	57	66	45	38	93	15	58	83	53	79	98	13	84	1	62	71	83	58	85	70	63	30	79	18	59	16	39	20	17	14	71	73	13	41	47	69	64	77	26	32	94	33	54	69	22	67	67	96	96	77	74	53	45	46	74	
29	90	6	3	48	55	39	97	44	66	37	82	65	38	49	67	46	30	30	36	35	96	83	68	43	36	64	32	24	69	43	66	-1	25	37	38	33	63	76	66	45	51	21	37	89	26	6	73	65	62	9	16	20	77	39	11	47	31	16	95	90	36	99	84	59	86	11	4	12	1	38	20	69	37	41	73	63	60	73	98	7	7	8	24	34	64	30	42	20	26	50	26	3	53	16	31	93	21	53	45	
50	69	41	26	51	66	51	93	53	10	53	69	87	34	94	2	61	43	58	64	77	24	9	61	80	38	71	11	76	94	29	47	69	-1	15	63	38	16	100	6	94	59	68	8	60	63	50	36	15	70	31	58	1	9	46	97	56	81	36	64	52	87	24	1	15	50	96	94	82	56	48	86	54	37	95	78	49	99	56	56	73	49	91	6	41	75	68	75	16	22	62	39	10	44	56	29	38	89	44	2	
8	67	53	3	2	27	95	77	10	97	76	12	38	6	21	94	36	40	89	2	91	2	5	21	46	29	25	95	83	6	94	65	6	12	-1	41	62	83	88	75	67	17	28	21	19	53	69	62	59	42	4	1	95	50	74	97	41	46	99	60	81	1	4	91	77	27	96	32	94	87	2	56	24	77	63	99	22	9	85	97	12	76	3	18	68	46	15	41	80	35	45	40	63	94	9	55	5	86	24	71	
95	23	35	93	94	94	79	3	92	84	23	14	46	20	44	14	63	41	15	49	92	65	97	42	7	9	63	77	30	5	34	90	22	84	7	-1	87	43	39	92	21	97	33	4	43	95	91	5	49	52	53	22	7	15	61	17	98	47	45	31	57	11	95	6	48	90	73	92	41	78	14	82	97	98	96	33	53	9	74	28	44	29	44	2	72	61	37	74	27	42	16	97	36	16	40	22	62	79	13	49	
4	84	90	100	93	86	61	5	91	80	79	66	10	24	28	73	15	20	47	72	9	13	85	64	30	30	20	64	35	62	10	57	64	91	31	39	-1	40	45	64	35	39	78	88	71	17	56	68	45	41	30	73	19	50	75	96	90	58	43	47	54	32	42	47	81	12	42	42	24	16	55	93	86	89	85	80	62	54	10	40	72	65	3	33	59	39	4	45	17	17	29	65	82	40	47	96	41	53	22	49	
81	93	25	48	47	10	97	30	1	71	93	4	34	9	33	74	3	99	40	73	74	10	68	87	40	4	69	5	9	26	29	53	10	37	22	81	22	-1	6	48	52	14	76	45	36	65	1	22	43	36	100	16	6	77	14	23	87	94	92	29	10	76	84	74	18	13	33	11	92	7	92	24	85	2	65	35	28	16	14	21	54	78	78	27	17	29	81	30	74	43	63	74	91	56	14	9	5	60	92	50	
30	77	89	20	5	97	24	89	84	58	24	55	18	85	54	61	30	20	34	9	89	54	34	45	48	43	17	35	76	61	15	61	89	34	92	41	52	71	-1	36	97	28	48	14	95	79	17	76	71	18	24	73	53	38	36	12	80	25	58	29	95	56	58	97	92	86	60	70	38	98	31	99	11	32	98	77	57	13	1	47	68	67	2	4	37	27	29	94	78	54	37	29	45	74	32	84	17	50	64	67	
39	15	22	73	10	16	40	12	37	64	38	96	92	83	38	72	77	26	49	3	32	11	71	69	50	21	34	84	10	23	2	66	52	7	24	12	2	49	89	-1	60	72	4	96	42	48	48	100	68	70	5	39	16	64	93	38	78	57	84	86	62	71	67	18	91	30	10	53	53	87	81	82	33	49	42	47	26	63	100	40	18	91	67	56	37	89	38	68	88	86	89	42	6	90	57	11	75	68	24	65	
31	98	81	80	18	61	48	67	51	29	54	1	90	92	12	53	93	19	8	10	42	42	91	63	27	61	84	98	90	74	86	48	63	94	66	89	79	14	27	99	-1	38	35	42	76	93	69	7	87	68	27	41	36	21	68	42	45	62	31	90	83	47	69	26	93	100	91	98	5	50	94	16	93	71	92	79	13	78	99	18	21	3	48	95	2	81	88	98	88	70	13	62	58	3	16	77	33	44	42	27	
14	40	33	85	63	53	44	31	12	71	1	44	86	30	74	8	15	17	6	7	95	36	82	40	31	50	60	36	32	55	54	48	50	68	69	68	34	81	63	9	60	-1	65	76	81	81	40	66	34	40	1	67	89	4	99	2	76	33	55	51	1	94	18	31	41	71	23	56	63	62	74	46	41	31	2	63	57	11	78	38	76	26	78	98	60	25	60	73	42	82	94	91	66	55	9	5	97	83	4	26	
8	38	9	88	71	51	26	18	37	16	48	41	86	7	100	68	36	35	7	52	22	44	52	55	26	58	59	73	62	82	49	17	29	64	89	78	28	65	93	73	11	40	-1	45	80	32	7	90	23	65	18	19	58	48	12	17	32	41	16	25	54	95	86	70	87	60	2	3	31	50	41	26	41	40	63	53	61	98	100	17	93	92	89	1	72	41	62	20	89	34	77	22	1	36	94	88	67	64	57	2	
59	62	31	93	9	16	68	17	11	80	80	53	46	31	74	12	1	95	85	66	70	67	57	87	89	9	61	31	66	1	69	59	34	72	38	71	45	64	41	1	91	30	96	-1	13	65	91	59	73	17	27	3	66	32	95	80	16	26	18	96	66	7	99	13	70	25	69	91	76	26	38	36	96	55	8	84	85	78	85	9	91	84	66	46	73	41	74	33	60	80	88	27	34	86	18	3	22	95	55	67	
95	43	96	82	51	18	94	96	30	89	87	52	99	63	90	39	46	44	24	14	95	48	85	66	18	51	50	85	28	32	52	64	25	64	56	6	69	89	85	8	20	14	7	23	-1	89	41	29	22	54	30	1	17	22	53	98	16	75	23	19	48	55	57	94	66	5	34	40	42	15	42	55	11	62	50	52	60	72	34	57	22	37	1	58	11	33	47	60	62	69	69	49	12	64	49	35	47	80	80	99	
56	5	8	65	55	77	37	57	1	20	54	36	57	10	72	77	99	75	11	89	81	3	2	29	69	38	16	74	61	33	34	53	53	86	15	24	6	52	57	100	91	99	38	73	57	-1	62	99	11	87	21	52	19	63	89	44	45	46	50	63	90	89	25	13	81	77	23	20	54	48	56	8	48	42	22	90	24	79	88	87	8	17	99	10	28	88	80	97	18	76	100	84	53	59	56	7	37	4	7	6	
29	91	92	29	5	70	4	100	29	63	93	83	53	71	64	46	50	90	68	77	69	60	7	10	42	23	33	55	32	82	22	53	4	94	9	73	39	94	43	30	43	69	88	79	56	63	-1	24	23	63	55	20	70	80	67	20	90	85	17	68	2	82	94	74	66	82	68	59	3	50	72	31	27	36	76	90	12	99	45	84	25	65	57	77	50	37	72	6	78	94	64	55	10	99	29	25	47	85	78	37	
95	74	94	49	8	95	18	59	65	61	7	68	5	63	18	55	29	55	54	26	13	29	9	83	50	28	43	63	63	80	12	12	69	7	89	5	11	21	49	94	98	85	7	23	38	53	86	-1	73	65	13	56	99	4	2	12	27	70	11	64	33	99	19	42	59	22	82	89	58	7	32	6	67	16	49	75	26	96	43	59	63	64	97	63	34	81	38	57	61	99	25	88	35	13	34	23	95	97	61	61	
32	25	61	84	60	2	28	73	4	79	57	56	26	5	82	63	94	6	7	48	37	8	14	46	64	84	9	5	75	14	41	47	37	59	56	61	94	16	30	70	46	16	35	80	42	85	48	44	-1	4	39	70	72	80	50	83	44	100	89	40	82	32	42	83	49	75	28	82	35	32	66	95	37	32	98	33	92	94	39	7	34	76	59	32	71	22	15	6	52	21	62	75	7	70	88	45	16	2	80	85	
28	40	69	95	16	97	42	23	100	7	51	99	92	49	82	11	75	2	81	21	15	20	37	42	16	68	8	89	60	71	60	27	74	98	20	70	17	65	59	58	36	80	81	36	20	52	80	13	97	-1	1	64	66	76	56	42	22	68	78	3	5	64	21	71	54	33	87	60	88	53	21	25	40	51	86	38	90	84	100	21	56	40	6	26	11	53	39	64	5	41	61	84	51	18	49	45	24	83	67	8	
53	76	41	8	54	14	41	1	69	24	6	38	42	58	78	9	91	28	5	19	36	29	85	7	50	8	43	79	47	22	1	92	33	38	88	5	69	18	96	3	77	50	70	55	54	25	20	32	74	26	-1	15	51	40	85	89	41	21	31	82	60	49	36	62	56	97	62	51	43	31	37	47	82	87	5	46	22	23	3	73	60	27	3	53	33	55	77	90	97	22	15	3	72	69	59	97	85	75	10	78	
6	42	35	63	56	1	36	85	25	67	38	89	100	48	87	94	100	75	97	44	67	4	60	97	59	63	16	59	42	100	8	36	11	80	30	88	57	57	96	57	3	81	30	23	72	4	10	3	80	35	84	-1	14	51	51	34	49	98	3	50	75	39	37	57	53	32	43	88	5	24	53	5	27	29	45	1	40	76	23	71	3	97	22	71	68	98	83	44	67	20	9	95	14	29	49	25	82	76	42	35	
71	76	59	87	46	34	55	57	79	53	69	75	7	36	74	7	87	67	48	31	50	58	17	29	83	43	63	19	31	40	5	77	18	80	73	1	91	78	19	24	53	58	71	30	86	77	78	58	23	59	95	75	-1	86	67	47	57	36	25	9	81	99	86	76	10	49	41	93	81	65	49	65	80	81	92	19	44	1	26	98	80	99	57	6	24	88	67	31	3	90	64	78	21	43	1	79	52	80	17	50	
89	57	100	2	94	56	30	42	33	4	89	54	51	16	53	94	29	60	38	85	75	79	27	97	88	42	38	22	2	28	35	40	98	19	6	20	49	13	96	32	76	70	29	42	29	82	83	3	12	97	57	78	69	-1	75	22	24	66	69	40	61	15	57	76	59	80	22	8	24	87	94	22	14	30	100	71	46	31	7	32	82	31	84	27	20	32	21	9	50	11	51	79	4	100	98	27	66	10	62	72	
7	98	80	21	74	16	17	69	26	57	18	27	69	79	29	12	45	69	38	53	95	46	41	91	71	17	96	52	56	70	96	28	35	27	61	16	70	59	2	5	99	63	41	4	78	88	30	73	27	68	86	1	15	32	-1	83	73	98	82	30	64	54	38	100	36	66	6	1	75	88	22	26	91	23	21	13	16	48	58	82	65	32	1	96	10	98	34	8	48	74	26	25	17	49	3	77	10	98	87	3	
11	18	72	86	62	75	26	9	90	18	92	27	36	66	100	12	14	97	50	77	68	29	38	13	81	33	53	20	32	85	41	80	14	75	8	2	54	84	92	82	98	98	31	6	99	59	76	48	28	94	16	1	14	84	59	-1	29	100	94	12	45	45	94	26	16	55	11	35	81	59	88	17	87	92	23	51	14	57	82	31	25	41	42	42	89	61	72	47	85	97	21	7	59	50	72	84	70	11	77	97	
27	34	81	89	93	69	33	32	36	78	26	87	42	59	58	2	68	45	71	82	34	40	32	72	26	14	21	48	42	44	55	70	97	30	65	82	35	68	28	58	15	91	65	48	32	61	88	77	59	99	83	66	36	9	80	73	-1	71	93	84	2	73	57	60	1	39	91	66	55	30	42	80	13	88	86	54	12	10	7	81	47	74	82	51	49	22	97	86	15	70	44	25	13	79	31	72	76	60	25	19	
19	98	54	53	20	42	82	29	90	58	34	50	100	12	14	39	5	69	71	96	37	94	13	24	75	79	25	3	81	57	69	11	75	30	80	83	4	62	56	42	81	36	57	74	24	66	12	22	60	25	47	96	85	4	15	73	94	-1	70	11	66	41	18	51	12	75	99	4	66	61	52	18	97	6	9	36	96	78	19	51	62	90	77	81	1	37	83	83	48	3	87	5	3	80	18	61	5	91	44	95	
70	91	75	71	11	37	85	11	94	55	44	39	34	65	21	14	55	79	8	87	9	82	43	100	91	98	93	21	22	46	82	92	55	26	20	43	50	34	11	31	11	23	4	76	62	100	94	26	5	61	11	54	65	2	22	3	6	26	-1	36	10	15	54	4	84	86	5	62	63	95	8	8	24	19	14	88	55	54	66	8	75	33	7	79	40	34	17	79	30	21	33	31	4	80	45	7	69	89	37	70	
14	11	61	3	28	94	100	39	35	30	56	46	35	46	11	28	30	93	37	82	10	42	27	85	8	97	72	62	93	26	98	71	80	44	7	1	29	8	57	62	33	31	46	33	21	56	36	27	3	95	23	5	50	43	84	95	21	63	71	-1	51	44	87	36	46	6	91	55	78	54	97	92	49	59	75	36	36	62	3	45	40	99	42	91	57	66	58	80	49	68	88	65	55	20	66	35	71	59	29	29	
49	80	1	22	83	91	99	41	60	28	96	7	18	87	88	41	65	23	61	99	25	3	65	68	4	67	85	82	73	7	85	5	74	21	20	63	73	97	20	66	53	73	9	30	70	98	100	29	50	60	51	60	62	13	7	74	98	8	2	66	-1	76	79	34	82	50	11	58	67	82	40	72	68	70	89	11	85	96	88	61	94	87	65	64	16	18	39	36	100	12	12	4	16	57	62	2	45	17	90	48	
25	99	44	73	57	3	19	10	54	87	78	5	65	14	67	100	27	78	55	94	18	27	90	11	94	88	8	28	30	86	44	56	31	39	97	53	61	57	79	75	83	91	51	79	90	83	8	22	53	17	59	67	16	67	34	11	96	61	94	36	29	-1	14	71	48	79	3	47	26	98	8	33	8	89	13	79	15	1	19	43	100	25	32	18	33	37	27	45	88	64	58	27	62	18	24	15	86	2	87	71	
22	38	39	22	11	28	49	2	57	85	18	1	93	45	14	85	75	10	11	69	94	32	22	43	62	60	89	26	36	4	74	73	87	3	7	33	50	56	18	53	1	84	51	60	34	15	44	14	97	20	64	32	77	45	19	70	4	41	81	6	92	88	-1	72	51	48	67	44	94	59	1	65	91	91	56	99	7	81	76	89	84	50	33	6	6	21	47	1	1	8	59	83	99	48	32	83	67	81	26	89	
18	69	26	57	5	19	46	82	42	63	40	14	4	4	37	92	70	6	54	54	87	74	75	20	23	31	46	28	76	46	30	86	55	43	96	19	9	61	90	90	10	72	18	3	41	74	10	91	84	13	18	75	9	18	61	55	16	100	11	22	27	15	14	-1	24	40	79	51	35	86	42	72	62	98	69	28	63	95	60	78	11	84	20	58	95	9	73	48	25	85	13	47	3	67	48	65	63	46	4	27	
76	5	68	95	36	7	40	88	62	90	42	90	62	55	72	67	99	57	85	86	9	23	61	5	63	100	81	24	70	31	46	36	38	36	60	57	97	15	78	87	26	15	85	14	3	56	46	5	62	53	51	41	28	61	64	47	59	30	38	87	54	94	65	89	-1	79	38	23	64	32	80	72	21	33	49	67	38	28	59	84	4	50	55	52	70	73	79	46	31	31	18	88	34	30	44	85	3	72	39	11	
85	5	70	41	82	55	73	49	2	6	81	28	64	87	85	46	13	45	1	27	54	46	87	49	64	23	71	66	62	24	88	26	35	54	95	40	1	89	21	44	65	48	17	53	88	86	27	79	65	52	96	92	16	97	25	58	66	29	78	29	54	24	100	19	20	-1	25	81	19	52	86	63	74	77	71	39	63	18	87	55	10	76	41	11	59	89	63	45	32	81	51	74	64	7	59	83	89	66	34	31	
65	1	91	91	16	4	98	100	29	60	49	11	10	44	37	3	13	45	17	22	1	35	69	17	92	13	99	73	54	14	42	26	26	25	72	27	95	30	30	94	25	31	61	62	41	58	67	74	71	59	22	92	51	72	68	74	66	3	44	67	45	96	81	57	85	36	-1	52	25	50	97	38	96	18	10	98	69	6	58	4	42	47	12	99	88	76	62	8	61	72	14	83	60	42	64	26	60	24	13	80	
61	100	100	3	91	12	87	61	55	93	4	55	63	55	20	92	69	90	55	88	99	95	14	96	5	73	86	57	51	22	42	63	9	87	46	45	77	39	16	41	72	42	43	41	7	41	35	100	87	56	25	17	27	20	79	50	17	86	53	32	23	28	9	30	39	94	72	-1	91	61	99	54	20	100	69	41	86	92	19	13	83	95	50	98	75	57	94	52	74	40	73	6	8	47	16	71	36	78	25	62	
78	95	92	33	3	80	78	52	57	78	63	77	59	68	32	50	85	50	32	47	51	46	10	45	60	72	99	56	58	87	64	56	45	48	83	49	88	47	85	49	94	35	55	92	97	78	77	83	43	40	84	78	58	68	57	50	30	93	85	59	32	17	42	9	45	59	66	6	-1	27	34	59	23	11	81	34	86	64	25	12	80	50	46	93	2	27	1	87	57	34	14	51	82	49	84	78	3	33	17	6	
71	99	95	78	88	61	75	8	63	14	38	42	80	54	25	39	7	45	2	90	89	97	19	3	59	94	60	1	100	74	20	64	89	37	57	43	74	7	26	17	27	23	8	56	40	70	15	66	84	28	85	71	88	55	5	82	63	6	86	92	53	39	46	98	36	68	29	67	3	-1	19	17	1	85	64	84	58	72	23	35	50	99	14	100	87	16	43	43	25	70	50	93	79	66	41	51	2	60	9	57	
76	77	5	76	32	15	61	80	36	40	80	10	67	14	96	87	4	86	42	85	71	60	13	74	42	62	32	33	2	13	32	44	84	88	18	43	78	95	97	2	58	27	14	47	57	34	61	44	44	2	75	60	55	80	76	83	74	19	39	6	20	78	100	58	49	82	46	39	11	78	-1	80	22	45	38	5	62	60	95	50	73	74	83	35	10	47	16	75	38	17	35	63	58	47	49	38	59	49	90	56	
59	31	83	44	66	95	98	40	19	17	41	98	29	77	6	89	22	14	90	69	83	97	91	11	23	3	16	21	36	75	95	20	11	39	100	75	64	58	13	15	23	30	15	95	1	19	64	50	89	24	59	42	56	52	59	32	47	75	44	53	41	99	34	84	16	69	23	53	100	32	15	-1	31	93	36	67	21	100	83	3	66	57	8	19	3	59	76	27	50	89	85	33	96	48	77	99	34	37	51	45	
15	20	99	22	100	93	40	79	18	38	97	23	60	77	64	33	16	88	3	6	92	18	16	50	64	3	49	33	66	50	51	2	88	38	54	100	37	96	40	72	11	52	9	14	65	50	92	3	41	97	23	25	30	44	88	36	65	69	34	34	13	44	31	62	58	90	9	7	99	89	6	37	-1	90	40	79	46	84	83	50	63	52	8	39	33	9	30	82	100	100	79	71	16	18	82	85	97	66	74	59	
85	18	68	100	4	63	97	87	49	98	64	3	58	24	32	3	32	81	41	48	52	89	23	41	84	30	8	11	14	10	84	46	62	33	78	92	31	34	76	89	65	26	93	43	96	83	46	15	10	69	63	99	8	47	20	13	26	41	79	100	27	82	11	97	88	56	70	9	24	57	63	29	63	-1	61	47	30	88	81	17	59	77	42	87	83	22	43	51	71	86	78	26	44	82	29	36	52	30	8	44	
15	49	51	33	31	94	38	49	89	88	95	9	67	27	39	49	45	44	72	90	79	60	82	93	34	32	20	37	35	43	49	76	38	78	54	94	36	32	98	99	78	46	57	82	87	41	9	66	63	36	19	76	86	27	96	73	28	64	19	25	86	36	46	87	6	57	31	15	30	99	57	10	18	19	-1	58	25	83	87	72	65	15	24	91	73	54	92	41	96	49	4	45	61	58	69	8	44	79	96	69	
23	19	44	38	69	2	99	79	17	99	21	91	86	75	4	89	42	97	43	9	77	17	42	38	47	53	90	86	92	81	45	44	42	89	63	70	12	13	82	24	71	31	15	35	10	53	78	4	2	73	88	67	5	21	79	36	38	60	98	33	86	4	90	62	25	78	76	92	20	6	67	56	21	92	96	-1	47	100	87	85	49	37	96	55	23	50	11	47	60	18	48	82	49	26	4	52	13	51	100	18	
81	48	99	88	95	37	36	46	44	28	19	60	96	92	89	23	26	23	40	50	93	4	63	83	37	24	5	22	81	28	25	83	89	100	79	51	50	47	9	31	85	47	20	84	72	38	59	30	32	84	92	59	72	35	75	27	41	5	60	62	7	29	68	13	74	57	94	29	89	37	65	4	35	84	94	1	-1	66	43	100	94	68	70	16	88	96	83	98	58	82	36	55	38	55	81	61	73	39	9	92	
69	71	61	14	4	33	47	77	63	85	67	83	56	39	60	62	79	83	13	62	78	52	29	44	15	48	12	16	79	90	95	57	17	77	63	75	93	60	88	37	85	30	3	28	75	25	46	76	49	77	16	13	73	50	45	77	33	30	42	97	2	40	28	1	91	46	49	51	81	36	4	42	61	61	34	75	69	-1	73	69	72	18	15	80	49	49	53	51	40	32	39	88	48	100	12	70	4	45	75	89	
32	69	20	38	92	13	25	41	40	32	11	8	28	73	53	22	77	64	73	95	79	56	68	25	97	47	35	24	10	37	19	46	85	41	49	43	19	70	26	63	95	21	4	23	23	8	74	52	93	62	33	2	12	16	36	94	88	40	44	38	63	23	55	45	94	37	98	81	87	31	29	4	88	8	60	55	64	49	-1	19	9	5	13	61	11	18	65	17	26	45	95	52	41	39	5	19	37	59	80	52	
98	29	66	22	60	88	85	58	51	97	97	51	26	5	64	62	34	77	55	75	49	8	47	7	72	15	14	2	38	96	52	30	14	35	77	48	92	41	64	55	7	61	52	91	65	97	22	80	67	100	42	3	87	70	22	36	16	97	17	21	56	69	47	1	60	38	74	8	19	80	12	10	27	96	18	51	49	73	12	-1	98	47	65	86	13	57	33	90	71	31	91	23	83	96	58	18	68	80	63	99	
62	21	50	78	28	32	10	2	34	62	69	10	77	57	15	14	8	6	87	84	17	59	35	8	53	89	27	37	8	30	68	1	93	11	81	70	16	49	39	49	32	85	74	48	80	26	27	95	85	6	66	16	22	52	35	16	86	96	53	91	45	10	47	63	5	92	83	12	27	19	87	39	62	57	22	9	48	57	7	29	-1	95	94	92	90	5	72	93	62	59	3	62	62	34	33	55	7	99	96	50	
16	85	61	58	56	100	83	30	98	29	2	60	56	47	33	31	58	63	93	11	99	11	28	99	12	12	19	15	87	95	52	60	77	53	3	53	88	41	89	3	72	42	57	94	16	8	47	1	95	96	34	92	16	67	51	21	22	86	38	85	64	72	15	68	16	72	53	38	23	10	69	19	41	15	95	45	20	35	56	33	62	-1	15	28	68	35	79	6	34	32	5	68	48	2	31	69	14	1	21	100	
46	20	19	79	80	65	53	67	86	86	12	9	11	7	68	14	71	52	54	31	64	30	25	100	60	1	67	59	89	92	53	7	46	76	71	29	64	98	64	37	51	28	6	82	63	98	80	12	33	33	25	22	14	59	41	71	5	60	97	23	31	97	63	82	96	91	26	33	37	74	31	46	74	35	49	9	69	19	15	22	50	76	-1	47	65	3	81	25	92	67	89	28	68	27	80	52	82	98	33	69	
58	74	83	79	13	89	63	63	60	25	77	12	53	86	55	33	50	5	46	22	23	62	94	93	51	81	24	96	70	78	42	44	73	71	99	72	2	30	75	53	94	7	1	84	60	69	40	23	20	3	23	48	32	74	88	48	66	10	98	10	22	30	25	82	37	72	18	49	90	28	33	26	31	75	35	82	76	59	75	8	52	65	67	-1	98	4	84	87	36	32	80	94	19	63	49	27	72	6	100	90	
90	28	79	3	36	56	5	79	67	75	48	42	76	81	7	52	37	62	70	74	66	29	44	52	18	55	27	32	29	97	34	50	80	16	46	90	67	80	53	53	75	84	97	23	100	71	29	8	4	10	45	71	61	34	98	35	80	81	20	88	58	20	59	17	15	98	59	98	24	44	28	60	13	100	60	72	16	82	79	16	16	33	22	4	-1	74	82	91	93	16	26	19	19	19	49	84	68	94	95	45	
38	7	78	16	62	29	69	63	43	47	67	85	44	93	22	75	98	48	73	53	92	79	60	82	80	99	88	61	63	94	6	96	88	67	16	23	69	81	82	92	29	6	41	96	12	30	17	50	85	16	32	62	57	60	94	29	1	74	96	62	82	62	76	72	98	17	46	67	78	30	71	37	25	32	48	70	28	64	3	85	100	2	14	12	28	-1	64	53	46	76	77	65	7	28	91	60	97	53	92	86	
54	76	83	84	16	65	54	61	20	51	38	71	90	45	17	35	49	32	95	71	86	74	100	47	29	86	9	58	60	9	85	18	98	1	82	46	83	83	92	11	71	31	68	97	36	94	1	40	63	19	36	30	1	99	90	23	46	65	87	18	51	90	79	50	69	43	79	93	21	84	89	59	65	34	48	98	94	56	84	68	96	87	8	86	43	22	-1	88	68	92	55	69	61	23	23	47	84	82	79	3	
3	14	8	45	95	92	77	8	69	38	79	83	19	39	93	42	42	93	20	22	18	13	72	76	22	65	41	57	86	1	41	17	70	10	3	54	37	26	3	88	86	35	79	9	54	64	9	75	14	1	74	10	6	7	82	68	49	95	13	28	79	6	45	99	29	93	81	29	28	21	70	1	65	53	7	95	32	59	63	50	26	13	98	99	23	89	3	-1	76	67	63	73	72	88	60	95	58	97	7	25	
77	13	48	24	35	71	28	21	68	1	28	66	20	83	43	12	23	25	18	9	77	75	55	97	95	92	10	14	21	33	32	24	59	55	26	98	49	47	60	11	74	77	91	56	9	68	69	38	7	60	40	26	83	57	53	95	55	35	13	79	13	41	48	34	34	54	25	44	79	78	46	6	85	33	16	47	84	5	70	66	34	73	82	62	85	6	4	81	-1	36	57	82	18	73	37	63	83	8	67	96	
34	3	63	52	38	35	72	87	16	49	34	21	62	77	67	84	55	43	89	23	4	83	23	41	15	11	82	21	35	53	81	39	59	67	10	7	42	5	59	4	86	89	40	100	88	31	79	6	20	62	90	56	52	91	96	30	74	75	15	99	53	27	8	2	33	95	7	39	92	10	84	16	71	56	82	46	77	21	36	88	60	86	70	82	13	53	64	74	46	-1	94	52	67	43	11	92	17	18	88	87	
13	90	83	1	53	37	46	33	99	36	22	26	50	4	66	63	45	47	13	12	11	45	32	90	35	43	83	70	64	99	13	61	19	85	51	94	28	2	93	44	67	7	39	69	33	60	27	24	53	17	78	87	26	29	28	100	5	62	71	41	72	48	19	49	51	57	96	37	6	4	76	11	86	64	64	10	87	60	68	42	50	21	41	93	28	15	63	2	19	79	-1	31	97	19	88	58	52	68	22	58	
68	62	67	77	6	28	56	80	56	85	87	62	27	76	29	53	35	64	71	56	25	75	44	74	95	98	97	21	49	57	67	2	55	23	5	89	18	61	99	96	12	76	78	56	94	71	78	27	76	37	16	36	8	79	7	4	50	54	5	45	96	12	49	48	24	99	13	7	6	22	81	7	4	62	26	72	39	76	43	26	72	65	27	38	39	98	57	14	7	9	29	-1	37	25	84	28	43	97	81	10	
39	15	9	57	6	94	24	5	71	35	25	38	43	12	47	97	39	15	64	86	56	4	5	5	78	53	97	100	88	93	8	33	99	95	23	89	36	1	63	11	87	1	23	41	26	43	63	40	23	10	77	54	37	43	32	57	92	67	35	33	10	89	38	74	4	12	29	3	2	74	90	62	32	33	75	37	78	41	76	56	77	47	69	93	22	19	96	60	42	4	18	95	-1	94	92	42	41	85	10	57	
68	32	20	4	60	89	72	79	50	64	42	36	67	1	19	36	2	2	57	48	12	96	11	62	57	80	2	8	97	8	39	73	52	9	79	15	95	47	5	37	100	35	47	2	43	69	8	42	54	22	40	28	59	35	80	19	28	67	51	36	27	81	1	35	26	42	16	18	9	6	28	48	82	36	83	51	14	23	65	79	21	85	48	51	6	75	79	69	56	43	64	14	67	-1	89	72	73	100	30	26	
57	62	4	18	75	94	2	3	77	90	83	90	43	15	56	90	87	72	11	25	60	21	89	24	43	41	20	6	14	84	98	29	56	72	20	62	52	2	90	26	21	72	78	28	94	48	51	68	87	3	40	9	40	74	9	48	37	89	73	5	50	95	57	9	91	74	8	56	74	75	15	28	75	79	7	66	89	35	45	49	47	57	69	36	54	5	62	74	61	75	17	44	5	17	-1	80	79	50	87	61	
81	69	21	86	17	43	49	47	41	86	98	7	54	51	83	15	88	80	36	1	76	99	46	67	16	35	70	62	78	41	20	14	87	97	80	99	26	18	8	46	27	75	59	92	73	28	49	30	59	28	96	69	18	12	39	72	52	64	13	88	7	16	69	76	77	86	67	41	18	66	69	59	50	10	75	81	89	56	11	45	89	40	49	31	27	46	10	28	32	80	72	70	97	47	46	-1	62	60	60	63	
89	49	45	28	51	45	13	77	13	42	64	73	60	92	26	95	43	23	63	31	34	80	3	45	71	36	55	86	61	26	11	20	46	40	21	5	25	57	70	31	17	73	97	98	21	98	25	37	88	22	6	66	98	97	85	65	52	44	38	42	72	42	95	94	73	70	80	35	94	45	35	71	12	81	45	100	77	46	76	84	3	68	66	94	1	98	78	35	92	2	82	91	33	20	1	77	-1	17	47	21	
80	73	9	23	34	75	94	85	77	87	21	53	45	15	70	53	85	67	8	34	97	64	85	85	55	85	85	51	28	55	8	28	82	59	98	86	64	42	1	74	50	49	86	91	65	12	92	22	57	91	93	2	25	31	97	97	82	18	36	30	49	83	15	64	70	16	71	72	5	68	85	19	26	35	13	94	95	4	28	81	19	10	71	96	32	14	35	80	6	56	21	59	70	24	31	11	64	-1	51	96	
97	37	38	26	39	63	94	23	30	54	57	72	18	30	68	34	98	2	57	57	48	45	66	97	20	32	23	41	64	31	13	89	73	43	55	65	40	75	10	10	99	29	63	39	69	4	84	84	54	87	59	22	32	41	89	35	67	39	83	95	3	65	57	11	80	12	84	69	9	27	46	52	37	49	3	10	86	75	14	71	42	7	80	75	72	16	40	47	14	38	65	4	20	72	12	65	30	68	-1	13	
2	14	39	2	69	40	6	17	91	73	28	95	90	9	57	38	62	64	50	8	94	75	6	20	5	92	49	13	68	99	3	85	21	39	15	24	24	8	68	68	21	14	3	31	10	94	62	2	54	15	9	21	11	33	64	57	64	45	48	5	46	31	49	36	12	83	14	57	93	70	35	9	61	41	60	69	50	43	91	39	52	51	12	50	14	100	94	7	43	52	1	72	5	35	69	91	26	65	14	-1	
