100
-1	47	36	41	33	76	35	38	32	67	38	1	90	92	26	61	67	45	56	34	55	59	45	74	55	62	44	1	5	63	67	31	98	14	45	75	22	76	38	14	11	2	7	46	53	99	71	61	78	2	58	5	98	12	46	13	89	85	3	63	92	76	91	71	20	36	26	32	89	35	54	10	34	6	10	76	65	11	32	83	10	26	4	43	35	4	4	59	75	12	65	67	3	70	87	61	28	96	11	41	
42	-1	82	55	26	89	2	96	72	10	9	28	95	52	73	51	71	11	56	11	74	28	55	17	76	71	34	5	77	86	55	45	92	63	37	46	78	51	59	56	80	72	97	40	81	16	74	98	87	74	83	47	65	50	3	23	54	32	19	55	44	46	48	51	46	35	7	58	66	50	48	30	45	38	34	42	74	93	98	89	78	76	22	93	88	63	48	27	96	62	98	13	100	15	84	61	92	41	93	84	
70	32	-1	18	99	48	33	5	72	84	36	60	81	36	5	36	20	84	8	93	86	28	33	67	10	34	50	79	88	20	74	50	43	54	98	25	90	95	85	21	30	12	46	77	8	17	85	10	33	39	13	11	63	45	92	81	10	51	31	20	87	52	26	95	83	98	4	96	75	32	26	79	38	35	9	77	49	9	75	88	22	22	58	53	71	39	57	17	37	37	90	4	94	10	25	31	48	63	57	100	
71	65	20	-1	71	22	79	70	59	61	64	8	1	17	89	10	8	65	67	10	78	8	30	11	70	22	12	2	55	11	59	83	48	73	36	6	44	62	58	20	63	46	70	16	10	34	73	91	40	45	51	75	57	37	45	66	63	62	45	26	86	71	11	64	24	53	16	26	3	36	95	45	74	51	12	3	26	19	24	7	52	23	48	10	37	35	49	10	66	14	92	38	2	88	64	65	86	96	13	86	
75	18	66	7	-1	12	32	72	8	58	50	76	51	56	24	78	42	91	35	60	24	40	95	39	76	100	19	5	74	100	65	26	67	13	39	26	31	8	62	35	9	33	63	75	71	73	15	30	70	19	71	9	36	85	95	65	52	10	15	41	31	2	68	97	52	28	96	17	21	31	20	82	84	40	88	23	30	27	76	54	95	8	66	8	98	40	53	22	48	44	20	62	27	77	21	57	95	21	12	26	
41	25	98	27	82	-1	55	19	95	18	85	32	4	21	71	9	21	46	22	14	86	46	41	75	3	75	41	57	42	82	15	39	57	66	9	1	16	23	13	44	54	5	56	86	94	56	11	83	60	3	50	40	73	3	66	83	19	75	57	83	53	43	59	89	62	33	75	12	96	62	38	77	14	84	88	50	42	7	89	64	17	46	89	34	60	76	7	72	12	47	93	20	20	36	61	3	77	63	88	55	
10	57	48	64	98	67	-1	68	53	63	60	88	56	4	71	6	81	89	54	7	34	33	27	59	98	8	93	80	52	86	58	56	71	36	38	80	8	82	53	24	62	36	93	17	28	45	62	46	39	5	4	66	22	82	43	37	28	13	52	5	65	22	78	58	43	81	2	69	46	58	60	97	93	75	95	44	7	49	19	61	14	16	92	81	83	7	70	83	63	100	47	47	100	67	5	51	63	21	17	65	
36	66	26	95	74	59	90	-1	88	82	70	65	74	26	31	20	32	62	72	41	30	69	27	24	75	80	50	1	62	39	28	86	16	5	62	76	1	42	64	1	65	71	81	78	17	33	52	62	26	26	93	8	81	89	24	89	12	50	88	87	60	56	10	87	55	34	50	54	44	48	34	26	12	20	71	16	99	77	89	59	28	75	31	7	49	79	13	90	11	24	7	67	88	41	71	94	78	37	51	92	
87	17	77	63	57	37	74	64	-1	64	42	76	90	61	69	96	98	54	40	56	49	75	69	21	33	31	71	47	88	100	21	99	5	3	24	69	81	19	88	80	53	67	90	19	5	2	97	17	88	55	15	75	81	6	53	53	97	45	61	74	21	30	22	47	99	8	85	15	52	7	39	20	41	37	31	85	54	55	74	71	42	53	28	60	45	21	36	14	54	97	75	56	45	31	5	96	96	21	28	21	
84	89	13	77	34	74	48	10	26	-1	79	12	12	12	23	47	98	34	34	43	62	26	24	21	26	84	60	61	28	41	70	94	24	56	20	99	53	93	89	74	57	13	58	84	86	98	46	85	45	44	81	22	72	79	73	88	14	29	96	42	41	62	92	2	29	82	16	76	95	66	30	48	64	43	70	89	11	60	46	97	85	75	89	51	64	6	65	71	21	77	8	97	50	42	95	48	70	80	82	88	
99	85	22	94	58	80	76	91	29	6	-1	18	88	6	62	7	72	78	50	27	46	80	28	92	37	50	87	30	5	85	3	82	4	13	6	97	72	39	23	3	79	27	63	34	37	56	47	79	20	34	9	60	34	49	18	31	30	55	15	22	28	36	42	67	58	97	100	26	63	67	45	93	72	72	16	3	68	87	68	100	56	100	65	40	2	62	19	1	45	24	71	35	13	61	91	82	77	95	29	54	
86	71	86	86	50	18	1	45	53	47	6	-1	26	38	64	87	82	90	10	70	36	40	1	15	8	37	86	48	94	14	35	3	68	42	13	22	11	53	100	38	19	5	16	8	6	21	58	99	11	91	53	20	89	6	78	98	85	51	13	79	28	87	57	90	29	6	50	33	84	86	34	2	58	51	11	60	76	82	66	77	22	100	50	49	11	24	63	22	55	23	37	86	68	75	86	76	37	66	42	2	
48	12	20	91	1	27	6	84	63	99	20	49	-1	56	65	95	41	4	8	12	5	78	62	86	9	17	82	96	32	67	26	46	83	3	92	70	83	97	18	82	38	52	75	1	98	88	74	75	84	64	97	65	24	21	54	20	26	75	45	40	85	35	95	52	98	75	9	49	47	34	15	16	80	19	42	39	25	7	28	14	69	76	91	42	75	93	2	99	80	27	91	59	44	63	64	82	4	41	15	3	
71	39	27	82	11	31	25	12	86	4	6	100	58	-1	84	55	47	2	9	47	83	22	21	44	3	77	48	1	22	100	76	86	93	62	17	32	58	94	8	47	14	89	80	33	53	13	55	44	1	40	94	15	28	69	56	57	10	68	29	19	62	16	6	59	95	82	11	96	15	71	35	56	23	62	11	75	94	67	77	79	70	79	11	37	90	45	61	77	31	20	48	8	17	54	87	69	38	9	69	90	
92	12	48	65	66	20	76	47	5	59	36	6	40	89	-1	98	93	62	5	84	44	97	27	25	39	7	19	60	8	28	44	21	67	63	94	42	45	14	28	32	74	71	27	2	99	41	31	64	40	94	15	32	63	94	63	53	89	15	87	61	69	55	7	61	54	31	65	70	28	93	10	42	58	76	49	3	98	91	53	63	13	75	69	69	97	53	61	63	20	23	2	13	99	93	38	29	59	32	73	43	
78	10	38	75	14	1	2	96	65	84	18	23	24	90	36	-1	20	38	86	37	33	67	46	44	65	78	32	96	6	66	34	69	26	52	85	40	10	34	28	38	20	94	70	16	75	98	57	88	29	42	89	94	8	47	64	96	92	47	7	94	12	76	73	47	46	1	22	96	32	23	35	41	49	72	8	17	60	38	62	65	31	58	42	90	42	51	57	15	87	73	38	64	42	60	81	61	16	38	41	37	
65	28	69	67	4	48	10	14	62	24	84	43	23	61	37	35	-1	67	83	70	89	73	88	28	26	28	75	90	8	44	70	10	84	76	77	5	7	35	1	35	19	99	17	6	69	20	92	86	90	19	27	45	46	95	48	27	84	84	48	33	20	57	33	13	45	37	74	57	91	82	35	61	63	70	52	10	60	99	82	45	39	73	44	27	50	21	74	70	98	23	91	36	32	44	59	51	44	97	4	32	
49	77	83	43	100	77	77	7	4	24	59	90	49	13	5	88	32	-1	42	45	5	11	36	92	64	82	16	5	70	92	44	95	70	49	6	7	57	32	97	21	9	89	86	47	78	14	32	94	73	61	43	6	29	88	21	48	46	76	6	26	3	91	6	85	79	97	48	65	56	20	49	86	28	75	97	31	79	4	30	40	52	14	95	92	24	81	14	38	40	95	41	2	63	91	17	24	99	32	73	73	
46	72	58	91	40	89	63	22	15	84	78	50	99	28	99	3	83	62	-1	64	82	40	83	38	78	12	65	24	43	66	33	37	78	80	88	55	61	53	100	77	28	56	34	89	40	16	54	42	31	86	87	55	17	36	59	69	25	28	69	73	15	52	45	30	20	62	83	81	38	75	9	94	50	88	90	86	75	41	3	69	65	62	31	14	50	54	45	65	7	69	50	24	90	93	88	53	35	9	31	15	
37	78	85	19	19	45	71	94	94	9	94	84	88	49	95	74	73	49	27	-1	14	21	81	38	11	2	89	46	9	88	55	18	14	86	70	7	55	27	45	55	84	17	88	84	78	44	8	27	78	54	40	34	30	22	55	83	67	23	77	42	83	2	82	89	38	62	88	18	60	26	87	100	65	9	77	97	71	74	48	31	75	38	53	62	78	26	95	58	11	39	55	38	58	65	56	76	22	80	34	65	
78	97	51	87	53	76	10	93	4	77	88	63	85	17	3	11	89	77	24	51	-1	92	17	20	28	68	26	59	58	11	4	14	1	86	52	1	84	71	9	18	72	77	81	35	67	7	57	78	16	45	52	16	42	41	62	5	13	9	92	18	41	52	43	58	46	44	25	17	42	51	1	97	65	9	79	11	70	9	8	94	51	86	51	58	90	24	31	5	61	98	35	12	79	38	48	36	24	71	50	95	
39	67	66	11	45	17	54	51	89	4	61	35	22	45	36	18	17	17	89	83	43	-1	43	55	71	81	32	83	46	94	12	86	11	97	60	23	21	84	69	86	75	92	44	84	18	10	46	65	49	21	69	80	33	69	11	45	2	11	75	93	54	22	34	89	57	97	21	4	53	94	28	83	15	3	20	94	53	63	32	25	17	27	4	58	82	17	59	29	33	48	11	29	23	6	30	44	77	39	40	22	
68	87	78	50	23	29	33	50	57	64	43	28	39	79	53	89	21	36	66	21	36	30	-1	95	23	17	51	48	26	27	75	53	64	90	46	28	82	63	32	54	89	74	71	5	51	47	36	53	52	76	10	37	35	35	75	20	20	64	61	95	44	16	76	69	31	12	24	46	72	51	26	100	25	85	6	3	65	22	16	15	4	38	27	68	42	38	28	53	7	24	79	99	96	30	3	36	1	20	45	55	
74	83	12	59	88	28	98	80	66	94	53	60	44	27	42	78	78	29	81	71	16	57	87	-1	50	80	7	1	9	32	72	33	36	71	71	14	26	50	85	43	2	15	9	36	80	84	99	52	7	72	17	50	21	59	23	31	25	20	1	99	21	24	22	84	92	4	11	35	1	57	59	76	57	35	93	41	10	16	74	21	92	15	48	34	28	25	10	64	27	98	82	84	39	23	88	98	88	47	80	5	
66	75	93	67	30	38	92	59	22	41	73	81	89	60	95	87	55	49	78	42	81	32	32	27	-1	44	87	25	74	76	99	36	70	66	75	61	22	89	73	96	76	33	38	46	4	81	85	7	83	39	7	47	21	38	62	53	19	19	19	49	53	67	52	89	63	64	42	98	86	97	75	83	90	99	68	10	94	5	68	50	15	60	92	6	32	4	90	28	37	25	100	44	75	26	99	29	40	90	39	44	
3	7	80	40	22	15	65	50	94	25	77	74	31	1	3	41	5	11	14	21	45	62	53	57	52	-1	80	23	94	37	48	38	35	25	94	49	7	12	18	11	44	53	28	10	6	94	91	89	5	6	48	61	12	27	37	82	6	31	77	100	74	49	19	60	71	36	27	73	40	88	20	98	78	83	22	29	29	26	61	40	83	76	27	84	97	19	63	3	70	30	23	75	7	21	59	67	88	91	98	68	
75	29	3	96	94	40	12	85	37	33	20	58	26	18	19	66	56	12	63	77	62	35	48	78	12	54	-1	27	2	18	19	86	50	32	36	30	55	6	12	22	31	41	72	15	58	13	14	49	51	81	15	34	39	92	71	72	44	57	97	23	18	61	12	31	24	47	30	63	35	24	54	99	74	1	91	35	65	30	6	37	43	16	92	75	6	37	98	8	94	94	25	61	45	81	70	30	61	68	13	11	
6	94	99	20	54	25	86	12	50	88	48	89	43	53	91	67	73	9	80	56	82	23	29	86	94	74	60	-1	71	58	31	81	53	54	55	43	12	71	73	76	45	29	34	58	72	78	32	16	93	44	81	80	43	55	92	52	57	17	5	88	97	5	85	12	46	38	51	54	32	22	49	34	47	27	14	24	76	4	10	54	11	3	27	71	17	90	33	27	4	83	64	28	9	92	92	36	49	99	86	4	
92	94	9	84	1	15	71	76	14	74	93	83	86	47	88	25	88	89	26	38	99	67	49	57	66	67	65	42	-1	67	20	68	32	91	40	93	2	68	77	49	72	89	99	34	61	92	47	37	50	17	87	99	57	55	25	50	91	53	4	69	34	7	97	1	52	25	39	53	88	11	73	56	82	97	19	70	73	9	87	41	26	95	73	33	8	24	90	93	78	42	77	47	68	22	70	89	74	43	31	94	
58	71	44	1	4	92	71	56	86	56	100	39	68	100	73	86	34	65	73	1	73	96	18	90	92	36	92	100	51	-1	21	84	30	83	95	73	22	47	48	50	55	54	62	56	1	94	100	66	67	64	47	98	29	65	4	85	44	1	80	58	38	35	54	31	99	52	72	89	92	82	97	48	21	19	31	78	26	26	92	100	69	19	77	66	67	82	45	4	100	81	27	44	36	81	67	63	47	9	62	30	
15	91	32	54	53	74	2	27	82	89	24	12	98	64	4	55	70	20	88	58	29	34	88	3	60	18	72	100	8	18	-1	100	50	96	52	100	11	31	67	27	13	100	11	71	37	12	58	83	24	90	79	60	92	89	53	52	98	8	43	39	55	60	26	31	45	1	18	7	99	18	66	63	23	46	55	66	3	82	44	79	74	11	27	10	45	19	13	46	73	78	86	95	7	37	7	2	89	36	9	14	
54	96	23	42	54	83	91	64	34	27	17	28	19	17	3	81	53	71	12	71	49	68	15	58	92	14	79	74	68	63	49	-1	75	41	92	45	67	17	8	53	14	83	53	94	73	50	28	84	70	12	81	32	35	57	36	72	37	42	87	87	42	14	20	34	34	55	83	58	19	100	15	50	83	62	11	75	35	72	88	46	69	79	69	10	89	73	80	31	31	86	63	59	15	1	34	23	59	17	63	76	
17	67	97	26	68	45	1	52	5	31	49	41	21	41	4	2	89	54	27	70	65	11	72	43	69	83	4	53	41	10	5	63	-1	54	63	14	92	21	2	7	96	16	21	56	85	31	79	64	52	33	99	33	71	82	70	85	74	91	59	92	92	96	46	69	41	98	11	59	66	49	32	61	5	75	14	19	65	26	67	18	20	90	52	57	51	23	38	94	41	10	6	29	48	97	97	28	81	92	11	54	
34	21	60	11	93	31	88	19	74	91	75	46	89	75	38	57	97	83	23	72	52	25	11	7	29	40	32	68	74	48	8	24	85	-1	92	4	21	61	36	41	1	40	69	71	45	28	38	87	20	71	47	25	37	35	13	74	86	46	80	78	62	33	60	25	90	47	11	82	3	97	21	45	4	59	93	78	25	25	39	82	70	95	91	9	94	2	89	71	58	84	30	27	99	22	53	62	7	12	49	38	
86	40	54	46	3	31	86	51	52	88	79	44	28	2	82	30	63	89	10	95	47	95	89	32	10	61	70	68	26	47	35	75	44	52	-1	13	10	40	95	30	9	65	13	34	43	76	60	45	76	81	83	71	77	78	99	18	72	82	85	84	66	69	54	89	93	74	47	15	41	54	57	26	93	91	47	83	26	35	37	95	92	26	89	45	30	37	56	100	55	17	56	18	92	19	71	54	20	81	58	51	
57	16	59	72	77	4	23	83	49	89	72	69	21	4	3	44	44	81	93	76	50	94	80	94	59	92	39	98	45	91	5	19	88	32	82	-1	88	61	31	30	97	85	87	11	98	99	57	37	19	53	63	8	78	23	12	90	80	25	3	70	78	87	42	28	59	73	69	9	17	7	40	41	94	45	11	32	3	59	55	90	63	73	1	3	61	33	21	2	85	97	2	11	78	22	57	18	84	33	31	58	
24	5	23	83	53	89	75	84	60	92	41	16	43	58	81	15	1	1	80	87	89	52	36	48	1	58	39	56	82	31	18	19	37	6	48	71	-1	91	90	25	19	36	18	42	85	68	46	85	84	40	41	69	3	79	20	18	31	80	32	42	43	80	7	30	17	67	91	35	68	67	95	75	60	92	90	40	26	49	85	31	53	67	32	16	24	52	36	90	21	35	40	1	92	78	49	99	48	90	66	20	
63	83	96	67	65	75	83	58	83	11	65	65	72	69	79	30	47	12	84	65	42	77	4	100	82	22	22	90	76	67	1	19	96	40	34	79	96	-1	26	1	40	20	50	92	37	55	20	12	1	56	33	93	51	25	38	46	39	100	57	1	65	37	86	60	100	91	24	24	86	50	8	80	10	24	1	81	58	55	20	29	6	50	2	98	25	4	15	13	2	25	46	74	53	2	90	70	12	27	87	94	
96	31	78	81	8	64	9	25	8	64	90	54	33	23	9	20	93	81	24	14	17	90	47	74	51	12	16	15	17	38	24	84	17	75	11	59	22	68	-1	25	27	95	5	46	1	23	45	55	85	60	61	36	51	100	11	68	44	49	11	88	11	64	42	72	11	53	21	44	35	92	44	42	39	31	76	91	84	94	49	43	67	35	56	16	26	48	28	22	40	77	47	89	35	14	76	7	70	76	51	5	
51	71	92	55	53	24	75	86	11	84	47	89	18	53	42	88	31	35	97	93	27	57	36	59	26	77	100	80	38	90	7	9	18	93	28	9	78	82	3	-1	50	16	79	43	47	64	49	34	62	53	90	93	76	52	79	33	63	48	15	89	47	62	99	10	65	69	11	55	47	61	45	68	92	97	81	88	43	51	29	54	41	76	58	17	4	3	2	96	89	62	3	13	42	42	35	11	36	2	26	30	
26	67	18	10	47	46	5	60	13	62	60	20	87	12	93	50	84	17	78	47	48	59	64	50	34	18	35	100	79	76	20	65	74	66	71	40	4	13	19	85	-1	34	94	6	25	49	98	73	29	1	37	62	87	77	55	76	41	73	11	97	71	5	11	59	88	58	80	77	7	79	16	34	76	90	90	35	96	2	37	84	77	74	87	8	79	67	94	58	10	43	84	87	53	19	87	22	50	23	37	37	
96	43	30	52	1	68	70	10	99	79	57	100	5	68	71	67	61	71	17	82	65	8	13	67	46	49	49	40	85	84	11	85	25	92	92	16	79	36	98	98	100	-1	35	14	8	40	55	2	23	71	96	27	4	5	99	87	3	50	46	1	91	51	66	24	55	86	12	33	22	20	64	51	24	37	83	61	43	99	10	71	61	18	75	85	24	12	60	69	21	41	82	73	70	89	100	4	14	41	48	49	
46	46	97	16	85	84	62	78	27	50	86	15	27	82	96	82	62	56	8	3	51	22	95	63	85	95	59	93	93	52	67	60	17	6	58	62	9	82	65	71	59	49	-1	42	48	70	75	38	6	18	26	31	46	52	10	70	22	64	17	55	13	22	52	27	51	41	32	5	95	20	14	44	78	55	71	43	33	70	53	38	1	77	98	28	28	84	18	58	71	79	90	75	95	32	45	76	65	43	44	70	
74	79	62	42	30	15	46	64	35	40	99	59	12	1	35	68	64	2	95	61	85	22	3	80	84	83	71	23	74	63	45	66	32	8	44	59	19	19	52	86	8	90	74	-1	50	42	7	19	66	7	32	100	75	72	65	64	69	99	71	38	64	83	90	96	5	79	65	85	85	98	100	26	65	75	98	39	22	87	24	84	71	59	29	20	85	100	28	33	19	40	20	25	86	51	26	10	78	74	36	77	
1	50	100	88	60	12	38	55	40	44	30	87	47	99	49	50	35	98	15	58	45	19	90	50	66	2	29	80	82	17	11	48	78	52	48	77	7	100	88	93	28	32	55	68	-1	57	84	45	55	24	89	15	7	4	25	73	63	75	57	97	97	20	20	76	97	14	74	56	91	20	33	86	56	33	99	73	22	77	48	3	67	45	61	58	99	59	57	57	53	38	95	16	96	37	44	49	25	25	19	17	
8	80	54	6	15	59	26	46	99	56	73	40	58	77	27	98	75	15	96	98	11	38	56	21	68	84	89	49	73	56	76	37	61	46	44	19	15	36	84	81	29	82	51	8	31	-1	61	94	65	95	84	64	53	99	16	77	59	90	90	33	92	79	43	38	42	70	15	33	29	68	17	5	66	69	18	49	24	100	24	66	77	39	17	64	72	15	4	25	96	94	19	6	94	55	41	22	70	43	30	64	
40	58	77	85	77	59	69	83	34	75	23	76	96	6	75	73	9	28	89	56	79	96	46	43	35	51	35	8	11	3	33	54	52	4	18	49	33	27	10	77	88	5	98	15	36	50	-1	57	53	82	6	84	26	4	100	84	25	31	49	96	66	68	99	80	66	1	27	96	48	40	16	94	4	64	78	20	71	92	9	4	2	41	93	60	16	83	61	56	11	94	3	53	34	61	64	33	76	19	56	28	
95	50	63	13	79	76	13	13	61	8	76	63	71	36	96	10	5	8	92	91	41	100	71	29	75	57	79	25	36	38	49	86	29	97	21	34	94	67	72	27	60	43	95	59	17	49	65	-1	85	30	91	53	24	95	29	45	33	46	78	87	67	79	90	6	33	54	66	60	62	89	12	81	67	76	7	34	52	78	59	14	94	58	25	28	68	70	21	23	37	34	19	79	72	48	72	29	21	34	57	40	
44	13	57	5	32	41	91	8	13	2	46	64	100	49	80	53	38	69	89	72	96	19	100	66	35	95	78	56	64	62	18	75	69	61	41	12	8	84	35	90	19	83	22	71	96	27	81	83	-1	27	44	35	59	95	9	50	45	50	53	37	61	27	57	14	95	32	6	4	41	75	60	96	72	21	91	98	95	62	45	69	28	67	56	69	57	73	45	15	68	89	1	10	22	5	67	91	22	2	31	86	
98	34	90	76	66	12	77	84	31	33	78	62	14	97	12	61	78	31	22	92	7	65	59	87	51	12	37	11	58	22	32	91	29	13	16	64	100	55	2	88	44	6	70	98	90	98	96	17	65	-1	20	37	25	18	98	28	30	2	56	70	52	27	77	49	91	79	95	48	60	26	27	36	52	38	32	54	95	59	89	5	71	68	89	40	43	12	79	87	94	26	2	98	76	11	23	3	54	32	52	22	
53	47	71	33	81	85	20	29	23	75	67	78	61	37	6	17	20	18	45	56	66	82	70	18	90	4	59	21	49	76	86	32	73	88	44	21	47	25	5	51	97	44	100	3	54	29	30	80	81	57	-1	35	72	72	27	71	17	17	60	58	80	74	67	83	40	38	25	74	71	91	69	44	9	16	64	94	77	82	68	13	99	35	94	98	14	31	93	10	79	35	13	99	30	66	96	23	66	78	22	96	
71	47	67	17	13	30	77	4	74	13	82	64	76	69	88	25	38	95	12	46	17	63	24	35	5	54	28	11	88	43	26	87	81	84	1	63	78	2	87	84	49	11	35	47	75	90	82	77	48	84	19	-1	96	70	41	32	93	81	4	95	6	52	28	43	62	78	39	60	79	37	44	80	99	99	72	94	86	82	52	3	58	89	14	56	68	38	57	71	10	76	78	33	94	62	44	59	46	81	42	36	
16	92	52	62	88	34	92	96	59	87	58	36	47	88	69	61	93	53	11	23	94	92	70	14	80	16	21	19	38	86	63	52	87	34	2	95	96	41	67	49	5	65	92	49	29	14	65	83	27	72	91	57	-1	92	37	78	45	2	8	66	51	43	69	65	9	91	88	54	89	10	88	57	65	18	29	90	98	95	14	83	1	83	14	29	29	96	65	93	39	80	61	39	3	73	19	80	72	21	32	85	
44	91	84	54	20	82	78	68	22	46	48	69	69	1	27	41	83	72	78	7	44	61	24	48	10	15	68	67	43	24	16	17	14	39	52	19	65	42	44	58	19	21	20	68	74	4	52	96	15	53	19	12	80	-1	50	43	17	93	62	22	24	31	9	12	23	70	61	93	6	22	62	19	8	35	69	15	93	39	13	28	4	4	90	13	31	31	11	57	50	28	17	71	46	75	72	19	60	71	73	49	
41	45	1	24	82	7	10	56	86	61	3	84	99	87	97	59	54	24	59	35	3	43	21	50	57	25	32	33	98	62	100	14	42	59	72	42	92	87	7	51	25	68	39	14	55	20	2	69	69	53	6	39	81	18	-1	89	68	85	59	70	78	59	75	38	88	35	59	15	82	34	82	28	49	16	95	81	40	70	11	74	35	62	12	86	92	66	53	78	47	18	66	53	75	41	94	22	81	2	47	88	
82	17	22	87	13	33	80	40	78	86	88	53	58	86	38	88	82	95	35	51	89	49	66	74	34	66	58	33	87	65	89	50	8	99	85	97	79	51	29	21	38	97	30	86	17	93	66	95	54	53	5	81	38	64	19	-1	16	66	33	57	23	41	7	90	7	56	58	4	85	35	6	51	87	94	10	74	29	5	67	70	12	19	70	91	12	53	20	16	88	72	57	69	15	92	44	26	28	80	16	35	
48	10	1	94	91	77	80	73	48	24	25	60	2	77	64	37	95	66	2	26	86	18	4	59	77	95	28	41	36	66	47	82	93	44	42	6	8	52	17	100	9	56	13	14	19	61	98	10	91	93	96	13	33	95	21	75	-1	50	22	3	83	48	58	37	72	66	87	64	74	39	74	40	50	24	93	49	82	39	98	83	64	99	23	88	85	42	60	36	88	82	21	53	67	71	30	60	50	55	73	99	
20	43	95	53	2	46	5	43	16	31	8	17	69	28	59	60	46	80	92	29	56	60	85	22	50	66	84	35	85	54	41	15	2	1	27	76	23	66	74	41	6	87	8	43	54	25	49	30	76	44	3	92	21	49	53	54	88	-1	88	83	62	58	64	79	77	49	53	79	77	66	17	95	22	74	22	72	21	95	11	86	45	18	17	65	37	12	16	6	61	41	14	52	61	44	95	84	83	61	26	86	
41	3	39	73	93	54	77	11	59	92	18	72	84	25	8	11	88	13	6	38	19	5	16	78	32	34	63	99	62	37	77	13	66	62	11	23	100	72	47	86	17	96	13	58	29	17	49	68	86	91	3	55	5	47	81	73	55	39	-1	92	13	11	51	49	50	69	86	58	73	50	65	57	63	99	12	9	33	91	82	95	61	21	72	98	9	21	37	29	13	62	24	45	88	24	9	75	87	47	9	71	
64	15	4	15	97	29	64	89	39	14	80	94	72	31	94	91	27	13	13	34	3	1	73	26	38	94	56	50	4	46	49	55	78	67	31	92	4	11	32	46	91	74	6	51	47	70	54	88	81	47	52	26	42	100	26	84	19	50	72	-1	23	75	95	11	54	46	14	20	80	33	33	44	11	18	15	93	26	62	43	68	34	91	33	65	93	23	40	39	3	93	79	40	33	10	7	87	15	73	56	88	
64	23	64	20	25	22	41	78	6	51	35	36	20	85	69	2	80	100	43	87	42	10	40	18	78	5	41	21	98	13	65	51	84	11	54	27	67	58	96	62	32	76	81	46	4	4	61	81	58	23	54	3	70	89	91	24	79	54	4	44	-1	68	29	42	29	71	91	5	58	26	51	49	24	72	32	96	73	54	36	8	23	20	72	34	72	94	67	51	55	82	47	90	41	97	93	53	45	14	25	31	
89	30	43	6	75	17	36	14	10	83	43	78	88	50	81	53	59	31	23	8	39	23	68	6	16	64	62	99	25	61	65	34	84	14	53	4	94	79	3	18	5	38	99	3	68	23	56	69	23	68	45	50	76	61	27	72	25	90	31	13	99	-1	79	25	24	90	23	9	12	34	99	9	68	58	45	27	47	63	72	25	53	75	2	6	93	1	81	66	96	80	3	44	89	32	64	83	35	13	36	20	
96	15	73	59	80	56	65	24	74	4	84	42	60	42	5	16	89	88	91	20	30	76	70	54	93	28	1	42	42	39	82	5	94	61	20	51	14	41	41	32	80	32	40	61	92	41	20	2	54	43	22	18	10	31	99	60	19	90	98	35	41	45	-1	56	28	1	99	17	12	14	3	14	74	93	51	12	61	4	40	32	33	72	15	62	50	56	15	75	6	29	96	86	89	7	95	31	98	84	27	31	
31	8	23	75	15	41	73	27	51	60	95	100	59	55	84	92	2	68	81	54	13	82	56	58	92	66	1	87	69	73	43	55	58	68	33	14	65	16	10	1	34	44	13	25	3	51	1	16	58	94	9	31	48	38	19	25	97	61	66	43	40	99	52	-1	5	36	23	53	67	47	11	13	47	38	24	92	78	37	73	88	29	57	3	58	47	55	21	69	92	78	80	79	92	52	54	26	20	73	7	54	
75	61	48	67	97	59	44	10	76	10	63	3	80	35	73	46	45	22	87	94	23	77	64	48	37	95	2	40	96	38	13	97	54	20	85	29	6	82	72	4	7	17	35	39	81	60	1	39	46	54	60	17	69	98	99	65	87	36	35	76	54	90	78	59	-1	59	79	76	56	91	90	16	94	30	62	95	96	95	89	100	94	41	26	28	67	70	32	22	14	21	84	77	80	74	21	20	69	23	6	43	
47	55	60	9	19	17	30	53	38	46	13	64	87	99	31	43	41	31	39	85	95	100	30	20	5	23	84	77	18	13	82	72	65	63	62	89	77	45	80	48	4	51	44	3	9	60	36	25	72	8	39	93	59	83	38	88	7	94	90	32	5	42	30	49	13	-1	31	30	53	78	98	20	87	67	46	31	44	78	39	89	94	63	48	77	60	15	11	24	2	78	71	83	52	57	29	86	25	60	38	92	
42	23	32	67	8	3	58	8	58	92	93	46	67	89	24	96	20	23	96	9	84	77	61	100	55	83	67	98	16	18	84	70	78	100	13	83	50	60	44	14	7	8	17	12	58	25	31	64	19	63	21	96	87	6	28	36	36	83	88	23	6	95	95	82	3	13	-1	16	79	13	86	43	6	94	98	48	66	84	16	58	50	59	34	47	29	64	95	61	19	11	5	99	33	7	6	84	40	4	57	51	
68	69	1	24	78	75	22	29	36	58	46	49	9	83	22	73	69	65	17	40	69	76	21	17	42	35	37	94	50	84	9	6	52	82	92	78	13	86	27	13	59	94	67	3	65	18	1	8	51	76	11	68	35	7	18	61	76	2	74	50	82	65	6	11	70	20	20	-1	86	24	47	15	60	82	38	3	13	98	46	28	99	55	11	91	70	60	68	9	60	6	52	6	11	99	14	62	63	11	83	81	
56	18	94	68	33	33	1	41	94	21	58	15	35	74	52	67	33	85	99	22	53	48	97	29	19	58	51	49	8	69	67	71	83	99	43	63	41	85	90	14	55	6	62	30	80	11	14	25	30	72	60	73	81	31	45	71	74	78	40	29	30	90	37	93	20	95	63	23	-1	63	53	51	18	91	19	50	88	69	14	9	15	29	88	92	98	95	58	73	31	74	75	97	44	49	94	19	85	46	3	32	
62	87	97	91	89	91	54	30	62	79	11	49	61	85	18	17	52	56	82	19	14	96	89	22	27	32	79	79	21	94	38	83	78	43	25	82	31	66	2	22	44	29	39	10	25	10	16	8	13	60	29	25	92	18	93	59	62	15	23	39	46	91	52	97	25	33	54	64	84	-1	85	47	98	10	76	49	4	34	10	93	54	39	82	41	29	41	68	18	41	21	79	50	61	40	54	86	100	5	33	79	
9	59	76	2	79	60	87	34	71	19	46	21	21	15	67	1	1	73	38	24	42	60	8	22	3	87	55	47	74	10	60	9	53	37	86	42	67	10	3	1	87	85	5	73	99	72	2	6	12	4	3	100	23	22	97	21	55	74	25	31	41	86	6	27	100	34	92	68	47	95	-1	67	66	24	68	60	76	55	36	84	31	97	17	67	61	29	73	47	3	40	58	52	35	15	31	34	65	51	38	25	
10	20	8	4	57	22	11	14	54	36	77	80	92	90	69	59	20	50	27	97	34	45	32	82	14	83	95	85	95	72	4	6	62	68	57	74	83	86	92	89	63	12	25	99	58	26	16	95	79	60	56	64	28	60	25	16	84	21	16	38	6	32	26	82	76	57	74	80	95	50	25	-1	33	84	62	94	25	100	69	22	82	76	49	50	3	8	36	4	49	25	85	51	46	61	28	66	58	98	66	74	
63	21	20	95	19	24	50	48	49	38	19	82	53	38	55	52	79	11	25	40	31	10	79	75	36	36	22	25	58	74	26	27	42	38	94	22	43	56	24	77	68	40	4	66	31	90	33	89	60	16	79	68	70	6	23	54	45	52	48	2	69	75	15	55	6	97	74	98	56	43	76	87	-1	21	47	20	76	29	83	50	78	25	47	14	33	63	78	89	70	13	8	33	7	100	98	28	67	54	30	26	
83	39	81	18	72	53	14	31	53	50	29	28	55	27	76	10	79	2	49	25	60	91	12	36	11	14	6	41	59	91	78	16	72	55	58	78	42	83	74	61	41	91	5	34	8	89	84	52	90	98	71	35	80	67	88	87	61	4	19	46	79	65	28	39	34	33	91	28	66	40	69	7	51	-1	36	46	84	80	12	62	50	82	87	92	35	6	6	37	9	6	49	53	51	94	59	80	27	5	53	23	
61	27	24	57	23	69	92	48	78	65	3	82	85	10	99	89	21	66	80	67	94	62	86	57	12	61	69	42	71	57	22	95	83	67	42	38	34	13	96	71	28	77	43	61	34	31	51	97	78	75	33	36	66	84	46	34	37	20	29	71	37	34	36	73	83	8	78	22	33	72	35	4	66	85	-1	88	58	7	9	86	80	32	38	51	78	81	98	46	21	78	67	48	98	48	79	85	55	98	31	21	
67	38	6	58	94	5	9	97	45	82	72	70	35	65	7	29	4	59	62	62	45	39	82	9	68	65	45	10	97	82	100	35	9	39	11	4	85	71	56	74	7	97	88	91	13	3	58	65	7	56	41	29	30	41	65	34	4	10	48	18	17	37	35	55	90	55	50	34	82	77	56	64	3	62	60	-1	66	98	56	87	67	85	56	3	72	64	50	3	19	6	40	76	30	97	13	3	62	72	37	61	
35	16	48	87	83	73	16	30	99	35	19	5	85	88	11	16	70	60	52	37	5	18	11	57	33	44	80	34	40	23	71	14	16	52	90	50	22	70	63	72	17	95	95	50	72	40	6	88	96	25	45	59	100	33	43	51	33	27	85	34	48	21	8	18	81	8	97	97	14	21	7	67	9	46	46	40	-1	27	44	23	94	13	63	11	85	59	50	93	21	94	13	60	68	18	60	28	49	17	38	39	
36	31	2	51	98	14	49	75	83	51	48	43	15	42	7	80	78	7	17	11	36	74	58	85	88	27	43	47	90	77	53	74	58	20	97	97	51	37	94	6	41	91	76	83	99	27	48	66	60	43	59	15	100	14	87	56	29	87	87	45	91	64	94	5	44	33	71	48	80	34	68	7	25	97	33	53	66	-1	35	74	64	69	76	11	87	21	88	10	53	49	21	14	2	6	75	96	84	59	99	63	
1	14	52	48	98	2	93	1	35	3	90	33	18	30	21	53	81	42	88	10	100	58	58	99	62	92	66	87	46	89	54	30	90	45	31	44	15	25	80	75	36	72	78	6	55	23	99	78	8	77	66	20	77	17	33	23	1	9	12	60	45	38	73	34	44	73	68	23	42	2	66	92	36	63	68	28	17	80	-1	6	57	16	8	28	10	40	10	91	48	32	20	49	1	12	100	5	86	27	66	51	
49	12	57	62	34	42	45	95	36	95	84	13	38	84	24	77	7	97	72	16	77	61	59	38	25	63	17	42	39	4	27	55	83	7	1	57	32	96	86	45	89	29	8	28	81	26	45	99	35	5	61	67	62	61	28	27	5	62	22	79	59	33	33	85	44	56	4	14	23	73	54	94	43	8	44	73	23	85	98	-1	43	43	2	83	40	32	41	32	91	15	58	35	88	89	76	60	96	81	76	80	
34	58	9	92	47	50	70	68	37	83	69	81	44	78	78	67	45	58	71	83	59	18	77	56	50	85	23	24	73	68	93	70	29	33	44	78	64	91	68	12	19	86	90	56	66	80	67	29	59	28	89	25	22	74	32	13	49	48	36	73	56	79	53	98	46	56	82	90	28	5	6	28	61	39	20	28	95	86	55	69	-1	5	35	66	5	89	40	52	13	12	88	69	62	76	46	14	76	45	44	92	
13	12	60	1	83	7	58	100	1	5	23	44	11	76	22	69	45	100	63	75	90	40	64	48	49	54	63	54	99	23	28	8	66	15	57	87	2	46	7	100	51	64	19	84	58	75	41	100	31	46	23	30	58	8	73	92	24	1	52	96	88	88	49	99	75	26	83	82	29	74	91	93	53	61	59	42	75	44	20	94	88	-1	43	25	22	53	65	97	89	52	54	64	16	47	51	93	30	98	24	62	
80	28	58	29	84	93	80	90	98	74	99	72	47	44	37	36	10	1	98	59	91	32	40	44	33	64	33	26	99	96	14	39	67	46	43	85	39	85	56	56	16	23	66	48	59	62	89	84	29	77	72	96	18	2	76	67	89	51	94	56	71	37	88	93	2	21	44	32	28	50	21	93	8	41	74	13	94	12	26	62	1	76	-1	59	19	54	64	69	97	3	71	68	69	11	57	65	60	32	75	18	
57	17	47	61	2	38	70	29	78	80	96	89	53	97	15	66	56	83	64	84	34	11	42	34	99	78	60	53	5	83	17	32	24	40	2	85	42	14	100	43	95	45	23	21	37	69	62	82	7	17	44	45	35	98	30	38	22	67	89	85	91	34	43	23	42	28	13	96	70	96	80	4	64	17	1	12	91	49	5	62	89	8	52	-1	31	51	98	60	5	60	72	22	85	38	9	1	39	30	76	45	
52	33	28	74	2	98	57	9	50	13	57	87	43	61	1	78	79	99	28	76	30	79	20	73	33	30	16	58	63	88	50	2	33	43	66	70	8	16	87	1	77	6	21	70	96	59	74	4	16	17	52	37	54	58	99	26	31	80	79	71	59	93	77	24	48	40	83	71	96	54	32	59	58	91	93	68	70	68	72	60	27	79	87	29	-1	20	86	69	39	46	59	2	80	93	31	85	87	61	93	1	
70	15	57	49	8	19	58	1	14	52	47	40	36	55	49	59	18	49	30	50	67	92	4	41	81	74	37	34	70	23	29	26	48	20	80	60	40	72	22	57	32	72	68	52	96	65	85	18	93	32	2	98	37	82	41	33	86	85	20	48	55	15	40	76	67	76	59	19	83	25	59	57	93	31	48	18	78	49	77	54	62	70	26	33	46	-1	47	65	64	31	16	38	19	60	4	11	21	11	18	7	
13	36	37	42	46	27	75	14	45	49	86	41	81	52	39	71	75	30	79	25	67	67	95	90	3	74	51	21	79	54	27	47	93	69	28	2	46	80	52	74	36	48	48	19	21	81	86	16	76	57	60	3	95	71	95	56	57	56	71	46	16	86	86	15	45	52	11	67	3	17	21	45	33	88	64	85	52	79	100	21	85	66	96	6	46	67	-1	28	25	67	68	5	22	15	84	56	92	84	94	50	
94	71	94	15	22	39	81	86	6	97	3	44	55	52	3	47	6	2	3	77	32	54	72	53	14	8	12	69	37	94	70	72	34	24	83	6	81	22	43	57	79	60	93	55	97	26	78	70	32	94	10	39	57	71	5	2	82	75	22	32	86	23	66	26	31	84	75	73	38	86	25	46	91	65	41	44	76	56	40	40	46	1	10	77	25	100	71	-1	96	12	12	82	61	55	83	28	15	94	89	19	
36	94	31	84	9	94	80	94	28	26	53	45	26	35	85	41	100	71	63	42	9	54	31	15	10	69	54	14	72	90	58	12	24	20	57	81	29	37	61	22	35	65	28	76	20	80	25	28	55	43	71	30	30	83	24	66	8	67	48	78	84	15	27	8	5	73	96	74	10	90	40	7	28	20	95	31	37	59	13	51	67	34	75	14	14	39	71	63	-1	26	98	9	48	60	62	80	43	22	80	13	
31	18	59	69	90	15	60	97	68	18	79	57	42	96	47	21	79	35	23	60	90	6	88	46	54	72	81	49	11	24	21	70	86	2	8	48	62	78	4	73	52	26	5	49	84	45	30	24	77	57	94	35	83	32	43	1	95	43	23	18	22	35	80	96	9	44	60	94	73	2	12	1	87	82	100	29	50	26	44	92	64	5	77	85	29	97	83	47	74	-1	90	61	51	9	17	26	88	10	12	71	
33	85	18	25	20	41	66	20	53	64	57	59	73	100	91	54	80	38	33	66	25	32	20	1	28	56	45	34	36	99	30	21	50	84	60	57	2	89	45	81	93	38	27	26	75	48	54	39	9	72	11	66	73	9	98	74	45	67	97	60	70	57	13	87	38	8	72	75	19	8	79	32	33	36	7	38	6	5	87	40	77	12	48	3	29	85	79	72	46	66	-1	90	5	44	67	69	8	76	49	39	
48	75	46	54	12	14	74	99	69	74	75	77	91	35	94	27	71	64	75	8	20	60	64	19	12	52	83	31	48	23	53	17	98	7	87	7	89	82	91	51	2	87	62	33	22	50	37	13	12	77	32	88	97	93	91	85	5	49	63	51	4	21	83	5	20	81	51	73	64	7	8	84	65	81	42	22	25	40	50	73	46	38	77	12	83	75	97	63	84	55	64	-1	8	94	97	22	7	90	98	94	
5	24	71	5	62	67	65	26	33	86	72	94	16	67	14	68	100	51	8	50	66	30	25	86	71	41	22	43	73	93	59	75	18	93	40	10	84	91	5	96	50	55	58	83	26	53	69	65	23	68	18	44	53	67	13	93	35	18	86	2	53	28	94	23	46	84	60	38	27	33	39	34	76	71	29	49	94	91	3	34	50	62	76	86	17	61	2	20	49	35	96	42	-1	75	3	69	6	85	72	29	
27	42	70	33	97	7	75	67	82	17	78	12	41	100	90	1	39	66	62	12	9	88	59	4	61	76	39	46	92	20	97	58	99	86	85	57	73	65	30	31	52	66	56	92	91	90	71	67	84	7	61	59	66	17	87	46	9	95	35	55	53	59	24	75	63	90	78	41	25	23	96	66	89	54	16	71	93	88	85	89	93	29	26	92	72	60	10	74	55	18	35	54	64	-1	1	12	55	15	27	90	
51	15	20	97	98	3	68	55	9	52	57	40	3	18	87	42	57	7	60	12	57	55	66	60	73	70	35	85	24	35	77	8	18	9	78	82	36	27	1	51	35	19	13	5	25	2	50	64	67	22	90	9	41	85	69	9	71	19	76	59	25	26	23	64	38	12	81	62	4	80	20	59	3	8	1	43	87	75	57	1	71	7	77	10	95	41	35	94	36	63	29	47	46	77	-1	29	35	71	96	34	
77	75	36	2	79	6	73	53	83	37	83	89	63	11	52	6	50	31	38	39	71	28	90	90	20	28	28	29	76	81	36	1	28	3	85	95	24	69	36	60	44	39	27	1	16	64	86	52	29	82	45	2	9	67	23	74	15	57	7	64	19	24	14	69	78	61	8	54	17	10	58	35	6	73	63	91	96	7	37	48	40	22	50	84	51	77	92	93	58	70	94	17	40	96	8	-1	51	15	70	33	
76	26	19	30	85	81	32	30	56	85	15	8	86	70	17	29	84	90	10	23	48	43	87	25	10	32	85	7	82	28	96	16	100	64	83	90	3	74	94	90	78	81	27	1	77	3	74	42	10	93	18	21	63	22	45	19	75	94	15	99	87	28	93	56	35	54	85	36	45	84	84	89	73	55	49	58	93	16	20	36	12	40	89	86	85	73	90	17	49	2	74	8	49	23	92	83	-1	69	32	79	
73	86	39	79	60	64	92	88	20	32	80	29	49	43	23	4	25	55	6	24	11	76	85	87	29	77	18	45	71	93	46	48	77	26	96	33	91	84	87	80	35	43	31	92	31	1	11	81	15	33	25	29	49	43	6	36	27	3	76	79	85	39	21	72	60	91	70	56	54	73	48	61	51	5	29	49	91	90	51	34	37	42	60	35	62	75	82	10	3	46	89	80	41	16	28	67	34	-1	30	41	
67	76	10	28	67	55	52	99	52	88	54	71	77	37	22	5	21	72	7	67	26	26	87	13	7	10	72	48	81	50	82	18	5	2	15	89	66	37	40	24	41	4	76	8	92	35	46	48	50	17	12	67	67	7	29	29	40	50	94	40	26	97	77	32	88	33	49	42	22	87	18	53	68	5	16	9	21	21	2	3	100	22	37	61	16	53	65	48	39	35	79	76	46	31	67	83	87	51	-1	16	
36	3	2	94	25	1	76	7	34	78	53	41	48	62	67	39	42	23	79	46	43	81	62	62	4	85	12	33	59	86	64	55	73	73	46	95	76	92	57	89	24	38	61	36	90	48	16	82	13	99	2	49	77	56	15	56	53	88	72	43	17	49	30	19	60	28	54	41	70	5	8	41	93	45	39	18	94	46	20	33	90	92	74	37	14	5	61	9	94	93	6	20	68	28	27	95	53	65	32	-1	
