100
-1	26	30	43	73	94	33	26	49	88	33	92	46	42	53	48	89	23	29	76	68	25	91	26	15	92	12	77	100	79	16	29	24	95	1	64	92	70	11	63	97	49	68	40	72	89	98	30	76	79	97	42	73	50	43	22	13	40	97	19	9	76	32	98	11	7	55	21	33	86	79	68	21	27	77	6	98	69	54	97	49	89	25	10	45	75	16	50	44	5	28	58	23	30	3	86	92	82	66	56	
30	-1	1	84	57	68	77	12	16	98	64	14	98	20	42	9	22	20	86	75	18	42	67	30	42	30	66	85	51	22	7	18	42	53	64	71	94	35	32	42	36	78	71	65	29	88	1	22	53	70	30	7	82	68	41	41	47	22	96	95	62	11	51	5	20	7	50	6	95	42	28	42	88	51	85	56	71	6	67	46	7	66	9	65	78	66	88	12	49	62	91	12	44	53	53	1	60	68	56	91	
21	57	-1	44	100	70	29	88	61	86	78	84	12	88	22	16	27	95	32	39	36	24	84	80	76	31	29	57	58	36	16	37	86	82	40	100	53	68	96	52	54	20	28	35	93	68	16	2	3	35	85	35	87	80	22	14	24	77	74	89	70	83	30	38	78	39	66	89	8	76	39	10	66	64	36	12	75	84	1	71	93	15	95	88	80	89	13	2	51	49	46	39	47	68	32	31	83	37	32	79	
57	17	83	-1	82	26	61	65	80	53	2	60	61	28	4	84	53	11	59	100	79	17	30	47	11	41	29	8	39	13	98	90	46	100	42	20	47	89	37	33	43	3	23	19	22	32	84	97	58	89	59	97	2	75	54	42	46	14	97	51	82	41	64	76	68	18	77	46	42	71	31	78	16	46	47	4	34	93	53	98	73	97	59	14	19	4	68	11	64	76	72	21	1	34	25	14	4	35	5	29	
26	85	99	89	-1	52	9	7	45	70	59	26	66	7	32	97	4	1	48	36	86	52	46	18	49	96	20	19	43	84	17	78	69	48	38	81	77	11	72	33	72	21	39	30	75	43	68	71	23	45	11	70	23	42	25	99	37	86	55	33	97	76	46	48	73	20	98	61	40	96	20	87	21	40	73	47	79	38	91	51	59	2	26	34	25	40	19	11	87	88	28	2	22	94	81	31	50	69	93	11	
92	79	52	32	34	-1	3	23	4	19	59	32	35	7	85	20	36	89	91	19	14	40	6	82	48	87	87	58	44	12	87	84	83	38	13	12	63	17	41	19	9	59	76	100	21	97	93	14	36	59	50	22	72	8	31	94	38	16	81	58	65	7	19	86	9	34	54	89	38	16	11	16	22	46	1	50	8	95	87	90	78	35	7	74	42	34	51	99	20	48	12	8	75	86	37	84	73	88	97	82	
52	45	60	63	83	18	-1	23	78	24	38	46	63	51	69	66	62	82	72	7	61	94	49	84	45	54	39	100	16	7	64	83	35	61	89	93	7	84	93	34	29	97	34	11	34	29	100	100	54	17	72	35	4	8	29	80	83	47	88	29	56	28	9	55	4	89	35	6	52	29	80	37	58	54	23	14	9	65	54	93	95	4	23	22	53	59	57	52	52	96	30	95	68	94	92	34	58	92	9	82	
66	74	7	5	29	57	84	-1	74	15	68	9	32	76	29	53	17	87	93	89	97	24	79	93	3	42	55	37	11	8	90	37	65	14	55	90	21	54	98	34	36	76	20	30	50	29	50	90	92	83	3	64	51	45	35	13	5	36	69	16	55	79	39	84	57	19	25	92	10	90	67	25	35	77	27	1	82	35	18	65	41	11	1	44	25	81	39	25	52	66	82	25	6	38	91	82	47	33	18	71	
68	4	85	13	32	65	4	61	-1	73	53	52	48	19	41	80	75	36	35	97	38	13	74	85	11	79	33	30	35	18	37	52	65	98	40	44	22	74	48	86	35	10	83	70	41	68	65	46	90	7	28	48	61	51	2	85	43	63	88	41	82	7	6	93	35	12	23	65	79	6	62	23	32	18	73	55	89	57	73	93	45	71	87	96	71	19	81	76	41	21	72	6	69	45	76	23	93	64	20	66	
18	56	40	78	18	29	16	23	35	-1	9	15	23	75	67	20	9	55	92	8	93	45	90	68	42	6	18	12	72	6	11	80	68	37	47	73	99	73	86	47	90	93	41	71	62	78	76	80	22	64	39	6	60	15	81	100	94	42	70	41	54	60	88	89	56	9	92	50	82	39	2	51	100	81	24	79	13	96	18	61	6	85	83	91	81	99	11	73	77	97	2	15	96	61	36	21	12	74	26	18	
39	34	64	83	1	21	23	77	28	62	-1	20	74	58	47	41	79	8	96	8	2	2	94	74	87	10	34	70	24	86	7	10	21	30	40	37	51	5	67	57	60	75	64	51	72	11	10	17	43	9	59	35	47	47	23	1	32	55	59	44	52	61	25	95	99	31	15	56	35	88	80	39	53	73	6	86	53	61	6	42	86	36	28	1	81	23	14	24	54	9	67	54	79	49	77	58	17	34	44	66	
32	27	91	37	75	88	12	42	24	8	3	-1	69	73	54	95	85	19	37	64	70	89	59	76	37	20	29	49	62	70	15	62	82	45	96	66	42	74	71	61	74	9	45	40	41	27	13	39	76	21	31	41	32	98	49	92	5	68	15	29	65	83	95	59	97	58	36	7	38	58	51	18	83	73	34	90	95	36	10	26	69	63	80	17	18	4	100	72	41	94	50	79	12	70	80	9	11	68	88	55	
99	100	42	67	5	59	69	65	90	48	58	74	-1	65	94	88	99	31	92	82	60	38	14	10	94	9	45	60	9	95	46	22	18	23	63	5	80	19	55	76	45	7	8	19	56	75	9	27	64	63	72	16	56	59	56	71	5	84	16	33	39	98	44	44	8	30	8	88	81	45	30	13	82	53	51	39	28	84	17	33	61	67	22	6	7	81	93	42	81	88	85	57	67	71	27	89	8	1	89	16	
45	8	27	2	27	62	13	76	69	16	68	79	3	-1	83	42	69	19	16	8	93	30	98	14	62	48	11	66	60	35	71	24	31	37	12	2	69	74	51	18	40	45	66	61	95	81	42	62	71	82	83	30	65	23	14	63	2	92	85	81	59	46	1	57	26	41	29	92	33	45	34	91	90	38	11	1	18	50	65	76	30	73	46	65	94	74	27	50	8	89	70	5	17	31	75	58	42	61	41	39	
50	73	47	16	66	21	94	78	49	1	68	36	76	88	-1	7	67	21	97	49	57	60	88	50	9	2	50	100	65	2	85	71	38	4	89	17	35	55	82	36	19	82	99	18	56	59	42	7	64	44	9	89	27	58	57	48	17	78	37	9	38	41	56	49	54	15	31	61	26	31	33	32	68	19	76	43	14	6	73	33	30	33	66	7	65	46	15	61	57	9	90	57	67	17	72	79	69	35	69	19	
20	81	69	83	14	86	68	28	14	96	3	6	19	22	24	-1	90	34	52	4	28	10	23	15	25	38	65	79	38	74	44	12	58	82	41	8	97	88	81	47	17	86	91	73	25	63	9	43	83	62	88	14	62	59	48	18	84	30	37	14	46	42	94	8	98	34	96	20	25	66	62	20	5	28	34	15	96	100	61	86	85	5	46	26	82	41	80	75	27	52	1	33	26	15	65	69	20	99	12	26	
87	36	27	100	53	91	17	40	63	20	5	22	89	80	2	40	-1	49	62	12	68	42	7	41	43	47	91	70	15	96	54	74	37	84	67	99	35	4	96	48	86	83	54	75	19	11	30	12	40	31	48	98	12	68	91	53	74	49	74	87	1	17	77	46	15	20	3	2	45	99	85	15	7	80	47	30	17	90	27	85	33	67	31	67	26	74	64	21	40	11	42	29	16	4	71	77	74	39	98	28	
14	97	33	94	44	89	86	98	60	22	76	75	12	41	57	40	35	-1	15	79	9	74	21	93	73	56	65	32	61	52	27	54	97	69	88	73	69	25	19	35	71	23	96	36	20	53	10	48	71	95	8	87	93	100	44	31	93	85	67	57	48	35	11	82	65	4	77	35	81	98	53	74	77	27	24	99	38	24	70	40	50	69	88	29	37	21	48	38	67	3	30	65	60	31	57	43	20	13	66	10	
80	62	80	60	4	21	5	50	35	73	24	11	64	59	52	11	18	3	-1	8	44	66	13	39	72	79	70	41	67	14	33	47	50	67	7	64	24	44	26	68	68	25	8	17	87	28	63	88	31	94	88	77	89	29	57	30	23	95	67	77	4	31	100	67	36	27	3	76	47	86	37	97	97	78	84	37	36	96	86	71	21	7	13	78	55	30	9	98	57	50	85	54	46	24	53	31	43	26	79	60	
83	16	13	63	38	9	46	7	72	51	72	69	31	15	62	44	40	72	18	-1	64	74	67	17	35	59	39	1	70	7	14	15	70	70	55	53	98	90	50	58	59	21	9	65	39	83	24	42	14	51	91	31	35	2	18	99	89	61	62	93	37	61	18	74	31	20	56	90	59	45	13	4	38	18	18	77	65	89	88	15	1	73	23	70	16	98	27	95	31	44	3	75	76	96	21	14	10	23	37	28	
58	23	94	20	88	80	90	27	19	19	13	91	93	37	100	89	26	49	62	48	-1	7	10	12	99	54	32	49	37	48	17	48	11	30	41	73	97	100	65	73	36	63	11	50	3	49	83	58	13	18	32	11	27	45	9	99	91	64	22	49	36	60	50	72	78	36	42	10	44	35	12	11	60	52	60	3	3	74	99	61	38	64	22	74	52	78	69	10	74	21	40	45	91	100	76	56	47	95	99	49	
57	28	70	48	27	64	27	56	31	39	50	42	64	91	55	3	27	14	92	20	43	-1	66	61	81	33	64	5	82	64	48	11	46	20	92	33	61	33	67	27	41	11	65	11	27	23	20	95	98	80	96	64	4	95	94	82	13	80	25	48	29	18	27	38	77	1	11	72	56	9	54	12	74	54	39	70	49	54	98	35	40	23	17	44	72	34	62	33	49	70	91	66	9	65	55	72	99	23	8	39	
42	29	9	54	87	25	94	92	1	66	90	94	27	19	68	41	63	95	81	37	45	96	-1	13	98	66	96	12	62	82	28	83	63	92	95	3	26	60	76	34	56	9	4	23	20	73	57	54	70	17	20	20	10	37	34	84	92	76	77	35	55	48	10	42	15	44	52	37	91	21	11	38	82	67	77	14	58	72	73	83	27	38	87	39	69	81	16	35	44	15	2	88	23	35	18	98	47	4	43	31	
46	51	54	58	71	65	8	35	11	70	59	74	52	31	9	53	17	78	25	7	59	23	44	-1	55	71	61	19	74	24	7	86	96	41	40	48	87	34	29	48	17	79	25	27	83	66	30	70	39	27	14	99	48	20	8	7	10	94	92	71	27	17	88	63	36	30	65	58	29	95	14	88	48	23	15	40	43	96	4	90	92	25	23	60	77	24	75	99	56	16	82	12	64	14	49	99	44	57	87	68	
87	87	8	53	42	98	31	84	26	87	21	92	5	73	51	53	22	77	94	63	83	25	94	3	-1	23	43	57	18	40	92	76	46	14	25	30	7	32	56	12	29	11	53	14	70	53	23	68	74	20	97	70	17	3	70	44	92	24	17	44	80	95	37	58	48	30	29	70	50	13	74	48	64	19	64	13	18	9	89	84	38	47	48	72	43	25	91	96	79	89	19	42	17	78	88	4	53	66	71	11	
49	3	58	78	68	10	60	52	69	1	49	65	83	86	36	66	30	77	26	61	52	83	82	79	28	-1	76	35	65	55	58	64	37	13	6	79	22	71	18	95	57	27	44	6	22	31	62	83	90	33	78	41	70	82	44	49	87	18	2	96	83	36	51	99	33	83	91	98	16	55	22	67	26	63	15	93	15	23	39	85	38	14	5	63	64	30	20	8	94	95	95	50	73	33	65	13	13	37	14	73	
12	57	100	56	53	19	13	5	87	23	88	16	12	71	93	80	72	45	95	23	92	35	48	42	3	34	-1	23	20	58	55	18	23	11	33	13	80	64	73	95	94	64	78	57	66	75	2	67	77	66	20	28	75	42	18	81	71	57	46	26	15	48	27	75	28	27	59	88	41	86	74	8	81	21	58	31	66	23	45	43	97	74	46	23	83	34	27	69	69	67	67	14	99	96	35	47	33	29	63	98	
82	75	6	89	8	82	17	38	25	52	4	92	13	1	94	53	15	61	48	45	28	81	43	2	90	80	9	-1	51	5	62	96	22	28	23	57	1	49	52	28	13	98	54	57	46	59	1	23	2	84	12	71	32	37	63	75	42	47	42	39	30	44	24	91	45	10	50	18	61	40	17	55	97	85	57	50	27	33	79	42	25	45	42	21	79	43	57	51	67	10	60	58	50	43	92	4	26	44	80	83	
49	8	50	10	73	30	85	65	44	23	56	87	51	66	70	93	57	91	28	78	77	28	8	65	67	89	31	11	-1	34	50	33	82	28	45	35	60	30	22	30	52	68	15	67	6	19	28	86	21	63	83	82	86	83	64	92	66	30	66	80	72	9	33	93	16	91	3	9	95	100	96	16	36	56	23	63	6	74	54	40	71	80	21	80	17	2	22	54	99	75	51	34	34	66	4	80	20	85	63	54	
53	18	29	31	72	59	55	46	8	99	80	50	16	21	65	99	76	25	54	97	41	33	83	67	66	94	23	79	36	-1	51	100	4	27	64	11	96	58	19	81	63	61	23	87	67	32	54	5	94	79	85	57	25	72	21	62	2	56	56	59	4	6	16	50	5	65	23	81	65	56	32	31	46	59	10	66	7	95	34	91	4	1	53	70	74	8	50	17	47	76	89	59	5	75	1	78	91	98	23	80	
24	3	87	32	74	18	35	21	82	21	46	71	19	36	10	14	48	68	21	39	22	54	36	83	28	95	18	11	73	80	-1	95	2	23	67	32	5	13	44	78	32	8	57	61	47	10	62	76	84	79	42	58	44	63	70	18	68	87	82	66	69	46	17	48	81	80	92	34	33	6	59	97	96	65	28	76	93	96	76	46	56	35	20	76	80	58	23	91	29	28	28	37	100	88	34	30	68	77	86	54	
56	82	9	17	80	29	22	79	68	79	34	89	82	80	67	47	20	43	34	22	26	61	88	17	85	94	11	28	52	64	28	-1	12	50	15	52	13	37	45	67	13	65	10	40	44	95	14	79	68	35	66	75	83	100	97	60	75	27	4	11	6	39	20	3	46	80	98	73	23	57	55	59	14	3	57	18	64	2	98	91	27	22	95	38	24	30	12	74	78	59	42	88	1	77	25	99	91	73	71	75	
67	82	68	29	75	30	100	79	72	27	62	77	99	71	79	70	98	80	77	30	12	44	16	44	89	24	90	36	37	53	58	80	-1	38	28	25	50	12	22	71	24	65	67	67	75	89	72	48	69	100	23	70	2	89	38	82	8	89	86	61	42	29	37	32	30	100	89	32	95	32	16	50	1	14	33	74	98	52	5	15	21	100	41	62	97	78	25	76	20	26	14	45	12	38	72	11	86	24	7	95	
1	100	43	2	50	33	82	41	26	41	12	45	63	6	65	57	90	7	18	55	80	99	1	55	11	92	30	69	64	95	66	16	87	-1	3	63	69	95	71	76	94	74	28	99	12	87	71	100	60	30	91	24	85	71	81	17	93	43	13	16	88	100	28	60	1	64	54	1	44	11	26	97	56	100	44	34	78	72	51	100	5	1	71	48	19	31	52	84	36	12	39	57	38	77	56	99	85	51	89	68	
72	63	62	68	50	58	10	7	18	16	45	28	61	55	78	16	58	82	67	94	56	26	6	45	70	9	78	2	67	5	3	13	43	35	-1	22	22	98	41	37	76	91	1	58	24	96	15	37	22	16	69	86	90	89	97	39	69	80	86	3	66	49	82	44	6	99	63	55	6	87	13	30	92	71	100	69	9	11	43	91	54	27	88	14	20	8	72	17	8	19	89	51	66	30	78	90	81	62	3	49	
76	37	74	80	32	45	69	67	46	68	33	45	58	38	54	91	16	79	4	46	70	49	54	41	54	74	88	2	69	70	98	67	68	32	91	-1	72	71	21	52	11	79	33	18	26	12	76	5	36	19	72	45	55	95	85	64	42	31	45	50	75	59	46	46	13	63	92	6	81	77	83	12	38	29	68	34	52	51	23	63	6	48	53	87	98	48	19	97	89	71	71	98	50	2	89	93	32	52	97	93	
4	10	3	99	19	27	71	52	32	12	6	69	65	67	56	89	19	56	31	75	63	96	16	41	70	78	89	76	76	40	31	97	33	99	65	83	-1	76	49	1	82	64	18	33	19	52	84	44	17	18	40	46	47	83	74	73	55	57	96	77	51	36	6	43	66	43	59	37	21	94	52	17	2	40	25	64	96	79	56	17	69	86	51	6	45	10	12	100	20	67	91	5	57	13	42	43	19	43	75	68	
52	39	67	13	25	72	17	7	34	67	79	34	14	7	65	68	89	43	2	90	51	42	95	37	92	47	88	80	78	56	17	24	42	83	74	80	39	-1	98	75	18	55	44	63	61	28	86	90	72	82	59	8	100	37	79	100	89	70	84	93	63	33	3	28	18	5	69	93	42	64	81	2	69	100	9	62	89	50	55	27	75	17	74	11	20	66	4	27	58	24	15	48	70	13	91	1	15	79	18	29	
19	55	71	67	16	97	39	11	78	62	33	39	79	74	75	34	72	30	65	23	54	78	66	61	43	14	89	66	93	14	90	57	35	9	81	33	95	26	-1	81	87	56	46	33	14	6	85	27	9	42	25	66	100	6	35	42	49	24	35	84	10	46	55	84	70	10	54	42	24	27	22	60	44	11	19	22	73	90	66	1	53	20	83	70	95	26	93	18	71	87	18	26	81	84	29	8	35	96	26	78	
92	78	39	40	84	68	37	93	95	17	89	74	21	21	39	29	7	7	30	79	35	3	65	84	91	1	18	12	100	46	61	39	50	66	15	24	87	81	60	-1	97	88	54	45	66	81	32	98	20	1	87	47	48	25	79	21	88	45	4	88	49	21	74	99	62	9	57	79	56	8	39	47	75	57	81	11	68	49	35	68	11	27	28	96	26	70	85	66	58	47	17	60	18	3	33	15	46	69	33	43	
57	83	63	63	91	64	65	19	12	18	81	93	93	7	32	53	84	46	24	48	69	19	12	42	20	93	4	22	9	31	56	74	87	56	71	45	100	4	20	85	-1	43	55	82	88	83	84	89	41	3	35	32	22	22	91	44	62	34	83	33	4	27	54	76	58	77	88	81	27	14	62	41	13	5	77	54	39	84	67	38	73	3	3	41	42	77	10	51	31	78	46	2	45	37	90	20	1	36	14	75	
17	39	56	40	58	89	43	41	96	61	23	31	17	11	25	19	34	45	25	85	82	76	61	21	69	31	91	64	60	80	14	39	61	64	61	45	65	88	57	23	52	-1	1	48	35	57	96	53	67	59	2	74	48	72	29	88	4	99	56	66	35	83	28	81	20	37	12	18	64	30	41	35	77	99	49	35	4	65	33	20	11	17	9	96	57	2	77	36	58	32	21	54	11	1	44	17	97	62	53	89	
58	69	89	6	77	68	41	34	69	33	7	33	52	75	54	20	80	35	67	83	59	64	89	56	47	32	65	73	84	24	23	40	65	18	52	41	32	25	68	64	14	72	-1	5	49	50	39	48	72	29	82	20	28	83	99	13	67	51	14	35	74	28	11	43	59	10	64	21	56	19	40	79	30	36	47	28	98	34	83	92	39	73	74	31	40	1	73	41	75	80	72	5	26	37	15	61	96	98	85	60	
16	8	86	49	38	81	10	11	58	30	16	46	1	54	64	69	73	55	93	40	32	36	18	100	44	55	67	80	66	83	7	10	24	5	3	43	51	46	97	35	85	32	22	-1	57	71	38	24	78	22	49	73	2	19	72	48	51	57	90	33	97	38	35	47	51	32	48	7	48	97	75	68	20	45	31	49	1	52	99	46	9	60	53	23	13	75	60	13	67	3	18	79	95	85	40	72	71	5	7	9	
77	65	29	30	57	16	50	84	7	8	67	74	50	37	36	28	46	36	85	51	28	33	11	46	51	36	100	4	28	82	17	99	65	38	50	16	15	21	79	52	99	4	17	39	-1	2	19	66	7	99	67	45	84	21	8	42	73	32	51	98	49	29	83	45	27	41	92	31	10	33	29	73	45	20	59	72	59	37	82	11	18	96	91	58	57	6	70	81	42	95	12	65	36	12	5	93	22	21	68	77	
80	64	51	20	27	39	25	74	36	34	9	72	87	81	28	54	98	88	2	65	31	88	37	51	13	97	55	60	76	80	33	47	82	60	79	4	98	51	46	46	63	14	100	79	12	-1	25	63	83	58	75	68	99	25	50	33	19	12	5	89	42	20	51	15	76	28	52	14	13	58	5	63	92	83	4	95	30	55	20	35	40	39	50	77	81	80	9	41	49	21	36	3	71	56	21	39	22	45	44	2	
63	82	76	11	32	26	5	83	87	52	87	16	68	31	6	80	13	52	87	56	69	79	61	42	75	54	39	56	52	50	81	38	70	43	97	87	2	74	93	31	48	45	34	7	97	43	-1	39	9	94	1	57	74	23	79	93	93	50	87	9	78	86	11	47	55	18	89	56	46	22	32	83	79	4	40	92	99	38	3	88	5	55	90	26	15	3	70	83	89	89	67	90	82	24	84	1	71	19	100	32	
76	92	88	100	51	18	51	86	16	47	58	65	23	62	20	80	32	86	13	28	40	86	37	2	34	18	76	44	9	89	28	30	57	96	86	7	12	80	24	63	74	100	14	59	59	42	95	-1	71	100	62	31	60	68	30	19	86	37	64	85	47	41	73	28	77	66	31	54	9	9	17	44	92	86	53	89	30	93	91	87	72	59	36	63	86	41	50	27	78	12	78	89	27	84	13	57	58	38	11	39	
17	63	17	98	37	23	46	92	77	78	37	72	79	78	33	32	91	37	64	54	33	81	56	57	4	97	23	43	48	5	2	46	84	9	36	80	17	22	67	51	77	13	40	61	47	52	55	51	-1	30	78	30	24	32	59	46	45	41	52	9	50	80	60	46	95	69	91	30	48	72	77	85	46	77	11	24	71	53	38	56	84	31	68	34	33	14	90	8	92	7	66	49	14	46	26	73	30	9	1	19	
99	39	47	86	44	70	27	13	22	100	22	38	19	36	17	98	12	8	47	19	92	45	34	13	34	25	83	93	75	8	40	55	69	42	49	39	35	52	93	99	34	13	50	87	23	87	19	5	99	-1	34	93	5	59	72	28	11	87	21	44	64	81	49	23	91	58	60	65	29	89	26	89	3	67	43	97	70	90	68	73	74	96	67	24	8	26	47	69	46	50	64	80	29	13	21	39	77	41	2	70	
86	35	36	72	47	80	31	100	66	30	40	96	23	12	75	97	50	13	35	47	22	100	7	27	44	95	87	58	94	96	28	100	28	85	71	45	16	7	9	90	77	40	3	11	99	59	84	95	41	28	-1	75	9	75	88	25	78	80	31	84	30	27	65	93	19	50	38	55	84	31	14	96	59	82	3	96	22	18	16	75	62	99	94	80	4	41	33	20	55	63	17	55	79	54	1	73	56	31	16	23	
18	42	38	73	96	77	57	35	46	60	37	55	75	30	60	6	62	88	58	16	81	92	65	53	75	57	88	69	31	69	21	80	14	67	55	43	47	6	93	42	5	37	72	86	1	21	90	76	58	80	88	-1	94	97	23	74	2	36	14	81	9	58	7	82	10	52	88	40	67	59	65	50	78	73	29	82	56	68	40	36	63	81	85	51	94	49	56	65	37	54	35	6	40	15	5	11	100	25	87	75	
60	1	30	29	14	34	45	91	10	69	71	6	74	25	67	79	79	68	44	78	62	99	99	25	3	9	71	3	78	72	11	42	35	43	26	10	60	47	59	62	15	90	14	56	58	36	23	8	69	22	17	5	-1	59	89	46	3	93	5	97	80	17	5	40	94	87	76	59	28	32	16	16	97	33	46	85	97	6	34	47	9	42	68	92	57	49	19	52	40	67	66	23	12	61	84	86	55	41	24	86	
9	23	61	57	98	77	78	48	94	83	17	68	55	99	25	34	36	27	62	89	8	36	48	37	92	25	50	25	16	77	72	80	91	33	75	20	70	90	24	83	67	60	63	47	58	67	77	89	56	63	69	97	46	-1	1	67	11	28	2	18	1	43	98	67	95	71	33	65	11	89	1	15	54	52	82	28	74	66	60	1	51	26	65	100	48	35	58	40	33	20	59	49	22	30	1	13	69	97	4	83	
32	35	33	79	38	41	69	10	11	63	86	32	66	70	86	63	78	20	54	70	4	83	1	14	64	50	69	47	84	5	65	58	57	23	32	37	29	9	80	23	45	100	42	38	28	31	82	11	23	50	66	61	10	91	-1	76	65	99	39	47	100	78	14	13	97	85	71	98	72	68	53	84	23	68	71	84	12	43	43	52	7	87	48	89	78	85	98	71	30	99	41	66	96	33	34	15	88	19	1	28	
28	16	93	88	8	31	66	23	45	73	88	32	59	34	69	48	44	43	81	14	18	69	31	51	88	83	23	16	91	57	70	6	46	11	29	73	60	60	82	28	85	57	3	8	20	33	4	22	47	18	4	42	44	79	58	-1	18	91	75	98	96	19	34	41	3	57	79	53	31	70	38	86	58	13	83	80	94	21	46	86	80	36	88	82	63	72	98	43	70	81	73	23	14	55	46	44	56	93	23	73	
89	39	85	48	66	68	91	95	54	71	75	11	50	18	87	53	60	11	95	35	72	94	89	21	35	68	57	45	84	43	62	52	51	14	17	38	60	18	33	79	21	24	46	51	83	33	90	71	94	80	37	61	7	31	19	30	-1	62	97	31	18	68	58	70	39	30	87	18	33	35	91	81	14	38	78	89	10	56	46	25	13	93	43	87	48	56	83	39	44	76	98	60	1	79	18	30	70	10	26	4	
13	83	48	83	38	22	44	31	63	32	16	3	7	96	9	47	91	50	75	77	76	96	3	41	70	78	31	10	33	50	16	56	90	49	72	43	72	29	79	67	55	36	67	82	100	15	65	12	59	50	21	41	58	83	25	32	7	-1	17	2	26	3	83	48	52	84	5	80	77	92	22	46	87	34	47	83	37	98	39	75	46	20	3	67	88	10	36	51	58	95	39	58	78	42	48	58	73	50	10	10	
50	61	74	57	18	52	6	41	24	19	28	83	76	82	50	53	24	3	32	81	76	85	9	96	46	32	62	31	32	45	17	36	8	28	28	37	16	65	4	80	84	4	49	78	32	53	87	46	6	30	19	28	76	34	18	67	62	74	-1	45	58	35	97	33	54	16	62	73	84	69	61	30	37	3	17	11	59	37	12	69	42	71	35	20	15	48	34	15	19	2	88	92	47	60	70	27	58	19	17	65	
13	65	67	92	6	50	70	29	3	87	9	41	29	5	86	32	42	78	49	3	96	99	81	40	47	49	64	87	70	11	2	7	45	60	16	57	13	81	30	60	1	3	62	70	96	78	31	90	90	20	42	79	71	91	15	64	85	76	50	-1	28	74	38	44	39	50	38	40	50	42	29	19	36	85	43	59	17	21	73	10	43	50	25	50	94	43	75	4	16	69	12	34	55	76	23	93	42	75	52	43	
18	39	44	43	92	67	96	26	65	15	25	46	6	90	44	78	94	72	24	13	22	84	97	94	95	86	74	79	8	76	52	64	2	82	60	95	72	4	82	26	87	43	84	84	40	91	63	32	12	15	29	30	12	89	34	75	69	35	82	27	-1	96	26	87	81	29	7	91	55	65	99	90	86	83	7	13	20	45	11	29	24	6	55	29	27	58	28	93	92	52	88	53	9	79	4	6	72	20	44	35	
22	63	64	70	11	40	30	60	6	60	89	90	36	24	72	14	31	9	85	9	35	13	100	10	53	33	70	23	54	87	87	71	18	65	24	8	69	39	37	53	46	2	70	94	18	73	7	87	87	17	25	50	22	75	55	21	70	77	93	52	11	-1	29	24	62	13	12	14	54	36	47	39	72	27	90	84	53	91	50	27	67	95	9	55	17	15	55	33	74	29	35	24	72	98	6	69	18	100	20	82	
58	55	93	48	77	94	21	98	12	12	43	28	24	75	89	96	72	8	57	43	69	15	76	87	58	77	68	100	66	91	76	89	35	40	60	36	12	11	98	65	81	6	27	2	9	63	31	10	16	65	44	20	58	2	4	91	56	74	52	24	82	17	-1	76	2	96	73	25	36	33	26	98	43	37	40	38	2	22	19	53	44	77	56	5	29	42	46	66	83	73	54	25	74	22	100	25	37	59	75	52	
43	85	75	73	6	20	44	37	75	43	54	75	83	20	51	15	92	67	65	19	23	85	85	73	76	94	6	67	54	31	2	32	14	86	45	46	38	7	56	40	66	40	33	98	25	3	60	11	68	66	85	22	87	32	70	8	89	54	64	17	26	92	45	-1	9	31	45	82	17	65	100	46	86	42	25	8	93	49	88	25	16	34	84	95	80	24	86	87	99	30	6	50	36	68	18	70	24	76	15	12	
91	29	9	59	40	3	27	15	37	43	33	26	83	36	51	67	68	29	19	10	74	45	71	96	55	9	17	39	5	21	66	84	16	82	36	6	57	9	56	14	86	8	32	17	83	9	45	57	71	79	35	88	48	9	83	17	15	52	97	57	35	68	52	97	-1	79	50	51	37	50	49	41	44	63	87	39	49	82	89	25	45	45	89	2	37	62	22	95	19	96	49	67	28	91	47	40	77	9	11	57	
2	87	38	59	74	5	4	80	13	65	68	66	94	57	23	88	77	15	17	8	24	85	96	61	60	41	17	77	94	6	48	86	58	63	88	64	84	51	59	74	34	46	3	62	90	44	57	30	64	96	17	4	9	78	34	20	64	8	31	1	77	81	94	73	61	-1	94	4	2	46	50	33	77	44	29	10	52	35	53	44	58	93	16	10	81	38	76	78	81	90	72	4	23	74	82	56	52	7	58	89	
91	48	94	17	73	75	37	35	92	86	5	47	5	57	80	45	54	26	23	60	78	20	74	44	75	53	34	22	86	60	16	35	73	2	10	44	82	94	91	52	86	22	27	42	68	92	16	29	18	11	2	89	81	43	74	56	69	98	69	88	71	19	27	3	35	67	-1	34	97	56	11	63	28	22	5	20	18	77	30	7	2	87	47	70	48	88	14	95	38	1	16	90	99	39	57	69	8	44	28	47	
32	75	32	52	92	4	85	60	6	62	47	61	29	20	11	59	37	1	31	78	85	47	69	46	42	83	14	14	98	22	53	33	53	91	2	14	70	48	31	62	82	82	82	48	68	61	31	8	97	50	20	58	18	67	35	20	18	97	66	23	13	68	98	83	9	16	4	-1	62	81	90	35	83	35	65	48	53	46	2	54	29	83	33	51	60	87	37	46	73	2	6	61	48	58	66	38	98	91	99	56	
100	38	78	37	22	32	34	25	59	44	51	86	75	91	45	90	68	3	14	56	41	50	70	46	64	96	48	67	85	39	18	80	55	51	80	1	48	17	51	1	4	40	64	77	74	66	50	13	53	6	4	4	31	30	14	43	3	20	62	67	57	66	82	66	80	55	41	74	-1	40	46	71	60	48	73	81	4	61	62	40	62	11	97	96	81	91	19	92	6	27	17	73	39	70	67	72	8	15	50	59	
25	19	88	82	61	12	79	22	95	9	14	75	16	99	39	95	32	47	76	94	96	77	35	91	71	19	15	94	71	95	29	80	78	76	86	40	66	72	55	59	98	69	63	47	90	61	20	87	89	92	33	74	8	64	50	45	70	41	92	58	22	8	79	62	5	12	33	33	37	-1	27	56	77	44	98	35	48	37	64	29	74	4	65	71	86	40	46	3	11	30	11	92	71	31	35	84	87	70	3	95	
46	75	1	3	10	23	91	61	34	45	37	77	43	48	12	80	13	94	11	57	18	65	13	90	4	4	16	21	42	84	28	55	29	15	12	42	44	41	54	53	94	73	28	40	57	79	81	31	43	43	36	76	4	8	73	71	31	86	46	29	38	84	44	2	67	67	62	15	9	91	-1	96	4	82	15	44	87	34	39	69	1	55	27	21	81	63	79	57	94	55	89	42	8	65	90	46	6	44	5	15	
26	23	21	39	13	51	1	17	49	73	61	7	20	3	90	25	23	65	18	1	3	44	97	83	54	30	10	7	82	9	74	92	37	80	94	75	28	90	68	36	54	54	29	37	87	98	48	97	14	68	84	22	14	70	93	2	24	85	36	2	22	8	26	36	78	62	100	71	6	45	20	-1	13	86	37	10	4	87	56	84	40	95	7	90	72	28	97	3	22	1	70	16	16	31	55	45	49	68	32	41	
100	50	38	29	51	30	38	98	98	11	21	19	55	1	2	68	10	16	61	17	28	66	69	81	77	24	61	55	88	24	98	46	78	40	84	7	11	29	81	67	83	31	6	9	93	60	56	38	8	67	26	96	24	94	18	20	48	93	37	11	71	21	87	59	91	69	94	33	76	88	10	46	-1	95	95	21	82	99	32	19	4	40	44	57	8	5	53	69	5	69	78	93	11	70	67	77	11	38	8	54	
24	23	6	17	19	41	32	7	2	9	70	26	58	55	91	16	52	28	39	87	28	89	28	40	85	17	27	23	56	89	37	7	100	16	79	42	89	9	13	76	100	82	21	25	79	12	28	100	2	100	81	54	68	28	39	18	1	30	63	1	96	53	17	65	17	46	63	78	10	88	90	33	13	-1	67	26	81	64	73	88	38	96	26	30	35	59	50	49	99	65	24	33	64	24	81	86	40	3	25	75	
59	92	46	56	84	82	39	92	72	65	10	82	88	47	29	2	75	83	21	8	91	16	33	53	18	52	66	95	40	17	27	62	43	96	86	86	3	12	27	47	63	86	36	30	44	3	94	74	4	81	20	47	98	33	17	70	84	8	39	69	9	60	9	96	32	70	25	96	92	86	54	87	30	19	-1	3	1	96	11	93	49	68	77	97	7	56	61	94	24	62	11	9	82	87	1	26	14	44	18	14	
51	89	19	33	33	2	39	38	38	2	29	25	27	57	14	8	2	69	20	69	51	73	67	87	85	46	77	87	11	49	23	50	58	97	26	100	68	21	43	42	65	53	11	42	69	17	94	87	34	5	94	9	16	83	62	62	38	94	99	91	47	29	99	32	1	48	32	46	36	44	83	90	82	100	18	-1	58	98	71	31	71	75	33	6	35	42	42	41	30	50	68	10	64	42	51	68	73	81	9	61	
91	78	80	95	95	70	1	78	42	30	91	30	75	11	15	86	62	17	80	68	90	72	70	57	18	9	63	79	21	68	14	41	76	93	52	35	17	53	75	27	21	45	68	15	16	9	52	92	24	90	79	58	55	100	70	25	94	92	61	100	99	21	62	68	65	9	63	79	15	97	38	64	45	48	8	62	-1	25	42	77	93	49	68	70	49	72	75	70	2	20	93	57	50	39	33	13	45	17	19	3	
90	93	52	10	99	54	43	30	2	68	31	17	57	22	23	28	95	2	84	4	80	15	14	83	71	15	18	99	73	9	6	7	17	32	41	7	70	49	56	38	53	53	77	67	55	87	55	83	5	72	91	70	50	24	78	79	53	68	95	49	96	13	50	95	28	48	68	78	90	50	81	49	49	65	88	89	97	-1	39	57	46	75	59	37	34	10	82	77	73	45	21	64	21	22	24	59	99	47	100	82	
37	43	72	69	65	79	60	86	10	29	39	53	73	20	39	77	59	94	46	60	73	11	68	2	8	31	58	38	71	13	89	74	29	44	83	100	67	55	69	5	89	96	30	57	8	10	99	75	9	71	32	38	71	39	41	64	2	6	60	82	75	92	22	17	2	83	81	19	23	36	61	88	16	86	53	15	71	31	-1	100	76	44	81	47	84	8	32	17	19	96	68	30	84	27	26	44	57	1	18	47	
61	46	8	51	60	50	19	36	2	38	24	77	99	60	99	19	32	2	83	76	9	44	37	23	98	23	88	79	24	68	42	92	58	98	37	88	20	11	18	30	50	93	53	71	12	49	7	6	44	27	5	77	60	68	41	88	7	75	30	22	22	13	87	82	3	61	44	36	80	23	44	11	56	45	62	65	91	3	83	-1	81	12	1	27	81	72	90	76	64	52	79	59	41	33	11	52	73	83	25	73	
58	32	70	29	48	11	40	86	48	29	14	16	19	54	62	4	59	91	96	6	44	7	12	37	82	55	33	43	14	50	72	83	98	77	9	5	97	68	51	15	51	89	70	26	73	16	60	39	24	43	5	98	84	71	100	10	26	59	89	98	41	45	24	24	69	62	86	44	73	5	95	19	79	83	95	5	66	74	29	87	-1	59	95	1	93	59	36	17	11	100	30	50	94	17	43	23	62	95	80	90	
50	49	32	34	59	76	72	78	48	100	30	84	97	25	96	68	31	38	95	53	28	2	63	84	11	95	76	28	18	3	29	2	34	21	21	22	15	61	87	1	21	75	50	25	29	22	69	21	24	76	31	50	1	4	66	31	65	18	41	43	100	66	95	36	41	8	66	86	86	27	77	21	22	80	25	96	35	57	86	42	19	-1	57	20	94	53	19	92	23	76	19	61	56	68	28	70	42	55	54	97	
5	26	73	64	55	24	95	44	29	19	43	27	78	34	55	7	91	33	35	35	96	31	58	52	39	33	71	88	30	28	28	65	77	41	76	86	86	66	87	22	36	36	3	21	42	23	32	22	60	74	79	74	82	91	14	94	44	32	90	67	14	48	90	23	45	88	47	90	29	94	53	35	41	31	66	3	44	75	8	100	69	25	-1	19	26	81	84	27	64	39	82	51	35	72	74	19	78	69	47	11	
1	2	86	9	55	24	32	35	58	29	18	28	62	70	61	33	57	89	74	62	29	8	57	59	26	14	35	24	70	25	18	64	90	16	28	29	51	41	23	87	45	73	48	28	62	63	5	34	10	38	64	71	22	19	49	61	94	47	95	68	99	69	16	73	5	18	70	48	14	100	72	5	36	85	32	99	47	96	36	49	37	25	92	-1	97	65	53	4	46	66	15	22	40	62	9	14	19	7	86	36	
52	36	94	34	51	83	3	39	25	94	1	19	40	7	40	64	45	80	40	20	9	47	90	88	84	46	1	72	17	99	67	20	26	2	89	87	18	79	4	9	48	5	58	6	11	95	13	93	70	51	61	18	87	88	44	100	35	4	49	98	60	97	33	16	69	55	78	57	84	99	57	50	29	47	95	65	43	89	70	59	25	16	45	66	-1	87	85	49	68	21	47	73	92	79	65	96	26	13	3	62	
93	61	27	1	42	59	13	93	24	56	58	1	14	82	17	71	92	30	78	77	74	23	51	78	70	83	72	97	48	76	51	28	30	68	60	39	100	48	57	10	90	73	45	65	41	4	86	62	40	4	20	60	99	53	84	78	35	51	5	6	23	32	58	75	90	34	36	73	10	100	30	55	96	99	6	49	33	48	17	96	41	40	6	70	99	-1	38	43	11	12	36	57	32	90	17	52	89	79	63	78	
70	58	76	76	21	91	5	78	11	50	57	64	32	45	47	12	8	29	3	87	55	77	70	2	11	99	20	86	1	26	94	15	98	37	60	100	14	44	8	71	2	20	68	46	9	90	68	59	4	82	60	68	80	94	84	26	80	92	56	39	59	43	79	21	88	75	59	37	92	46	31	44	10	11	8	76	17	33	92	74	92	23	43	3	64	10	-1	59	25	9	58	31	55	94	66	75	51	6	35	6	
15	26	40	3	30	87	59	94	25	27	17	78	37	34	82	51	67	5	99	74	5	32	49	6	38	52	15	14	70	83	87	88	58	3	21	28	79	17	35	33	61	59	40	63	33	28	95	66	96	46	79	22	88	15	89	35	21	96	61	99	53	80	65	22	51	25	6	17	14	16	48	90	48	85	52	55	61	36	68	97	58	83	95	34	38	60	6	-1	30	63	35	66	11	56	59	78	43	10	47	95	
23	40	32	10	57	11	53	54	69	97	20	75	43	14	23	7	15	61	98	95	23	21	95	8	1	43	13	70	80	37	1	12	69	35	81	37	77	69	68	38	61	66	71	98	61	19	96	67	13	47	56	57	73	10	85	19	98	27	70	52	17	74	71	64	24	29	44	81	55	35	76	12	65	31	17	47	30	22	41	38	11	27	68	96	96	74	29	89	-1	2	95	55	10	65	16	89	49	59	58	31	
61	18	51	10	4	82	4	13	11	23	2	14	13	74	10	93	84	65	21	36	53	56	15	22	94	21	88	71	77	91	36	87	2	19	55	86	65	27	10	85	41	67	99	88	32	65	19	27	65	44	84	24	70	72	32	64	61	44	44	45	53	40	93	57	100	65	79	65	28	50	79	88	63	15	13	17	55	97	86	94	82	52	26	98	53	76	69	70	71	-1	15	2	23	29	1	33	48	19	57	82	
61	49	11	62	78	3	11	9	6	98	49	87	22	20	70	71	15	34	97	94	59	20	37	2	70	80	10	6	3	91	18	83	100	4	11	44	40	94	54	10	39	93	46	15	67	63	97	4	42	97	74	20	50	71	75	51	60	68	13	6	96	55	30	37	61	21	26	63	28	100	69	100	53	27	51	1	54	67	94	72	94	13	48	38	65	94	81	81	86	71	-1	91	41	66	49	94	49	67	11	35	
66	59	93	3	28	30	41	69	58	69	56	44	83	9	40	74	84	87	27	98	20	25	22	71	61	84	51	76	61	96	79	95	77	85	12	97	69	4	63	44	8	69	93	56	42	34	56	78	39	100	79	26	25	31	77	15	28	56	74	60	41	35	78	1	65	23	67	10	59	89	5	95	21	39	8	26	43	100	90	24	25	83	26	90	11	14	8	99	17	49	33	-1	57	83	60	45	26	13	19	4	
99	31	83	98	83	77	33	35	77	49	21	94	21	17	22	83	42	58	93	6	100	81	67	82	100	9	23	79	77	45	23	72	8	76	33	32	39	66	69	79	85	77	28	71	85	92	28	36	17	74	39	52	74	83	10	75	13	6	28	91	43	66	45	23	36	82	66	77	40	58	29	48	92	13	65	11	35	80	82	35	48	60	6	79	48	63	10	73	79	19	63	80	-1	79	23	67	80	76	98	28	
58	65	33	31	17	87	100	92	56	68	84	94	41	87	12	29	4	90	41	35	36	2	22	28	99	87	12	31	1	11	3	10	23	3	85	21	36	25	75	54	71	88	52	41	46	13	88	92	34	10	18	14	64	15	53	43	56	4	70	15	48	14	1	56	68	86	16	81	51	44	4	73	36	1	81	99	45	94	42	63	60	89	1	45	25	2	8	4	43	48	48	62	86	-1	48	24	90	80	13	41	
58	51	12	49	58	22	98	74	45	40	23	21	22	93	54	10	89	22	74	46	64	3	71	38	44	83	2	37	52	28	65	21	64	92	50	2	33	19	65	16	85	33	48	34	69	66	99	14	43	32	68	19	49	6	68	48	37	75	87	27	98	72	57	95	7	33	74	45	3	33	71	1	92	29	12	51	16	95	64	88	97	63	76	11	76	34	76	95	13	5	72	15	64	24	-1	50	43	99	36	87	
56	54	61	19	3	39	72	12	70	60	20	94	20	81	99	45	31	6	92	71	42	8	51	85	43	7	12	7	61	48	35	50	79	60	51	57	74	29	74	68	87	79	29	9	79	49	88	83	50	17	40	4	62	62	91	73	22	93	56	37	22	94	63	82	80	35	71	75	8	65	50	26	89	98	1	68	40	95	85	55	100	3	21	63	74	75	42	13	85	75	91	19	9	45	28	-1	60	89	17	40	
31	15	17	86	25	24	62	65	72	95	6	80	49	10	71	69	18	74	51	59	36	30	22	74	74	19	74	2	83	66	89	4	61	46	20	68	55	4	29	6	96	45	38	31	76	3	80	98	38	38	91	32	31	16	12	17	98	22	51	32	76	29	83	53	42	98	6	89	69	70	5	93	89	69	78	3	73	27	72	13	69	51	57	19	9	63	15	48	26	72	45	31	19	28	14	68	-1	58	82	7	
76	6	53	80	49	38	23	80	95	99	94	2	6	67	44	19	17	75	51	10	50	67	1	61	20	51	70	12	85	96	82	54	95	35	85	28	85	76	43	27	77	71	13	74	53	24	93	39	26	89	25	24	61	4	11	97	49	100	60	56	87	56	62	14	12	75	54	100	60	39	78	39	19	32	51	76	17	43	87	47	46	70	89	39	67	30	60	91	42	56	97	10	52	12	3	80	33	-1	75	13	
99	27	70	51	33	66	11	5	44	16	96	89	37	53	26	73	82	13	8	44	6	97	60	41	82	70	5	56	13	28	6	42	47	86	90	99	55	62	100	98	62	84	4	11	7	18	23	75	29	27	43	37	73	40	47	48	33	54	26	54	9	10	93	47	43	93	22	36	86	55	10	82	66	78	87	74	80	54	50	46	72	57	83	61	58	40	75	67	5	72	65	75	60	58	92	34	3	23	-1	67	
57	42	65	46	73	5	42	76	76	84	78	90	7	51	38	79	47	24	33	60	9	87	8	58	74	91	22	74	30	27	6	32	63	68	11	35	80	77	3	44	32	74	39	77	33	58	91	60	72	31	91	75	82	87	33	46	52	92	88	75	31	95	20	30	72	6	18	94	38	63	11	34	95	44	92	43	32	65	60	25	91	7	58	84	19	62	76	13	87	21	45	21	22	40	34	85	11	70	83	-1	
