100
-1	14	100	24	8	20	4	70	92	40	22	64	20	36	66	13	19	35	10	20	58	80	11	77	56	16	57	19	20	16	49	42	86	43	85	14	55	53	62	91	23	81	65	26	4	45	80	40	29	23	82	6	12	69	33	13	56	73	19	70	61	54	27	57	61	91	41	53	35	9	85	11	6	79	72	100	20	49	12	16	67	4	77	49	20	81	99	3	19	84	86	10	86	52	7	32	5	40	77	71	
85	-1	32	68	2	19	55	25	43	96	83	26	17	99	7	67	55	30	96	61	89	20	76	18	49	19	99	58	29	33	62	32	78	33	73	52	69	43	31	95	21	84	17	27	84	91	51	21	6	10	70	48	6	13	91	72	48	71	86	23	35	3	22	38	68	87	20	55	78	26	47	54	55	19	67	98	87	52	45	38	72	48	61	35	53	12	33	63	52	8	82	26	73	33	76	56	84	46	42	8	
34	24	-1	66	31	78	94	86	68	35	53	88	6	4	51	8	74	36	74	95	67	15	76	26	68	1	20	35	9	17	27	75	52	37	92	45	85	4	85	38	11	32	44	5	82	34	48	17	30	86	23	29	93	15	47	3	59	70	60	68	45	73	2	34	5	20	24	95	68	67	20	22	45	15	35	12	44	41	51	72	42	35	55	42	40	6	11	100	62	68	85	34	13	43	27	4	34	45	14	89	
29	82	50	-1	83	34	18	11	12	3	27	28	66	66	83	98	99	4	94	79	14	74	47	31	18	83	31	14	80	47	82	63	19	79	8	45	4	16	11	96	2	96	67	67	95	66	58	55	91	42	66	42	49	77	55	69	96	26	25	90	31	97	21	7	36	86	95	27	42	81	92	10	1	89	57	39	30	19	56	63	63	5	57	21	84	30	12	76	31	35	93	41	97	51	96	49	17	19	34	5	
96	25	63	16	-1	54	41	9	37	84	12	73	62	54	73	89	48	68	2	66	32	11	4	87	69	97	85	65	35	93	68	69	7	3	90	55	44	60	9	16	77	76	78	37	96	57	54	61	15	96	75	29	17	85	84	43	63	84	87	90	39	21	60	92	49	11	62	31	92	80	7	52	55	3	27	73	45	24	53	57	93	33	7	86	82	57	23	42	67	25	58	62	46	48	8	11	98	39	8	53	
65	61	49	74	27	-1	29	49	39	24	98	97	41	80	18	38	43	17	18	30	50	8	57	42	5	72	47	58	50	11	79	5	52	35	44	7	90	28	29	12	93	54	80	83	29	90	68	14	50	44	89	8	48	36	91	61	11	5	9	17	13	28	37	72	88	45	25	15	21	52	88	90	57	24	57	94	85	24	2	65	81	92	45	90	33	53	80	85	100	36	91	53	24	77	50	9	85	9	91	35	
5	45	25	45	21	91	-1	46	14	54	2	17	95	46	93	19	98	15	48	51	89	96	26	33	95	51	6	37	28	71	73	55	59	64	36	40	9	39	54	18	51	62	99	49	54	19	79	67	26	92	61	37	33	51	72	70	66	47	83	52	86	70	58	84	37	96	12	35	60	97	44	2	14	90	77	41	36	10	53	4	54	38	19	14	18	85	8	91	87	14	91	27	14	39	52	39	51	23	11	24	
92	81	28	17	66	95	14	-1	78	17	22	24	67	24	47	8	61	91	51	2	47	4	69	75	99	93	64	79	4	9	44	23	55	40	41	79	9	35	19	11	15	11	26	100	19	46	26	90	3	77	63	96	75	59	45	59	80	45	2	2	49	13	6	25	57	17	96	5	75	78	52	88	21	16	96	29	13	51	67	22	67	78	74	100	38	56	57	91	89	40	74	51	77	61	43	49	62	14	94	50	
41	46	68	17	100	71	67	59	-1	56	68	73	44	26	8	97	91	89	57	68	2	51	90	62	28	74	80	2	79	45	3	15	94	91	83	89	93	31	65	7	10	85	88	34	84	87	95	14	53	40	92	92	14	1	85	88	70	85	23	11	83	18	33	7	56	28	30	18	94	2	25	16	5	23	27	21	53	39	41	71	6	58	12	92	97	12	63	34	17	49	73	50	52	39	26	50	57	85	90	75	
18	42	59	62	1	87	33	54	53	-1	6	96	78	38	36	70	75	44	99	4	50	80	91	6	11	63	69	24	88	53	82	23	95	86	19	23	78	62	81	47	66	2	19	20	17	40	89	73	39	35	51	34	82	72	62	62	6	12	11	43	98	4	62	57	64	1	40	46	26	52	68	72	43	73	86	83	95	41	89	61	23	2	64	55	80	46	71	6	92	15	43	42	90	74	93	77	13	25	22	39	
71	39	69	37	50	93	21	3	56	6	-1	70	35	19	28	9	18	23	84	18	1	43	8	13	93	5	94	36	30	94	32	24	22	41	94	27	68	35	8	45	7	71	36	82	21	35	18	26	48	55	10	26	35	48	46	50	80	52	69	75	93	35	23	75	28	65	26	79	87	99	48	21	4	18	2	73	46	92	32	5	84	88	86	39	93	16	71	50	32	69	39	13	1	85	82	47	100	69	79	16	
74	52	67	83	41	68	47	12	91	60	14	-1	67	42	98	39	30	22	97	45	20	56	62	44	19	22	38	45	51	26	47	1	87	71	24	3	7	82	57	78	59	70	28	60	47	14	25	36	27	27	97	17	41	68	1	32	12	80	7	72	76	75	21	8	68	52	25	12	46	67	26	44	29	90	64	22	83	77	13	10	49	10	34	55	64	33	92	51	5	32	85	38	45	90	17	87	86	49	17	76	
24	49	73	29	31	87	89	35	55	10	34	1	-1	5	69	78	78	54	58	34	84	34	93	82	41	94	27	58	96	65	88	42	90	4	23	3	85	28	26	33	92	52	46	61	84	63	63	76	63	78	95	62	88	58	75	87	31	33	23	32	93	50	59	90	5	58	66	16	3	45	30	14	1	70	55	96	5	78	77	95	71	45	40	78	55	98	83	45	45	40	21	59	75	9	13	4	26	36	28	45	
77	93	87	30	26	8	91	12	10	66	26	17	80	-1	39	38	13	45	57	52	43	70	39	13	90	41	37	95	4	9	87	75	20	1	9	78	95	50	79	18	10	84	64	86	73	58	51	40	31	21	71	78	52	20	27	67	15	97	83	44	62	65	10	51	75	8	21	46	40	43	30	6	92	47	4	94	75	27	10	79	64	53	62	50	94	21	76	64	82	77	91	96	66	92	35	74	4	2	80	95	
40	59	54	45	92	59	37	48	51	25	23	30	40	11	-1	76	19	72	90	93	63	41	94	88	80	52	4	6	10	37	18	26	57	93	75	14	99	41	44	8	78	45	14	35	49	87	68	17	1	38	63	66	33	41	24	34	54	4	6	40	70	33	70	29	61	42	19	51	74	38	1	84	4	49	4	65	100	34	100	46	68	60	60	89	88	62	51	7	36	58	86	93	43	87	64	42	95	43	75	9	
60	49	27	90	41	8	28	74	28	39	23	83	57	53	24	-1	24	23	20	91	76	10	62	88	96	28	93	53	80	41	40	74	75	20	33	62	42	37	44	73	97	56	27	16	35	99	52	85	47	39	92	99	71	15	17	40	18	1	38	85	49	13	21	41	77	99	22	78	79	28	30	13	75	84	23	36	2	55	70	21	39	22	56	100	44	55	33	57	74	55	50	15	41	50	26	16	17	52	8	51	
65	51	55	70	24	57	81	3	10	8	36	69	87	95	90	22	-1	35	62	12	76	81	21	81	37	77	52	75	95	100	43	19	24	21	1	57	57	99	30	27	77	4	10	30	49	20	34	68	97	11	29	28	17	35	47	55	73	33	16	41	22	45	84	11	50	91	2	90	74	65	7	11	54	91	37	48	68	10	20	100	89	96	79	79	56	99	21	24	92	76	33	74	1	74	32	12	46	78	39	20	
37	57	33	55	65	65	26	67	56	96	47	92	37	3	92	39	21	-1	49	48	8	90	63	56	11	51	51	86	42	65	75	59	69	17	88	31	46	80	46	12	77	55	67	58	18	47	4	81	70	59	34	71	28	7	77	63	1	45	13	27	57	70	66	70	36	40	77	5	31	69	79	87	24	2	42	2	49	29	94	16	11	72	10	18	30	15	55	64	42	11	72	41	14	20	22	9	100	16	49	36	
64	41	96	76	26	17	58	41	89	64	94	100	85	46	72	90	99	89	-1	28	63	20	61	47	66	31	78	43	39	31	42	72	47	60	40	56	94	29	72	19	50	74	99	11	94	34	22	25	2	84	10	81	90	62	62	99	50	62	81	18	88	40	2	17	10	31	13	8	89	15	26	4	14	72	88	82	88	13	59	13	14	31	26	93	39	15	100	91	79	89	65	59	8	23	99	69	73	61	46	91	
66	94	93	33	64	51	21	62	33	90	75	51	95	90	57	66	97	9	13	-1	68	27	98	38	1	16	92	91	79	29	26	25	2	27	17	71	3	8	79	55	68	10	85	64	35	28	35	59	21	81	87	62	41	74	71	75	41	23	75	52	12	49	74	7	60	71	84	13	14	98	20	86	72	58	34	83	62	73	80	23	12	66	9	59	35	10	22	94	94	66	48	15	71	82	46	20	46	19	15	22	
41	67	38	14	69	81	22	36	40	3	68	10	11	60	51	100	78	41	34	41	-1	69	11	35	60	65	54	20	59	92	93	10	60	69	90	98	71	16	75	47	51	16	33	7	52	82	27	37	72	73	14	51	37	66	88	45	91	14	7	69	58	93	72	49	37	53	55	94	64	20	1	58	72	11	23	5	85	43	32	7	80	64	90	53	38	72	53	100	95	73	57	38	19	30	1	32	50	58	95	55	
66	18	10	20	30	20	82	69	45	77	62	17	48	37	40	16	71	3	89	73	81	-1	42	30	61	15	78	14	71	19	24	53	74	90	69	86	79	46	12	92	73	7	50	70	71	20	81	80	16	98	65	76	85	13	62	36	48	22	2	14	98	80	26	17	77	13	22	38	96	92	98	15	21	49	22	67	89	28	99	39	97	17	47	86	6	39	45	59	33	20	21	22	21	57	53	88	90	22	85	69	
84	24	27	95	15	49	11	29	44	88	61	19	31	65	40	92	54	91	46	25	22	56	-1	16	64	69	61	64	45	68	3	21	47	70	22	59	47	92	60	90	56	82	71	15	42	94	46	17	52	32	93	58	12	50	16	91	55	84	58	59	76	34	14	82	33	29	81	89	35	88	1	26	81	72	2	14	100	90	36	13	29	87	52	85	71	16	54	37	71	24	94	48	50	46	45	86	82	51	22	58	
67	35	62	72	95	67	21	90	36	24	78	50	72	89	61	2	35	22	63	38	21	63	74	-1	45	78	87	29	30	78	79	13	45	96	2	69	75	50	94	28	74	66	98	22	44	99	17	68	25	75	67	35	71	4	59	21	38	52	81	98	45	65	1	14	71	21	19	52	73	95	68	70	10	86	81	18	100	85	3	41	79	47	83	37	100	16	15	45	92	40	76	87	45	84	21	65	95	50	84	9	
58	73	55	85	52	73	78	87	82	99	23	32	28	16	98	3	48	14	86	8	11	23	92	1	-1	6	70	27	66	54	72	59	8	15	88	30	95	86	78	20	52	41	76	9	48	43	56	76	67	28	48	74	59	38	92	77	85	25	20	23	32	56	82	42	59	88	40	88	41	80	65	6	75	54	40	37	82	37	25	45	6	12	1	34	34	25	52	15	49	94	25	25	32	84	60	24	100	8	22	75	
19	3	42	2	18	24	15	99	14	97	55	34	96	59	78	30	89	66	82	87	41	24	69	69	90	-1	27	95	100	45	32	89	46	13	71	66	71	83	8	50	39	44	16	21	33	16	89	85	14	31	58	10	39	47	51	100	3	82	16	50	96	72	39	94	77	54	67	1	76	72	22	24	14	24	62	79	67	84	11	49	18	22	44	4	48	89	5	27	28	35	87	73	71	70	2	12	60	67	55	21	
79	57	73	42	94	25	42	65	97	18	57	99	90	44	2	17	63	57	35	21	90	35	90	84	45	90	-1	49	51	64	92	100	16	75	16	21	38	4	73	72	88	41	75	86	21	26	98	56	72	90	77	20	46	86	80	75	20	10	58	31	11	79	57	46	53	56	59	60	42	49	14	10	7	25	47	11	29	38	4	67	77	75	49	90	63	61	59	66	24	54	68	92	57	74	42	9	9	14	4	95	
46	47	13	17	54	35	30	3	3	91	37	71	49	56	7	69	59	77	16	100	21	29	17	33	44	37	83	-1	76	38	74	69	65	32	36	53	32	46	25	87	59	78	91	59	11	15	43	86	38	50	44	10	17	46	55	37	78	92	1	31	79	10	58	75	96	50	99	8	64	2	46	24	31	22	99	80	40	47	75	61	69	81	21	91	32	47	53	68	74	82	16	27	23	69	23	13	36	39	35	100	
36	62	49	43	30	95	24	69	13	65	56	73	57	91	47	25	34	12	69	45	62	21	84	67	20	38	89	81	-1	94	4	62	6	70	70	52	53	57	54	56	46	63	30	89	38	55	12	84	65	86	14	88	50	70	81	51	27	53	21	77	41	1	8	43	26	34	87	70	97	35	50	69	51	98	18	80	4	70	41	67	87	25	100	27	25	17	59	15	42	50	94	73	94	47	11	94	76	2	16	51	
25	48	59	82	75	61	11	28	90	7	100	52	51	94	94	64	87	15	14	91	98	45	18	27	12	41	2	43	92	-1	87	6	75	87	34	25	2	100	40	43	69	86	22	44	11	68	78	69	81	56	65	34	70	1	12	28	57	3	21	59	34	97	47	48	22	37	91	81	47	56	64	53	3	50	62	14	28	8	5	40	56	51	27	36	66	76	63	36	13	75	83	65	63	68	42	46	4	97	71	91	
20	96	69	61	95	11	67	88	7	21	38	99	99	2	48	63	6	35	23	38	42	75	43	85	6	1	76	52	30	96	-1	87	13	5	59	94	100	75	100	34	1	96	48	85	19	21	67	69	19	30	78	87	35	91	56	7	25	87	80	92	59	10	29	7	65	2	71	92	13	8	19	83	17	32	80	59	14	98	79	53	40	30	20	93	79	42	34	46	76	15	41	74	38	53	30	22	30	59	74	50	
53	23	7	25	61	93	99	84	51	70	6	57	19	46	70	82	92	70	69	78	62	44	4	15	41	100	69	84	49	76	69	-1	69	18	78	71	29	20	44	35	52	63	77	84	57	47	2	17	40	80	55	17	20	100	15	44	47	29	89	83	99	60	97	72	85	86	70	88	18	11	34	74	33	4	27	56	56	77	66	38	27	62	5	9	7	37	49	26	41	41	94	84	64	61	55	55	77	81	92	74	
45	40	89	54	38	37	56	99	46	83	95	100	7	63	64	10	67	13	48	62	46	97	17	84	70	12	24	10	97	33	67	76	-1	82	81	23	99	49	67	68	94	12	12	23	18	86	21	4	56	22	97	66	56	81	58	96	62	27	36	33	44	75	56	18	52	92	33	26	23	58	80	67	22	94	61	35	95	79	91	34	51	78	52	2	27	75	67	34	39	3	81	59	23	8	5	3	88	64	57	44	
21	99	6	53	38	91	64	32	24	40	98	24	39	3	2	75	16	95	40	30	4	95	91	24	97	39	49	77	81	9	8	100	12	-1	5	21	95	33	92	12	28	13	98	16	79	96	22	36	83	20	86	78	86	79	19	7	38	3	50	99	60	91	32	70	34	33	95	44	91	98	77	57	25	26	20	32	4	69	15	65	9	17	32	20	33	60	82	96	23	28	29	47	4	86	56	56	2	8	86	71	
74	98	81	48	2	79	82	6	33	79	21	1	81	7	52	86	3	45	85	86	17	86	41	94	29	33	2	5	75	13	73	78	41	29	-1	64	27	54	7	38	15	36	10	68	80	47	12	82	76	92	68	15	33	43	35	22	54	19	74	9	17	75	79	90	22	22	63	79	1	63	67	42	10	11	90	78	3	35	38	92	67	32	99	21	26	100	28	83	54	90	83	42	24	38	23	13	65	11	4	2	
67	52	35	58	23	92	74	92	61	21	11	59	10	47	80	70	41	10	97	76	27	58	5	25	83	82	82	59	54	39	27	32	19	1	7	-1	27	63	77	32	49	11	33	45	74	42	2	51	27	88	72	34	27	23	3	56	69	45	8	41	16	74	61	45	90	12	34	63	28	16	64	58	35	67	11	37	27	69	87	62	44	69	38	78	1	1	73	87	47	95	64	47	83	59	7	38	91	99	27	38	
15	49	48	25	2	12	15	74	86	17	27	28	60	47	72	27	41	33	81	52	50	3	18	63	65	88	68	58	8	55	100	21	45	35	25	73	-1	91	47	50	30	60	86	15	68	44	51	90	59	25	100	69	77	99	75	83	100	5	50	64	61	100	88	29	89	56	32	55	41	62	42	70	95	65	18	37	7	51	31	20	43	9	29	83	55	1	11	89	63	24	80	55	34	20	98	34	31	56	39	98	
47	6	60	17	14	56	7	19	1	98	73	11	35	22	60	97	18	89	1	82	8	14	54	93	43	80	82	51	66	61	33	46	69	32	89	73	87	-1	98	85	79	13	88	17	21	6	100	42	21	65	23	3	88	7	42	32	98	46	11	31	1	93	57	37	23	28	43	18	76	98	26	98	71	77	18	69	95	86	86	70	94	34	46	97	85	24	84	15	58	48	38	97	50	31	47	51	53	44	32	58	
76	50	53	72	82	27	40	64	94	21	97	16	55	31	98	61	100	38	53	82	26	49	76	61	83	89	65	87	93	77	14	17	75	37	30	42	28	100	-1	97	27	56	44	92	1	78	33	40	69	72	51	73	94	48	24	30	98	1	59	56	70	61	54	66	99	88	33	18	21	24	40	57	48	43	75	36	83	66	20	60	20	27	17	39	49	77	82	63	76	51	89	39	99	78	40	52	69	47	39	17	
36	24	23	45	77	89	22	68	73	87	8	1	43	36	9	88	33	94	36	96	96	28	11	74	22	65	36	91	87	64	3	98	55	39	97	77	29	88	8	-1	1	88	45	16	28	61	55	54	100	70	13	36	5	49	50	76	63	32	4	80	31	3	3	60	10	94	17	45	24	73	7	15	23	26	72	66	1	58	20	34	21	62	80	66	93	23	8	93	44	28	81	12	42	71	76	72	76	14	70	56	
19	83	34	41	93	62	4	84	67	82	51	47	82	95	42	16	17	35	13	18	65	58	11	10	17	30	43	77	25	18	79	86	46	18	36	39	16	81	37	99	-1	66	74	16	14	13	93	42	45	60	60	95	99	83	51	41	52	75	56	80	8	92	55	50	63	84	71	67	12	31	49	71	43	28	1	67	39	55	62	90	12	95	6	93	100	93	74	21	23	22	46	79	45	54	20	96	83	1	61	58	
22	23	8	3	83	38	64	37	50	87	84	29	18	53	37	99	40	1	43	62	43	26	63	48	60	30	85	89	77	90	36	25	11	15	46	59	57	10	86	72	59	-1	98	22	99	31	55	18	21	88	12	86	76	68	76	96	12	72	78	66	74	19	35	4	100	12	4	29	69	75	76	87	73	29	83	81	8	86	80	36	80	73	16	72	75	90	52	95	5	58	95	92	53	11	75	70	96	9	30	67	
59	78	32	15	85	49	11	12	96	61	29	44	14	36	69	52	67	72	57	74	53	14	23	70	68	30	43	65	75	6	4	16	91	82	89	15	70	55	93	11	31	30	-1	30	52	76	8	3	55	28	48	88	41	22	20	74	52	53	55	59	18	82	95	10	74	19	39	91	58	6	39	78	50	21	42	98	38	70	76	92	84	98	16	28	94	34	80	35	99	82	68	33	47	45	51	46	55	69	32	67	
8	19	81	58	50	66	13	42	2	81	39	83	91	53	85	22	67	55	46	35	85	54	55	40	38	5	72	41	15	64	54	73	61	55	8	64	74	34	31	93	74	75	58	-1	30	4	29	94	69	52	3	25	42	33	73	69	2	67	88	76	74	20	91	97	20	6	1	41	69	62	62	52	40	80	2	41	94	32	99	57	94	31	77	14	67	36	2	70	40	8	68	32	23	84	40	93	77	27	33	16	
52	67	12	67	30	8	92	52	46	90	65	20	77	22	57	25	90	4	43	18	25	27	68	95	80	30	94	38	71	34	38	57	66	56	53	41	64	36	95	39	26	10	65	100	-1	57	100	43	26	4	24	59	13	26	20	59	43	74	95	41	4	87	37	58	8	6	2	14	6	6	10	74	73	20	33	65	21	62	70	11	37	73	61	82	18	30	77	95	38	77	58	97	62	32	67	44	33	41	59	57	
98	71	34	4	43	18	78	99	71	14	63	93	97	68	58	40	6	86	84	47	29	96	11	78	21	71	57	32	79	11	61	80	20	35	38	83	25	84	9	33	78	23	7	29	67	-1	2	3	62	85	61	88	67	52	19	90	1	93	60	61	42	19	67	83	10	18	32	52	54	47	91	35	33	5	89	22	15	59	62	60	74	31	20	62	54	95	40	44	80	94	10	70	75	41	97	82	39	34	83	63	
41	25	50	43	62	85	37	61	91	73	41	10	69	24	79	9	26	1	88	32	60	7	62	93	13	53	35	89	26	85	71	56	84	26	51	97	84	90	82	99	49	61	39	72	7	47	-1	81	61	51	64	6	58	21	90	7	8	53	86	82	16	29	87	66	41	43	71	83	9	59	24	33	76	30	62	99	14	77	86	26	42	39	98	8	39	44	29	98	18	80	22	85	20	7	28	28	93	54	5	84	
100	14	63	86	29	20	2	69	49	69	63	40	41	23	4	14	34	67	57	10	55	20	63	98	67	80	67	46	45	73	85	30	1	11	54	60	17	25	59	7	64	73	39	33	5	47	6	-1	53	47	4	34	76	12	55	62	77	72	72	30	28	27	5	94	1	93	42	78	68	100	63	30	6	63	75	73	13	47	7	7	97	99	61	64	88	44	43	63	91	88	67	15	73	30	32	99	87	63	29	23	
45	95	40	2	41	59	29	35	41	1	48	5	53	81	12	46	57	99	98	25	16	21	86	87	74	6	59	19	19	11	29	41	84	49	38	45	85	75	54	23	36	37	60	78	6	33	96	25	-1	55	22	74	66	99	14	47	85	78	68	3	63	35	49	66	92	68	70	91	17	29	47	66	42	11	15	53	59	15	8	85	42	12	20	17	16	60	27	67	15	58	59	62	23	80	2	29	71	38	63	82	
95	63	88	16	36	30	89	17	4	77	1	51	42	13	25	82	32	33	97	31	19	9	15	18	79	5	5	100	76	26	23	75	43	51	24	22	49	20	45	58	17	99	52	61	44	69	65	9	86	-1	52	71	17	78	52	69	2	99	70	2	68	73	51	78	50	13	38	94	63	93	30	95	98	57	26	13	85	99	46	65	18	74	29	73	42	72	31	12	93	66	77	54	18	67	30	80	38	41	36	75	
87	87	31	45	75	38	82	49	59	62	68	44	81	7	81	44	19	57	81	64	21	21	31	96	32	66	62	14	49	14	100	65	38	52	20	65	76	26	90	67	13	26	52	47	18	19	99	63	27	85	-1	58	78	29	56	47	40	28	13	76	55	47	13	27	31	97	44	84	18	1	6	23	56	48	87	70	81	29	96	53	58	41	83	48	60	45	83	15	15	21	90	23	76	70	99	53	57	6	23	36	
61	2	49	52	10	60	9	85	82	66	79	80	34	7	13	56	53	9	2	31	88	55	11	44	44	47	53	20	72	74	21	44	13	79	49	98	76	13	28	81	14	61	91	94	74	100	5	13	54	13	96	-1	96	43	45	97	6	51	50	46	47	47	45	1	99	22	48	48	80	71	4	15	8	38	31	14	51	6	60	27	73	93	65	70	90	72	37	4	98	89	4	1	60	99	92	36	18	32	5	48	
67	97	27	43	95	5	38	46	46	2	63	85	80	93	85	17	96	48	74	59	100	75	79	25	56	54	53	31	76	12	66	63	27	29	8	24	5	31	63	5	80	47	45	54	39	71	13	78	7	86	32	24	-1	15	88	64	79	74	90	2	59	2	93	59	65	39	23	5	6	20	93	3	29	97	4	14	41	74	73	1	88	54	15	87	29	8	68	96	15	62	23	9	3	19	72	96	12	91	80	80	
73	12	62	100	11	48	46	38	63	36	41	54	62	10	6	47	47	26	52	94	97	42	47	12	10	72	99	38	82	9	10	87	44	46	2	84	26	57	92	21	68	33	11	54	71	91	43	85	46	50	35	57	16	-1	40	72	78	63	65	60	91	5	58	72	84	77	78	78	94	76	22	70	63	12	31	77	2	4	16	54	39	70	43	9	39	78	92	49	75	87	57	67	17	63	17	63	58	98	51	9	
90	43	48	56	1	82	16	1	83	73	13	48	14	30	66	27	3	77	7	11	70	38	32	90	54	93	63	33	97	36	2	79	43	64	49	71	65	40	68	35	28	6	52	76	15	39	31	71	97	94	69	97	29	12	-1	100	31	60	18	91	69	53	90	58	1	79	63	45	78	88	48	92	93	48	55	74	66	8	17	9	84	52	96	1	95	51	4	22	86	6	84	59	76	78	98	36	81	69	52	32	
53	67	71	15	53	77	19	66	95	99	84	65	35	50	5	99	37	32	52	93	45	79	49	39	33	92	98	44	22	65	58	41	17	1	45	55	50	90	91	49	14	82	64	18	90	82	92	73	32	100	90	22	58	17	30	-1	77	32	75	99	13	85	39	66	16	1	81	9	53	53	50	11	90	87	63	17	77	44	28	16	64	35	52	27	16	8	71	31	22	9	11	13	31	96	7	13	6	49	37	5	
75	53	99	75	59	91	69	6	45	18	13	26	95	79	14	71	1	100	9	40	37	13	80	56	15	6	37	20	35	18	96	79	13	74	64	99	68	45	31	32	79	62	79	86	92	75	79	38	29	73	79	64	51	35	63	44	-1	65	95	14	98	34	39	17	44	10	65	85	50	74	81	15	31	62	86	83	15	87	43	71	75	10	55	17	33	39	15	6	100	44	76	68	42	40	56	90	20	75	72	86	
17	1	76	12	11	35	66	33	55	57	51	51	3	9	6	67	61	83	34	18	81	69	48	80	67	64	93	6	59	68	2	72	9	84	52	86	12	26	32	18	60	86	44	37	78	84	15	29	49	35	51	12	15	15	12	47	42	-1	27	51	89	20	40	20	65	83	100	8	29	13	90	18	40	11	93	13	55	60	83	61	47	85	60	74	94	66	51	26	15	55	89	9	91	64	35	92	34	58	96	21	
65	100	4	44	21	8	43	26	24	9	10	25	50	8	94	52	10	2	65	12	78	82	49	56	100	87	55	73	99	33	29	81	54	55	39	64	95	99	7	28	31	93	96	73	80	16	12	80	63	58	4	53	79	83	47	62	37	57	-1	53	83	29	27	31	87	84	66	20	24	48	91	30	9	94	11	57	75	98	51	99	30	28	76	41	62	45	73	100	74	84	10	16	3	74	49	37	87	12	27	31	
32	47	74	63	76	100	36	6	59	13	50	46	87	43	98	71	74	82	54	64	49	94	86	13	40	32	23	59	70	92	33	11	58	40	26	67	70	29	76	11	11	47	65	18	14	11	5	11	57	49	12	34	57	16	28	7	66	53	65	-1	19	3	9	47	92	68	26	76	74	21	32	75	27	53	74	36	22	51	36	44	40	76	18	20	15	45	64	49	52	78	35	7	38	34	52	70	63	85	19	44	
23	64	23	48	39	61	49	22	3	18	86	5	59	18	45	73	14	5	88	65	92	35	89	68	55	20	3	6	36	66	14	29	99	80	17	13	18	41	75	37	49	44	29	6	23	35	98	85	88	78	98	60	28	25	78	53	7	32	48	31	-1	82	26	23	93	53	64	59	56	61	63	6	11	55	4	97	9	17	39	97	54	25	75	76	26	52	64	80	90	77	82	2	20	26	73	74	42	50	84	27	
2	55	90	45	97	22	19	90	39	45	7	78	1	92	92	64	18	47	29	54	55	19	63	12	55	55	47	44	41	25	92	98	43	45	15	8	34	25	52	41	99	70	74	93	66	30	33	72	1	86	28	8	16	97	78	60	18	42	49	55	38	-1	55	49	48	42	35	21	63	16	81	15	76	56	13	37	6	73	86	83	11	3	32	23	2	56	48	11	25	62	87	6	84	69	59	58	54	1	80	24	
58	85	81	92	92	45	17	54	33	2	13	34	53	96	42	12	8	80	48	87	19	43	45	6	19	89	94	71	54	54	33	32	25	7	54	52	18	44	19	79	7	52	74	60	74	48	92	18	82	81	16	76	86	88	64	70	69	75	60	17	89	42	-1	65	18	76	32	8	70	80	95	42	28	38	8	6	79	78	34	17	25	96	100	9	97	2	59	49	9	84	55	28	67	64	73	9	77	76	64	18	
2	72	46	71	43	24	42	84	18	69	32	45	46	3	4	94	43	43	22	60	95	70	9	47	41	18	27	20	6	67	97	72	49	16	15	46	62	7	78	25	54	87	88	93	56	37	44	76	20	17	46	16	33	77	41	36	36	86	83	43	23	10	5	-1	64	22	6	89	30	53	17	96	21	1	32	87	1	56	19	55	71	79	96	35	94	18	43	71	56	23	70	31	13	14	50	86	27	9	29	23	
11	6	61	91	3	93	8	80	68	76	82	62	98	80	21	65	94	74	15	6	78	90	5	89	59	23	9	90	36	78	41	78	2	15	30	16	76	38	80	93	83	42	8	9	53	100	26	47	71	90	61	75	75	34	59	82	65	20	29	22	72	78	61	18	-1	39	27	66	75	55	18	82	84	26	74	31	24	38	54	52	63	9	13	28	90	67	97	27	6	70	75	32	1	26	65	11	75	81	55	24	
24	25	3	80	51	64	86	62	23	62	6	100	63	45	83	46	19	41	66	79	56	43	83	92	73	28	5	74	16	13	6	76	75	13	33	36	24	61	56	64	77	76	65	36	68	43	8	30	50	30	70	42	70	3	1	28	100	78	48	70	50	75	48	42	56	-1	56	26	16	71	66	87	19	75	69	50	30	1	54	85	72	54	73	23	81	50	67	80	75	31	26	17	48	86	66	9	90	50	62	52	
46	2	23	12	18	25	76	57	12	92	23	73	84	92	47	76	54	69	3	100	55	2	85	16	22	66	74	50	8	62	78	19	88	55	63	90	73	91	99	31	16	35	85	97	26	44	39	97	90	71	38	38	35	1	17	62	73	74	49	54	96	48	64	49	69	12	-1	11	45	8	53	50	23	73	100	97	72	75	42	78	95	49	35	60	93	63	35	22	10	17	96	56	70	3	16	50	40	49	83	78	
93	31	78	86	65	43	53	43	42	17	6	64	61	56	79	10	97	39	70	40	69	31	50	25	73	27	61	5	7	15	57	37	47	98	91	99	70	22	34	62	79	29	39	36	28	1	89	88	10	43	16	50	17	93	98	44	99	17	1	76	3	29	85	84	78	17	33	-1	56	89	6	21	82	88	32	71	46	38	41	54	85	53	75	10	8	16	80	98	85	48	70	2	49	63	78	61	70	55	40	61	
34	90	19	93	60	60	96	76	15	53	97	66	14	41	12	72	11	74	69	47	47	45	96	21	16	99	50	11	3	41	39	94	80	49	53	65	8	55	11	55	75	37	92	21	14	82	48	9	59	37	35	80	22	45	25	66	46	35	66	64	20	92	35	63	19	91	68	22	-1	25	58	75	23	61	36	9	50	14	17	60	51	31	35	49	35	23	64	31	64	11	8	44	56	77	96	58	23	47	83	20	
20	72	16	42	22	86	44	38	91	34	45	77	8	76	7	53	18	90	46	76	97	94	29	69	23	89	98	29	79	35	1	29	82	1	69	11	74	2	28	94	46	49	59	37	49	53	6	18	70	50	32	35	31	83	23	93	36	61	73	13	95	27	38	52	6	83	22	65	24	-1	100	69	93	24	95	49	66	26	27	59	80	7	88	54	96	55	76	60	33	9	57	93	25	47	45	61	7	54	82	37	
2	68	48	58	19	69	98	33	70	47	37	74	11	45	83	6	98	9	42	54	35	84	95	55	28	3	78	51	16	95	23	45	37	58	87	67	19	96	3	90	71	3	64	4	79	67	100	14	31	21	92	33	81	78	22	18	36	82	97	30	61	65	18	27	98	30	97	8	76	91	-1	85	93	72	76	60	43	16	99	98	29	66	2	44	31	17	11	36	70	12	89	71	36	60	8	34	69	29	39	33	
78	99	4	73	9	93	28	20	38	58	31	26	96	87	54	90	66	57	38	98	27	31	52	19	16	95	64	68	14	26	99	24	12	1	60	90	70	37	80	81	70	1	92	56	89	99	63	63	30	43	17	23	34	55	47	95	95	16	48	3	35	65	36	41	27	58	55	78	1	54	3	-1	82	41	13	14	83	47	48	34	71	29	53	10	52	62	27	42	95	12	70	77	80	62	71	66	93	49	82	48	
5	53	11	91	8	26	55	32	96	63	71	27	25	45	62	50	80	44	35	52	88	79	1	3	67	93	50	59	32	53	14	77	1	74	24	54	82	77	89	84	38	99	16	53	82	41	78	69	96	43	87	18	86	93	88	18	51	84	27	6	49	52	60	40	43	40	57	90	69	63	76	76	-1	78	74	80	13	69	22	41	7	79	47	8	65	40	89	77	46	80	50	75	78	76	12	93	14	9	56	59	
17	73	59	13	89	75	4	41	92	55	71	91	3	30	8	64	34	75	51	43	82	92	39	44	40	87	36	54	71	63	85	88	39	73	21	54	35	10	30	65	28	20	52	32	2	77	39	80	92	22	39	63	59	80	23	76	40	59	44	46	59	93	55	25	14	21	82	29	97	59	59	26	78	-1	43	5	68	85	35	47	56	22	22	94	75	81	99	6	53	46	83	64	4	93	10	55	30	52	46	21	
25	65	85	23	22	21	16	15	67	34	81	36	45	95	23	99	88	52	22	17	45	45	85	73	98	91	18	100	80	51	80	26	65	93	8	15	23	55	40	13	34	37	10	67	13	100	12	83	6	12	84	16	67	79	1	55	63	7	10	34	65	93	99	34	7	74	10	26	59	30	19	71	67	84	-1	79	67	78	81	49	52	1	9	43	53	86	74	40	40	99	34	70	66	59	83	49	87	2	40	56	
72	1	51	100	46	99	1	67	56	34	70	72	92	10	22	79	78	16	79	17	38	38	99	73	59	53	8	89	48	70	23	77	97	73	42	68	65	95	49	79	15	67	47	54	99	35	68	97	34	56	93	94	68	44	68	52	45	50	46	13	46	63	58	87	10	11	79	19	40	21	64	75	87	4	47	-1	82	79	46	3	61	90	50	38	96	95	81	39	62	81	40	27	93	67	33	51	94	78	71	93	
20	24	39	46	38	8	24	63	45	22	73	51	90	13	62	85	33	30	13	18	16	50	58	32	75	66	28	44	99	98	21	65	47	16	43	67	45	47	21	35	42	56	18	3	61	95	32	29	81	25	100	11	85	100	88	97	40	80	32	50	22	93	13	36	49	92	63	2	95	63	38	59	43	23	12	93	-1	41	60	24	15	96	48	2	94	98	72	33	78	50	91	25	17	10	83	83	24	50	41	58	
32	77	44	67	51	96	77	51	19	23	57	11	75	69	8	47	17	39	68	43	82	37	57	88	96	67	48	11	5	13	30	20	69	6	74	84	78	54	85	66	50	23	29	51	64	100	96	60	59	51	55	49	39	41	86	31	9	55	33	66	45	11	3	72	65	51	98	45	61	77	56	19	94	80	53	49	52	-1	34	12	63	75	99	54	68	95	77	88	36	46	55	5	58	90	19	49	8	76	43	23	
54	77	100	77	37	26	22	91	62	65	51	33	14	54	42	91	26	87	33	29	9	36	14	96	21	77	94	2	15	58	67	18	67	51	64	80	12	92	7	77	28	16	74	50	35	56	93	77	72	67	70	45	28	43	30	67	97	26	59	77	49	38	99	9	89	66	52	13	4	74	44	67	33	69	68	63	12	9	-1	23	56	34	10	92	18	67	66	91	73	16	81	83	27	95	81	6	23	70	89	21	
29	37	25	36	11	79	8	68	53	67	76	97	69	21	10	42	78	68	11	46	62	20	34	6	90	7	19	45	77	47	71	35	95	68	33	9	91	84	72	87	11	50	30	66	79	27	81	5	65	70	16	35	79	71	100	11	45	2	24	31	53	69	57	29	92	51	90	79	14	82	19	8	5	48	40	7	82	26	56	-1	4	29	8	58	49	95	40	81	51	84	32	67	37	26	2	3	83	74	75	23	
87	85	23	91	28	16	9	48	88	35	8	87	4	100	24	17	45	46	86	31	25	76	14	94	58	64	96	57	51	79	61	98	64	67	70	21	43	2	17	30	32	21	47	50	12	17	53	9	62	93	15	55	2	68	62	15	83	68	14	19	90	51	59	81	68	52	71	25	28	2	52	4	24	84	65	68	9	69	95	54	-1	5	58	14	16	93	88	90	47	20	28	35	8	35	48	23	45	40	97	22	
6	31	29	94	84	67	1	32	23	47	83	86	7	62	28	55	60	83	5	44	42	72	35	89	29	91	8	35	61	54	80	35	22	74	9	91	59	94	3	35	45	53	35	26	93	16	48	90	85	64	2	70	55	63	2	19	10	9	43	45	43	2	16	70	15	87	81	51	54	57	90	10	55	32	45	80	8	39	92	55	12	-1	67	71	47	80	43	75	85	27	43	79	68	69	68	6	3	14	70	93	
22	58	67	51	73	56	23	78	78	52	60	31	67	49	69	53	82	75	85	57	63	80	89	54	83	57	94	52	94	71	68	74	44	6	92	40	24	42	43	9	17	56	35	93	24	52	81	95	53	9	88	17	45	20	84	83	72	25	47	49	84	86	100	95	94	60	93	72	47	23	51	26	93	62	39	7	43	37	23	93	35	14	-1	70	50	35	52	72	91	46	29	81	85	59	14	23	41	10	94	54	
88	6	33	8	62	3	8	9	56	88	31	29	19	32	61	11	44	25	69	36	85	49	63	45	13	96	32	37	38	2	10	78	58	13	86	22	28	69	7	36	25	40	91	97	58	20	60	12	51	51	80	37	13	57	57	42	44	80	36	13	28	72	53	66	49	64	22	4	44	89	39	37	88	25	85	3	5	35	85	69	84	1	16	-1	38	3	78	9	32	18	81	6	100	95	26	34	5	53	39	31	
38	11	50	88	52	19	57	41	100	69	13	53	97	50	44	96	16	28	20	53	5	72	53	10	49	69	66	35	8	59	99	91	53	8	11	73	76	13	63	35	12	33	26	12	37	85	30	87	47	71	91	30	67	1	95	4	57	56	62	42	79	50	50	32	17	91	62	19	34	3	82	66	70	93	75	82	20	86	96	82	22	29	64	79	-1	50	65	58	27	59	11	49	76	41	70	86	4	69	93	90	
86	37	8	8	83	79	93	26	55	35	12	55	25	33	72	73	82	15	17	76	8	64	63	59	29	14	92	45	76	26	61	51	70	86	44	16	58	86	50	12	22	29	83	42	44	17	22	23	49	74	4	96	95	56	87	24	61	8	83	53	39	44	19	29	71	8	60	58	15	12	31	34	12	39	80	100	23	18	75	19	1	34	34	82	52	-1	90	3	44	4	84	39	81	3	18	35	44	57	56	27	
42	98	48	76	86	93	25	78	95	97	51	69	59	58	55	47	46	3	67	43	47	25	69	17	16	62	52	58	12	67	1	13	20	3	67	42	34	33	70	49	6	55	9	94	13	76	27	40	84	51	22	84	97	61	73	68	60	65	91	11	85	10	44	14	64	45	41	24	4	4	86	94	24	41	88	46	44	51	23	8	72	57	4	13	90	20	-1	68	72	68	84	87	99	43	66	73	23	22	97	53	
2	94	13	3	72	63	83	27	99	19	78	82	40	70	69	96	31	50	78	15	6	4	71	99	100	2	83	35	23	98	79	59	29	27	41	78	3	46	29	38	75	68	90	26	50	22	51	95	12	73	15	65	68	88	70	60	44	42	45	67	99	40	35	92	39	31	68	26	7	81	14	10	5	54	59	3	85	49	91	33	15	16	14	64	92	16	8	-1	10	67	8	7	28	21	49	60	56	11	62	46	
85	61	92	59	35	34	37	89	22	50	93	24	85	37	69	29	41	38	72	66	64	84	78	94	39	31	3	36	63	98	11	63	47	72	52	9	48	49	81	92	79	47	75	80	67	60	90	14	55	25	84	80	74	55	62	66	7	25	99	33	63	38	68	42	1	41	47	53	58	14	10	43	61	3	100	1	36	71	65	30	19	69	64	70	5	20	70	87	-1	33	61	18	72	51	74	89	45	55	62	82	
42	80	77	84	95	81	78	54	52	88	6	52	4	40	78	77	44	93	64	76	93	73	97	86	93	61	31	24	2	76	29	41	43	71	59	27	32	38	89	7	52	94	77	1	70	12	93	29	61	13	77	54	51	74	81	13	59	33	75	94	46	88	94	29	75	95	59	95	42	61	83	10	7	31	77	66	94	55	45	49	70	18	70	78	71	8	55	26	52	-1	85	56	51	80	9	35	60	79	55	58	
76	17	65	68	62	39	19	6	30	17	46	30	78	3	63	24	51	95	36	29	32	70	34	98	79	78	73	62	36	15	95	78	95	84	59	48	13	93	17	46	45	79	53	69	38	48	49	5	45	68	46	34	89	2	15	36	95	50	80	79	3	63	4	89	34	77	39	20	62	33	57	55	59	92	99	81	71	77	47	84	96	73	14	99	68	56	61	86	45	10	-1	47	16	59	23	6	3	15	62	28	
11	89	43	80	36	20	36	1	10	32	49	38	82	72	64	38	15	93	92	19	72	79	3	53	67	19	46	68	10	56	76	38	74	22	59	2	6	40	62	98	65	56	78	10	94	41	63	13	98	32	21	71	99	43	52	67	20	74	73	99	80	39	27	7	92	73	72	10	55	35	91	87	45	33	62	54	96	3	63	17	96	5	81	77	50	15	44	13	21	6	96	-1	79	97	14	58	60	41	38	92	
1	90	13	79	87	82	62	54	43	40	90	24	58	50	48	86	70	49	6	70	6	84	74	27	63	15	31	19	16	93	25	13	42	92	54	54	11	100	63	57	48	27	34	46	34	95	45	13	90	4	59	96	55	80	18	30	79	40	69	88	17	17	26	51	46	23	66	80	27	84	100	33	22	64	64	97	94	96	97	18	84	64	84	48	55	10	30	92	100	87	8	22	-1	27	4	82	80	97	54	26	
20	26	17	25	92	20	39	74	80	52	43	82	16	41	56	56	31	95	1	50	83	70	17	92	9	3	79	83	51	18	69	72	48	61	8	66	32	75	17	61	4	44	27	1	73	20	21	47	80	19	9	2	61	4	33	33	76	93	92	34	39	9	97	78	66	3	92	39	71	22	77	86	81	94	93	67	71	94	74	97	5	30	54	22	39	63	19	7	85	100	57	56	9	-1	44	45	50	18	17	69	
72	45	43	39	39	91	85	19	74	83	3	47	10	16	88	81	99	44	10	35	90	2	53	46	19	73	68	29	58	18	58	99	10	48	55	72	46	50	89	8	100	69	66	44	58	26	43	29	99	98	22	54	22	28	3	29	77	35	36	14	72	13	39	3	47	54	20	51	98	13	39	60	7	72	39	86	41	19	36	70	75	67	43	27	75	3	27	68	29	14	41	39	62	54	-1	95	32	25	29	38	
68	51	70	23	3	69	58	55	68	64	83	98	33	64	44	28	83	25	67	24	90	26	20	22	24	95	30	88	62	2	23	16	92	24	47	84	26	45	9	54	67	93	5	18	77	76	73	5	61	41	99	19	80	34	79	85	33	71	33	99	34	88	37	71	98	75	41	27	81	75	30	79	33	25	15	43	86	49	14	11	13	25	80	28	53	68	4	46	75	22	91	6	47	1	62	-1	91	46	55	83	
11	10	47	45	19	32	29	39	75	13	26	87	54	35	14	63	86	85	24	31	98	70	12	100	73	65	51	8	39	72	16	79	53	55	100	98	2	8	67	10	42	97	38	91	85	36	45	66	58	13	50	11	73	16	41	95	55	77	89	37	19	21	42	31	28	51	56	84	94	11	37	100	29	10	63	51	61	35	49	81	63	35	38	86	6	55	1	81	1	2	86	66	76	20	49	16	-1	1	27	51	
56	74	43	65	44	12	85	64	75	14	96	25	34	78	14	36	14	78	10	24	30	47	52	28	95	94	6	21	14	28	73	35	15	88	48	81	20	54	48	49	59	83	59	39	23	38	3	100	76	9	45	34	54	88	3	14	48	100	58	39	73	88	44	9	83	93	12	12	38	16	90	10	19	44	49	22	81	68	52	74	72	57	73	59	65	40	24	96	33	27	36	81	9	86	53	57	36	-1	88	69	
82	47	41	92	23	54	22	62	69	12	83	40	14	85	93	81	24	46	16	46	38	77	47	44	92	45	81	74	43	72	10	30	83	99	2	68	76	22	41	72	10	88	24	39	29	57	23	70	19	50	80	62	56	29	42	99	21	6	26	78	84	5	70	52	39	14	27	89	9	61	36	5	72	85	19	18	37	78	96	18	34	33	23	59	46	57	67	28	74	52	96	65	74	36	89	2	70	15	-1	3	
24	10	68	16	92	47	14	91	4	80	61	35	15	91	87	94	17	21	81	16	35	29	47	24	60	27	22	58	24	68	31	70	35	83	22	96	10	27	61	17	89	76	70	5	64	44	76	28	48	75	77	94	5	60	59	34	50	1	36	46	78	17	26	65	48	81	93	1	81	5	8	32	58	27	57	41	42	79	64	90	57	85	4	76	65	41	91	5	87	10	41	61	97	37	100	76	47	38	31	-1	
