100
-1	62	8	44	3	37	89	16	50	12	79	1	67	37	16	64	95	74	51	52	19	85	8	68	2	89	61	20	27	19	69	66	75	64	9	6	80	42	88	19	31	29	3	47	96	9	52	80	24	33	73	69	71	85	69	37	90	60	84	46	15	75	52	97	8	58	63	99	65	92	25	31	21	8	41	19	66	47	60	12	63	11	45	26	55	18	21	23	80	84	61	10	93	21	52	47	28	71	10	25	
78	-1	46	13	32	36	60	79	53	70	43	29	87	62	97	55	11	19	28	47	21	2	18	42	52	93	86	44	72	82	19	87	67	63	69	47	39	59	58	65	97	47	62	93	97	63	6	53	36	98	2	15	65	93	13	70	33	67	37	52	33	56	83	93	57	79	68	95	94	48	61	74	84	63	40	31	33	55	75	49	21	82	32	33	46	61	74	53	23	54	48	76	52	32	59	85	76	75	92	42	
43	57	-1	90	10	28	64	25	96	85	57	68	18	6	45	24	58	92	46	65	60	79	47	36	61	86	35	6	18	86	87	97	47	96	15	16	37	58	20	31	58	76	95	100	28	47	80	15	89	31	63	5	50	6	90	55	30	92	57	37	72	68	67	74	82	63	54	76	16	87	53	57	28	62	27	15	40	81	34	24	3	55	93	75	15	22	83	37	51	89	26	23	59	50	59	63	32	18	74	26	
34	77	3	-1	33	31	28	18	82	81	58	77	73	55	20	88	42	76	65	42	53	36	64	9	29	84	9	86	5	56	35	78	45	7	70	32	67	33	60	4	25	100	47	95	58	13	51	36	67	76	18	7	80	78	35	40	7	46	3	97	52	62	21	71	5	80	93	23	9	85	11	85	91	79	1	61	84	89	2	65	97	91	48	33	70	13	89	25	32	5	41	60	63	67	11	34	36	91	86	7	
80	40	97	68	-1	53	60	50	35	63	8	62	66	9	26	37	33	82	19	74	37	73	86	16	59	67	34	47	76	55	43	40	41	11	72	3	31	7	47	44	65	14	69	84	73	67	44	52	3	16	22	6	55	53	4	31	70	40	3	96	16	9	93	61	97	3	60	75	52	72	2	45	15	30	20	54	52	26	5	37	95	13	93	64	61	56	39	41	84	25	94	26	5	28	3	4	35	3	28	63	
48	92	55	35	72	-1	42	86	90	8	31	61	24	77	21	81	35	37	56	32	20	47	78	4	73	98	4	88	73	2	61	17	77	71	36	57	9	9	95	2	74	81	85	97	57	8	95	77	92	5	79	49	51	25	60	72	69	88	54	97	20	99	1	74	31	8	64	93	43	18	100	48	92	14	17	88	96	29	64	53	48	55	49	57	6	3	39	55	14	71	82	1	81	47	92	59	4	53	55	38	
65	11	14	85	90	57	-1	42	75	85	4	63	25	15	80	75	45	33	21	90	16	5	79	19	4	41	47	6	76	35	100	86	32	83	88	1	48	82	56	5	88	16	81	5	54	1	43	61	31	100	70	98	63	4	12	17	70	30	30	22	78	38	82	84	75	21	64	28	53	15	68	69	58	30	32	6	79	15	78	30	66	55	28	51	52	8	41	22	24	33	39	65	57	52	99	6	96	87	81	7	
61	1	13	91	38	81	76	-1	57	16	31	55	34	23	30	61	79	48	46	43	68	21	78	73	26	87	49	23	64	18	69	93	92	42	16	50	19	82	10	59	90	94	23	11	47	40	73	18	25	62	76	94	47	41	82	85	10	50	5	25	57	58	39	81	68	79	4	45	56	1	38	71	47	20	61	58	98	16	44	71	63	82	60	42	76	29	71	47	61	45	88	54	81	63	17	40	42	1	73	60	
31	35	67	97	5	10	51	40	-1	10	44	23	43	82	41	52	3	26	88	91	15	94	8	70	87	53	5	40	24	48	78	99	32	27	21	19	4	87	97	95	72	29	46	3	48	73	86	14	64	98	18	1	37	33	96	87	41	13	56	90	67	34	97	86	1	57	54	25	82	86	20	95	7	55	5	26	80	5	37	33	51	80	80	76	40	11	36	8	39	92	77	36	26	57	50	43	39	52	94	4	
69	5	31	54	66	53	97	86	56	-1	85	30	29	22	47	97	10	78	68	69	31	68	79	95	95	13	77	46	4	25	37	25	54	94	54	27	4	7	3	31	53	80	62	78	26	6	72	17	74	21	47	49	25	55	22	62	97	24	61	4	42	8	92	32	58	37	81	50	45	90	48	6	21	7	59	4	7	2	78	20	60	26	5	74	55	29	55	95	24	75	22	84	58	72	24	54	12	66	11	23	
73	49	21	50	24	83	73	77	26	48	-1	86	47	4	36	1	20	83	90	41	1	71	33	75	31	54	37	62	96	28	1	8	7	20	82	77	88	20	34	40	12	34	82	68	65	94	81	36	73	7	74	30	52	18	91	77	28	64	95	57	25	2	13	11	48	14	95	29	70	44	77	71	65	48	13	91	39	98	79	54	99	89	85	31	80	92	89	27	7	19	38	22	33	78	99	33	65	51	26	80	
79	48	48	51	8	14	21	75	24	4	99	-1	70	42	91	66	43	14	35	23	30	45	86	65	56	76	16	36	26	90	91	19	27	20	32	35	7	54	49	18	1	40	44	29	41	56	4	62	91	41	42	9	98	93	27	73	52	71	56	57	16	4	94	24	54	31	80	46	4	30	65	92	73	67	2	81	62	43	56	21	18	46	17	14	86	83	41	2	25	61	59	81	6	26	53	20	4	75	92	44	
49	41	43	62	18	82	10	15	74	78	2	27	-1	33	72	20	60	86	28	20	56	17	87	27	15	2	25	22	94	42	13	48	42	91	1	57	21	21	88	81	14	20	86	68	36	27	27	55	89	68	46	60	79	53	83	53	82	89	43	27	3	59	95	44	76	49	4	89	61	26	17	13	47	21	66	77	3	57	11	11	94	5	72	53	14	59	11	38	95	54	74	54	39	4	8	28	34	21	90	77	
82	95	94	52	34	68	66	81	26	95	89	90	90	-1	80	15	91	47	11	63	4	54	61	50	93	98	80	25	61	88	8	41	99	84	23	10	56	19	30	6	37	31	44	16	13	11	51	33	66	28	44	89	53	75	16	17	62	11	52	52	85	33	88	19	93	2	88	77	39	30	15	59	95	55	61	44	81	11	46	25	34	45	51	3	4	29	29	1	15	47	36	56	93	82	77	31	1	78	95	76	
92	78	70	36	40	66	93	22	44	95	70	71	83	92	-1	84	48	20	42	16	37	35	79	11	29	62	3	34	94	26	54	39	78	54	100	84	62	24	71	13	25	68	27	3	60	70	28	14	25	87	56	74	6	6	44	77	64	14	16	24	71	72	11	41	83	19	84	20	39	64	80	84	89	35	83	96	95	13	52	41	1	36	4	67	31	44	93	27	8	23	93	19	2	11	96	8	20	58	2	83	
49	6	39	59	79	43	31	74	21	66	33	86	32	47	33	-1	70	52	97	69	41	9	44	62	34	72	75	31	77	11	59	82	48	52	100	97	50	54	70	90	72	96	11	39	61	75	16	85	63	81	45	23	26	7	12	98	53	79	100	38	71	11	26	4	68	50	56	5	56	34	46	65	31	22	2	46	37	44	55	78	36	47	100	44	79	3	17	38	73	65	86	75	71	97	79	99	35	61	56	21	
38	72	82	84	98	82	17	29	75	18	24	26	82	85	74	56	-1	20	61	26	98	94	50	65	3	85	43	18	24	48	76	43	4	43	75	38	91	62	1	10	6	90	98	67	23	40	48	11	51	28	71	91	86	27	97	33	57	40	20	63	15	47	68	60	13	80	83	22	50	87	82	24	55	59	22	40	18	20	26	87	25	35	87	44	57	21	50	23	68	93	24	79	100	14	20	49	13	76	28	58	
48	8	73	7	65	82	81	87	14	38	94	11	13	70	56	1	93	-1	31	29	61	43	51	80	48	90	34	60	53	8	56	75	54	23	1	35	3	60	14	67	97	1	87	1	57	17	49	55	26	56	90	35	44	24	19	43	35	19	6	61	44	65	95	11	98	65	88	71	55	63	67	97	8	85	99	77	63	43	11	18	67	99	70	43	65	53	20	62	85	37	96	6	62	30	98	89	62	19	90	33	
10	40	14	50	74	31	13	93	3	100	89	47	52	58	14	9	82	10	-1	39	11	28	49	80	59	11	9	25	19	67	48	42	13	41	53	83	98	33	19	10	1	47	99	2	34	62	56	11	66	21	49	48	96	10	15	79	24	27	19	23	12	79	6	82	20	21	7	25	14	3	17	9	65	65	58	99	34	19	75	52	93	73	89	78	17	21	78	81	90	82	8	37	1	19	59	58	1	26	6	17	
57	18	80	7	58	59	27	80	31	36	73	38	46	25	85	17	100	39	36	-1	85	84	77	64	94	84	56	68	59	52	60	26	59	87	64	50	3	100	64	27	40	33	38	71	44	94	35	98	10	35	55	75	95	50	78	11	87	20	68	41	77	50	28	42	42	25	4	85	10	21	80	86	96	17	64	37	19	79	22	92	29	5	9	96	61	73	18	72	59	93	57	74	83	42	32	40	78	18	22	34	
8	63	39	28	55	46	37	27	18	96	6	99	98	91	24	59	1	16	30	80	-1	83	56	1	51	86	61	9	34	76	74	46	65	56	13	5	53	17	52	63	84	6	78	71	54	99	96	38	40	75	91	44	99	51	79	98	7	37	45	28	13	96	97	24	29	51	36	10	28	72	23	29	73	19	7	37	30	79	24	38	34	52	83	90	33	14	73	95	99	25	84	87	32	93	88	16	36	32	75	82	
22	98	80	38	6	100	6	52	4	64	3	28	95	75	59	30	17	48	99	16	3	-1	81	5	88	89	8	74	2	76	44	18	49	11	67	35	76	55	70	80	64	86	46	26	93	21	25	95	26	65	87	19	73	79	46	53	62	10	12	8	38	30	74	29	39	71	8	62	10	40	20	75	58	92	71	12	31	5	94	12	37	51	84	88	90	11	100	15	5	33	94	9	68	98	15	21	44	82	37	31	
56	5	15	53	76	40	8	74	95	87	77	45	55	92	58	59	43	66	26	87	12	56	-1	38	53	16	64	2	49	25	59	97	73	82	9	98	50	99	84	88	86	81	98	47	38	4	72	75	7	88	34	20	14	81	55	83	12	23	35	76	13	36	24	56	81	100	1	14	48	40	18	24	54	6	87	15	11	76	11	99	72	97	21	84	51	39	72	25	91	75	68	53	26	35	31	36	73	42	49	86	
9	73	32	63	10	64	55	66	69	59	68	83	22	26	88	91	30	10	86	22	49	78	43	-1	56	75	76	73	86	67	53	41	43	37	76	27	3	12	69	56	96	55	9	5	3	22	11	82	92	95	22	80	79	10	18	92	14	64	49	45	77	39	27	17	21	82	55	34	100	82	15	35	4	94	10	16	58	95	5	41	9	71	100	71	71	95	33	67	66	6	4	13	71	60	41	4	63	38	52	59	
35	36	12	15	62	21	18	70	73	57	74	47	6	89	30	83	19	15	37	4	21	56	63	79	-1	88	30	56	51	86	49	74	40	80	52	18	82	87	16	17	2	63	93	71	9	88	30	37	71	78	46	100	26	67	86	9	48	5	77	46	22	81	93	25	22	30	68	43	34	3	35	91	54	1	42	29	55	99	80	41	1	18	24	37	14	95	40	58	28	90	90	69	73	81	4	40	17	38	19	10	
92	37	51	89	100	14	8	94	97	58	13	31	35	39	82	80	64	5	47	94	31	98	20	95	8	-1	58	21	25	9	79	66	91	64	26	43	93	21	91	24	100	35	58	5	89	74	62	44	41	92	70	75	65	69	82	11	50	55	59	97	15	49	22	100	42	10	50	3	85	33	44	13	90	20	66	14	5	90	67	64	84	70	74	6	15	61	45	71	69	25	36	95	10	27	90	5	99	9	24	4	
75	88	4	31	28	93	23	78	57	55	89	92	53	85	36	66	60	28	52	37	39	51	86	55	10	69	-1	68	94	82	30	8	93	13	74	63	95	57	46	76	77	31	49	57	71	76	50	53	26	44	58	22	36	62	85	9	33	16	68	24	73	59	58	3	98	6	50	74	48	71	23	82	69	42	15	54	5	97	93	28	2	43	15	68	61	21	67	48	26	54	92	25	48	14	30	13	56	33	46	41	
94	45	92	37	92	69	6	89	63	40	30	70	55	1	59	58	31	52	20	20	9	25	40	88	83	15	9	-1	53	50	68	24	96	1	71	36	8	93	26	74	94	72	45	65	99	92	27	57	51	94	35	58	80	70	90	86	92	33	43	6	12	76	54	20	57	98	89	61	75	1	24	43	60	89	5	17	38	62	59	46	96	58	2	11	61	10	43	36	74	54	28	52	49	38	63	72	39	40	19	57	
56	19	75	5	31	96	54	32	19	91	7	67	100	60	2	96	67	4	45	35	89	94	84	68	37	57	35	55	-1	76	80	70	69	40	63	87	87	13	7	18	68	83	89	73	57	28	67	93	85	9	8	89	63	22	98	73	90	15	92	74	12	29	96	24	60	30	61	4	58	35	30	63	10	42	7	63	67	3	72	88	69	8	55	66	3	81	1	41	78	5	52	84	56	13	62	54	16	64	54	98	
18	48	31	11	89	51	6	79	44	34	61	83	58	23	24	99	45	61	3	78	8	60	20	1	71	36	82	77	39	-1	54	57	78	7	93	76	60	31	39	29	59	39	61	20	19	50	55	3	78	43	50	33	98	47	14	28	62	45	32	19	59	54	57	99	82	65	41	57	64	6	6	60	2	41	75	93	54	94	79	29	26	58	62	77	88	77	39	84	65	33	55	96	18	5	33	54	79	72	46	24	
54	43	95	32	8	74	60	82	62	26	44	45	95	86	98	90	23	4	82	41	43	29	49	36	16	52	85	40	10	7	-1	56	95	10	58	22	84	77	34	25	93	33	38	37	11	5	27	21	81	93	49	28	62	29	95	87	84	71	15	90	21	73	23	44	9	63	15	12	4	41	16	2	86	73	69	23	27	8	16	77	24	69	91	72	23	53	64	28	86	77	93	95	3	73	40	6	7	27	70	97	
56	28	58	14	83	1	52	74	74	56	27	42	86	71	28	83	81	13	72	57	46	80	79	61	40	75	82	61	20	29	26	-1	80	85	2	26	74	6	21	35	65	11	65	34	17	32	71	6	69	31	4	22	50	94	7	45	83	64	46	8	54	40	82	81	42	78	91	65	86	98	84	54	80	75	83	50	22	85	17	98	13	17	17	60	6	92	2	23	2	81	17	52	85	91	76	77	34	100	23	15	
77	36	60	29	17	44	58	23	36	65	14	60	72	64	50	28	82	63	89	93	98	13	18	44	44	54	88	82	17	29	22	24	-1	67	55	64	72	70	48	70	36	31	84	40	32	41	34	26	43	89	24	44	90	54	91	48	21	50	76	74	82	27	55	17	75	97	19	28	6	47	23	32	47	69	87	64	46	61	42	37	21	36	18	23	36	66	60	31	23	9	29	75	16	71	10	94	53	67	20	1	
84	65	52	22	46	32	9	66	49	75	41	39	50	15	85	66	73	4	7	31	93	82	14	13	7	29	41	79	50	36	15	45	38	-1	75	95	50	26	64	82	11	10	4	1	56	21	45	61	25	94	73	32	40	77	24	26	25	36	95	68	26	22	49	15	73	56	42	56	90	19	30	67	73	17	39	33	8	63	2	75	41	46	92	11	18	89	15	57	32	67	94	95	57	1	14	1	81	46	2	19	
20	24	89	51	18	46	49	94	83	4	56	18	96	99	47	1	53	50	89	92	37	20	69	34	90	83	89	7	46	35	30	13	79	47	-1	86	82	89	57	74	86	33	80	28	74	27	3	38	37	5	80	72	10	55	62	26	10	47	71	97	35	58	68	79	46	38	26	61	41	41	65	97	23	10	59	69	92	51	35	34	96	95	39	80	19	88	55	53	59	43	70	48	81	94	49	4	64	39	6	41	
31	20	71	71	29	99	49	48	79	66	55	83	36	9	86	22	24	87	41	43	59	30	88	7	63	11	62	6	1	17	31	47	52	13	63	-1	95	75	14	25	64	39	22	7	100	23	68	55	29	56	80	85	96	4	88	37	69	3	16	47	57	96	8	53	54	100	96	81	70	73	4	100	35	5	49	59	14	41	61	12	23	39	82	34	83	97	1	28	79	77	96	64	68	2	48	24	63	100	21	85	
43	51	86	58	5	100	61	62	56	44	2	94	81	61	23	30	88	55	81	83	12	59	57	92	63	14	5	31	66	35	92	55	63	78	2	83	-1	43	80	85	57	3	2	77	76	41	39	82	28	33	100	40	20	65	19	50	96	67	8	11	35	10	86	97	58	90	4	34	31	9	62	33	36	34	31	32	36	31	16	19	35	43	7	58	96	57	52	11	96	84	4	66	64	35	92	36	79	23	56	93	
61	82	88	65	11	74	21	21	20	35	97	43	16	61	89	11	71	33	51	92	64	21	67	34	50	38	57	61	26	2	3	54	66	39	65	21	46	-1	83	78	19	77	28	81	80	87	25	76	44	76	29	67	25	91	95	40	12	28	71	45	4	91	9	99	27	14	7	58	29	28	64	81	10	96	74	64	3	83	87	39	95	77	4	80	26	23	97	75	94	36	13	81	82	85	29	35	19	5	11	97	
93	95	29	27	2	62	30	2	68	94	8	94	73	44	6	2	27	22	24	41	10	80	33	52	57	10	93	20	38	43	59	5	69	69	96	51	75	6	-1	12	12	84	62	52	6	19	82	45	2	40	77	48	45	18	73	55	6	10	80	2	69	88	35	22	99	29	63	22	69	37	54	55	73	69	48	90	78	3	67	83	11	29	88	12	79	80	95	93	88	38	4	67	46	77	27	92	25	93	8	74	
77	64	40	20	93	93	68	71	62	31	11	8	58	38	14	73	8	18	98	26	33	83	38	38	23	5	97	54	57	98	22	26	48	64	66	94	9	42	22	-1	14	23	6	97	1	29	28	1	54	43	58	65	80	9	7	61	72	53	45	30	48	99	26	7	22	97	77	69	54	80	86	65	16	100	27	11	97	42	73	43	23	40	23	57	80	77	85	71	68	67	95	14	5	13	46	20	19	21	7	24	
31	34	40	7	44	45	100	71	57	41	35	57	90	36	32	98	1	92	40	18	98	38	24	68	82	25	43	5	45	26	95	45	50	24	36	38	7	90	56	38	-1	65	64	16	15	69	74	75	20	48	70	82	7	76	20	32	89	91	55	11	26	67	31	75	10	59	64	89	75	89	44	27	40	60	13	78	5	48	14	3	87	80	60	98	94	87	43	52	6	35	49	68	99	98	65	85	40	29	97	97	
18	81	58	45	72	11	52	55	70	92	88	4	3	82	96	28	91	94	51	78	17	74	53	41	59	17	38	23	87	24	92	39	18	80	33	74	72	5	67	37	7	-1	5	13	58	39	61	53	92	93	63	30	76	22	61	71	10	95	85	64	27	75	30	51	43	53	57	44	42	6	23	12	59	64	62	12	53	72	82	56	58	50	70	46	41	99	72	33	34	83	65	14	91	32	56	65	53	45	93	79	
77	19	68	34	41	77	51	90	34	46	1	63	46	100	32	11	32	18	70	69	91	87	30	25	53	21	73	23	98	75	39	70	75	51	69	74	83	2	98	94	51	9	-1	97	29	24	64	73	75	79	61	80	98	40	87	92	87	72	75	3	75	48	43	24	62	29	49	78	67	69	79	33	16	81	49	75	98	73	18	20	76	5	74	49	41	89	50	38	32	12	30	30	67	64	69	47	10	61	99	70	
13	63	71	64	60	40	17	62	83	27	25	82	57	2	74	82	72	94	34	60	66	68	94	59	39	18	56	17	14	96	51	78	68	81	91	40	11	5	6	43	51	31	67	-1	34	7	26	84	7	34	27	45	63	15	70	43	54	21	67	97	50	87	59	62	25	21	87	43	48	60	18	76	93	35	18	46	97	61	1	30	75	60	45	12	19	42	41	20	70	47	81	4	69	84	4	24	60	87	25	79	
17	79	89	59	45	93	98	51	99	63	15	2	30	80	14	46	80	28	42	10	84	5	46	77	3	41	85	33	22	11	92	75	51	21	60	55	91	15	1	22	3	5	20	65	-1	73	17	23	85	33	59	63	65	31	81	64	32	91	71	89	20	4	95	30	22	57	77	5	67	42	17	1	22	85	88	4	87	28	91	73	47	74	69	93	5	40	21	21	41	42	97	67	23	62	73	32	37	56	23	63	
36	38	41	92	65	62	59	51	72	42	83	14	41	12	6	56	90	58	69	84	27	43	55	5	76	71	41	7	84	3	75	38	39	40	29	49	17	54	10	78	91	56	68	48	91	-1	55	93	72	47	26	91	69	3	19	26	54	24	31	85	77	51	31	62	2	86	68	80	28	67	92	10	3	22	97	14	85	45	22	62	62	10	44	21	71	65	38	69	94	43	36	59	84	78	80	27	90	29	66	23	
37	55	13	6	71	43	54	54	27	3	73	61	44	9	99	50	40	97	7	20	73	80	99	75	15	57	29	87	40	22	32	81	27	9	93	59	67	71	3	47	16	16	10	83	4	85	-1	3	67	39	35	39	27	7	89	27	71	41	67	98	73	84	51	61	38	4	40	51	71	70	58	11	49	86	25	39	95	24	10	94	87	12	70	89	51	40	20	49	17	16	41	16	25	88	9	31	74	24	49	79	
60	55	59	39	41	44	22	40	45	22	27	97	86	19	79	54	95	16	66	88	8	7	99	51	31	85	92	50	98	17	25	42	49	36	68	2	65	50	51	70	25	13	86	99	4	72	90	-1	37	76	15	87	54	5	34	77	78	56	39	100	48	45	36	70	16	47	24	43	5	64	48	80	25	40	41	1	74	6	60	19	15	20	46	78	47	91	61	2	14	43	14	65	42	80	81	12	12	1	58	85	
47	35	62	24	8	6	89	93	86	55	93	38	72	1	15	73	29	82	72	20	14	45	7	58	47	25	32	97	87	7	16	94	49	8	64	57	63	45	67	86	60	39	24	98	99	3	31	42	-1	81	18	31	93	79	60	8	56	96	38	58	55	68	38	69	10	22	38	10	69	7	67	86	35	76	11	30	45	28	52	67	90	45	40	18	6	13	34	83	35	48	31	33	7	24	76	25	4	3	77	72	
37	100	51	90	42	37	14	61	5	32	22	61	61	17	11	29	99	59	23	54	43	53	82	23	57	66	20	20	21	84	6	71	60	74	62	19	33	72	24	23	95	27	33	51	31	21	92	77	59	-1	37	57	47	64	83	29	38	97	11	7	58	10	80	96	41	56	68	34	17	49	100	10	66	14	96	79	8	51	100	37	52	68	77	50	52	85	71	4	72	71	83	91	44	53	36	52	35	27	62	21	
89	58	30	67	28	20	4	2	99	7	90	28	67	52	76	25	59	96	37	1	100	10	45	67	44	70	47	68	54	98	45	19	73	4	29	87	56	83	19	22	26	85	88	13	11	96	77	15	23	23	-1	60	10	13	100	6	79	91	51	70	6	12	77	45	67	74	62	86	91	17	100	48	65	56	78	42	94	26	4	62	67	32	95	9	14	53	43	77	44	22	22	84	18	75	96	97	49	29	17	53	
26	93	19	43	45	21	45	27	41	2	32	19	5	70	79	11	58	7	96	79	29	31	80	26	50	57	71	9	61	8	86	97	100	47	4	93	13	85	20	76	82	10	55	45	98	25	13	83	17	83	38	-1	39	74	51	89	56	48	56	69	3	80	45	86	51	86	91	79	98	2	80	1	44	39	69	70	12	24	13	99	32	23	65	31	58	68	79	21	93	47	15	15	65	25	6	12	66	14	89	47	
61	86	34	62	12	66	53	93	95	45	50	82	59	9	25	57	80	42	10	80	78	16	62	17	27	24	25	91	19	14	17	70	63	88	75	73	83	42	77	92	14	29	52	6	84	29	79	89	52	40	71	73	-1	78	46	41	71	62	22	1	50	45	6	67	26	55	73	31	78	18	76	77	23	63	23	35	87	54	73	63	47	98	83	56	81	82	61	44	25	49	37	29	58	37	73	16	15	98	19	95	
27	37	3	37	62	71	55	44	9	6	85	93	75	16	6	56	17	69	10	11	14	10	72	39	51	42	59	54	23	28	81	57	67	15	87	53	68	49	61	57	59	35	76	34	1	43	85	31	66	80	71	66	28	-1	34	32	62	1	33	72	54	57	84	59	42	49	85	88	9	90	43	58	87	30	58	14	100	8	26	76	69	83	42	18	49	5	27	7	22	20	10	13	5	72	82	34	75	66	70	59	
1	64	5	5	79	50	18	99	89	29	83	48	94	59	40	19	80	42	29	96	47	83	56	9	77	17	48	93	42	10	87	83	42	78	68	42	71	15	48	24	11	56	6	80	94	53	18	37	63	50	56	12	29	76	-1	52	20	92	88	39	4	65	41	3	68	58	36	100	18	77	93	72	76	28	29	96	61	89	98	43	28	19	35	30	41	60	17	33	95	16	5	66	48	31	58	51	55	62	1	44	
96	32	19	1	39	18	76	29	94	31	58	72	12	46	79	50	54	28	59	24	17	71	3	2	16	23	98	50	75	79	54	17	80	11	3	43	89	39	76	52	91	40	73	52	70	97	91	18	60	90	29	76	58	88	76	-1	2	76	95	66	41	25	83	28	78	91	20	19	60	99	66	34	54	44	65	46	24	9	37	31	15	17	32	21	30	91	82	66	24	76	30	68	28	23	32	40	24	87	30	48	
69	5	54	35	98	90	56	91	83	65	48	79	24	92	43	1	50	11	87	6	68	41	76	16	34	23	32	33	31	47	41	38	49	33	13	84	21	44	63	82	50	39	96	35	5	33	8	34	91	46	82	44	76	74	81	92	-1	8	4	73	66	74	20	57	44	66	73	62	12	66	62	32	40	69	22	24	50	28	97	77	60	34	48	63	83	25	24	93	78	89	71	90	50	77	36	78	19	44	44	5	
98	54	85	9	13	39	2	64	97	63	55	36	19	46	34	74	49	41	50	24	64	74	95	38	86	65	6	72	24	32	59	62	73	40	60	40	60	88	95	55	36	58	51	100	54	88	15	11	16	84	24	86	72	19	4	51	26	-1	10	14	3	53	70	92	1	26	94	47	3	71	98	78	63	79	38	14	16	47	79	96	50	49	26	94	55	94	31	23	48	74	19	93	4	38	85	46	39	61	53	19	
9	8	74	22	27	58	98	46	34	44	28	7	16	96	41	89	76	64	14	39	61	89	41	18	1	49	33	50	10	6	31	91	97	36	15	64	71	56	8	30	65	70	98	46	15	92	16	80	87	44	61	64	74	17	67	10	27	88	-1	60	66	63	4	52	91	45	23	7	63	3	15	77	91	53	77	14	37	72	63	41	51	65	8	88	42	83	20	94	35	43	65	64	45	27	57	76	91	24	72	30	
7	11	89	23	35	78	60	56	27	92	79	49	31	51	58	2	78	69	19	62	3	39	22	37	35	84	15	37	12	42	61	53	84	68	91	74	77	48	81	27	32	61	5	79	59	79	71	100	35	62	18	14	38	45	7	32	49	95	83	-1	82	13	3	96	68	39	92	84	94	46	39	38	24	56	85	57	44	87	91	26	5	41	71	4	70	70	83	6	20	54	5	53	25	35	43	94	26	79	20	86	
89	81	91	68	30	4	14	67	99	44	22	73	94	17	24	59	60	13	79	70	66	86	41	36	58	64	67	71	68	72	5	35	6	98	12	75	90	70	18	58	5	37	39	30	7	14	66	77	13	23	88	58	58	38	10	30	15	63	73	15	-1	25	51	45	21	67	61	75	35	35	49	79	4	29	54	80	50	67	41	19	43	40	66	98	27	7	33	6	53	97	73	98	46	86	39	58	53	33	75	82	
91	90	90	31	99	16	24	76	93	58	72	93	93	55	24	96	77	50	87	36	42	87	48	75	59	30	24	6	94	39	59	70	93	71	11	21	56	50	22	59	19	58	41	74	83	82	52	4	72	46	12	20	53	70	51	34	51	94	87	75	63	-1	61	9	44	91	49	87	13	11	18	68	29	28	96	43	36	88	82	87	37	47	80	49	66	66	9	58	41	18	74	3	55	91	85	66	70	6	85	55	
19	15	20	94	14	83	31	35	34	41	95	7	83	76	60	65	26	40	70	58	90	100	85	44	64	39	33	85	50	62	34	46	35	10	94	77	78	93	72	36	4	55	96	75	22	1	49	25	36	97	29	82	11	33	3	43	25	80	69	94	46	86	-1	5	56	37	54	53	4	49	94	94	58	61	31	37	56	39	67	71	84	48	35	35	6	66	92	61	27	50	43	66	70	28	7	1	5	21	60	16	
8	55	66	23	78	11	28	80	100	12	21	7	30	98	79	48	18	81	22	83	84	31	43	71	32	91	62	79	78	59	96	77	99	89	21	11	62	69	85	86	66	22	17	25	75	66	5	27	55	15	7	17	98	76	82	70	80	63	49	55	18	76	14	-1	4	67	73	42	100	77	99	65	2	58	50	9	20	64	53	8	13	25	92	63	97	14	73	50	88	90	76	44	68	66	46	17	70	12	100	15	
23	48	86	81	70	93	38	55	77	64	5	38	49	82	36	78	22	39	30	85	63	83	54	57	82	20	90	66	27	12	27	30	38	29	88	69	14	98	31	49	40	75	19	61	24	32	3	43	74	6	67	84	35	26	25	67	18	46	81	6	94	57	8	12	-1	93	35	22	17	95	77	38	20	71	58	76	2	62	50	81	52	34	14	57	26	88	64	81	53	20	68	69	34	72	83	65	24	92	42	80	
65	17	47	2	3	97	32	34	1	98	28	90	35	65	83	82	13	76	52	78	4	59	68	60	37	28	32	17	64	30	23	75	72	23	3	26	4	32	81	71	85	4	35	82	93	91	1	11	31	30	22	76	40	92	28	37	18	75	34	15	34	27	9	97	87	-1	30	85	20	93	13	82	14	4	65	50	77	61	98	49	65	54	56	22	27	20	71	23	99	68	64	21	13	39	60	64	55	11	29	78	
87	15	67	42	3	24	69	98	92	49	19	2	38	75	31	41	56	6	35	58	96	32	24	75	26	87	65	41	42	61	85	77	99	82	83	25	93	66	43	49	9	63	89	28	48	9	74	82	45	28	48	60	27	6	51	54	70	90	97	27	29	80	5	22	92	46	-1	36	64	94	70	28	17	78	85	58	60	25	87	9	89	83	87	67	57	72	74	88	61	93	28	41	98	35	91	2	65	34	22	27	
45	93	64	31	94	77	29	70	24	83	28	42	55	23	23	72	38	27	8	16	45	75	52	100	63	70	9	64	39	25	36	47	55	26	27	5	18	56	15	94	75	17	73	75	15	12	40	30	49	36	95	54	32	96	15	39	89	49	31	50	83	33	46	45	39	13	60	-1	10	39	57	65	22	94	3	47	24	17	65	18	70	37	95	80	35	60	100	77	45	72	76	77	29	86	90	45	25	7	22	16	
77	49	94	37	37	59	69	95	78	54	68	68	43	3	12	59	26	13	31	94	63	73	35	87	44	42	92	69	86	26	37	1	15	18	42	61	44	9	91	48	68	61	32	7	90	17	79	16	72	82	66	34	29	42	26	16	44	65	39	49	13	60	27	71	67	32	9	99	-1	74	45	57	60	96	22	37	23	11	6	37	51	56	75	79	92	66	62	65	46	20	7	24	59	17	2	38	44	58	18	38	
56	16	94	11	1	71	29	94	72	61	58	44	19	71	8	80	74	59	6	16	7	69	99	9	37	35	39	67	14	15	49	3	99	82	12	73	29	79	87	49	46	20	94	69	66	81	10	71	18	15	80	59	16	63	21	88	64	90	20	63	2	75	76	75	6	39	51	15	89	-1	80	79	77	72	93	57	69	50	61	20	94	33	31	15	90	77	13	25	19	20	99	19	20	81	13	27	26	51	79	92	
57	44	38	66	54	87	76	87	46	88	56	90	51	98	62	71	53	49	71	47	96	20	70	42	84	72	46	42	61	51	24	6	68	12	91	87	21	24	52	89	54	47	53	49	80	63	89	37	45	42	35	32	74	54	66	56	45	90	34	74	46	54	43	97	34	31	90	26	84	20	-1	66	58	92	49	49	72	83	78	11	96	4	86	34	68	8	76	7	54	49	97	40	86	18	48	71	62	88	23	53	
11	48	86	50	18	11	68	44	11	94	32	25	92	92	98	79	57	56	15	74	27	87	79	69	87	45	88	61	92	79	65	8	51	53	65	95	58	45	66	13	30	80	17	15	98	47	14	84	45	37	99	3	55	31	6	36	95	60	68	28	75	73	88	61	61	68	72	81	57	73	20	-1	8	38	41	61	20	81	27	58	37	55	71	28	86	87	37	67	26	76	93	18	6	92	84	75	85	73	27	92	
49	91	95	1	86	54	41	60	73	69	2	5	3	24	10	37	73	94	45	41	34	38	10	3	59	18	7	93	31	96	68	45	95	32	87	28	11	11	76	49	97	87	62	52	53	31	70	100	7	12	7	58	29	35	73	91	36	93	22	67	88	13	21	55	2	77	13	40	22	84	42	33	-1	73	86	42	16	97	68	3	59	18	69	59	32	19	33	44	89	13	14	56	38	91	56	56	17	83	89	17	
99	96	61	35	84	5	14	94	62	52	71	57	91	30	26	89	36	19	75	18	7	89	76	19	35	42	34	36	93	73	89	23	15	88	42	16	46	52	44	18	49	13	57	80	80	89	66	61	58	53	50	22	19	89	67	70	73	89	2	56	17	29	91	75	20	59	4	43	67	66	10	66	84	-1	45	49	85	41	64	38	59	74	87	57	14	78	56	71	49	54	17	56	50	58	67	10	98	4	41	70	
41	94	24	15	2	94	55	19	18	100	18	48	83	80	22	8	85	32	99	1	48	68	90	40	77	24	26	83	30	38	77	72	3	48	94	48	42	96	57	52	89	11	100	2	14	23	73	92	27	37	78	28	71	53	71	11	97	90	70	12	60	45	15	23	15	85	63	63	14	90	39	71	76	3	-1	89	32	14	40	90	44	60	48	44	21	7	38	5	100	6	2	21	60	93	38	44	46	35	65	48	
43	66	64	98	16	89	40	83	96	29	19	1	8	40	30	41	74	26	38	7	84	60	74	56	83	47	49	64	9	49	16	52	96	59	26	2	72	34	22	70	84	85	36	39	8	55	44	70	81	13	19	34	54	51	27	10	66	28	30	43	25	47	70	72	63	35	67	94	66	21	20	99	12	96	51	-1	80	81	57	23	55	26	5	3	50	42	36	49	76	92	18	84	91	85	76	62	28	75	55	4	
27	70	21	7	10	22	85	11	3	38	31	6	11	56	16	96	90	28	37	64	73	65	51	37	31	57	91	97	95	60	60	70	56	37	37	59	62	20	59	85	32	39	59	64	75	47	48	23	34	1	7	67	39	57	10	99	85	90	74	83	41	75	8	82	14	62	11	24	76	9	44	62	97	53	26	8	-1	79	67	15	67	36	64	3	92	38	1	59	67	21	7	40	32	92	3	5	51	8	85	42	
18	27	82	79	11	100	27	49	83	42	16	15	59	85	29	7	69	27	20	46	25	12	80	73	23	29	56	38	100	83	26	34	25	84	30	52	63	53	21	38	73	40	19	26	86	52	89	73	39	86	3	99	76	42	57	17	10	59	43	46	8	27	14	87	68	38	37	67	97	73	72	75	30	10	100	46	53	-1	74	11	15	73	82	65	98	78	62	63	52	11	44	63	15	8	35	92	1	40	70	15	
8	12	87	63	38	42	76	37	18	53	70	43	19	17	44	82	35	5	37	5	90	83	4	48	48	20	40	13	9	69	52	9	47	29	60	86	73	100	53	76	34	63	90	78	32	17	23	94	22	90	70	96	76	54	52	54	61	16	53	40	41	55	15	18	32	20	32	14	23	1	50	24	38	18	34	19	33	23	-1	60	34	83	13	38	66	52	88	24	2	54	19	23	85	94	97	80	7	64	77	18	
62	28	9	62	46	86	1	71	82	4	89	23	97	58	9	57	85	91	48	43	39	11	43	73	100	96	69	54	35	25	47	71	58	31	92	78	37	86	83	45	60	56	35	31	72	40	4	54	5	70	7	61	42	96	18	68	18	44	9	10	22	12	28	54	11	38	22	9	53	94	57	39	23	33	91	100	77	63	36	-1	26	20	59	69	84	46	21	61	80	50	96	98	71	48	38	6	36	67	56	38	
92	46	46	99	14	90	11	51	68	90	85	70	80	4	100	78	9	51	82	12	20	52	46	80	54	94	33	18	93	60	90	86	19	29	31	9	1	86	66	81	60	19	40	86	96	9	95	78	27	49	60	26	40	89	85	43	31	27	7	24	76	94	42	12	73	77	51	34	73	53	38	15	99	66	18	20	28	61	82	53	-1	80	65	45	17	70	40	68	2	69	47	54	67	41	88	49	33	95	22	23	
79	78	38	67	26	58	61	81	91	38	6	96	86	40	78	14	11	39	61	21	18	52	50	84	13	89	38	79	69	52	33	16	5	35	5	94	89	40	64	51	9	94	59	36	66	100	100	28	61	94	52	99	84	30	57	20	44	24	88	32	43	97	97	44	50	40	27	53	82	99	25	91	100	5	53	72	17	44	72	57	35	-1	12	62	54	93	68	20	70	33	25	55	77	48	77	70	41	78	31	91	
85	87	83	26	17	45	55	95	67	3	47	93	27	25	52	46	5	16	29	49	89	36	81	38	76	49	29	33	53	75	13	89	23	53	2	78	93	44	67	73	89	51	74	27	41	38	76	73	6	52	95	18	51	97	52	45	95	8	13	61	10	7	73	34	69	36	45	18	63	84	5	52	98	99	80	63	54	39	20	58	9	40	-1	74	62	7	79	5	65	96	29	48	94	91	32	100	9	57	60	70	
77	91	7	11	6	58	49	14	52	36	77	66	57	28	57	67	78	61	100	16	29	9	18	43	29	56	92	93	78	54	85	53	15	53	3	26	25	65	74	11	42	6	17	27	42	44	15	26	88	98	94	34	81	61	18	61	60	49	47	90	18	55	6	62	88	9	53	73	9	12	18	68	73	96	86	98	94	41	94	66	15	52	18	-1	51	42	43	72	95	78	94	83	71	48	62	92	87	81	67	89	
10	33	25	28	69	82	26	23	12	4	31	82	91	36	40	16	62	47	85	61	24	64	67	31	21	100	34	79	79	69	19	99	73	21	29	54	89	68	60	91	76	45	95	30	95	29	26	15	72	4	10	5	21	32	92	14	4	19	67	7	76	92	38	18	35	73	81	82	61	88	78	3	4	31	7	99	96	29	27	65	60	37	6	91	-1	77	53	73	41	51	23	89	84	43	87	78	75	48	34	39	
1	44	29	12	27	16	24	81	81	2	68	69	100	79	83	65	9	49	96	98	72	39	83	92	89	99	81	13	47	99	27	89	3	83	7	7	19	77	96	23	8	14	7	34	77	88	17	7	21	77	55	71	55	83	72	4	39	24	30	25	99	85	52	21	84	85	98	25	87	55	61	11	48	87	33	48	36	88	32	52	24	96	24	13	21	-1	40	16	13	86	20	23	88	50	77	58	21	43	79	43	
75	54	25	17	15	68	38	30	57	72	19	63	88	50	63	87	90	95	74	46	43	18	45	3	16	3	20	68	40	82	16	5	18	37	8	3	13	78	3	7	83	67	64	54	64	71	93	90	19	50	88	42	50	27	83	14	11	49	65	18	29	39	10	12	28	37	59	36	72	20	77	71	36	87	44	33	66	59	91	43	1	76	94	29	23	9	-1	75	25	56	1	73	20	74	55	90	57	63	71	11	
11	32	7	81	22	7	21	90	1	43	57	88	18	50	21	46	6	80	91	53	67	15	87	76	35	22	74	50	19	61	46	35	4	61	22	22	88	68	9	71	41	76	46	69	41	64	19	33	21	43	78	4	32	68	59	49	98	89	11	6	46	12	25	48	100	95	51	37	94	7	11	98	9	47	6	46	10	22	56	26	99	26	6	40	76	79	21	-1	5	26	19	52	97	47	87	15	34	61	34	48	
50	23	28	6	56	46	2	25	86	77	20	70	30	7	83	83	34	12	92	28	99	78	28	15	20	53	37	85	88	97	46	42	8	56	83	95	5	99	19	22	14	24	1	87	28	61	60	52	10	87	67	89	28	90	92	57	27	96	100	55	11	28	63	25	83	100	8	31	8	60	44	27	81	29	27	19	74	86	75	27	88	70	16	4	27	46	24	6	-1	65	100	59	61	14	85	81	65	40	23	55	
88	42	70	52	30	91	31	37	100	64	53	7	58	7	28	95	85	41	7	30	25	34	86	14	62	78	76	33	62	67	25	88	22	18	43	87	32	10	31	59	45	3	10	36	98	35	57	80	4	53	44	55	80	27	33	13	72	62	57	77	19	71	63	24	15	25	10	89	69	92	55	97	61	99	18	74	3	93	45	60	48	56	9	4	41	28	18	56	53	-1	95	93	78	13	89	24	93	65	58	8	
98	9	81	62	7	5	39	12	97	32	97	77	73	27	14	63	51	13	8	44	87	90	49	27	29	88	49	24	8	90	54	55	86	27	14	1	30	89	80	44	17	83	50	32	8	35	2	13	2	8	36	11	39	55	3	83	88	56	29	72	66	96	88	46	93	1	51	86	48	9	21	42	74	18	13	18	34	21	97	75	59	34	63	43	54	3	77	26	81	37	-1	72	39	10	39	77	58	55	45	7	
24	34	84	35	11	76	42	5	36	6	52	22	82	28	42	2	97	25	16	96	35	31	50	76	93	67	33	81	37	8	76	59	51	5	83	38	34	31	27	35	49	87	86	38	5	44	86	25	56	65	52	96	66	93	85	94	59	47	8	95	85	20	45	2	64	95	31	81	75	43	13	70	17	31	93	80	64	38	16	55	64	28	64	85	88	57	68	5	60	41	82	-1	28	42	59	78	93	54	86	70	
28	39	17	11	35	92	37	3	57	92	48	61	12	94	24	56	9	43	78	64	46	48	88	25	23	27	58	1	79	9	44	96	13	45	91	70	78	55	85	62	53	60	5	12	38	13	7	84	27	26	40	36	76	100	46	62	69	36	15	75	61	10	83	95	13	58	98	43	2	50	6	38	91	24	5	3	62	49	19	55	33	70	63	22	80	22	86	68	93	81	28	68	-1	3	32	97	33	79	16	43	
48	71	11	46	85	4	16	48	100	11	95	11	34	31	57	31	28	97	85	28	41	96	83	59	80	88	47	68	68	100	73	57	9	39	8	100	41	27	77	94	41	27	66	87	70	35	78	92	95	60	82	8	31	54	5	38	19	56	88	23	74	75	92	39	88	15	32	13	68	9	30	39	32	50	10	98	64	94	69	98	3	93	39	78	7	82	91	92	92	77	81	70	47	-1	10	18	23	47	34	71	
43	44	1	8	44	50	41	35	14	39	34	11	62	100	7	43	7	93	72	29	80	45	4	17	69	37	49	70	4	87	54	78	67	2	64	53	35	42	20	78	50	38	55	31	62	70	39	6	41	97	86	88	64	92	20	77	28	11	81	12	45	44	91	60	73	93	66	55	69	58	26	2	6	20	65	34	79	68	84	5	81	15	29	11	99	49	27	7	3	24	98	89	44	58	-1	50	94	38	59	82	
82	71	84	59	100	62	34	43	34	26	20	27	75	75	62	48	87	77	42	21	46	66	49	3	88	92	5	31	78	80	58	92	76	31	41	81	59	83	48	77	25	9	84	43	17	20	7	92	51	86	58	23	30	73	50	69	9	49	96	85	10	72	99	21	63	71	25	33	95	79	50	32	47	74	92	33	21	26	6	92	15	14	92	73	88	61	7	47	28	75	17	93	46	35	18	-1	33	79	45	28	
58	16	47	80	8	14	95	46	85	45	91	67	78	35	81	9	74	43	48	19	26	70	95	50	54	4	4	63	31	98	39	17	18	63	64	65	16	24	78	49	14	68	54	50	59	80	75	41	14	16	35	75	70	2	63	84	29	66	30	73	92	50	40	61	29	99	20	87	73	17	30	40	92	39	10	70	50	65	81	92	11	85	75	48	82	1	36	10	1	72	79	6	4	34	63	65	-1	4	88	60	
12	38	39	23	96	80	25	1	28	39	47	13	1	35	60	98	32	42	25	2	26	79	92	2	72	58	99	94	35	11	19	73	24	8	24	60	97	98	30	82	13	24	28	56	46	82	45	54	3	68	8	14	26	59	24	94	36	18	4	48	83	41	75	66	1	90	79	79	59	22	83	93	62	74	90	27	5	73	2	73	67	53	98	90	15	96	95	73	14	29	49	73	59	7	68	26	66	-1	97	21	
79	33	86	71	90	38	68	93	4	27	19	93	69	38	64	85	52	93	70	58	66	9	3	87	17	77	52	7	91	30	49	80	64	44	49	14	9	20	56	39	69	32	22	5	37	58	74	71	78	4	19	28	85	47	63	40	56	27	69	91	16	62	41	67	67	85	25	24	70	75	62	78	65	75	71	55	53	85	34	40	90	24	100	17	90	2	70	82	38	31	81	84	1	14	42	99	50	14	-1	18	
10	41	56	55	38	71	50	84	18	13	63	30	46	99	32	68	61	26	3	27	61	8	49	33	78	30	90	59	42	14	99	30	7	6	35	75	21	97	15	1	66	89	94	58	31	52	45	61	29	15	2	79	72	4	47	25	26	71	81	77	39	87	74	74	48	65	40	33	13	86	3	86	36	41	61	23	6	63	51	47	16	66	66	10	87	71	88	84	75	72	1	51	10	34	77	1	87	35	46	-1	
