100
-1	87	20	84	86	49	93	40	35	44	10	55	81	30	100	76	18	48	51	23	85	16	2	67	79	32	2	56	76	17	74	76	11	43	54	49	19	88	5	44	78	95	51	68	34	72	75	44	91	17	45	21	96	42	19	20	45	52	1	3	32	86	51	82	82	13	10	24	41	2	65	83	36	2	94	40	15	33	95	70	39	22	66	82	56	30	73	11	25	19	70	71	83	71	70	14	71	93	90	73	
17	-1	59	34	41	53	56	22	13	63	24	3	89	45	42	11	9	70	49	75	58	100	90	71	55	31	65	15	22	44	38	49	12	95	62	79	98	45	38	47	6	8	23	84	69	96	42	3	26	33	10	85	39	54	5	98	2	26	99	75	60	6	61	12	1	14	96	17	2	59	23	78	58	24	82	68	78	47	49	26	1	91	98	8	4	71	35	74	42	42	18	53	42	97	65	26	20	64	48	39	
65	52	-1	72	13	23	48	31	62	16	23	77	92	22	78	73	59	95	7	36	80	18	37	33	97	54	92	11	67	29	87	47	85	99	80	40	19	68	28	71	54	47	20	98	78	57	79	66	30	26	53	25	59	90	92	1	32	74	9	50	75	4	12	96	35	80	71	4	17	45	40	44	77	72	70	42	51	90	2	18	62	72	7	10	51	66	34	86	28	20	62	23	15	5	91	72	86	53	21	68	
97	54	39	-1	66	70	85	41	30	43	53	39	8	1	9	63	87	56	38	21	55	68	35	4	97	50	4	24	26	9	24	61	23	70	11	7	97	58	15	4	5	47	31	2	93	14	76	57	74	3	46	19	21	77	31	91	93	36	94	34	83	20	3	64	86	81	12	38	64	35	59	100	36	46	18	22	100	34	51	63	22	47	46	57	67	29	88	50	27	90	77	62	43	16	60	67	28	64	5	85	
39	15	7	73	-1	50	93	64	52	98	83	69	52	97	73	42	43	86	71	46	11	34	91	43	72	77	36	69	79	18	21	86	20	35	54	21	39	61	62	95	64	98	88	38	35	92	28	22	9	77	100	81	4	43	47	94	12	66	64	100	47	7	44	68	98	40	50	91	46	9	91	57	82	49	58	27	93	90	52	55	38	45	18	69	66	41	27	84	82	29	97	23	86	76	88	41	65	77	81	75	
49	59	80	8	86	-1	43	75	38	10	31	13	23	36	37	12	82	1	69	26	11	70	31	42	41	47	61	69	50	51	83	39	96	6	67	55	94	71	79	37	40	6	85	76	64	57	10	43	93	53	26	36	29	51	3	19	21	51	89	63	20	5	65	22	42	7	76	74	38	90	94	88	33	36	1	32	92	14	24	17	72	97	5	78	69	86	58	25	97	58	8	47	57	31	4	44	33	17	23	20	
11	79	35	11	18	62	-1	30	69	73	34	14	21	56	50	54	67	11	55	44	67	100	96	31	52	19	53	91	96	88	35	67	38	7	30	91	6	25	78	6	68	85	35	89	83	50	29	44	43	55	58	84	33	30	61	86	6	77	78	87	47	61	31	61	35	29	19	85	13	20	85	57	4	94	19	68	44	84	87	4	78	45	51	79	55	83	20	32	69	50	72	32	43	35	11	77	11	29	10	90	
21	65	51	68	49	11	44	-1	40	59	96	83	53	5	9	37	64	10	87	78	46	90	44	81	1	11	27	48	82	30	79	18	78	29	22	47	15	35	64	16	4	56	17	44	36	83	59	45	20	17	6	43	68	85	10	74	47	84	19	90	96	17	63	80	100	45	86	51	29	91	29	32	65	12	10	65	88	37	87	19	66	77	33	23	25	92	48	42	61	80	92	85	100	91	82	20	12	93	16	73	
67	36	97	39	3	14	9	47	-1	66	46	69	95	95	32	26	34	33	49	10	59	12	90	58	17	66	33	18	46	11	6	6	94	76	23	10	7	37	94	41	94	85	90	61	57	11	40	78	23	5	87	60	19	71	18	66	41	53	49	4	21	37	96	79	66	29	63	28	90	28	60	70	78	54	41	72	8	85	1	14	43	73	31	78	72	87	81	90	14	46	13	89	27	66	49	59	77	86	28	85	
97	43	37	88	43	69	36	56	46	-1	33	25	20	86	92	35	64	84	48	6	44	32	88	89	67	98	84	35	2	18	66	86	70	88	59	88	55	32	49	34	50	77	80	70	90	8	11	49	62	75	49	97	34	91	44	35	84	91	54	33	96	82	45	34	55	11	23	26	31	63	7	27	75	2	22	4	74	41	69	49	33	23	26	39	70	27	6	73	2	14	6	99	61	33	25	95	92	33	92	6	
72	22	10	68	34	72	30	5	94	81	-1	95	38	55	18	56	59	58	7	21	55	99	26	49	70	17	39	95	89	50	8	65	28	70	62	87	36	42	25	81	99	1	31	41	84	54	10	23	97	72	73	58	55	97	45	98	57	49	36	37	97	43	42	43	4	45	74	53	39	69	19	27	21	46	96	18	15	4	29	86	38	51	35	48	47	42	69	41	53	7	32	91	26	41	96	74	59	54	56	49	
13	30	31	95	20	47	16	59	20	63	32	-1	42	9	63	38	43	99	21	87	44	60	40	66	53	80	90	17	9	28	47	38	39	91	89	25	17	51	87	71	23	50	37	22	31	54	12	33	53	37	74	71	40	28	33	55	42	56	56	3	41	55	14	53	46	65	93	85	34	54	78	40	91	49	48	29	32	89	2	6	12	19	57	17	76	81	96	79	34	49	82	8	69	33	69	41	15	21	72	47	
62	42	36	77	70	57	67	95	33	79	97	11	-1	76	64	38	4	2	21	11	58	34	11	99	38	2	65	98	6	49	77	5	2	20	9	5	32	57	79	13	21	95	99	33	10	30	85	73	66	10	34	56	48	98	27	85	51	87	63	83	95	9	40	53	60	73	25	65	30	71	11	88	59	86	2	74	61	78	20	62	53	33	12	77	72	9	40	99	60	81	56	74	86	46	18	90	15	88	42	93	
99	25	7	11	81	49	86	84	64	51	75	89	74	-1	79	57	49	27	8	54	17	96	44	11	82	97	69	44	9	51	78	51	63	67	19	57	14	46	33	93	96	89	34	14	54	89	27	91	48	45	58	69	95	45	15	44	55	13	41	45	18	6	59	92	52	69	48	8	81	32	30	79	68	38	38	28	6	73	66	5	82	58	80	50	41	77	71	83	37	58	55	78	74	99	90	49	1	6	92	1	
40	69	35	75	65	21	32	69	43	96	23	72	90	74	-1	86	16	11	17	95	65	39	91	23	25	47	73	35	83	48	86	61	6	7	10	20	25	12	48	43	21	10	40	3	11	46	64	11	56	78	45	80	73	39	42	48	36	26	25	36	1	67	17	84	57	79	59	30	17	35	31	52	93	4	78	14	82	22	42	47	44	24	89	25	36	45	9	27	15	48	67	70	55	28	79	84	82	30	71	21	
19	60	92	98	24	35	2	39	61	88	18	15	26	22	68	-1	35	25	63	93	11	64	64	3	28	74	33	51	7	32	89	60	16	8	10	14	83	10	97	23	70	65	77	77	19	2	57	52	93	24	2	2	77	49	77	52	67	65	53	55	53	91	1	88	52	76	72	88	56	84	1	39	72	25	29	7	58	35	95	63	84	61	98	76	57	26	69	56	94	48	87	77	51	39	88	72	68	21	72	75	
67	96	35	32	17	82	40	63	21	17	85	14	72	77	92	26	-1	10	81	7	77	47	19	37	10	85	13	92	48	13	57	29	3	16	33	6	43	52	22	47	38	56	68	60	32	24	91	18	2	80	64	39	60	46	55	34	14	30	47	67	40	10	7	95	40	30	40	40	60	98	43	12	97	30	4	99	35	85	31	13	86	44	82	28	41	13	7	78	52	83	40	55	91	56	76	22	53	94	23	40	
95	47	89	1	70	71	34	33	25	2	74	46	99	62	8	20	71	-1	13	44	29	62	3	77	75	63	87	75	62	16	48	85	94	75	34	10	8	93	32	30	8	92	36	71	83	32	21	73	78	60	84	5	87	78	67	48	63	70	82	96	31	71	91	87	2	53	3	76	99	40	53	22	83	78	82	18	90	47	30	37	78	30	6	78	44	9	14	96	70	17	26	75	45	63	11	88	52	98	67	94	
65	17	69	72	2	44	13	28	66	6	92	88	81	98	31	31	29	63	-1	5	98	34	91	42	29	17	7	57	72	44	100	54	21	1	38	1	35	57	73	77	84	7	43	32	79	61	28	54	9	32	55	92	21	2	2	67	49	61	89	29	55	95	31	23	56	65	49	96	96	24	99	25	54	76	60	98	17	75	39	7	31	82	35	50	65	74	44	4	39	90	95	58	46	35	25	15	75	16	3	27	
98	23	12	17	78	35	97	29	78	31	5	67	65	100	53	12	54	30	99	-1	38	48	81	19	61	80	81	28	73	71	10	87	53	49	30	85	23	49	79	64	89	63	50	48	82	24	44	2	69	77	3	33	21	71	12	19	46	89	94	9	18	42	3	59	63	49	97	46	16	62	68	40	67	99	70	17	7	31	36	6	70	81	35	34	16	80	25	60	80	2	20	92	77	3	83	45	65	27	28	43	
15	30	58	40	7	78	45	8	75	18	94	93	50	43	23	12	91	24	26	9	-1	19	38	21	81	15	75	70	10	26	10	12	43	74	76	10	17	44	85	9	73	21	2	76	30	74	1	11	25	91	98	93	4	12	13	40	8	8	28	52	22	71	46	79	100	89	32	78	59	71	67	16	83	58	38	65	19	62	89	24	55	100	74	29	51	63	72	68	52	3	41	46	49	79	20	51	88	33	10	19	
57	72	32	97	96	69	62	76	30	21	35	4	100	9	73	74	27	67	54	15	15	-1	89	74	34	98	59	3	22	32	18	3	53	41	86	49	68	90	15	23	31	72	87	93	9	49	51	54	31	44	77	59	72	15	97	28	69	47	38	67	46	79	27	78	69	73	45	85	28	94	96	44	77	57	53	49	10	5	30	93	2	54	68	83	75	29	64	18	64	6	37	45	49	63	89	79	17	90	38	96	
91	60	19	29	94	96	99	47	30	66	93	74	58	72	9	15	16	16	65	36	33	92	-1	100	60	81	70	35	67	83	28	45	38	20	23	64	58	30	11	65	29	7	6	60	30	99	92	91	6	63	90	53	55	58	25	94	68	1	38	42	77	17	95	33	60	59	9	89	28	97	20	13	61	92	94	60	32	57	68	63	5	36	49	88	54	49	92	80	86	89	61	21	89	69	67	99	5	68	92	51	
74	75	80	66	42	57	14	61	5	33	33	29	51	3	82	1	61	84	87	5	89	37	16	-1	65	64	86	91	26	46	60	69	93	81	73	51	34	29	49	6	6	76	89	15	20	80	16	93	32	49	74	36	10	49	52	2	34	69	15	84	55	82	89	56	21	39	1	64	17	41	6	62	76	89	90	85	57	88	75	10	63	33	27	40	90	2	28	5	31	88	38	34	86	73	32	57	19	90	32	85	
44	26	39	57	31	64	97	13	15	4	60	77	47	41	51	31	70	41	5	63	100	82	98	61	-1	42	11	77	91	48	18	11	84	31	60	17	92	97	70	72	41	99	79	4	25	47	13	86	49	25	89	37	33	27	53	39	61	35	45	33	3	72	81	40	66	17	80	82	51	85	14	76	78	64	61	85	75	65	66	72	33	92	99	97	59	69	20	5	93	38	22	50	54	30	57	61	7	99	17	67	
38	69	52	34	8	63	95	33	99	77	95	13	60	31	81	69	73	61	8	4	58	11	82	34	57	-1	3	62	8	19	69	100	48	45	70	53	5	78	68	52	26	53	68	9	13	47	93	45	25	26	73	91	12	25	41	62	3	83	78	58	55	85	1	15	86	47	15	92	44	10	10	96	90	17	62	59	8	8	83	59	50	88	53	52	34	31	69	89	91	19	16	87	1	23	34	12	91	9	5	61	
9	62	9	56	68	86	22	41	66	63	68	53	10	81	22	55	8	19	63	23	17	72	20	100	81	87	-1	62	3	21	47	79	92	55	91	47	55	51	81	57	95	87	70	69	53	55	50	76	5	7	100	46	85	12	35	31	30	97	70	34	94	14	65	22	66	2	29	89	9	13	71	10	78	40	87	33	79	15	59	50	21	67	89	98	53	58	92	1	84	80	31	93	51	64	19	89	74	70	8	98	
31	77	45	38	85	55	79	97	77	72	55	85	31	57	3	28	6	18	75	53	82	94	72	4	38	5	52	-1	9	85	43	31	23	59	47	50	64	92	62	10	21	93	57	76	100	80	79	30	96	13	72	36	84	89	71	55	22	77	63	94	86	78	41	4	7	64	11	81	61	88	59	84	56	63	13	44	20	51	67	26	21	40	48	50	33	15	39	54	28	54	69	27	31	45	12	1	80	39	5	21	
100	36	40	37	10	85	2	68	72	8	52	86	16	14	90	42	45	14	26	43	25	48	79	52	97	22	4	35	-1	99	78	13	39	35	80	68	80	85	89	35	44	33	28	33	8	80	92	58	28	7	54	93	63	42	68	93	24	75	58	1	54	75	32	3	59	51	77	66	90	34	94	68	19	47	98	76	90	6	20	61	4	80	10	34	61	31	17	59	21	98	80	47	9	80	81	60	57	82	58	64	
52	8	21	45	63	1	82	40	69	42	12	21	58	31	38	38	55	67	91	45	69	73	57	23	90	76	70	46	60	-1	32	35	85	11	9	44	54	62	19	57	57	85	95	8	47	93	2	38	98	31	50	50	31	18	81	71	39	87	12	66	10	86	12	64	17	26	65	6	35	93	75	45	19	13	93	6	28	71	74	23	36	10	70	83	13	66	77	84	5	61	99	70	17	69	75	46	52	88	97	72	
9	16	38	13	86	67	62	73	98	34	37	16	42	20	9	69	39	69	91	68	31	76	35	40	9	98	49	60	10	88	-1	13	40	46	47	63	2	50	29	75	30	47	83	55	17	34	89	71	53	69	69	24	5	59	32	44	30	84	81	65	63	79	59	80	1	99	49	68	38	35	16	3	94	77	33	31	7	2	80	85	5	48	24	86	25	28	100	75	60	16	13	31	90	43	1	23	39	36	80	85	
20	33	52	71	82	38	26	78	77	97	98	70	59	34	84	29	99	45	53	64	68	67	40	65	21	91	50	57	3	74	78	-1	19	60	65	61	98	34	65	16	48	95	34	16	39	11	69	79	76	80	48	67	6	32	76	32	20	48	69	45	87	100	79	4	82	15	17	70	22	52	5	17	64	41	67	4	56	15	75	66	60	63	8	58	22	83	35	42	59	40	62	64	8	66	1	70	25	20	78	13	
75	70	92	22	62	76	11	42	48	21	30	80	21	20	61	38	87	50	47	10	19	12	19	53	9	2	3	43	9	55	1	56	-1	46	11	73	86	47	67	78	44	64	45	17	19	38	8	75	63	70	24	70	96	79	88	86	93	34	99	96	77	65	45	68	36	15	32	8	76	3	67	52	96	7	89	43	25	63	85	86	20	95	21	39	15	89	9	45	4	82	77	78	42	70	25	33	60	17	12	45	
83	17	31	9	84	10	91	94	67	93	97	26	34	9	89	10	65	73	86	7	9	13	21	60	99	3	75	74	74	81	63	76	85	-1	18	31	29	30	93	14	5	61	96	96	59	69	52	69	16	68	100	83	15	98	77	73	66	60	53	56	77	24	22	57	77	8	41	51	89	62	98	15	28	47	47	45	85	89	53	96	39	61	10	69	47	1	11	72	40	88	52	71	53	92	49	27	77	4	99	52	
99	78	64	49	95	17	95	56	1	29	68	35	48	4	14	62	46	15	50	19	6	37	67	100	50	100	98	68	78	75	8	5	32	76	-1	49	60	22	82	32	81	1	95	72	76	59	44	69	89	52	76	12	8	4	77	10	40	80	100	20	36	73	44	27	26	97	62	34	60	73	39	20	53	47	25	2	9	1	79	2	23	5	19	9	30	22	1	99	25	51	90	32	48	35	50	20	80	100	70	62	
18	96	76	34	83	33	32	49	82	88	59	18	50	45	22	10	1	100	85	23	74	75	96	37	51	82	58	29	38	47	13	30	1	19	93	-1	16	59	17	64	62	1	50	25	25	29	76	27	43	70	58	29	53	80	28	52	95	18	20	16	31	84	8	34	25	34	55	18	87	50	57	5	17	76	61	1	6	69	70	47	55	8	97	80	91	17	82	92	96	83	99	24	49	83	53	19	60	71	30	58	
6	31	79	38	41	3	87	98	85	88	27	34	90	20	3	44	85	100	45	21	78	12	89	37	76	74	85	82	39	98	53	78	42	58	38	92	-1	59	76	98	82	63	16	51	8	46	100	10	11	24	25	89	14	9	96	73	97	83	77	4	80	21	91	49	30	34	35	53	24	46	85	56	35	12	97	43	57	77	42	100	58	68	1	19	85	82	88	50	30	44	57	9	5	22	56	92	82	99	7	82	
63	74	81	32	62	75	46	33	8	63	66	39	81	88	43	37	12	8	35	34	85	43	52	2	85	88	27	40	90	60	98	44	76	69	41	18	87	-1	9	31	54	58	41	86	73	95	25	84	81	48	29	13	24	94	37	21	14	16	12	68	96	97	46	74	55	34	49	8	50	54	73	92	39	39	38	44	32	6	62	62	17	13	70	27	64	44	90	25	73	33	89	65	47	1	61	53	35	72	86	46	
16	58	36	18	82	87	40	47	63	100	92	99	47	31	21	75	50	9	9	42	43	5	60	8	99	16	48	58	100	3	81	88	52	84	6	39	81	6	-1	20	92	58	54	10	90	69	30	26	52	26	83	3	91	53	76	68	40	35	11	28	57	98	71	90	56	10	69	66	70	27	7	12	74	28	64	25	80	49	5	85	11	84	43	96	40	61	86	3	38	23	73	24	35	78	56	56	4	90	67	41	
60	48	99	72	81	31	77	81	88	50	57	88	70	69	57	10	34	96	51	85	69	79	48	5	15	18	46	20	80	76	86	58	79	3	66	48	98	10	63	-1	65	78	68	90	86	8	67	76	84	92	14	18	24	33	3	94	42	38	31	92	73	91	1	60	58	38	18	24	10	67	54	8	69	95	98	76	85	29	55	42	24	51	8	9	85	54	11	61	84	82	30	87	68	9	43	67	84	26	48	29	
21	30	33	89	99	26	70	91	82	2	54	77	11	53	32	78	26	53	63	15	86	77	57	27	48	30	67	77	57	10	49	4	99	23	72	66	24	39	7	14	-1	64	22	34	94	4	24	76	18	95	13	7	44	9	95	22	40	78	83	86	12	36	70	77	11	20	5	39	87	99	42	38	94	75	13	17	25	63	64	94	92	64	43	72	58	57	50	99	62	49	87	59	12	22	94	52	80	86	36	54	
51	42	60	49	51	53	96	69	54	62	19	40	98	60	81	32	47	73	40	30	60	75	26	65	7	23	55	59	76	86	100	86	80	53	92	1	5	88	14	44	20	-1	11	47	65	38	3	61	49	29	74	4	86	12	93	45	62	43	18	28	84	38	3	46	17	48	69	18	14	16	32	11	8	13	62	83	21	17	38	11	29	66	19	59	39	24	33	14	57	90	32	42	76	72	74	81	81	80	2	95	
76	44	58	56	43	11	40	76	23	43	65	85	66	15	5	68	61	45	47	36	41	66	28	63	19	20	98	9	92	24	3	22	76	88	98	48	48	11	13	49	89	28	-1	75	1	30	47	72	71	19	22	10	72	56	12	7	41	30	96	93	95	16	11	33	16	64	81	39	11	3	97	88	74	66	52	85	6	43	56	67	21	83	77	59	44	53	23	16	36	87	82	35	98	32	63	91	31	26	95	61	
33	4	72	45	31	34	98	98	73	44	20	42	80	56	96	18	39	4	45	4	82	72	30	29	6	99	50	86	73	76	38	2	63	63	94	74	81	73	55	79	69	84	72	-1	94	59	35	40	66	2	29	12	99	29	96	30	31	67	99	33	97	54	68	85	87	12	40	37	36	95	28	47	83	26	1	32	23	75	54	5	11	8	96	41	32	41	2	72	92	26	55	56	81	100	49	18	35	85	79	66	
2	22	9	34	87	33	10	4	72	62	42	87	82	25	58	8	43	84	36	54	17	22	11	18	34	81	63	19	20	48	4	29	82	89	57	44	59	45	47	48	90	95	63	90	-1	67	85	77	5	14	44	5	70	69	56	59	73	59	80	25	9	42	63	24	30	92	68	84	44	26	42	92	39	68	94	14	49	9	13	70	76	98	16	85	25	5	87	3	55	100	90	49	44	90	86	93	56	25	43	95	
40	69	32	9	78	3	92	89	41	77	28	69	20	58	5	48	54	69	7	67	57	75	82	42	15	44	68	52	16	13	11	96	34	31	88	14	49	67	100	14	10	63	14	87	90	-1	28	62	34	67	96	32	56	91	41	72	16	20	43	21	54	75	63	75	29	3	41	73	36	56	39	6	83	36	50	80	18	90	20	83	47	74	46	11	56	21	33	20	79	57	80	85	37	42	20	23	60	26	54	15	
85	23	4	43	86	71	10	97	76	80	83	40	59	20	36	15	4	62	89	35	39	95	42	65	87	92	39	16	63	53	51	35	54	93	89	90	81	66	76	97	20	4	9	22	38	25	-1	42	49	16	88	89	32	69	38	70	20	3	8	81	60	37	34	99	16	88	31	63	71	90	79	36	41	89	25	29	56	52	41	59	7	29	53	22	40	75	30	31	78	36	33	49	46	86	58	59	3	9	21	65	
51	36	4	33	20	13	28	15	50	70	23	12	83	89	70	16	97	26	14	18	91	20	60	84	99	41	17	51	66	27	31	44	45	39	70	72	82	63	18	81	25	90	1	45	97	30	99	-1	6	25	63	71	43	8	2	37	38	97	36	71	46	43	64	85	91	9	19	76	12	7	95	84	81	12	45	33	97	63	67	23	69	20	84	22	45	36	46	64	66	59	2	20	45	61	58	58	67	11	60	92	
70	68	81	5	39	20	32	56	92	91	59	48	20	20	27	17	20	16	64	29	1	86	3	27	35	77	64	16	44	100	14	24	53	100	41	76	60	67	14	70	51	84	88	60	52	47	90	80	-1	90	43	52	3	46	17	67	33	33	10	18	5	33	67	97	13	62	32	11	80	19	23	86	46	14	11	81	36	28	33	7	9	28	13	86	15	50	76	23	10	7	4	3	94	51	49	25	39	17	23	11	
54	97	95	10	30	16	63	14	4	89	16	77	62	73	14	94	9	28	27	65	70	52	4	25	38	25	92	78	82	33	57	73	54	86	72	45	96	78	96	47	47	79	86	27	44	79	95	16	53	-1	45	83	18	25	20	45	63	15	88	90	5	30	79	82	81	24	49	89	50	61	47	26	52	67	85	42	91	55	30	3	13	99	64	31	42	90	20	55	85	51	79	83	16	34	82	75	68	23	23	54	
83	9	96	34	21	50	99	25	96	3	67	75	87	50	98	71	94	54	52	30	71	28	79	81	88	87	95	71	80	37	87	92	35	96	53	91	58	5	27	26	34	96	86	13	63	36	27	84	96	38	-1	39	55	86	80	11	50	2	18	93	2	46	32	62	69	62	77	69	34	19	28	6	41	1	13	74	79	78	31	6	57	38	67	30	81	40	27	36	94	96	20	9	29	15	97	40	100	84	13	88	
22	8	31	23	50	21	72	76	33	50	4	100	26	6	72	96	48	62	47	26	59	16	32	67	71	13	40	20	6	89	5	43	15	78	81	64	42	18	23	95	89	85	2	12	72	54	84	66	65	96	62	-1	20	79	33	21	46	80	50	57	78	57	98	14	26	97	95	68	93	16	48	87	88	29	66	67	55	50	69	70	92	27	3	90	71	90	18	94	18	33	17	27	95	64	25	15	84	17	45	30	
15	21	36	91	74	96	92	53	12	96	67	71	85	66	21	61	70	10	13	96	81	1	57	19	27	55	23	79	90	82	58	60	10	75	100	29	94	27	13	42	44	59	31	27	13	3	44	64	50	37	21	39	-1	84	52	28	53	69	31	77	81	40	96	52	6	29	84	61	99	44	17	28	28	51	29	11	82	66	21	10	70	83	42	78	39	6	15	1	37	94	75	65	70	52	24	89	99	97	28	40	
34	47	26	17	27	72	13	22	51	61	32	41	9	80	14	84	47	44	44	32	99	10	43	4	26	73	25	83	61	81	61	19	42	16	43	8	45	24	20	44	52	37	13	8	55	97	80	43	88	61	62	89	82	-1	4	8	39	37	37	19	97	62	90	89	52	59	86	14	81	72	26	48	89	71	55	95	31	77	95	84	87	55	3	78	28	56	32	85	17	23	69	90	7	63	71	92	18	32	18	54	
96	50	75	100	38	33	6	10	78	95	10	10	80	6	75	34	49	39	63	34	13	43	84	15	4	8	81	28	32	7	31	64	29	9	74	24	97	30	64	83	32	45	81	59	23	9	40	33	36	4	1	60	73	94	-1	23	33	2	28	80	35	44	66	98	78	40	97	100	49	11	94	1	64	63	87	61	6	42	98	86	39	58	11	29	46	4	4	49	45	88	45	7	28	65	30	86	59	2	52	37	
14	89	88	75	72	50	64	5	3	2	11	91	77	93	71	100	20	82	45	51	10	71	93	70	100	7	55	84	95	37	61	44	68	37	85	67	12	62	9	78	19	64	58	88	34	74	18	77	22	47	85	72	20	73	33	-1	23	90	14	1	40	71	86	35	17	73	28	89	87	90	73	6	52	97	54	13	72	27	14	2	61	1	3	99	17	91	63	9	55	46	62	63	57	66	2	99	33	3	71	44	
99	69	84	27	38	57	66	25	57	62	75	96	63	88	58	33	78	4	97	17	1	96	95	6	64	20	55	5	4	10	65	94	23	77	3	28	89	68	90	77	83	13	3	24	100	24	12	65	70	66	11	40	67	13	85	34	-1	12	70	99	53	49	88	49	55	6	71	59	20	32	73	84	59	83	12	88	97	64	92	37	12	70	13	22	20	65	48	40	83	78	11	32	30	97	47	93	46	16	98	94	
68	67	96	3	57	9	53	44	49	50	56	1	62	9	42	64	75	84	62	65	65	61	35	8	78	52	70	96	20	14	2	34	20	4	38	3	100	8	58	58	94	35	24	5	70	40	44	55	18	52	29	98	87	86	95	90	91	-1	53	90	26	5	52	92	17	80	57	46	71	84	49	46	6	5	94	49	79	98	46	39	57	45	4	67	8	35	69	6	94	82	52	82	14	93	69	99	69	72	14	8	
61	41	91	94	76	38	16	30	25	72	28	76	52	71	85	40	100	55	45	44	84	87	6	98	94	15	66	87	92	3	72	28	24	74	19	9	39	37	28	75	5	61	14	98	71	2	42	22	40	72	79	13	72	57	47	70	93	73	-1	98	45	44	39	71	19	76	57	41	91	85	65	67	5	85	32	55	41	57	24	68	31	62	42	90	78	86	66	78	75	44	69	46	60	92	26	18	40	37	64	88	
72	81	40	73	51	55	59	28	6	72	46	26	67	32	56	23	66	38	8	80	100	5	80	45	76	88	69	33	28	20	40	16	9	48	96	61	57	49	49	64	20	27	32	57	4	16	16	77	34	20	28	72	46	37	46	24	70	100	88	-1	10	29	39	33	38	21	84	58	56	80	22	81	20	3	46	29	73	28	77	84	45	97	40	94	47	56	68	82	3	8	12	58	79	38	75	62	58	89	6	65	
89	51	69	36	75	75	69	7	93	6	79	65	74	99	90	21	41	18	23	38	89	93	56	8	16	24	9	17	3	87	46	51	97	82	80	66	2	13	56	20	77	15	14	67	41	80	11	87	93	100	24	100	83	46	80	55	34	5	15	52	-1	26	53	53	62	91	61	46	58	96	88	43	9	95	42	46	29	74	9	21	46	19	47	96	89	8	89	80	29	88	72	38	64	66	87	21	68	92	57	23	
70	42	5	87	34	52	19	67	33	92	13	62	79	45	82	60	33	13	5	68	86	7	97	55	49	60	79	32	55	59	49	31	96	16	58	22	79	35	58	1	93	44	84	84	50	64	5	71	60	1	2	8	68	95	33	41	42	96	19	12	99	-1	25	62	27	1	53	37	69	7	98	16	8	30	61	7	93	43	83	33	80	69	69	21	9	2	59	39	35	45	21	23	71	62	66	94	93	49	10	30	
64	76	5	92	76	96	72	29	3	98	44	52	9	94	36	25	29	67	52	23	43	100	40	1	36	58	29	96	82	80	34	16	56	56	93	31	61	19	92	58	84	38	67	1	41	41	79	78	78	64	65	1	72	16	16	59	46	21	71	89	78	98	-1	98	35	11	44	74	91	20	58	30	30	83	40	77	25	92	19	34	69	46	13	63	70	58	73	33	64	27	73	87	79	98	14	65	27	79	16	67	
7	35	46	82	10	32	36	9	18	45	4	88	13	39	53	86	37	37	19	37	45	18	19	14	45	24	73	56	20	23	7	65	24	95	83	39	26	79	42	69	83	82	43	94	90	79	78	45	55	45	41	26	25	39	54	95	47	70	59	47	11	54	71	-1	35	68	53	73	78	28	20	61	38	1	82	90	55	9	4	66	28	19	82	97	92	56	62	92	51	22	14	56	73	52	70	78	50	74	56	92	
70	34	99	19	38	31	26	95	4	69	33	50	32	73	48	41	52	83	39	31	6	53	70	87	58	57	82	21	93	90	87	48	8	19	76	22	33	45	24	19	25	2	34	82	89	1	75	6	42	48	38	92	59	32	80	78	88	40	14	12	85	8	96	56	-1	43	91	63	3	91	59	21	86	65	97	27	34	42	4	95	88	61	21	79	47	50	31	58	23	32	72	10	50	90	65	62	65	84	83	84	
42	55	34	25	59	24	8	44	66	8	89	4	22	94	98	58	56	60	35	11	19	57	86	62	21	75	45	33	95	30	54	79	43	9	9	13	8	63	50	33	21	10	45	99	82	52	38	28	31	77	4	79	70	49	77	74	95	20	70	52	70	71	29	73	93	-1	14	100	23	31	98	64	26	64	13	2	6	38	72	29	15	71	29	76	70	80	88	1	70	97	42	82	97	14	20	58	36	37	34	36	
64	37	68	56	71	79	21	74	87	71	77	51	37	61	86	37	56	88	75	10	22	71	33	96	79	58	47	19	58	36	40	56	73	2	6	21	28	6	13	81	32	61	52	49	52	73	91	82	41	40	70	17	82	49	25	73	6	100	48	56	5	35	49	80	89	38	-1	31	55	78	33	41	89	3	91	68	26	74	31	26	51	65	14	56	61	87	14	25	51	19	10	74	67	35	41	12	69	47	24	24	
47	11	39	35	44	87	83	27	14	29	15	52	65	28	95	10	46	55	4	45	48	24	56	70	18	78	37	26	98	17	50	89	12	40	53	24	69	7	91	78	78	59	20	64	83	98	70	59	37	20	41	42	28	26	52	100	1	20	34	90	87	34	34	17	26	22	59	-1	87	65	53	44	3	68	23	99	2	18	12	97	96	89	96	70	76	62	97	73	23	66	92	57	49	65	30	1	92	66	63	29	
70	11	12	38	38	39	60	57	48	52	100	98	32	58	85	87	50	70	10	66	19	63	10	54	87	6	37	15	24	95	21	83	29	63	4	5	74	68	60	47	51	51	96	6	36	25	65	7	4	12	95	84	61	35	38	61	59	1	54	3	10	77	67	64	29	25	13	80	-1	32	61	94	16	10	59	94	53	72	65	34	68	60	33	58	47	13	19	20	62	97	79	12	2	9	37	88	70	6	78	23	
73	16	53	50	95	23	94	28	75	55	50	3	24	72	84	97	79	90	14	20	64	39	82	72	49	31	58	54	15	71	45	18	54	61	9	64	63	66	90	24	76	93	45	100	52	4	61	14	7	41	12	14	60	99	33	63	50	80	20	52	68	8	63	14	72	19	83	88	93	-1	56	23	44	31	56	13	32	48	65	76	4	29	97	37	94	98	61	64	13	82	53	99	14	53	79	15	91	7	39	66	
23	41	17	15	15	54	29	6	29	91	31	46	98	43	51	38	4	10	54	52	46	24	34	96	24	9	13	25	30	10	25	67	51	15	44	32	29	91	63	76	30	19	89	7	94	86	87	94	68	80	77	20	23	62	98	10	82	65	21	97	9	39	4	96	37	10	10	53	9	26	-1	60	68	60	86	67	65	87	66	40	9	91	15	7	69	66	46	45	34	68	38	81	48	74	16	93	92	30	44	26	
67	81	17	16	21	21	65	66	10	69	22	78	20	63	9	92	41	33	1	1	55	46	94	49	5	67	34	4	51	92	83	45	41	32	19	16	72	70	20	62	41	68	72	86	54	53	36	87	62	10	51	43	85	28	85	54	40	98	93	32	2	36	84	27	87	86	59	72	79	11	63	-1	3	3	44	26	44	35	18	65	57	100	55	92	46	4	43	57	64	70	41	93	37	64	23	55	71	29	28	2	
15	4	96	29	79	50	85	73	19	84	25	11	5	33	50	55	72	17	1	33	58	22	38	69	100	53	64	24	53	36	44	48	69	31	94	4	21	53	16	33	72	12	57	48	44	19	85	78	37	55	28	28	85	36	28	30	57	82	82	70	54	55	87	33	52	6	87	30	99	85	59	66	-1	19	27	16	98	89	29	75	63	22	14	98	75	36	96	14	84	71	54	87	62	30	43	5	64	34	7	9	
64	26	8	67	31	99	34	85	75	37	8	72	19	27	83	69	62	44	99	70	47	63	5	38	56	76	70	19	51	11	34	74	90	85	21	97	30	12	64	28	73	20	47	56	25	75	45	47	92	81	21	63	99	72	63	3	56	97	18	39	40	36	53	48	3	4	72	31	93	47	41	24	8	-1	77	86	11	27	83	80	22	63	94	8	29	60	3	17	74	58	5	79	83	80	88	58	10	93	85	50	
91	93	48	21	71	22	57	37	81	43	90	29	97	17	35	30	36	53	11	86	87	73	15	55	61	55	1	37	87	30	66	26	23	69	86	85	48	1	47	29	82	63	25	59	23	87	1	58	16	35	13	51	94	3	87	64	87	56	100	68	25	7	95	48	45	67	22	44	48	23	44	65	22	5	-1	43	66	6	61	60	80	38	70	81	51	31	34	54	65	72	9	67	1	83	4	61	73	40	33	39	
71	13	82	51	94	81	33	21	42	93	7	87	61	28	90	10	22	82	71	56	31	59	40	42	71	37	84	95	39	19	17	46	97	68	31	45	10	99	77	63	8	88	21	31	44	51	95	21	28	47	74	40	77	90	14	24	79	11	1	99	61	64	5	75	50	89	1	77	20	89	36	92	75	3	78	-1	15	82	71	24	25	62	75	22	27	31	40	35	66	19	45	25	50	100	18	53	49	22	33	86	
5	73	53	45	93	56	38	43	40	41	17	50	59	43	28	81	80	34	49	71	80	18	95	81	66	26	61	55	48	62	2	92	94	31	1	45	5	86	73	36	74	31	11	53	78	55	87	1	68	1	89	97	33	89	66	13	7	22	1	6	77	49	53	48	50	33	71	12	93	97	37	93	64	76	51	13	-1	67	39	49	23	66	96	32	58	21	14	44	53	37	17	14	5	32	91	23	2	89	99	33	
90	12	81	40	38	62	74	23	46	34	34	24	71	59	59	82	34	94	100	98	84	62	81	40	21	28	57	62	22	94	57	89	94	75	63	11	82	30	71	57	39	74	72	6	20	71	75	7	41	25	83	80	76	65	1	19	58	78	10	40	63	98	16	45	45	17	90	59	22	65	22	4	49	43	14	70	40	-1	33	7	12	35	13	92	59	87	64	70	92	59	14	74	40	67	33	60	32	64	100	74	
74	74	46	96	88	5	87	83	7	77	86	31	27	36	11	54	81	26	56	30	61	2	59	70	94	92	42	87	86	72	5	20	98	10	51	72	29	32	39	95	59	72	41	100	53	39	70	21	48	57	8	64	31	1	29	12	17	87	41	7	3	36	42	31	53	18	72	74	46	1	30	63	81	13	19	77	55	5	-1	56	42	39	63	64	68	71	41	61	43	7	20	55	71	51	83	11	99	13	41	70	
71	93	11	74	93	77	44	47	38	31	2	97	92	81	46	42	87	47	42	87	100	43	10	16	12	58	48	99	85	29	9	85	41	54	69	79	88	3	96	26	4	79	30	46	11	24	28	32	36	29	96	58	49	85	63	95	73	20	36	55	4	73	36	92	47	43	84	78	41	59	19	68	74	57	97	11	96	27	54	-1	30	15	16	95	51	49	13	41	37	74	33	19	47	4	96	59	43	54	77	36	
27	14	33	47	84	92	63	10	23	73	66	16	77	33	3	70	1	25	52	21	61	15	57	9	38	93	100	34	100	80	36	37	37	22	57	5	34	79	56	14	7	1	65	97	84	9	24	54	33	23	76	3	96	41	52	50	12	8	100	100	24	16	68	75	80	81	16	68	48	2	28	25	10	61	68	35	41	75	74	51	-1	31	89	78	6	42	39	75	61	46	44	64	22	94	66	54	69	50	68	40	
34	63	37	3	59	69	67	31	80	37	7	81	1	98	31	62	72	74	45	52	28	72	30	4	13	88	15	100	44	32	50	10	81	26	77	72	40	12	22	58	77	10	62	73	12	98	15	53	55	40	36	5	5	81	17	53	75	94	86	88	28	69	96	91	15	55	84	57	55	26	30	73	18	68	39	10	63	89	3	21	36	-1	66	35	88	85	22	89	53	60	9	55	24	85	59	28	93	22	10	76	
14	2	87	20	44	19	27	15	16	3	44	55	52	47	77	10	91	31	30	54	1	78	69	3	18	83	58	36	46	42	24	41	61	75	28	15	92	79	41	45	51	52	70	85	80	40	48	42	64	9	70	53	41	88	49	93	8	57	83	3	92	41	73	14	19	43	41	36	83	20	77	97	35	98	88	11	27	83	88	54	97	53	-1	62	49	66	5	34	29	36	17	70	74	57	30	36	43	40	41	73	
93	3	48	69	15	60	65	53	73	24	3	84	14	5	68	13	6	82	94	15	64	41	69	14	20	16	44	38	16	40	11	97	64	82	56	66	60	79	17	35	5	87	77	26	39	4	62	60	45	15	43	25	61	91	62	4	9	93	4	74	74	4	27	9	53	6	24	51	95	46	49	34	41	47	1	50	83	78	47	94	17	3	91	-1	35	92	90	43	79	2	60	50	49	28	10	3	28	22	1	19	
84	4	47	30	71	40	86	27	29	89	75	71	95	2	4	32	26	77	6	2	76	90	5	9	70	38	44	89	66	33	17	27	99	76	32	64	94	23	99	58	43	66	7	49	5	5	53	76	18	13	75	57	19	89	100	95	26	9	48	1	56	73	81	86	2	14	19	91	70	5	98	84	15	44	22	70	86	29	70	92	6	75	29	69	-1	55	47	29	6	8	88	36	97	26	91	37	57	77	98	90	
22	28	94	43	15	42	26	64	58	26	70	91	64	91	16	32	34	56	73	28	31	14	3	87	35	91	30	12	84	77	89	95	39	51	66	79	80	24	60	9	73	34	52	99	64	16	66	84	16	55	34	81	42	85	59	40	45	56	30	48	30	65	22	13	56	48	18	28	95	39	43	69	79	82	64	96	84	30	71	82	83	36	95	56	31	-1	35	39	9	89	52	92	36	85	79	13	92	26	19	13	
99	96	6	46	17	39	93	17	29	67	56	83	20	74	78	14	65	78	52	71	33	36	68	74	85	51	28	22	40	41	19	39	16	38	15	86	95	27	51	88	99	14	59	68	59	62	82	13	77	46	63	27	84	57	48	70	13	85	30	54	5	24	61	81	84	98	99	57	41	45	98	48	16	41	79	36	28	59	7	72	34	56	73	92	38	62	-1	95	96	93	67	45	24	95	41	84	86	57	37	97	
1	29	38	95	29	9	88	91	11	85	13	70	1	34	12	90	29	63	57	1	31	81	61	5	29	18	54	48	26	5	37	90	33	61	17	33	55	26	43	83	23	88	40	11	38	87	6	65	11	31	59	83	83	9	82	48	72	50	68	75	38	14	30	97	86	75	32	58	19	92	17	17	86	28	27	93	83	87	50	22	89	78	52	85	88	66	36	-1	89	5	63	87	3	17	18	74	15	99	41	33	
2	100	49	7	90	56	92	32	37	30	77	7	95	59	73	20	34	75	50	45	50	88	29	19	68	23	68	75	43	24	58	77	30	10	22	97	13	67	6	13	90	1	80	95	85	65	14	22	55	71	11	86	24	98	89	75	95	41	95	94	94	26	94	20	58	90	88	91	100	97	21	67	21	47	38	52	43	92	70	84	59	28	79	91	14	18	41	73	-1	63	86	49	47	48	80	81	26	93	39	34	
45	39	73	57	61	21	13	6	66	18	71	6	100	51	95	4	39	96	76	58	59	46	34	93	98	64	6	83	23	68	53	31	34	95	28	34	65	11	38	56	19	9	78	84	71	59	15	49	36	88	17	9	90	37	90	7	35	38	68	64	46	6	89	1	56	72	77	100	81	62	58	76	70	14	34	70	33	66	24	89	4	12	24	25	89	58	84	51	65	-1	12	11	88	100	52	65	47	57	13	44	
75	23	75	69	66	70	9	38	22	57	13	22	22	84	68	29	5	18	53	78	37	13	27	54	47	57	45	28	89	42	70	33	39	33	38	96	82	56	11	98	6	53	35	70	91	72	61	41	83	39	22	28	25	27	6	98	37	29	78	19	59	31	37	25	73	91	30	58	20	84	76	39	13	31	21	91	52	83	2	79	54	86	24	49	56	39	75	85	18	28	-1	39	8	41	67	11	79	91	87	56	
68	1	62	67	23	67	40	18	34	49	87	81	43	49	29	75	53	88	69	2	73	47	69	67	26	35	11	35	99	6	71	43	69	87	21	25	33	96	64	63	10	70	70	55	9	62	72	80	12	26	20	28	62	82	41	31	98	21	80	87	2	95	5	76	97	27	75	25	22	20	59	19	27	23	41	26	66	56	61	3	27	27	22	69	63	45	1	86	78	63	72	-1	91	15	100	47	30	52	18	26	
56	24	63	80	71	17	61	28	38	13	55	6	99	29	61	81	80	32	26	70	81	49	41	75	8	42	67	93	38	59	70	63	42	86	81	24	63	13	54	11	38	27	51	25	45	6	50	66	26	37	79	47	87	52	47	99	74	100	2	81	91	73	81	94	18	33	26	20	94	70	87	25	83	31	37	68	44	47	28	61	10	58	90	31	1	61	62	35	32	52	79	46	-1	71	10	57	15	56	95	18	
2	89	41	64	56	37	25	35	24	89	95	13	69	77	52	45	21	75	75	8	98	35	2	5	27	11	14	28	37	41	58	41	38	95	72	2	78	3	89	66	52	95	26	72	83	46	91	27	90	52	54	31	21	38	71	84	69	45	58	65	97	61	10	47	70	53	41	99	84	61	12	54	46	71	77	20	48	10	85	56	82	32	55	49	24	74	18	87	16	57	10	28	15	-1	79	22	53	8	90	16	
37	22	97	29	84	4	81	78	91	58	1	28	44	37	76	29	8	14	82	19	16	88	90	28	52	99	64	42	73	29	95	27	47	55	68	20	74	27	80	24	64	97	26	23	75	7	64	20	58	17	43	58	42	100	77	74	31	41	27	26	21	85	12	68	8	41	9	10	46	87	48	100	67	39	2	19	61	39	67	37	73	11	77	68	97	78	78	63	32	88	21	15	75	60	-1	40	62	50	14	61	
2	78	24	55	56	80	70	80	6	82	22	86	46	72	29	79	88	81	44	40	8	7	42	70	23	17	10	72	90	84	35	71	8	92	14	26	3	63	68	93	27	50	80	73	14	23	91	82	39	95	63	3	83	61	53	73	77	58	26	91	95	34	16	97	89	99	72	48	78	60	63	8	27	41	73	71	94	78	69	29	19	1	98	28	27	76	62	39	82	37	5	38	17	12	56	-1	31	48	46	79	
27	15	28	4	70	68	99	97	48	76	69	87	37	71	96	19	39	1	85	29	79	88	68	44	40	88	6	73	46	33	15	91	63	8	9	26	30	89	65	19	33	39	12	24	97	48	77	96	43	31	36	97	50	22	90	76	22	73	24	5	18	4	49	64	13	49	92	19	45	74	13	8	42	60	39	9	38	84	70	39	77	4	30	68	79	25	11	8	27	91	90	77	98	66	60	22	-1	57	53	50	
57	83	84	17	36	46	41	30	30	100	22	4	22	1	68	9	92	3	80	67	47	24	63	40	1	47	70	92	28	98	100	69	69	47	26	47	15	46	17	13	91	94	50	4	62	62	100	71	74	97	83	66	36	41	100	94	5	60	9	85	15	33	62	87	39	86	84	77	21	93	45	1	80	72	69	61	74	100	39	94	74	46	6	44	56	25	10	57	8	46	22	47	51	45	12	90	99	-1	19	23	
73	70	36	47	52	76	64	90	98	48	48	49	4	67	74	38	5	91	21	61	11	48	85	93	19	76	11	8	12	36	43	82	73	81	11	74	11	8	99	37	73	70	94	59	11	55	12	6	82	61	24	86	26	15	32	50	39	98	98	81	4	28	26	13	12	75	9	70	3	28	24	42	41	69	81	92	5	84	1	19	9	21	91	8	48	50	79	34	44	60	63	12	29	33	75	48	22	44	-1	51	
8	34	72	48	54	22	9	14	28	61	95	84	63	19	33	1	79	79	85	100	64	7	12	22	19	73	100	42	28	35	16	8	87	94	64	66	28	68	22	84	83	35	44	18	36	13	91	91	84	97	3	32	68	94	4	78	9	63	61	16	41	51	54	48	71	22	43	72	1	99	75	44	62	63	75	94	14	85	96	89	30	32	6	30	23	75	57	95	55	79	3	97	49	98	28	93	16	37	43	-1	
