100
-1	2	52	99	10	33	100	1	83	49	51	33	16	78	89	31	16	15	12	48	95	59	20	17	68	56	66	40	72	89	7	77	78	70	73	16	1	84	62	85	54	91	45	20	22	34	93	54	10	54	35	83	77	79	100	53	46	38	43	5	95	40	92	61	49	57	100	2	61	53	35	67	22	3	8	5	92	91	3	76	16	17	33	74	69	26	15	15	86	62	80	53	41	43	77	89	12	26	50	69	
70	-1	19	7	79	44	41	58	50	68	70	74	91	81	84	93	55	37	90	50	43	20	57	22	13	22	46	32	45	42	74	14	97	47	19	26	73	95	3	65	14	67	86	91	6	11	8	47	21	50	51	48	30	99	23	24	71	21	28	56	61	69	76	97	67	82	80	33	14	73	26	40	53	73	77	97	45	56	85	72	100	80	86	18	46	97	35	86	56	91	53	74	85	71	46	13	21	97	23	31	
48	24	-1	57	4	91	73	3	32	81	93	14	54	52	38	23	90	16	72	41	21	89	88	47	4	13	53	72	24	73	21	87	20	40	86	14	92	52	61	85	32	32	50	4	64	5	70	17	62	77	69	98	52	92	72	55	64	25	99	15	2	61	50	73	93	35	45	89	84	88	59	99	58	39	75	38	75	83	58	45	26	15	52	2	11	87	39	52	66	50	52	47	61	63	19	5	37	28	77	51	
68	23	36	-1	12	69	18	99	5	77	78	87	10	32	100	9	92	15	93	52	64	77	30	6	43	67	18	98	62	36	94	44	8	81	73	56	81	49	74	80	69	73	14	45	5	94	15	8	45	19	61	81	11	65	91	7	20	23	65	61	16	99	27	93	39	2	58	23	21	47	53	20	1	71	12	24	45	87	27	8	13	91	45	64	38	26	75	56	69	82	78	49	97	33	34	23	100	23	63	77	
37	70	25	84	-1	45	32	58	19	7	48	54	86	55	48	60	10	45	81	8	5	91	39	92	78	90	38	6	91	25	49	2	93	92	54	4	48	23	55	9	95	19	40	27	6	71	13	54	95	23	81	92	61	89	34	11	96	38	11	49	37	12	91	24	52	7	100	20	79	56	88	82	21	72	23	90	20	34	58	11	34	21	38	85	18	12	87	3	22	43	38	86	20	41	10	78	70	26	31	52	
99	83	88	63	30	-1	11	86	43	96	28	95	43	13	46	92	26	86	12	95	4	46	93	74	17	22	97	8	42	99	16	3	63	78	41	90	34	1	71	75	62	57	72	53	62	50	59	80	30	66	52	65	78	26	73	64	66	73	39	3	30	27	69	33	31	41	81	10	14	41	49	37	75	48	63	35	80	2	83	98	3	78	65	18	25	91	87	82	97	62	32	54	85	13	2	96	83	36	21	73	
14	65	60	41	90	97	-1	36	26	9	65	95	68	28	58	94	85	9	5	66	99	99	61	16	34	51	86	87	64	59	26	61	82	16	90	13	21	35	88	36	16	90	66	31	12	5	66	88	42	95	71	62	43	34	30	6	90	35	78	56	5	51	65	2	53	35	68	7	72	51	57	15	47	65	75	14	77	50	13	6	77	9	27	21	75	19	81	55	18	47	21	27	48	67	55	56	79	47	55	99	
50	24	91	96	3	43	90	-1	97	72	27	96	77	55	49	47	76	14	18	45	26	59	26	23	83	48	27	89	6	30	64	79	69	40	63	100	44	42	29	88	19	67	16	3	73	87	5	76	22	77	12	75	56	95	80	87	22	58	71	79	45	93	94	67	88	53	21	46	34	42	93	9	77	28	14	34	73	29	39	26	73	38	95	75	53	89	77	95	41	88	52	21	4	57	81	21	49	65	68	10	
10	51	77	1	94	15	31	17	-1	29	46	41	17	69	35	13	5	100	82	57	25	87	80	72	98	92	64	33	39	7	9	90	59	62	67	48	75	47	83	60	59	2	17	37	32	75	3	93	9	89	24	89	94	100	38	16	16	21	65	54	62	3	84	22	51	84	96	41	21	76	48	14	93	60	98	14	32	79	67	74	50	53	14	39	89	50	57	53	97	78	20	84	97	36	46	79	24	76	26	26	
57	4	54	47	67	43	57	59	9	-1	60	18	18	14	64	92	76	68	55	29	29	18	91	6	64	90	99	84	63	39	83	19	2	44	15	74	69	53	33	7	98	91	19	72	64	71	33	79	100	21	63	74	46	43	66	70	92	55	40	77	53	12	89	17	1	74	54	43	2	7	53	72	46	46	51	42	100	78	81	38	76	46	75	8	83	87	40	13	42	77	94	1	81	75	81	7	55	46	17	21	
84	36	33	86	23	10	5	67	66	78	-1	4	45	34	9	54	72	35	20	36	5	44	76	62	28	59	16	59	22	60	94	27	100	38	6	41	31	13	86	25	15	82	69	33	21	4	10	85	74	16	32	39	36	36	44	59	23	15	6	29	36	12	88	65	65	63	31	27	98	100	19	6	82	16	1	80	65	49	59	8	8	53	64	52	1	48	72	98	13	93	6	68	72	75	1	35	95	81	80	36	
91	65	21	72	93	56	43	94	53	28	26	-1	90	72	22	12	45	77	14	94	14	87	21	96	31	95	73	45	96	99	59	9	98	23	90	72	36	35	66	51	31	74	3	61	88	85	15	91	62	83	29	40	96	59	71	76	76	83	67	99	68	80	81	25	13	21	20	23	2	21	66	1	54	95	33	42	81	68	40	71	92	51	89	15	95	12	72	98	39	91	15	81	60	34	43	58	53	58	3	100	
97	25	52	89	36	92	42	54	42	28	89	70	-1	63	26	58	91	84	15	58	33	61	19	74	41	40	21	29	54	97	12	16	89	74	53	73	30	88	89	86	52	31	41	98	33	74	95	27	44	27	70	22	75	58	80	69	36	63	62	4	82	37	13	69	19	72	69	91	93	95	55	21	62	35	7	23	52	34	90	26	53	43	72	1	34	53	97	86	26	10	4	42	98	66	33	72	22	28	99	20	
66	52	33	3	42	62	23	100	75	26	23	79	35	-1	45	45	13	75	75	70	47	39	21	60	8	73	88	86	32	98	62	65	86	57	92	48	84	57	82	12	18	69	7	83	8	74	68	10	96	18	27	80	7	74	22	64	78	69	78	38	56	50	57	51	67	62	23	3	52	7	16	26	75	24	73	37	6	26	5	78	33	98	58	50	81	1	4	86	13	100	89	24	18	51	50	63	54	28	92	42	
23	96	47	14	57	42	95	97	93	83	71	25	91	76	-1	15	16	23	22	5	54	51	99	44	33	89	14	36	79	90	88	56	57	18	95	80	51	62	20	17	20	26	4	75	19	88	61	27	26	16	14	30	86	86	86	76	24	73	80	36	30	65	98	10	21	15	50	46	5	72	70	29	41	23	91	49	93	19	83	94	5	76	52	2	4	56	100	56	5	6	4	57	45	50	98	59	77	99	39	63	
9	85	91	84	41	69	74	80	74	100	26	55	56	83	22	-1	2	20	51	35	65	97	23	69	36	15	69	48	46	21	19	11	75	22	47	37	21	42	85	94	81	47	27	96	59	96	85	70	5	4	74	69	23	94	27	30	28	56	58	28	56	22	18	18	19	64	53	46	77	14	53	23	55	95	76	79	93	48	94	86	40	94	77	3	93	7	83	48	50	48	69	37	49	95	75	83	19	20	15	11	
3	73	23	72	63	62	43	89	54	52	54	92	26	53	64	21	-1	40	53	88	83	42	68	38	28	56	68	36	64	90	65	24	44	85	9	42	54	88	20	4	84	77	56	45	49	44	6	50	63	75	98	10	35	31	83	49	77	18	14	44	23	73	39	58	76	87	60	26	54	7	34	51	85	7	89	76	20	94	4	5	53	15	53	9	72	6	58	3	40	82	12	74	25	31	42	40	61	46	41	50	
90	51	35	92	23	95	22	85	39	67	95	76	2	15	70	50	65	-1	78	84	46	96	69	94	68	38	85	35	10	1	6	13	32	50	78	44	16	24	98	71	49	40	83	55	96	75	8	82	59	87	80	81	11	79	74	96	33	66	83	41	25	89	18	47	79	32	65	11	93	62	16	1	9	32	80	89	75	24	30	100	98	18	39	65	11	39	34	39	73	16	56	13	87	69	39	91	67	27	18	50	
49	98	56	15	67	55	56	28	78	53	28	12	25	6	72	13	40	49	-1	56	82	28	33	100	61	85	73	4	73	40	70	33	1	82	16	95	33	97	89	99	33	49	54	54	19	98	31	50	28	12	1	61	2	34	66	32	95	55	48	50	66	39	94	93	66	82	48	56	52	34	49	90	90	17	34	1	32	75	16	7	78	17	38	5	81	96	60	92	83	82	36	93	89	2	7	11	75	47	17	68	
11	45	52	28	17	88	94	5	39	78	19	60	55	33	26	19	18	12	6	-1	11	87	32	91	20	35	70	48	83	88	31	97	30	62	68	91	78	26	55	14	6	77	30	30	59	16	51	15	44	86	51	27	46	69	55	90	91	78	11	31	36	55	29	82	87	38	2	52	20	87	59	34	18	56	83	14	4	13	11	42	23	7	14	14	9	13	81	29	12	36	66	34	82	26	25	85	55	46	11	99	
97	2	91	74	32	71	57	2	22	88	68	99	45	76	63	64	3	1	28	91	-1	20	41	1	78	94	76	15	42	89	74	95	62	42	35	86	45	78	19	72	100	30	83	96	62	69	37	32	9	56	43	23	14	38	31	86	15	36	10	79	4	58	18	82	43	10	40	34	77	24	50	12	78	4	65	14	94	100	11	15	53	85	11	77	52	19	60	19	5	59	59	13	13	29	55	4	12	14	3	38	
84	83	87	25	77	7	99	58	13	78	29	10	100	34	67	52	14	98	60	2	72	-1	8	51	25	27	51	8	21	75	25	71	82	3	75	3	95	45	95	39	81	53	18	35	7	25	34	9	59	64	77	5	66	79	50	74	43	59	43	42	93	8	72	53	2	22	23	76	2	30	49	76	49	39	44	17	72	41	42	24	90	13	4	49	6	63	78	45	75	77	30	67	49	29	71	84	14	48	60	68	
95	16	73	87	79	78	53	76	60	28	37	29	17	35	64	91	20	24	40	75	45	33	-1	16	73	11	49	1	60	82	79	62	15	16	90	26	82	35	36	85	56	95	6	92	2	32	80	21	40	3	70	75	4	62	30	8	92	36	91	59	9	22	61	8	99	78	45	29	96	34	91	84	79	37	95	2	18	7	93	38	19	83	77	47	65	44	61	86	70	17	76	36	84	98	95	86	82	58	41	22	
97	38	81	68	79	38	18	53	42	98	98	28	60	52	56	45	89	65	74	43	65	40	64	-1	13	100	22	37	25	36	66	42	4	10	25	60	32	3	90	37	86	72	6	79	70	39	2	56	45	64	43	65	7	77	27	82	29	2	54	26	29	75	76	16	99	90	89	68	74	8	77	50	3	31	85	35	89	81	25	66	50	79	16	86	49	84	97	64	81	92	75	56	73	97	95	66	56	85	76	3	
70	60	87	22	28	39	36	88	49	53	77	35	21	45	34	41	14	80	69	12	85	40	39	9	-1	42	74	62	66	79	8	76	12	70	9	36	57	76	77	44	76	53	100	47	94	6	70	63	21	54	65	29	63	88	38	92	50	27	88	83	26	95	30	99	26	59	79	45	94	84	84	7	60	45	76	89	34	12	91	54	3	96	21	92	93	54	8	88	99	61	73	61	23	93	19	68	70	4	4	60	
78	51	32	75	20	15	87	56	54	3	39	71	19	36	6	74	78	44	36	69	63	47	32	68	76	-1	80	35	55	48	38	34	99	22	94	86	11	55	84	45	37	23	4	74	26	53	19	23	23	34	38	34	89	36	2	86	36	71	25	71	48	56	8	61	40	72	61	5	26	87	55	72	78	9	59	16	51	73	25	21	87	12	12	40	86	28	10	66	1	62	51	42	51	5	64	55	65	16	83	77	
86	18	1	6	69	56	71	14	90	70	73	58	78	97	24	24	79	40	34	44	95	10	7	97	84	96	-1	98	98	84	76	21	51	66	9	5	95	21	71	69	79	71	21	96	9	40	81	33	17	72	56	75	76	18	7	1	43	83	17	11	86	11	11	22	37	26	72	21	29	17	4	100	16	2	22	61	87	85	92	81	8	13	84	8	59	3	89	92	80	96	4	43	21	53	48	27	74	42	38	77	
82	71	69	9	24	75	89	13	86	22	58	36	52	70	80	18	68	8	88	5	76	59	53	5	21	53	20	-1	67	63	6	93	46	65	30	55	96	99	66	58	36	45	57	78	59	29	59	23	92	59	66	75	47	20	53	8	22	13	21	27	63	98	22	75	4	7	6	82	80	29	64	16	21	48	67	58	66	47	44	78	31	97	38	27	87	67	8	100	85	70	28	72	58	70	82	9	2	47	7	45	
77	99	7	9	100	24	93	68	64	11	73	29	39	93	50	53	52	65	38	50	67	11	82	1	25	95	54	39	-1	65	65	13	6	24	88	17	95	15	80	69	85	82	20	6	80	59	35	28	66	91	59	5	62	44	96	19	52	88	54	62	29	92	89	64	63	49	4	96	91	75	32	69	52	12	67	24	23	79	56	30	53	44	84	55	60	31	33	44	10	30	54	7	62	56	28	100	53	40	48	98	
96	39	45	64	23	97	38	53	1	92	35	14	33	74	40	78	24	52	7	59	23	92	64	7	44	5	97	97	80	-1	35	51	57	68	96	58	85	44	5	87	34	11	34	28	3	61	37	56	20	49	8	49	33	79	41	46	96	97	26	25	92	20	5	37	23	13	21	91	38	40	33	22	28	69	76	36	17	66	79	19	4	89	71	100	66	65	30	62	88	98	47	18	23	48	4	26	95	92	52	40	
54	35	65	49	5	47	3	38	43	76	1	49	69	46	52	46	91	11	6	96	53	11	37	62	95	50	48	67	21	85	-1	73	50	65	25	40	70	27	33	71	58	3	59	30	55	41	45	40	17	6	11	6	30	33	83	72	53	9	8	10	68	33	60	10	72	3	38	91	81	61	38	7	32	80	82	84	11	55	61	27	25	45	98	58	74	94	20	3	65	31	75	18	67	74	69	92	71	32	77	41	
36	62	56	15	73	94	18	3	88	67	92	15	20	66	8	13	99	15	76	55	52	67	42	59	62	43	87	25	58	48	11	-1	3	57	68	37	76	40	94	44	20	11	13	56	47	72	35	12	12	70	88	60	24	78	43	39	10	48	81	39	21	53	79	48	48	55	30	50	6	38	26	70	91	74	9	86	73	21	10	20	54	82	24	68	49	17	97	60	38	45	81	74	100	88	17	32	37	39	16	51	
64	77	75	12	27	96	60	74	14	57	21	10	64	23	49	15	42	91	88	39	68	38	19	21	89	76	59	75	90	44	10	47	-1	51	20	85	56	32	57	12	96	69	78	59	63	53	10	70	3	92	31	48	46	84	38	19	67	88	4	59	60	46	34	8	68	7	36	37	88	36	66	98	80	43	31	48	63	62	21	11	86	91	14	5	53	57	18	22	87	6	72	10	9	42	69	62	60	11	43	73	
34	88	94	67	41	79	5	44	34	18	30	45	73	42	95	19	38	51	44	82	68	27	61	69	8	65	38	32	92	19	100	7	20	-1	99	37	13	16	98	99	71	63	6	5	58	24	18	38	50	11	56	14	36	59	70	58	23	18	32	20	66	52	28	11	45	79	67	24	49	25	59	93	17	80	70	41	55	87	2	23	90	90	45	52	41	24	68	99	59	34	78	60	25	79	38	61	29	42	16	10	
72	44	63	11	2	47	77	62	20	29	51	7	31	25	93	40	28	15	24	97	99	22	36	28	51	35	28	45	33	83	59	7	57	1	-1	18	22	78	33	84	88	58	72	97	53	61	73	53	28	84	67	83	43	93	16	89	58	5	34	47	35	99	4	4	64	95	75	71	5	65	5	6	32	83	22	7	78	4	57	48	24	43	41	96	5	95	89	50	46	96	9	54	83	62	86	42	52	96	3	79	
52	80	73	16	37	97	4	61	100	49	75	80	62	20	14	24	64	20	81	51	78	79	12	14	18	94	73	62	3	83	5	37	32	37	79	-1	41	71	46	66	80	94	46	21	17	76	79	16	99	47	84	4	51	40	29	18	66	47	63	49	7	46	96	21	50	60	54	100	38	67	96	7	88	33	17	32	12	25	67	63	96	54	67	74	99	12	100	53	23	23	41	97	42	40	55	11	93	28	77	88	
15	84	58	81	52	79	44	44	13	94	50	93	27	69	85	38	66	64	63	27	73	9	92	11	95	33	32	23	87	41	52	95	7	42	95	26	-1	13	66	13	33	55	2	3	96	50	85	82	85	17	2	37	9	11	13	84	13	77	41	11	88	56	14	25	9	6	25	85	35	87	77	6	75	99	89	55	82	58	73	70	39	72	53	60	83	70	87	17	32	64	37	64	95	67	39	42	21	30	10	87	
20	61	1	5	81	97	95	48	13	58	82	94	28	42	10	47	89	93	32	87	100	17	24	39	48	24	57	78	61	16	36	45	12	31	12	89	72	-1	87	89	7	38	56	6	28	80	95	24	98	83	97	23	91	52	56	99	36	7	45	83	41	27	63	4	47	97	34	90	6	64	72	62	40	60	72	83	49	94	92	43	97	12	37	12	59	94	28	20	72	51	15	77	6	19	25	73	69	45	82	61	
99	17	74	38	3	37	63	33	98	75	49	11	40	5	14	68	84	32	98	41	41	46	97	48	15	43	46	67	31	49	58	31	82	87	6	70	69	7	-1	97	14	45	96	37	97	43	50	63	66	95	11	61	46	60	10	93	10	39	6	63	38	73	21	87	15	62	5	39	1	92	67	9	68	32	30	25	100	67	15	66	63	82	11	98	9	58	48	79	30	50	51	36	99	16	89	68	42	16	68	33	
7	10	33	84	79	61	92	96	80	22	60	72	57	71	83	17	68	9	52	40	9	85	27	80	89	94	4	42	50	50	48	10	89	5	5	73	77	38	97	-1	67	26	69	92	43	94	21	81	13	23	43	65	100	37	46	82	4	13	24	72	89	89	5	81	44	10	15	38	5	36	62	28	38	21	53	44	47	29	51	95	11	68	3	21	22	9	2	72	39	33	11	15	96	91	53	43	67	62	23	6	
47	75	68	42	4	74	96	32	91	99	19	18	54	93	76	2	15	33	53	84	42	7	33	10	23	27	98	78	40	66	93	71	44	59	58	95	81	59	8	60	-1	24	15	12	46	11	13	40	13	90	30	100	48	56	23	24	21	43	81	45	1	74	1	8	78	80	95	63	51	79	78	43	84	2	1	82	79	9	77	50	78	68	63	73	22	22	95	99	95	96	17	28	97	11	11	98	63	42	3	15	
5	95	58	7	79	20	25	81	20	33	20	10	41	8	40	38	43	63	65	17	38	33	44	49	86	76	32	10	45	63	16	10	95	20	56	55	43	50	36	93	7	-1	90	14	8	29	47	18	57	11	1	40	28	36	11	13	42	60	59	65	72	98	82	76	44	19	31	59	54	90	69	57	70	50	45	19	12	96	92	60	92	97	41	17	91	34	30	56	73	10	36	69	60	80	44	37	13	22	3	11	
26	89	97	93	24	26	22	96	42	76	61	10	38	79	17	91	82	60	25	81	41	2	75	1	35	40	68	67	78	80	26	89	70	64	57	91	72	19	64	96	66	58	-1	75	57	86	67	53	82	61	61	44	77	42	34	67	8	71	42	83	9	29	5	88	60	70	54	18	11	60	44	12	32	65	85	100	68	98	10	97	10	68	75	8	40	71	11	28	2	93	38	88	51	27	48	99	56	58	89	52	
21	33	27	57	14	5	55	40	19	65	92	83	84	59	20	9	48	26	73	31	91	73	35	92	61	29	26	88	37	82	83	73	42	36	54	52	13	67	14	6	66	75	69	-1	10	79	42	73	50	55	66	59	72	8	36	26	11	84	89	99	49	56	39	37	4	29	47	90	72	58	16	32	51	46	20	96	28	28	69	62	72	60	51	19	74	16	16	87	100	75	65	23	30	28	7	7	39	58	40	63	
18	11	62	31	3	70	52	34	82	62	12	99	90	44	73	67	46	71	3	18	24	38	43	62	67	97	83	64	15	78	57	8	77	59	67	84	93	27	59	15	3	37	92	19	-1	61	57	24	88	59	94	63	3	18	18	45	80	23	68	75	6	75	16	40	63	35	86	73	86	97	20	61	39	83	5	39	44	49	5	93	38	70	96	50	46	95	38	22	80	18	8	44	75	36	44	28	66	57	100	42	
55	97	29	43	10	40	15	75	80	25	32	34	41	98	53	63	6	75	2	89	99	61	10	96	76	89	50	56	62	77	10	13	53	46	46	55	32	7	74	30	52	33	93	4	60	-1	16	2	18	60	81	90	68	45	88	28	93	25	35	27	66	63	11	16	10	5	11	72	46	84	51	86	86	8	26	92	24	24	88	5	78	72	81	27	70	98	90	84	69	98	77	19	25	85	38	12	73	83	93	90	
33	43	58	16	41	47	64	73	76	70	37	93	25	26	16	84	47	37	48	21	82	86	96	40	37	47	23	88	89	15	3	92	62	93	4	55	41	23	46	61	14	100	75	47	90	58	-1	66	10	43	48	1	12	3	2	12	24	66	7	26	95	64	12	27	15	47	54	58	59	81	6	81	27	20	54	72	21	49	91	54	28	38	81	82	28	52	78	88	78	48	55	26	82	18	11	21	74	98	46	12	
44	73	57	17	51	80	46	21	90	30	2	9	46	76	97	74	29	28	34	57	54	16	20	63	19	81	29	54	97	97	28	49	87	8	56	73	58	73	86	41	59	9	87	98	44	38	56	-1	58	8	53	42	94	53	64	34	2	13	42	71	98	89	83	29	74	59	64	98	81	18	78	59	74	94	79	30	2	51	62	85	2	51	90	94	84	82	57	32	63	25	33	100	100	64	100	13	86	29	32	37	
78	82	77	85	16	25	46	99	37	6	93	86	97	73	23	33	50	30	59	52	21	49	34	59	49	21	24	16	38	24	16	11	40	7	49	20	60	8	67	49	26	57	4	61	28	15	85	24	-1	89	27	63	68	81	4	46	47	40	61	58	10	10	100	9	77	18	99	70	56	18	25	15	58	69	69	33	83	34	15	86	87	40	87	63	25	99	6	11	49	74	6	44	98	69	41	45	47	5	41	16	
88	61	91	76	84	7	81	22	28	48	4	23	58	48	30	53	3	26	64	63	5	31	15	22	30	43	96	13	53	100	62	31	18	50	11	56	12	20	9	5	8	21	10	40	29	33	54	88	86	-1	34	49	76	7	90	65	58	48	82	36	81	42	8	64	87	80	72	54	37	73	60	18	56	38	70	54	34	75	54	41	27	61	56	61	12	63	11	70	57	5	91	65	70	88	77	2	92	11	68	85	
57	93	89	15	74	4	94	19	11	93	12	46	60	85	80	61	14	40	59	64	87	20	72	12	10	13	62	33	51	86	5	96	31	42	78	52	26	60	22	49	96	3	14	2	74	18	81	72	37	56	-1	74	87	48	83	13	4	87	94	23	3	2	19	8	37	90	17	33	26	82	31	38	85	66	73	45	56	57	56	100	42	91	13	67	26	41	88	26	93	31	27	29	59	82	56	25	26	20	98	38	
80	5	45	49	58	8	59	25	32	29	99	92	19	63	36	27	77	64	97	46	28	56	95	92	65	60	82	27	2	48	17	18	34	95	33	56	100	93	5	85	67	74	15	78	8	61	100	45	84	15	8	-1	37	84	93	68	59	98	38	17	42	74	54	30	37	84	48	97	78	100	43	38	93	71	44	11	65	44	69	39	26	68	88	25	48	33	85	68	23	9	82	53	60	69	34	76	66	43	60	71	
32	9	29	75	30	39	55	96	50	92	91	67	10	92	81	86	55	8	62	4	16	94	91	50	54	83	64	80	86	30	59	64	54	7	35	20	80	72	23	14	57	7	79	53	80	36	21	33	25	68	67	72	-1	73	98	64	71	95	72	4	91	48	46	74	88	71	3	29	93	34	52	28	81	65	41	1	89	61	52	99	80	79	69	24	87	10	72	99	49	41	85	31	38	13	65	27	86	35	99	95	
1	61	6	18	49	79	78	5	15	80	9	45	37	100	95	41	51	12	16	91	88	4	33	99	44	49	13	47	44	23	94	97	10	64	70	38	5	90	91	92	95	78	50	14	93	57	91	74	50	75	74	36	60	-1	29	88	17	12	31	90	23	12	67	77	83	98	28	29	66	6	19	51	40	44	66	32	30	99	46	96	31	61	30	99	94	77	76	55	6	69	40	38	45	83	58	6	17	66	73	74	
12	16	41	90	15	63	29	22	49	17	86	79	32	12	22	58	25	14	100	25	4	92	67	83	3	13	77	28	79	70	26	77	86	63	89	1	27	8	94	100	59	69	53	34	14	15	98	64	53	88	46	59	33	13	-1	40	93	47	66	27	51	29	17	60	91	62	15	19	71	6	87	62	54	80	56	80	56	63	5	83	36	38	87	49	39	91	52	33	78	35	5	73	16	80	33	14	7	14	75	46	
84	94	96	9	21	32	10	27	58	80	4	41	42	36	31	70	47	100	44	20	32	18	68	35	22	54	100	9	1	48	84	74	17	17	14	46	48	68	35	73	26	50	50	7	62	36	44	56	90	91	15	89	90	11	93	-1	20	29	29	51	68	90	3	87	33	41	50	42	98	60	2	70	59	31	71	36	93	53	24	89	84	41	15	75	33	65	68	53	64	94	27	38	56	68	83	25	40	92	49	68	
92	23	19	61	13	45	93	78	52	82	21	64	18	27	2	89	84	84	68	60	93	68	90	69	80	78	56	53	74	99	21	68	69	23	68	82	22	100	79	39	12	29	48	35	45	76	67	72	49	15	95	61	52	95	4	35	-1	85	37	26	22	33	48	88	66	36	84	95	86	62	53	8	9	4	87	55	7	46	77	38	98	8	7	61	42	52	84	75	17	27	11	25	19	77	62	85	42	14	8	14	
25	70	96	10	90	37	23	92	88	56	8	27	54	87	86	46	21	19	2	54	47	65	7	21	5	87	50	68	31	27	13	3	86	70	7	28	75	59	85	41	21	36	84	30	83	43	58	94	23	41	45	45	77	36	78	14	40	-1	35	90	69	18	74	91	8	31	45	32	90	12	25	66	52	20	37	6	87	82	51	39	18	76	31	6	32	79	47	54	32	92	52	81	41	43	95	48	4	18	68	10	
4	96	95	69	72	35	68	44	59	67	85	20	24	75	56	35	47	13	15	81	8	61	90	23	50	66	72	34	67	80	70	74	94	81	10	42	13	51	60	57	52	5	61	77	89	54	42	51	74	54	31	11	36	50	95	41	9	30	-1	58	8	5	53	72	19	100	5	78	13	87	60	70	1	55	90	8	90	54	47	38	59	9	35	24	42	77	36	100	54	19	37	16	79	58	73	17	69	78	25	18	
87	38	53	46	97	77	60	22	24	57	63	87	97	100	40	1	88	92	95	100	78	58	5	48	30	66	47	10	72	100	53	55	11	42	60	91	88	68	44	10	18	40	10	50	64	43	9	7	69	7	43	41	22	56	3	30	89	33	20	-1	11	45	18	53	20	82	75	79	34	14	34	58	85	88	69	100	86	88	83	30	94	83	80	96	99	25	55	59	47	64	95	41	35	27	37	8	54	39	45	79	
58	12	93	2	34	67	18	80	37	22	46	82	89	44	34	73	3	19	85	16	55	40	24	23	91	86	7	24	5	30	92	100	76	45	47	99	54	26	54	40	39	49	41	26	93	76	93	32	77	33	52	40	21	48	52	89	42	87	62	23	-1	92	19	20	82	51	5	78	23	44	85	12	30	21	81	61	82	81	77	44	67	64	54	50	81	49	60	83	62	45	21	84	14	43	79	70	4	44	77	88	
100	81	8	58	43	35	91	12	86	34	61	77	7	1	66	86	8	53	33	14	33	79	8	39	61	63	29	8	79	67	76	56	11	17	72	59	6	52	46	52	26	8	87	75	83	79	82	80	81	19	62	11	67	81	97	41	15	92	65	39	28	-1	59	46	14	24	39	96	79	53	73	6	84	46	34	88	58	1	19	9	72	76	75	24	72	28	79	31	20	10	49	28	64	68	17	55	6	26	48	77	
14	82	53	32	63	41	80	11	10	31	61	47	50	88	22	37	59	20	56	46	87	4	91	5	18	58	60	72	96	23	47	26	28	31	73	7	27	28	59	16	15	82	68	92	14	3	35	3	34	47	89	43	70	70	82	24	96	93	65	56	60	41	-1	49	31	49	74	36	43	59	75	23	39	21	34	64	37	52	55	99	97	60	52	9	81	44	72	93	30	68	68	99	28	90	93	73	56	38	87	71	
48	27	38	63	61	77	67	62	33	64	1	2	76	28	12	41	84	71	57	72	10	29	16	55	70	30	79	48	14	53	84	30	95	83	24	12	41	93	1	66	29	98	17	75	71	64	11	64	100	90	63	72	60	75	9	48	96	5	19	5	92	19	16	-1	88	11	23	31	45	83	18	23	3	31	23	66	23	94	95	97	83	42	25	76	53	92	33	51	51	46	17	16	89	26	29	66	10	25	31	37	
43	4	97	90	58	45	49	61	57	2	41	94	25	49	81	69	82	95	33	54	96	19	91	63	48	93	37	59	55	88	35	11	26	31	36	98	6	3	9	75	30	93	94	26	11	90	80	74	36	100	2	61	34	11	100	40	69	16	33	87	4	16	15	9	-1	57	68	49	11	48	95	80	26	2	50	6	84	85	27	59	35	30	52	96	22	46	78	26	43	85	63	71	78	28	53	100	2	5	100	74	
61	40	79	24	23	40	26	1	69	78	50	70	19	53	6	8	23	99	9	43	60	99	47	37	31	56	4	64	20	13	22	21	19	29	3	51	93	52	27	95	45	15	47	82	84	37	30	60	84	86	14	98	59	56	59	50	83	7	68	4	41	33	70	61	27	-1	20	77	88	54	51	96	9	16	11	96	77	32	85	36	41	67	90	4	26	99	7	35	93	71	27	73	25	34	55	33	66	27	76	43	
7	4	29	93	57	89	71	39	57	92	41	81	39	63	20	12	45	57	45	24	20	1	13	8	86	83	13	38	39	64	14	64	99	64	81	87	24	42	26	16	68	44	26	100	75	39	72	40	50	65	38	80	10	21	27	92	58	64	43	93	86	21	13	5	6	42	-1	76	93	27	85	61	53	44	19	32	5	67	60	69	11	57	39	25	10	79	77	81	1	99	68	26	82	6	52	6	89	47	98	94	
3	76	35	56	80	28	7	26	89	1	34	24	46	94	15	87	95	7	19	50	12	44	8	18	70	67	79	16	32	26	11	18	22	89	44	42	85	15	10	49	19	91	65	72	96	73	84	47	61	74	68	95	24	12	16	78	32	70	96	60	82	31	14	72	97	73	67	-1	79	14	19	89	49	11	91	32	74	1	54	23	66	79	25	17	40	1	9	44	74	89	13	61	78	80	94	64	25	88	75	98	
85	13	31	88	81	58	12	81	49	69	81	60	15	66	34	55	60	67	50	100	84	3	93	74	97	29	35	63	49	36	73	63	97	21	27	6	73	95	69	62	70	33	46	11	3	80	14	49	91	43	67	72	22	85	42	37	38	26	87	3	91	56	6	95	14	39	31	29	-1	30	70	76	28	37	20	90	48	82	63	5	29	26	76	12	7	12	56	21	56	80	61	64	66	40	8	18	94	90	25	51	
95	64	79	44	3	73	55	35	90	43	31	16	1	81	75	81	70	19	14	24	37	24	25	63	50	23	32	81	99	69	6	7	61	22	91	17	10	58	52	86	47	18	78	85	35	63	11	54	77	46	70	13	58	29	63	33	72	77	81	35	84	88	31	39	71	33	57	71	83	-1	97	93	100	81	80	78	18	76	69	48	28	68	42	12	78	99	44	53	68	40	45	82	84	59	7	14	68	25	28	38	
82	84	50	18	11	73	77	83	85	99	22	46	13	99	23	9	81	46	8	66	46	10	44	76	64	5	41	94	28	38	80	5	58	50	36	61	73	58	28	55	24	58	67	62	38	13	52	4	8	50	55	66	94	26	98	14	47	6	67	75	4	48	37	10	72	85	100	88	21	58	-1	94	68	38	99	8	11	44	75	26	53	85	70	70	17	87	87	6	60	1	14	80	54	65	77	18	81	62	65	6	
54	2	79	47	9	59	15	36	69	89	69	56	24	67	31	67	40	51	79	73	54	91	21	5	90	57	38	19	91	33	33	13	16	18	50	26	75	54	62	3	13	15	31	23	30	6	97	14	87	93	36	78	53	19	18	85	67	82	59	9	27	22	7	1	85	84	51	15	73	89	68	-1	51	6	76	17	51	62	22	100	38	100	1	83	10	84	82	34	61	2	19	55	32	49	31	1	75	5	96	82	
71	91	31	65	45	12	14	3	67	89	35	43	56	21	47	31	60	23	45	37	57	38	31	32	3	2	30	72	99	81	66	99	94	93	8	52	76	88	48	52	75	90	29	100	44	85	51	10	33	27	2	95	92	11	64	76	79	69	49	7	92	43	90	37	87	24	16	66	54	53	13	13	-1	88	57	52	9	65	89	17	2	69	59	87	80	74	22	77	64	28	14	90	72	99	54	80	62	63	71	84	
83	51	51	63	54	58	94	88	19	7	55	29	44	51	63	23	67	5	29	82	92	85	82	51	25	19	99	60	48	9	99	6	79	96	26	65	99	8	82	17	77	87	38	23	60	36	28	38	1	70	91	71	7	98	24	62	4	45	32	6	63	50	19	39	34	73	47	35	55	7	80	20	69	-1	41	83	79	58	87	53	91	98	88	89	16	47	20	72	86	75	93	28	43	61	90	87	11	95	25	45	
73	84	94	92	75	81	60	100	65	34	9	50	40	74	93	69	77	30	11	39	19	78	34	27	9	13	68	3	47	20	84	45	59	68	50	3	27	7	33	60	62	3	81	7	76	53	49	38	58	65	6	75	21	59	32	66	61	10	32	80	65	27	76	34	58	40	31	36	53	73	100	27	64	66	-1	56	93	87	22	73	28	79	48	14	51	84	61	44	4	36	65	76	5	59	77	46	28	48	88	96	
100	95	8	28	94	53	15	25	19	61	79	77	4	80	91	82	8	68	99	46	65	88	10	25	82	79	65	69	35	58	87	18	41	63	15	73	84	87	54	25	78	86	86	60	57	78	29	3	36	65	94	73	38	19	29	86	24	15	25	3	64	64	31	72	57	96	64	16	77	12	15	28	68	15	8	-1	78	72	43	84	4	2	95	34	18	66	80	93	37	85	18	23	4	78	59	98	74	87	33	93	
61	86	87	9	49	72	30	84	49	27	57	26	59	86	51	42	33	25	70	28	62	72	4	32	81	5	85	25	86	16	80	15	39	82	51	37	45	47	52	88	11	68	86	52	45	77	51	48	89	52	75	76	54	30	92	92	2	70	32	96	2	39	40	74	67	33	62	23	11	63	61	94	92	63	80	6	-1	80	10	16	50	18	78	90	2	12	17	96	83	26	88	74	51	98	96	17	54	56	67	95	
71	84	67	42	83	45	42	1	87	24	65	99	81	77	95	63	90	14	4	67	85	66	39	65	17	19	7	79	6	7	41	2	77	75	51	73	3	17	67	31	17	44	67	50	13	10	91	90	43	69	8	81	81	29	96	76	39	85	69	94	56	75	74	55	85	69	88	36	74	74	25	97	34	49	51	55	54	-1	88	15	83	51	35	84	54	92	12	94	27	17	91	89	94	26	13	11	6	30	26	25	
42	52	41	65	11	31	19	65	29	12	72	78	70	24	8	40	31	10	2	29	53	3	5	56	79	45	57	27	23	65	9	22	34	60	68	30	64	52	8	34	51	2	77	17	59	23	24	24	86	27	12	93	72	69	5	65	14	13	70	90	58	62	94	19	90	96	95	60	34	28	47	97	39	41	80	99	42	68	-1	58	97	64	7	74	7	51	7	4	28	93	29	41	32	12	81	26	97	53	22	86	
88	12	81	6	66	4	49	81	52	27	58	30	98	73	81	83	50	6	28	61	97	81	35	45	46	63	33	29	20	63	6	59	8	70	13	62	38	58	14	67	32	39	83	97	11	22	54	88	99	34	29	6	73	39	69	19	83	44	52	31	90	60	22	97	78	97	17	66	47	77	64	86	92	80	85	59	97	13	67	-1	28	57	81	30	43	31	25	76	54	27	4	56	98	61	52	9	34	50	99	69	
43	80	73	26	44	75	8	93	55	63	24	25	36	88	76	35	53	95	1	4	67	87	1	50	77	28	7	10	62	35	61	1	92	94	54	33	66	89	89	55	98	93	53	75	99	20	99	100	20	98	89	36	98	34	49	58	82	32	65	74	99	73	87	28	54	31	60	90	7	3	45	7	75	52	42	68	30	42	11	36	-1	39	51	83	26	10	100	6	91	73	23	94	85	18	68	62	92	40	74	31	
30	40	48	42	100	15	11	90	19	65	37	18	8	11	10	70	64	59	82	18	83	48	99	30	27	86	17	52	11	7	51	7	32	36	48	66	12	85	58	33	53	31	81	81	64	75	43	5	43	91	99	72	16	12	68	6	59	56	43	75	66	83	71	93	7	81	55	48	69	30	90	2	58	12	15	73	76	48	63	10	27	-1	39	3	12	27	12	16	88	7	11	2	93	85	3	17	23	2	59	86	
36	84	66	13	31	98	49	6	17	32	86	94	36	16	34	38	57	40	65	42	9	65	17	43	24	83	76	85	3	2	7	49	26	93	16	86	19	69	74	82	16	44	84	38	71	9	22	81	81	67	70	19	66	34	2	5	95	98	53	84	31	27	57	14	34	47	44	2	62	6	78	100	96	71	46	41	63	16	47	96	71	3	-1	93	36	54	50	87	28	17	52	91	33	77	69	92	47	84	88	24	
39	56	78	6	47	88	30	85	62	96	43	6	81	63	66	42	26	4	16	12	44	20	54	53	64	71	87	25	43	24	42	65	52	30	61	30	67	48	25	85	5	55	3	23	62	10	58	34	33	42	78	76	14	79	100	48	50	47	79	55	54	78	54	90	41	42	31	9	36	8	44	5	51	50	12	77	54	10	68	25	75	63	78	-1	36	94	54	69	20	14	68	43	43	1	22	24	57	15	21	100	
63	23	52	94	78	59	62	85	36	41	80	72	46	22	90	65	39	98	85	67	56	52	62	52	69	59	80	72	2	97	23	19	1	59	12	5	43	34	39	48	66	32	20	33	2	49	17	23	22	8	96	12	49	77	93	42	40	69	25	69	98	88	41	41	23	5	36	23	17	22	58	55	80	62	79	33	4	49	67	8	49	95	27	81	-1	2	8	21	92	52	29	79	8	97	98	29	54	52	11	88	
17	52	21	61	3	57	31	83	74	5	21	28	75	3	27	30	34	88	45	38	80	63	5	80	34	18	85	45	18	37	96	12	43	79	35	26	20	95	64	46	77	65	9	88	53	96	1	78	19	90	64	4	88	78	53	82	44	26	17	7	29	81	33	72	4	98	46	28	41	18	16	30	18	51	73	3	6	93	40	21	35	33	58	43	1	-1	72	91	19	57	60	40	5	19	81	64	77	66	23	16	
70	72	39	71	77	24	35	46	90	2	86	65	96	4	44	26	79	43	34	33	77	80	29	44	22	23	57	20	53	39	67	52	30	83	98	6	13	45	70	75	67	9	90	86	20	100	64	12	32	70	83	55	22	32	52	32	42	78	84	29	10	24	25	71	11	51	90	92	48	11	8	21	87	67	10	81	91	48	69	73	59	77	57	91	37	62	-1	22	53	17	60	31	80	2	41	27	4	49	24	32	
97	37	47	80	82	31	19	42	54	91	96	46	80	78	98	56	75	54	66	7	62	94	13	89	92	71	30	13	55	48	18	3	50	20	57	23	76	81	78	41	67	19	75	88	10	10	63	1	30	85	92	46	99	23	84	6	41	3	82	28	13	44	85	36	74	85	37	81	95	19	28	47	82	86	7	26	21	72	13	72	13	62	80	88	76	83	27	-1	56	36	72	78	28	72	37	80	23	53	36	66	
36	41	91	53	33	18	22	62	37	83	15	19	4	3	61	85	52	90	55	92	69	11	97	19	72	43	27	96	11	35	25	9	19	32	75	9	55	92	38	1	68	11	54	95	26	80	10	84	3	8	81	4	97	65	46	86	96	11	46	61	40	93	56	23	92	60	81	19	28	15	26	36	40	62	71	19	22	80	85	5	76	83	74	91	53	19	35	22	-1	10	74	58	75	39	30	77	10	96	63	23	
16	61	59	62	31	85	75	81	9	66	72	46	100	16	6	42	49	73	95	100	50	95	43	27	37	96	11	88	30	78	59	72	28	49	56	70	37	70	30	27	15	57	83	65	37	6	17	62	9	80	72	89	81	10	2	50	21	22	26	74	65	59	75	40	23	49	35	58	27	40	56	91	29	53	1	67	3	72	100	4	76	58	95	66	80	85	20	53	33	-1	50	29	29	77	2	84	63	41	37	87	
46	93	14	88	16	77	99	47	90	76	11	16	45	90	49	66	79	99	24	40	30	18	75	4	2	19	76	37	17	21	16	29	42	11	49	78	46	21	66	64	55	18	65	72	90	91	82	84	56	10	72	50	39	24	78	25	54	31	56	62	6	9	78	8	30	13	44	18	53	95	82	92	99	74	46	20	42	27	48	42	42	1	85	51	42	67	99	98	64	69	-1	27	67	98	83	8	28	15	83	40	
17	82	65	69	36	41	15	41	89	4	45	57	30	31	51	86	54	26	34	37	23	23	13	81	69	65	60	82	29	79	56	16	90	71	4	65	91	48	63	79	85	78	99	45	95	32	89	12	47	46	82	45	58	9	58	81	67	75	96	27	72	92	57	61	66	25	87	6	81	38	56	28	31	67	7	73	49	70	68	2	35	28	71	2	61	81	26	100	1	61	10	-1	36	84	68	98	3	19	48	92	
49	95	10	23	31	20	3	30	93	33	19	21	73	92	23	65	45	15	42	83	85	92	89	99	21	49	73	39	77	99	13	1	9	12	12	44	4	62	17	28	44	46	69	7	12	81	51	96	33	65	18	22	21	3	93	92	16	52	21	31	92	6	54	31	24	8	39	55	4	12	43	32	27	16	59	1	52	99	32	100	51	86	12	18	71	10	35	19	84	100	42	44	-1	99	10	5	2	23	55	41	
40	31	67	44	44	29	35	40	98	61	64	82	48	38	78	80	37	68	34	45	84	43	97	47	32	23	33	68	74	92	18	77	74	20	70	49	66	99	88	86	15	50	31	17	17	27	37	90	61	56	6	53	25	2	43	64	40	27	7	41	39	43	56	60	83	20	9	52	39	72	55	80	88	72	73	21	19	42	88	26	59	50	38	85	52	92	67	36	60	84	70	23	92	-1	76	94	80	13	82	16	
14	75	45	42	90	5	86	100	74	2	94	50	93	55	38	51	36	43	70	56	89	44	6	80	77	2	50	79	46	28	67	36	95	17	2	55	32	73	25	10	57	18	20	72	69	25	22	44	98	44	83	27	98	91	48	100	33	73	13	91	50	18	43	24	88	51	50	89	6	58	60	71	80	54	15	60	55	97	35	29	94	76	4	91	51	58	35	75	54	9	38	34	33	86	-1	17	80	79	63	26	
37	92	70	76	65	56	35	64	52	31	86	92	95	82	58	92	88	57	85	2	24	100	54	57	77	13	91	37	17	29	74	85	53	22	78	25	54	62	57	42	48	62	61	11	76	85	16	68	54	66	32	26	47	63	19	89	83	99	78	97	90	59	44	8	19	40	38	70	42	41	48	82	39	26	78	52	19	23	8	8	50	19	83	86	56	35	21	79	8	8	47	22	35	56	69	-1	66	79	43	89	
47	47	100	76	75	12	17	45	16	13	85	67	79	35	32	70	43	8	76	12	30	37	11	14	19	97	39	80	24	4	5	93	66	63	13	12	35	54	46	58	43	28	89	25	38	93	10	12	56	34	75	80	67	53	23	50	65	35	94	15	98	94	19	28	44	30	87	30	31	38	4	60	48	75	20	54	100	73	35	18	66	15	18	17	41	60	14	81	79	17	8	8	35	41	30	31	-1	8	98	25	
4	61	6	33	24	88	14	62	25	70	14	73	48	17	5	62	18	25	99	99	17	87	24	61	36	31	38	92	18	20	65	33	83	77	58	24	35	58	14	32	48	11	88	38	82	60	42	96	81	19	96	41	23	21	14	68	11	83	68	47	65	20	70	46	82	22	20	17	98	95	22	44	37	44	28	96	83	56	6	34	40	42	82	90	47	90	26	15	44	3	7	82	63	89	66	68	87	-1	29	18	
64	44	42	66	80	41	81	57	94	9	72	51	98	32	42	42	73	28	42	37	45	57	30	99	100	93	47	16	63	20	58	3	5	52	20	15	18	44	53	63	23	94	81	83	70	65	89	58	70	88	96	45	7	100	97	77	55	20	21	28	35	6	56	56	24	53	52	84	40	69	21	31	33	35	98	50	100	14	40	73	73	5	17	85	43	66	56	73	18	61	79	22	12	9	27	47	25	36	-1	40	
33	20	42	100	4	79	40	12	42	2	97	18	96	27	40	41	73	98	15	18	41	37	91	67	31	63	61	4	82	56	5	21	3	36	25	63	18	73	77	19	29	58	60	93	21	90	77	10	38	80	74	51	71	12	1	30	62	14	94	7	93	53	20	77	41	99	47	41	9	71	97	22	62	47	92	1	14	35	83	11	51	2	13	48	42	27	34	95	71	94	47	11	35	97	60	96	43	81	80	-1	
