100
-1	23	6	13	37	66	66	81	81	63	63	86	84	66	29	66	66	93	31	46	23	24	23	68	29	53	64	18	91	73	81	90	24	52	64	55	89	34	80	36	86	27	86	16	18	76	34	13	6	93	40	49	52	89	29	26	84	25	28	29	31	77	40	98	90	65	36	69	65	19	52	56	37	96	61	11	50	12	72	84	9	45	3	33	93	35	77	30	92	10	36	95	53	52	15	77	20	54	32	76	
29	-1	52	78	17	100	67	64	9	28	22	63	82	55	37	12	40	2	50	68	2	5	80	27	90	13	81	47	63	28	38	95	10	65	74	63	59	76	55	61	60	84	28	33	10	91	15	90	31	90	93	45	100	74	100	65	76	90	20	87	92	99	22	26	56	40	64	90	22	5	73	18	70	9	88	60	70	3	82	17	19	54	65	32	15	25	26	47	64	50	71	31	100	84	5	55	83	83	11	24	
47	95	-1	52	91	18	9	6	27	29	13	64	73	90	79	73	98	35	16	1	28	41	7	3	55	56	9	44	9	37	66	11	67	68	89	85	34	72	46	59	99	23	78	14	31	22	98	66	86	11	44	30	24	17	2	98	80	22	64	82	40	88	89	63	9	90	36	84	29	11	65	95	19	48	25	71	58	37	38	99	56	33	8	4	79	15	91	8	1	100	82	60	96	79	99	80	10	18	21	56	
51	69	2	-1	5	71	3	88	36	82	73	74	37	76	84	46	8	70	39	50	29	62	52	59	2	54	41	2	77	12	50	98	29	5	57	76	53	23	55	65	28	27	17	33	84	59	16	28	49	96	9	42	60	84	44	31	27	86	20	16	11	1	88	23	25	22	3	61	13	16	61	62	64	78	72	32	83	64	14	31	28	22	61	53	77	98	66	6	43	54	43	54	13	9	99	26	85	30	19	83	
94	5	86	85	-1	47	83	92	75	19	28	88	67	65	3	47	17	97	80	52	23	84	56	54	76	24	42	78	33	80	17	30	55	19	23	90	11	70	48	44	82	51	97	91	16	7	27	3	91	76	55	25	95	39	79	77	30	56	90	91	81	64	32	78	9	46	80	65	19	21	43	76	28	80	66	67	98	91	6	10	83	45	85	45	71	23	40	20	87	28	16	69	38	89	22	20	33	11	99	4	
59	7	67	88	43	-1	45	72	29	100	44	17	34	24	9	53	67	100	38	18	75	32	1	65	4	44	28	91	96	30	87	13	29	85	60	76	96	41	27	97	55	47	19	31	88	28	79	44	53	73	80	17	78	41	42	24	92	75	77	8	31	25	58	68	66	86	74	27	29	55	82	100	23	68	23	44	37	97	8	28	22	45	70	41	53	10	60	93	93	10	23	68	91	67	79	19	33	54	26	67	
33	9	37	89	39	24	-1	25	17	59	20	56	16	30	43	16	19	36	51	38	16	31	99	79	95	34	17	47	2	56	85	59	73	1	6	96	13	81	18	13	5	16	5	22	33	66	32	17	6	12	100	33	82	30	92	12	42	26	62	65	29	17	10	31	83	45	44	69	98	55	85	34	24	50	79	82	45	44	12	34	58	51	8	40	26	82	46	83	88	53	73	14	25	70	98	62	32	26	1	5	
55	67	100	60	51	55	92	-1	17	2	53	87	78	52	35	16	64	93	75	84	7	41	82	73	9	26	34	22	65	77	82	46	99	97	56	72	21	25	38	42	15	28	9	96	90	99	30	52	85	5	30	4	61	38	60	7	79	78	57	88	72	11	7	63	12	90	26	81	34	14	23	86	75	58	97	17	33	35	54	96	54	65	33	100	73	10	21	39	56	75	55	8	42	83	71	60	19	73	45	11	
78	78	82	64	98	72	63	92	-1	60	57	1	79	64	86	38	77	66	17	44	53	47	84	44	96	56	73	32	28	34	31	17	45	19	42	70	100	95	66	21	74	15	92	85	23	14	26	95	3	21	79	93	53	33	90	36	70	21	19	25	48	41	63	42	8	13	25	93	77	19	41	53	15	33	28	69	30	13	19	22	86	5	45	12	26	69	16	79	52	66	91	38	21	70	9	52	25	45	4	35	
28	94	48	69	2	38	14	29	97	-1	8	48	1	37	79	26	29	85	52	2	49	96	78	20	70	60	22	21	47	58	87	90	98	38	87	11	48	29	48	93	92	32	88	38	82	2	62	59	52	58	17	64	90	62	38	63	43	76	8	100	59	3	66	15	99	81	71	70	33	22	100	5	68	3	17	27	76	99	95	79	42	29	41	95	14	84	78	71	88	92	73	21	17	98	70	79	38	81	93	10	
66	14	61	82	80	93	30	63	31	13	-1	77	46	5	66	43	34	94	25	57	28	89	19	80	4	15	81	13	7	31	20	74	22	54	73	49	89	36	75	72	4	91	68	65	16	30	24	12	65	4	56	60	6	75	90	55	82	50	58	60	86	43	28	77	15	73	70	12	45	25	73	26	56	67	56	39	42	58	13	84	17	18	14	94	46	60	21	38	66	15	7	38	96	52	91	3	72	27	79	83	
3	49	99	85	70	37	72	2	35	7	95	-1	62	97	6	11	88	79	73	84	74	76	36	76	29	50	88	47	63	21	88	10	58	9	65	49	80	39	77	49	83	35	51	83	27	53	42	58	65	30	26	3	51	81	71	15	73	83	61	20	74	70	92	12	52	37	73	75	20	1	57	91	33	79	72	80	66	86	60	37	38	21	80	21	92	92	11	79	67	95	1	24	60	72	43	33	5	91	26	12	
16	42	54	34	97	62	40	8	8	67	30	66	-1	75	70	77	35	2	97	43	23	35	83	79	53	52	22	10	29	51	65	58	53	25	90	72	54	6	76	6	73	89	48	19	34	3	21	74	98	52	33	57	8	20	98	90	29	23	29	91	88	44	53	51	6	7	52	16	62	53	42	65	37	47	62	95	33	74	44	80	43	59	43	76	62	59	28	72	54	20	79	87	1	64	7	3	35	97	44	56	
8	18	6	3	46	5	15	90	23	29	77	18	61	-1	46	87	16	53	11	82	16	17	28	2	31	69	80	9	96	55	40	66	61	6	72	79	15	100	49	30	100	36	32	80	59	63	74	65	97	16	61	35	94	29	10	10	85	20	87	37	25	72	83	91	100	13	80	30	81	89	80	36	25	71	75	75	57	76	83	26	3	25	49	87	58	88	99	53	15	26	71	59	69	4	87	38	71	85	25	93	
29	83	33	11	25	1	36	84	15	49	16	93	18	86	-1	74	2	44	76	39	33	79	91	37	9	90	96	47	3	44	49	20	95	3	44	89	42	64	30	86	50	53	86	58	71	22	80	92	5	72	98	77	26	75	58	87	81	63	44	4	98	46	2	32	57	63	50	67	29	34	38	19	18	71	75	68	75	100	54	48	15	42	74	5	86	62	36	77	62	48	96	2	8	45	13	54	61	50	33	28	
49	95	37	55	55	85	91	79	61	62	94	82	44	38	48	-1	53	47	64	77	54	73	53	19	96	1	32	16	65	53	22	15	8	57	72	42	35	25	95	96	30	69	53	55	85	37	25	16	90	88	41	97	23	20	66	2	79	15	41	16	42	41	52	67	78	54	23	43	59	88	81	4	38	16	54	92	78	29	49	25	99	30	48	84	12	82	27	53	86	76	31	92	13	56	97	80	22	50	70	58	
18	65	75	16	23	93	7	70	100	53	8	12	30	40	43	61	-1	40	88	24	100	58	15	26	22	65	62	59	99	29	71	3	48	61	71	21	20	48	40	22	49	20	67	80	33	75	66	46	90	15	72	30	23	78	45	54	20	11	83	60	24	31	85	8	8	24	83	15	23	13	42	5	32	62	93	27	60	35	96	11	69	7	89	27	58	3	84	39	7	86	72	66	39	31	2	39	40	69	3	34	
87	32	90	98	89	37	15	59	57	54	67	23	63	5	91	84	56	-1	28	70	38	39	15	39	99	47	6	48	82	74	51	1	4	58	18	60	8	94	18	75	2	3	43	58	2	75	92	27	86	26	94	47	37	4	49	63	90	42	76	26	20	19	44	37	99	69	66	68	39	88	68	15	63	67	26	62	64	15	37	36	31	60	9	6	93	33	29	45	54	66	100	49	5	15	53	65	9	40	73	79	
94	87	4	66	33	70	33	45	94	21	7	58	37	6	28	47	27	23	-1	19	83	25	84	42	76	85	6	65	39	76	79	46	65	11	71	5	57	18	17	34	25	38	11	52	22	31	95	76	50	21	42	74	36	82	12	47	75	8	8	65	3	54	9	63	12	25	27	36	47	73	3	73	94	78	31	52	55	28	49	20	8	65	26	7	25	21	53	27	98	54	68	92	95	13	79	44	50	36	45	56	
84	2	43	67	54	60	65	72	45	90	70	33	56	37	19	21	1	54	33	-1	69	2	35	11	7	21	40	54	55	86	44	83	14	16	57	100	43	55	98	7	8	41	60	87	98	6	91	29	9	4	9	26	6	26	99	25	33	8	71	51	25	76	82	70	82	52	6	63	66	24	67	11	71	85	66	12	4	55	6	35	90	74	94	29	37	87	86	38	47	49	90	45	32	17	80	70	23	59	70	4	
44	34	10	7	6	20	16	41	79	1	97	90	73	12	1	26	75	75	40	78	-1	53	95	29	59	60	52	35	18	90	70	43	83	24	32	5	61	72	75	2	61	26	63	10	78	22	77	7	16	4	32	6	80	6	94	72	72	33	34	44	88	94	75	78	43	59	14	59	6	94	48	96	9	58	34	56	91	60	62	98	25	47	10	86	46	58	22	83	81	46	29	33	18	4	28	72	54	12	53	80	
45	48	94	54	45	22	84	47	85	67	81	16	59	4	68	90	82	51	84	42	6	-1	71	15	63	21	79	45	3	30	52	31	4	24	37	97	80	45	15	64	91	59	48	16	79	15	49	78	56	97	79	11	77	83	89	48	27	9	68	68	68	12	23	15	39	81	21	6	30	73	32	67	32	10	99	7	92	73	59	28	54	70	66	96	69	36	52	58	16	33	78	35	12	92	8	74	53	1	17	92	
5	81	14	99	10	75	3	20	8	37	93	78	54	51	25	61	76	76	51	27	53	83	-1	7	14	94	46	63	62	50	32	33	92	23	72	8	79	65	91	37	89	94	59	41	5	26	22	23	56	7	100	23	42	96	45	8	63	57	73	89	42	99	94	32	36	86	35	3	32	70	33	69	69	33	14	39	93	37	8	89	25	23	25	7	40	32	48	27	40	91	90	58	22	66	78	71	82	40	82	59	
36	27	48	22	81	59	95	32	40	87	65	7	6	94	20	88	64	49	20	68	61	39	1	-1	81	23	16	10	30	86	87	9	79	6	9	15	76	8	19	86	35	20	8	89	84	69	46	76	17	6	99	97	90	72	21	98	47	40	18	52	44	26	73	31	72	6	85	51	4	22	77	51	6	20	32	44	53	42	18	36	63	3	2	10	10	11	77	89	16	85	66	37	41	80	28	54	21	45	21	80	
70	32	13	45	74	41	23	29	69	47	61	27	26	65	74	69	36	49	27	5	55	43	26	1	-1	74	51	63	96	19	74	19	90	25	64	87	74	14	89	9	49	13	70	13	66	17	87	31	48	99	47	39	32	8	81	56	47	83	40	6	2	61	25	10	8	46	85	11	32	3	55	86	44	89	58	93	89	57	38	25	92	23	95	1	68	56	75	22	89	67	74	100	100	88	39	61	100	36	12	45	
96	28	68	14	26	24	20	69	52	1	32	100	49	53	83	77	38	91	14	47	33	51	41	71	6	-1	12	70	34	64	52	31	97	2	15	42	85	7	70	23	57	62	86	28	72	38	61	55	87	86	8	97	91	64	14	58	94	87	20	85	60	37	10	85	24	34	32	64	60	2	36	99	89	81	51	98	54	81	6	54	28	71	80	68	46	98	61	35	25	100	5	25	67	91	49	14	100	31	88	34	
61	32	90	8	13	91	9	91	20	68	73	16	46	79	50	51	100	91	20	14	37	17	2	80	83	69	-1	33	87	46	18	31	33	78	22	87	3	93	25	16	34	84	28	74	41	6	44	7	47	45	66	78	63	16	2	20	81	32	85	83	31	35	8	84	16	65	25	76	31	41	39	67	31	20	89	4	54	21	19	42	35	1	84	43	45	67	99	74	73	42	53	11	38	17	98	12	83	80	76	28	
73	86	40	98	67	70	55	23	78	17	48	56	72	88	10	16	48	42	12	53	79	69	26	84	93	98	7	-1	50	15	5	70	72	95	70	22	86	37	9	93	44	93	72	90	57	25	26	9	21	60	78	92	56	99	5	92	31	75	61	74	11	71	62	10	28	35	54	63	15	13	40	44	39	80	77	63	92	42	99	52	73	94	89	48	52	45	71	43	100	60	5	54	78	83	2	1	39	85	79	100	
77	12	37	20	35	41	75	97	86	15	60	46	45	93	77	72	89	74	53	6	98	85	48	92	80	67	73	19	-1	5	35	67	17	34	32	71	65	53	47	56	17	98	45	23	66	32	25	88	12	82	89	40	15	89	81	53	20	17	16	59	72	20	67	28	22	97	12	78	63	68	91	91	59	69	15	37	25	55	23	88	31	60	66	85	68	98	72	68	54	92	66	40	43	97	97	49	6	76	5	58	
34	49	63	4	55	6	17	51	7	90	78	56	87	22	34	70	38	1	14	57	98	58	31	32	18	43	95	65	50	-1	91	41	15	97	19	14	31	80	30	20	75	96	40	14	87	14	9	60	49	96	37	88	96	75	66	5	79	47	87	31	66	87	40	95	45	81	95	25	24	4	33	43	91	16	30	43	27	73	68	24	68	56	31	73	13	94	13	59	93	23	52	36	19	67	52	88	84	14	49	3	
19	45	78	42	42	90	7	46	99	44	24	87	77	96	2	6	84	51	70	41	50	38	48	99	8	30	41	82	60	60	-1	8	84	68	76	42	58	3	47	80	27	15	91	37	52	23	34	91	53	69	98	46	80	62	56	7	7	33	34	23	55	6	54	29	32	36	56	4	74	52	19	12	52	31	65	78	99	18	56	98	77	9	35	92	15	70	44	27	8	78	57	86	95	48	2	87	72	37	99	84	
50	96	42	24	51	55	39	56	56	42	50	78	99	58	85	33	95	80	3	21	78	39	64	29	32	84	10	19	59	4	35	-1	80	26	43	52	95	11	75	37	58	96	71	10	11	5	89	90	69	82	66	41	63	54	96	7	56	12	36	23	16	73	50	18	26	87	97	57	26	52	63	3	41	66	49	67	71	74	91	12	71	50	66	66	17	99	14	90	80	91	2	57	95	91	69	18	98	28	30	32	
45	87	72	1	4	63	84	16	15	78	34	32	20	50	18	58	7	77	67	69	53	67	36	60	96	52	75	27	81	22	46	62	-1	35	23	72	83	88	90	84	62	98	22	68	85	71	79	93	65	44	73	52	55	2	18	64	51	82	20	58	91	67	56	81	27	37	29	12	52	4	99	89	9	61	33	64	93	17	76	58	38	96	6	78	14	28	36	41	91	9	24	96	72	51	58	4	15	82	67	97	
97	77	18	71	32	7	71	69	30	93	29	15	66	24	85	67	60	6	19	22	5	55	87	80	24	42	36	81	49	59	31	73	30	-1	99	88	3	77	90	88	85	90	44	67	31	73	80	16	65	97	17	49	97	86	89	57	18	81	51	79	45	23	47	9	6	79	73	60	51	58	26	1	59	87	18	65	70	23	71	1	22	15	16	81	49	5	6	82	30	36	31	82	29	99	51	11	43	95	8	98	
21	92	20	49	55	53	6	11	100	43	30	35	48	57	68	20	30	29	88	67	56	64	45	89	63	42	31	83	47	48	55	75	47	99	-1	68	73	85	78	73	69	81	3	12	75	62	86	77	77	60	29	43	47	16	63	26	53	77	87	38	96	32	24	71	46	95	39	57	4	45	100	90	16	45	73	98	72	67	83	86	44	87	50	4	19	46	83	18	41	66	76	81	83	89	36	55	39	31	72	64	
34	11	13	70	39	52	26	23	6	81	84	48	25	59	68	59	74	66	93	68	93	25	16	91	3	30	44	44	31	21	25	88	19	11	95	-1	32	39	30	6	84	86	7	45	86	69	61	35	87	64	8	49	100	1	80	18	93	12	47	96	86	9	96	67	58	76	85	47	69	58	72	60	33	15	93	41	37	67	35	99	60	69	56	95	11	98	58	63	34	94	80	27	32	5	84	2	86	84	26	20	
85	86	68	38	77	21	39	66	72	23	62	15	72	66	42	59	41	60	15	71	51	26	53	94	10	95	80	2	47	48	72	88	51	23	43	58	-1	85	100	25	70	72	22	87	76	40	90	47	56	2	77	75	61	39	83	38	69	90	100	46	75	69	2	44	41	51	47	54	77	44	37	83	18	93	87	20	42	75	41	33	87	8	51	62	59	51	66	23	48	77	55	9	68	10	76	51	60	42	16	23	
87	39	15	26	34	62	94	3	45	75	12	82	44	26	25	28	59	63	70	80	79	90	37	26	30	43	94	75	41	20	98	4	52	5	10	12	89	-1	83	24	78	49	64	58	52	99	18	92	29	22	10	19	26	62	51	33	55	81	75	6	54	4	88	3	16	67	39	95	86	13	33	72	19	61	55	27	21	80	92	86	85	52	81	65	63	16	88	79	53	41	63	94	38	84	59	57	78	38	60	1	
77	52	96	78	65	19	88	64	48	2	66	21	12	17	91	57	77	82	42	19	8	2	58	33	61	43	85	64	76	35	13	57	23	39	95	95	88	1	-1	22	8	40	35	93	21	95	57	13	34	30	88	89	78	8	92	66	92	74	55	57	70	93	31	98	85	82	94	31	82	24	52	14	91	23	61	4	57	84	15	10	36	8	46	16	23	42	10	51	70	73	85	43	65	77	6	6	3	28	57	8	
15	44	87	3	46	68	24	68	9	92	4	35	92	5	55	16	34	60	89	39	91	38	17	48	56	76	39	18	22	83	87	41	46	50	96	58	91	31	86	-1	64	1	4	72	32	29	3	37	88	36	16	1	71	44	33	86	24	56	38	84	9	51	82	97	14	72	9	65	71	49	80	90	10	74	30	7	68	35	29	94	73	32	56	86	53	43	70	18	22	23	7	59	8	57	81	20	24	68	22	87	
57	29	71	71	62	74	16	96	35	58	95	55	86	34	66	87	77	35	41	55	7	32	31	21	3	36	47	74	7	87	87	90	52	41	36	14	89	96	73	65	-1	19	43	92	64	16	71	61	86	31	53	58	26	46	28	18	98	37	81	98	31	2	59	33	74	89	88	95	27	63	77	45	76	89	29	66	53	59	78	21	65	85	3	45	15	52	9	45	85	78	10	1	17	94	31	60	39	88	98	81	
2	99	35	39	26	12	49	4	41	50	3	57	77	74	76	42	89	9	46	86	84	87	38	72	42	75	52	29	56	60	32	8	18	50	97	65	51	6	98	50	97	-1	1	6	83	46	88	28	42	6	40	87	50	29	48	6	75	39	72	24	66	34	38	77	73	73	47	4	62	87	19	32	57	49	98	60	42	63	40	12	79	72	45	97	10	93	32	88	23	24	25	58	69	17	49	14	25	53	23	71	
38	77	84	35	31	73	30	12	78	26	1	39	79	52	98	47	4	20	4	11	46	5	79	6	92	53	10	85	90	63	90	94	61	63	97	88	57	33	32	27	99	65	-1	31	49	8	26	76	89	2	22	87	39	21	2	22	5	65	58	93	96	82	95	63	81	3	27	5	66	39	81	42	8	13	85	84	47	20	62	70	20	43	46	26	93	9	94	13	97	74	19	29	47	59	25	2	85	69	18	85	
1	30	52	40	71	61	22	2	60	49	48	5	47	58	46	57	88	52	11	85	9	45	94	7	64	31	20	36	33	57	23	68	26	60	71	47	80	45	84	85	48	13	91	-1	52	22	21	8	7	68	43	3	13	70	65	9	70	37	89	29	41	70	36	68	75	100	83	14	27	76	6	18	58	96	11	20	85	9	27	57	92	74	23	6	46	30	54	93	91	49	41	24	60	46	39	7	85	7	93	45	
47	74	81	38	1	87	91	47	88	17	44	57	90	73	79	46	7	12	32	45	93	81	74	29	14	59	96	41	3	32	40	79	84	74	4	94	53	61	49	8	19	33	36	35	-1	62	93	18	62	25	17	19	3	29	36	62	52	99	21	40	34	57	14	87	54	53	49	77	7	42	90	33	54	75	22	67	61	3	59	94	53	4	60	31	37	38	18	92	92	45	82	68	22	30	61	77	24	47	18	34	
100	58	75	35	95	94	59	33	5	54	54	10	32	55	65	52	93	53	55	64	99	67	44	7	9	30	70	8	98	29	45	41	3	6	7	3	53	56	100	62	8	22	26	50	3	-1	31	36	62	45	98	72	35	75	11	83	84	6	58	68	87	40	72	7	29	78	93	43	93	45	81	9	14	78	69	84	18	54	23	54	45	77	16	56	67	9	66	85	29	91	70	11	6	98	56	23	29	90	73	98	
81	35	27	99	50	30	43	94	94	60	64	78	14	7	48	88	45	45	99	20	97	10	14	83	41	71	100	25	3	79	62	84	59	75	65	25	60	82	58	91	46	51	93	12	47	89	-1	17	6	1	10	79	63	16	15	92	29	48	16	96	58	82	81	69	73	68	72	33	19	69	16	43	32	86	73	27	41	21	17	12	52	52	22	17	39	74	28	35	88	99	9	50	40	58	8	90	34	26	83	84	
62	34	25	24	3	14	27	53	88	81	49	40	22	56	47	2	15	27	8	93	29	50	42	99	74	23	71	44	62	75	89	37	9	41	33	49	55	6	69	1	61	69	81	34	42	63	42	-1	57	35	63	46	79	46	70	63	62	1	5	20	44	49	65	20	57	60	80	4	22	64	26	38	36	77	95	19	18	34	99	15	19	91	70	7	56	66	45	40	61	47	60	5	57	12	34	60	47	64	38	33	
38	67	51	64	40	63	30	62	71	14	74	25	28	84	100	59	84	38	76	60	92	43	12	51	12	30	32	15	20	12	98	26	17	31	71	57	61	91	81	17	33	60	46	58	63	29	5	70	-1	77	12	16	28	28	69	50	13	24	15	93	75	27	36	46	85	36	52	64	86	90	82	54	29	65	10	93	76	17	14	70	47	9	95	27	8	45	82	28	89	34	99	100	85	61	21	33	19	63	51	52	
3	28	95	52	78	87	31	70	4	17	80	9	36	40	91	95	76	98	17	99	41	6	83	49	41	22	22	39	39	89	11	9	16	79	6	79	44	42	88	49	46	68	38	71	79	91	97	15	99	-1	44	86	16	70	63	27	24	63	17	11	48	95	63	80	21	16	22	67	35	82	63	100	86	98	13	81	73	93	73	7	66	99	50	14	97	16	49	49	17	51	26	36	4	33	24	31	30	84	13	7	
56	81	10	87	17	39	37	47	58	98	55	8	46	46	25	72	60	19	70	99	76	96	7	90	23	79	69	31	19	53	45	37	74	66	62	30	62	3	32	18	5	49	61	49	30	33	16	4	20	87	-1	83	20	61	75	53	44	13	87	17	44	24	5	86	74	89	99	27	67	57	8	65	53	28	4	74	76	46	72	80	7	24	35	75	52	48	52	35	15	54	49	81	95	29	48	47	85	98	44	35	
36	18	27	8	25	34	93	35	92	2	95	77	80	22	80	20	28	61	7	95	29	55	31	97	2	2	40	9	78	31	71	3	69	13	87	43	17	98	45	71	98	22	53	46	7	25	42	50	7	76	12	-1	53	92	22	32	88	16	23	27	64	73	17	50	77	89	91	34	23	57	98	64	7	89	14	51	95	49	45	77	90	82	50	86	66	88	32	55	39	42	92	38	6	71	17	91	61	16	46	66	
79	18	73	86	19	21	66	81	78	8	26	77	52	35	85	7	66	43	58	5	57	86	89	25	78	15	25	68	79	66	95	69	45	82	27	86	78	78	82	55	84	3	12	5	39	12	6	37	92	67	2	26	-1	39	47	42	28	22	61	35	98	46	84	99	81	29	48	32	73	8	9	18	69	48	59	11	26	48	89	14	89	93	44	38	62	40	17	63	35	27	74	69	64	2	5	69	58	52	53	60	
63	95	85	43	7	76	50	63	76	62	64	96	99	88	36	69	28	73	85	13	89	16	33	85	20	80	29	64	82	70	51	80	72	76	42	39	72	80	27	76	95	26	71	51	86	38	17	62	45	41	34	34	24	-1	26	62	74	88	100	17	62	48	14	5	58	88	22	13	76	89	49	18	22	55	39	34	65	95	78	7	87	66	69	8	84	54	96	61	24	29	73	59	86	75	88	23	31	99	82	53	
68	2	11	64	74	3	26	3	37	51	53	68	43	17	77	80	37	83	11	75	86	39	4	38	43	32	10	58	64	64	7	18	81	39	1	48	98	53	67	96	47	68	11	78	62	90	72	85	83	1	90	32	50	18	-1	84	67	23	11	30	41	87	48	99	21	29	83	64	2	100	23	1	88	26	46	43	88	76	19	19	83	61	51	66	62	99	1	98	84	65	55	8	48	34	15	50	73	10	72	47	
99	78	66	24	84	20	75	46	99	81	70	73	99	90	28	7	15	85	62	53	92	21	62	49	32	99	69	13	10	67	60	43	58	2	6	90	15	24	57	27	17	41	80	83	52	8	81	60	50	24	75	82	20	95	46	-1	24	60	80	14	32	33	28	24	83	79	70	38	40	73	51	22	63	1	84	90	53	54	66	46	74	35	33	53	41	27	39	12	87	8	35	93	2	1	36	24	72	35	48	92	
45	50	23	80	41	12	2	9	42	45	100	47	76	19	90	76	9	29	54	16	23	97	26	51	16	38	17	12	90	81	67	34	95	27	85	100	22	32	24	52	2	98	58	55	99	61	44	31	55	10	54	66	34	62	44	68	-1	53	24	46	19	88	81	87	1	6	83	93	65	73	80	40	1	78	76	40	36	50	66	40	72	42	11	40	26	88	79	49	64	18	8	11	34	62	80	72	65	83	22	88	
49	3	56	39	10	34	36	94	68	42	48	56	89	87	35	92	43	32	4	61	59	7	61	21	1	82	97	82	69	26	49	24	78	60	9	82	33	61	1	16	20	98	37	1	11	33	14	7	86	51	74	40	44	71	52	62	80	-1	85	100	77	27	86	91	6	61	99	58	87	63	8	19	18	80	48	69	20	2	13	9	31	79	5	64	38	13	86	75	3	51	90	33	49	53	76	4	55	66	53	7	
76	63	10	98	97	87	57	94	20	61	83	7	58	94	29	35	75	96	53	56	32	14	19	53	22	32	31	41	5	9	25	1	4	99	100	79	95	39	39	42	8	94	90	56	31	27	27	86	39	62	64	15	50	24	68	91	52	88	-1	44	17	42	29	24	31	86	5	30	61	5	78	10	52	90	39	6	69	41	93	53	65	14	11	98	94	39	54	10	95	63	45	98	4	65	84	6	33	76	18	7	
36	36	41	29	41	5	73	29	85	66	58	56	28	85	18	64	7	69	64	57	54	44	62	2	7	58	84	94	87	25	82	35	97	10	80	93	72	89	44	72	68	61	44	70	48	66	60	22	90	18	2	92	3	77	40	52	57	84	26	-1	88	86	13	41	4	27	69	67	42	53	46	100	18	50	66	24	99	4	75	50	59	37	52	31	44	23	51	48	3	46	57	62	29	65	88	75	63	2	100	29	
23	69	12	92	65	88	69	25	19	56	90	2	19	78	50	41	76	36	51	51	36	62	76	59	33	9	98	35	19	99	74	47	20	82	19	46	69	97	74	61	81	73	93	68	71	1	39	34	33	80	28	96	18	54	49	11	87	41	23	74	-1	2	85	77	18	66	71	35	52	15	26	33	98	77	6	94	6	39	52	1	39	94	34	61	90	46	65	4	24	52	33	7	52	96	24	80	28	93	85	92	
39	7	82	14	89	40	47	39	6	74	77	91	32	48	59	68	80	3	68	54	63	67	1	26	93	50	72	31	49	76	90	54	39	40	33	37	74	78	69	71	98	49	15	21	81	59	58	96	83	30	62	85	44	41	6	25	61	96	18	98	39	-1	32	97	85	19	70	43	66	13	70	86	66	12	59	99	15	69	62	79	89	19	94	7	10	2	26	87	78	23	61	73	29	44	52	58	14	53	43	41	
17	49	5	29	63	49	93	23	77	1	1	83	94	44	16	95	81	27	45	28	58	81	61	50	56	61	1	74	35	79	88	10	23	16	10	35	72	48	30	46	67	1	62	41	89	86	12	43	75	93	98	90	74	9	38	16	27	42	15	20	42	42	-1	4	66	94	100	22	22	64	83	40	49	53	49	34	1	17	36	85	62	74	97	58	12	28	48	21	71	3	59	41	20	93	26	69	86	60	70	85	
53	43	64	80	14	24	41	20	59	18	32	96	28	20	19	37	14	94	9	33	75	62	100	64	39	82	10	91	41	99	54	82	37	82	72	68	48	46	29	90	20	69	72	32	74	95	27	59	25	7	78	52	17	65	76	79	24	64	84	35	31	5	28	-1	69	20	47	91	12	19	8	80	92	35	40	97	66	99	69	77	14	52	2	37	14	12	21	21	51	95	62	38	21	49	53	91	47	73	75	73	
43	60	75	87	47	33	72	46	1	27	25	76	9	15	81	75	48	4	88	13	23	57	66	97	96	86	34	92	20	97	66	9	18	26	29	94	83	20	37	33	94	11	95	17	50	43	11	84	2	2	40	92	76	84	27	25	29	90	90	71	67	50	53	25	-1	48	5	4	29	3	82	4	72	25	65	94	16	53	79	24	92	19	69	67	80	33	39	1	22	79	74	76	16	77	27	34	51	70	46	47	
75	16	47	7	12	33	100	52	5	11	43	84	63	64	37	75	88	91	87	72	24	63	44	96	39	9	4	75	84	12	92	85	70	5	25	84	77	15	85	16	72	20	99	23	96	60	63	83	43	54	10	24	34	57	71	38	3	32	70	70	96	93	79	32	68	-1	95	34	1	23	22	86	14	88	87	92	1	64	20	98	62	30	65	31	73	97	92	48	38	58	22	88	17	90	86	8	83	78	17	6	
56	9	67	30	90	82	89	41	82	39	47	54	30	81	77	23	35	25	88	1	48	6	94	70	74	44	90	37	46	96	76	47	16	33	81	74	37	34	13	15	26	33	38	39	54	88	81	64	26	66	62	81	36	4	5	4	71	100	98	25	13	38	20	47	8	29	-1	93	64	97	8	20	20	58	58	9	26	86	58	78	16	91	3	50	4	51	28	18	23	31	7	21	85	28	3	100	37	66	66	82	
14	59	24	10	82	4	97	71	42	90	53	7	83	8	26	79	11	91	5	6	39	46	85	64	99	11	48	76	94	49	84	89	32	99	53	26	1	22	3	89	48	14	87	17	11	91	93	66	5	37	21	80	74	40	86	90	70	2	81	18	5	85	58	78	48	38	57	-1	81	87	66	33	54	31	90	29	95	98	14	97	22	87	54	74	25	62	1	69	84	2	57	30	67	70	34	2	36	60	46	78	
34	98	94	44	47	71	95	31	70	48	55	70	12	47	52	89	68	14	85	59	22	24	12	75	6	1	20	30	8	60	77	81	45	2	92	67	7	48	23	36	46	75	88	44	28	75	61	38	78	90	12	25	3	91	20	84	89	19	3	95	29	30	1	85	56	77	14	33	-1	95	31	87	38	98	77	87	58	81	19	23	84	27	23	2	61	88	92	15	8	16	91	72	53	60	52	68	96	9	49	10	
77	30	87	12	83	11	26	91	17	44	57	64	9	30	28	72	7	56	5	14	24	24	98	49	28	49	2	45	36	88	53	34	4	26	44	72	4	76	40	39	33	12	63	59	79	12	62	40	69	80	40	86	92	57	94	55	47	70	82	15	18	54	70	69	22	12	59	25	89	-1	58	13	1	50	38	68	32	47	32	27	55	57	55	33	42	56	34	49	43	44	22	22	76	70	7	91	63	43	50	15	
77	10	65	88	48	20	65	69	86	57	63	73	34	84	2	14	81	83	48	11	67	85	27	49	75	44	54	20	32	15	20	56	18	26	40	18	80	27	94	89	47	33	48	92	55	98	65	77	17	27	66	66	77	7	30	52	8	44	75	6	20	53	29	91	83	51	71	30	65	26	-1	16	12	50	22	72	86	68	19	79	45	77	26	29	88	23	18	34	10	87	25	28	39	43	14	6	55	60	83	55	
68	71	78	12	18	47	26	95	5	47	35	69	31	72	41	52	57	23	29	68	3	40	32	38	61	77	86	7	44	16	75	24	16	63	11	22	16	75	95	48	45	74	5	18	14	64	48	56	31	23	85	47	67	7	25	12	20	35	29	7	82	5	98	89	43	71	57	9	41	84	70	-1	71	72	24	90	30	98	92	47	5	80	73	39	48	3	85	24	24	75	23	43	42	90	58	46	99	88	24	16	
94	90	39	10	46	8	73	91	7	52	84	89	34	87	16	41	71	6	76	29	26	66	86	23	73	47	23	61	77	39	54	27	52	21	24	61	58	44	60	5	99	2	44	79	87	45	100	15	35	32	5	95	11	9	29	42	16	98	68	76	88	65	54	99	20	24	36	21	74	89	95	7	-1	86	39	29	9	18	25	33	55	24	66	13	32	75	69	26	4	42	78	38	43	4	5	50	40	57	11	21	
44	92	58	17	68	37	80	9	23	48	43	27	56	7	19	18	2	93	49	83	53	52	19	27	98	36	51	36	34	12	92	9	100	56	47	62	35	12	39	37	85	80	59	22	49	12	100	26	18	78	1	2	1	65	49	16	65	37	36	70	97	25	41	42	13	51	64	35	85	94	55	85	79	-1	84	82	94	3	26	75	87	84	49	90	89	96	62	89	30	55	34	3	42	48	27	54	50	97	1	94	
38	38	92	32	38	8	8	27	15	26	90	10	3	19	71	87	11	89	11	54	79	66	59	76	43	45	6	93	7	15	37	100	40	14	69	67	26	65	41	91	94	89	72	96	93	100	75	48	3	69	7	24	88	80	58	24	25	82	7	16	71	50	99	91	41	100	14	51	35	90	11	44	97	74	-1	63	86	52	52	74	33	99	96	67	4	66	2	9	58	12	20	66	70	17	7	65	85	42	58	74	
36	63	15	17	8	29	59	75	27	98	57	16	87	30	62	98	61	100	19	68	2	19	58	10	68	65	78	56	80	5	50	86	7	56	87	40	11	63	97	49	95	94	47	24	29	96	98	32	91	61	9	100	92	36	2	24	85	23	70	35	88	32	9	78	71	45	80	27	27	61	8	13	95	20	44	-1	99	92	25	74	27	51	7	34	9	9	79	22	80	53	75	17	100	59	49	3	65	100	41	12	
3	10	29	16	22	25	36	54	76	83	81	24	29	92	5	11	70	44	98	27	45	5	93	33	27	27	86	71	91	58	38	60	31	24	30	49	17	79	54	71	68	58	92	57	6	94	7	8	71	66	6	97	7	95	61	55	33	35	38	91	22	42	15	88	20	11	27	70	1	81	66	73	30	49	19	49	-1	23	65	49	13	70	57	87	12	80	45	47	39	10	40	64	37	47	72	60	76	14	57	22	
44	31	78	49	93	87	1	20	48	64	42	78	69	65	44	21	24	33	35	67	61	17	5	58	94	49	98	85	91	32	61	74	43	59	82	25	50	74	69	88	1	36	56	97	70	32	96	85	88	28	8	86	49	31	78	75	10	62	66	10	58	2	68	47	39	88	65	35	18	100	53	48	97	75	32	51	98	-1	84	31	25	29	17	64	86	54	59	80	75	76	50	15	43	49	94	65	1	8	14	64	
68	87	81	66	86	24	3	25	37	86	8	8	19	7	8	39	29	9	22	78	78	82	98	13	4	60	45	84	96	29	62	6	26	70	36	63	28	42	1	15	35	58	69	99	73	86	100	90	61	70	48	84	40	54	18	57	66	3	10	69	56	19	8	15	99	31	66	12	92	79	76	78	5	85	35	21	97	34	-1	17	40	44	13	68	90	81	89	73	38	43	82	7	77	73	95	19	44	21	22	6	
62	68	66	54	23	60	29	49	100	65	54	8	37	20	98	58	65	21	23	56	73	40	80	36	43	71	46	92	40	10	14	69	100	71	41	55	13	90	36	96	47	51	20	9	26	83	72	99	20	45	24	82	76	42	74	66	44	38	31	7	75	33	33	38	98	20	6	92	76	73	75	99	43	90	42	83	45	72	73	-1	15	15	35	100	56	57	79	56	45	2	63	45	71	90	5	53	42	1	33	38	
97	69	95	30	59	18	90	65	15	97	46	83	33	19	76	26	41	52	1	6	88	55	64	83	84	12	60	75	45	36	25	13	61	75	34	77	80	79	83	72	16	7	11	79	58	47	17	15	90	59	71	55	92	83	95	50	67	69	9	47	22	39	44	46	33	74	40	71	41	47	41	17	87	1	54	88	2	23	36	83	-1	14	4	68	93	52	40	6	82	32	49	16	72	22	58	70	23	20	7	55	
30	98	49	64	22	83	30	47	56	80	20	15	82	15	42	90	90	81	32	83	51	50	33	93	76	96	54	15	94	51	72	30	48	44	61	84	44	89	7	74	49	20	17	32	36	50	22	80	71	90	39	40	4	14	64	100	33	45	30	59	20	81	4	1	14	15	71	33	15	9	39	39	88	87	78	33	100	37	87	30	16	-1	68	19	59	19	75	83	45	8	100	71	79	25	87	56	52	31	86	76	
11	31	74	62	59	45	21	72	25	39	48	77	16	57	47	78	55	46	42	20	56	81	10	67	49	40	5	18	83	61	74	51	47	28	37	40	100	80	69	50	20	49	15	24	30	45	94	95	40	6	47	5	74	24	23	92	46	99	26	69	42	78	2	52	35	9	41	66	43	37	88	72	90	66	88	57	12	85	21	99	26	55	-1	45	62	53	56	30	66	43	36	67	86	61	83	35	44	72	83	23	
27	53	83	69	79	42	62	18	67	82	69	46	93	89	52	84	74	66	22	63	79	14	92	3	3	20	92	77	38	51	63	6	35	44	3	85	21	18	8	3	71	48	41	26	93	41	59	70	53	70	82	31	41	97	43	63	23	83	45	39	54	30	58	43	71	77	1	43	60	54	18	71	16	62	65	28	96	22	42	28	39	63	52	-1	78	4	62	1	70	3	58	30	10	29	35	23	6	70	65	37	
28	4	20	70	72	6	93	25	26	4	8	38	13	69	3	100	27	94	15	13	69	33	10	58	81	38	89	76	90	32	99	55	32	4	85	49	47	13	59	24	64	71	39	83	30	5	21	14	71	21	23	33	64	28	77	95	20	37	15	43	19	18	90	18	18	24	53	74	95	2	29	87	99	57	51	53	18	74	100	1	46	4	85	47	-1	14	100	21	55	69	31	35	14	39	51	28	79	27	4	56	
71	37	28	84	90	59	37	53	59	31	93	42	22	27	40	39	16	3	54	80	43	10	95	36	86	83	47	88	74	70	65	95	62	20	79	23	29	79	27	11	51	49	12	94	57	30	4	48	32	40	25	12	14	63	21	38	27	14	50	58	95	36	6	100	13	46	4	25	87	35	59	30	43	81	6	20	42	48	16	76	26	57	41	88	46	-1	61	45	93	4	82	37	78	50	16	99	37	22	43	78	
56	34	45	6	11	60	87	80	32	29	45	41	55	68	41	27	95	33	40	80	85	58	91	7	32	71	15	69	100	89	64	73	59	60	31	55	53	89	54	65	58	89	92	21	13	60	9	33	3	92	11	53	30	98	78	25	60	73	73	11	87	24	49	53	29	38	93	70	23	92	59	21	42	19	34	14	46	75	97	74	99	59	58	65	44	34	-1	63	46	78	61	73	37	25	33	97	15	76	100	68	
59	87	67	37	4	12	63	58	16	15	25	32	55	15	22	43	31	8	82	93	90	86	55	72	4	73	30	33	46	59	26	4	43	40	12	45	99	8	21	57	6	10	21	66	50	35	88	95	43	68	60	36	5	4	67	33	75	25	93	36	63	86	51	20	22	45	65	35	81	23	13	35	4	92	49	8	86	59	87	57	41	37	90	90	32	61	24	-1	28	62	36	75	11	77	45	96	76	2	100	30	
10	91	95	42	63	46	18	59	26	24	67	33	43	6	28	30	4	10	71	44	71	21	66	63	54	96	45	37	73	9	96	53	34	63	45	70	57	77	42	76	7	82	55	95	73	97	15	74	89	3	99	25	44	21	3	83	16	52	4	34	55	6	29	76	97	59	14	39	43	52	90	24	36	46	71	25	44	22	8	18	75	36	90	92	75	41	35	61	-1	73	10	95	3	2	6	87	53	40	39	20	
50	14	39	12	67	16	24	44	66	92	62	49	64	54	100	38	53	65	70	82	94	26	61	34	76	5	63	99	98	2	17	65	18	77	87	66	68	76	87	80	44	60	80	12	83	39	7	21	67	22	43	64	82	67	21	94	40	60	11	51	68	41	43	68	85	41	51	67	97	36	35	8	73	65	16	36	46	38	6	30	84	93	8	66	97	75	75	53	36	-1	40	98	32	54	73	24	28	5	61	67	
66	92	39	96	69	54	66	18	93	98	42	32	72	38	35	89	70	10	91	94	49	24	21	79	66	18	39	97	95	91	59	15	49	62	54	27	21	39	60	87	86	51	72	21	73	82	43	23	29	99	79	82	60	84	90	22	6	26	38	61	68	39	3	56	31	82	36	43	70	68	87	27	85	57	71	34	72	24	54	57	56	42	22	40	20	15	39	39	2	43	-1	24	40	59	33	3	57	92	38	69	
24	3	100	94	56	93	31	8	93	57	24	79	83	65	56	32	91	40	71	2	91	8	41	10	55	32	45	36	3	80	8	59	78	91	49	1	40	10	67	39	53	64	29	3	6	70	93	78	91	47	22	21	45	38	96	66	88	31	94	60	85	7	18	36	38	24	13	1	86	4	19	79	91	13	5	86	41	49	40	52	89	55	97	8	81	78	16	52	18	84	61	-1	3	75	85	22	20	4	33	77	
66	46	72	52	100	49	8	38	59	48	48	59	1	96	55	72	20	27	75	80	20	82	99	6	1	53	59	13	24	62	70	48	35	89	44	29	67	62	29	69	62	100	42	8	2	48	91	47	52	52	8	41	76	46	4	81	65	16	3	90	48	70	71	84	93	86	53	88	100	62	13	89	76	11	7	88	82	81	19	73	10	72	59	83	23	73	72	86	79	3	58	51	-1	51	39	48	95	95	62	60	
32	42	6	6	44	89	12	51	99	98	24	47	55	67	13	39	98	47	51	93	77	68	62	69	66	49	46	1	14	74	79	91	68	62	49	73	100	97	40	14	81	94	32	63	18	77	13	92	78	97	65	4	97	64	90	38	40	52	61	42	25	34	51	43	41	51	40	95	43	34	13	68	37	5	90	39	39	100	87	26	50	8	94	62	7	6	26	39	17	89	50	36	100	-1	86	98	73	99	94	53	
66	43	79	26	85	48	23	44	96	49	32	100	85	15	44	78	1	55	75	54	42	77	15	73	25	95	50	86	8	57	31	62	32	92	46	56	69	27	69	69	68	67	79	86	77	41	23	54	43	77	58	39	85	31	8	85	70	53	88	61	35	5	57	30	51	68	95	49	56	23	47	98	8	60	92	100	7	100	55	17	87	60	16	88	3	68	72	34	48	40	65	46	80	97	-1	29	22	1	38	24	
7	14	91	56	97	17	21	21	67	81	68	72	27	16	45	84	85	95	9	68	32	17	38	56	42	62	94	58	57	5	49	70	38	12	54	53	57	41	26	31	97	4	89	31	69	32	61	7	95	31	44	80	20	51	52	11	28	5	60	13	19	71	6	16	25	80	71	50	98	50	39	21	73	81	10	16	58	14	86	33	61	42	1	47	29	72	1	50	28	25	27	89	21	55	1	-1	79	100	51	71	
50	69	55	8	35	91	78	84	30	2	94	88	85	67	92	14	70	91	86	67	6	79	42	30	67	70	60	10	90	7	90	54	45	44	19	68	27	28	65	63	69	73	84	21	95	81	45	13	72	26	80	40	47	91	8	11	90	66	76	96	79	99	91	56	56	98	88	12	15	67	40	39	87	4	12	59	37	44	97	4	98	23	57	41	52	59	39	8	23	73	71	44	26	6	20	49	-1	59	60	89	
12	67	8	73	71	93	54	22	28	52	11	44	61	51	26	3	2	5	52	15	70	90	16	31	55	44	43	36	40	17	92	66	100	56	92	58	25	90	80	74	6	31	83	79	24	96	77	53	79	100	84	20	9	34	46	89	18	25	95	30	42	87	81	11	88	25	5	29	99	36	28	44	94	32	34	60	79	49	46	55	47	34	82	66	12	28	12	61	12	64	96	64	71	52	80	64	47	-1	96	82	
81	30	11	81	20	43	55	22	80	5	53	96	9	4	18	82	66	33	31	20	79	64	2	89	29	43	13	100	49	62	62	96	42	58	24	8	79	27	77	47	32	89	41	88	63	60	62	1	30	30	96	44	60	21	14	67	81	46	1	45	6	46	25	37	72	58	71	79	7	4	14	19	34	20	36	40	13	52	22	34	4	64	98	80	98	88	89	61	44	71	1	51	55	88	61	72	67	44	-1	39	
89	78	51	85	64	12	90	87	2	40	68	63	49	26	99	70	54	39	53	19	51	70	48	89	83	100	39	50	10	15	30	73	94	74	36	91	82	52	62	97	18	70	47	17	67	10	34	36	56	45	56	71	93	47	3	32	28	62	98	82	42	44	69	76	15	1	75	67	19	8	70	31	58	80	51	63	15	59	43	43	34	58	93	17	24	63	5	55	6	39	52	24	100	42	49	73	63	9	39	-1	
