100
-1	26	33	99	12	41	57	31	94	86	97	12	28	95	98	5	43	10	23	35	58	5	34	16	10	10	96	98	30	47	82	32	22	51	59	41	29	2	40	97	41	41	34	11	70	21	90	93	44	2	83	13	1	55	83	62	96	53	23	34	3	7	72	85	30	3	78	85	61	82	33	36	80	61	52	91	13	41	41	12	46	24	70	46	43	68	57	56	58	72	80	35	37	17	34	100	64	82	17	81	
20	-1	42	50	86	51	53	62	88	73	30	48	37	26	81	2	19	33	29	57	29	96	59	47	90	65	64	60	25	72	95	76	76	54	94	6	37	45	30	45	6	69	25	66	88	7	81	71	42	17	18	6	95	61	16	17	13	89	96	36	88	93	55	39	18	46	45	6	60	44	12	3	9	59	14	47	69	75	42	79	65	15	34	60	81	26	49	57	58	17	15	12	1	49	85	31	51	17	60	52	
39	10	-1	94	7	33	33	80	71	32	24	59	76	99	17	38	100	98	19	6	83	72	63	82	31	92	50	82	91	56	23	91	75	45	32	9	46	10	20	95	47	13	11	62	22	19	14	9	73	40	48	76	52	70	69	48	97	69	25	13	36	75	60	17	100	28	13	68	82	36	52	25	42	28	40	60	23	39	33	24	47	50	49	54	3	34	20	87	47	60	58	23	57	17	56	38	78	23	47	20	
61	76	64	-1	51	21	14	71	32	93	34	7	78	58	84	37	14	16	43	4	99	72	69	17	63	62	90	10	15	57	10	44	56	35	92	62	55	43	49	16	99	63	76	4	92	35	50	53	61	19	41	77	73	65	89	25	59	99	71	28	64	13	21	69	73	70	78	84	5	28	98	74	24	70	73	95	45	33	5	54	49	17	40	63	57	72	90	23	8	33	98	80	24	51	37	74	75	44	28	43	
93	56	42	30	-1	8	33	65	54	74	37	83	49	70	57	16	93	54	43	62	7	16	67	9	43	96	34	52	63	9	45	68	87	2	40	75	56	62	80	24	91	3	25	73	37	24	4	45	65	93	18	71	93	31	89	42	60	32	91	79	92	59	39	56	32	36	83	11	44	71	51	18	55	51	7	79	37	81	61	67	81	25	31	7	13	40	60	67	17	78	8	10	72	55	40	82	97	28	17	40	
6	91	99	51	94	-1	91	51	18	84	24	12	22	14	95	12	68	91	72	86	19	96	5	3	58	69	94	36	37	75	34	70	40	37	53	55	91	96	54	19	56	35	39	53	82	3	66	89	40	66	27	90	34	54	71	88	77	97	87	93	40	90	65	99	2	90	30	91	7	85	97	37	11	34	23	25	20	30	99	44	54	67	16	33	43	15	29	65	77	93	80	25	13	74	22	88	66	1	69	28	
29	52	99	61	45	77	-1	43	11	38	73	74	27	26	6	87	57	48	7	86	72	13	80	97	91	11	59	100	79	87	30	23	65	58	94	29	69	44	48	75	75	38	85	62	13	52	19	65	17	44	26	7	37	56	36	35	92	50	81	48	14	39	17	19	43	91	43	83	39	67	14	5	58	22	86	59	43	44	26	82	78	63	75	83	82	96	55	30	7	14	11	9	96	73	62	26	48	90	3	44	
43	25	100	55	47	24	100	-1	19	44	66	30	9	15	1	23	91	61	68	54	61	96	55	26	48	86	61	12	52	14	17	77	20	43	16	82	89	38	42	87	52	80	26	28	91	16	87	46	38	85	24	69	44	27	54	70	53	74	87	72	48	52	35	43	13	37	47	20	48	76	10	78	26	71	52	32	15	81	79	52	17	63	63	20	9	85	25	27	71	83	52	30	34	15	36	11	76	44	78	30	
75	44	23	6	66	34	52	42	-1	74	87	38	21	48	66	39	82	17	25	49	12	39	90	38	30	44	38	11	30	60	17	17	47	28	10	45	7	87	48	18	42	4	89	56	36	70	22	16	53	79	87	2	83	84	5	78	67	47	97	54	16	67	98	20	92	96	82	4	89	62	17	55	71	12	87	90	19	19	91	8	11	73	20	1	62	59	99	53	23	58	49	20	93	93	30	59	42	49	17	27	
92	23	46	53	23	46	62	62	56	-1	53	94	44	93	23	83	84	78	3	36	25	100	59	28	65	16	55	78	90	54	63	46	8	63	89	26	82	8	32	1	62	8	18	14	72	51	90	16	97	95	53	77	76	87	78	81	45	47	33	40	50	79	86	82	7	19	5	17	28	59	95	40	44	2	18	60	52	28	10	4	78	13	97	9	96	24	48	29	44	16	58	39	89	16	40	12	78	76	74	4	
61	91	78	92	62	40	50	2	29	50	-1	26	38	5	35	50	48	99	6	13	42	19	24	87	27	44	20	92	4	14	26	21	34	99	14	54	48	99	20	33	42	93	63	23	26	49	2	80	39	75	51	84	67	52	6	71	53	32	96	44	70	35	57	29	47	76	14	46	76	43	83	44	8	90	36	92	53	14	91	21	53	66	21	53	96	28	72	79	24	19	72	73	35	98	100	75	48	7	4	76	
25	73	37	19	86	6	21	98	82	72	47	-1	22	58	31	73	82	30	96	60	10	76	19	28	34	98	53	85	87	100	24	48	80	17	75	26	13	30	51	58	80	85	58	21	62	82	6	15	73	52	38	87	81	42	99	96	51	7	89	46	88	31	7	62	31	27	96	30	43	52	43	6	51	82	42	64	39	50	15	39	6	86	67	33	40	81	34	63	26	19	23	88	91	25	51	18	77	32	16	100	
80	90	24	79	67	38	92	67	77	45	26	92	-1	30	5	100	18	18	13	90	34	64	5	5	51	31	35	70	71	5	94	15	25	57	14	77	75	19	92	38	87	61	48	95	8	72	56	12	66	75	23	10	69	84	77	85	46	37	68	92	98	80	84	38	93	93	55	38	79	12	33	49	20	63	66	54	73	66	99	14	64	61	85	86	12	4	28	78	19	92	65	23	96	70	50	59	100	65	2	59	
62	85	23	53	98	10	35	23	92	81	7	52	46	-1	81	74	62	63	20	29	64	88	5	57	56	78	85	21	91	74	77	42	40	86	91	41	50	89	90	51	34	24	35	95	1	6	34	87	94	73	5	28	54	38	75	40	67	83	44	36	42	14	52	23	61	61	17	72	33	64	49	75	36	51	48	59	33	80	6	90	90	79	35	85	30	93	91	70	77	66	37	44	85	25	43	53	22	17	64	50	
64	32	20	26	59	3	15	3	24	6	9	2	38	10	-1	25	5	35	44	1	64	60	2	97	7	26	80	21	5	3	40	68	18	5	69	30	52	16	98	73	80	78	59	80	44	10	3	72	71	77	89	76	69	69	52	31	99	39	84	51	74	32	34	40	32	46	23	61	98	72	10	30	85	35	14	11	58	94	29	3	44	100	26	9	25	41	32	83	72	26	88	88	57	89	89	68	25	13	46	53	
67	1	28	37	59	31	88	85	90	91	3	95	95	44	24	-1	19	1	63	10	11	52	25	71	13	72	99	83	14	7	96	21	71	91	33	31	18	53	2	61	78	72	19	60	28	76	50	87	51	92	34	73	73	17	39	84	26	5	72	46	7	5	85	10	35	67	75	17	39	63	16	57	20	2	79	93	21	15	88	59	36	58	72	31	73	18	100	84	22	100	2	96	26	48	35	3	92	82	87	4	
5	97	42	95	1	38	88	78	70	53	31	15	67	20	76	42	-1	52	20	7	95	17	27	91	34	16	86	66	97	43	52	72	29	62	44	78	37	33	36	77	11	45	41	16	72	56	88	62	55	62	30	30	45	89	56	1	83	36	42	98	23	15	58	24	48	98	99	89	13	53	6	25	76	19	43	77	14	10	77	57	69	58	68	32	65	67	83	67	89	48	85	83	87	93	38	46	73	73	6	8	
88	88	62	66	40	47	32	52	61	58	52	11	6	72	66	9	89	-1	42	62	76	78	56	62	5	27	17	63	58	99	22	18	62	30	24	39	7	60	14	95	3	5	51	51	51	5	10	1	25	87	91	47	66	35	38	29	48	16	86	26	64	11	53	34	14	78	34	70	11	80	91	96	68	6	70	29	21	57	49	28	41	32	89	17	24	60	43	26	60	2	88	21	80	46	83	98	26	10	52	18	
56	60	12	44	42	59	78	79	46	79	44	12	15	4	94	81	14	77	-1	34	98	21	1	4	31	10	89	68	31	57	68	2	67	65	84	57	26	88	65	72	47	36	67	21	64	44	47	26	42	88	25	8	40	48	61	38	72	3	87	39	100	98	1	95	6	14	83	47	6	72	28	63	15	48	8	48	72	16	44	95	28	78	2	8	56	15	73	49	85	21	35	1	49	43	61	72	41	59	50	10	
29	21	88	60	19	22	76	66	36	92	48	98	35	32	54	44	27	71	26	-1	58	41	49	80	65	34	15	36	61	51	41	58	45	81	63	53	59	61	47	93	59	37	58	83	93	48	46	50	8	80	57	48	72	73	48	91	52	24	2	49	45	65	78	32	29	65	22	2	47	39	25	40	14	62	40	41	96	82	100	10	93	55	83	39	24	3	64	92	86	30	92	93	36	17	75	23	77	22	94	53	
37	41	14	49	28	15	89	50	11	50	23	41	3	69	23	63	38	57	27	55	-1	2	9	73	68	68	94	84	30	46	10	99	88	64	85	12	36	40	41	92	10	1	86	57	73	81	49	20	59	93	82	44	44	40	63	66	6	62	84	10	40	32	60	97	63	53	21	5	72	95	62	3	88	50	92	95	16	12	35	77	33	30	23	74	38	49	7	85	11	5	100	31	94	74	88	77	72	88	89	28	
51	76	85	5	89	3	64	46	39	19	12	100	27	76	19	27	39	53	30	83	55	-1	30	17	85	52	48	47	57	42	76	23	29	47	76	19	14	89	28	88	32	62	35	75	28	22	16	70	94	33	11	2	77	49	4	39	18	26	76	8	58	36	49	25	71	93	31	26	13	32	48	50	95	57	99	64	29	1	29	5	11	29	64	6	81	38	77	63	60	84	15	83	69	23	28	18	4	5	12	9	
52	97	80	30	90	51	24	99	39	50	80	15	70	18	87	98	9	38	29	16	26	77	-1	100	65	4	7	93	91	23	86	68	49	42	6	63	98	52	90	98	45	90	23	28	48	71	50	33	19	75	69	61	86	43	46	36	53	17	96	47	91	40	62	54	73	32	9	94	92	3	4	80	41	18	82	54	20	70	23	94	48	57	19	65	21	89	15	42	63	55	65	83	98	15	7	31	17	96	31	92	
7	78	82	7	8	87	52	66	72	67	90	1	13	33	79	88	66	91	96	4	56	65	64	-1	52	80	25	50	38	65	47	32	70	36	29	27	54	45	30	100	91	39	46	91	95	86	81	46	7	61	57	57	50	99	97	7	31	74	60	75	16	78	61	7	96	30	20	33	70	92	41	29	50	86	75	18	23	16	40	84	49	36	79	45	53	8	30	15	52	7	29	86	84	27	47	26	29	37	67	10	
46	73	17	74	54	3	34	51	6	67	22	61	3	21	97	69	21	12	76	44	2	67	56	34	-1	67	96	43	23	86	33	70	56	47	85	19	45	72	12	24	21	7	41	31	81	49	7	99	86	41	45	43	85	29	39	46	32	97	82	58	3	6	23	41	89	77	39	73	52	63	61	87	81	95	24	39	51	54	10	89	37	70	94	11	4	38	2	17	40	81	56	97	10	54	38	77	13	15	23	41	
75	8	60	89	35	45	79	86	85	10	11	24	25	39	84	52	31	57	64	11	6	64	70	31	24	-1	85	71	88	86	13	6	45	100	83	79	4	75	42	79	76	25	38	17	38	65	57	89	10	35	5	94	42	34	33	21	95	24	12	76	35	18	65	31	43	46	51	54	30	13	78	42	9	92	42	29	80	92	4	24	57	88	91	87	48	76	85	48	27	64	70	71	27	7	4	54	26	36	32	75	
6	12	16	66	89	37	21	45	55	31	67	53	66	66	83	3	12	39	87	39	26	98	20	68	22	3	-1	41	43	14	63	39	100	23	57	29	91	17	18	32	91	9	26	6	17	39	44	68	95	98	52	16	23	92	51	46	37	62	75	21	11	26	91	76	12	59	52	96	71	91	61	87	87	76	41	27	99	49	8	30	42	21	63	56	42	24	51	23	80	69	78	35	50	52	20	34	24	65	89	6	
36	77	28	21	11	35	24	3	95	97	72	42	88	47	4	94	51	56	29	16	92	81	58	13	26	75	17	-1	66	43	49	76	50	98	5	53	30	77	49	10	85	82	85	57	64	5	87	63	31	79	83	19	80	98	21	77	91	21	79	91	44	1	63	77	33	7	73	36	31	88	64	24	30	11	47	22	83	90	37	79	38	72	34	91	64	81	88	48	15	94	17	15	35	30	11	75	95	97	75	51	
100	9	75	6	5	46	13	93	44	38	73	45	60	81	71	54	4	89	4	43	34	45	67	35	27	87	45	7	-1	51	80	73	72	36	67	58	88	80	64	85	100	14	70	23	9	84	42	87	16	95	31	36	50	10	27	78	31	34	59	97	29	93	74	26	13	96	18	37	82	35	16	58	45	18	37	28	3	3	64	10	56	53	74	100	76	43	95	30	25	25	59	20	85	51	81	26	20	59	46	88	
91	55	70	96	62	40	15	78	11	53	70	97	60	91	50	96	51	37	22	4	35	94	62	44	66	62	12	32	78	-1	30	28	67	36	4	35	27	23	83	12	46	40	41	93	38	46	73	51	4	21	75	22	42	55	29	72	82	94	73	56	34	42	73	39	14	94	13	98	11	42	11	29	57	84	15	43	58	71	90	66	88	23	9	25	21	11	70	21	67	99	2	48	87	2	71	80	49	22	59	59	
8	62	81	61	45	17	32	14	78	59	23	74	61	9	72	35	86	100	16	2	41	38	9	100	47	20	100	78	76	3	-1	57	30	78	30	69	64	100	8	56	38	53	74	43	87	17	54	64	66	44	21	23	2	2	19	27	68	35	25	29	93	16	72	64	100	77	67	78	59	20	72	90	61	34	47	15	10	33	20	96	84	34	48	8	5	24	37	32	21	1	85	82	9	67	48	44	68	61	29	1	
25	95	83	79	9	75	80	55	42	2	85	85	92	30	19	75	87	69	6	71	74	66	36	6	7	82	4	68	14	22	39	-1	54	38	88	63	43	49	95	79	42	44	98	50	22	43	71	11	51	57	76	28	100	16	78	85	74	62	94	36	12	95	13	27	44	99	82	57	73	30	74	49	8	38	15	3	40	32	61	4	89	79	69	56	17	85	90	42	50	78	18	20	98	46	52	55	35	74	43	97	
1	43	64	38	15	10	87	48	10	99	100	14	100	15	19	30	55	95	80	85	16	20	49	60	83	80	29	60	84	22	18	99	-1	4	92	44	25	40	71	8	44	81	65	60	92	85	91	52	78	61	38	98	31	55	79	69	71	70	19	58	78	3	64	3	99	62	57	97	96	94	62	45	41	37	24	41	96	99	22	35	79	53	84	90	32	65	11	73	94	64	69	25	17	95	82	42	88	62	99	100	
69	2	50	54	1	41	87	75	16	27	89	56	35	55	51	34	43	7	64	36	89	48	77	44	21	21	19	63	76	69	57	66	69	-1	23	99	66	45	62	39	94	17	73	66	16	64	100	31	8	58	28	51	56	68	8	68	33	69	96	48	42	57	50	12	3	56	99	34	3	76	39	46	98	27	100	24	65	39	64	94	90	35	1	7	4	95	76	45	3	78	33	67	72	15	50	90	91	93	30	74	
64	88	93	83	16	17	97	24	36	52	58	26	87	43	25	69	40	21	89	56	2	36	60	74	59	88	21	34	3	14	46	67	29	91	-1	43	70	42	25	39	28	13	82	71	86	75	46	21	64	4	87	55	30	41	31	36	89	60	63	18	57	45	21	60	53	66	19	90	8	73	57	95	87	25	62	30	15	94	52	32	48	53	82	61	70	30	55	73	31	80	47	9	89	26	87	46	41	20	54	38	
40	2	58	24	49	86	45	40	96	16	100	63	5	21	51	64	60	48	39	77	12	41	5	68	37	83	88	4	58	53	100	66	54	19	76	-1	43	27	58	33	77	25	45	67	38	16	65	25	63	92	68	48	73	72	13	17	4	85	55	36	22	32	42	83	58	51	86	94	92	56	19	87	56	10	85	2	76	88	85	55	99	75	64	50	84	47	46	51	76	29	9	78	43	20	51	45	75	42	26	34	
34	36	63	50	69	68	40	19	50	21	2	76	52	24	45	17	15	66	46	94	10	78	51	4	71	69	53	84	53	83	58	18	57	96	64	88	-1	49	30	79	6	91	16	82	81	9	36	47	93	69	57	92	24	6	16	12	96	67	59	74	18	32	11	8	39	75	91	48	83	68	4	100	89	24	96	7	78	98	49	10	86	36	70	51	31	77	41	28	83	15	27	88	48	26	100	63	93	21	69	90	
8	37	43	36	90	24	81	43	99	89	49	3	79	96	87	73	64	2	95	63	24	22	76	86	97	26	13	7	48	26	78	10	19	45	78	56	6	-1	32	20	36	92	91	100	96	89	90	51	53	90	43	65	17	53	21	34	35	11	62	47	92	71	36	59	80	60	52	85	86	5	40	20	85	92	55	8	23	72	78	99	71	63	93	16	18	100	35	90	61	16	2	20	38	4	59	43	88	26	93	17	
92	55	99	89	65	24	2	95	18	16	15	98	55	90	94	91	62	39	77	31	99	61	60	55	93	53	64	31	38	2	76	73	68	28	18	24	74	96	-1	67	57	47	16	78	72	17	94	58	42	13	8	50	1	33	18	85	89	73	31	71	10	46	93	18	65	76	99	96	52	19	36	88	68	9	70	66	45	49	92	69	5	95	51	83	45	30	39	39	68	58	54	59	100	80	17	75	46	43	13	58	
29	60	60	9	50	100	76	40	34	60	48	90	89	4	50	28	29	76	35	86	54	97	5	32	49	24	86	10	83	93	18	15	39	5	3	19	2	15	39	-1	48	82	40	49	53	17	97	20	60	20	2	100	34	51	100	74	52	34	11	30	64	88	85	66	40	27	10	86	78	33	52	63	29	98	62	33	67	89	96	12	80	75	57	80	98	73	13	83	36	90	19	95	12	82	9	45	28	64	47	18	
85	98	38	59	47	12	83	58	16	50	95	51	43	48	3	12	30	82	46	29	95	81	14	18	43	67	88	11	64	55	72	24	85	29	97	73	24	90	5	37	-1	87	91	44	29	98	22	85	84	27	18	41	8	27	36	38	55	80	90	42	59	92	58	22	55	25	6	57	19	1	88	18	34	45	44	69	74	16	73	99	67	93	27	40	19	88	42	57	46	60	72	28	54	11	36	47	10	30	82	74	
50	85	24	20	69	93	58	20	85	94	6	90	59	3	39	49	36	27	15	9	19	23	83	28	60	46	70	52	76	28	60	5	22	66	80	33	45	76	88	51	31	-1	83	88	48	70	10	62	43	97	48	32	92	89	84	70	95	17	44	42	86	94	58	85	40	59	28	95	55	20	45	6	45	85	28	47	83	69	69	78	25	11	46	100	77	90	64	89	13	28	46	27	47	56	64	11	64	56	44	74	
36	4	29	57	54	53	29	4	85	76	13	85	33	26	74	51	55	76	94	13	67	39	47	29	85	10	68	76	2	79	13	48	7	62	92	99	58	11	45	10	28	63	-1	81	22	38	58	43	14	32	88	11	21	3	28	100	45	31	88	91	92	100	26	25	77	16	78	9	39	73	45	57	45	98	21	54	10	40	91	18	79	31	85	58	5	3	12	17	69	96	9	4	17	16	70	89	46	91	55	92	
22	11	1	72	82	1	68	20	76	7	16	59	1	20	49	20	38	45	75	97	88	78	14	12	21	28	50	11	5	44	83	67	10	88	36	19	24	24	98	70	64	39	58	-1	45	21	55	78	57	99	43	72	100	51	20	59	66	84	90	80	83	33	3	4	60	38	12	7	86	31	35	32	9	26	69	45	84	49	68	93	100	84	8	65	76	4	14	60	52	64	13	2	25	31	76	15	75	90	63	71	
16	64	18	73	76	95	59	77	73	88	12	66	58	30	15	80	98	82	4	45	66	99	80	38	75	37	91	100	21	27	81	95	13	41	73	51	24	78	74	21	64	34	85	57	-1	42	88	74	14	29	22	46	1	13	72	37	2	36	42	21	27	17	88	11	77	34	77	48	40	8	31	10	15	68	48	36	78	8	50	28	71	23	51	48	33	69	8	95	54	62	70	20	51	88	58	91	87	99	13	43	
74	93	87	28	1	22	81	29	92	86	92	81	86	60	57	66	66	53	46	98	20	34	6	97	81	66	95	63	63	11	55	70	35	51	21	54	88	81	50	13	88	10	95	73	69	-1	41	60	36	9	22	2	90	26	23	29	5	13	90	41	29	82	3	34	25	95	25	57	82	92	66	97	14	70	56	58	76	30	94	73	14	61	43	36	79	42	21	79	14	27	41	16	31	23	30	42	52	12	3	60	
71	97	13	28	46	30	9	86	94	82	66	3	69	73	21	21	5	34	86	25	42	27	38	46	67	68	37	4	48	96	46	9	40	22	21	6	100	44	61	98	95	9	2	50	83	48	-1	72	8	44	75	88	30	92	33	78	73	43	67	60	99	19	45	86	60	51	56	79	96	51	11	75	90	16	31	97	15	93	43	15	94	33	72	31	86	79	52	60	84	94	77	94	7	91	41	98	82	55	63	98	
85	93	48	24	38	55	72	76	21	48	34	78	81	10	71	36	46	5	45	97	76	84	90	55	33	70	21	99	86	8	35	47	89	65	27	19	95	13	23	82	20	79	53	98	59	12	86	-1	55	25	81	92	69	24	13	66	85	80	82	8	77	64	62	8	53	21	91	4	85	56	23	49	20	97	65	48	51	56	8	2	55	31	7	29	35	80	45	69	49	40	62	12	95	16	69	50	33	88	7	91	
77	33	47	14	18	91	72	54	52	78	100	39	68	36	95	8	60	76	12	66	38	6	33	63	89	91	81	32	62	58	1	16	68	47	83	22	27	42	43	28	62	47	54	89	48	5	73	68	-1	79	57	10	62	62	61	97	74	72	80	46	31	5	59	9	62	98	61	25	77	87	83	73	14	9	59	37	44	36	65	85	70	9	10	99	97	61	53	41	17	96	20	80	27	18	52	83	66	50	87	3	
22	68	73	40	72	68	56	12	67	3	5	91	26	65	100	39	15	96	91	97	12	84	57	31	32	12	20	91	52	80	46	8	34	55	68	67	50	47	60	45	27	71	7	99	4	12	5	58	28	-1	50	41	17	35	5	53	47	66	60	12	49	28	85	4	100	29	99	84	98	51	71	34	99	60	24	18	2	88	14	48	81	87	69	37	65	81	99	44	73	84	89	2	90	57	5	8	71	59	2	2	
53	96	32	91	34	38	35	7	2	17	82	94	98	78	50	71	57	63	13	81	51	43	16	28	92	21	52	11	8	44	60	25	41	62	97	82	78	37	100	80	24	17	28	89	99	23	52	62	89	85	-1	67	88	95	3	84	22	88	54	40	15	37	75	26	90	48	38	75	43	59	36	74	96	41	34	45	24	38	15	20	26	5	99	58	73	79	64	26	42	55	13	36	99	78	46	44	59	43	11	49	
82	33	52	34	79	35	97	61	99	5	49	29	7	38	81	90	85	77	26	66	78	55	38	2	88	85	87	77	22	14	44	8	92	60	69	83	82	12	25	47	94	50	91	5	10	26	90	70	50	31	56	-1	51	46	98	24	14	80	11	99	85	99	30	92	84	36	28	43	14	52	55	92	16	66	95	43	68	34	66	39	51	79	47	32	17	88	11	53	54	93	72	85	18	36	73	28	12	63	61	98	
10	29	31	52	52	19	23	42	63	39	31	96	24	53	64	60	29	46	65	91	43	83	56	51	78	43	9	48	72	27	80	97	12	17	22	18	14	99	18	64	90	50	11	49	86	2	50	89	39	51	54	95	-1	80	53	76	75	97	56	88	28	49	98	71	70	84	81	95	54	2	64	28	53	8	50	48	2	12	1	77	66	23	100	49	69	98	51	82	35	60	73	72	4	3	56	20	19	81	80	62	
76	57	53	69	57	30	51	61	82	47	35	13	81	47	16	38	41	12	69	88	80	78	20	76	27	1	91	77	81	83	3	19	20	27	79	21	59	31	26	89	35	11	99	58	52	38	83	93	58	4	44	40	97	-1	88	85	27	70	16	73	96	96	60	29	78	45	99	68	28	48	40	78	18	27	67	37	12	40	10	81	98	86	66	27	84	41	46	50	3	25	32	50	55	7	37	70	67	93	70	27	
70	12	12	3	51	43	48	1	75	73	67	51	57	79	99	74	63	35	35	25	99	72	100	12	40	64	69	98	94	26	43	69	91	47	56	25	4	54	97	56	11	51	75	64	86	42	75	61	88	45	96	85	87	75	-1	20	97	62	81	94	46	51	60	95	56	67	49	76	97	45	22	99	13	17	74	19	49	86	35	9	69	1	33	92	27	27	85	93	56	1	79	12	9	15	33	10	27	39	49	63	
34	22	21	73	56	87	13	77	64	71	69	54	93	45	100	44	14	59	76	31	46	37	14	80	76	40	32	79	98	49	53	2	13	99	53	88	54	50	9	85	64	38	46	73	6	24	17	64	2	39	38	17	6	78	77	-1	78	65	31	100	34	34	35	99	64	69	92	32	79	50	67	42	35	30	36	48	3	91	46	94	55	43	3	80	44	20	4	34	77	54	77	98	17	70	3	27	50	34	61	98	
28	64	28	24	42	40	59	48	52	44	15	73	41	82	8	69	11	80	87	15	38	87	48	74	5	94	59	19	11	68	19	41	84	33	95	39	14	29	85	70	71	73	67	67	76	94	20	55	23	27	3	21	12	94	62	32	-1	21	3	69	90	96	60	92	39	9	32	23	74	80	65	40	93	84	31	6	96	97	15	24	40	64	44	24	60	12	9	22	23	58	68	39	91	72	93	90	22	3	85	68	
87	64	76	34	15	56	45	1	44	39	74	57	17	17	60	90	72	33	23	75	57	19	77	36	11	69	11	71	72	41	93	85	36	41	83	58	86	27	92	50	34	87	30	65	94	46	50	74	68	4	89	91	60	46	26	24	6	-1	68	87	9	94	40	3	28	18	84	38	20	11	8	90	22	28	24	3	82	3	20	62	42	97	37	54	81	81	23	24	39	40	79	56	58	43	20	3	84	100	52	51	
8	14	88	37	14	20	52	42	87	24	83	28	67	76	3	94	45	52	39	27	77	77	34	78	28	97	12	97	37	84	94	96	61	3	27	77	24	11	99	22	43	28	82	57	14	27	67	14	95	28	94	61	2	48	20	78	70	18	-1	52	66	39	76	85	8	65	77	59	96	82	1	14	15	64	4	10	100	86	38	80	12	91	15	59	8	10	94	86	7	19	87	53	1	6	17	58	52	92	17	95	
60	82	97	9	86	9	60	99	21	46	39	87	83	45	39	79	19	61	87	4	45	97	40	31	39	54	87	1	82	92	64	81	13	86	41	15	29	22	60	52	96	28	92	55	80	17	13	74	94	19	3	65	100	3	1	81	27	64	34	-1	61	53	98	36	10	41	89	11	21	67	95	52	49	46	63	98	77	21	47	37	70	78	40	90	21	9	21	10	68	57	82	10	75	78	94	9	77	46	47	88	
42	49	68	71	11	3	10	25	100	85	95	62	70	26	53	31	17	3	83	62	32	1	53	34	70	67	80	49	55	39	20	24	83	21	33	71	66	41	35	49	65	76	34	62	48	39	44	11	53	7	37	38	87	76	90	67	99	55	37	34	-1	55	9	64	7	4	22	94	26	13	18	97	10	36	63	50	95	53	27	39	54	16	8	47	74	88	41	3	69	69	42	91	69	30	91	35	60	92	53	7	
33	29	65	24	19	32	9	17	6	40	48	92	52	91	54	58	90	65	100	34	36	13	21	60	43	39	29	53	44	55	44	8	3	61	95	72	30	66	2	85	27	6	69	93	33	13	57	32	94	87	6	57	4	23	11	66	93	83	47	74	91	-1	94	53	50	6	34	94	34	25	73	63	60	10	90	71	24	65	79	86	78	45	29	18	14	8	78	32	91	18	70	82	50	33	69	32	35	28	44	64	
32	25	46	39	92	58	69	77	75	79	9	44	57	24	44	44	44	90	82	25	58	64	47	45	65	74	59	59	44	42	30	85	55	57	68	70	47	29	94	23	29	84	46	55	43	99	55	100	19	24	1	97	74	33	39	96	72	22	37	12	82	76	-1	68	80	91	83	12	61	8	69	94	58	2	52	90	12	94	22	95	51	74	91	16	48	97	11	73	4	17	16	99	95	92	42	79	49	29	65	46	
7	7	39	33	37	10	95	35	30	48	33	35	68	15	75	74	6	2	39	86	16	85	5	64	70	73	8	55	72	51	40	21	36	24	59	50	32	69	60	26	21	63	91	56	40	9	27	73	96	41	76	57	93	89	37	44	31	7	57	95	42	11	44	-1	86	68	55	96	29	59	23	1	6	26	74	78	46	94	92	36	5	69	86	72	3	37	75	100	40	33	53	30	76	94	91	85	8	20	12	76	
60	43	88	68	69	48	1	56	64	74	61	63	19	38	21	25	16	98	89	14	44	25	22	87	10	8	9	38	84	67	55	41	100	55	72	86	3	47	47	46	47	32	50	34	87	10	50	20	63	67	42	70	39	50	76	4	88	44	12	53	29	50	60	88	-1	24	80	55	15	53	51	62	51	70	33	56	81	40	53	57	65	16	53	9	65	30	80	22	17	70	39	47	12	20	32	87	65	38	8	14	
87	55	77	81	33	82	52	75	74	62	67	74	52	25	71	36	63	16	84	52	73	61	41	28	100	88	77	8	76	62	13	87	65	32	8	84	2	74	46	72	83	67	77	18	93	7	81	94	100	50	88	38	14	5	44	66	9	22	41	16	40	21	15	83	86	-1	36	53	3	56	43	77	5	18	21	34	51	87	61	56	91	12	12	83	72	62	53	18	5	31	6	41	81	70	47	5	11	58	41	47	
87	13	60	59	4	53	84	90	55	87	21	14	67	6	37	86	23	30	62	14	21	61	39	56	57	27	79	90	5	89	76	22	62	9	39	12	59	4	73	86	56	29	63	18	26	96	17	11	77	13	67	93	90	64	86	94	14	56	98	57	39	59	100	74	41	70	-1	65	2	64	21	59	93	36	41	72	73	72	92	69	97	39	65	73	25	20	44	98	56	74	28	23	67	84	47	87	56	16	6	64	
43	5	59	75	11	17	99	40	1	41	79	69	48	26	20	60	65	84	73	84	73	67	98	83	62	71	7	9	19	100	15	72	22	44	73	9	69	45	34	62	61	34	45	80	93	4	3	83	70	20	23	11	69	79	5	13	94	38	61	59	39	47	11	28	76	32	24	-1	72	86	11	63	46	65	53	77	59	59	59	58	70	18	33	9	4	64	9	10	90	25	52	66	89	89	35	67	81	16	57	8	
1	82	86	59	38	30	95	4	85	30	53	81	90	24	28	77	11	7	73	29	30	1	77	50	38	72	51	70	23	98	7	25	87	2	96	11	92	55	29	23	27	23	68	88	19	20	71	45	35	74	99	94	56	5	77	76	7	80	66	98	81	27	98	42	83	84	44	62	-1	100	16	49	96	81	81	67	14	8	79	100	66	73	67	35	93	33	38	52	82	51	6	2	81	91	81	82	69	97	31	18	
11	99	66	53	27	30	40	61	16	46	88	13	100	12	20	41	97	100	74	62	2	51	33	30	32	34	55	43	44	92	40	86	5	64	4	4	22	51	32	12	70	1	43	44	38	29	92	29	67	2	36	3	77	10	9	34	23	94	14	29	80	24	33	36	49	45	74	93	23	-1	7	54	63	4	8	21	91	45	91	39	91	83	26	21	35	51	89	42	81	6	62	76	88	60	74	65	33	99	63	65	
18	76	23	94	38	34	15	8	84	22	23	78	3	45	65	43	51	3	40	1	89	93	39	100	33	2	78	16	27	63	16	8	34	59	46	66	81	27	7	39	86	3	8	52	89	5	54	89	9	51	6	17	57	43	32	22	10	92	31	27	83	4	44	83	1	61	49	84	12	73	-1	80	19	93	97	88	70	22	34	34	91	34	45	20	83	66	5	54	27	96	92	86	69	50	72	90	78	43	65	23	
87	7	78	1	6	97	43	88	30	24	26	21	98	15	78	5	18	78	79	61	6	36	92	82	74	90	33	75	94	80	33	57	43	18	39	79	31	94	23	98	30	32	23	70	97	74	6	42	38	74	89	48	99	72	25	20	35	16	44	91	78	68	91	27	49	50	99	61	7	40	19	-1	98	94	35	94	46	56	33	61	70	87	14	39	52	91	46	90	92	7	57	13	5	19	95	68	32	60	53	64	
40	88	95	16	87	4	100	86	84	56	11	38	18	70	43	24	48	41	65	93	9	38	20	67	57	20	13	32	97	33	32	84	44	77	47	2	94	10	78	9	33	88	59	75	6	18	19	25	21	89	32	4	44	73	32	56	33	93	6	87	69	42	36	68	44	83	53	36	67	88	71	49	-1	41	52	63	42	77	27	52	42	62	20	57	36	92	19	3	46	82	30	27	4	89	1	63	8	52	32	99	
80	81	36	94	20	35	64	6	48	63	54	64	27	36	96	75	1	6	40	20	90	38	68	90	29	52	10	31	52	21	91	74	96	32	24	11	52	15	49	4	5	25	82	97	56	50	92	22	15	61	1	59	64	5	86	44	72	11	35	34	64	11	72	95	89	77	7	69	93	22	10	37	24	-1	11	55	37	84	17	93	66	97	94	25	72	60	59	12	38	50	78	70	22	99	53	68	48	27	96	10	
98	49	36	64	21	27	60	50	22	61	89	29	43	37	92	28	31	25	51	83	50	83	52	34	22	94	56	82	51	18	24	44	77	42	48	34	100	64	69	97	39	85	29	75	85	25	8	90	56	61	73	14	26	90	94	44	10	77	36	26	19	6	22	57	67	50	51	92	86	60	58	99	24	73	-1	6	52	24	26	78	88	47	18	26	65	77	1	19	43	14	24	80	61	31	70	73	17	10	35	48	
22	55	43	6	41	61	32	59	22	93	36	33	89	56	69	82	41	47	74	100	71	42	71	16	90	5	95	54	93	63	45	84	17	20	40	13	81	82	20	41	31	86	90	26	58	83	42	88	93	43	42	100	60	54	65	17	61	52	33	97	12	2	18	11	84	87	89	72	30	3	83	7	99	32	62	-1	100	85	77	48	1	13	75	5	76	39	54	48	59	34	84	8	25	30	84	9	52	71	29	88	
35	65	56	51	90	56	96	90	60	92	100	53	80	9	82	3	71	99	98	74	93	14	77	12	82	100	47	93	71	7	55	78	73	88	21	10	25	48	100	87	29	63	1	75	62	66	4	7	54	57	26	92	44	84	43	40	77	65	44	31	45	67	67	3	19	2	26	28	93	31	74	33	24	36	41	19	-1	23	11	45	31	53	92	90	61	11	73	90	25	2	1	48	39	18	35	7	7	92	28	51	
99	14	3	72	11	85	53	30	77	82	85	9	21	83	44	27	71	35	84	26	4	8	9	42	53	77	72	74	37	41	92	89	97	79	10	56	75	43	46	98	60	27	6	33	26	85	17	87	20	96	69	55	46	8	20	61	24	51	21	71	83	34	9	82	24	57	8	45	83	18	73	52	66	91	73	83	33	-1	26	40	71	69	13	24	53	62	66	90	91	30	44	34	36	95	30	23	56	58	23	31	
62	60	91	60	16	13	14	91	28	68	59	40	96	26	82	54	89	95	73	8	95	97	95	8	64	34	82	7	17	72	58	25	61	38	30	22	65	38	75	50	1	53	31	1	93	55	72	46	33	92	9	21	88	38	88	18	91	59	29	60	55	21	18	49	29	81	95	40	21	65	27	77	100	53	47	40	9	72	-1	95	28	23	74	83	37	68	21	16	84	81	36	3	14	8	83	66	4	50	24	68	
85	23	70	97	16	22	68	99	100	74	12	30	77	57	25	55	28	82	33	7	70	30	99	98	90	66	52	6	69	8	9	28	25	91	84	22	56	32	66	6	17	35	32	38	76	5	5	44	27	90	48	68	89	34	86	56	74	96	77	83	4	55	42	69	56	61	56	42	60	57	19	76	23	83	40	83	57	97	73	-1	95	93	36	56	12	92	21	35	81	81	18	62	49	77	4	4	83	39	17	91	
40	40	24	2	75	15	96	100	36	97	67	27	43	15	49	74	90	48	19	91	70	48	32	95	27	73	37	43	16	57	63	11	41	16	95	29	60	80	1	60	77	15	10	65	45	76	67	98	63	31	89	33	7	49	22	84	86	15	67	42	69	91	12	56	72	89	61	78	78	35	70	87	91	75	58	92	85	88	15	15	-1	99	99	85	79	67	79	20	24	33	7	74	91	72	83	98	24	42	39	82	
1	67	91	27	71	42	89	71	80	34	23	1	99	73	52	68	47	50	99	74	28	81	66	3	80	77	72	34	97	26	84	78	88	87	88	12	18	61	78	77	4	56	82	82	40	34	100	95	94	82	59	48	68	18	19	28	38	92	87	85	45	45	94	73	62	59	94	14	89	93	73	36	46	40	28	24	83	37	69	84	12	-1	8	45	54	28	7	38	95	61	16	22	61	86	26	48	23	50	59	38	
67	67	17	55	72	52	30	17	85	28	46	59	93	97	67	65	53	84	85	40	11	17	73	32	92	64	34	3	48	49	54	79	24	18	26	11	45	43	93	38	31	91	67	48	73	12	89	26	55	95	59	52	47	41	44	33	52	41	45	61	32	27	1	1	90	28	48	41	43	39	58	66	48	12	42	30	11	62	26	24	21	42	-1	81	14	81	10	1	1	3	63	74	68	63	20	15	53	11	6	22	
25	22	68	41	13	3	46	23	5	57	52	87	23	92	93	45	11	80	64	71	45	52	32	42	84	90	67	69	74	89	44	92	52	71	53	81	80	12	6	71	55	62	88	76	12	58	100	13	38	84	51	7	97	55	2	80	75	95	46	58	36	38	90	11	25	40	64	10	65	38	56	18	70	74	14	48	74	25	35	25	71	29	87	-1	20	83	52	46	57	59	27	35	3	4	56	8	39	56	86	99	
17	63	63	12	71	89	41	80	20	89	84	93	94	26	15	24	43	97	99	91	84	60	35	51	80	69	90	53	7	38	58	63	14	59	50	77	46	93	79	68	63	61	34	20	76	68	46	85	67	90	64	19	14	16	66	78	92	87	99	62	92	38	6	95	72	35	43	77	97	40	64	68	42	63	33	46	62	40	18	95	9	39	3	28	-1	71	9	95	7	63	7	65	95	42	4	48	9	84	70	70	
86	53	37	76	2	44	23	48	92	56	27	67	50	73	54	48	3	54	99	36	28	42	72	11	32	44	29	63	15	33	1	8	33	85	65	91	62	14	31	63	61	100	59	21	14	54	70	51	20	71	24	32	71	37	54	81	37	94	84	67	31	64	62	47	70	35	18	22	46	20	73	46	15	44	82	12	22	9	84	12	71	36	34	90	33	-1	12	21	31	93	29	81	71	11	73	47	28	97	87	3	
39	89	53	32	77	96	76	48	69	80	13	90	47	100	34	24	20	82	53	2	69	10	61	84	89	75	51	12	43	37	34	68	19	90	66	17	88	38	29	24	18	62	3	39	53	6	64	67	29	89	39	84	51	74	73	62	96	53	10	75	29	67	8	10	35	58	62	62	27	23	74	86	89	45	70	47	76	42	60	46	21	96	40	88	81	66	-1	90	98	4	39	56	50	40	80	80	36	57	1	42	
69	54	55	56	22	4	77	63	91	46	12	66	57	36	13	49	24	80	81	11	21	53	31	50	9	14	57	99	62	59	30	93	98	18	60	63	1	25	74	90	42	5	76	31	40	10	21	81	35	82	5	77	2	20	99	11	54	1	69	52	85	76	63	28	68	9	48	86	65	7	91	14	100	83	78	47	16	80	68	44	54	40	8	36	25	75	48	-1	80	83	39	3	100	80	75	50	15	31	37	49	
94	73	5	17	23	58	87	13	45	12	80	78	40	15	55	79	39	86	91	85	60	20	43	98	10	99	94	13	49	63	28	13	94	58	77	13	31	39	8	2	65	5	43	71	18	73	9	30	82	26	8	24	73	51	12	83	95	38	96	77	46	5	88	77	35	66	42	8	71	27	56	82	53	13	38	6	97	16	100	57	2	28	95	11	67	58	28	6	-1	35	74	17	69	83	56	7	64	73	88	20	
1	6	66	50	74	94	34	95	48	11	93	10	76	75	56	86	31	47	84	54	99	21	94	53	88	24	12	59	84	3	93	95	63	50	97	30	25	19	12	12	29	52	78	1	22	84	51	19	4	77	66	38	18	86	95	68	1	24	97	95	31	97	28	19	65	47	55	84	30	26	65	83	85	41	46	84	52	86	100	24	22	76	35	72	66	33	20	58	77	-1	32	64	18	22	100	17	76	16	94	37	
80	40	59	27	42	88	54	58	23	74	13	99	71	45	53	87	36	72	75	57	83	92	84	25	82	93	96	64	46	28	47	66	70	56	67	42	11	45	54	12	58	52	36	57	55	68	11	74	54	48	99	6	7	22	7	54	54	100	44	50	45	49	85	62	22	2	74	96	88	69	66	27	49	66	35	97	7	60	75	49	71	94	98	44	87	47	53	21	18	83	-1	77	34	54	99	80	37	85	54	43	
91	96	8	69	56	36	51	31	47	25	57	61	23	41	62	39	26	81	82	67	89	38	37	2	88	15	97	26	36	25	75	79	38	59	14	36	42	11	97	16	51	4	99	72	100	73	91	99	52	14	17	13	87	30	11	100	61	9	68	73	94	55	79	93	26	37	7	95	57	46	10	93	34	36	94	9	49	88	7	58	3	43	2	82	65	90	73	27	12	13	8	-1	97	11	8	36	6	22	82	78	
97	5	61	19	3	92	81	21	91	33	56	20	7	66	54	2	55	41	31	43	42	81	2	13	99	12	26	67	10	38	18	89	18	47	28	71	61	3	67	29	62	9	67	31	43	77	5	8	4	59	47	29	18	85	83	83	34	52	39	80	4	98	65	2	96	42	32	100	92	25	82	6	92	95	19	55	1	49	47	22	23	22	15	90	30	51	66	89	83	47	21	3	-1	64	39	75	18	16	74	7	
92	24	89	51	72	7	5	34	66	94	5	99	10	35	62	96	43	94	19	54	73	86	42	2	51	39	72	100	40	97	24	70	56	64	75	96	51	23	46	43	86	41	49	79	45	14	75	96	52	4	74	86	41	70	76	21	57	17	89	25	10	8	67	90	84	20	40	70	7	81	23	29	29	67	94	70	35	61	18	41	5	90	11	68	42	88	81	2	77	93	95	64	34	-1	16	39	14	24	81	87	
62	67	80	67	90	89	40	99	88	92	35	5	1	74	92	70	35	91	83	54	16	83	40	69	35	62	71	41	37	40	71	92	90	36	74	2	41	50	99	100	49	28	17	19	2	18	91	39	23	42	56	17	53	71	34	3	48	40	17	96	41	19	25	84	71	18	8	17	10	18	25	45	97	62	14	97	11	19	39	47	64	49	31	57	84	84	26	2	21	20	91	92	89	34	-1	84	62	58	85	20	
26	9	47	41	95	48	15	23	77	84	7	63	1	26	5	23	51	93	92	76	49	28	28	17	14	88	77	28	74	66	48	38	75	98	15	76	21	10	43	63	86	20	35	99	90	9	38	4	41	85	13	81	36	51	18	10	37	68	60	79	49	74	21	78	36	89	84	65	40	63	74	79	17	5	75	25	77	10	48	39	30	74	20	17	68	65	56	11	33	36	15	68	86	100	54	-1	14	40	39	71	
53	42	84	36	75	57	74	18	55	38	23	3	48	82	29	73	31	96	78	4	83	2	52	93	29	37	87	32	81	15	54	11	92	37	11	96	74	50	39	77	45	61	13	6	6	90	30	83	76	80	97	31	15	41	20	100	43	27	15	47	1	53	59	94	37	73	53	60	60	8	68	49	28	79	9	98	50	5	10	16	47	61	32	40	19	5	96	94	57	94	28	90	87	3	27	26	-1	88	12	51	
62	75	68	6	52	7	35	69	59	39	11	79	58	49	53	54	41	62	47	21	52	32	89	2	91	10	44	76	72	18	28	75	15	80	61	15	90	63	85	87	69	22	17	71	14	89	23	35	76	4	9	45	37	67	37	13	48	98	84	12	12	75	5	31	62	66	16	40	21	48	62	85	44	39	94	24	40	20	76	12	26	30	69	5	35	67	12	1	98	5	92	85	14	46	5	22	89	-1	79	83	
9	56	53	9	57	71	89	42	4	83	98	62	19	75	48	27	54	16	47	65	6	77	37	31	33	33	92	38	47	10	19	16	31	58	15	86	58	8	57	22	17	41	22	48	25	43	21	81	58	69	29	92	1	97	30	25	3	11	81	87	12	82	15	27	64	76	41	57	76	81	90	21	21	64	97	38	66	85	6	57	99	6	38	98	56	65	73	95	62	6	56	85	48	29	51	50	82	82	-1	12	
71	30	19	25	59	91	89	70	89	7	31	15	75	43	55	12	2	76	66	50	56	92	35	33	7	87	47	2	91	7	31	20	83	10	21	53	13	83	40	94	96	46	7	51	81	4	68	27	100	30	49	96	48	56	30	37	37	61	100	33	42	13	1	24	30	31	25	27	90	33	61	96	35	81	46	74	85	45	44	66	1	84	36	75	11	34	78	100	44	34	87	99	29	19	18	64	59	13	69	-1	
