100
-1	86	58	97	15	13	95	42	84	5	27	77	8	54	24	8	83	41	10	54	21	57	66	34	13	81	2	29	67	17	94	5	63	63	13	11	20	85	7	91	60	84	37	30	36	55	65	33	52	3	72	60	81	57	29	57	18	50	8	95	16	3	71	89	16	14	80	59	10	95	47	22	84	10	77	11	56	7	69	90	5	64	18	44	75	51	97	63	14	99	56	16	21	77	7	46	79	18	78	9	
42	-1	100	72	61	98	40	2	80	84	57	87	77	75	14	98	82	67	68	81	45	13	16	81	78	90	76	93	56	3	12	88	77	59	63	81	3	19	21	29	45	19	59	19	57	34	69	58	67	76	8	69	29	30	40	15	12	50	71	34	32	75	91	84	64	23	56	50	36	31	58	69	62	19	38	42	58	54	2	70	1	44	78	61	37	18	40	82	67	18	79	44	84	21	72	72	80	84	93	71	
52	90	-1	78	30	71	90	97	74	8	43	45	1	78	25	94	38	59	70	39	3	5	94	52	53	90	35	98	48	58	76	24	77	7	83	3	44	60	61	77	54	99	48	49	15	64	100	14	87	53	7	50	29	39	98	53	65	92	13	2	6	11	53	41	47	21	7	38	76	66	79	61	87	91	19	27	68	48	1	99	44	37	28	80	1	97	6	18	94	32	57	40	68	98	59	81	6	14	27	21	
49	39	78	-1	38	99	8	6	82	45	99	12	56	90	65	64	90	89	56	77	93	6	16	70	95	18	62	20	16	21	42	72	8	15	16	44	71	89	6	66	71	60	36	5	58	80	56	82	68	63	42	60	91	4	18	91	35	62	97	18	29	72	54	17	46	55	50	18	1	69	73	54	13	56	90	3	96	50	61	23	21	83	65	19	39	9	77	33	57	10	78	55	41	83	100	33	76	12	35	28	
36	64	34	36	-1	49	66	79	51	60	48	98	59	85	71	79	10	3	80	29	72	81	61	92	17	15	27	65	95	25	54	57	86	31	41	71	74	75	92	34	13	82	67	14	70	85	77	26	37	19	93	10	60	51	44	49	77	56	15	98	84	82	14	78	92	43	13	74	69	14	57	67	73	72	42	25	35	37	49	92	27	4	33	56	16	97	50	36	30	7	7	9	16	91	83	12	97	7	38	57	
25	10	50	10	66	-1	7	22	11	40	13	57	19	94	10	30	67	61	14	27	57	90	21	76	16	43	51	17	86	42	64	54	74	18	69	18	7	18	13	34	84	71	75	39	22	68	64	27	11	56	16	91	64	87	54	1	61	53	23	65	80	19	93	72	71	24	16	41	18	71	18	14	56	53	78	90	73	70	2	9	52	27	7	83	25	78	41	10	90	5	54	69	86	8	87	53	66	54	38	87	
87	86	58	46	72	78	-1	68	3	88	4	2	42	22	74	21	70	93	67	54	8	46	28	53	4	12	5	38	32	38	61	41	25	70	15	76	91	6	10	77	29	67	29	41	33	18	99	39	53	98	14	74	77	5	54	15	35	50	29	85	93	67	65	57	50	80	94	56	88	35	48	66	16	58	90	82	38	34	4	12	86	25	31	57	48	6	83	97	92	72	54	37	29	96	54	43	19	67	42	91	
85	32	29	19	40	29	52	-1	87	58	99	35	1	59	2	49	63	90	27	87	74	62	70	34	13	11	39	88	15	78	40	36	13	79	3	25	75	38	56	65	92	100	42	66	5	88	46	21	62	57	3	6	51	66	12	50	38	87	71	62	72	45	20	41	93	77	54	80	99	77	71	33	78	20	85	78	70	48	15	19	97	76	6	51	88	46	54	29	43	53	69	9	47	60	9	67	80	63	55	38	
79	14	50	82	33	19	22	54	-1	36	42	23	35	18	88	77	3	100	80	65	61	37	82	3	65	23	21	61	18	61	34	12	15	93	39	90	23	80	76	76	84	100	73	29	13	49	11	46	78	96	36	95	44	31	57	50	34	77	94	43	16	29	29	24	62	80	2	97	83	88	11	2	22	86	98	76	16	24	43	86	64	39	44	45	71	14	6	14	60	8	38	38	99	87	68	58	68	30	47	97	
15	64	29	58	97	5	75	54	98	-1	12	92	61	48	86	62	32	18	82	38	67	50	73	38	12	64	12	16	52	25	96	12	64	87	25	72	95	69	58	88	6	61	96	9	8	60	16	78	55	49	2	36	14	90	56	77	48	23	52	80	1	93	53	99	88	90	59	67	1	74	72	15	52	61	93	94	21	94	34	38	25	80	19	97	53	62	60	95	74	12	66	80	5	3	98	4	7	34	97	47	
60	11	100	62	64	44	66	87	66	83	-1	32	20	8	78	80	95	22	87	82	65	38	83	50	16	28	57	22	49	75	13	7	62	92	90	13	64	98	73	49	45	41	63	29	27	15	36	78	16	87	89	73	85	68	75	78	29	30	57	70	88	63	44	2	67	77	17	12	86	54	63	50	31	72	5	66	60	5	94	44	60	82	95	46	82	8	17	59	42	75	12	81	32	87	63	2	35	99	37	53	
82	52	19	86	89	90	19	10	78	24	48	-1	51	65	38	3	100	77	50	53	84	88	56	98	16	90	51	58	62	12	39	66	79	74	92	29	49	75	50	15	49	37	63	46	43	21	51	11	28	56	2	83	43	41	99	94	59	65	3	5	51	24	43	23	31	10	90	37	98	22	50	10	33	22	30	91	75	59	84	56	45	94	25	27	4	27	29	18	53	21	43	63	76	43	56	62	68	29	15	2	
42	73	45	88	32	7	49	37	40	24	99	46	-1	24	31	21	88	76	78	71	56	99	50	51	49	50	83	59	73	75	71	9	78	24	53	91	100	6	71	24	58	5	67	59	88	97	36	15	96	75	4	79	29	52	73	59	31	29	74	58	85	27	32	5	95	65	61	12	76	76	43	44	15	15	24	88	64	15	4	12	25	24	99	79	65	93	5	11	29	40	52	99	62	25	73	16	46	89	77	96	
6	86	89	79	23	81	71	78	52	59	59	62	8	-1	52	95	21	92	29	23	36	51	87	67	88	3	93	49	68	3	99	57	95	55	67	32	82	84	64	65	21	9	96	86	71	97	62	70	27	73	21	65	44	56	48	17	35	82	42	8	39	94	99	38	65	23	44	92	54	16	91	5	74	87	19	100	54	63	35	86	16	14	88	97	28	93	4	38	43	1	12	95	20	2	74	31	55	82	32	14	
45	60	35	72	23	78	79	73	78	63	54	74	71	85	-1	75	15	29	94	50	16	51	73	65	17	86	92	80	97	83	68	4	9	57	76	8	88	93	77	49	78	29	10	12	19	78	59	50	73	5	47	48	13	97	10	54	6	63	20	44	2	98	60	87	45	68	44	61	87	69	49	61	10	34	66	77	76	84	16	68	89	30	24	6	4	84	28	22	90	54	26	71	64	17	3	38	55	12	64	87	
85	69	63	70	97	77	47	88	17	37	35	14	43	23	52	-1	1	74	80	46	35	94	15	38	5	7	18	81	33	98	100	55	85	36	47	52	21	91	86	27	94	91	85	2	59	73	23	77	57	54	53	22	85	69	50	99	64	1	51	78	71	26	27	22	32	46	85	63	85	77	5	92	14	20	72	3	100	49	16	29	33	16	3	46	21	28	79	47	7	64	58	50	80	59	39	25	7	95	65	35	
55	30	62	20	81	14	46	63	93	34	5	29	65	16	63	47	-1	15	46	70	100	32	20	85	56	10	38	95	76	99	41	38	15	82	23	33	41	62	53	16	74	45	53	74	17	95	19	95	89	30	23	39	95	16	75	43	57	30	3	71	7	72	54	47	56	75	86	78	4	34	32	24	67	28	25	23	48	72	100	96	75	86	59	55	28	2	79	72	85	75	20	23	69	29	85	42	42	65	86	70	
44	16	87	11	8	99	30	32	35	87	79	30	11	29	79	64	42	-1	47	27	48	8	63	19	59	36	79	91	66	97	77	76	99	51	33	38	54	99	10	12	69	79	38	57	58	35	25	2	99	71	78	24	11	98	74	87	35	62	41	79	31	13	91	6	70	99	49	14	23	81	32	40	46	94	61	77	6	60	66	44	73	65	32	89	33	26	77	44	55	60	40	97	13	85	10	23	72	85	71	18	
60	30	66	81	91	84	37	27	68	34	37	82	80	65	52	82	86	74	-1	32	3	40	93	75	5	20	15	95	67	7	57	12	38	99	22	31	28	85	43	18	8	67	4	77	87	66	95	55	79	74	52	54	3	24	15	19	12	60	69	33	75	61	83	27	3	46	8	40	67	18	46	31	31	94	28	83	23	57	98	33	65	65	45	19	81	28	92	87	33	41	19	33	42	68	82	77	52	68	74	29	
84	36	24	77	84	39	60	11	87	63	40	49	35	27	72	25	99	17	85	-1	64	65	100	75	94	60	46	32	30	5	32	38	93	23	61	94	63	72	57	61	72	34	75	71	76	66	64	91	94	19	41	34	82	46	75	48	41	49	62	23	29	26	8	29	80	54	3	92	38	38	68	27	3	80	65	96	61	8	73	28	38	25	34	71	72	62	71	17	22	90	28	40	90	92	27	39	68	47	16	73	
57	6	60	58	95	37	24	39	57	27	52	12	62	31	38	12	15	77	89	3	-1	8	26	76	47	38	54	85	99	86	29	74	83	53	12	49	22	1	46	90	76	91	35	67	75	57	15	55	92	90	97	31	58	96	94	18	31	37	13	82	11	93	93	96	16	26	37	87	58	29	75	50	70	100	14	12	21	13	80	60	100	58	44	31	6	5	61	82	34	58	8	78	77	98	22	85	21	55	72	58	
43	74	86	8	39	24	66	85	22	99	27	49	80	14	46	20	74	12	51	80	46	-1	82	63	37	6	44	96	27	2	93	54	42	89	28	5	81	85	78	34	13	17	53	15	98	60	99	13	65	28	84	20	4	16	92	10	84	74	21	56	57	79	31	29	23	44	4	83	3	65	54	7	55	88	95	100	99	88	93	99	28	98	82	21	30	76	53	26	13	60	49	73	91	28	70	27	45	91	38	68	
91	86	50	84	37	81	73	66	60	99	79	35	40	89	53	29	82	77	29	34	81	50	-1	6	43	61	76	81	16	57	88	25	69	9	46	35	41	18	80	57	90	37	83	22	98	97	41	71	85	33	61	95	34	49	94	21	58	15	72	81	79	33	89	82	89	74	27	56	39	86	43	78	47	70	46	53	11	23	61	65	87	37	50	67	71	35	49	20	7	17	84	90	76	19	59	21	60	80	31	31	
40	33	25	54	70	79	49	49	38	14	63	89	1	68	25	2	68	65	7	83	5	80	100	-1	3	79	57	26	36	43	9	12	52	27	11	85	25	22	36	39	57	23	62	97	23	51	76	82	64	93	57	64	18	60	30	28	24	5	89	58	90	57	51	10	56	21	8	56	97	27	26	86	70	91	23	80	2	19	99	41	57	27	33	51	84	13	12	59	63	16	54	58	93	86	52	23	83	92	44	38	
55	37	51	8	83	41	53	68	83	55	87	6	55	25	12	6	33	63	19	42	37	51	59	67	-1	86	7	38	66	12	87	72	35	86	1	60	46	1	18	45	53	86	67	42	68	49	91	9	31	46	3	25	77	37	95	42	61	28	27	83	2	67	30	38	50	91	58	54	60	68	80	49	62	50	21	11	4	61	6	10	35	87	23	56	84	28	10	42	20	72	78	78	88	14	58	63	97	1	80	15	
98	71	61	54	61	39	19	94	78	91	61	98	61	83	73	14	3	17	71	59	28	97	57	95	32	-1	19	50	60	86	38	32	5	24	35	41	13	84	42	52	3	74	16	92	85	27	47	100	25	93	50	95	65	69	68	19	90	25	26	34	43	34	42	73	7	57	27	78	8	100	39	9	2	63	48	15	19	47	54	45	92	100	47	81	24	98	76	16	31	17	56	15	26	93	18	55	13	38	88	74	
25	84	33	69	35	67	42	91	80	11	33	7	66	90	70	69	72	76	38	60	74	38	100	72	88	18	-1	90	30	34	59	33	45	46	82	17	12	30	96	63	55	80	41	3	50	85	80	20	79	73	31	26	96	51	9	23	33	4	3	41	43	32	32	51	81	21	4	42	74	63	47	10	92	96	29	45	67	100	78	40	44	91	95	35	55	82	70	33	71	88	74	76	29	14	89	70	20	61	4	17	
24	26	68	96	28	34	9	59	77	43	75	11	39	59	36	54	37	31	13	77	1	47	96	94	25	40	13	-1	61	77	14	64	42	89	27	63	5	69	7	44	4	92	62	48	60	84	35	57	58	67	83	18	76	51	21	5	48	90	14	46	1	13	24	76	4	57	23	19	28	99	88	5	65	56	57	30	81	80	16	35	84	32	100	48	57	61	18	5	18	48	60	10	41	31	3	66	51	49	16	14	
98	12	47	97	13	74	9	39	14	2	63	46	23	81	96	24	93	48	78	35	39	51	83	82	6	15	59	97	-1	88	8	32	42	86	82	94	96	81	9	76	43	4	6	35	38	92	88	33	50	24	75	5	8	35	12	1	61	95	25	36	32	43	42	37	16	40	29	95	82	56	89	7	36	39	93	87	63	99	27	89	18	1	15	35	4	27	2	19	65	49	2	6	76	35	88	85	7	14	11	24	
70	51	3	26	29	10	74	13	4	71	30	22	72	48	55	72	39	87	61	22	28	47	61	45	33	5	73	10	1	-1	70	6	48	77	1	98	46	49	18	5	68	23	32	55	46	43	31	55	52	69	46	50	8	11	78	99	57	10	89	57	30	40	76	33	34	60	35	22	89	81	38	87	39	42	95	96	48	17	55	91	40	14	61	28	95	54	2	22	47	89	42	93	44	17	41	21	84	9	37	12	
97	29	19	67	16	26	60	100	3	64	34	52	70	1	12	47	13	89	90	49	17	80	12	96	32	48	49	13	29	84	-1	46	35	24	48	16	33	18	6	23	48	33	73	20	33	7	59	66	92	80	32	15	9	4	4	72	74	26	65	23	29	1	87	63	87	12	16	26	57	61	88	66	43	45	87	9	42	16	56	19	70	54	18	64	44	45	81	18	99	37	56	27	33	64	48	43	93	12	27	21	
84	65	42	64	57	91	40	100	4	91	60	56	85	49	36	58	73	3	67	69	36	96	92	35	2	46	73	67	4	96	98	-1	76	73	46	77	15	50	75	78	37	14	30	43	53	38	28	62	64	92	45	90	70	44	44	2	56	91	44	68	71	32	48	65	12	61	20	73	7	83	13	6	1	16	28	12	73	88	31	60	87	45	5	81	20	48	42	98	81	65	48	9	50	54	35	48	52	63	100	78	
58	71	10	80	52	67	40	48	9	91	18	42	39	85	78	5	12	63	66	12	100	3	55	78	88	36	43	91	97	3	100	76	-1	65	99	44	76	49	66	64	31	72	63	65	79	39	12	28	66	62	65	72	32	81	25	21	57	30	45	35	21	54	85	65	54	95	5	84	22	1	89	23	13	35	17	92	25	84	100	14	4	9	62	1	93	33	99	71	32	8	6	28	19	4	62	76	5	61	63	43	
33	51	60	5	82	94	92	75	54	5	39	34	95	17	23	75	57	72	70	27	93	45	73	16	21	35	57	71	89	42	37	51	46	-1	20	80	2	93	32	57	66	27	47	28	79	50	39	75	63	2	85	29	79	65	22	61	80	47	42	10	32	38	36	17	53	49	31	96	66	44	93	6	70	59	89	44	41	86	55	10	22	25	73	8	13	11	78	46	80	5	61	6	29	52	67	61	78	50	22	97	
53	29	78	98	5	84	24	77	45	56	32	45	19	46	3	24	51	29	42	1	29	86	38	4	72	34	16	53	37	9	30	49	48	49	-1	79	18	40	88	47	61	81	45	31	95	37	100	88	63	76	21	34	93	49	75	86	12	100	58	55	99	85	9	73	71	69	76	75	48	60	12	63	8	70	48	68	68	46	48	79	32	8	60	97	46	85	68	100	46	17	66	43	41	100	51	39	84	1	13	39	
27	95	16	84	41	100	60	50	32	93	99	69	8	62	18	63	21	94	89	9	71	95	39	69	47	73	87	23	58	92	5	35	27	63	80	-1	61	28	28	76	41	20	10	51	94	85	56	75	94	65	47	74	56	26	1	60	76	43	40	93	30	40	27	33	14	45	26	4	55	49	68	65	98	92	44	52	89	98	69	11	35	58	99	50	83	64	73	47	97	55	25	61	71	58	16	43	88	7	98	39	
33	29	74	67	33	66	25	76	7	32	49	77	29	73	24	99	46	48	78	90	55	66	32	6	31	81	41	55	26	4	6	26	100	71	96	86	-1	81	28	64	77	67	10	8	94	69	13	73	83	75	86	49	14	35	57	13	26	34	92	49	59	20	13	30	89	39	87	16	65	71	85	22	33	98	4	59	18	46	74	14	23	67	98	84	15	41	66	36	43	79	51	47	45	17	16	62	8	7	5	85	
22	18	10	9	38	3	30	44	77	2	81	99	23	69	17	48	57	36	99	53	94	75	94	81	79	58	16	78	83	64	94	47	3	67	69	82	77	-1	95	49	40	35	5	84	28	10	26	50	37	44	41	20	28	39	1	42	94	87	74	14	34	61	81	38	81	97	50	24	17	17	21	100	55	55	17	2	49	94	33	86	16	43	67	52	14	57	46	87	58	6	86	5	38	52	3	27	69	92	54	99	
2	16	42	67	98	43	51	40	94	41	84	23	75	99	47	51	37	82	37	35	49	7	5	45	46	78	13	35	86	47	95	76	46	80	90	11	7	5	-1	50	72	43	100	51	7	12	56	76	29	14	64	11	4	71	32	68	18	62	84	36	9	8	92	43	69	31	74	36	71	88	14	43	93	24	11	15	58	17	26	35	99	38	8	43	21	96	23	67	5	6	65	71	46	79	93	91	18	99	10	29	
67	43	17	21	99	85	97	60	42	16	61	32	96	55	6	86	63	96	29	85	13	83	43	59	84	39	19	62	25	100	92	20	28	46	32	26	11	83	68	-1	13	73	99	12	62	56	59	69	96	80	71	66	99	10	75	52	47	73	29	6	61	20	68	71	74	61	64	73	30	44	96	22	43	38	88	41	49	4	57	95	4	2	57	54	36	93	83	49	88	77	51	66	91	63	22	93	58	86	97	97	
94	78	82	76	89	74	74	70	39	62	8	2	51	5	23	48	57	89	24	78	46	67	46	74	42	4	58	48	81	32	12	64	34	50	79	66	68	92	41	64	-1	97	17	86	27	48	8	99	78	69	82	28	3	20	95	51	80	94	93	27	17	59	41	43	66	57	63	81	47	67	16	77	55	22	78	14	62	16	7	18	70	13	89	13	72	55	25	100	34	20	5	91	36	51	36	53	67	64	77	22	
65	19	83	34	78	60	87	96	47	82	46	45	25	49	53	38	88	34	66	63	57	16	45	97	24	54	78	74	70	10	17	60	46	92	3	28	74	19	43	52	49	-1	15	14	10	79	28	42	83	8	14	69	38	72	1	12	41	87	39	13	66	76	8	34	30	75	65	39	11	20	68	11	86	82	91	5	7	35	91	93	7	40	94	30	59	9	52	98	31	19	19	60	94	29	29	8	16	52	55	24	
31	90	59	82	50	84	57	2	31	71	37	29	24	80	79	62	25	62	72	91	96	65	13	19	48	69	34	16	54	1	89	8	68	68	7	40	44	44	5	22	42	97	-1	91	74	57	76	81	15	31	65	50	12	42	93	82	35	57	12	75	56	60	30	100	50	71	8	80	33	85	37	65	67	99	62	32	12	46	95	55	56	43	88	38	68	62	87	62	63	45	73	95	63	66	66	27	86	50	60	76	
6	71	93	42	80	60	50	33	88	83	63	26	94	20	71	39	99	60	86	24	4	37	38	27	94	88	58	19	33	50	86	77	58	15	94	47	86	48	17	53	73	40	82	-1	29	51	58	56	86	42	29	83	52	68	87	97	26	3	54	74	32	86	84	12	59	57	50	10	65	16	19	18	45	72	38	85	41	94	81	89	98	24	35	22	71	45	53	74	9	73	44	2	57	81	90	66	23	64	86	59	
59	86	61	83	21	43	79	15	9	32	17	20	87	1	68	3	41	39	21	35	79	80	87	14	66	71	46	54	56	30	85	85	27	16	62	6	80	80	52	10	90	55	22	99	-1	55	62	62	10	69	60	45	75	1	97	25	5	4	15	59	75	43	39	57	50	78	11	75	24	79	35	90	88	15	66	20	83	96	18	3	47	64	34	44	97	58	87	51	24	87	53	100	72	52	4	60	69	91	50	82	
4	33	54	11	90	21	6	100	63	58	77	58	5	46	28	34	74	95	14	10	35	39	70	75	86	46	28	5	73	58	90	36	88	47	47	13	8	88	1	16	1	50	76	7	29	-1	74	59	66	78	80	67	20	58	58	96	23	65	46	79	12	51	41	1	54	18	52	50	46	58	99	86	21	27	35	14	17	83	80	50	58	89	36	29	59	69	19	38	44	57	59	85	89	11	9	33	50	7	33	93	
40	4	47	41	36	42	71	15	34	83	73	5	21	55	48	12	14	91	100	13	42	49	54	71	23	44	41	42	37	71	70	70	73	33	35	23	11	18	67	67	89	33	1	72	39	91	-1	19	25	20	38	89	19	49	31	23	88	52	68	87	34	64	30	94	37	11	50	100	67	96	63	29	19	26	56	51	44	88	86	14	67	67	76	80	99	1	93	45	81	64	45	7	23	74	4	33	40	61	15	93	
89	74	53	49	82	5	61	52	92	81	64	53	70	22	90	74	6	62	64	60	93	25	64	34	5	46	52	69	25	51	72	35	14	60	67	79	29	71	80	75	1	28	85	15	90	69	52	-1	81	2	97	11	33	24	52	97	8	14	90	71	7	31	57	21	22	13	36	90	94	23	46	61	29	62	6	45	32	16	76	53	17	33	100	100	16	6	13	4	8	4	81	58	14	23	3	13	57	66	45	74	
58	28	7	40	66	15	23	43	33	59	23	39	74	19	4	37	88	32	88	29	23	34	95	78	8	32	29	54	85	1	35	43	64	32	74	4	77	76	20	16	34	32	10	8	79	90	2	64	-1	82	89	78	71	48	45	36	74	69	78	91	34	89	23	50	89	56	20	24	99	26	42	35	4	42	34	49	45	40	92	20	23	58	89	93	83	52	20	80	17	66	13	25	30	62	47	30	75	5	39	7	
83	23	52	10	15	86	1	4	86	34	81	52	95	98	13	31	37	79	55	95	86	59	86	56	41	35	2	87	98	40	61	29	73	45	90	11	29	57	57	52	90	49	55	20	31	77	28	34	57	-1	12	22	21	26	63	68	14	17	17	27	61	30	80	55	72	36	47	53	80	94	32	59	87	67	44	60	86	21	25	70	64	55	75	10	26	21	87	27	20	96	51	70	24	75	34	52	42	94	91	15	
16	61	83	22	19	79	52	20	69	83	63	64	64	94	1	46	10	27	62	64	43	99	62	63	16	73	69	44	54	21	77	95	87	87	33	90	70	79	16	1	25	14	2	1	89	28	94	38	78	31	-1	45	2	29	6	10	79	10	71	42	16	39	78	82	90	60	28	2	4	18	3	17	49	73	42	47	97	81	23	1	7	92	27	47	61	80	45	30	1	40	83	1	82	47	13	57	10	1	80	100	
63	17	38	78	55	3	35	57	65	31	40	43	84	54	45	73	22	6	100	67	93	76	91	85	21	41	58	92	74	41	6	20	31	73	30	28	88	30	92	49	76	75	54	80	45	58	82	15	96	73	38	-1	68	64	52	52	54	66	33	69	16	47	44	76	57	97	73	73	39	95	74	23	30	34	33	31	47	43	2	10	60	19	92	84	26	33	70	90	66	87	19	49	3	72	7	24	89	80	52	84	
54	68	51	34	33	67	77	17	52	77	48	32	80	24	23	46	4	96	60	96	94	75	43	95	33	37	88	59	52	92	64	31	58	43	10	38	14	100	91	17	12	23	58	26	45	5	78	20	43	30	24	4	-1	41	19	65	83	90	6	84	57	75	41	44	38	78	1	97	51	84	20	7	55	83	6	59	34	8	53	13	54	55	54	57	44	97	69	94	49	69	60	87	98	10	32	40	77	79	69	93	
88	16	39	46	71	96	89	6	5	20	13	72	83	91	68	55	21	46	3	84	77	70	86	90	65	100	28	52	11	36	83	11	75	37	34	2	97	56	84	61	59	15	35	43	29	48	48	14	7	61	29	12	39	-1	34	16	47	11	9	54	60	89	62	28	61	66	96	8	92	12	74	48	47	47	89	90	98	98	25	15	94	45	38	78	99	94	13	99	51	92	31	65	96	43	45	95	20	90	72	26	
45	53	3	47	84	63	95	47	61	87	99	36	55	49	64	14	47	87	26	54	23	68	43	9	5	97	48	24	33	11	62	46	39	8	2	96	96	33	77	32	32	75	17	88	57	65	52	61	14	50	6	85	50	67	-1	20	62	81	91	39	32	39	28	26	26	4	53	40	48	3	54	66	7	68	32	4	94	88	46	69	71	98	35	88	5	51	20	56	97	69	16	31	46	45	15	7	14	14	48	57	
9	58	94	22	88	67	8	55	54	40	16	44	57	85	45	53	37	80	65	71	13	94	89	72	74	93	42	13	20	31	8	100	90	11	21	59	89	46	12	43	48	1	31	56	63	10	73	16	17	88	72	42	38	30	42	-1	53	33	18	54	37	18	62	66	26	83	79	11	83	20	74	72	80	97	28	86	50	87	20	96	6	94	91	14	69	61	71	95	75	18	60	63	35	39	63	78	98	25	47	3	
22	17	29	32	49	72	71	46	22	99	49	76	55	22	4	71	11	33	19	88	10	37	87	53	47	48	73	16	53	95	29	46	97	10	13	92	11	17	51	48	27	54	8	97	70	44	77	90	49	66	100	48	69	42	35	75	-1	7	100	82	76	34	21	7	56	19	61	1	39	33	25	53	58	77	77	29	33	99	69	89	89	90	33	81	53	40	30	72	19	10	47	61	70	26	40	59	85	90	89	25	
78	56	99	60	52	78	79	88	2	64	95	21	22	31	37	17	69	52	44	62	11	66	69	26	29	89	67	99	21	99	11	60	69	27	51	19	8	19	40	13	18	26	89	15	78	91	6	78	81	73	69	41	12	83	39	49	42	-1	22	94	1	23	64	70	68	56	35	74	84	72	23	64	48	75	24	3	16	85	83	100	79	29	78	35	37	54	27	60	47	49	97	62	47	52	93	6	56	39	44	7	
30	61	28	52	18	90	100	98	100	38	75	4	88	36	52	88	14	72	79	65	50	74	64	86	8	40	81	84	16	69	89	62	72	95	34	63	29	30	38	77	44	39	58	33	53	84	15	48	69	72	22	76	43	64	40	94	96	23	-1	49	34	88	52	14	67	56	30	30	90	38	21	63	93	86	90	17	96	6	67	34	46	28	92	53	15	23	17	92	58	47	37	77	79	28	10	5	95	25	26	32	
47	18	1	43	72	67	96	91	96	96	6	13	26	53	45	35	30	36	51	18	31	69	57	100	36	9	56	51	61	23	10	75	16	23	35	13	88	92	1	45	65	81	69	97	44	2	79	50	31	44	7	30	40	34	61	10	51	13	53	-1	55	58	90	16	88	37	23	3	90	61	100	49	34	63	74	15	6	32	1	78	2	56	25	41	45	94	78	27	25	99	13	87	87	61	71	46	90	44	4	41	
93	85	58	23	71	47	71	22	99	3	73	93	24	5	41	96	55	76	37	8	18	48	94	60	27	18	100	5	90	67	100	68	51	34	4	9	23	64	13	20	13	49	73	49	4	4	98	42	55	50	79	55	24	63	54	29	32	93	54	100	-1	55	33	93	94	31	95	5	93	88	26	90	90	19	32	59	6	53	43	90	57	54	92	41	26	60	35	79	38	30	91	69	13	42	27	85	45	78	33	93	
36	11	6	12	72	34	2	82	28	76	5	56	82	63	87	85	47	77	16	31	83	88	99	50	54	99	64	91	70	8	87	3	30	38	71	1	53	81	82	30	79	96	71	84	41	3	66	45	16	41	91	60	48	83	45	63	76	65	52	39	33	-1	76	13	97	38	33	49	95	11	89	41	87	31	66	44	82	10	69	5	51	95	16	67	92	100	98	6	46	67	69	64	9	57	83	39	42	66	19	33	
81	8	62	26	5	19	61	28	2	84	94	93	1	88	51	80	77	64	58	65	97	51	30	62	65	48	64	46	31	80	41	6	31	93	11	61	100	56	10	20	80	49	54	93	89	69	22	66	6	48	94	54	50	87	61	45	47	64	68	53	94	89	-1	39	48	60	2	21	50	88	18	5	74	68	7	32	49	9	76	96	18	23	48	79	82	4	41	25	30	51	54	78	93	56	69	72	99	6	23	51	
74	49	89	25	12	66	47	84	18	56	59	62	24	88	12	57	36	54	43	19	3	85	82	91	9	45	99	92	32	84	32	2	60	32	84	39	50	26	44	43	30	54	96	99	34	73	7	83	48	30	98	54	7	6	36	6	57	86	33	76	42	26	56	-1	45	44	79	29	10	59	13	64	77	32	62	72	48	94	2	91	49	94	95	46	7	82	20	51	65	37	69	85	56	22	49	76	29	43	4	10	
87	11	5	85	34	45	2	42	69	43	83	2	93	63	77	63	6	97	16	88	17	62	83	48	23	59	79	96	10	84	17	24	81	6	67	45	64	39	65	64	13	81	68	69	20	54	100	60	38	79	67	27	84	87	85	46	58	1	97	68	15	39	60	35	-1	57	1	12	98	62	57	39	32	92	41	30	7	81	12	24	86	16	20	91	32	98	48	30	75	100	92	31	100	80	57	7	11	7	19	34	
84	94	92	77	75	71	10	51	82	98	92	41	29	75	5	90	19	94	57	1	34	42	5	94	51	50	1	100	19	42	76	43	1	68	10	65	61	10	9	36	16	67	62	40	9	8	81	51	96	85	39	52	93	40	71	8	70	41	75	78	36	2	17	98	96	-1	66	26	20	94	88	84	34	14	29	98	75	18	30	56	37	50	23	30	2	54	69	18	82	57	44	100	44	71	17	12	7	100	77	97	
62	45	78	45	11	72	60	61	35	83	50	99	34	62	67	76	67	26	98	71	9	64	60	3	72	69	36	64	25	70	64	93	72	60	44	28	49	34	47	50	9	70	100	9	5	28	49	3	63	20	50	77	28	99	25	92	97	13	6	98	62	46	28	29	32	49	-1	5	63	46	100	47	45	79	13	99	78	98	32	10	14	69	18	73	84	58	21	22	51	87	58	25	8	5	88	84	29	92	29	37	
12	80	57	63	71	99	49	96	94	9	10	66	58	68	38	77	97	73	8	35	13	10	23	17	77	22	43	14	66	94	20	45	26	82	10	100	31	51	86	26	38	82	85	4	62	5	66	88	86	24	94	93	85	66	69	67	86	1	76	78	55	88	9	17	58	28	51	-1	41	5	53	67	82	89	13	34	21	94	25	92	94	82	15	64	32	20	19	92	79	74	78	44	41	88	81	22	72	51	78	28	
7	86	19	74	83	84	42	21	52	6	72	77	8	74	94	90	27	49	70	88	48	77	70	48	11	37	52	21	47	41	40	69	62	77	95	21	70	89	29	94	74	91	22	16	98	48	65	95	95	16	45	93	62	27	75	51	67	87	43	71	9	64	6	29	41	26	96	29	-1	42	67	83	57	39	56	16	11	55	87	40	29	92	41	41	46	67	49	42	64	66	98	61	72	43	81	84	78	56	62	66	
54	56	7	26	29	38	49	96	64	95	100	51	18	48	89	55	52	97	30	3	18	67	76	14	64	29	15	94	74	25	19	81	23	92	59	95	56	35	67	68	48	96	21	46	83	70	39	45	59	76	50	39	66	7	71	74	18	2	51	8	94	37	52	21	98	53	70	47	64	-1	40	17	2	71	51	85	21	60	68	11	37	79	21	22	44	48	98	14	13	15	22	36	14	69	95	50	58	77	36	80	
84	70	62	47	72	13	51	17	52	8	63	6	89	96	39	81	96	20	19	9	67	100	6	74	81	85	37	55	100	97	92	58	92	5	60	58	80	21	6	7	36	37	82	3	27	97	27	95	54	62	98	45	72	22	94	37	59	44	43	50	55	62	62	67	6	27	23	53	60	48	-1	88	70	79	9	58	90	38	72	41	57	29	69	32	49	65	4	53	22	17	3	34	31	96	48	49	31	41	10	90	
20	83	51	22	18	75	9	98	35	10	15	92	90	11	27	29	98	76	1	36	20	4	6	38	39	25	98	42	38	99	79	3	24	13	52	60	56	62	41	19	19	99	87	49	78	75	74	64	10	42	40	91	83	50	17	58	57	47	61	89	69	59	18	78	71	50	11	9	51	66	60	-1	76	97	56	23	39	65	9	99	62	83	60	82	20	28	5	16	71	49	31	89	29	67	53	59	72	84	58	30	
70	67	89	76	66	74	35	25	47	92	85	45	14	61	60	95	18	98	64	74	92	56	11	2	91	69	61	22	17	24	1	39	62	93	21	51	61	61	19	31	13	94	23	78	89	62	40	79	3	61	39	48	14	65	21	56	62	6	75	14	52	37	43	12	34	79	65	2	68	50	25	18	-1	68	68	27	12	63	52	94	42	84	53	57	46	32	4	28	15	51	6	75	60	54	78	76	87	57	76	37	
97	76	45	35	30	68	69	49	52	51	11	84	91	24	99	96	96	87	86	95	38	93	57	53	77	79	11	64	40	24	89	41	92	8	27	62	51	94	53	21	86	78	57	69	39	84	22	79	14	91	94	88	94	81	44	85	26	49	81	63	53	23	88	93	95	33	23	54	97	50	64	27	58	-1	39	92	9	66	7	7	50	35	31	96	2	87	62	10	28	62	71	43	2	9	93	36	57	33	22	70	
24	23	95	79	67	96	7	91	27	24	34	97	97	81	99	1	33	21	46	28	20	24	15	98	67	27	35	62	49	23	56	14	14	86	82	69	54	15	25	15	81	1	92	64	60	58	33	63	73	8	90	32	18	3	66	56	52	28	40	16	33	65	58	21	38	50	19	98	18	84	82	27	94	20	-1	66	44	28	63	38	17	50	91	88	20	95	12	79	43	43	8	89	17	53	79	58	59	2	43	72	
59	73	59	69	7	54	43	68	34	35	75	33	4	56	88	48	80	1	15	18	27	62	27	53	38	38	41	21	46	84	33	100	75	9	48	87	47	82	100	61	57	2	96	72	50	15	49	5	98	74	32	53	50	95	16	61	53	98	10	61	44	54	23	81	26	8	11	12	48	28	92	74	33	66	44	-1	19	86	51	30	88	88	65	30	30	74	28	12	33	61	94	35	94	24	54	55	88	25	25	63	
23	89	45	55	18	7	73	96	79	92	52	57	13	57	5	39	33	34	44	20	12	22	99	80	11	7	55	3	16	11	3	5	9	63	17	60	34	22	25	76	96	93	39	25	51	78	80	65	55	75	63	45	98	61	3	1	45	52	61	16	50	16	100	25	69	72	29	21	17	82	36	32	57	88	66	29	-1	2	78	53	41	96	24	97	70	52	61	16	2	68	35	8	73	1	37	55	31	4	98	59	
48	88	52	72	96	55	58	87	6	55	85	4	50	63	85	30	6	54	66	89	11	59	9	32	64	70	96	88	47	25	33	25	58	91	23	11	87	21	93	16	60	22	20	97	62	36	70	74	4	43	84	61	39	38	68	33	43	12	80	71	89	17	79	37	34	61	83	15	46	32	31	7	31	6	97	76	35	-1	41	76	9	85	16	52	86	19	2	90	11	36	80	98	88	56	8	54	41	2	55	17	
63	97	67	19	74	62	68	63	69	11	67	38	47	5	29	98	31	71	51	27	66	36	10	96	11	33	93	17	84	85	56	100	79	52	51	82	67	35	59	19	52	20	57	41	64	60	89	12	48	67	60	10	94	78	65	73	88	28	48	9	5	46	37	4	75	79	44	23	33	32	20	35	17	43	85	75	4	78	-1	68	16	5	62	14	15	60	29	34	93	20	33	55	9	50	14	97	29	39	25	49	
58	16	6	51	70	4	51	67	51	8	58	91	57	14	6	68	30	90	60	92	17	21	27	31	13	26	93	89	72	79	100	78	48	96	81	7	48	38	66	64	14	50	6	74	76	43	93	87	88	49	13	44	64	56	76	75	30	5	86	24	88	51	90	17	28	84	48	68	86	21	30	8	30	4	24	56	11	36	76	-1	11	32	62	30	45	83	6	30	21	7	95	35	39	62	27	44	87	18	23	5	
7	31	79	4	70	2	40	25	38	28	25	59	15	50	55	27	80	16	97	30	13	40	32	50	94	72	92	89	59	42	54	50	84	55	78	36	31	50	64	84	39	87	87	33	56	11	54	22	89	1	11	32	100	37	20	44	72	61	84	79	67	9	86	84	18	63	72	30	78	70	46	19	72	75	48	8	89	90	82	34	-1	35	6	70	15	42	51	63	1	14	62	52	16	95	34	91	47	18	82	27	
5	40	71	20	48	41	8	17	82	87	79	26	18	74	89	88	77	2	77	30	9	51	9	65	57	64	13	9	47	52	4	97	3	84	37	89	92	5	66	55	4	53	79	12	71	51	8	52	36	52	91	19	24	40	57	73	46	2	55	45	95	43	50	45	50	55	30	17	43	81	54	1	10	72	100	91	53	2	78	6	61	-1	74	46	31	37	24	94	6	79	76	75	33	73	71	35	19	95	1	96	
40	29	12	71	10	92	31	37	51	32	55	48	69	44	86	5	99	13	76	1	78	72	31	38	78	63	77	99	51	38	13	86	86	14	94	81	56	57	95	87	76	43	56	53	15	29	84	44	17	16	24	88	87	28	50	50	81	90	89	82	53	30	24	33	55	97	53	8	26	2	36	68	50	91	52	65	31	43	1	84	19	18	-1	83	62	44	36	90	65	8	73	26	49	53	49	69	12	39	19	67	
69	87	11	61	71	25	21	37	12	53	40	12	92	63	54	29	16	77	72	82	14	93	10	1	59	95	17	29	43	70	84	40	12	61	84	91	97	13	75	35	19	66	54	2	76	47	70	64	16	62	64	99	74	67	63	45	69	71	83	23	62	40	4	1	43	15	77	17	28	99	37	28	37	4	74	27	25	30	40	73	49	91	96	-1	21	96	94	66	19	62	25	79	12	78	9	91	34	100	65	66	
40	58	93	57	81	83	16	44	82	6	36	49	43	32	72	67	99	12	69	53	39	14	81	25	63	78	70	28	82	46	43	10	99	91	76	57	93	63	34	91	8	63	25	13	72	76	61	67	61	67	90	32	8	33	44	56	85	66	77	69	45	42	65	94	43	41	93	63	13	47	75	100	16	52	85	88	92	21	66	70	77	48	48	13	-1	58	20	4	69	26	51	56	68	13	6	59	50	59	38	18	
33	20	71	65	72	91	42	40	97	88	35	39	69	20	87	71	75	79	70	31	72	77	92	61	54	99	20	6	66	76	18	97	100	76	89	86	93	93	76	10	2	4	47	84	47	73	64	83	65	12	7	79	33	67	53	14	86	78	64	100	50	30	99	68	95	5	59	64	8	89	47	51	97	71	16	90	38	26	100	45	4	28	16	50	36	-1	99	51	33	98	76	73	18	29	32	75	9	92	24	65	
9	76	87	22	47	19	82	58	87	60	7	62	43	80	52	12	94	85	86	9	72	24	81	15	53	16	99	54	23	29	69	13	15	79	36	81	18	35	52	90	96	22	25	63	34	16	35	35	81	3	12	95	14	69	2	82	79	11	54	18	82	51	35	81	56	51	24	16	80	55	18	19	82	84	88	25	6	10	51	89	26	35	72	89	11	9	-1	7	67	54	2	98	65	57	2	43	32	55	13	14	
64	50	53	11	81	91	58	15	18	80	24	96	39	25	13	62	52	43	20	87	17	84	29	35	34	86	66	100	63	84	5	43	4	42	42	84	9	25	12	35	22	6	27	27	9	26	21	59	88	94	86	91	80	59	84	80	46	68	94	43	97	67	55	23	96	6	6	81	62	27	29	11	59	6	23	24	21	93	27	11	75	8	54	58	28	14	78	-1	17	96	39	12	95	18	40	74	37	45	52	29	
37	60	93	18	20	67	26	20	54	25	70	54	37	75	33	13	85	98	36	44	11	92	99	42	5	75	87	31	77	66	94	67	76	20	66	71	41	26	84	94	14	96	17	47	2	91	13	87	27	85	95	70	62	22	13	81	13	38	80	79	44	51	43	11	15	85	8	32	99	62	63	24	19	6	78	2	41	7	92	36	93	82	42	60	77	51	11	93	-1	46	13	35	55	10	41	74	91	62	27	94	
33	22	45	74	95	78	56	45	35	31	84	14	24	87	40	9	37	9	86	90	13	93	64	84	54	90	51	65	5	45	14	48	93	13	58	31	27	59	73	58	14	24	61	20	82	100	7	44	83	13	51	15	15	97	82	44	55	5	41	55	85	18	7	10	50	48	26	81	76	49	82	74	62	11	87	48	47	49	59	15	60	54	43	44	37	27	87	77	89	-1	82	19	52	73	96	29	36	62	81	88	
32	2	28	97	31	21	24	56	76	28	41	33	67	53	36	73	38	24	42	95	33	41	58	2	96	40	13	65	31	6	1	60	96	32	70	68	19	53	68	78	6	62	73	28	94	34	6	29	58	92	59	15	38	83	44	85	23	97	94	61	13	13	43	2	13	67	32	99	4	7	59	68	76	64	68	37	77	58	49	12	95	88	18	18	38	7	22	77	73	93	-1	58	23	87	69	45	55	59	7	37	
92	76	14	16	59	56	85	71	14	40	39	24	33	36	2	14	4	91	25	17	61	78	76	77	23	38	8	87	2	39	60	90	13	33	68	100	54	16	72	18	77	96	71	100	48	75	88	3	34	75	100	27	1	11	2	85	88	64	23	58	40	27	66	30	86	93	71	15	9	55	50	36	38	67	39	84	26	31	75	99	62	81	18	92	5	2	58	36	45	51	22	-1	54	71	92	37	43	29	23	88	
36	53	9	43	41	99	63	79	25	46	60	59	35	43	48	81	23	26	52	6	10	81	29	37	74	85	7	52	77	24	3	31	11	29	74	79	10	30	70	15	46	96	46	40	6	50	34	14	9	63	94	40	76	9	12	48	63	10	38	32	73	14	64	100	65	89	18	89	75	95	62	54	76	48	9	85	30	93	42	92	9	56	22	93	97	7	62	26	4	20	22	29	-1	27	72	52	83	98	97	1	
7	91	80	26	29	19	15	33	68	79	39	60	49	60	94	38	69	22	47	93	60	22	1	92	35	90	93	94	51	45	66	23	35	39	7	66	52	54	88	34	31	86	53	24	31	2	76	33	71	27	91	64	94	80	85	47	9	75	5	71	34	55	83	8	50	55	87	33	95	97	4	28	51	7	90	86	43	86	78	2	77	79	69	87	20	51	46	18	17	14	64	5	10	-1	11	45	20	60	66	29	
61	78	10	9	95	80	89	2	15	41	1	89	39	97	67	36	86	90	15	6	71	89	65	87	41	43	10	98	83	45	60	36	1	45	23	65	83	33	100	73	57	1	10	7	71	12	70	9	69	3	23	96	1	30	47	17	67	87	84	96	90	56	10	72	85	87	44	44	5	32	70	76	81	19	86	47	86	42	29	67	60	49	71	25	36	80	62	62	60	17	8	75	31	78	-1	52	61	94	89	22	
25	3	3	17	82	31	74	72	62	44	7	36	14	63	34	61	16	4	14	11	55	38	20	98	46	96	67	41	60	58	51	76	36	91	39	49	55	40	39	57	86	65	62	46	86	34	55	98	1	97	78	45	27	74	77	12	97	7	83	58	48	90	61	71	49	7	4	99	24	86	66	32	66	73	72	99	12	78	23	69	92	75	54	76	66	21	88	75	64	18	54	43	38	50	91	-1	7	48	97	65	
90	8	63	99	98	59	52	65	33	51	77	8	60	10	62	95	42	93	50	1	98	59	15	80	90	32	51	4	95	62	64	60	71	23	82	30	63	99	58	9	33	87	36	96	35	22	14	89	33	19	8	23	87	75	52	28	86	32	83	13	88	63	83	95	46	82	66	42	74	68	39	72	86	1	72	60	67	9	88	96	33	88	65	44	94	80	44	3	73	98	55	50	73	1	60	79	-1	42	88	61	
68	88	90	84	98	61	68	15	28	100	93	70	7	51	1	4	42	16	20	11	81	20	52	60	71	51	74	30	28	48	77	54	64	68	100	3	58	89	24	83	80	53	8	13	56	82	25	21	14	49	89	33	6	86	80	1	48	30	89	97	22	71	9	17	2	83	14	49	1	56	2	70	48	19	70	74	77	84	16	31	75	68	22	26	57	84	26	33	5	85	63	97	49	80	9	74	42	-1	12	56	
35	43	38	61	94	51	97	33	99	7	66	98	96	67	53	36	2	88	21	96	30	57	40	95	30	28	67	28	29	100	4	99	7	4	72	21	46	62	96	3	74	53	2	84	95	9	62	21	9	85	94	60	43	69	88	25	28	88	11	79	98	39	55	89	79	36	50	99	38	73	63	60	81	61	84	53	88	44	88	52	23	37	90	81	8	61	65	73	59	89	52	37	53	80	60	89	26	34	-1	87	
5	98	64	87	94	70	41	96	42	20	37	70	74	56	72	54	84	41	69	46	72	19	31	55	2	10	31	95	68	91	91	88	78	66	99	64	11	20	46	13	86	81	4	82	17	85	53	54	88	10	20	80	97	73	13	72	6	69	16	42	12	52	7	20	51	34	97	65	58	11	61	67	45	44	12	76	20	16	82	49	73	31	60	26	68	47	77	46	10	79	14	18	80	16	82	68	86	10	96	-1	
