10
1 6 206 2 134 7 105 4 121 5 297 10 153 9 185 8 193 3 218 
2 4 176 5 199 1 170 9 170 8 294 6 236 10 260 7 200 3 201 
3 4 172 10 104 2 177 7 288 5 216 6 145 8 299 1 123 9 171 
4 3 189 6 108 7 127 9 214 5 255 8 293 2 143 10 246 1 278 
5 6 124 10 180 9 254 8 273 1 215 3 148 7 299 2 164 4 202 
6 10 210 3 168 9 209 8 153 5 145 2 147 1 294 7 189 4 136 
7 10 205 5 186 6 279 4 167 8 178 9 234 2 281 1 227 3 250 
8 6 112 1 260 9 254 5 140 7 299 4 250 3 190 10 123 2 265 
9 1 126 2 229 4 147 6 203 5 134 8 212 7 128 3 299 10 229 
10 8 138 3 190 4 123 5 195 7 256 1 109 6 181 2 198 9 174 
