50
-1	93	69	73	22	66	76	88	76	2	9	46	84	31	65	58	11	57	42	3	32	66	82	24	60	100	8	15	80	40	97	53	39	53	28	4	83	20	83	34	32	4	20	62	14	17	36	81	82	33	
37	-1	74	56	75	90	33	75	44	71	4	30	14	18	87	26	86	53	66	92	29	49	92	24	51	75	74	38	69	60	1	40	79	22	36	64	95	9	90	32	79	87	30	67	13	60	43	41	66	88	
22	94	-1	26	74	90	94	74	77	100	33	21	89	46	90	75	17	21	89	54	74	18	85	27	82	97	2	21	26	28	51	12	29	37	39	5	90	79	14	16	47	30	82	75	15	38	95	17	61	64	
74	80	54	-1	30	56	23	41	48	59	22	61	39	21	96	27	23	29	64	72	99	82	39	29	60	17	61	30	87	19	81	15	14	7	6	25	29	88	87	64	3	10	65	9	68	5	66	83	27	39	
30	62	20	92	-1	54	51	99	15	81	33	93	14	95	23	22	52	86	63	44	58	18	75	56	68	28	18	26	26	27	89	73	26	95	38	95	99	85	29	90	27	30	89	81	65	99	21	49	90	85	
16	27	69	34	81	-1	36	28	28	7	18	29	25	53	59	21	50	13	39	56	40	30	55	53	36	2	34	83	17	93	63	40	91	63	53	17	3	44	86	58	9	98	3	24	61	2	54	36	57	7	
58	37	75	11	87	69	-1	31	44	25	40	26	78	71	70	65	62	22	94	35	78	52	11	84	13	34	14	48	22	73	28	71	8	44	53	98	45	20	32	38	27	50	73	76	2	89	25	93	31	92	
57	63	20	90	10	27	49	-1	86	63	16	79	34	63	80	39	18	1	61	25	30	5	55	26	32	41	9	43	75	96	33	99	9	17	99	54	61	95	16	2	60	100	79	30	61	56	40	94	56	79	
37	34	33	1	38	26	80	36	-1	75	98	90	83	3	25	45	55	3	23	69	51	25	40	44	44	27	15	91	60	71	71	25	78	76	7	51	75	45	79	97	11	80	86	73	67	93	79	97	73	88	
89	57	37	96	66	53	79	42	61	-1	64	81	94	3	50	50	47	27	15	95	65	73	76	45	38	81	33	71	54	59	48	37	44	62	10	61	32	53	91	50	14	18	95	62	91	25	10	76	35	71	
63	5	54	100	100	46	19	69	25	63	-1	2	38	79	79	49	11	83	8	41	46	56	60	17	52	72	63	47	15	14	63	38	99	40	62	69	87	10	51	70	31	7	60	56	24	90	49	57	88	77	
5	59	54	97	77	10	52	93	21	79	11	-1	21	83	38	23	97	37	60	100	38	91	91	31	11	84	30	61	36	1	42	69	63	60	21	32	93	65	65	90	28	83	69	94	88	65	34	43	26	6	
80	73	71	58	62	17	46	42	7	65	2	15	-1	26	9	90	93	65	95	10	45	2	62	85	73	30	48	91	4	69	10	65	62	50	43	22	8	10	29	92	11	67	51	27	61	15	58	10	1	59	
34	72	36	93	11	53	32	43	25	97	20	41	33	-1	83	8	16	18	94	54	49	54	4	21	54	8	72	45	92	46	18	23	65	74	96	19	90	75	87	39	19	45	98	30	93	68	99	24	32	41	
16	75	7	69	47	43	49	92	60	26	29	26	15	16	-1	52	43	54	65	61	36	89	22	69	35	12	8	53	63	99	3	77	26	35	76	58	39	21	57	94	63	36	65	74	37	76	42	84	41	9	
46	26	35	64	86	71	57	76	65	61	82	79	48	31	23	-1	64	56	63	77	36	60	98	53	100	81	95	37	54	12	57	36	13	26	49	99	94	14	100	9	89	62	77	76	76	7	73	17	66	11	
26	54	79	55	5	93	79	54	8	4	68	79	100	31	12	62	-1	79	6	99	34	96	23	73	97	5	50	2	8	17	100	30	61	8	93	40	95	88	20	22	92	77	4	19	9	75	35	39	9	14	
54	42	18	35	73	4	93	37	65	40	56	6	63	72	27	11	33	-1	84	6	85	7	36	68	82	19	11	13	76	92	57	15	67	97	24	19	53	34	19	35	9	94	15	98	84	4	95	20	24	39	
18	30	70	27	86	13	87	89	23	79	93	50	12	57	35	5	57	96	-1	58	13	78	33	41	4	94	31	59	85	60	12	84	91	54	51	13	63	59	88	100	4	39	8	20	25	44	38	60	71	56	
26	18	27	64	65	38	78	82	94	71	11	86	76	42	25	50	63	84	62	-1	36	11	86	6	89	42	79	72	18	58	4	70	13	60	37	92	17	31	50	87	95	35	29	86	50	39	33	60	96	76	
86	75	53	36	51	97	70	8	28	13	90	46	42	4	94	26	15	28	71	93	-1	42	88	52	18	35	86	51	25	75	6	96	41	87	23	1	39	21	55	93	71	22	42	3	57	98	87	68	100	89	
90	80	13	67	57	13	84	30	54	46	91	67	89	59	91	50	34	32	58	2	53	-1	39	45	13	56	94	7	79	92	17	3	89	40	56	11	56	58	84	16	83	39	51	47	89	90	37	65	13	100	
24	63	52	46	31	53	89	86	90	9	43	75	29	98	80	40	4	65	88	7	6	10	-1	96	93	69	40	72	76	17	51	3	84	70	14	10	44	31	32	34	70	8	69	61	48	64	61	63	55	83	
21	61	39	30	11	71	68	33	71	30	1	31	81	20	24	65	69	27	77	43	93	100	46	-1	56	90	85	38	21	13	65	21	47	14	18	11	77	34	42	24	58	6	90	72	53	64	24	54	50	46	
9	26	13	64	35	55	65	65	19	30	44	85	81	77	1	13	22	31	50	79	7	53	25	40	-1	96	48	92	55	80	83	68	24	7	27	90	45	91	45	91	56	15	61	50	89	41	33	47	77	83	
63	83	87	33	50	33	94	9	74	39	55	10	87	9	80	89	36	69	53	12	96	47	78	73	52	-1	95	78	36	99	41	94	92	87	92	13	15	52	7	82	3	18	16	71	11	46	93	49	71	28	
15	47	15	60	5	15	78	14	42	87	25	56	62	49	57	38	62	53	51	27	30	54	35	31	27	27	-1	39	75	98	95	53	97	35	31	10	24	56	8	92	42	96	92	34	24	83	84	2	73	21	
20	68	15	43	46	13	87	13	23	55	95	53	42	47	25	11	22	74	81	89	60	64	83	68	17	54	55	-1	100	10	100	65	36	100	94	92	74	60	58	44	22	72	77	30	52	47	53	81	95	11	
88	91	75	4	27	42	47	31	5	8	28	92	69	7	84	28	89	69	78	58	8	79	45	29	31	36	75	57	-1	15	17	52	38	90	18	51	30	55	39	57	9	43	44	47	60	50	82	44	45	45	
64	100	64	49	92	11	62	36	45	26	49	30	8	50	88	58	62	5	64	46	50	65	12	88	59	23	37	59	57	-1	77	77	86	27	7	96	51	35	23	52	11	53	68	61	4	16	100	20	31	94	
84	85	75	35	79	6	61	21	45	11	33	19	43	55	36	14	28	36	32	43	94	89	78	63	53	59	66	19	19	74	-1	48	88	61	38	1	9	80	6	44	34	32	27	22	41	81	59	84	51	79	
24	59	10	43	76	52	80	58	39	25	18	98	3	15	86	31	30	66	74	60	1	90	2	85	28	92	83	35	46	16	33	-1	99	30	80	46	27	58	85	80	19	55	3	33	2	2	3	1	79	61	
61	16	78	97	48	36	3	82	57	25	59	51	53	55	20	52	26	80	50	97	56	71	59	93	74	72	70	43	80	16	48	92	-1	58	8	39	73	32	49	72	58	83	35	78	54	48	54	31	17	79	
64	15	28	51	36	95	97	93	58	83	14	82	85	39	14	77	45	22	89	92	57	68	11	81	96	59	12	19	66	12	10	2	1	-1	71	100	13	61	30	73	63	73	61	12	45	94	11	43	58	73	
76	82	38	12	60	97	14	81	43	60	16	67	30	82	39	49	41	4	59	96	97	59	6	47	99	76	33	73	77	95	85	26	29	35	-1	52	70	8	32	60	18	45	82	22	64	82	9	18	82	86	
80	95	66	15	50	89	1	98	63	78	79	45	43	94	57	44	40	8	54	27	61	78	51	19	67	84	75	51	63	48	97	9	76	2	67	-1	29	3	64	6	65	68	81	15	10	22	69	6	98	69	
20	29	22	56	44	12	29	22	52	46	78	45	87	78	55	53	88	58	75	73	63	88	21	35	68	80	93	65	10	97	2	39	27	91	92	47	-1	82	52	44	91	69	98	63	82	44	93	7	18	30	
9	76	72	2	57	85	84	4	45	5	94	65	10	77	46	73	8	58	100	100	44	44	39	83	23	29	62	7	97	58	51	66	22	53	44	13	79	-1	90	48	50	20	47	99	67	44	54	60	62	52	
32	2	18	45	76	100	2	76	88	6	17	67	72	85	37	34	9	58	8	72	76	38	64	47	10	28	58	16	34	99	2	30	81	5	8	32	1	93	-1	38	23	45	57	60	63	56	91	16	25	9	
81	52	72	18	42	76	6	79	55	72	34	60	94	97	88	65	90	27	4	50	43	99	62	64	23	74	69	23	53	38	3	76	6	55	5	36	93	40	51	-1	62	22	83	22	49	50	83	36	37	96	
5	44	32	24	25	94	60	41	9	85	60	68	42	19	23	87	42	13	28	70	82	33	86	25	21	56	61	53	32	27	69	92	31	55	59	55	56	59	78	38	-1	35	99	96	11	62	59	17	74	26	
62	55	29	57	43	7	58	93	3	91	33	76	12	92	8	6	30	18	60	33	97	50	74	35	18	98	66	33	9	19	79	29	66	96	70	21	74	38	47	22	44	-1	80	98	52	17	31	70	76	9	
37	84	58	55	35	70	9	3	11	98	23	94	49	72	61	98	64	74	61	22	15	71	86	87	39	34	90	68	30	66	43	92	54	10	36	79	13	5	36	2	51	81	-1	27	10	78	91	8	77	50	
65	63	87	97	47	72	20	25	7	56	59	92	74	18	59	10	34	4	55	89	23	82	15	41	38	15	20	7	95	12	17	16	77	46	4	69	10	84	87	61	57	16	24	-1	45	40	32	13	56	65	
92	36	27	60	26	30	78	98	14	26	91	9	92	12	98	24	94	14	71	32	10	20	20	6	64	31	74	67	63	11	81	54	6	45	78	17	96	18	69	39	21	30	11	84	-1	51	43	78	65	92	
58	2	73	54	98	74	20	30	54	87	88	74	29	52	33	8	44	87	85	4	40	91	80	98	41	71	68	75	14	69	36	18	82	50	26	100	94	6	75	8	99	51	30	73	95	-1	7	11	64	63	
89	89	6	8	99	21	70	3	30	34	31	81	33	86	89	98	97	10	48	96	40	25	25	48	55	49	52	57	90	7	73	36	9	76	15	90	86	75	65	59	8	53	71	15	70	6	-1	85	28	12	
6	83	48	74	72	41	79	46	93	19	50	58	21	95	65	95	26	85	38	20	29	8	63	82	53	91	50	52	69	19	26	89	89	35	77	77	27	43	45	29	43	98	63	3	30	94	22	-1	86	43	
25	23	8	16	89	65	16	30	7	64	62	21	33	82	80	95	85	1	64	11	93	65	32	70	61	5	92	21	30	85	14	64	56	71	66	82	97	54	69	69	15	58	84	92	40	90	61	56	-1	66	
86	85	59	78	33	42	11	28	1	34	26	63	65	32	84	48	60	83	17	57	26	22	53	96	88	19	54	81	15	63	33	52	89	68	83	18	75	99	93	39	34	12	57	17	13	52	91	23	23	-1	
