50
-1	87	89	41	71	85	44	52	69	14	30	89	36	44	12	27	10	27	30	94	86	97	67	29	48	21	14	36	50	76	80	34	58	52	45	46	85	10	40	73	47	49	41	79	71	3	89	100	62	12	
25	-1	53	16	97	34	47	27	50	29	30	2	75	41	93	36	71	78	81	89	46	100	75	56	46	79	71	15	48	82	15	80	88	65	71	32	12	95	26	45	76	7	41	92	67	31	86	83	61	90	
96	99	-1	26	47	53	1	11	11	12	76	46	73	20	51	42	72	28	55	75	17	49	67	94	23	69	10	5	95	1	32	14	31	33	9	78	62	51	43	92	17	85	62	26	73	39	20	71	88	68	
41	5	64	-1	20	81	5	30	78	85	93	75	38	40	97	29	38	73	49	91	61	23	78	26	40	20	39	19	16	83	10	29	35	18	79	61	91	91	84	58	100	17	94	74	81	41	15	54	22	89	
80	5	59	12	-1	32	5	24	35	26	13	11	56	72	54	74	82	1	26	26	88	16	85	99	73	61	20	99	95	83	56	93	87	34	37	5	24	92	70	81	27	87	82	97	75	4	35	23	100	62	
42	9	86	24	31	-1	4	91	5	42	70	52	90	30	58	68	100	82	35	65	99	81	58	84	77	14	64	27	67	88	92	74	79	50	4	79	37	63	41	13	63	59	27	6	95	49	91	71	22	96	
41	61	39	11	65	34	-1	76	62	17	58	93	78	19	10	91	20	91	56	63	21	40	16	58	20	51	78	3	64	99	70	35	99	27	21	4	7	13	36	89	5	45	26	21	76	78	17	31	51	66	
85	45	65	23	80	7	31	-1	68	41	89	35	86	7	67	68	13	76	94	66	42	59	12	15	50	48	64	34	71	74	86	71	41	57	3	91	52	88	18	2	60	16	38	38	57	99	68	46	4	12	
79	91	29	72	28	97	18	23	-1	77	49	36	99	69	1	77	50	31	80	50	98	54	28	49	50	74	26	78	94	43	33	46	31	10	2	44	76	82	78	84	9	21	60	75	6	15	56	80	94	62	
88	36	96	35	6	81	41	28	26	-1	54	80	95	94	44	91	5	91	28	18	74	18	31	12	64	87	22	52	53	48	12	74	39	81	4	43	42	91	79	7	73	15	49	12	41	88	47	33	60	35	
85	73	59	38	25	94	49	26	44	29	-1	99	50	79	90	8	73	37	3	11	67	83	18	88	11	100	52	32	67	85	24	77	85	52	56	85	17	49	32	60	22	41	65	60	29	3	2	61	55	91	
40	34	11	17	63	26	12	69	94	34	80	-1	40	11	65	1	31	84	93	31	31	97	86	26	9	24	37	13	22	49	59	28	82	25	61	98	53	53	50	30	22	3	43	70	75	29	43	28	24	13	
11	84	51	8	59	71	80	5	85	95	26	64	-1	73	7	62	64	3	96	75	54	93	15	21	51	44	73	34	3	32	17	97	99	26	9	37	4	18	32	50	81	85	58	50	28	49	16	47	31	54	
33	23	80	31	1	28	41	45	58	12	42	67	64	-1	84	69	15	1	69	79	8	65	79	24	73	14	46	74	36	23	21	39	6	2	13	100	47	31	38	51	77	84	19	39	50	14	84	21	77	13	
3	79	48	66	96	78	76	40	82	61	29	81	96	4	-1	5	22	13	6	29	94	10	23	33	71	14	45	29	86	24	53	73	95	83	36	67	84	59	91	14	70	74	64	25	77	53	41	20	6	39	
6	11	89	38	6	92	71	5	26	89	12	70	38	51	94	-1	34	4	65	70	93	10	96	39	54	42	67	19	38	8	14	96	91	96	94	28	13	52	91	97	48	40	26	68	49	12	50	47	26	54	
49	60	23	56	22	100	38	44	1	56	29	95	4	98	82	23	-1	61	100	23	49	26	20	15	93	7	43	89	86	34	56	16	45	35	67	71	53	15	79	22	38	15	47	36	95	33	8	42	24	26	
40	60	20	16	9	95	78	73	36	50	74	93	16	77	22	80	78	-1	95	25	56	55	50	80	6	64	1	8	99	52	85	87	85	92	76	94	37	26	58	78	39	92	56	22	100	19	27	17	48	29	
45	68	84	4	55	42	42	24	66	66	26	52	69	88	39	80	27	100	-1	22	29	89	27	98	34	67	83	62	82	68	82	75	33	11	14	60	67	75	51	66	90	5	72	63	60	8	87	28	41	97	
71	31	38	25	11	78	26	72	81	68	20	18	20	39	81	44	98	40	75	-1	39	88	63	98	57	35	46	82	57	31	99	86	7	46	43	64	48	72	18	16	25	72	5	41	79	57	27	41	27	25	
63	24	56	54	24	37	93	63	38	60	59	89	76	75	39	64	31	51	24	99	-1	94	61	15	51	11	13	66	35	29	62	46	3	33	35	48	34	14	66	19	36	92	29	72	82	57	77	42	100	59	
67	35	11	60	96	63	84	50	69	43	87	13	67	16	44	8	27	89	3	72	61	-1	70	6	51	82	35	15	76	39	33	67	78	12	47	3	41	65	19	37	79	100	90	29	20	28	17	95	1	76	
66	52	47	6	14	89	48	42	36	51	77	21	58	49	32	79	2	30	40	29	37	15	-1	78	63	71	64	98	25	97	74	55	59	18	28	23	66	87	40	42	29	11	69	45	60	99	98	26	56	66	
97	94	23	99	57	14	5	98	50	66	87	68	67	96	43	99	28	95	48	53	88	14	87	-1	80	68	7	39	98	2	48	89	82	65	54	59	23	77	84	2	63	61	57	49	42	31	80	56	76	8	
100	73	81	93	4	93	79	69	96	50	69	52	49	92	10	43	74	66	88	53	3	94	10	62	-1	38	96	64	94	52	26	33	4	77	40	65	87	39	82	92	76	16	66	87	45	70	68	58	98	82	
79	9	35	80	14	99	69	54	86	8	20	80	70	38	7	79	89	70	5	44	51	52	85	50	2	-1	28	13	6	54	50	81	51	46	32	9	15	57	2	17	89	61	51	40	23	71	39	99	61	8	
92	85	26	59	73	71	19	54	67	88	78	41	94	31	57	96	4	31	31	12	44	28	34	69	66	23	-1	97	70	100	74	88	98	92	1	22	58	88	4	50	27	10	10	33	53	46	5	83	31	33	
63	72	61	95	12	22	72	91	45	44	70	69	85	32	2	96	98	55	32	42	98	80	39	64	18	72	10	-1	42	15	90	2	63	31	48	54	45	62	24	44	68	46	93	71	42	36	36	40	66	24	
78	90	97	94	53	52	34	26	55	89	39	57	41	70	70	37	80	31	28	62	88	37	99	38	67	33	64	18	-1	88	49	57	95	63	3	67	84	84	74	22	44	33	33	35	50	45	73	62	47	59	
90	66	80	36	77	22	5	44	77	93	41	50	72	60	30	73	3	74	43	97	56	65	57	79	42	19	63	82	30	-1	11	34	58	65	57	35	94	10	4	30	60	54	74	3	51	97	33	22	64	18	
32	73	93	62	63	85	92	81	56	89	71	69	90	5	80	48	87	37	98	51	80	2	44	72	32	53	70	60	63	96	-1	82	73	96	56	44	32	20	51	61	9	28	34	8	63	69	74	79	21	55	
44	57	33	52	13	44	8	5	95	20	74	70	81	60	48	74	61	93	87	1	48	97	78	37	30	63	63	53	87	71	70	-1	9	73	23	63	51	91	71	25	19	85	92	30	41	12	61	57	53	48	
65	58	68	41	73	5	25	27	77	1	43	29	62	34	45	24	83	29	41	31	54	55	45	66	48	29	62	56	67	6	75	61	-1	84	53	91	92	81	29	94	59	69	50	9	20	13	54	43	48	37	
96	86	39	84	87	2	67	24	18	17	20	54	30	59	59	85	29	60	5	72	58	19	52	28	29	17	20	78	25	99	87	23	38	-1	50	13	42	40	28	5	34	89	88	13	19	58	41	64	44	81	
9	54	91	57	28	12	53	70	66	53	1	43	21	67	54	45	25	30	63	26	42	13	27	78	24	79	86	48	6	42	78	53	97	46	-1	33	84	65	35	82	14	87	50	50	96	5	1	49	17	76	
34	76	53	44	82	98	34	73	2	66	55	88	50	43	70	83	92	23	98	22	71	27	16	78	12	47	1	91	21	2	97	57	36	33	26	-1	18	87	76	16	83	98	63	56	36	32	2	95	61	73	
76	48	39	87	77	40	70	75	47	69	71	47	13	73	97	54	77	40	28	87	72	29	99	22	75	61	50	47	28	40	54	9	29	44	8	70	-1	24	63	55	11	84	40	18	18	91	45	85	74	73	
24	58	67	32	19	63	99	48	41	79	81	32	29	54	87	9	61	33	97	3	39	97	64	91	47	18	91	52	94	79	85	12	61	36	59	76	84	-1	57	57	62	60	49	68	99	95	81	65	37	68	
2	28	23	3	20	45	87	21	13	15	51	75	65	79	75	35	43	51	1	60	51	60	14	79	74	61	56	85	59	69	89	23	87	79	99	64	84	3	-1	52	50	21	83	85	56	33	20	1	90	37	
19	11	97	59	8	27	85	16	4	4	88	40	96	32	88	73	13	20	12	45	26	88	55	44	18	93	50	69	71	51	31	99	54	13	25	83	4	18	94	-1	85	24	51	39	12	82	55	15	94	87	
86	14	95	34	53	83	100	55	84	48	24	2	12	89	86	37	28	47	65	90	23	51	39	3	44	86	92	95	9	14	67	42	32	14	22	51	31	6	23	85	-1	45	18	49	51	62	60	40	5	43	
52	44	40	37	95	20	7	40	85	62	43	31	31	61	68	70	73	47	41	31	97	28	21	1	8	30	59	98	33	19	39	27	99	56	3	81	58	19	25	66	9	-1	7	33	16	34	54	81	86	54	
24	99	49	19	15	91	52	11	14	70	50	59	29	82	51	96	5	26	30	4	40	29	63	69	44	46	21	21	12	47	73	41	71	62	40	64	96	47	73	62	49	67	-1	62	50	24	93	28	64	91	
31	85	22	7	15	38	93	51	98	22	86	82	16	98	23	74	66	16	20	67	93	77	46	83	32	77	79	43	51	46	29	50	4	38	31	88	94	12	18	42	9	18	49	-1	24	98	66	3	83	51	
82	36	8	16	87	18	28	87	56	49	37	89	64	37	82	6	36	44	71	67	9	91	95	66	70	92	49	83	96	61	80	96	66	23	11	29	64	18	28	89	87	88	44	59	-1	87	72	51	65	51	
68	24	55	28	8	56	95	93	61	51	15	74	58	47	47	84	86	20	60	11	62	96	30	81	88	47	33	54	33	21	81	48	71	31	28	10	6	100	58	27	59	73	96	96	97	-1	99	86	43	24	
27	25	41	11	38	73	6	70	46	34	18	96	93	86	47	85	92	46	34	67	71	20	70	23	39	9	99	58	48	2	11	33	40	28	1	4	31	88	23	81	57	44	66	81	57	19	-1	59	3	56	
23	57	22	41	81	76	43	21	25	95	70	38	83	77	33	48	56	52	57	84	41	48	62	44	25	31	89	10	89	17	12	85	89	38	8	86	13	21	46	43	37	99	36	81	20	21	45	-1	21	19	
26	99	99	73	52	52	87	30	17	95	13	72	17	24	28	66	82	43	78	23	78	81	42	21	72	40	53	47	46	80	84	11	62	69	86	92	36	47	83	95	3	55	24	16	37	52	14	88	-1	64	
22	21	57	71	30	72	9	77	42	62	58	49	46	38	81	73	87	79	78	19	43	42	11	41	70	37	73	20	99	86	15	69	54	51	93	51	64	2	16	91	15	84	90	81	44	70	96	46	14	-1	
