50
-1	31	43	84	27	78	67	48	55	8	14	18	79	53	63	16	60	14	16	11	46	63	57	84	66	91	66	58	100	91	29	71	41	55	72	96	79	52	74	89	87	87	28	21	68	80	24	18	58	71	
50	-1	1	83	42	17	77	17	19	38	37	52	13	32	62	26	61	69	69	12	39	53	45	83	89	51	77	64	80	96	100	8	52	36	65	83	60	65	97	39	82	67	51	31	36	41	78	76	81	26	
89	68	-1	14	56	15	97	11	95	8	48	28	45	20	3	35	60	27	28	21	10	44	87	69	13	85	82	56	29	24	34	6	61	55	5	83	15	1	22	69	65	56	92	5	53	29	7	92	45	26	
55	4	38	-1	87	22	60	60	4	100	40	47	70	18	84	24	15	72	30	39	34	18	70	63	43	84	66	75	47	52	46	64	88	56	98	47	88	73	58	92	55	71	33	59	17	78	88	22	64	37	
13	47	46	16	-1	15	84	75	35	44	48	94	41	50	95	48	7	95	81	13	38	55	86	33	61	82	6	70	67	46	60	84	51	61	4	1	18	23	85	39	7	75	51	54	80	44	69	62	39	98	
90	56	53	40	78	-1	52	96	80	75	59	76	45	5	2	24	80	53	27	26	79	52	71	82	34	44	75	11	27	51	66	1	15	44	83	92	85	66	39	82	58	94	18	99	94	49	30	78	50	82	
20	49	82	96	90	97	-1	42	95	41	79	87	64	44	30	95	50	85	61	89	12	2	48	21	8	46	66	96	80	61	30	91	23	41	95	29	94	98	71	58	53	33	31	5	28	96	48	62	65	57	
74	45	39	1	77	17	36	-1	7	79	76	83	1	44	62	21	48	79	40	81	10	82	47	77	97	21	53	91	75	63	47	20	57	45	64	96	12	71	29	10	28	72	82	1	43	71	63	31	66	51	
54	21	26	24	84	39	78	3	-1	54	94	43	41	87	95	44	91	51	94	23	84	53	6	7	17	53	42	27	21	71	21	88	29	8	6	94	47	82	20	89	35	97	8	49	28	61	79	74	99	1	
41	6	25	91	81	71	60	21	39	-1	74	48	2	68	100	2	21	25	11	81	97	47	4	11	22	65	90	93	22	38	3	31	35	37	85	86	16	98	12	12	39	55	54	1	43	95	28	98	78	25	
87	50	24	60	37	28	64	90	76	92	-1	61	87	19	9	61	79	28	51	47	38	22	88	19	14	57	76	59	38	90	45	82	51	19	28	31	76	58	53	43	6	5	33	47	47	42	34	78	58	88	
51	70	88	26	73	96	1	49	25	53	10	-1	40	74	30	5	51	41	63	54	77	24	76	61	52	44	56	88	92	70	79	58	67	76	17	16	14	91	63	63	16	51	38	34	65	55	74	57	76	39	
4	2	33	79	67	100	8	4	99	89	22	57	-1	11	60	15	96	93	66	7	65	4	40	25	16	65	46	80	58	57	99	100	84	77	5	30	31	43	94	83	51	1	10	14	30	15	7	98	8	10	
63	61	57	58	5	24	26	59	95	3	60	47	53	-1	81	33	51	58	39	24	93	79	100	3	57	52	17	71	50	35	66	55	51	42	29	65	57	53	12	14	56	4	85	69	69	5	94	57	62	1	
30	42	92	15	31	1	72	30	48	22	73	41	13	7	-1	45	15	29	58	90	44	3	64	27	9	38	68	71	67	58	18	89	54	6	36	73	27	32	4	21	36	21	68	92	20	89	14	23	75	15	
4	37	66	92	11	20	94	10	75	61	45	79	26	88	14	-1	99	64	95	98	7	62	25	43	14	93	10	24	21	50	94	89	1	79	65	68	91	81	93	52	13	76	33	41	76	14	20	56	9	16	
7	77	8	5	76	30	41	52	20	38	53	73	73	73	5	27	-1	71	25	96	48	71	86	27	28	42	50	85	2	21	65	5	89	81	3	3	22	37	93	12	39	1	37	45	96	81	52	42	27	38	
46	48	9	61	81	61	59	34	1	21	94	30	8	13	47	12	44	-1	76	17	16	1	38	48	62	61	4	82	82	29	23	96	7	62	5	80	37	27	57	96	41	9	22	50	32	93	66	25	21	100	
95	50	63	73	27	44	34	10	92	53	11	20	66	54	46	33	8	97	-1	51	66	92	77	24	58	67	13	51	40	93	97	87	28	8	1	95	69	87	27	70	45	13	43	12	18	78	57	42	83	49	
83	28	82	7	100	35	88	21	48	17	50	88	33	43	83	80	33	43	29	-1	58	37	81	89	89	81	71	93	39	65	75	97	65	11	100	33	72	74	77	4	98	75	69	98	44	46	16	45	89	67	
77	70	80	13	72	63	93	7	45	32	57	73	18	54	42	46	74	97	61	75	-1	83	37	27	62	85	8	54	84	55	59	65	75	37	87	57	100	35	41	77	89	1	24	76	14	31	94	54	33	95	
90	12	79	9	84	52	69	18	13	77	30	100	28	18	13	76	89	93	79	53	1	-1	77	42	45	79	36	57	1	86	51	43	18	74	27	37	97	27	2	71	95	24	36	38	82	52	10	93	18	27	
56	32	67	79	46	4	57	12	10	71	69	93	67	63	72	91	77	67	22	88	83	1	-1	49	97	21	98	21	92	16	14	94	97	50	79	8	69	50	65	58	19	4	35	3	7	21	32	24	92	93	
91	6	43	57	39	23	100	19	3	99	71	27	25	77	7	75	78	33	65	39	2	44	73	-1	55	92	26	81	76	47	51	10	77	66	2	62	62	25	98	46	18	17	81	37	17	99	46	78	64	55	
21	87	43	11	82	61	35	89	86	29	82	88	69	52	96	19	17	83	56	47	29	58	6	72	-1	30	39	41	25	54	5	47	71	41	49	12	7	17	43	45	11	88	62	70	87	69	38	14	52	84	
66	9	80	13	73	99	3	95	79	39	46	96	100	58	94	89	93	41	96	96	96	19	14	96	49	-1	52	100	48	33	59	27	26	1	43	22	90	38	49	84	19	64	63	61	41	84	23	60	80	27	
41	64	80	71	59	86	29	56	56	30	45	47	63	86	56	74	61	55	67	9	72	57	32	19	85	85	-1	96	20	8	73	58	45	42	88	32	100	64	22	96	10	58	74	73	34	86	99	9	32	15	
80	97	58	84	99	91	38	53	87	79	52	4	8	57	45	51	64	25	92	65	20	100	100	54	76	51	62	-1	57	11	50	48	73	20	7	66	33	94	75	72	71	91	43	37	6	10	30	14	96	7	
71	66	92	10	66	8	85	36	72	6	66	1	63	93	51	85	62	24	99	25	20	1	56	5	90	6	40	64	-1	60	37	17	51	89	54	76	65	10	80	73	6	71	22	6	55	55	31	81	33	69	
73	27	82	56	2	2	92	88	71	29	15	17	56	70	18	7	1	45	89	3	88	27	93	90	10	2	23	94	86	-1	11	82	9	59	95	87	32	78	94	70	16	88	65	90	97	14	95	49	27	93	
27	93	41	34	68	87	10	83	76	94	6	15	37	98	37	44	81	37	59	62	29	37	95	58	68	76	85	44	81	40	-1	22	33	46	23	50	13	66	2	89	64	18	96	1	97	7	1	83	32	27	
60	35	44	49	50	17	60	62	36	25	76	62	71	11	94	30	93	3	82	43	67	55	53	46	57	19	77	49	1	80	41	-1	7	92	84	82	52	17	81	51	67	99	16	65	59	73	48	34	35	56	
71	26	33	1	47	31	50	8	57	93	72	24	74	65	96	36	55	24	12	65	63	34	67	33	15	67	40	72	97	20	85	100	-1	79	94	22	78	42	89	81	18	66	43	34	84	49	43	97	97	84	
12	23	76	45	53	51	74	73	27	90	70	63	32	69	85	46	26	77	52	60	95	54	60	91	59	81	47	28	96	20	55	66	56	-1	60	52	48	100	65	61	59	20	39	96	58	59	41	70	10	24	
45	37	92	29	23	8	32	91	99	34	44	83	100	86	22	19	79	78	3	48	94	40	4	50	5	30	33	68	22	21	3	54	60	26	-1	38	52	35	38	48	61	30	16	37	80	5	10	27	66	19	
30	11	40	87	53	29	82	51	71	81	75	97	40	82	75	1	6	39	99	6	100	20	81	29	55	18	4	39	43	50	20	70	68	19	72	-1	90	53	10	75	88	5	69	69	16	96	91	76	64	48	
43	19	48	76	19	21	99	29	75	53	2	8	15	97	67	3	77	13	85	56	82	17	82	38	6	53	33	28	33	36	61	39	5	71	9	56	-1	46	87	94	3	37	69	94	66	69	77	98	5	77	
46	83	85	69	57	40	95	3	75	94	18	69	67	20	57	54	27	97	62	53	6	17	65	72	40	47	9	52	37	32	24	52	63	27	34	57	5	-1	58	56	53	28	49	76	50	73	49	32	93	67	
61	86	14	71	16	51	87	61	93	5	61	44	83	1	10	5	95	29	15	68	76	84	84	47	45	88	85	23	9	44	99	56	39	94	4	33	27	89	-1	35	76	61	53	16	63	20	28	30	18	30	
35	10	11	86	1	31	48	62	4	74	44	38	99	24	97	8	52	45	8	66	54	4	5	13	95	60	84	91	84	33	1	72	88	28	96	28	41	38	92	-1	76	80	36	24	61	52	91	74	77	62	
54	4	61	79	56	49	79	1	30	97	61	3	82	23	61	91	49	14	58	33	59	81	67	78	88	16	83	42	32	48	48	62	6	26	28	48	2	51	17	84	-1	17	82	76	35	46	70	37	86	6	
49	80	17	15	70	11	60	33	99	58	34	89	94	31	97	30	37	63	1	48	99	21	24	70	81	98	85	1	5	4	83	63	46	82	61	77	80	16	24	99	46	-1	24	76	39	28	28	78	81	34	
43	26	51	26	13	73	65	68	37	45	30	33	66	95	99	48	65	12	79	21	22	40	72	91	63	68	73	15	9	87	40	67	62	66	2	79	55	50	29	75	23	26	-1	25	40	27	74	90	56	15	
44	5	76	5	45	62	100	81	65	48	62	77	10	43	90	29	54	70	78	66	44	87	28	62	26	51	56	19	40	70	32	34	79	76	5	1	14	33	96	93	9	71	53	-1	32	100	81	47	37	6	
94	59	1	52	82	17	48	63	48	57	47	49	25	70	68	26	52	85	51	93	78	68	30	26	80	53	73	17	6	8	24	58	91	3	82	67	82	25	52	74	27	62	73	92	-1	67	58	51	49	4	
99	89	96	44	95	42	97	27	4	2	89	28	75	16	34	16	98	96	56	85	33	98	83	9	67	98	34	69	74	29	31	5	12	85	40	5	85	60	90	69	61	50	12	76	12	-1	16	41	34	46	
27	22	5	12	58	34	21	84	19	7	22	96	100	42	74	94	41	81	54	79	28	24	38	85	45	21	9	73	79	13	81	29	27	36	82	30	52	22	32	98	30	47	48	95	75	4	-1	36	35	23	
75	45	7	74	73	5	90	51	53	4	12	7	28	100	38	44	43	17	52	48	32	18	7	65	26	84	36	14	58	54	98	97	82	90	64	78	63	15	95	97	16	68	40	87	23	12	77	-1	94	19	
98	32	34	33	94	26	47	51	100	82	28	68	33	60	29	33	89	35	64	75	56	32	41	18	27	34	19	53	40	59	26	80	72	60	42	15	49	4	4	35	84	85	75	81	21	72	50	61	-1	32	
42	9	73	18	46	44	75	33	29	87	28	85	11	86	78	76	16	56	86	82	11	95	94	16	98	98	35	37	34	88	2	38	92	3	76	8	60	98	34	96	89	23	74	54	38	19	100	69	7	-1	
