50
-1	91	57	20	73	46	90	44	25	99	89	99	24	78	13	9	18	78	7	70	88	72	40	11	71	83	71	84	78	77	74	47	75	93	44	41	94	2	89	100	67	35	91	33	55	87	12	43	32	59	
68	-1	84	72	53	40	46	31	43	67	88	52	64	12	42	58	66	40	38	27	46	13	61	92	80	35	89	46	94	74	16	49	90	77	13	63	21	38	93	55	95	89	17	22	33	77	39	94	98	12	
30	74	-1	85	23	33	33	21	38	6	74	26	72	35	67	95	59	73	36	17	77	89	71	19	98	92	22	87	10	21	60	44	41	65	44	55	77	6	78	27	63	56	87	72	74	24	75	36	84	81	
1	37	93	-1	45	23	69	93	67	46	94	5	86	88	40	18	27	49	14	57	54	99	69	82	39	33	7	6	86	81	50	66	19	68	31	51	92	47	34	87	28	95	75	25	81	62	27	15	63	68	
75	42	99	23	-1	60	84	59	31	64	94	47	9	16	33	69	54	14	78	12	26	17	70	93	9	10	87	70	18	53	44	56	87	81	9	44	28	56	95	16	71	2	21	10	74	16	19	41	79	52	
26	32	1	91	48	-1	44	60	66	77	29	79	37	2	15	60	93	89	77	48	48	94	10	79	70	68	59	10	78	42	49	98	38	47	95	64	71	32	99	92	8	2	54	55	44	24	53	8	66	46	
97	68	73	98	73	48	-1	40	41	31	35	99	62	71	37	87	50	31	27	79	83	40	84	15	35	53	76	9	27	46	95	78	73	26	91	6	41	37	46	75	11	76	90	55	81	17	22	72	6	79	
22	43	4	78	89	100	42	-1	87	22	77	37	6	48	29	21	27	47	64	62	31	72	28	7	59	67	57	53	62	86	56	52	31	100	68	43	29	91	27	53	94	67	64	61	74	1	81	38	52	10	
2	85	85	100	10	23	64	45	-1	62	69	14	65	96	47	95	66	98	61	68	14	51	56	31	30	29	16	56	24	47	68	29	14	21	43	92	36	90	78	56	21	65	38	13	95	35	47	60	13	84	
29	77	50	52	2	7	54	4	96	-1	25	22	37	80	75	41	57	43	13	57	59	20	45	52	67	43	99	83	10	4	28	82	83	95	95	62	72	71	4	100	63	76	22	39	47	5	48	63	89	9	
42	11	2	94	97	4	12	12	76	74	-1	81	99	20	8	62	55	35	15	100	35	96	84	51	72	82	19	33	71	29	38	69	42	69	49	91	35	86	38	51	85	48	49	63	71	8	38	94	82	99	
13	59	30	1	6	23	80	76	45	74	35	-1	46	44	58	53	85	93	57	79	42	65	40	83	83	58	65	88	41	11	27	91	64	92	22	21	53	89	41	77	74	35	38	76	40	43	24	62	77	29	
20	51	71	83	12	69	86	53	50	83	53	84	-1	48	47	2	28	92	100	3	7	5	47	75	11	54	74	69	53	75	42	71	86	62	74	35	42	39	15	55	92	43	47	62	33	49	20	49	1	23	
17	50	86	92	20	79	30	38	34	7	75	57	67	-1	18	28	48	100	5	47	68	78	55	1	55	64	30	54	4	64	78	22	99	54	8	75	85	6	54	87	65	91	45	68	29	64	6	19	9	5	
37	22	52	85	55	41	23	87	7	99	18	43	23	44	-1	57	90	76	5	10	24	96	48	100	73	54	74	85	2	51	62	59	30	3	43	51	48	49	48	43	55	88	67	46	95	86	87	29	26	98	
34	28	39	37	11	66	5	88	55	97	27	73	99	74	78	-1	23	73	68	20	3	22	62	40	52	83	73	42	65	11	30	61	70	33	13	62	37	82	44	38	50	60	11	30	88	100	51	78	1	29	
75	100	43	3	93	75	93	55	2	48	30	39	9	91	68	93	-1	9	45	60	67	37	84	24	93	40	16	12	82	82	53	21	16	93	64	99	30	99	87	54	47	35	19	76	37	29	68	20	63	72	
56	98	10	6	52	13	74	82	31	57	25	10	23	51	88	42	69	-1	30	84	5	64	95	39	20	45	35	39	51	77	35	7	93	72	79	57	71	44	67	78	1	69	72	12	39	68	7	21	21	46	
28	81	90	90	56	66	42	57	2	46	91	97	35	12	40	48	28	59	-1	39	27	85	3	37	2	35	1	67	65	90	45	67	39	84	69	27	78	61	17	97	100	7	98	88	33	61	52	22	84	67	
67	11	90	48	27	5	76	92	14	75	17	10	74	91	41	56	72	75	99	-1	14	33	52	25	45	38	70	51	70	49	55	93	54	6	10	23	18	19	25	21	85	12	74	88	33	77	46	82	99	14	
55	90	39	75	48	100	72	48	95	17	96	84	26	98	11	32	85	5	8	99	-1	94	9	24	95	30	39	37	10	27	77	1	86	11	77	5	90	68	37	84	38	72	87	29	53	68	99	24	77	39	
48	46	42	48	86	15	26	31	57	84	49	99	83	83	53	74	55	30	13	69	25	-1	69	65	4	43	35	44	16	45	47	4	69	57	45	10	30	18	36	47	26	26	16	86	38	34	31	51	37	5	
51	63	47	63	20	49	17	3	68	24	51	23	34	82	94	63	95	81	25	77	22	60	-1	55	55	27	36	23	77	62	48	47	77	17	49	73	64	55	14	27	6	94	55	88	5	68	52	59	30	38	
56	88	45	48	78	9	19	24	1	47	36	28	51	9	46	62	95	59	18	99	23	43	57	-1	95	11	88	72	65	52	96	79	64	55	88	20	16	13	45	82	30	67	69	16	46	2	54	48	100	17	
59	27	37	6	60	51	70	25	19	46	9	26	64	61	15	18	28	77	97	81	70	9	87	43	-1	94	64	30	15	35	48	62	47	62	71	55	65	4	84	99	13	52	34	12	92	80	20	77	4	89	
33	59	2	85	54	14	20	33	4	94	39	96	72	27	36	39	72	71	5	16	41	78	10	3	81	-1	58	64	47	33	88	59	59	51	2	63	50	4	83	48	71	77	16	94	4	75	25	57	27	36	
35	97	70	4	51	78	62	49	23	31	30	99	35	49	97	75	94	25	44	36	78	57	68	62	46	99	-1	19	38	99	38	77	43	65	87	58	52	14	87	23	9	87	18	49	82	54	59	8	89	68	
48	39	28	71	36	87	19	91	16	23	7	77	23	43	51	8	21	64	22	75	38	54	9	26	82	83	7	-1	61	60	63	26	18	100	68	79	43	89	69	21	62	71	21	85	99	76	53	30	75	85	
30	48	26	11	68	78	84	54	32	92	24	14	83	29	77	80	83	21	28	76	29	19	37	29	48	9	25	84	-1	80	63	84	61	23	25	44	10	48	87	70	68	57	20	91	95	55	18	73	94	27	
47	75	77	55	5	87	26	86	38	27	16	100	11	10	41	97	41	47	22	87	21	90	94	74	32	94	5	44	26	-1	67	16	37	44	48	23	41	19	88	33	51	28	93	1	96	9	65	51	1	81	
44	24	49	6	50	70	22	98	45	26	90	96	21	91	4	93	60	99	57	46	44	24	76	31	31	44	29	41	25	53	-1	38	92	56	12	73	84	56	5	66	85	8	62	36	16	25	31	45	68	73	
45	79	81	95	41	89	60	25	48	62	3	66	81	36	46	85	98	8	7	46	10	29	53	27	39	2	55	6	56	100	11	-1	33	85	92	33	77	1	41	90	12	28	4	32	28	1	81	12	17	54	
73	1	22	71	56	55	31	99	49	24	87	17	32	53	99	63	52	85	58	52	37	21	10	87	35	47	51	54	83	89	87	32	-1	97	44	54	70	83	42	26	8	45	43	90	39	30	55	46	10	58	
33	11	82	44	86	52	50	74	9	76	79	74	65	78	39	47	19	77	96	69	26	6	80	29	17	38	14	5	72	100	11	83	53	-1	30	47	83	8	23	93	17	24	5	90	11	97	24	4	100	59	
23	41	98	44	77	20	18	57	51	74	94	56	68	70	38	66	20	38	33	75	54	12	33	78	75	33	78	96	72	7	40	71	24	65	-1	16	99	29	83	100	87	49	83	24	84	6	11	12	35	10	
88	99	68	56	59	66	3	23	93	78	74	18	48	90	75	80	68	48	51	1	47	6	7	16	45	44	31	50	78	64	68	98	61	9	62	-1	63	33	31	69	15	26	39	99	10	83	15	3	19	81	
57	25	80	6	72	34	4	31	97	97	56	99	63	54	82	93	78	97	50	91	53	98	21	20	51	72	8	15	18	100	5	9	17	72	36	77	-1	43	59	29	50	80	78	60	93	53	92	88	56	50	
38	80	45	64	54	40	3	87	20	24	5	48	17	66	60	36	40	20	96	71	51	7	82	49	99	46	61	13	58	14	57	91	12	63	87	35	79	-1	99	6	86	64	50	1	56	55	30	10	39	2	
68	51	15	24	18	7	51	47	50	27	35	73	83	77	90	7	90	33	78	59	68	94	70	54	62	67	3	24	21	39	13	28	96	50	8	72	10	45	-1	23	35	20	67	16	71	23	96	62	7	37	
86	82	61	6	71	55	69	85	23	89	15	100	30	36	48	36	88	90	67	96	15	24	37	89	76	96	31	90	34	9	57	92	99	39	62	77	77	14	14	-1	89	40	57	93	89	5	69	58	68	14	
8	88	18	10	75	59	71	36	83	6	75	43	95	64	96	49	84	81	73	88	11	23	99	80	55	36	46	82	7	41	24	28	50	31	22	58	51	33	95	17	-1	99	34	68	14	5	29	35	93	26	
18	54	15	33	27	52	85	72	3	25	90	27	81	16	86	13	68	82	55	49	49	42	72	3	58	57	9	83	14	14	50	12	85	48	43	25	14	66	20	72	26	-1	80	56	72	86	73	60	33	16	
8	37	97	97	70	45	61	3	28	58	28	45	85	51	35	71	43	88	90	5	47	4	26	85	65	14	68	97	69	45	85	33	38	71	38	61	25	27	49	35	2	94	-1	64	6	17	83	23	43	63	
74	53	79	78	43	79	5	66	98	67	13	33	54	54	98	14	99	44	83	66	4	81	4	95	20	41	43	92	87	15	14	64	57	97	44	90	91	15	90	34	13	14	94	-1	6	87	31	24	7	31	
80	69	32	6	46	34	91	78	29	66	12	91	55	38	35	100	31	36	69	29	61	18	17	67	45	97	78	32	49	9	53	80	30	54	17	90	75	60	43	42	92	47	23	7	-1	28	53	94	69	51	
88	46	53	49	15	67	72	15	5	23	29	79	92	24	61	38	99	24	60	69	98	29	94	83	80	91	67	62	39	27	30	48	59	33	47	88	84	64	8	41	30	60	1	2	62	-1	52	28	2	27	
9	80	75	72	67	79	13	27	27	58	56	50	20	52	30	2	94	47	26	42	20	26	94	81	96	98	38	46	41	3	17	90	76	93	43	87	99	20	83	8	94	85	19	60	23	79	-1	7	100	73	
44	82	79	51	47	39	25	17	82	82	52	23	11	61	68	77	69	97	26	7	4	53	73	70	8	63	13	18	86	32	61	66	48	21	2	65	27	63	58	90	74	35	68	62	80	42	34	-1	48	26	
38	81	34	90	70	100	82	39	79	3	87	55	96	93	13	53	10	92	42	62	43	4	35	45	72	59	58	78	58	59	5	69	74	56	23	40	75	92	70	10	27	100	45	100	69	29	42	75	-1	62	
11	90	12	83	20	84	89	78	68	40	37	58	40	85	26	16	4	84	52	31	18	94	72	80	51	36	42	19	96	26	20	29	30	86	12	6	49	85	48	8	47	70	96	24	67	98	40	21	84	-1	
