50
-1	27	57	24	19	79	34	91	55	24	6	9	46	38	3	48	48	29	66	45	82	3	98	44	27	40	16	57	3	16	37	33	18	26	45	14	42	43	68	75	39	4	60	92	41	16	99	25	39	49	
21	-1	4	63	74	55	92	78	65	77	19	65	59	45	91	72	76	65	12	42	11	67	37	41	25	98	86	48	1	40	68	82	64	95	3	73	45	68	12	30	72	18	34	55	91	58	35	2	38	35	
54	76	-1	63	81	87	10	68	14	40	6	39	44	59	29	30	43	2	88	89	9	41	41	88	49	98	7	69	70	77	53	66	76	59	98	63	43	49	73	7	66	65	11	95	9	80	17	3	55	88	
8	92	74	-1	55	10	73	48	1	83	66	23	79	84	82	84	12	58	23	41	52	2	20	86	91	24	14	60	27	25	71	25	1	62	27	43	34	14	51	33	52	75	32	18	98	59	8	19	48	32	
40	82	32	14	-1	13	8	10	68	22	37	65	42	54	50	78	9	78	84	69	75	15	54	54	33	5	70	77	95	30	12	32	59	20	28	32	4	96	35	3	55	65	35	70	3	4	98	75	33	14	
48	56	63	19	100	-1	33	71	36	21	89	47	67	1	16	3	92	57	69	44	72	74	74	66	2	4	89	56	42	5	7	15	85	12	100	54	20	94	5	32	56	57	89	83	2	88	75	60	65	38	
34	18	49	2	18	72	-1	72	74	47	25	50	10	47	98	25	100	81	39	6	2	11	53	51	27	3	87	21	82	46	87	61	23	60	91	94	31	56	41	1	2	3	47	77	91	91	82	48	28	14	
86	66	50	50	29	52	59	-1	63	16	39	62	52	67	54	20	19	35	13	45	95	34	28	28	62	69	40	26	58	36	84	59	95	75	14	43	76	20	3	37	11	5	36	42	41	44	31	52	58	36	
73	95	72	73	73	12	3	83	-1	85	32	24	51	48	15	90	31	72	85	2	83	4	33	92	39	60	72	55	94	31	69	29	24	10	39	43	13	8	33	75	94	94	61	94	47	67	34	73	57	22	
80	98	28	63	66	64	9	23	74	-1	56	18	40	33	29	42	56	67	23	63	85	61	74	17	41	100	24	41	19	9	92	65	82	76	24	38	44	17	23	19	37	70	64	12	61	65	58	74	76	8	
84	1	40	78	95	80	76	11	65	44	-1	63	52	36	15	31	16	100	82	55	46	37	53	47	21	24	34	10	36	59	21	68	29	59	94	89	93	46	52	6	20	22	60	43	27	100	12	84	85	96	
26	20	37	49	4	59	22	4	38	87	72	-1	49	90	29	96	64	6	1	29	8	51	7	92	58	89	83	53	90	36	87	71	15	65	16	26	11	79	18	75	31	3	8	83	83	70	56	16	46	30	
22	68	37	40	87	95	98	28	55	35	79	81	-1	19	94	47	23	97	69	48	26	65	82	53	74	5	70	26	59	7	60	6	53	17	8	93	56	86	69	50	100	15	66	21	53	24	82	69	17	36	
5	92	42	70	16	80	85	58	81	18	35	11	9	-1	3	24	99	35	78	17	76	17	85	54	35	87	8	99	78	30	88	26	54	99	82	66	7	85	5	70	96	56	2	54	61	75	86	49	98	19	
71	18	29	20	27	4	4	65	72	16	57	3	64	90	-1	21	31	67	82	46	37	55	57	29	19	98	46	48	9	63	38	24	52	54	36	49	59	29	25	20	83	51	74	1	5	83	78	91	37	98	
55	25	83	72	97	18	77	68	93	27	65	29	86	71	12	-1	51	85	72	47	31	50	4	44	96	92	51	40	55	21	63	4	72	92	79	12	60	10	8	32	9	82	24	33	41	90	49	98	96	31	
66	7	64	13	57	5	57	31	45	84	12	43	20	73	88	77	-1	7	13	12	4	21	98	100	50	26	6	10	5	81	93	90	82	100	62	17	69	93	78	31	65	20	81	79	65	96	5	59	75	79	
40	80	88	99	12	19	8	21	48	5	47	7	2	52	57	36	71	-1	38	6	46	23	53	13	49	10	36	34	6	14	33	29	58	89	71	61	64	29	90	12	61	23	21	29	19	13	63	88	43	63	
94	41	95	60	67	35	98	92	90	58	14	100	1	23	44	94	18	19	-1	90	27	78	67	98	2	39	58	52	74	54	15	18	6	13	12	35	88	23	44	37	47	69	9	64	85	59	25	1	85	76	
50	28	68	51	51	16	91	2	34	28	44	27	95	23	100	48	62	16	32	-1	43	55	32	99	27	20	20	39	49	76	89	68	58	43	49	69	88	91	99	64	43	53	51	8	54	58	20	85	7	20	
61	100	27	100	17	7	41	82	58	92	80	31	4	17	3	10	7	30	5	88	-1	95	34	82	76	39	3	88	83	72	68	21	48	82	20	80	88	22	37	78	88	38	54	7	91	75	40	4	57	33	
75	32	24	52	17	66	86	57	50	17	55	2	62	83	1	71	76	81	73	13	19	-1	96	16	68	26	56	30	92	87	81	22	47	11	98	94	18	28	100	32	57	28	72	44	40	83	36	64	36	35	
52	54	17	26	79	49	72	59	95	6	48	5	41	36	45	68	14	98	70	25	11	20	-1	3	96	58	93	41	47	89	12	65	18	82	40	30	30	32	56	59	27	65	19	36	81	53	24	43	24	90	
89	54	98	16	56	12	5	18	91	29	42	33	21	66	2	77	53	48	38	19	7	15	20	-1	50	79	74	4	4	72	37	84	82	26	80	40	58	72	10	56	9	73	60	27	89	23	59	44	77	92	
27	100	27	29	78	19	37	12	88	34	79	30	8	100	87	13	22	51	70	26	79	37	87	51	-1	22	28	1	51	16	63	66	2	95	94	1	14	2	20	59	86	64	98	13	10	82	79	41	3	58	
62	76	40	45	24	87	81	35	75	68	92	54	90	30	38	76	9	44	47	57	11	83	43	56	30	-1	3	46	4	51	51	55	59	79	23	98	86	45	49	68	87	37	47	34	43	44	36	100	94	65	
81	43	93	59	90	45	15	32	69	41	99	94	6	9	32	40	15	42	61	79	90	55	95	82	21	58	-1	32	2	54	68	70	54	95	74	76	58	63	59	61	41	54	88	9	9	25	50	51	90	81	
14	9	64	98	35	9	17	27	3	22	56	29	67	58	3	95	44	57	50	31	34	41	65	58	77	92	48	-1	45	72	83	41	41	77	24	50	68	78	78	19	96	41	60	18	80	28	11	45	45	86	
100	68	58	93	73	16	74	90	54	19	69	54	100	77	38	64	9	46	5	98	87	1	49	37	77	56	31	67	-1	18	49	100	92	53	60	19	40	4	42	50	42	49	81	10	9	2	49	5	62	88	
79	21	55	46	77	94	82	87	89	20	41	61	49	4	80	44	97	95	91	14	26	25	38	16	80	24	71	25	15	-1	2	23	29	63	30	83	5	67	34	32	17	54	85	53	58	53	31	36	17	5	
73	39	51	89	96	48	7	14	70	47	69	97	8	27	20	96	63	68	7	61	94	36	78	47	74	83	92	39	38	67	-1	36	22	18	87	92	55	51	67	89	36	85	90	98	60	63	15	29	67	14	
70	31	50	89	5	32	44	76	24	42	21	44	81	41	81	65	52	79	84	33	88	84	85	76	98	76	68	65	90	72	80	-1	28	91	87	61	60	43	86	13	86	79	26	16	23	43	92	98	23	29	
57	72	78	30	55	19	60	81	36	88	99	49	18	95	80	17	50	27	38	50	32	1	10	64	87	8	75	48	29	9	11	54	-1	34	86	11	5	54	16	60	27	4	94	43	51	81	24	63	7	28	
84	76	23	42	17	89	71	5	89	89	53	77	33	23	47	51	96	84	57	9	9	9	66	10	92	33	48	58	66	36	70	29	99	-1	85	17	73	18	9	73	24	51	13	8	6	15	20	1	46	40	
68	91	69	14	43	12	12	27	61	56	30	6	36	21	57	18	70	17	63	13	62	53	52	89	18	59	38	83	76	91	93	27	96	38	-1	96	3	41	85	72	79	10	20	91	16	6	56	84	47	91	
69	97	37	48	4	33	37	97	46	75	85	7	33	62	4	56	91	67	100	23	83	12	100	84	43	87	88	95	15	14	35	95	79	47	37	-1	69	65	75	29	69	39	39	57	64	92	23	53	58	4	
42	80	51	88	58	41	84	57	44	66	63	51	83	34	91	87	30	84	44	88	82	70	11	100	60	19	44	6	11	24	9	63	34	77	22	88	-1	65	27	30	90	72	81	41	27	59	96	78	51	12	
35	59	33	62	35	90	89	60	78	15	66	62	74	99	76	97	5	47	17	20	86	33	31	94	18	34	51	11	9	45	33	11	2	7	9	52	38	-1	63	24	2	95	52	29	7	27	13	17	41	69	
72	21	13	78	30	100	86	13	21	44	37	68	3	53	57	45	59	67	22	57	78	87	34	18	71	9	48	11	94	88	89	24	21	91	63	39	48	3	-1	35	26	23	1	34	70	57	57	100	84	23	
3	42	77	6	53	88	15	65	57	80	90	39	49	76	80	23	64	22	69	4	86	47	97	67	67	3	11	67	91	67	50	17	58	78	54	75	95	8	6	-1	30	6	35	31	3	90	60	67	18	51	
6	75	5	80	9	26	90	28	38	63	84	91	37	4	99	51	100	76	43	76	90	94	5	31	9	71	3	65	76	66	13	44	99	98	84	82	25	60	32	82	-1	1	29	84	87	72	18	65	14	70	
7	16	92	78	76	35	20	31	86	6	85	76	81	28	47	18	18	29	50	11	36	8	8	55	55	1	77	47	24	56	56	58	6	30	95	32	64	75	5	59	84	-1	9	27	27	32	57	9	41	83	
87	39	4	46	10	59	92	15	88	48	90	34	15	96	91	42	10	6	60	90	82	99	54	45	96	26	47	62	97	53	17	44	95	26	18	30	68	70	3	58	28	17	-1	73	19	100	66	65	19	71	
32	86	74	28	89	40	52	42	78	68	33	91	87	90	91	80	21	18	83	87	17	82	4	59	94	20	64	32	10	44	9	54	81	51	87	84	43	10	27	15	43	4	59	-1	85	24	41	46	95	95	
21	23	78	57	84	73	41	22	3	14	85	49	19	56	55	22	9	23	66	6	18	56	5	10	52	41	99	59	76	70	47	44	21	84	95	24	65	88	27	34	78	94	63	50	-1	52	35	93	50	66	
92	100	33	22	100	26	26	24	67	98	64	9	63	69	65	32	87	62	65	13	11	61	92	82	19	18	90	3	99	17	53	40	27	79	60	72	54	50	68	48	44	50	56	10	89	-1	21	77	80	76	
48	1	16	40	10	87	65	24	4	92	94	100	58	20	1	43	10	100	26	84	6	6	69	66	98	94	89	87	46	28	11	42	61	2	27	40	63	71	64	28	88	88	82	58	13	62	-1	99	82	34	
44	67	56	45	10	45	47	27	54	85	30	84	99	47	3	48	83	96	14	3	61	64	72	4	26	23	65	61	55	4	66	74	60	79	79	80	72	86	20	60	53	70	95	65	93	34	57	-1	97	32	
40	4	35	28	95	48	33	95	38	16	47	36	63	40	20	97	45	25	11	46	46	73	98	86	48	59	6	78	59	61	42	54	12	52	22	76	7	4	58	30	13	77	99	68	8	68	72	77	-1	83	
38	61	54	35	10	12	61	86	9	18	82	62	19	49	64	22	71	17	38	63	40	7	43	1	14	40	11	51	34	71	75	40	2	15	72	39	58	15	62	22	28	35	62	31	27	62	54	55	9	-1	
