50
-1	10	94	60	97	71	46	51	52	49	32	7	75	86	55	95	85	61	58	76	51	14	45	10	63	98	86	24	52	59	45	18	31	4	69	62	17	44	80	36	30	40	54	15	38	78	36	55	90	95	
30	-1	44	77	57	19	6	19	61	41	7	18	83	73	51	47	72	60	10	31	51	21	15	18	7	25	11	85	99	52	11	55	87	46	70	69	22	86	42	6	69	22	86	63	47	15	36	36	29	78	
93	59	-1	60	27	13	2	25	77	95	43	88	43	44	70	64	45	55	18	82	93	5	8	24	3	81	9	76	84	71	34	48	95	17	72	48	34	91	64	27	2	15	97	94	55	99	57	11	99	77	
78	12	61	-1	55	80	22	63	100	98	41	99	83	84	61	80	39	96	63	48	3	97	36	89	99	79	5	50	18	77	71	40	1	79	1	57	12	48	48	99	32	23	15	28	32	36	87	60	96	9	
92	63	71	25	-1	69	17	95	77	48	100	11	30	9	61	40	46	41	61	64	70	14	41	11	31	13	79	74	100	71	95	74	76	68	15	49	44	61	99	32	67	27	87	20	47	49	17	52	87	31	
29	67	11	19	80	-1	58	92	28	45	37	65	80	2	43	49	94	78	91	17	77	69	84	72	20	73	19	34	38	88	51	30	47	98	5	39	52	36	42	24	87	57	42	51	11	28	54	99	15	14	
16	18	68	65	12	9	-1	8	66	79	29	48	23	60	54	38	79	99	22	64	22	77	68	63	28	11	86	11	81	74	83	82	58	7	13	11	79	25	78	18	48	39	9	9	57	54	28	92	33	95	
68	92	13	33	52	68	48	-1	33	93	21	66	85	14	56	91	50	79	42	33	45	99	48	17	5	22	70	58	91	40	4	26	14	52	67	45	88	88	85	19	29	41	73	78	18	54	37	36	92	28	
84	45	14	76	70	80	12	16	-1	78	22	10	30	79	76	1	87	74	51	76	8	43	21	49	63	22	77	21	19	96	65	81	7	54	63	51	4	65	54	60	10	99	6	99	26	29	7	6	57	25	
90	76	99	73	44	79	96	13	51	-1	58	15	50	59	65	66	55	89	95	29	53	38	53	62	89	61	62	71	36	89	7	46	87	82	47	34	84	58	69	47	17	17	37	64	86	44	88	59	20	61	
100	49	61	40	55	94	65	100	51	3	-1	27	40	50	78	20	11	3	37	91	79	69	95	27	50	22	76	1	26	98	11	69	42	33	17	57	44	67	3	99	30	2	72	68	84	81	8	6	86	71	
56	15	29	94	51	94	55	21	81	30	53	-1	4	82	45	25	46	5	19	51	19	89	54	55	99	19	100	27	7	69	50	15	23	87	20	14	55	100	27	66	94	28	18	52	80	99	84	93	39	36	
60	4	72	83	50	3	43	68	34	19	72	89	-1	51	28	87	17	9	49	70	62	25	46	14	84	48	63	71	100	79	94	60	91	75	55	26	95	33	3	80	66	27	55	84	4	63	23	67	16	91	
27	46	93	77	48	3	43	13	2	50	83	46	72	-1	41	35	90	37	6	95	69	6	75	79	74	40	83	86	98	55	87	10	85	19	31	85	31	58	2	75	77	66	55	57	92	64	62	50	45	61	
74	28	18	28	77	25	76	93	41	6	57	8	51	8	-1	16	41	65	33	90	55	32	45	15	58	28	98	50	1	51	8	53	83	88	10	29	46	12	41	12	42	30	46	36	63	80	9	15	89	92	
71	15	79	27	33	72	66	3	82	71	12	89	67	66	68	-1	7	56	9	63	26	55	63	59	86	16	82	59	76	31	59	100	52	1	93	99	9	43	67	19	18	60	4	47	66	38	11	95	86	56	
55	79	77	74	89	33	13	1	3	1	24	76	91	93	17	59	-1	33	46	44	26	33	56	76	18	17	60	96	16	89	88	51	96	23	23	11	68	53	91	79	20	33	15	25	69	100	29	96	91	34	
44	50	60	34	97	44	42	37	95	65	86	39	80	21	73	24	82	-1	83	83	96	10	84	99	58	31	93	86	82	14	91	72	21	45	26	35	49	74	56	25	80	90	51	84	46	50	52	47	95	8	
1	92	29	40	97	28	26	33	62	23	72	2	39	17	42	66	20	68	-1	58	60	43	27	92	79	8	33	65	90	96	54	27	45	88	51	41	15	12	4	6	35	78	64	79	89	77	11	68	82	28	
59	54	10	5	79	66	25	10	11	57	100	37	94	73	34	82	72	23	43	-1	95	59	25	15	39	44	86	13	71	42	96	30	98	27	1	57	70	83	97	17	76	44	30	97	95	6	41	43	70	50	
80	10	44	65	37	44	88	20	18	64	23	66	45	9	90	14	38	40	70	41	-1	26	42	9	17	91	36	18	67	94	34	88	3	52	18	53	90	47	87	89	100	74	38	32	10	92	79	16	78	10	
83	97	62	28	12	63	30	61	90	22	21	20	65	89	33	22	6	17	45	57	39	-1	82	48	91	9	29	72	72	96	68	64	36	18	48	90	29	36	37	75	31	37	55	84	36	23	71	97	46	67	
27	8	23	20	27	76	49	67	12	18	10	9	54	8	77	90	45	68	81	49	83	24	-1	34	39	97	7	10	88	87	2	58	32	13	93	25	82	32	55	35	7	44	85	21	29	66	93	69	86	17	
50	94	15	97	40	77	32	61	12	37	69	33	46	91	45	62	52	65	70	53	39	42	42	-1	85	45	79	65	45	61	83	6	53	86	65	94	95	36	41	67	57	57	2	69	26	43	60	63	34	39	
10	55	30	2	5	59	31	73	13	47	77	34	71	31	75	33	88	39	41	16	82	68	95	35	-1	13	52	60	31	83	52	49	13	42	42	51	5	65	58	42	19	45	41	36	25	54	16	41	83	75	
33	16	32	95	43	85	78	36	47	49	96	20	27	63	33	37	90	84	63	73	15	42	61	19	71	-1	4	66	64	29	69	32	66	52	10	60	80	41	69	18	30	41	51	78	72	9	96	96	65	91	
86	10	18	87	55	20	70	19	55	9	5	51	81	79	56	1	36	59	51	56	54	94	73	50	48	75	-1	47	36	68	70	15	65	55	100	95	41	5	84	59	67	71	26	19	37	96	58	29	47	87	
42	57	63	11	79	6	51	94	34	92	19	32	59	2	25	8	38	45	58	49	77	2	59	86	4	61	91	-1	29	75	98	51	37	45	89	11	14	81	88	51	67	22	63	82	34	66	63	46	14	20	
44	56	73	62	38	93	83	24	21	94	66	71	63	99	12	52	44	98	66	16	40	14	90	92	90	98	95	5	-1	97	64	51	58	79	9	30	37	67	71	94	82	67	37	22	57	15	13	82	39	33	
63	3	32	37	73	67	20	43	46	28	54	90	12	53	84	75	61	41	68	78	16	31	62	40	56	45	15	3	4	-1	37	29	30	59	61	49	48	15	90	97	66	18	47	94	18	49	99	85	31	2	
56	60	15	53	90	67	88	67	83	95	66	77	48	36	59	49	40	54	64	24	59	5	12	19	66	45	18	95	49	66	-1	24	70	93	20	81	93	51	23	30	31	80	51	69	3	66	26	14	9	40	
8	66	16	62	10	36	32	64	62	46	66	14	55	1	45	66	26	73	48	74	68	99	83	48	73	63	42	97	84	28	91	-1	61	71	94	64	67	65	75	81	16	39	53	75	24	28	83	85	93	24	
38	90	35	3	94	76	100	53	61	23	88	50	80	60	99	11	43	3	58	10	1	7	36	2	80	57	50	85	2	96	53	32	-1	53	20	58	8	96	32	42	25	99	61	75	47	83	59	19	60	34	
65	3	37	93	25	63	16	54	49	20	77	57	25	58	68	18	65	87	87	53	61	83	52	68	40	6	20	64	76	47	57	46	75	-1	15	26	40	63	41	17	32	78	38	10	29	65	88	88	20	13	
43	27	92	47	100	5	85	100	45	70	17	76	48	43	12	52	60	40	37	93	74	9	58	32	28	74	1	55	19	54	7	17	32	6	-1	10	80	95	89	57	14	41	79	82	70	47	30	91	81	84	
32	53	36	70	99	35	31	63	14	98	43	95	93	52	56	8	18	46	6	78	48	81	13	20	83	4	78	71	98	100	68	81	42	100	51	-1	65	64	55	88	25	93	19	25	24	4	47	70	73	76	
48	73	15	26	12	89	95	44	3	37	43	31	47	19	65	94	25	79	99	52	3	42	87	97	5	6	14	24	11	28	17	83	38	11	80	38	-1	31	99	58	37	6	22	89	48	27	2	26	32	20	
39	72	47	87	97	34	28	35	37	5	57	89	93	2	29	10	94	40	5	5	58	22	57	46	25	96	75	28	75	10	87	87	95	20	1	70	82	-1	64	11	30	47	69	10	13	57	50	84	96	41	
62	80	63	10	9	57	98	11	87	70	63	28	40	13	59	19	44	38	9	56	63	22	54	74	79	97	38	73	24	13	77	85	48	21	21	64	61	5	-1	11	63	16	30	36	12	55	76	18	68	10	
17	16	39	25	25	38	73	69	64	16	56	40	60	33	65	29	56	54	83	100	24	40	1	70	86	39	72	81	69	20	69	83	35	94	80	36	68	63	37	-1	8	96	16	14	62	61	55	1	37	83	
95	99	32	60	82	29	33	44	54	15	53	67	57	34	28	24	3	54	54	54	76	44	1	81	2	51	33	36	75	93	36	36	31	1	44	71	41	28	57	6	-1	92	41	27	4	64	84	39	20	64	
33	61	72	70	77	79	43	93	68	20	56	31	18	54	21	11	8	72	10	28	21	90	17	51	14	71	26	49	82	14	95	17	82	84	66	40	100	41	10	34	56	-1	96	50	68	27	20	8	39	32	
68	77	96	81	16	21	83	59	37	38	29	72	80	56	61	28	31	64	95	25	53	9	24	40	22	62	41	57	28	41	42	50	99	28	100	87	16	2	74	95	62	28	-1	60	11	96	84	53	27	30	
14	79	69	78	41	56	67	6	28	8	15	3	2	36	28	51	71	45	31	68	8	21	35	24	8	41	30	56	59	40	95	53	51	11	68	80	78	14	49	40	64	37	93	-1	5	73	2	1	55	1	
66	85	53	62	91	21	24	38	41	9	51	1	27	13	92	97	20	60	86	92	1	26	97	9	37	87	91	8	36	58	92	67	48	66	16	89	97	59	11	33	39	68	69	94	-1	42	84	51	94	73	
71	58	91	81	67	31	25	92	14	83	61	97	89	24	69	11	33	31	49	18	45	47	30	56	76	34	65	4	45	54	67	47	64	23	22	11	99	15	86	21	93	71	25	98	73	-1	32	63	50	58	
44	6	20	5	77	49	15	80	2	8	89	58	2	99	21	52	37	66	67	46	34	93	57	28	41	63	10	54	76	21	1	58	61	96	23	29	30	34	22	69	57	85	30	14	81	92	-1	88	89	61	
12	84	61	59	98	35	64	15	73	98	73	69	70	10	28	56	86	12	33	81	45	78	9	56	65	87	30	28	96	75	45	49	77	23	91	5	36	68	59	44	57	14	93	1	91	22	40	-1	4	86	
91	59	57	29	69	19	13	16	7	88	92	20	23	96	58	56	100	76	74	100	75	48	12	88	65	10	81	20	68	46	73	70	87	81	68	87	83	20	13	45	95	31	71	92	76	1	8	76	-1	22	
20	49	3	81	12	34	38	55	81	66	73	9	75	3	19	53	67	1	7	83	82	8	97	47	27	83	24	85	92	20	68	53	88	94	71	86	77	64	55	10	21	31	26	20	2	29	48	100	43	-1	
