50
-1	96	81	89	95	63	56	40	97	70	80	79	65	94	47	60	72	67	32	72	40	16	8	58	90	26	38	31	15	4	56	55	45	38	78	16	25	33	87	37	20	97	40	86	10	36	95	79	58	90	
84	-1	90	7	49	32	65	19	96	95	18	70	19	70	21	17	40	69	67	88	44	28	57	73	23	93	44	70	9	61	50	68	58	28	13	76	16	2	50	90	24	37	73	69	41	85	55	18	39	70	
56	40	-1	96	77	6	91	95	42	26	44	38	92	57	45	58	45	6	17	60	12	61	46	99	91	3	45	59	94	29	50	11	73	94	1	10	22	73	96	6	71	6	1	7	97	32	90	59	5	95	
40	18	49	-1	31	21	16	30	48	5	16	56	99	6	75	51	93	99	70	82	99	30	24	9	26	49	55	46	19	19	29	83	73	55	14	93	70	65	44	5	12	88	49	20	5	62	24	87	61	61	
43	33	70	22	-1	84	63	56	28	15	6	82	4	15	35	1	43	99	89	76	19	26	44	3	37	18	33	99	50	21	42	74	88	58	51	24	20	3	49	2	86	74	34	2	1	69	62	70	19	77	
8	91	39	79	87	-1	21	33	6	3	50	53	7	87	72	80	2	5	11	92	32	100	30	71	45	88	1	89	53	7	3	73	49	14	45	36	95	55	6	96	54	30	44	9	98	6	32	45	84	57	
1	93	36	19	14	34	-1	64	83	56	29	64	26	90	27	67	72	44	44	5	43	91	42	93	47	47	8	77	95	88	23	35	2	77	97	15	62	85	64	90	63	96	41	13	23	86	74	78	33	82	
45	14	92	42	62	12	77	-1	41	27	76	95	81	25	16	21	38	98	44	25	11	85	8	1	23	93	13	75	79	78	51	17	98	76	69	56	60	18	58	8	28	30	29	57	80	33	39	100	66	77	
39	49	24	25	93	32	31	9	-1	23	5	21	39	77	68	48	29	91	65	78	4	68	89	18	96	45	77	87	97	11	78	24	66	61	90	88	15	77	16	23	64	37	86	96	56	77	95	36	80	71	
63	58	85	34	95	9	99	11	64	-1	72	6	92	96	92	88	38	10	35	57	50	45	18	56	59	61	24	39	22	29	18	60	14	36	98	65	43	30	80	93	12	69	33	84	4	17	98	49	9	55	
93	53	90	4	90	31	3	22	21	62	-1	81	71	94	51	28	50	25	15	67	26	59	19	51	56	4	22	56	1	86	39	87	76	58	12	69	73	54	94	82	41	35	2	6	8	52	23	28	49	2	
45	44	12	53	9	98	70	15	54	51	72	-1	16	75	91	41	22	10	48	26	46	65	27	31	46	43	12	60	24	33	70	19	87	65	91	75	56	74	65	62	100	10	47	11	28	21	82	95	14	59	
79	65	50	87	67	19	70	68	68	75	94	88	-1	88	30	75	24	27	68	11	20	41	32	86	63	24	65	83	96	28	25	88	10	5	57	30	22	45	42	52	67	37	62	95	86	15	57	22	74	86	
34	38	65	18	89	1	17	23	39	51	6	36	99	-1	5	48	90	59	34	16	7	14	2	30	36	24	73	41	34	57	84	34	32	45	46	86	31	87	41	47	76	99	89	9	54	62	22	65	96	57	
26	6	41	33	98	18	40	93	57	91	95	65	85	98	-1	50	37	21	43	21	29	30	35	34	11	2	86	75	37	57	17	64	1	18	44	76	35	14	95	82	30	96	54	58	93	13	24	84	39	32	
84	71	88	96	95	10	63	8	65	59	24	68	36	5	3	-1	7	5	16	2	28	28	54	54	81	6	24	97	88	77	65	42	67	8	6	90	27	80	7	41	77	34	45	72	74	17	45	66	67	51	
4	64	79	23	35	49	23	77	69	46	30	57	86	98	95	5	-1	54	34	83	78	50	91	60	29	10	4	58	66	36	22	60	60	57	28	38	82	29	92	16	46	4	87	23	68	62	88	30	13	86	
32	17	81	22	56	24	41	42	88	74	17	91	99	24	33	98	11	-1	79	86	34	90	67	48	21	12	52	82	30	87	42	25	14	41	51	48	32	5	19	15	96	73	5	15	42	22	53	58	96	8	
5	79	99	75	99	4	50	90	99	42	21	31	9	57	92	64	38	80	-1	76	69	76	15	8	50	99	68	80	6	85	38	86	27	20	45	71	44	86	54	25	68	45	29	56	53	97	4	9	45	99	
78	77	8	75	57	51	55	72	59	90	31	10	3	17	20	24	35	48	51	-1	15	57	26	7	7	23	11	44	85	24	4	77	16	11	48	75	12	45	41	4	36	74	75	69	63	63	77	52	53	7	
22	51	90	63	70	41	63	80	53	92	68	19	78	95	75	54	56	20	99	2	-1	65	90	71	95	100	25	31	51	57	62	39	51	42	21	31	2	48	56	91	52	42	14	92	50	18	47	91	18	66	
86	96	5	52	84	89	83	84	27	52	87	30	39	14	64	80	3	6	95	29	43	-1	38	98	27	53	16	61	10	58	11	14	25	78	47	50	5	35	66	98	40	97	41	43	67	14	10	10	99	32	
100	82	85	43	44	47	48	81	48	51	82	67	17	95	10	30	44	21	1	37	15	35	-1	36	93	98	43	21	95	24	56	51	40	79	87	95	35	52	99	69	30	12	6	7	86	56	45	52	37	60	
18	60	96	6	28	31	58	7	30	47	70	50	44	50	52	56	26	84	83	72	86	76	33	-1	16	96	61	44	72	56	76	19	53	64	69	96	48	79	42	5	64	73	10	72	18	44	29	55	99	26	
75	60	43	48	84	9	16	14	95	11	41	20	94	65	92	37	65	63	50	29	40	100	17	20	-1	82	12	54	37	15	98	53	44	9	16	37	56	27	11	48	36	34	38	43	64	77	50	2	27	83	
7	82	86	26	45	63	11	74	42	16	3	22	55	12	48	94	46	26	92	30	49	69	94	45	18	-1	50	90	54	50	17	87	39	12	14	62	87	100	44	34	38	67	30	90	58	100	90	66	13	59	
46	98	12	1	45	71	65	25	38	64	76	66	91	16	87	72	85	72	68	52	21	68	3	62	54	21	-1	88	64	46	6	90	5	2	95	45	35	61	73	78	74	79	59	20	29	91	36	89	29	94	
70	41	85	71	10	37	83	43	85	32	8	87	35	26	47	60	66	31	14	86	86	35	29	13	50	53	63	-1	32	21	77	71	79	42	29	75	52	76	12	66	84	42	69	23	7	3	57	61	89	5	
56	62	2	91	100	95	13	83	64	89	84	100	64	24	3	13	52	63	38	70	10	56	67	56	68	57	13	48	-1	30	68	53	2	32	99	7	16	75	59	45	72	69	54	26	85	66	34	2	79	51	
16	51	48	22	13	43	59	56	23	25	59	34	63	21	87	64	9	16	76	33	50	47	66	39	66	22	76	38	52	-1	72	35	58	62	65	53	10	67	32	87	18	28	51	79	61	90	19	94	11	33	
24	77	29	42	21	21	71	65	84	29	12	79	9	19	96	25	31	15	78	36	18	11	94	40	43	42	78	2	81	55	-1	94	43	77	5	16	21	33	29	84	48	8	15	62	53	45	65	78	90	88	
48	72	11	17	76	15	87	5	94	29	66	66	80	21	37	70	37	29	18	81	13	55	10	38	95	97	69	72	14	8	72	-1	86	21	41	60	78	58	5	62	53	40	31	90	37	75	55	9	11	1	
38	10	67	7	51	72	34	81	72	52	86	10	81	44	28	58	11	100	47	73	9	84	91	68	72	31	20	54	89	82	60	80	-1	23	48	86	9	33	84	36	73	81	52	80	32	13	9	30	66	18	
22	73	40	31	66	67	22	51	88	74	95	34	41	25	76	37	32	34	24	80	25	5	91	56	88	44	66	17	31	24	7	66	31	-1	68	13	66	50	45	98	37	5	23	51	31	61	94	43	8	39	
39	56	1	32	43	38	74	60	3	94	57	2	58	95	70	9	9	50	99	42	10	43	77	38	91	9	40	82	43	54	3	24	28	49	-1	92	75	7	8	51	49	14	41	24	43	29	31	18	18	74	
12	5	38	88	26	56	24	34	63	12	8	56	73	63	51	63	14	40	49	38	79	42	10	63	67	99	37	15	71	39	62	5	63	49	64	-1	93	3	33	38	40	3	59	32	73	80	39	32	36	68	
90	78	18	84	44	11	8	32	54	93	77	54	69	23	77	3	91	78	19	82	45	73	29	94	47	81	47	74	20	92	37	63	77	15	53	39	-1	60	33	100	3	83	49	95	10	19	31	29	3	42	
60	76	59	96	64	21	72	33	71	76	45	70	94	87	55	62	71	58	15	35	31	90	14	41	71	26	81	38	25	3	36	75	20	23	77	37	23	-1	100	37	68	19	14	63	92	86	78	68	60	22	
68	5	56	9	32	71	70	23	12	72	85	90	70	79	85	32	35	9	89	42	19	64	53	64	23	57	66	25	31	29	80	72	65	86	48	47	41	47	-1	39	23	79	67	93	89	98	77	57	63	70	
39	47	58	92	95	55	78	57	7	10	78	64	72	18	18	48	20	11	70	33	89	39	93	29	73	65	94	27	81	2	42	99	43	84	50	100	44	24	58	-1	42	44	49	94	98	95	97	87	97	59	
84	17	56	43	83	9	88	16	82	26	56	10	21	24	10	13	75	14	60	60	72	63	92	58	54	59	18	71	30	32	8	41	84	1	90	59	46	77	91	42	-1	100	79	56	87	37	29	75	97	41	
51	83	27	68	81	38	83	26	15	6	72	52	68	93	20	98	81	15	27	25	35	58	84	78	100	56	69	99	1	46	94	38	44	48	36	4	97	88	48	52	6	-1	12	77	92	7	12	42	55	29	
43	69	39	78	25	94	17	70	57	52	47	85	59	57	33	53	1	45	27	18	37	97	86	90	19	99	65	53	41	33	58	61	82	78	1	31	43	44	28	23	23	68	-1	76	12	30	26	99	51	17	
80	46	84	59	29	88	41	39	55	16	7	72	46	84	38	45	17	79	81	78	58	60	34	18	53	75	51	60	25	51	53	71	42	56	63	13	98	31	70	51	63	8	28	-1	81	80	52	99	38	88	
64	40	13	15	68	91	71	10	19	57	63	69	42	87	73	99	14	48	39	38	91	74	69	47	67	9	89	93	51	60	2	25	72	84	13	80	53	95	8	48	45	18	4	56	-1	35	93	94	87	64	
30	26	42	87	56	36	1	2	64	2	27	49	18	10	69	81	86	56	37	51	53	59	43	44	82	64	4	99	88	10	81	73	62	44	22	8	32	28	20	87	75	42	43	85	44	-1	68	60	85	9	
7	58	41	89	14	11	33	26	69	18	77	35	89	58	69	86	82	42	89	30	21	35	50	82	11	89	4	90	14	46	72	82	42	67	75	36	67	68	51	89	1	58	54	75	3	35	-1	37	12	40	
85	3	23	24	15	42	51	95	1	61	53	83	74	23	23	90	39	82	73	4	1	32	35	82	31	86	90	89	89	49	76	39	89	30	94	7	100	8	16	28	98	85	40	78	97	73	50	-1	25	7	
94	20	87	68	25	92	58	7	4	47	45	79	4	40	77	76	57	72	11	97	12	1	96	58	43	3	33	4	83	43	72	19	87	82	99	27	80	17	52	100	49	51	76	60	91	30	40	59	-1	12	
63	40	20	13	56	30	71	80	7	15	17	69	72	8	47	7	69	32	75	65	94	72	15	100	92	79	23	90	34	22	98	33	21	31	79	23	99	10	54	44	27	24	32	74	39	20	79	81	40	-1	
