50
-1	11	88	67	48	43	80	69	53	80	85	63	10	67	10	31	91	62	86	93	96	51	90	93	4	90	77	19	48	94	89	34	7	29	18	57	88	17	48	42	49	41	64	55	87	21	82	97	57	17	
94	-1	51	33	20	92	52	77	55	38	32	95	15	72	8	3	33	21	64	44	97	85	49	85	29	45	68	41	75	35	5	13	96	70	2	94	98	28	86	78	8	42	45	90	16	39	71	26	18	37	
25	20	-1	55	65	63	61	5	85	31	32	77	11	1	8	80	71	67	46	2	9	38	67	4	9	86	76	2	63	58	26	80	74	40	18	16	78	68	90	87	72	38	13	55	15	5	69	78	25	21	
58	29	76	-1	61	9	99	66	6	50	95	37	42	42	11	79	60	100	46	37	19	27	1	98	1	31	89	67	50	68	32	96	29	52	21	13	51	51	81	70	49	10	64	44	74	15	35	70	98	90	
35	74	81	40	-1	66	27	28	67	76	6	36	22	52	52	83	86	76	64	71	18	2	89	17	47	29	51	43	35	44	61	89	6	85	73	89	10	69	55	78	87	90	30	6	26	77	28	62	7	37	
57	97	8	19	87	-1	31	45	27	45	13	1	62	8	94	30	14	5	56	27	96	85	71	61	92	81	45	52	46	34	39	96	27	71	10	4	46	36	42	21	4	99	55	93	78	73	61	70	21	96	
33	94	30	54	84	17	-1	23	96	44	53	65	76	41	88	56	76	2	63	68	40	19	14	30	73	13	36	78	83	97	60	90	88	81	56	55	6	53	9	41	27	36	56	37	35	89	19	15	58	32	
23	70	10	29	28	19	47	-1	41	29	51	33	34	66	84	46	64	75	54	85	1	55	52	14	24	69	34	62	58	18	76	90	73	95	98	27	22	96	33	89	64	52	82	60	29	47	85	22	25	86	
9	2	45	35	43	48	25	12	-1	88	75	49	40	27	67	68	7	34	71	10	41	55	82	49	66	21	100	26	92	88	15	77	70	31	79	88	87	53	79	91	14	35	96	53	5	72	3	34	64	24	
62	94	87	44	99	69	70	86	61	-1	60	48	73	87	75	22	37	34	63	49	68	69	49	50	75	19	87	57	31	64	99	13	14	56	66	14	46	68	75	12	28	54	96	59	32	76	16	78	1	24	
89	48	23	39	68	9	72	37	55	5	-1	4	35	94	82	14	76	9	35	20	33	21	53	58	25	13	97	78	83	35	86	68	77	11	45	70	92	23	86	27	17	52	52	43	56	60	7	70	87	64	
22	42	26	67	96	94	24	24	63	65	20	-1	77	11	14	88	65	23	9	22	99	57	66	26	35	63	48	55	8	41	21	85	58	73	36	98	54	21	47	72	25	84	2	59	25	88	16	59	42	98	
88	7	83	78	54	3	79	60	35	8	63	44	-1	43	38	48	18	42	22	90	89	29	57	7	48	13	87	4	69	12	24	59	46	71	45	76	14	52	22	21	65	33	82	52	54	76	86	46	80	16	
55	26	38	84	38	50	76	71	13	14	83	43	56	-1	23	36	6	86	82	8	18	93	84	62	56	62	44	25	92	100	87	75	30	74	55	19	88	13	91	11	94	1	26	1	82	99	99	35	22	34	
12	84	14	64	53	57	34	20	82	48	31	26	63	52	-1	37	78	8	25	17	12	58	61	56	63	89	43	64	65	74	36	97	83	18	7	30	53	68	56	77	48	51	68	61	78	59	50	39	50	94	
62	11	72	38	63	71	3	22	6	28	33	29	25	24	39	-1	62	88	24	47	92	27	79	90	75	67	86	5	83	6	21	61	25	13	78	65	72	12	13	73	86	61	8	25	31	88	48	4	77	19	
51	1	13	28	15	77	17	11	6	26	98	14	84	100	88	74	-1	91	99	28	32	61	16	52	96	7	95	41	69	23	24	6	32	67	76	44	17	76	26	18	40	26	35	61	36	10	79	11	86	84	
17	29	12	15	25	93	8	89	100	79	38	27	4	94	40	91	36	-1	21	9	36	41	57	72	40	54	52	24	33	26	32	100	30	37	23	31	90	48	29	71	21	36	16	65	14	99	100	3	45	13	
3	85	86	82	87	41	18	49	38	92	64	93	24	12	66	73	15	33	-1	84	85	47	76	69	98	53	45	58	87	54	87	80	74	7	84	30	89	3	55	54	50	83	50	34	79	74	31	90	82	69	
54	8	56	80	48	28	24	45	35	10	30	24	6	80	28	9	38	88	62	-1	6	100	46	93	36	69	89	9	3	76	72	19	4	95	26	68	99	69	63	48	73	54	41	77	56	51	30	84	40	47	
28	48	40	78	88	52	41	50	88	59	78	43	42	46	97	47	14	14	85	90	-1	32	79	41	46	5	64	35	94	8	52	88	68	38	84	84	29	10	1	97	84	43	89	37	9	34	93	15	35	32	
6	21	11	64	25	8	88	1	79	19	48	31	12	35	20	18	26	30	43	71	18	-1	25	95	78	51	92	61	11	94	51	74	21	12	4	45	19	1	62	15	13	29	44	40	79	54	82	16	17	18	
76	54	63	85	8	31	1	76	96	63	69	83	53	40	39	16	34	79	22	25	76	59	-1	5	12	14	75	97	96	59	67	33	55	59	37	9	87	15	73	36	21	45	60	36	68	28	9	59	25	50	
46	63	79	86	44	61	74	76	99	31	96	50	73	15	19	58	85	35	11	10	60	55	95	-1	38	39	8	59	72	14	38	97	4	92	99	56	47	59	9	84	54	42	22	16	31	2	92	12	91	97	
64	15	44	93	46	23	84	32	41	35	6	50	78	10	17	7	19	80	8	19	62	62	41	76	-1	15	53	33	79	10	55	86	17	48	93	93	67	45	88	66	19	31	43	10	9	1	29	53	27	42	
47	72	32	82	83	9	15	85	6	48	27	31	24	76	5	76	42	58	42	73	57	73	53	34	36	-1	83	76	73	5	51	94	23	88	4	7	78	73	33	89	3	81	89	26	29	78	69	62	34	62	
63	66	64	49	37	37	6	70	54	98	48	12	20	70	80	73	56	39	79	46	98	5	79	16	96	56	-1	34	35	12	67	39	57	23	24	35	5	61	83	3	36	39	15	93	4	80	54	32	40	3	
93	23	3	27	12	48	56	28	22	17	61	29	13	43	66	43	55	19	85	89	12	14	64	77	32	55	62	-1	22	63	95	30	13	55	36	96	53	9	82	13	74	24	70	9	50	34	95	99	87	31	
31	37	43	95	57	48	100	11	68	14	14	88	17	87	48	11	56	33	15	100	17	3	41	24	64	55	76	80	-1	9	70	73	81	34	93	12	45	54	93	97	15	11	44	29	97	13	26	17	72	73	
5	94	6	89	13	66	12	89	23	54	43	3	92	48	100	10	4	99	16	19	67	48	61	48	24	51	74	66	65	-1	99	47	58	26	10	89	98	65	4	7	16	96	66	93	51	21	78	8	86	11	
9	82	74	46	88	67	55	41	31	44	85	90	51	3	63	62	22	60	44	17	4	22	29	72	40	12	71	8	88	53	-1	5	6	93	22	97	6	46	76	60	41	66	46	83	58	100	36	23	30	35	
36	59	98	74	95	33	5	73	28	69	83	61	16	97	1	5	61	38	26	37	61	7	86	27	29	36	97	52	39	24	69	-1	88	83	7	40	41	33	74	100	41	11	91	72	38	32	1	28	73	70	
12	59	38	52	89	56	23	19	56	70	11	63	65	73	66	76	21	10	94	97	89	17	23	79	80	72	14	70	77	38	2	97	-1	99	89	81	47	44	57	6	91	84	43	71	24	62	84	60	71	59	
50	76	13	58	35	40	59	76	87	78	57	29	36	36	71	6	40	21	34	29	12	67	58	26	18	45	62	79	4	99	33	18	62	-1	56	36	14	19	87	24	19	53	9	17	50	15	26	59	83	4	
6	64	85	92	38	86	23	36	43	82	97	47	55	5	59	95	25	78	35	22	69	25	81	77	8	66	74	16	29	81	37	44	42	17	-1	30	62	93	78	80	73	29	51	10	17	7	43	72	61	68	
20	51	82	26	58	34	4	3	53	90	74	12	29	45	25	86	65	70	2	9	54	100	73	23	93	31	8	75	48	51	43	57	29	4	56	-1	77	95	50	83	77	17	66	36	48	44	45	83	61	44	
55	16	77	42	54	51	72	65	20	62	52	63	51	31	55	73	24	23	78	57	29	28	3	94	55	41	85	9	78	90	8	87	55	55	23	19	-1	12	61	44	82	86	77	38	44	63	79	18	13	85	
49	30	39	8	59	48	81	23	46	42	53	84	22	94	82	53	97	83	69	73	89	100	88	87	35	9	28	41	48	60	4	13	48	69	49	53	34	-1	65	37	88	27	15	14	67	55	9	83	80	100	
66	22	5	28	60	92	33	73	79	25	40	34	46	62	47	93	10	40	65	79	69	14	12	80	74	46	64	4	1	72	54	45	55	88	40	37	27	25	-1	43	14	71	62	80	69	39	35	43	8	6	
79	41	23	61	29	45	57	92	13	77	54	43	24	2	67	8	86	42	18	38	83	24	36	15	4	77	24	89	28	73	69	85	38	79	98	5	89	82	57	-1	56	53	8	25	63	12	72	52	22	81	
75	33	12	91	30	65	47	33	51	37	4	44	25	7	46	6	77	76	84	66	2	5	87	88	23	9	48	31	24	7	35	84	3	92	98	32	32	86	81	8	-1	18	18	81	44	67	71	33	50	93	
25	39	61	99	77	20	82	56	65	43	45	70	91	95	47	86	29	99	54	46	67	98	66	26	44	44	87	19	98	63	10	93	56	37	65	84	33	57	9	38	59	-1	79	6	70	85	86	70	84	24	
76	98	75	64	60	53	23	31	72	57	13	10	92	11	100	14	67	2	13	57	46	23	65	21	85	67	33	21	3	66	25	91	49	66	1	84	99	63	58	62	69	70	-1	33	83	15	84	42	79	44	
20	30	16	72	91	68	56	41	3	81	82	78	22	34	13	25	25	91	57	23	100	73	63	97	67	80	47	73	9	74	71	5	100	91	99	31	54	41	36	54	23	55	46	-1	56	6	33	41	5	64	
26	29	11	46	14	20	37	87	64	16	9	7	90	10	77	81	100	15	90	35	47	72	20	93	44	67	17	95	48	32	12	5	36	37	19	63	59	30	36	58	19	27	44	44	-1	9	20	49	64	81	
21	90	98	10	42	61	43	18	58	52	80	97	78	95	63	98	33	76	55	50	57	24	77	87	68	37	3	55	28	97	43	3	68	14	23	90	60	54	29	31	51	22	61	38	75	-1	57	82	44	24	
50	4	93	100	25	63	98	79	21	5	81	99	84	13	84	91	51	99	43	15	70	37	85	98	66	19	21	22	63	99	15	8	52	8	98	65	88	32	94	24	72	52	73	33	39	23	-1	61	73	1	
25	62	59	99	81	66	70	29	45	68	20	96	49	37	27	67	71	4	22	49	29	69	14	37	59	48	66	73	55	83	23	31	82	33	20	25	68	40	57	62	7	62	42	1	24	20	18	-1	18	11	
14	52	3	93	98	19	73	82	90	5	27	16	84	69	21	24	45	89	57	3	89	37	58	86	19	62	14	49	18	65	38	58	34	31	39	24	68	93	7	58	52	60	64	10	78	23	57	21	-1	19	
68	58	49	44	75	17	40	23	56	90	7	9	44	66	19	67	43	96	19	89	9	44	2	12	9	69	70	96	17	32	53	5	55	18	98	21	19	46	8	54	74	14	42	43	78	47	47	81	8	-1	
