50
-1	55	17	7	13	100	46	76	12	18	32	80	24	69	66	4	2	21	43	95	35	65	75	39	65	10	64	93	88	66	91	74	45	76	24	67	91	63	1	84	20	87	34	29	73	86	98	93	62	75	
16	-1	54	64	31	84	16	16	37	96	1	33	71	70	89	53	69	88	28	52	86	34	96	37	69	78	63	40	98	10	57	4	52	77	49	81	13	7	18	93	88	79	36	52	31	58	60	80	41	53	
48	74	-1	69	29	54	30	52	58	44	33	68	95	84	25	85	16	32	17	36	33	1	14	2	34	32	29	49	33	42	57	85	24	40	83	58	47	97	37	85	86	46	48	72	51	26	61	66	21	8	
62	63	29	-1	57	68	100	39	43	35	38	53	18	54	57	68	29	93	2	28	32	96	40	72	99	96	59	96	3	80	74	70	23	22	99	8	75	46	37	5	99	96	81	22	10	41	32	77	57	2	
60	54	97	52	-1	12	26	42	15	53	18	64	89	50	73	47	22	88	92	41	10	51	97	18	54	7	18	97	59	42	76	14	99	30	91	63	17	54	11	30	91	13	55	59	98	90	34	58	77	17	
51	76	58	74	85	-1	31	42	48	67	63	88	17	16	74	23	84	78	66	75	73	92	73	29	80	54	69	85	45	15	90	53	11	65	33	23	27	24	86	8	11	40	24	7	34	73	91	100	3	68	
74	77	74	56	58	92	-1	61	8	43	67	95	10	54	36	37	56	62	45	58	71	11	23	77	86	92	1	36	24	36	76	7	56	23	81	45	23	53	26	77	86	60	64	73	43	13	32	36	62	49	
64	34	73	86	45	1	95	-1	79	91	17	68	96	16	91	86	45	9	69	73	14	97	52	5	99	63	39	92	77	67	55	31	41	88	84	74	3	48	12	42	65	67	65	69	73	8	87	42	72	26	
18	79	9	26	53	93	38	90	-1	8	71	73	18	19	53	21	32	91	46	38	97	13	40	94	54	25	19	18	88	9	25	69	64	21	44	87	17	85	52	52	7	21	83	77	84	88	34	35	81	32	
22	19	40	49	51	75	51	33	71	-1	63	15	2	42	98	54	34	33	82	98	63	68	84	11	73	97	45	19	65	53	98	19	71	65	51	13	35	14	14	24	80	72	92	35	61	81	56	6	32	4	
43	81	76	100	44	38	21	39	85	93	-1	63	7	86	70	31	96	92	39	32	77	88	75	82	31	1	78	12	43	4	90	52	43	67	97	83	89	3	92	9	68	53	63	97	31	11	94	60	33	79	
59	72	73	70	77	49	19	6	97	63	3	-1	68	87	85	34	100	31	57	18	1	80	4	33	54	41	28	9	49	18	96	22	69	69	58	37	62	74	74	100	68	28	91	17	10	41	80	52	39	23	
37	51	10	47	2	80	74	91	19	69	76	43	-1	64	39	96	85	7	57	6	42	84	2	65	94	84	18	84	39	13	100	29	97	76	92	66	74	52	52	82	96	79	16	32	37	87	14	14	39	70	
62	37	64	21	46	90	9	33	85	84	99	79	81	-1	61	65	66	30	6	74	62	49	63	30	87	1	57	72	71	49	90	55	44	91	54	93	21	15	88	67	75	6	65	79	67	52	46	90	70	92	
64	38	63	4	51	79	32	21	91	56	16	99	75	72	-1	65	32	63	18	13	21	81	53	49	18	14	72	88	39	74	57	93	55	41	89	44	40	63	88	74	46	39	1	15	53	67	51	40	13	95	
61	81	69	47	71	4	64	53	42	78	90	20	70	50	69	-1	38	50	84	77	96	20	16	30	35	22	15	90	49	40	85	47	82	50	64	26	4	41	95	4	69	53	67	51	40	21	94	68	85	86	
88	64	65	25	35	69	85	68	22	54	85	7	93	49	24	51	-1	31	88	26	42	87	70	78	76	1	96	70	18	84	28	79	97	16	76	65	5	46	37	87	95	29	82	19	4	28	88	81	98	1	
80	36	36	84	47	100	49	56	92	34	93	57	99	85	51	51	53	-1	10	18	74	88	11	27	26	72	47	70	93	71	53	29	23	85	66	37	29	90	51	82	65	36	64	61	21	51	98	52	70	92	
59	70	18	18	19	23	21	87	13	66	37	54	32	82	32	83	71	50	-1	75	4	80	52	16	18	16	91	59	92	77	11	72	87	24	26	15	37	81	49	50	12	9	72	43	69	46	1	25	50	85	
94	13	68	33	75	88	92	54	75	59	44	52	5	14	29	61	97	45	31	-1	24	35	3	65	79	88	40	93	56	100	54	55	59	47	76	10	59	2	54	38	30	21	23	73	14	82	75	31	46	89	
95	99	12	86	31	25	80	98	96	49	52	30	26	61	89	35	71	34	34	23	-1	5	99	9	24	16	58	19	62	60	75	3	56	26	18	73	42	72	96	50	41	18	37	91	42	10	29	91	8	47	
21	7	60	62	11	37	34	89	88	59	97	32	100	36	3	5	75	35	78	23	83	-1	46	11	54	2	98	25	93	46	30	100	92	34	84	42	32	38	79	17	24	30	90	47	8	38	1	62	41	38	
58	8	39	77	73	18	29	67	27	7	92	92	84	63	33	9	43	33	16	41	80	98	-1	49	96	32	3	100	22	34	77	81	15	66	78	64	38	81	95	7	68	32	48	78	79	46	7	6	31	59	
32	69	75	34	85	97	10	73	30	39	7	56	83	18	99	51	77	36	51	44	57	55	50	-1	100	47	80	44	28	58	57	95	71	45	40	56	51	37	76	9	33	96	86	46	33	2	47	21	69	25	
77	63	9	46	54	36	82	73	50	54	91	98	35	5	21	78	33	61	58	36	69	4	96	69	-1	52	85	51	72	73	94	76	46	39	14	11	84	56	98	32	99	67	69	73	57	31	81	44	72	43	
28	62	84	96	87	47	24	78	2	40	54	8	9	61	3	63	9	100	48	52	81	65	62	95	14	-1	100	92	10	52	80	11	91	60	21	34	55	95	100	71	27	65	18	27	3	66	42	93	13	11	
7	38	10	12	29	45	95	4	79	74	47	25	97	7	84	82	6	94	16	75	73	88	84	4	79	93	-1	19	45	40	53	12	80	12	2	35	59	40	27	15	19	97	97	52	53	31	48	59	88	73	
24	55	87	44	24	29	49	73	2	55	71	72	17	4	4	11	44	79	38	78	59	94	100	92	39	81	99	-1	50	89	40	61	26	35	57	68	63	99	61	83	27	96	52	47	21	93	27	64	16	87	
25	42	23	26	29	14	51	65	28	3	86	55	6	14	17	65	49	33	4	68	73	27	17	65	25	21	70	27	-1	6	71	87	8	74	10	51	88	8	57	74	31	26	53	71	10	65	22	14	96	64	
42	17	57	48	88	39	54	95	49	69	29	96	98	68	4	25	23	42	37	74	21	80	5	54	14	5	18	46	85	-1	37	37	74	100	41	60	91	6	32	30	94	72	97	52	3	75	83	88	23	75	
37	5	63	27	3	14	93	29	48	46	37	3	51	12	26	58	19	42	33	14	90	11	57	70	33	48	91	1	9	67	-1	88	72	78	87	100	54	59	36	34	51	33	68	81	1	2	32	9	44	93	
71	63	6	53	67	93	1	23	73	85	29	32	60	7	66	6	25	69	47	78	69	7	46	18	22	47	66	91	66	18	95	-1	70	18	92	40	75	91	89	7	78	87	65	77	25	42	49	15	94	21	
77	73	73	30	16	92	65	21	95	78	31	99	22	97	22	93	21	68	61	27	2	67	42	85	2	92	45	10	53	29	48	52	-1	21	32	40	59	42	45	32	45	72	82	16	1	97	13	21	2	46	
69	31	39	99	46	87	1	57	14	26	12	63	92	70	29	56	84	91	43	5	35	77	46	86	49	92	97	94	48	71	62	82	15	-1	89	10	85	46	58	1	49	44	54	16	37	98	67	70	63	18	
87	96	96	76	59	75	2	11	17	98	69	88	41	57	70	42	52	46	7	85	93	26	87	81	32	41	1	57	70	25	10	17	2	80	-1	16	91	65	57	40	29	69	70	23	64	65	39	41	83	54	
69	54	95	29	15	38	81	75	33	23	21	49	83	56	57	98	12	8	81	53	52	79	94	39	63	60	16	44	64	52	61	45	88	54	79	-1	74	50	27	64	49	14	48	52	39	68	54	47	77	96	
85	25	74	56	56	86	67	14	27	65	79	59	82	96	55	34	42	57	29	9	34	79	37	1	24	28	4	8	43	18	33	88	38	79	84	1	-1	30	53	41	47	77	42	32	21	100	5	34	25	95	
57	64	77	30	1	35	93	74	68	8	35	23	34	68	63	96	48	31	59	18	68	32	74	6	87	5	14	34	95	77	95	28	24	49	42	79	3	-1	55	12	30	37	15	48	84	84	40	19	63	42	
3	65	27	98	98	22	45	25	24	42	3	70	95	34	34	73	46	96	3	48	93	97	66	9	89	52	72	54	48	70	50	23	80	32	58	8	39	76	-1	6	51	19	77	79	98	50	16	76	4	93	
63	7	64	93	7	91	43	90	87	91	91	80	85	10	59	46	68	31	21	73	73	70	9	52	26	100	72	85	38	27	25	85	42	30	71	47	23	28	68	-1	46	97	70	68	36	19	66	65	49	25	
61	89	69	35	61	56	81	2	51	47	92	15	67	57	53	66	62	22	31	9	67	30	50	30	25	23	32	50	87	33	2	19	17	60	75	2	10	91	1	53	-1	15	8	47	49	15	32	95	71	51	
60	69	52	44	16	92	65	67	51	68	36	12	35	83	5	94	11	91	8	22	90	68	31	62	98	70	94	64	92	38	97	38	26	2	26	68	62	65	92	28	49	-1	24	95	54	20	38	8	77	9	
98	31	40	45	38	56	88	25	69	59	49	59	10	20	87	18	16	53	55	45	58	65	34	31	32	25	5	47	77	56	73	54	90	76	85	89	35	19	10	21	33	4	-1	47	100	3	51	17	34	53	
46	92	88	25	77	62	52	4	14	56	56	74	45	51	7	17	95	48	1	47	14	8	19	64	77	5	92	9	75	41	98	27	5	12	27	56	23	55	85	100	72	11	64	-1	39	43	99	55	69	100	
66	38	94	39	13	74	47	77	80	57	20	8	94	60	80	46	82	7	2	37	39	36	65	57	15	98	14	53	32	46	60	15	79	35	96	27	82	7	19	62	3	98	61	42	-1	69	2	58	8	83	
19	82	17	66	72	57	19	52	30	2	16	54	93	13	23	34	40	37	13	98	28	62	34	43	56	50	65	49	32	31	49	66	99	82	72	49	85	54	88	78	49	74	77	63	35	-1	3	26	88	9	
2	7	34	83	9	90	48	25	44	40	7	20	82	79	24	27	85	42	20	100	42	85	59	45	72	77	40	36	56	10	36	47	73	15	49	40	77	73	69	4	64	33	11	96	39	95	-1	25	96	39	
71	6	100	99	49	2	97	95	71	68	29	75	48	15	1	32	86	68	97	29	21	31	9	60	42	12	87	86	49	72	9	92	7	20	97	76	10	53	86	79	42	40	1	84	35	4	95	-1	93	68	
99	80	76	48	69	61	18	40	59	46	51	8	50	15	92	33	69	100	44	42	64	46	60	13	87	4	51	85	20	70	38	13	9	44	16	64	56	99	88	35	19	24	78	66	46	5	51	38	-1	50	
7	93	14	33	84	2	9	55	18	64	96	55	5	9	45	58	6	92	91	7	3	88	34	89	29	63	29	89	19	81	78	82	85	22	78	25	20	5	26	16	84	91	21	76	28	52	19	63	41	-1	
