50
-1	70	92	56	42	54	17	27	88	57	8	39	57	88	29	23	72	24	42	18	80	71	17	17	72	18	59	21	82	60	12	48	69	46	99	70	51	36	35	30	28	18	98	10	64	86	45	39	7	41	
88	-1	36	43	56	64	50	49	50	82	56	12	55	45	79	46	67	99	65	9	31	28	14	65	18	36	39	6	4	58	47	33	51	57	74	50	63	6	60	81	16	17	90	33	30	80	91	63	100	46	
1	23	-1	39	97	68	60	73	3	20	40	33	25	11	83	78	76	10	62	4	11	12	2	33	97	47	36	36	85	70	80	54	7	6	43	45	5	65	58	70	54	3	55	86	93	75	13	81	49	50	
11	74	72	-1	19	69	28	69	15	50	81	55	89	77	76	59	36	47	29	8	23	56	74	89	14	18	70	7	4	30	64	29	4	97	33	76	39	22	70	58	82	4	2	14	64	22	91	25	51	24	
26	27	80	73	-1	56	89	35	24	46	1	72	60	4	75	47	55	26	39	86	88	31	63	32	31	23	14	100	2	30	5	75	94	29	73	51	80	61	13	88	76	66	13	72	85	85	27	50	26	61	
6	51	85	94	64	-1	53	2	23	4	11	90	62	43	61	81	54	22	3	68	40	93	24	79	9	35	81	70	67	70	51	22	97	15	41	11	48	21	26	92	43	91	99	14	67	32	31	48	76	11	
22	14	86	45	91	41	-1	7	57	53	71	44	98	57	87	55	1	46	87	88	3	69	40	78	79	78	18	96	39	6	93	91	71	3	82	99	62	73	6	54	29	98	24	59	22	100	5	10	25	41	
21	19	57	95	27	49	65	-1	78	5	10	44	39	50	56	26	26	24	86	80	18	89	95	63	35	92	90	91	52	96	31	77	46	73	84	43	21	5	100	44	14	25	8	4	12	56	83	64	23	76	
28	13	38	8	73	33	35	84	-1	57	3	13	47	41	76	97	90	68	66	25	22	98	100	45	52	63	90	79	18	7	70	38	93	80	55	81	49	49	9	20	37	58	1	15	83	57	67	50	38	31	
5	21	70	68	53	17	11	26	14	-1	18	14	25	51	63	52	39	9	91	37	78	18	89	33	90	70	58	36	83	93	37	3	72	56	84	72	61	44	57	14	50	69	15	58	52	48	10	85	72	27	
12	64	38	21	62	12	31	40	38	2	-1	50	54	10	58	96	24	25	25	82	81	73	93	99	94	49	100	65	91	3	72	92	34	20	94	97	1	71	32	65	89	56	16	43	82	70	30	18	24	54	
93	62	94	57	67	8	1	32	58	28	47	-1	51	17	82	69	24	26	81	74	32	71	48	5	2	84	41	70	63	97	26	52	10	76	90	49	81	73	90	18	44	88	32	33	76	7	35	85	62	65	
39	16	77	94	43	86	42	80	13	37	22	57	-1	50	12	69	14	41	65	1	3	60	50	61	52	21	3	83	20	47	40	12	47	13	64	18	53	22	42	66	13	50	31	60	64	56	25	3	47	88	
94	89	69	79	80	27	45	37	68	93	50	61	76	-1	8	84	99	49	52	84	98	97	68	99	69	97	71	56	56	50	16	86	55	85	98	67	78	37	50	98	37	36	44	78	54	44	56	88	21	31	
89	47	23	49	74	22	10	38	69	89	99	96	44	76	-1	93	9	98	81	30	24	38	80	44	44	54	71	81	41	27	7	22	67	58	49	92	44	6	1	36	86	44	77	45	14	59	37	43	71	6	
82	82	25	63	31	31	19	26	87	71	6	88	24	38	4	-1	100	56	70	38	55	61	35	38	74	82	57	100	94	53	36	65	91	59	91	4	33	58	33	21	39	64	59	59	41	64	98	23	41	18	
100	97	40	27	89	81	50	58	8	30	51	83	29	85	67	92	-1	49	34	85	39	72	2	31	32	54	65	53	83	86	26	87	71	63	3	19	96	63	99	12	39	45	57	27	85	65	83	100	41	91	
66	89	56	64	11	13	37	72	99	56	77	9	83	96	5	14	79	-1	75	35	52	36	84	18	53	12	91	89	17	41	5	89	62	96	47	94	82	91	17	11	4	13	14	9	32	89	6	63	86	94	
28	79	74	69	2	70	27	3	37	60	45	69	9	74	45	33	93	5	-1	54	11	23	76	15	71	59	81	46	1	36	40	47	27	62	99	69	29	54	61	36	19	31	1	100	38	94	50	97	96	29	
49	99	6	91	6	76	54	19	63	96	70	57	53	8	38	93	40	2	49	-1	76	5	88	91	100	18	91	13	51	94	49	49	53	18	62	100	33	59	100	45	22	28	53	76	55	70	22	95	37	78	
97	84	20	39	98	95	71	86	49	89	92	34	74	1	31	7	10	49	41	49	-1	38	13	28	20	46	28	65	15	80	15	43	65	33	54	54	19	58	55	6	16	99	86	9	86	52	39	26	53	36	
70	23	9	87	32	66	18	59	29	35	59	83	89	21	49	78	39	94	89	97	36	-1	96	57	88	56	42	17	34	27	2	24	20	74	40	22	79	28	58	8	35	75	97	68	70	21	20	85	98	84	
72	77	87	50	33	93	53	12	15	48	48	77	86	60	37	2	94	98	57	1	97	40	-1	7	58	35	20	22	96	49	66	6	56	69	98	8	51	73	11	89	57	68	23	96	42	40	5	83	20	42	
59	1	93	4	71	66	35	9	52	63	5	86	52	81	87	15	21	42	9	72	5	17	96	-1	53	2	19	57	23	34	80	58	57	18	68	62	69	93	25	85	68	16	84	20	41	75	53	6	88	2	
20	35	18	65	77	88	10	65	68	31	28	100	37	72	89	7	90	12	46	2	55	52	38	87	-1	25	94	20	67	14	64	50	81	40	54	99	24	72	25	24	80	97	87	45	87	93	48	44	78	70	
85	22	97	21	9	96	27	27	18	65	31	13	13	11	54	42	32	67	82	91	27	61	34	70	25	-1	31	83	69	68	36	66	85	75	80	12	74	87	71	82	42	68	83	77	18	98	30	100	76	51	
6	43	49	75	75	32	60	25	74	48	88	3	35	65	55	50	74	53	91	83	33	85	93	93	10	11	-1	60	22	14	89	31	3	69	11	87	8	28	38	43	44	62	42	52	26	56	17	71	56	19	
29	8	15	76	88	81	24	18	82	24	53	89	7	70	23	38	97	64	98	6	28	6	49	84	96	61	68	-1	63	55	33	87	99	48	80	5	6	35	78	33	42	5	53	88	26	94	94	59	26	14	
37	10	3	37	74	52	90	79	5	53	4	95	50	78	62	93	92	64	77	13	63	40	52	34	48	81	13	80	-1	50	3	50	78	50	3	1	51	82	14	66	27	93	70	75	72	2	46	52	50	47	
65	28	39	88	42	83	55	69	19	22	8	56	28	88	41	34	97	95	8	3	70	94	16	99	33	20	12	12	81	-1	85	69	78	43	43	78	18	14	100	97	27	47	5	13	36	12	54	58	17	8	
61	1	84	32	92	53	47	21	67	89	73	58	5	43	37	94	25	48	85	77	69	20	62	39	62	48	23	86	91	23	-1	49	49	58	42	50	29	75	56	89	71	92	68	24	22	20	32	35	11	28	
21	100	25	87	24	39	66	13	85	25	51	75	62	67	91	32	31	29	28	55	71	67	17	87	97	74	71	11	31	8	12	-1	47	23	12	73	50	9	78	56	91	84	21	61	49	40	70	99	38	83	
56	13	79	87	80	54	60	79	75	76	48	74	49	12	2	64	77	38	91	14	22	38	42	24	68	7	87	93	80	4	84	7	-1	43	8	93	92	50	70	68	36	50	85	8	31	74	20	21	77	94	
86	100	12	8	63	67	3	57	98	64	25	73	26	91	91	76	22	40	13	58	18	81	78	31	63	64	75	90	6	53	78	99	96	-1	39	15	91	80	11	7	61	17	52	43	54	85	65	47	76	2	
64	80	75	41	89	98	28	81	54	14	94	69	92	7	73	88	34	71	92	99	68	9	56	92	55	25	15	94	91	7	14	9	73	23	-1	29	83	26	12	18	91	48	60	9	69	51	88	68	63	11	
96	15	90	52	97	57	63	77	17	39	60	41	87	92	82	7	11	6	77	14	56	56	90	85	96	12	27	23	28	11	31	92	77	91	89	-1	53	19	88	51	55	36	67	51	64	90	26	5	43	52	
80	54	19	50	67	85	64	40	75	94	50	29	35	19	67	72	9	86	17	38	18	51	23	37	30	32	62	41	69	74	15	18	87	6	59	1	-1	58	28	55	14	89	14	25	37	15	56	91	7	12	
7	35	71	83	72	14	42	85	94	85	84	85	62	64	88	48	18	65	70	3	83	25	75	6	92	21	56	68	60	52	11	5	99	11	90	62	32	-1	97	77	11	57	95	15	41	88	27	12	15	5	
53	5	50	59	38	87	36	63	61	44	81	50	34	83	47	11	36	19	44	65	34	39	77	70	10	81	46	80	70	4	23	11	87	74	25	43	26	9	-1	40	55	16	44	51	99	25	61	23	46	16	
34	89	11	90	60	79	8	57	88	51	15	31	21	36	4	79	60	25	100	53	15	45	93	76	83	50	18	9	83	72	8	70	98	63	56	98	76	100	43	-1	47	58	81	44	76	18	8	85	57	9	
88	5	15	3	60	28	76	78	53	67	66	91	27	93	2	29	45	70	49	27	48	8	78	32	31	31	71	57	12	81	65	75	94	46	40	18	28	72	100	65	-1	81	46	16	63	12	58	97	29	49	
93	6	84	24	62	57	6	10	85	47	68	55	81	31	7	63	91	88	100	39	2	84	32	25	8	3	15	70	22	21	87	100	47	63	97	52	61	44	96	30	61	-1	67	84	59	100	95	5	53	49	
88	64	45	84	44	54	18	8	76	65	74	34	59	47	25	66	11	12	76	21	79	69	42	23	97	9	72	82	81	53	35	75	26	60	24	53	12	61	67	86	13	35	-1	51	100	7	4	33	61	42	
45	2	23	86	46	42	48	96	15	35	35	98	90	47	5	31	74	41	66	4	99	53	23	91	15	86	26	82	40	99	21	80	54	61	70	37	71	64	90	60	46	12	28	-1	32	9	42	48	92	27	
54	9	48	69	31	14	23	67	86	76	46	89	44	81	45	62	67	67	88	36	49	16	13	45	22	20	89	23	71	63	95	47	43	33	24	27	31	63	15	87	20	76	45	8	-1	27	53	61	28	1	
72	76	57	48	71	83	98	46	3	55	94	35	50	98	62	48	14	28	12	86	55	45	77	44	16	5	5	49	93	48	17	26	48	51	34	83	9	26	87	83	62	32	42	37	22	-1	84	3	28	89	
69	86	42	17	52	40	37	44	72	7	18	38	58	97	2	76	82	86	50	65	98	69	94	12	38	37	54	70	40	8	39	93	73	95	15	89	7	83	71	2	4	96	49	67	75	4	-1	11	6	22	
54	54	83	92	67	62	93	75	5	5	30	52	79	90	18	50	40	64	56	84	15	43	100	75	6	63	4	20	77	91	77	1	98	7	56	90	47	28	9	90	23	83	15	67	25	49	89	-1	54	73	
54	45	54	16	73	69	44	58	91	54	71	26	70	61	69	66	28	51	49	35	24	57	15	87	88	52	37	57	39	89	95	2	57	100	85	70	100	38	15	24	2	96	13	97	69	23	89	89	-1	10	
12	54	36	37	97	98	49	27	9	74	57	45	30	91	18	20	69	45	28	29	98	44	68	7	59	27	7	67	21	40	21	20	68	23	18	47	83	67	45	80	34	94	75	70	85	16	2	95	53	-1	
