50
-1	77	94	1	25	80	47	84	94	69	47	85	23	42	98	50	19	85	35	33	19	71	69	33	28	51	7	41	35	47	45	80	70	51	48	12	85	64	9	71	43	19	77	11	50	5	95	5	35	33	
70	-1	21	17	24	60	91	79	16	16	29	58	80	72	95	86	11	90	15	4	44	28	91	15	41	5	83	93	90	74	99	13	11	9	80	79	96	17	26	99	21	66	26	21	55	98	97	60	38	72	
45	62	-1	7	1	18	72	91	64	91	38	5	41	6	45	68	61	82	15	4	11	72	3	75	63	72	29	27	24	36	28	19	91	37	74	98	78	49	52	63	65	61	4	13	28	24	7	32	8	95	
10	56	47	-1	82	30	58	26	39	86	69	49	18	10	15	86	65	26	88	45	25	25	54	64	48	14	34	97	92	30	30	16	55	83	51	51	57	69	89	47	36	100	17	61	90	81	61	45	60	72	
2	14	4	69	-1	43	29	40	61	81	2	69	99	71	61	63	60	10	85	11	64	64	71	97	82	26	49	84	2	34	97	90	69	60	55	28	57	75	41	24	9	58	62	29	86	66	25	49	31	45	
37	78	43	21	45	-1	27	82	44	28	83	21	50	84	18	81	69	70	51	76	9	56	54	58	56	54	27	79	36	42	15	94	95	17	5	26	65	69	31	82	12	38	17	2	100	61	46	71	26	54	
47	40	39	8	81	43	-1	60	53	3	90	8	88	23	79	52	71	19	44	51	48	39	71	58	51	33	69	81	57	1	73	22	32	3	7	69	47	57	69	46	59	9	83	83	81	3	90	1	70	34	
58	64	37	89	72	33	100	-1	91	93	32	50	16	57	38	55	54	94	13	28	99	13	9	68	49	5	73	23	17	1	18	47	13	40	75	64	43	47	18	12	3	67	98	95	49	64	10	35	54	5	
84	23	53	53	41	73	75	29	-1	57	90	27	18	2	61	28	54	86	42	3	58	44	8	61	71	66	24	61	70	65	49	2	28	80	13	68	37	88	25	19	75	59	68	60	87	10	68	75	80	9	
54	64	39	4	39	74	73	29	14	-1	80	90	55	64	50	70	97	25	92	83	51	5	34	87	45	27	40	22	21	84	26	89	65	100	22	92	82	81	100	89	23	20	63	6	57	12	30	61	11	28	
70	81	28	56	82	60	16	42	58	76	-1	8	22	5	66	82	25	41	25	49	42	44	26	55	11	68	4	71	85	54	47	1	72	12	21	35	46	80	44	55	38	40	100	99	21	52	56	27	48	13	
80	1	55	63	10	5	97	16	73	52	72	-1	22	97	55	51	63	29	16	75	89	41	12	82	73	56	45	18	87	84	9	69	98	36	27	51	59	51	34	36	100	73	17	52	79	67	2	37	100	38	
2	36	23	4	79	18	13	2	90	72	82	65	-1	43	32	88	8	71	18	22	82	2	28	3	100	69	37	51	28	14	44	62	47	49	84	76	9	25	70	13	35	67	75	22	66	86	62	75	49	4	
77	86	54	80	19	48	17	5	32	51	42	98	38	-1	56	94	74	67	90	51	90	75	59	91	68	79	73	74	2	90	15	47	83	7	69	5	13	67	85	30	77	36	4	23	7	22	24	85	81	97	
59	12	57	12	36	70	40	33	88	30	94	96	96	93	-1	92	16	70	93	21	43	33	73	28	78	84	4	96	17	69	97	29	47	58	58	46	6	28	47	56	44	68	26	74	69	75	85	38	9	40	
95	95	92	76	55	26	44	17	5	66	82	95	10	75	17	-1	43	10	23	59	52	32	80	16	24	78	96	80	2	17	53	80	77	43	67	73	62	56	65	88	73	34	88	25	6	72	26	33	53	8	
21	53	54	71	94	46	55	82	17	6	67	58	26	92	60	85	-1	14	22	38	87	22	21	10	46	11	67	70	70	83	89	10	48	55	48	52	45	81	61	43	93	40	73	16	80	1	98	53	93	16	
55	87	70	40	84	99	59	87	70	55	62	37	100	85	73	75	46	-1	56	74	7	81	47	16	2	83	71	23	49	12	68	22	60	33	86	55	80	44	24	35	43	9	61	2	5	15	98	53	37	97	
48	81	29	90	78	43	54	83	78	63	31	13	97	18	11	91	48	99	-1	33	65	20	27	16	37	52	55	91	72	50	6	10	61	34	24	98	65	30	54	18	66	55	47	30	74	84	7	36	14	49	
98	73	72	41	74	13	20	60	53	58	78	91	5	34	76	96	97	87	77	-1	46	81	22	3	13	60	23	57	90	73	80	60	65	47	36	84	18	2	51	33	82	63	95	58	54	42	56	92	73	65	
59	95	82	39	3	74	100	54	74	60	85	86	95	72	73	80	16	49	67	21	-1	21	64	80	91	9	42	55	96	29	4	73	64	3	78	46	37	5	8	59	53	6	39	94	69	36	63	11	99	62	
75	20	65	20	78	47	43	73	81	27	100	16	85	4	98	62	18	95	32	79	8	-1	36	81	99	45	90	61	71	63	88	77	80	67	58	16	88	86	48	64	42	91	80	7	86	50	38	74	41	31	
31	33	18	90	74	1	27	90	59	59	74	79	41	22	2	56	7	78	100	44	37	2	-1	1	49	44	87	51	31	47	69	32	30	7	7	53	82	50	46	79	14	7	79	54	95	9	82	84	70	48	
9	44	17	8	40	22	58	97	65	90	100	67	100	18	90	95	69	25	25	34	52	46	85	-1	16	53	70	7	27	4	37	30	73	87	81	84	52	100	4	86	65	52	31	10	2	13	40	47	12	90	
14	34	35	23	1	36	24	72	48	24	97	6	97	51	59	10	11	69	56	4	67	26	58	14	-1	39	56	53	28	29	30	92	27	39	38	25	35	11	23	78	42	88	30	22	78	57	13	64	92	10	
5	10	45	25	1	2	1	18	82	86	39	10	66	85	24	64	11	76	32	2	100	13	57	3	23	-1	34	77	37	21	62	6	56	38	69	19	11	27	68	50	15	5	2	68	58	39	53	77	91	71	
57	61	18	81	43	98	72	45	65	62	76	42	76	71	8	27	17	94	88	84	80	85	83	92	34	80	-1	14	66	14	2	61	82	38	75	68	9	31	64	57	83	15	3	7	4	9	33	96	37	74	
5	38	77	42	50	18	15	44	7	70	90	63	2	61	50	53	94	80	21	25	45	51	2	12	62	85	100	-1	19	54	88	86	24	90	69	9	10	40	19	99	30	85	77	47	43	66	44	29	68	42	
41	16	85	12	96	45	52	13	59	45	73	83	66	97	83	59	46	77	84	8	62	7	18	54	12	70	52	70	-1	45	83	53	46	60	22	55	24	4	64	99	94	64	55	91	88	43	75	67	25	93	
36	84	55	32	83	6	85	38	54	65	10	2	54	35	36	4	91	95	30	27	95	77	49	61	71	72	93	49	30	-1	24	100	21	74	10	71	49	16	85	95	48	87	6	34	59	96	14	46	2	44	
82	94	24	47	82	92	38	27	34	37	16	92	67	71	34	71	46	64	12	37	15	28	53	85	51	9	37	40	17	45	-1	66	56	70	67	31	43	71	74	2	90	44	50	16	33	74	60	94	36	25	
32	26	26	19	4	94	61	56	24	32	31	42	73	71	36	68	59	89	83	34	78	86	17	83	14	32	31	59	57	18	72	-1	25	21	2	40	23	79	62	22	93	88	75	56	48	5	77	14	97	92	
82	12	61	61	81	62	45	62	16	16	96	55	17	11	44	36	93	9	82	73	46	1	86	94	11	47	95	55	78	88	95	11	-1	97	53	74	51	100	8	11	50	33	28	95	54	89	46	28	29	26	
16	16	17	22	60	36	25	19	16	43	5	79	50	16	84	99	42	95	8	50	31	9	49	51	13	98	53	90	32	71	44	66	82	-1	14	72	89	26	61	12	60	20	80	40	19	50	94	59	91	56	
42	31	60	4	16	57	81	69	79	90	1	85	83	9	57	45	26	74	40	16	66	10	94	90	67	48	24	70	15	75	18	22	69	89	-1	13	58	58	84	72	68	45	71	62	50	58	3	10	16	73	
59	86	44	100	60	60	7	22	89	74	49	45	58	99	40	59	87	90	21	77	99	83	28	31	5	100	98	35	96	18	87	71	66	36	17	-1	61	22	34	93	2	22	14	92	2	50	59	27	96	67	
23	18	63	54	47	11	43	40	68	29	37	6	76	63	37	5	85	75	67	76	74	18	60	49	7	30	81	16	66	37	64	37	3	96	22	57	-1	35	24	52	24	9	40	74	42	53	55	53	22	86	
47	13	86	33	94	46	32	75	55	98	40	27	45	75	15	47	3	76	31	60	20	58	45	92	53	97	63	60	91	65	34	51	59	78	7	82	79	-1	82	80	95	88	49	57	54	96	77	51	26	80	
63	94	78	30	97	90	5	87	46	51	50	8	87	93	79	34	60	76	26	75	50	64	73	11	10	25	73	84	82	30	5	26	70	72	80	94	33	52	-1	99	87	5	4	15	21	65	18	98	53	2	
21	48	98	32	30	69	3	45	54	10	80	70	13	36	5	97	22	71	32	67	27	78	63	10	43	86	90	42	7	22	26	64	54	70	38	43	56	67	65	-1	94	73	69	100	49	89	66	10	64	47	
58	77	29	11	39	82	46	40	4	88	29	82	24	28	54	39	20	33	98	28	41	67	17	66	59	73	31	25	27	59	35	73	58	4	48	75	70	76	11	55	-1	48	30	68	12	71	56	96	95	35	
98	75	96	58	36	55	33	99	2	57	51	80	35	94	78	94	33	88	89	14	70	54	100	42	44	34	97	81	73	66	59	95	62	21	84	8	28	30	65	14	72	-1	33	73	9	43	73	28	31	65	
78	95	8	51	39	6	80	2	99	40	98	35	16	92	47	92	12	86	36	28	15	35	4	77	1	61	53	57	16	5	41	43	8	2	7	68	15	26	32	25	71	19	-1	27	94	54	67	52	40	92	
96	81	15	99	75	72	59	63	92	9	8	55	81	35	55	8	94	64	95	8	32	38	72	54	8	28	63	32	51	41	34	69	16	3	29	16	97	99	34	93	77	68	88	-1	66	14	65	34	33	51	
19	38	32	16	19	52	84	88	16	81	87	63	55	79	83	12	24	39	20	5	8	32	93	34	39	22	46	14	60	27	74	96	67	64	78	22	31	48	65	43	100	84	69	70	-1	42	26	10	89	50	
8	78	19	24	95	65	45	62	89	33	79	20	54	89	18	65	2	21	45	5	92	98	61	43	37	11	97	53	4	87	22	81	60	41	78	18	6	12	67	60	69	89	91	84	52	-1	65	77	56	3	
55	74	82	24	17	30	70	31	66	88	52	51	52	25	10	52	75	11	31	66	98	92	85	35	52	87	37	32	22	37	45	55	19	77	5	65	55	77	24	86	97	39	8	89	74	44	-1	85	27	27	
34	15	82	23	12	47	86	80	90	67	86	80	30	91	35	69	78	31	78	77	63	78	51	51	66	97	78	58	96	9	97	61	11	25	6	19	27	43	18	12	10	37	14	59	24	11	82	-1	77	89	
51	7	81	24	24	69	58	72	34	60	70	37	78	98	25	30	26	70	82	36	96	56	99	9	51	65	75	94	80	32	63	38	2	5	29	60	81	8	97	46	12	89	80	23	82	31	11	98	-1	57	
87	8	76	20	51	47	4	86	30	44	13	95	81	63	8	60	3	51	11	89	5	27	64	63	61	83	14	26	55	99	8	63	40	93	23	83	15	7	95	62	14	50	61	48	54	97	4	72	81	-1	
