50
-1	91	41	34	84	84	28	5	1	90	82	85	12	75	46	58	42	5	39	55	69	14	29	66	28	31	10	76	91	6	79	88	84	63	13	85	50	2	24	12	59	83	96	62	98	53	45	38	6	43	
81	-1	14	64	32	92	79	33	27	77	30	88	15	38	100	56	83	44	97	77	24	40	9	83	9	28	14	72	35	26	22	32	54	22	69	54	12	19	22	60	85	25	30	97	11	40	31	50	51	86	
25	47	-1	31	28	39	96	5	2	97	91	80	71	34	39	61	12	32	62	53	76	85	95	49	87	5	67	54	64	69	69	51	85	38	51	71	6	75	7	19	26	74	86	80	58	53	12	40	86	56	
16	15	65	-1	19	13	7	50	54	17	37	96	23	9	15	99	7	61	57	60	76	62	83	64	18	69	26	72	84	29	79	31	37	96	94	58	62	90	68	52	54	15	82	18	25	98	91	77	17	94	
31	16	95	28	-1	46	63	72	29	44	68	23	97	18	88	6	55	86	69	11	91	18	51	53	6	78	55	98	21	43	55	20	41	39	68	7	73	38	60	89	100	21	72	21	49	46	85	76	60	47	
72	89	47	31	60	-1	6	13	18	67	91	61	83	53	11	42	55	80	13	90	37	75	97	29	45	42	54	15	65	38	58	56	73	53	4	14	57	11	78	4	85	82	44	63	71	11	95	14	89	86	
100	98	69	84	95	5	-1	5	11	92	54	96	10	13	98	52	62	94	45	2	88	72	60	34	63	48	61	88	24	79	52	47	89	17	81	48	15	91	30	51	43	88	82	72	26	69	86	76	56	85	
19	80	94	1	36	51	16	-1	59	25	88	6	16	28	35	96	4	84	97	15	66	19	36	10	61	16	11	59	29	32	65	90	93	44	61	91	49	36	87	43	54	83	85	55	97	95	92	52	20	78	
91	86	44	28	44	51	80	95	-1	79	99	73	93	76	62	91	25	28	85	74	41	58	21	33	21	97	92	87	80	22	33	86	63	88	82	20	94	92	44	44	91	58	62	86	72	95	2	79	93	9	
9	79	41	80	57	55	93	2	24	-1	25	91	61	59	45	3	27	8	99	32	94	99	3	69	78	14	96	81	40	11	44	4	20	47	2	75	1	37	33	43	19	77	24	80	45	13	30	87	28	59	
57	34	64	1	37	20	85	73	34	77	-1	29	61	66	82	25	2	92	56	1	75	42	77	19	97	72	44	6	53	1	66	31	17	45	37	16	34	47	32	77	13	9	31	48	24	15	76	32	64	36	
46	60	61	11	65	56	49	96	26	12	37	-1	37	53	20	12	55	24	28	21	25	22	29	60	69	23	11	12	84	61	5	75	99	80	22	17	95	70	65	53	65	79	95	26	78	91	63	65	88	87	
79	20	86	32	1	90	1	78	100	4	24	78	-1	52	32	48	10	31	35	3	17	30	13	54	65	87	51	21	12	80	84	84	67	44	93	71	5	69	37	69	35	62	17	45	58	65	19	28	61	31	
81	7	57	51	88	80	62	17	50	54	16	36	25	-1	22	11	33	5	75	2	25	88	10	6	77	71	43	29	84	3	91	40	63	54	62	6	44	56	98	26	47	93	52	96	45	36	91	15	53	24	
55	57	41	10	68	87	56	22	43	15	2	42	92	64	-1	33	89	21	72	73	83	9	20	6	54	52	71	40	80	86	83	12	22	55	21	5	64	26	15	45	98	93	1	21	42	99	27	51	27	23	
92	86	86	48	56	87	11	46	21	34	46	76	36	82	70	-1	78	50	25	26	77	73	51	58	28	30	31	100	85	3	51	76	33	33	43	69	96	54	48	77	49	59	53	2	4	1	67	49	48	53	
86	96	20	90	19	3	45	78	34	64	30	12	7	48	38	88	-1	93	55	37	82	83	3	1	88	79	76	55	19	71	71	18	73	90	21	60	69	55	69	27	14	16	34	53	12	21	58	19	43	58	
58	66	85	15	11	35	40	2	44	85	41	98	52	28	47	22	42	-1	81	62	64	60	19	1	11	34	83	81	63	27	43	16	51	4	84	87	31	23	3	44	68	69	93	31	49	48	9	1	83	48	
34	65	54	84	20	63	37	3	56	38	100	8	39	87	29	46	98	86	-1	57	32	52	55	32	72	52	97	90	15	18	29	23	13	47	51	29	20	87	20	93	2	15	12	32	59	23	90	66	20	89	
64	76	34	19	89	2	89	41	92	22	76	67	87	40	69	57	71	26	50	-1	36	53	59	11	40	46	91	8	38	63	52	50	49	44	44	97	27	27	33	44	13	47	10	64	91	85	80	34	8	21	
47	56	70	74	35	66	92	92	9	53	81	34	58	43	5	63	45	88	97	7	-1	31	13	95	70	52	43	86	69	9	74	47	46	26	95	53	17	97	51	67	50	50	28	43	93	71	97	29	32	63	
81	68	32	83	28	24	50	10	17	69	10	2	47	35	93	97	55	39	16	9	41	-1	4	29	42	71	69	58	29	26	98	11	82	18	5	63	93	36	8	86	78	90	84	73	23	95	68	30	94	31	
69	30	47	29	48	84	81	20	99	44	83	35	64	68	50	76	100	94	78	42	94	86	-1	54	5	94	85	80	78	85	66	48	53	14	15	39	95	86	80	27	87	24	24	1	43	86	20	16	39	28	
8	72	2	43	75	29	71	24	34	64	82	98	52	23	55	64	88	57	3	11	95	72	86	-1	64	1	99	60	65	26	58	58	30	53	24	92	14	15	63	40	21	73	54	6	28	88	46	6	67	60	
29	41	59	52	77	31	28	39	77	80	72	90	89	87	65	38	2	39	16	89	80	28	22	44	-1	3	5	3	18	15	46	32	72	60	80	69	48	64	44	84	30	83	52	56	93	90	16	18	34	51	
29	24	82	35	23	23	89	16	20	54	63	57	50	87	54	4	14	57	33	23	79	87	63	13	44	-1	73	98	99	42	32	73	69	60	27	64	54	16	43	8	17	79	94	22	32	32	87	40	67	85	
49	26	8	97	86	85	80	44	50	41	30	61	72	80	2	89	16	46	57	1	90	64	74	30	2	40	-1	64	6	77	18	35	26	38	63	9	57	84	40	10	24	24	7	21	40	30	10	8	24	92	
53	30	8	33	81	75	40	3	72	45	93	24	6	78	88	63	24	44	29	46	1	16	79	70	91	82	17	-1	85	79	1	60	63	19	26	70	96	11	21	62	61	18	64	13	57	86	78	45	2	34	
67	11	24	99	91	91	40	97	52	30	9	32	71	11	76	58	65	59	26	35	94	73	79	58	11	58	23	66	-1	73	51	39	29	29	76	61	95	41	90	60	46	66	24	32	8	60	11	88	62	95	
14	96	28	28	95	1	49	7	23	99	48	74	51	3	87	78	100	89	79	24	33	60	65	66	11	3	39	59	81	-1	62	34	69	76	2	26	5	76	48	26	5	5	81	30	49	45	57	2	98	91	
38	69	46	55	12	30	19	43	69	90	40	61	35	54	33	62	30	62	23	50	12	1	23	9	24	39	78	13	11	9	-1	69	1	85	8	65	54	65	57	61	35	95	48	59	47	82	46	1	50	59	
27	61	3	60	99	83	33	8	28	20	95	10	25	39	9	73	73	48	40	71	11	92	13	8	33	84	82	92	19	87	28	-1	23	77	46	41	33	23	63	21	71	80	94	78	45	9	88	40	95	31	
82	78	25	35	80	67	86	89	3	68	21	84	37	86	47	92	92	54	47	53	17	51	71	39	21	7	77	65	60	82	42	78	-1	5	56	95	14	90	94	5	61	84	91	68	69	94	46	46	53	90	
90	21	82	92	1	92	41	46	78	77	9	31	95	24	39	32	10	91	47	84	58	59	48	79	24	73	14	1	6	61	63	48	79	-1	51	81	67	56	11	23	61	7	87	2	13	11	41	33	31	67	
95	42	95	94	69	15	52	26	85	100	36	96	23	23	26	76	10	30	56	68	59	76	6	62	59	83	79	61	55	8	50	5	63	87	-1	51	40	14	88	20	43	92	90	38	17	85	60	64	48	74	
90	38	93	93	92	74	34	50	68	71	15	79	40	21	54	28	15	81	70	27	21	13	73	22	89	15	8	26	66	82	56	26	31	57	59	-1	61	56	99	97	28	86	95	47	23	34	24	67	93	69	
43	97	35	94	12	70	41	48	39	75	15	89	21	76	27	40	89	93	98	11	38	13	96	12	89	30	83	85	56	80	39	5	31	33	52	85	-1	78	36	64	63	14	64	80	78	99	8	8	6	42	
29	33	65	28	63	71	94	91	79	83	57	59	84	50	24	4	62	54	64	58	63	5	6	12	20	36	40	53	99	74	39	24	1	53	55	88	83	-1	36	65	71	8	66	35	94	25	21	1	17	71	
70	99	7	65	89	98	1	95	24	76	68	22	8	54	75	82	99	76	17	92	24	64	31	35	68	38	6	97	17	96	60	85	56	16	7	5	15	2	-1	18	41	75	16	42	34	64	79	36	11	38	
88	1	35	98	43	6	17	18	43	17	53	49	73	56	28	23	37	45	34	19	59	29	49	14	54	28	77	35	91	41	70	27	76	39	37	39	67	28	10	-1	100	88	37	93	30	49	25	32	8	13	
28	21	19	87	31	45	84	9	55	15	91	5	63	5	50	55	11	44	95	42	65	42	21	75	20	77	84	11	87	29	70	57	82	26	64	52	61	91	90	30	-1	6	98	76	17	71	33	74	33	48	
24	57	27	13	13	46	99	40	44	6	96	26	55	94	8	42	25	17	30	45	20	92	24	76	60	5	72	31	10	100	50	64	99	53	47	36	54	98	85	16	60	-1	100	51	26	49	20	34	64	45	
80	7	17	36	41	31	43	27	3	85	45	92	11	3	86	7	93	84	30	70	58	48	84	39	11	68	39	52	79	31	16	7	93	17	35	74	14	16	70	5	2	24	-1	12	38	52	19	59	42	87	
89	91	69	61	4	63	50	91	15	45	44	95	24	50	79	73	4	97	12	42	6	65	22	72	62	63	82	90	55	41	50	87	94	11	27	4	62	23	48	99	41	92	41	-1	13	32	35	49	44	86	
94	28	50	57	20	64	28	86	96	54	18	58	41	64	22	80	18	24	39	88	79	43	68	73	28	58	73	4	85	29	69	65	86	71	81	85	11	30	56	96	74	91	83	76	-1	83	67	91	34	37	
43	73	49	95	61	37	16	66	53	66	78	65	79	21	20	97	57	44	3	26	7	49	1	25	1	94	45	75	69	3	89	90	70	7	2	55	19	55	16	48	16	45	28	59	82	-1	75	72	51	42	
66	50	73	72	74	55	77	60	79	2	6	60	42	91	35	95	32	37	88	17	78	35	52	40	85	18	96	7	88	56	36	81	32	95	72	85	76	93	22	11	93	42	78	85	95	62	-1	26	43	61	
33	40	43	65	13	88	57	87	75	86	74	84	84	8	72	86	65	59	94	34	24	52	71	49	21	13	8	59	37	53	77	65	34	4	37	52	96	30	35	39	19	59	27	62	80	87	77	-1	27	52	
23	98	41	38	59	60	46	60	45	17	73	65	66	95	9	13	93	26	53	50	85	9	24	66	58	94	98	45	25	61	80	8	62	86	24	2	99	98	45	38	60	79	14	33	19	99	44	69	-1	97	
92	49	46	92	20	11	60	74	86	41	94	42	63	60	14	62	99	25	28	29	45	29	63	57	88	33	45	31	94	47	30	93	1	99	37	25	13	63	42	17	9	47	84	54	89	72	45	21	95	-1	
