50
-1	17	73	67	28	39	4	20	54	91	82	50	88	86	85	6	6	1	82	19	97	32	12	10	45	43	85	78	81	79	5	89	86	22	72	2	13	7	27	12	74	88	3	60	93	52	17	7	78	27	
57	-1	78	91	64	64	25	71	2	43	28	20	34	91	96	42	100	5	55	66	88	91	83	32	63	76	41	57	94	6	83	15	58	15	70	14	57	88	18	14	100	54	86	54	17	61	88	45	50	97	
72	92	-1	59	49	92	31	65	17	73	27	51	93	40	91	14	50	63	21	35	3	25	20	88	52	98	3	59	74	60	5	13	15	43	31	59	51	87	29	49	87	36	28	20	45	65	7	22	40	57	
5	15	22	-1	66	55	26	55	10	55	52	75	24	12	36	75	78	26	81	40	60	100	76	89	42	48	89	58	94	83	18	5	16	94	69	51	9	72	79	54	65	69	50	10	72	10	76	70	63	26	
76	89	56	9	-1	17	40	67	15	33	93	75	91	80	8	40	88	92	97	6	79	87	90	74	6	54	82	79	1	97	3	77	48	85	96	65	72	49	66	55	25	24	32	75	54	85	25	58	19	73	
85	21	100	65	10	-1	79	99	31	96	39	68	98	54	100	10	75	91	28	57	56	73	15	77	19	26	13	86	96	44	32	94	55	77	6	15	34	10	55	81	67	75	56	82	60	52	76	69	67	62	
1	87	29	13	53	8	-1	2	16	18	17	7	98	23	86	7	92	90	55	89	31	74	91	42	11	20	68	66	100	49	16	77	27	25	3	100	45	75	58	12	72	3	64	90	30	92	39	52	46	19	
73	31	87	44	36	57	56	-1	36	38	41	82	31	49	8	100	86	1	10	77	87	35	82	61	64	67	58	28	98	37	11	16	91	41	39	77	69	59	40	55	56	56	84	58	62	66	89	53	22	29	
39	61	27	19	67	7	13	13	-1	31	61	32	60	19	5	80	83	62	6	85	41	6	83	84	5	36	1	50	36	3	88	83	23	6	25	97	58	44	35	11	84	100	40	20	63	77	13	16	11	92	
60	28	34	64	40	5	23	8	30	-1	67	31	95	3	7	71	8	10	67	3	17	92	32	74	2	85	81	4	5	1	74	88	92	2	3	90	77	27	53	100	25	37	89	59	65	22	41	44	45	72	
72	43	13	90	70	100	76	1	6	41	-1	82	92	77	67	3	72	40	64	70	99	42	45	79	31	17	31	35	99	85	39	60	69	44	70	16	2	63	66	71	30	49	39	77	34	35	84	4	27	40	
86	54	76	6	89	73	31	89	96	88	80	-1	54	36	69	47	15	44	68	27	37	96	43	67	61	61	17	75	35	63	48	94	68	82	66	43	59	82	84	98	74	38	62	76	46	35	65	25	85	64	
98	29	94	29	23	77	30	13	19	88	49	48	-1	62	85	22	53	34	39	96	58	27	74	41	77	54	92	40	24	44	36	50	64	1	65	56	99	79	10	72	65	91	40	97	3	83	85	32	67	41	
4	28	43	27	13	89	5	83	91	96	42	77	86	-1	38	46	19	86	94	52	92	21	3	94	64	28	51	43	19	61	25	63	63	3	85	43	83	10	17	82	58	1	94	82	45	34	45	19	56	72	
92	57	78	50	39	44	94	43	59	5	17	89	96	51	-1	33	31	10	87	32	42	91	71	82	10	58	56	99	9	99	59	9	32	18	37	96	10	61	99	94	37	25	45	69	26	7	73	43	8	27	
58	22	96	42	5	80	3	65	100	68	57	24	46	61	32	-1	56	34	47	60	83	75	36	58	98	39	73	35	49	14	37	18	44	90	72	4	66	88	100	23	5	30	52	33	49	63	58	7	70	42	
70	5	50	27	79	15	8	82	66	96	46	90	85	74	53	5	-1	75	75	22	60	81	10	83	85	58	37	60	63	61	14	8	10	14	59	7	80	76	11	4	92	59	65	22	56	86	47	90	12	66	
32	8	29	55	33	24	59	70	82	83	2	33	75	2	6	67	52	-1	96	62	35	10	51	35	6	43	65	2	58	42	12	3	22	39	15	42	75	19	30	62	78	23	72	40	83	69	96	50	56	88	
63	69	23	41	91	100	99	41	99	90	42	17	89	62	22	76	3	80	-1	53	92	23	27	75	28	81	5	86	76	86	82	17	17	46	37	28	23	22	63	39	52	8	49	73	66	38	52	59	64	29	
96	92	73	37	37	4	46	65	29	4	33	49	97	96	33	87	33	99	72	-1	50	83	34	75	80	47	7	41	64	31	60	70	47	11	49	73	90	66	70	64	7	79	21	39	43	77	42	44	93	35	
8	69	5	10	99	58	67	88	62	21	81	37	66	75	50	52	44	100	17	68	-1	64	86	61	96	82	22	78	52	14	32	100	49	82	49	94	78	55	25	86	44	8	82	90	31	89	65	90	46	48	
27	65	24	76	60	42	20	23	39	76	11	42	95	47	56	42	80	5	40	33	81	-1	51	58	9	60	40	24	44	46	56	56	25	49	68	62	6	11	66	63	31	73	79	93	66	40	4	39	63	58	
45	36	2	5	47	75	50	87	62	86	60	62	30	51	100	58	5	2	28	75	81	4	-1	59	36	74	24	67	52	38	84	14	8	4	62	41	57	87	47	42	24	99	67	36	71	2	3	85	11	72	
44	23	34	67	29	78	69	64	50	65	61	17	45	50	46	17	29	99	74	49	58	54	23	-1	49	41	81	43	50	84	47	54	81	47	13	82	36	92	17	7	71	36	87	10	10	83	56	50	72	39	
71	71	15	64	78	34	23	98	74	26	28	5	83	33	92	52	94	22	68	82	31	46	62	70	-1	1	84	11	94	4	98	70	10	23	76	60	56	29	35	13	19	72	10	15	48	76	20	81	92	2	
70	39	27	65	10	89	88	85	49	89	74	21	57	61	15	24	94	28	95	48	29	95	67	39	1	-1	58	27	35	78	9	80	79	87	94	22	87	88	84	49	52	80	4	59	64	91	78	13	60	40	
62	49	98	53	61	64	42	46	71	63	24	39	82	19	80	80	3	69	56	91	31	67	29	65	21	20	-1	8	61	37	50	83	10	36	50	100	34	83	44	94	6	33	12	34	23	21	32	59	97	11	
2	89	64	94	36	78	69	66	66	90	18	71	92	88	76	57	70	34	60	17	68	10	52	88	33	45	83	-1	35	94	85	35	91	62	25	10	53	77	71	71	33	74	33	10	22	25	44	55	65	16	
67	83	35	80	51	100	44	56	94	98	10	34	61	33	13	25	29	93	4	94	21	91	48	89	22	50	56	19	-1	63	78	96	34	91	84	89	76	16	10	77	47	77	40	16	32	36	75	15	35	24	
73	24	42	12	30	37	98	97	73	15	66	60	50	22	34	28	70	52	7	10	91	95	7	45	14	71	92	97	26	-1	36	7	87	7	75	35	7	99	22	88	89	47	29	12	59	57	80	69	79	41	
70	11	80	90	39	8	75	47	45	65	37	25	7	63	21	10	98	67	71	22	61	14	50	65	36	20	94	30	36	58	-1	15	30	49	78	83	72	79	58	99	31	21	96	27	24	66	53	56	26	86	
23	11	32	73	69	62	82	98	73	2	74	91	59	53	28	67	17	11	7	88	36	76	55	30	10	8	88	12	6	5	96	-1	45	39	80	76	82	17	58	50	86	44	30	79	45	30	76	55	26	59	
35	17	3	24	86	97	22	89	64	60	77	14	78	19	33	39	29	78	72	58	69	82	24	57	63	8	99	69	86	92	4	54	-1	96	30	58	4	34	4	60	97	86	24	93	8	75	91	21	30	91	
38	95	27	40	81	84	88	32	69	79	6	43	82	99	36	45	20	55	33	84	41	56	92	70	80	24	58	83	37	28	78	2	73	-1	35	29	50	51	18	32	3	83	19	77	100	97	90	63	39	73	
28	98	55	78	6	44	90	5	98	98	51	72	60	97	73	6	76	77	61	88	30	42	84	17	46	24	65	2	69	77	77	89	11	29	-1	56	6	54	15	55	86	11	69	15	80	68	56	57	74	34	
77	97	49	72	87	60	47	19	85	69	24	48	39	64	74	67	88	58	50	92	15	56	56	55	51	70	65	52	42	77	91	89	13	72	21	-1	12	20	19	93	36	74	5	51	18	64	80	82	59	77	
50	56	97	13	51	57	27	19	32	100	96	1	2	51	22	39	87	85	30	88	92	24	52	5	84	35	21	22	76	80	53	98	16	38	91	92	-1	40	47	13	27	14	80	32	23	71	58	43	41	73	
47	63	18	52	52	27	95	79	21	81	99	81	9	8	55	27	68	15	94	32	26	74	25	48	66	8	94	65	27	33	77	11	13	53	57	42	95	-1	17	67	18	80	68	72	30	60	20	94	47	81	
58	9	43	72	67	70	89	77	88	12	40	18	1	41	80	15	2	10	15	59	10	11	52	49	71	1	64	29	81	25	66	5	90	82	96	7	78	22	-1	54	97	85	65	55	3	21	30	78	43	84	
65	31	19	30	21	57	22	94	66	98	96	83	34	25	64	33	13	20	35	29	9	46	66	25	95	82	34	39	79	61	23	97	62	25	68	29	94	70	25	-1	89	2	57	82	18	35	31	11	53	86	
86	66	75	62	62	25	53	60	99	4	58	58	78	35	15	29	69	40	59	98	79	10	25	63	68	90	42	53	37	24	4	4	39	26	31	19	54	73	30	78	-1	19	21	85	73	33	89	32	81	12	
49	8	69	67	55	52	55	40	97	44	11	66	14	84	93	98	51	19	82	65	70	26	79	5	67	26	1	21	59	91	20	78	87	57	78	71	70	4	71	81	25	-1	10	39	88	50	11	63	88	87	
86	60	31	41	71	84	51	72	84	22	63	44	79	32	62	88	24	39	23	27	27	26	78	44	29	67	35	62	48	79	77	60	16	33	42	1	99	32	65	11	63	52	-1	66	9	70	58	1	3	22	
94	42	88	87	18	92	2	54	64	96	77	43	57	4	73	57	44	47	30	36	17	28	37	31	10	99	41	87	25	38	21	68	28	36	47	95	33	86	21	67	66	19	16	-1	92	100	18	75	21	14	
85	1	85	17	60	45	56	86	54	92	98	79	26	47	41	93	10	92	82	13	37	71	22	81	3	26	7	34	6	92	56	64	54	17	97	65	20	43	70	70	78	74	91	54	-1	25	98	84	76	56	
37	90	80	92	68	98	21	77	19	48	33	65	95	6	16	6	6	78	13	76	19	73	59	43	64	34	35	98	2	11	39	21	96	14	47	40	34	78	29	60	67	91	26	98	33	-1	47	31	54	60	
75	1	42	38	62	85	46	97	12	30	54	25	65	40	46	4	62	13	45	75	44	90	25	3	28	65	14	100	24	4	66	100	24	20	63	7	67	15	75	70	55	99	4	89	85	12	-1	94	30	26	
64	74	6	7	92	40	54	68	50	32	3	11	37	33	5	5	48	98	82	85	55	41	73	48	18	73	53	49	91	54	68	78	2	40	20	47	91	92	77	65	72	9	90	81	64	39	20	-1	18	15	
9	96	9	79	77	64	88	54	20	58	64	13	70	77	74	88	26	88	72	79	29	22	60	4	13	58	43	26	94	12	75	74	36	92	33	64	10	55	21	24	82	19	34	53	45	38	19	66	-1	25	
94	62	83	89	71	74	42	47	14	99	99	23	81	41	29	92	58	83	58	89	89	8	4	2	32	31	20	39	33	67	32	36	98	89	72	65	28	41	2	60	6	23	27	53	87	90	71	29	95	-1	
