100
-1	51	86	30	12	2	72	9	40	55	4	70	73	84	92	35	20	83	78	60	72	35	7	27	66	75	41	41	75	26	53	15	39	58	57	98	18	7	74	87	76	54	22	6	45	81	8	30	86	93	39	18	37	11	84	65	79	87	14	43	20	18	72	70	42	49	50	32	77	50	8	47	31	39	32	8	84	69	60	37	76	39	51	81	12	19	16	37	61	52	83	96	91	89	77	22	53	45	2	78	
51	-1	69	51	65	41	39	27	10	38	33	50	78	96	50	26	56	48	27	26	95	40	61	29	81	28	65	68	42	6	96	37	59	49	42	89	97	37	57	74	81	23	69	9	85	35	92	34	8	81	47	58	2	12	43	40	50	31	21	7	37	38	78	26	16	29	48	37	84	52	93	11	7	87	77	65	30	62	33	82	38	79	44	63	84	78	27	89	49	98	77	81	61	50	29	83	42	95	6	54	
86	69	-1	71	16	10	43	71	89	38	20	24	65	30	31	59	34	90	82	45	46	84	17	75	19	51	90	70	90	95	25	55	57	9	93	93	78	58	81	58	87	75	34	75	84	59	48	22	42	61	79	54	37	7	72	10	84	100	60	21	23	45	40	46	61	54	61	14	35	71	78	38	68	11	96	15	75	80	10	63	63	36	5	6	89	77	77	41	47	16	68	29	91	67	55	23	81	66	27	63	
30	51	71	-1	65	38	26	22	88	41	14	9	6	41	64	90	21	65	9	57	56	87	97	36	98	95	89	35	59	100	6	35	27	16	11	27	30	67	28	35	100	62	87	48	66	74	35	60	40	98	22	96	72	60	67	75	87	68	17	45	3	74	39	8	37	7	64	54	4	85	88	11	58	74	76	16	53	34	18	8	12	24	73	34	23	31	100	51	68	4	4	94	16	67	35	85	53	78	86	89	
12	65	16	65	-1	17	42	91	64	79	81	92	94	53	62	86	47	25	2	45	79	76	59	47	32	60	76	95	7	72	80	21	15	46	6	11	39	40	4	25	18	47	54	44	25	32	18	83	95	100	62	79	36	78	53	1	96	79	58	58	73	29	33	94	96	52	39	88	36	33	92	85	44	79	39	59	77	4	14	28	95	23	66	39	100	63	13	30	5	5	58	16	13	25	66	61	99	75	25	96	
2	41	10	38	17	-1	8	100	46	76	22	89	14	58	83	67	49	14	52	48	15	12	99	78	87	5	94	22	62	86	3	18	70	68	13	83	15	1	48	96	94	41	12	27	60	85	2	67	45	8	96	25	81	47	85	51	47	43	80	10	84	39	49	11	26	35	65	44	2	59	39	59	15	33	83	3	33	75	54	67	72	83	61	40	4	11	43	94	48	63	86	81	14	40	89	56	67	24	99	58	
72	39	43	26	42	8	-1	75	55	94	9	42	44	86	31	84	52	24	43	23	54	62	71	27	33	16	35	67	98	84	79	6	8	18	88	42	36	99	57	64	93	88	12	64	37	45	22	43	34	87	22	78	78	56	72	100	64	41	50	68	47	58	16	88	56	93	93	94	14	66	5	33	36	89	21	51	89	68	51	100	58	15	14	1	83	49	86	69	77	53	64	99	23	69	68	58	84	69	38	46	
9	27	71	22	91	100	75	-1	7	75	99	52	72	61	68	95	79	36	96	24	91	44	42	11	72	89	61	23	39	12	83	64	9	88	76	47	19	26	71	9	6	78	1	23	11	65	1	78	96	12	64	15	19	99	14	45	90	2	9	18	7	74	100	82	30	99	14	58	78	72	89	48	41	44	40	24	22	52	21	62	99	1	27	76	86	39	51	95	20	26	5	46	61	92	52	99	86	63	24	32	
40	10	89	88	64	46	55	7	-1	100	12	74	15	16	16	9	97	64	38	38	37	93	54	93	17	97	49	59	73	55	76	95	2	72	77	93	41	48	55	40	77	50	45	19	46	12	14	66	22	51	100	82	69	21	99	98	80	44	71	23	43	94	17	87	19	33	69	61	57	65	91	4	72	83	96	72	1	81	7	37	85	59	41	95	54	100	44	14	46	10	83	47	21	10	83	55	1	31	37	6	
55	38	38	41	79	76	94	75	100	-1	82	56	36	50	99	44	55	58	55	50	38	81	5	85	29	75	34	54	42	77	99	35	53	84	78	50	28	72	84	75	12	98	70	82	97	16	44	37	4	87	5	52	31	49	5	17	25	29	75	14	88	56	59	53	11	64	3	35	48	10	44	32	18	88	95	47	58	33	60	21	55	84	4	62	55	35	46	98	16	80	95	53	91	49	50	18	15	73	8	93	
4	33	20	14	81	22	9	99	12	82	-1	14	74	92	59	76	71	87	57	84	5	7	80	78	90	17	29	53	22	24	1	54	70	96	18	37	57	95	10	21	41	57	59	78	34	10	4	32	33	24	99	17	60	45	23	11	60	39	8	85	66	39	17	84	22	71	94	56	45	27	98	39	50	29	78	4	59	48	6	97	37	6	95	12	66	6	50	14	33	9	96	51	51	58	63	45	40	27	44	60	
70	50	24	9	92	89	42	52	74	56	14	-1	11	10	77	83	95	98	65	33	18	95	26	8	27	55	10	30	19	57	81	9	63	90	65	32	93	23	83	73	44	30	1	99	53	48	33	57	55	50	45	84	9	7	19	63	99	9	47	85	15	67	30	18	21	67	58	55	44	8	72	64	38	62	9	75	29	45	71	23	92	94	81	21	34	11	62	89	97	98	55	96	82	12	36	52	91	40	92	21	
73	78	65	6	94	14	44	72	15	36	74	11	-1	20	58	86	75	74	60	15	32	37	8	61	11	81	94	14	20	24	4	54	43	81	64	85	95	80	68	25	20	9	65	62	45	34	88	6	93	52	48	43	20	68	86	23	44	82	98	56	2	43	55	56	39	60	75	98	27	69	15	49	57	55	49	33	19	32	52	4	98	88	66	27	45	82	91	72	71	35	73	26	31	50	30	15	23	56	85	94	
84	96	30	41	53	58	86	61	16	50	92	10	20	-1	15	42	68	85	95	97	90	44	15	27	69	71	99	83	78	32	14	71	43	13	2	64	8	85	17	79	38	72	3	10	97	16	24	21	17	65	58	83	66	44	82	32	30	60	99	47	31	9	52	90	94	74	80	41	79	68	50	89	86	23	10	79	70	44	100	64	80	80	35	77	14	89	15	21	96	46	99	14	62	40	26	29	3	74	38	22	
92	50	31	64	62	83	31	68	16	99	59	77	58	15	-1	78	16	93	4	56	23	8	65	17	3	1	57	18	43	41	55	54	6	50	72	99	30	21	94	59	53	48	44	64	21	38	76	21	80	59	52	94	49	21	90	2	57	27	58	94	62	53	49	93	31	72	59	38	36	23	49	98	49	74	21	7	53	39	21	8	81	70	57	21	4	2	88	77	41	24	17	6	63	73	100	93	10	8	56	19	
35	26	59	90	86	67	84	95	9	44	76	83	86	42	78	-1	75	53	21	39	68	41	45	33	55	57	94	58	82	60	76	25	81	61	77	13	100	50	88	56	33	71	2	32	56	66	2	80	20	89	72	29	93	28	36	77	14	77	80	80	24	9	95	98	95	77	92	36	22	40	22	49	50	7	97	79	64	62	37	98	66	37	41	37	76	28	10	81	99	70	41	34	83	72	71	67	55	83	48	20	
20	56	34	21	47	49	52	79	97	55	71	95	75	68	16	75	-1	30	75	35	93	47	3	39	86	63	93	28	85	34	96	51	84	19	7	84	19	41	8	95	32	10	85	25	29	93	13	43	98	24	82	43	32	15	77	6	93	96	67	49	93	31	63	44	7	88	83	40	73	58	56	73	73	2	92	7	88	28	58	24	54	13	61	94	82	3	41	48	59	5	34	99	73	26	61	7	5	27	48	92	
83	48	90	65	25	14	24	36	64	58	87	98	74	85	93	53	30	-1	25	30	73	18	79	22	54	3	80	41	7	87	23	45	96	36	58	18	1	7	65	14	60	14	47	10	74	76	89	57	4	86	91	22	79	96	20	11	6	63	45	3	7	44	63	39	80	13	81	89	27	34	76	17	52	58	41	32	82	71	90	33	69	68	97	30	59	50	89	52	28	69	95	39	2	23	84	60	16	37	11	71	
78	27	82	9	2	52	43	96	38	55	57	65	60	95	4	21	75	25	-1	14	97	41	79	30	100	52	64	26	96	97	92	34	49	33	33	87	4	66	34	81	72	41	100	64	32	15	75	89	20	4	41	55	48	71	14	59	2	8	1	9	100	82	38	72	4	61	72	38	70	15	53	31	15	36	63	94	31	4	65	57	70	60	35	1	87	21	34	14	93	80	32	28	81	5	18	34	11	79	78	77	
60	26	45	57	45	48	23	24	38	50	84	33	15	97	56	39	35	30	14	-1	72	87	76	65	48	64	92	19	61	22	78	62	96	10	76	68	30	2	67	84	6	6	100	41	24	9	21	12	77	56	4	34	14	87	84	40	14	49	10	96	76	59	73	52	72	24	84	96	73	15	40	67	31	92	42	2	58	64	42	47	42	27	98	96	88	75	92	94	25	51	65	7	18	53	14	22	72	8	65	58	
72	95	46	56	79	15	54	91	37	38	5	18	32	90	23	68	93	73	97	72	-1	64	8	25	41	97	51	13	95	97	84	18	21	78	70	59	51	98	27	93	78	57	97	26	66	73	69	11	12	98	39	17	85	99	21	35	94	65	63	66	26	70	10	57	1	25	59	15	76	96	75	54	53	18	88	57	49	10	55	5	74	92	60	92	38	23	10	58	92	58	11	72	69	54	34	42	56	51	43	83	
35	40	84	87	76	12	62	44	93	81	7	95	37	44	8	41	47	18	41	87	64	-1	46	55	35	12	89	16	93	9	54	50	79	23	4	20	21	39	35	62	18	17	49	31	17	65	24	44	32	65	40	60	6	71	30	21	78	82	73	91	49	91	47	60	29	23	43	20	8	93	30	93	78	81	52	78	35	30	81	47	3	59	16	53	100	42	90	100	61	53	98	16	31	3	87	23	44	73	11	59	
7	61	17	97	59	99	71	42	54	5	80	26	8	15	65	45	3	79	79	76	8	46	-1	42	15	67	41	39	93	70	50	62	13	66	57	64	96	60	32	48	53	20	70	60	53	6	93	86	36	91	73	21	50	70	37	47	89	48	12	70	98	50	71	58	18	63	45	19	87	89	94	12	52	8	1	39	49	48	95	25	70	42	25	72	37	30	54	19	54	11	64	94	55	12	57	23	4	82	35	60	
27	29	75	36	47	78	27	11	93	85	78	8	61	27	17	33	39	22	30	65	25	55	42	-1	21	70	8	18	38	64	35	81	18	52	91	69	46	16	7	65	60	10	6	22	79	84	100	90	93	97	96	60	20	97	31	95	58	43	68	35	7	2	6	88	11	95	47	70	92	50	67	19	80	43	25	55	83	89	75	17	16	47	72	43	78	43	89	23	65	65	72	31	12	57	57	50	17	96	65	20	
66	81	19	98	32	87	33	72	17	29	90	27	11	69	3	55	86	54	100	48	41	35	15	21	-1	27	42	65	76	4	71	7	23	83	80	27	92	67	57	33	78	5	49	9	26	86	31	14	9	93	30	16	8	3	51	76	78	96	55	81	94	77	49	12	34	15	68	7	51	99	28	63	78	25	73	11	6	2	21	24	15	49	80	26	26	6	69	47	10	66	74	39	86	54	42	68	64	38	30	15	
75	28	51	95	60	5	16	89	97	75	17	55	81	71	1	57	63	3	52	64	97	12	67	70	27	-1	82	71	10	42	59	19	69	95	20	5	56	61	91	5	63	13	84	74	72	40	14	62	85	47	52	25	28	35	93	72	1	35	28	48	94	18	4	91	17	45	12	90	35	17	86	40	64	52	17	58	91	86	59	68	31	66	44	94	30	38	36	94	77	67	83	5	52	36	71	32	24	94	41	30	
41	65	90	89	76	94	35	61	49	34	29	10	94	99	57	94	93	80	64	92	51	89	41	8	42	82	-1	70	84	52	59	25	31	82	19	35	13	21	87	52	66	69	34	80	67	82	4	86	23	29	23	33	6	14	31	62	20	93	68	49	50	77	58	88	59	19	92	94	49	39	51	49	36	16	29	91	80	52	89	81	3	99	90	96	6	62	28	95	20	2	93	41	7	16	20	21	54	88	86	99	
41	68	70	35	95	22	67	23	59	54	53	30	14	83	18	58	28	41	26	19	13	16	39	18	65	71	70	-1	86	95	49	53	49	34	34	54	95	71	34	77	83	49	1	81	46	47	90	84	43	21	96	25	7	66	57	19	21	5	16	63	48	35	57	84	55	84	46	33	38	2	74	51	28	18	24	73	100	69	5	16	79	94	78	58	6	24	2	6	12	70	39	41	63	48	78	31	60	21	68	13	
75	42	90	59	7	62	98	39	73	42	22	19	20	78	43	82	85	7	96	61	95	93	93	38	76	10	84	86	-1	59	12	74	41	44	68	72	63	75	31	90	7	42	80	47	7	56	87	47	2	64	70	18	65	51	54	5	5	47	48	81	13	44	100	86	81	60	13	61	59	42	6	49	2	55	97	50	88	41	62	71	20	91	78	58	15	37	45	54	82	15	56	100	5	12	39	85	31	85	18	83	
26	6	95	100	72	86	84	12	55	77	24	57	24	32	41	60	34	87	97	22	97	9	70	64	4	42	52	95	59	-1	14	43	70	9	39	61	43	44	89	14	20	15	35	27	54	3	16	7	48	32	99	50	22	86	69	11	5	7	81	73	71	100	54	81	39	91	53	82	39	92	83	89	72	74	83	22	46	40	67	14	97	71	87	79	10	7	30	93	74	78	81	66	12	55	90	24	61	70	5	25	
53	96	25	6	80	3	79	83	76	99	1	81	4	14	55	76	96	23	92	78	84	54	50	35	71	59	59	49	12	14	-1	93	63	49	47	63	69	65	38	85	94	16	79	90	60	70	86	72	34	60	2	93	43	11	19	32	94	3	8	88	15	85	46	65	36	79	73	9	44	4	22	25	32	88	84	32	11	36	31	76	84	5	22	48	45	9	35	44	69	27	1	75	49	12	13	34	28	46	9	30	
15	37	55	35	21	18	6	64	95	35	54	9	54	71	54	25	51	45	34	62	18	50	62	81	7	19	25	53	74	43	93	-1	98	56	69	72	95	18	83	98	27	70	94	13	76	91	97	93	45	45	68	17	10	69	35	15	21	99	14	2	31	97	69	82	60	37	57	51	98	54	54	98	69	79	3	60	75	57	7	49	98	50	53	33	82	82	10	4	39	85	17	87	12	60	32	20	77	56	13	74	
39	59	57	27	15	70	8	9	2	53	70	63	43	43	6	81	84	96	49	96	21	79	13	18	23	69	31	49	41	70	63	98	-1	30	21	51	10	20	4	98	45	16	19	92	80	82	13	42	64	31	64	90	6	62	42	6	62	44	72	5	9	22	21	77	73	19	90	17	88	89	43	7	52	44	38	32	46	65	89	67	4	5	25	72	24	47	98	82	86	74	84	66	13	26	30	77	99	36	9	32	
58	49	9	16	46	68	18	88	72	84	96	90	81	13	50	61	19	36	33	10	78	23	66	52	83	95	82	34	44	9	49	56	30	-1	50	44	59	71	17	74	85	36	82	73	90	76	63	96	53	18	28	69	14	91	73	22	56	22	100	10	45	49	25	58	38	76	16	4	41	44	27	67	45	74	89	55	60	37	6	31	78	90	60	65	9	98	53	86	28	13	74	53	89	85	75	36	82	25	84	17	
57	42	93	11	6	13	88	76	77	78	18	65	64	2	72	77	7	58	33	76	70	4	57	91	80	20	19	34	68	39	47	69	21	50	-1	39	67	60	87	12	88	43	85	36	26	17	18	46	46	29	26	31	52	80	100	85	79	11	56	14	89	93	95	56	23	13	57	32	93	42	41	92	16	16	63	49	76	36	34	13	48	19	1	25	79	92	40	22	24	18	15	33	14	11	34	57	78	2	49	28	
98	89	93	27	11	83	42	47	93	50	37	32	85	64	99	13	84	18	87	68	59	20	64	69	27	5	35	54	72	61	63	72	51	44	39	-1	60	90	42	72	64	56	9	59	29	51	67	9	86	78	66	94	25	77	91	80	52	12	9	85	62	13	94	56	66	88	12	64	86	3	77	13	67	11	66	23	46	73	76	48	50	61	16	70	16	85	77	42	99	9	51	75	86	66	54	69	23	75	23	67	
18	97	78	30	39	15	36	19	41	28	57	93	95	8	30	100	19	1	4	30	51	21	96	46	92	56	13	95	63	43	69	95	10	59	67	60	-1	38	39	7	90	60	32	74	56	72	68	62	54	31	89	7	50	62	10	97	40	66	29	100	97	87	31	3	92	25	38	49	97	35	36	35	55	13	8	58	35	61	50	32	25	16	27	17	21	54	6	56	82	55	95	17	45	11	16	1	34	77	23	12	
7	37	58	67	40	1	99	26	48	72	95	23	80	85	21	50	41	7	66	2	98	39	60	16	67	61	21	71	75	44	65	18	20	71	60	90	38	-1	6	75	24	70	73	57	31	70	66	23	55	3	75	27	64	15	67	32	7	65	21	31	1	77	71	60	85	51	10	45	44	28	11	73	81	96	51	92	61	17	19	80	9	62	63	15	39	28	100	52	6	81	20	27	41	53	57	81	53	30	52	3	
74	57	81	28	4	48	57	71	55	84	10	83	68	17	94	88	8	65	34	67	27	35	32	7	57	91	87	34	31	89	38	83	4	17	87	42	39	6	-1	50	70	51	93	75	36	9	82	29	64	85	6	87	74	22	100	87	74	61	18	78	95	55	5	48	5	13	1	58	53	1	81	65	66	67	15	60	87	47	59	5	34	25	52	84	75	67	34	11	93	49	86	21	44	83	31	25	84	10	34	86	
87	74	58	35	25	96	64	9	40	75	21	73	25	79	59	56	95	14	81	84	93	62	48	65	33	5	52	77	90	14	85	98	98	74	12	72	7	75	50	-1	45	8	49	45	35	22	31	10	88	6	51	55	76	90	89	17	44	22	97	88	50	97	24	85	4	99	100	46	99	81	7	50	5	73	5	50	22	44	89	83	20	9	86	24	57	24	3	54	98	91	73	30	69	60	84	39	22	15	3	50	
76	81	87	100	18	94	93	6	77	12	41	44	20	38	53	33	32	60	72	6	78	18	53	60	78	63	66	83	7	20	94	27	45	85	88	64	90	24	70	45	-1	81	17	64	10	38	37	83	43	94	89	45	93	66	89	92	52	74	72	61	51	64	23	11	85	29	58	34	7	22	19	70	84	55	10	97	82	56	19	78	25	76	38	11	5	55	20	30	54	11	33	47	15	7	41	89	73	98	39	22	
54	23	75	62	47	41	88	78	50	98	57	30	9	72	48	71	10	14	41	6	57	17	20	10	5	13	69	49	42	15	16	70	16	36	43	56	60	70	51	8	81	-1	29	69	12	92	61	68	8	46	65	78	19	86	100	52	38	76	6	55	60	54	80	11	7	25	44	2	85	52	13	42	44	16	37	67	70	61	33	57	92	35	84	32	13	2	72	93	94	46	34	73	77	57	48	7	86	11	16	62	
22	69	34	87	54	12	12	1	45	70	59	1	65	3	44	2	85	47	100	100	97	49	70	6	49	84	34	1	80	35	79	94	19	82	85	9	32	73	93	49	17	29	-1	72	81	30	6	44	29	78	28	83	33	55	17	65	36	79	56	90	88	53	63	72	10	15	57	81	64	15	22	91	1	100	75	25	50	52	5	3	23	21	70	53	32	85	69	32	37	10	19	49	3	86	84	38	73	94	32	62	
6	9	75	48	44	27	64	23	19	82	78	99	62	10	64	32	25	10	64	41	26	31	60	22	9	74	80	81	47	27	90	13	92	73	36	59	74	57	75	45	64	69	72	-1	61	41	5	69	76	84	4	52	37	11	69	50	12	54	88	23	10	49	53	52	42	93	8	35	8	88	65	48	21	3	62	56	70	54	27	64	62	75	85	70	48	39	54	4	90	53	48	54	23	44	72	85	72	28	45	3	
45	85	84	66	25	60	37	11	46	97	34	53	45	97	21	56	29	74	32	24	66	17	53	79	26	72	67	46	7	54	60	76	80	90	26	29	56	31	36	35	10	12	81	61	-1	57	11	77	52	92	26	82	41	78	17	17	49	36	35	95	6	93	7	9	81	67	46	90	76	23	38	15	15	25	34	58	53	7	11	45	32	100	34	37	75	36	4	26	55	59	10	50	100	43	89	6	94	34	12	100	
81	35	59	74	32	85	45	65	12	16	10	48	34	16	38	66	93	76	15	9	73	65	6	84	86	40	82	47	56	3	70	91	82	76	17	51	72	70	9	22	38	92	30	41	57	-1	7	62	35	97	23	87	20	88	97	50	12	20	63	47	53	15	62	62	81	35	79	37	65	9	5	2	27	72	46	34	21	27	71	57	7	59	52	56	78	79	60	70	10	76	14	84	93	71	80	7	25	8	39	96	
8	92	48	35	18	2	22	1	14	44	4	33	88	24	76	2	13	89	75	21	69	24	93	100	31	14	4	90	87	16	86	97	13	63	18	67	68	66	82	31	37	61	6	5	11	7	-1	56	5	80	42	34	60	5	25	59	74	3	90	29	60	70	50	88	82	77	24	100	9	84	7	83	41	55	19	16	4	25	74	55	42	1	98	93	13	68	78	66	38	83	78	50	57	10	63	17	58	92	62	19	
30	34	22	60	83	67	43	78	66	37	32	57	6	21	21	80	43	57	89	12	11	44	86	90	14	62	86	84	47	7	72	93	42	96	46	9	62	23	29	10	83	68	44	69	77	62	56	-1	77	97	64	75	98	58	46	97	40	44	61	53	67	52	8	58	32	89	81	4	2	39	34	50	26	31	9	51	6	66	70	71	89	42	83	72	58	70	36	90	19	73	60	99	100	66	71	83	9	55	38	52	
86	8	42	40	95	45	34	96	22	4	33	55	93	17	80	20	98	4	20	77	12	32	36	93	9	85	23	43	2	48	34	45	64	53	46	86	54	55	64	88	43	8	29	76	52	35	5	77	-1	16	8	72	49	2	53	19	28	35	66	98	28	51	33	44	32	8	17	1	13	74	79	59	58	70	82	20	29	91	11	69	77	36	4	70	70	41	60	33	41	24	40	28	69	23	49	39	29	77	6	53	
93	81	61	98	100	8	87	12	51	87	24	50	52	65	59	89	24	86	4	56	98	65	91	97	93	47	29	21	64	32	60	45	31	18	29	78	31	3	85	6	94	46	78	84	92	97	80	97	16	-1	23	57	26	89	48	45	57	21	88	50	99	42	32	31	22	39	71	97	61	14	2	30	81	43	8	57	27	80	28	68	82	68	48	47	71	40	73	100	17	71	28	19	86	9	89	73	99	55	46	39	
39	47	79	22	62	96	22	64	100	5	99	45	48	58	52	72	82	91	41	4	39	40	73	96	30	52	23	96	70	99	2	68	64	28	26	66	89	75	6	51	89	65	28	4	26	23	42	64	8	23	-1	31	36	43	49	92	23	27	91	69	91	77	58	75	91	83	76	32	43	95	52	9	34	17	14	72	3	8	77	53	61	28	34	35	58	83	84	21	79	79	28	66	80	79	67	24	60	30	41	28	
18	58	54	96	79	25	78	15	82	52	17	84	43	83	94	29	43	22	55	34	17	60	21	60	16	25	33	25	18	50	93	17	90	69	31	94	7	27	87	55	45	78	83	52	82	87	34	75	72	57	31	-1	46	56	25	18	7	90	50	82	70	100	96	79	99	17	68	100	52	59	11	28	25	88	22	10	36	56	82	45	20	23	90	64	81	89	82	78	48	92	92	35	43	67	93	14	8	85	85	18	
37	2	37	72	36	81	78	19	69	31	60	9	20	66	49	93	32	79	48	14	85	6	50	20	8	28	6	7	65	22	43	10	6	14	52	25	50	64	74	76	93	19	33	37	41	20	60	98	49	26	36	46	-1	43	63	52	54	4	45	22	86	65	50	71	35	8	3	30	78	29	10	95	100	87	31	67	80	35	23	5	77	28	39	90	5	65	39	92	78	60	48	95	5	89	90	76	97	62	78	58	
11	12	7	60	78	47	56	99	21	49	45	7	68	44	21	28	15	96	71	87	99	71	70	97	3	35	14	66	51	86	11	69	62	91	80	77	62	15	22	90	66	86	55	11	78	88	5	58	2	89	43	56	43	-1	69	84	59	9	36	14	23	24	27	8	77	40	64	63	25	7	42	7	51	38	29	1	27	73	75	42	92	6	19	56	28	29	97	91	92	12	23	23	52	71	46	8	53	81	47	85	
84	43	72	67	53	85	72	14	99	5	23	19	86	82	90	36	77	20	14	84	21	30	37	31	51	93	31	57	54	69	19	35	42	73	100	91	10	67	100	89	89	100	17	69	17	97	25	46	53	48	49	25	63	69	-1	53	55	36	5	51	56	14	35	19	74	97	78	88	84	30	25	100	24	51	79	20	95	3	36	69	71	73	25	95	88	79	95	76	7	55	12	42	98	49	3	96	72	70	99	2	
65	40	10	75	1	51	100	45	98	17	11	63	23	32	2	77	6	11	59	40	35	21	47	95	76	72	62	19	5	11	32	15	6	22	85	80	97	32	87	17	92	52	65	50	17	50	59	97	19	45	92	18	52	84	53	-1	3	69	36	48	11	46	22	73	27	35	43	68	13	98	5	66	90	91	95	13	94	64	58	13	49	62	75	66	3	82	87	5	2	24	27	58	49	26	45	1	15	84	99	39	
79	50	84	87	96	47	64	90	80	25	60	99	44	30	57	14	93	6	2	14	94	78	89	58	78	1	20	21	5	5	94	21	62	56	79	52	40	7	74	44	52	38	36	12	49	12	74	40	28	57	23	7	54	59	55	3	-1	40	47	71	87	63	24	18	54	73	54	29	8	5	62	56	72	56	22	9	62	19	23	61	23	90	100	57	40	8	32	92	79	57	35	31	26	82	96	33	93	23	45	55	
87	31	100	68	79	43	41	2	44	29	39	9	82	60	27	77	96	63	8	49	65	82	48	43	96	35	93	5	47	7	3	99	44	22	11	12	66	65	61	22	74	76	79	54	36	20	3	44	35	21	27	90	4	9	36	69	40	-1	59	1	100	83	32	79	5	13	17	74	11	74	3	76	99	13	48	61	34	74	55	23	7	4	7	72	5	2	91	13	86	86	45	46	36	26	28	11	71	63	38	57	
14	21	60	17	58	80	50	9	71	75	8	47	98	99	58	80	67	45	1	10	63	73	12	68	55	28	68	16	48	81	8	14	72	100	56	9	29	21	18	97	72	6	56	88	35	63	90	61	66	88	91	50	45	36	5	36	47	59	-1	39	94	29	4	19	84	100	39	95	97	69	23	38	100	42	57	63	58	48	39	20	81	72	59	83	87	81	48	60	3	12	97	8	21	71	33	85	92	59	78	58	
43	7	21	45	58	10	68	18	23	14	85	85	56	47	94	80	49	3	9	96	66	91	70	35	81	48	49	63	81	73	88	2	5	10	14	85	100	31	78	88	61	55	90	23	95	47	29	53	98	50	69	82	22	14	51	48	71	1	39	-1	13	27	96	28	70	26	39	20	98	68	84	83	55	94	29	56	96	14	44	69	97	13	100	25	15	63	40	48	40	74	89	51	70	39	75	41	50	77	29	78	
20	37	23	3	73	84	47	7	43	88	66	15	2	31	62	24	93	7	100	76	26	49	98	7	94	94	50	48	13	71	15	31	9	45	89	62	97	1	95	50	51	60	88	10	6	53	60	67	28	99	91	70	86	23	56	11	87	100	94	13	-1	49	87	56	8	34	88	87	55	23	57	72	93	21	99	14	78	72	14	64	20	48	81	57	10	84	15	84	34	61	29	73	13	38	48	56	90	29	82	74	
18	38	45	74	29	39	58	74	94	56	39	67	43	9	53	9	31	44	82	59	70	91	50	2	77	18	77	35	44	100	85	97	22	49	93	13	87	77	55	97	64	54	53	49	93	15	70	52	51	42	77	100	65	24	14	46	63	83	29	27	49	-1	21	99	4	39	21	35	51	91	67	52	100	99	78	80	68	41	16	71	35	66	26	1	75	64	11	27	65	8	17	64	92	34	41	51	24	67	68	15	
72	78	40	39	33	49	16	100	17	59	17	30	55	52	49	95	63	63	38	73	10	47	71	6	49	4	58	57	100	54	46	69	21	25	95	94	31	71	5	24	23	80	63	53	7	62	50	8	33	32	58	96	50	27	35	22	24	32	4	96	87	21	-1	1	21	69	84	100	29	88	56	10	42	28	76	89	94	66	87	87	97	42	7	16	56	73	15	17	54	15	13	85	4	46	17	69	43	75	22	32	
70	26	46	8	94	11	88	82	87	53	84	18	56	90	93	98	44	39	72	52	57	60	58	88	12	91	88	84	86	81	65	82	77	58	56	56	3	60	48	85	11	11	72	52	9	62	88	58	44	31	75	79	71	8	19	73	18	79	19	28	56	99	1	-1	100	53	40	37	31	50	45	95	95	60	51	96	45	49	70	85	6	35	38	82	94	84	12	27	91	27	50	26	63	81	59	82	73	26	80	27	
42	16	61	37	96	26	56	30	19	11	22	21	39	94	31	95	7	80	4	72	1	29	18	11	34	17	59	55	81	39	36	60	73	38	23	66	92	85	5	4	85	7	10	42	81	81	82	32	32	22	91	99	35	77	74	27	54	5	84	70	8	4	21	100	-1	25	99	23	79	54	14	42	52	19	21	40	98	89	78	5	59	24	38	40	94	92	80	100	65	98	4	52	39	10	65	40	17	11	34	87	
49	29	54	7	52	35	93	99	33	64	71	67	60	74	72	77	88	13	61	24	25	23	63	95	15	45	19	84	60	91	79	37	19	76	13	88	25	51	13	99	29	25	15	93	67	35	77	89	8	39	83	17	8	40	97	35	73	13	100	26	34	39	69	53	25	-1	67	78	60	54	89	4	93	5	42	19	3	4	12	49	76	93	97	26	100	73	99	35	63	87	95	23	17	32	95	51	95	79	23	36	
50	48	61	64	39	65	93	14	69	3	94	58	75	80	59	92	83	81	72	84	59	43	45	47	68	12	92	46	13	53	73	57	90	16	57	12	38	10	1	100	58	44	57	8	46	79	24	81	17	71	76	68	3	64	78	43	54	17	39	39	88	21	84	40	99	67	-1	88	69	28	95	9	53	44	77	4	8	85	88	75	95	86	74	11	87	90	7	94	22	14	52	58	84	100	46	99	41	17	16	88	
32	37	14	54	88	44	94	58	61	35	56	55	98	41	38	36	40	89	38	96	15	20	19	70	7	90	94	33	61	82	9	51	17	4	32	64	49	45	58	46	34	2	81	35	90	37	100	4	1	97	32	100	30	63	88	68	29	74	95	20	87	35	100	37	23	78	88	-1	45	77	57	93	72	37	26	40	31	82	63	25	70	11	35	66	80	90	49	78	8	91	24	29	9	94	10	5	80	16	1	44	
77	84	35	4	36	2	14	78	57	48	45	44	27	79	36	22	73	27	70	73	76	8	87	92	51	35	49	38	59	39	44	98	88	41	93	86	97	44	53	99	7	85	64	8	76	65	9	2	13	61	43	52	78	25	84	13	8	11	97	98	55	51	29	31	79	60	69	45	-1	28	99	34	50	14	53	26	96	46	54	38	25	42	97	70	44	2	73	6	38	96	32	91	61	61	23	91	89	67	95	59	
50	52	71	85	33	59	66	72	65	10	27	8	69	68	23	40	58	34	15	15	96	93	89	50	99	17	39	2	42	92	4	54	89	44	42	3	35	28	1	81	22	52	15	88	23	9	84	39	74	14	95	59	29	7	30	98	5	74	69	68	23	91	88	50	54	54	28	77	28	-1	98	8	8	5	23	31	96	59	54	34	42	50	55	100	31	62	53	87	93	65	42	40	39	66	14	54	20	80	100	76	
8	93	78	88	92	39	5	89	91	44	98	72	15	50	49	22	56	76	53	40	75	30	94	67	28	86	51	74	6	83	22	54	43	27	41	77	36	11	81	7	19	13	22	65	38	5	7	34	79	2	52	11	10	42	25	5	62	3	23	84	57	67	56	45	14	89	95	57	99	98	-1	63	55	24	95	38	27	72	40	5	95	21	29	6	11	40	98	47	52	97	18	31	83	39	55	89	49	13	74	41	
47	11	38	11	85	59	33	48	4	32	39	64	49	89	98	49	73	17	31	67	54	93	12	19	63	40	49	51	49	89	25	98	7	67	92	13	35	73	65	50	70	42	91	48	15	2	83	50	59	30	9	28	95	7	100	66	56	76	38	83	72	52	10	95	42	4	9	93	34	8	63	-1	10	1	78	68	41	21	80	42	95	34	91	58	98	33	45	94	72	79	89	39	72	73	59	15	96	20	89	57	
31	7	68	58	44	15	36	41	72	18	50	38	57	86	49	50	73	52	15	31	53	78	52	80	78	64	36	28	2	72	32	69	52	45	16	67	55	81	66	5	84	44	1	21	15	27	41	26	58	81	34	25	100	51	24	90	72	99	100	55	93	100	42	95	52	93	53	72	50	8	55	10	-1	63	41	63	90	21	100	41	26	60	18	99	96	46	88	65	33	89	23	81	69	94	52	94	76	9	9	58	
39	87	11	74	79	33	89	44	83	88	29	62	55	23	74	7	2	58	36	92	18	81	8	43	25	52	16	18	55	74	88	79	44	74	16	11	13	96	67	73	55	16	100	3	25	72	55	31	70	43	17	88	87	38	51	91	56	13	42	94	21	99	28	60	19	5	44	37	14	5	24	1	63	-1	97	75	89	26	61	93	10	75	58	24	81	1	20	45	6	44	92	59	27	11	79	43	49	48	21	44	
32	77	96	76	39	83	21	40	96	95	78	9	49	10	21	97	92	41	63	42	88	52	1	25	73	17	29	24	97	83	84	3	38	89	63	66	8	51	15	5	10	37	75	62	34	46	19	9	82	8	14	22	31	29	79	95	22	48	57	29	99	78	76	51	21	42	77	26	53	23	95	78	41	97	-1	52	27	94	75	55	75	13	36	26	78	47	42	61	16	62	7	77	58	75	56	69	83	77	51	89	
8	65	15	16	59	3	51	24	72	47	4	75	33	79	7	79	7	32	94	2	57	78	39	55	11	58	91	73	50	22	32	60	32	55	49	23	58	92	60	50	97	67	25	56	58	34	16	51	20	57	72	10	67	1	20	13	9	61	63	56	14	80	89	96	40	19	4	40	26	31	38	68	63	75	52	-1	76	16	97	2	44	20	95	14	10	37	76	97	26	18	1	60	25	41	75	61	37	99	99	27	
84	30	75	53	77	33	89	22	1	58	59	29	19	70	53	64	88	82	31	58	49	35	49	83	6	91	80	100	88	46	11	75	46	60	76	46	35	61	87	22	82	70	50	70	53	21	4	6	29	27	3	36	80	27	95	94	62	34	58	96	78	68	94	45	98	3	8	31	96	96	27	41	90	89	27	76	-1	80	16	72	20	36	17	82	56	35	31	43	59	44	59	30	18	90	45	37	10	67	25	31	
69	62	80	34	4	75	68	52	81	33	48	45	32	44	39	62	28	71	4	64	10	30	48	89	2	86	52	69	41	40	36	57	65	37	36	73	61	17	47	44	56	61	52	54	7	27	25	66	91	80	8	56	35	73	3	64	19	74	48	14	72	41	66	49	89	4	85	82	46	59	72	21	21	26	94	16	80	-1	94	11	97	79	74	74	55	100	20	31	73	33	33	71	66	15	87	2	18	60	2	76	
60	33	10	18	14	54	51	21	7	60	6	71	52	100	21	37	58	90	65	42	55	81	95	75	21	59	89	5	62	67	31	7	89	6	34	76	50	19	59	89	19	33	5	27	11	71	74	70	11	28	77	82	23	75	36	58	23	55	39	44	14	16	87	70	78	12	88	63	54	54	40	80	100	61	75	97	16	94	-1	18	2	57	14	33	9	34	78	62	65	77	80	7	99	93	79	66	53	51	44	74	
37	82	63	8	28	67	100	62	37	21	97	23	4	64	8	98	24	33	57	47	5	47	25	17	24	68	81	16	71	14	76	49	67	31	13	48	32	80	5	83	78	57	3	64	45	57	55	71	69	68	53	45	5	42	69	13	61	23	20	69	64	71	87	85	5	49	75	25	38	34	5	42	41	93	55	2	72	11	18	-1	5	10	40	97	26	23	20	71	93	2	80	93	43	2	32	18	2	2	83	45	
76	38	63	12	95	72	58	99	85	55	37	92	98	80	81	66	54	69	70	42	74	3	70	16	15	31	3	79	20	97	84	98	4	78	48	50	25	9	34	20	25	92	23	62	32	7	42	89	77	82	61	20	77	92	71	49	23	7	81	97	20	35	97	6	59	76	95	70	25	42	95	95	26	10	75	44	20	97	2	5	-1	77	3	9	5	3	100	84	94	75	64	81	57	37	51	43	1	97	11	96	
39	79	36	24	23	83	15	1	59	84	6	94	88	80	70	37	13	68	60	27	92	59	42	47	49	66	99	94	91	71	5	50	5	90	19	61	16	62	25	9	76	35	21	75	100	59	1	42	36	68	28	23	28	6	73	62	90	4	72	13	48	66	42	35	24	93	86	11	42	50	21	34	60	75	13	20	36	79	57	10	77	-1	55	69	92	16	3	20	1	55	20	12	73	22	10	19	78	72	54	50	
51	44	5	73	66	61	14	27	41	4	95	81	66	35	57	41	61	97	35	98	60	16	25	72	80	44	90	78	78	87	22	53	25	60	1	16	27	63	52	86	38	84	70	85	34	52	98	83	4	48	34	90	39	19	25	75	100	7	59	100	81	26	7	38	38	97	74	35	97	55	29	91	18	58	36	95	17	74	14	40	3	55	-1	14	5	49	22	15	3	60	43	47	61	92	45	47	8	6	9	99	
81	63	6	34	39	40	1	76	95	62	12	21	27	77	21	37	94	30	1	96	92	53	72	43	26	94	96	58	58	79	48	33	72	65	25	70	17	15	84	24	11	32	53	70	37	56	93	72	70	47	35	64	90	56	95	66	57	72	83	25	57	1	16	82	40	26	11	66	70	100	6	58	99	24	26	14	82	74	33	97	9	69	14	-1	24	21	13	47	95	27	32	40	20	12	16	54	10	25	57	40	
12	84	89	23	100	4	83	86	54	55	66	34	45	14	4	76	82	59	87	88	38	100	37	78	26	30	6	6	15	10	45	82	24	9	79	16	21	39	75	57	5	13	32	48	75	78	13	58	70	71	58	81	5	28	88	3	40	5	87	15	10	75	56	94	94	100	87	80	44	31	11	98	96	81	78	10	56	55	9	26	5	92	5	24	-1	74	96	92	1	7	57	23	50	24	68	1	4	27	60	61	
19	78	77	31	63	11	49	39	100	35	6	11	82	89	2	28	3	50	21	75	23	42	30	43	6	38	62	24	37	7	9	82	47	98	92	85	54	28	67	24	55	2	85	39	36	79	68	70	41	40	83	89	65	29	79	82	8	2	81	63	84	64	73	84	92	73	90	90	2	62	40	33	46	1	47	37	35	100	34	23	3	16	49	21	74	-1	15	92	3	72	10	64	67	74	85	47	61	68	89	96	
16	27	77	100	13	43	86	51	44	46	50	62	91	15	88	10	41	89	34	92	10	90	54	89	69	36	28	2	45	30	35	10	98	53	40	77	6	100	34	3	20	72	69	54	4	60	78	36	60	73	84	82	39	97	95	87	32	91	48	40	15	11	15	12	80	99	7	49	73	53	98	45	88	20	42	76	31	20	78	20	100	3	22	13	96	15	-1	23	63	52	3	19	56	65	19	58	5	8	13	15	
37	89	41	51	30	94	69	95	14	98	14	89	72	21	77	81	48	52	14	94	58	100	19	23	47	94	95	6	54	93	44	4	82	86	22	42	56	52	11	54	30	93	32	4	26	70	66	90	33	100	21	78	92	91	76	5	92	13	60	48	84	27	17	27	100	35	94	78	6	87	47	94	65	45	61	97	43	31	62	71	84	20	15	47	92	92	23	-1	35	64	93	24	24	56	92	29	54	9	70	35	
61	49	47	68	5	48	77	20	46	16	33	97	71	96	41	99	59	28	93	25	92	61	54	65	10	77	20	12	82	74	69	39	86	28	24	99	82	6	93	98	54	94	37	90	55	10	38	19	41	17	79	48	78	92	7	2	79	86	3	40	34	65	54	91	65	63	22	8	38	93	52	72	33	6	16	26	59	73	65	93	94	1	3	95	1	3	63	35	-1	9	54	24	83	46	93	36	92	1	13	88	
52	98	16	4	5	63	53	26	10	80	9	98	35	46	24	70	5	69	80	51	58	53	11	65	66	67	2	70	15	78	27	85	74	13	18	9	55	81	49	91	11	46	10	53	59	76	83	73	24	71	79	92	60	12	55	24	57	86	12	74	61	8	15	27	98	87	14	91	96	65	97	79	89	44	62	18	44	33	77	2	75	55	60	27	7	72	52	64	9	-1	90	60	31	65	44	36	34	25	71	55	
83	77	68	4	58	86	64	5	83	95	96	55	73	99	17	41	34	95	32	65	11	98	64	72	74	83	93	39	56	81	1	17	84	74	15	51	95	20	86	73	33	34	19	48	10	14	78	60	40	28	28	92	48	23	12	27	35	45	97	89	29	17	13	50	4	95	52	24	32	42	18	89	23	92	7	1	59	33	80	80	64	20	43	32	57	10	3	93	54	90	-1	26	10	43	26	71	76	95	62	37	
96	81	29	94	16	81	99	46	47	53	51	96	26	14	6	34	99	39	28	7	72	16	94	31	39	5	41	41	100	66	75	87	66	53	33	75	17	27	21	30	47	73	49	54	50	84	50	99	28	19	66	35	95	23	42	58	31	46	8	51	73	64	85	26	52	23	58	29	91	40	31	39	81	59	77	60	30	71	7	93	81	12	47	40	23	64	19	24	24	60	26	-1	21	96	98	23	24	63	31	82	
91	61	91	16	13	14	23	61	21	91	51	82	31	62	63	83	73	2	81	18	69	31	55	12	86	52	7	63	5	12	49	12	13	89	14	86	45	41	44	69	15	77	3	23	100	93	57	100	69	86	80	43	5	52	98	49	26	36	21	70	13	92	4	63	39	17	84	9	61	39	83	72	69	27	58	25	18	66	99	43	57	73	61	20	50	67	56	24	83	31	10	21	-1	68	76	58	83	9	33	57	
89	50	67	67	25	40	69	92	10	49	58	12	50	40	73	72	26	23	5	53	54	3	12	57	54	36	16	48	12	55	12	60	26	85	11	66	11	53	83	60	7	57	86	44	43	71	10	66	23	9	79	67	89	71	49	26	82	26	71	39	38	34	46	81	10	32	100	94	61	66	39	73	94	11	75	41	90	15	93	2	37	22	92	12	24	74	65	56	46	65	43	96	68	-1	100	35	66	56	63	3	
77	29	55	35	66	89	68	52	83	50	63	36	30	26	100	71	61	84	18	14	34	87	57	57	42	71	20	78	39	90	13	32	30	75	34	54	16	57	31	84	41	48	84	72	89	80	63	71	49	89	67	93	90	46	3	45	96	28	33	75	48	41	17	59	65	95	46	10	23	14	55	59	52	79	56	75	45	87	79	32	51	10	45	16	68	85	19	92	93	44	26	98	76	100	-1	92	78	27	82	97	
22	83	23	85	61	56	58	99	55	18	45	52	15	29	93	67	7	60	34	22	42	23	23	50	68	32	21	31	85	24	34	20	77	36	57	69	1	81	25	39	89	7	38	85	6	7	17	83	39	73	24	14	76	8	96	1	33	11	85	41	56	51	69	82	40	51	99	5	91	54	89	15	94	43	69	61	37	2	66	18	43	19	47	54	1	47	58	29	36	36	71	23	58	35	92	-1	85	63	17	53	
53	42	81	53	99	67	84	86	1	15	40	91	23	3	10	55	5	16	11	72	56	44	4	17	64	24	54	60	31	61	28	77	99	82	78	23	34	53	84	22	73	86	73	72	94	25	58	9	29	99	60	8	97	53	72	15	93	71	92	50	90	24	43	73	17	95	41	80	89	20	49	96	76	49	83	37	10	18	53	2	1	78	8	10	4	61	5	54	92	34	76	24	83	66	78	85	-1	66	100	61	
45	95	66	78	75	24	69	63	31	73	27	40	56	74	8	83	27	37	79	8	51	73	82	96	38	94	88	21	85	70	46	56	36	25	2	75	77	30	10	15	98	11	94	28	34	8	92	55	77	55	30	85	62	81	70	84	23	63	59	77	29	67	75	26	11	79	17	16	67	80	13	20	9	48	77	99	67	60	51	2	97	72	6	25	27	68	8	9	1	25	95	63	9	56	27	63	66	-1	86	60	
2	6	27	86	25	99	38	24	37	8	44	92	85	38	56	48	48	11	78	65	43	11	35	65	30	41	86	68	18	5	9	13	9	84	49	23	23	52	34	3	39	16	32	45	12	39	62	38	6	46	41	85	78	47	99	99	45	38	78	29	82	68	22	80	34	23	16	1	95	100	74	89	9	21	51	99	25	2	44	83	11	54	9	57	60	89	13	70	13	71	62	31	33	63	82	17	100	86	-1	90	
78	54	63	89	96	58	46	32	6	93	60	21	94	22	19	20	92	71	77	58	83	59	60	20	15	30	99	13	83	25	30	74	32	17	28	67	12	3	86	50	22	62	62	3	100	96	19	52	53	39	28	18	58	85	2	39	55	57	58	78	74	15	32	27	87	36	88	44	59	76	41	57	58	44	89	27	31	76	74	45	96	50	99	40	61	96	15	35	88	55	37	82	57	3	97	53	61	60	90	-1	
