100
-1	63	52	11	30	92	15	81	11	6	13	28	70	34	50	14	83	49	55	81	83	12	11	24	44	91	21	51	55	74	54	52	85	82	4	48	88	29	3	33	75	88	8	65	54	53	19	55	61	18	81	72	35	40	1	41	75	39	2	95	4	57	26	32	88	77	42	64	53	94	98	66	83	8	69	84	65	75	77	15	95	57	12	48	3	1	26	91	7	21	47	62	74	51	39	10	22	80	20	53	
63	-1	78	16	63	16	16	18	67	8	21	95	58	42	59	65	20	19	31	14	53	95	71	33	23	83	30	24	48	100	31	50	92	85	70	71	6	54	21	29	95	79	99	82	48	53	35	28	2	87	54	40	95	3	68	62	86	2	56	47	93	53	63	68	1	50	55	2	80	14	88	42	43	16	90	47	3	26	37	22	85	63	58	42	42	69	70	56	92	51	19	4	86	13	1	41	56	87	79	97	
52	78	-1	79	99	3	81	30	23	44	11	93	11	85	84	89	74	13	65	32	75	49	53	90	42	13	49	88	60	66	66	24	79	75	85	82	42	27	93	69	88	91	30	36	19	1	70	30	34	48	88	45	71	16	10	23	67	80	43	38	7	82	62	1	64	95	34	6	73	20	18	67	11	52	3	92	25	43	31	53	2	39	100	7	72	53	46	64	70	81	25	85	96	77	42	48	93	11	19	49	
11	16	79	-1	57	14	53	60	45	99	38	63	75	73	8	29	18	53	65	20	58	42	71	43	43	100	37	88	36	11	74	48	98	15	25	22	90	45	18	12	88	60	17	67	12	57	28	59	42	76	18	67	8	68	81	26	27	73	95	87	71	87	17	49	95	50	39	77	5	84	56	16	21	11	57	67	8	28	48	70	14	42	3	9	68	23	1	33	12	55	28	98	74	7	20	95	16	49	94	83	
30	63	99	57	-1	92	72	72	91	76	87	25	100	71	57	80	86	22	80	74	49	49	98	11	83	35	55	32	18	51	9	90	55	73	96	62	15	13	85	22	85	34	37	19	85	73	86	59	91	39	66	84	71	27	91	14	52	53	2	14	86	8	70	60	28	31	63	86	93	94	7	89	43	89	69	51	50	54	25	77	66	83	64	72	35	78	32	7	84	100	9	87	18	15	1	17	74	64	74	55	
92	16	3	14	92	-1	22	93	54	13	68	19	39	6	35	82	55	51	50	23	57	72	82	42	90	41	80	30	47	38	15	42	52	6	82	69	4	60	9	100	77	59	28	19	27	72	61	61	92	25	48	47	51	100	27	60	37	57	71	78	3	64	79	60	41	30	35	55	18	70	46	73	70	83	48	96	96	16	23	59	24	26	18	20	68	45	99	70	17	58	13	59	84	96	33	33	89	50	10	12	
15	16	81	53	72	22	-1	68	92	34	99	23	60	19	76	63	10	61	77	6	47	58	24	53	67	40	9	37	33	26	75	83	15	6	96	56	18	13	82	54	75	84	98	1	63	57	98	1	100	64	81	100	32	52	93	34	69	100	50	82	30	27	5	16	1	40	83	2	5	78	87	68	74	88	90	3	83	74	54	31	40	95	36	32	84	14	6	26	60	43	59	69	88	23	13	83	45	22	25	91	
81	18	30	60	72	93	68	-1	80	100	1	85	54	14	27	31	5	11	12	100	90	31	39	71	31	22	26	3	23	75	6	84	35	19	79	4	12	17	50	90	98	4	43	3	51	43	61	91	68	35	28	35	19	90	89	85	90	79	99	83	83	50	89	19	93	14	99	50	73	68	22	4	72	41	81	68	76	34	40	92	73	43	38	19	34	6	77	77	73	18	52	11	71	68	78	100	3	68	81	18	
11	67	23	45	91	54	92	80	-1	41	63	38	73	38	91	70	85	14	56	80	14	76	26	94	25	20	90	1	93	75	66	29	15	60	99	68	25	36	69	21	52	3	34	88	73	27	63	76	73	24	23	29	37	88	36	96	73	33	95	20	43	21	79	22	42	62	69	90	27	82	2	91	84	84	26	33	20	87	24	50	42	7	61	68	13	82	53	60	39	36	56	25	8	26	73	71	30	96	5	42	
6	8	44	99	76	13	34	100	41	-1	42	21	42	52	2	87	26	65	93	63	6	24	22	2	10	75	29	49	54	87	86	2	49	42	72	59	61	100	65	22	88	51	10	30	66	74	77	53	70	9	81	55	69	46	59	22	16	27	10	42	10	55	64	74	31	94	91	84	14	49	88	78	37	77	7	5	4	14	35	98	35	19	73	18	66	13	87	58	9	69	53	4	49	29	39	5	36	37	56	84	
13	21	11	38	87	68	99	1	63	42	-1	37	38	63	69	84	48	44	65	22	77	86	9	44	53	26	69	80	35	62	3	25	43	51	100	36	54	36	91	11	27	92	71	21	3	34	14	41	88	7	55	8	49	31	19	33	29	39	43	19	77	90	61	82	59	75	22	54	24	27	95	45	48	100	10	94	1	36	99	65	89	78	46	48	32	85	63	47	37	43	73	56	47	33	75	74	88	60	81	55	
28	95	93	63	25	19	23	85	38	21	37	-1	17	8	93	40	57	9	61	40	94	91	56	55	75	46	95	24	77	22	22	45	60	37	75	58	6	37	30	9	69	45	17	84	92	58	34	75	68	58	3	72	72	5	58	24	67	70	53	75	51	32	11	95	50	62	28	17	60	68	49	37	44	75	60	44	88	14	74	10	66	22	77	1	29	3	81	94	51	12	61	38	4	93	59	10	22	26	32	26	
70	58	11	75	100	39	60	54	73	42	38	17	-1	35	15	65	20	48	30	59	71	99	96	40	82	4	8	11	27	83	1	44	3	84	2	83	12	67	67	66	16	94	73	45	32	69	81	18	33	17	26	29	26	28	12	73	2	92	29	91	19	64	62	40	27	51	9	42	89	20	6	3	52	13	50	48	15	20	96	19	61	87	46	31	31	31	54	13	98	47	1	64	32	86	76	36	60	34	69	83	
34	42	85	73	71	6	19	14	38	52	63	8	35	-1	90	59	80	87	63	27	75	84	84	55	2	56	35	58	83	28	41	12	1	47	75	50	12	96	90	76	45	41	36	87	58	41	29	64	79	37	43	48	2	78	38	30	68	58	95	30	62	34	65	91	23	99	80	44	14	12	41	46	98	66	71	57	51	13	85	27	13	86	31	21	88	89	41	13	46	25	61	3	9	86	81	68	70	38	73	40	
50	59	84	8	57	35	76	27	91	2	69	93	15	90	-1	34	95	30	55	11	4	55	59	62	46	63	92	44	33	7	88	61	91	18	19	72	100	34	42	56	15	56	95	83	100	27	16	1	86	60	13	51	15	94	75	9	53	61	83	88	59	36	94	49	20	55	18	74	100	53	41	41	41	86	73	54	36	57	15	11	80	68	43	36	70	3	84	77	29	42	77	83	12	53	48	51	70	67	25	95	
14	65	89	29	80	82	63	31	70	87	84	40	65	59	34	-1	80	42	97	66	10	68	48	94	31	59	77	68	66	13	54	36	77	7	30	22	99	62	60	48	51	43	20	72	22	95	5	100	73	98	71	41	87	17	85	5	48	5	74	8	55	19	32	44	26	45	25	72	11	6	73	94	40	68	87	52	18	77	36	41	83	32	57	76	35	18	65	37	24	12	14	6	84	70	50	4	70	33	45	54	
83	20	74	18	86	55	10	5	85	26	48	57	20	80	95	80	-1	100	85	5	82	88	34	54	31	22	12	15	54	89	32	49	16	100	45	50	95	66	43	69	72	13	47	28	80	44	31	98	1	95	7	22	60	75	61	24	89	90	92	86	99	44	67	1	48	90	72	50	71	27	7	7	20	57	89	2	23	54	80	92	49	15	73	14	64	52	75	100	42	65	6	78	51	7	12	75	58	70	31	59	
49	19	13	53	22	51	61	11	14	65	44	9	48	87	30	42	100	-1	76	31	19	32	67	57	32	57	3	80	63	35	70	37	82	11	13	16	86	52	73	51	5	65	75	78	59	90	68	60	80	87	8	9	11	12	33	80	41	27	10	11	77	64	72	92	90	35	17	3	45	47	39	9	65	41	87	35	9	70	7	39	45	25	17	34	23	16	41	47	39	94	89	75	92	85	98	73	18	49	2	88	
55	31	65	65	80	50	77	12	56	93	65	61	30	63	55	97	85	76	-1	85	53	64	23	59	76	91	24	73	34	3	44	41	45	76	17	76	74	17	69	14	56	100	71	62	99	66	60	13	1	17	19	45	65	44	100	54	64	43	1	75	36	56	66	49	39	73	47	1	88	59	19	15	63	62	80	51	79	90	92	51	55	26	89	81	53	74	73	46	39	18	63	19	27	1	58	72	42	20	83	74	
81	14	32	20	74	23	6	100	80	63	22	40	59	27	11	66	5	31	85	-1	84	64	57	49	42	77	49	97	23	27	98	4	91	52	62	89	44	56	65	60	59	14	82	50	27	12	28	14	44	12	62	48	96	67	66	56	72	67	3	22	33	1	97	69	37	1	9	14	71	28	21	79	59	45	65	95	16	31	71	3	80	67	92	22	18	10	23	1	15	9	73	90	75	3	2	9	37	99	43	75	
83	53	75	58	49	57	47	90	14	6	77	94	71	75	4	10	82	19	53	84	-1	56	63	80	83	91	80	100	23	79	35	79	100	3	87	88	40	44	100	27	11	46	63	32	75	79	99	44	77	83	91	51	41	64	37	3	49	23	43	81	48	94	8	65	20	11	97	7	23	1	48	67	74	25	12	60	31	12	87	84	24	19	45	58	19	87	97	74	75	3	73	70	97	10	33	65	48	89	36	80	
12	95	49	42	49	72	58	31	76	24	86	91	99	84	55	68	88	32	64	64	56	-1	6	48	3	90	42	60	58	8	25	66	40	37	26	33	80	68	1	50	29	36	32	67	99	43	7	72	32	74	54	69	2	12	97	43	17	69	60	39	23	36	66	73	94	8	91	2	34	52	19	43	15	90	73	59	6	81	60	90	63	77	80	100	77	14	88	9	41	63	99	70	80	50	41	93	60	97	20	44	
11	71	53	71	98	82	24	39	26	22	9	56	96	84	59	48	34	67	23	57	63	6	-1	65	94	18	23	12	91	88	11	24	71	51	77	87	81	22	8	63	39	12	2	37	93	96	42	57	19	50	18	52	87	76	33	54	20	89	79	80	56	24	35	41	78	84	6	68	55	74	75	14	46	48	78	63	3	77	21	70	30	37	40	16	27	47	87	97	87	100	98	83	20	93	27	99	34	76	88	5	
24	33	90	43	11	42	53	71	94	2	44	55	40	55	62	94	54	57	59	49	80	48	65	-1	55	22	95	6	4	89	90	16	24	4	96	50	5	27	51	73	16	22	76	14	38	96	67	48	48	100	96	93	86	90	94	72	60	86	10	33	53	65	56	64	49	93	67	87	72	51	39	43	83	44	18	9	15	67	4	49	91	76	36	2	15	30	66	39	43	72	15	77	40	95	29	11	57	91	87	19	
44	23	42	43	83	90	67	31	25	10	53	75	82	2	46	31	31	32	76	42	83	3	94	55	-1	72	90	96	86	75	57	47	37	70	20	28	20	26	17	21	59	48	48	7	83	99	22	81	72	22	32	25	29	57	42	86	75	49	98	75	29	1	29	78	79	64	96	87	6	57	12	73	84	50	73	89	52	80	3	2	4	62	50	29	61	8	46	14	99	86	46	62	37	93	61	75	63	60	93	32	
91	83	13	100	35	41	40	22	20	75	26	46	4	56	63	59	22	57	91	77	91	90	18	22	72	-1	15	71	12	2	84	25	48	80	94	64	76	49	14	29	60	55	20	99	3	2	58	80	11	10	78	38	9	54	9	4	10	77	62	53	61	94	53	88	22	84	28	17	32	10	97	2	90	17	22	42	6	61	74	94	87	72	56	49	95	75	84	5	64	69	1	74	68	55	33	91	94	33	12	31	
21	30	49	37	55	80	9	26	90	29	69	95	8	35	92	77	12	3	24	49	80	42	23	95	90	15	-1	55	89	31	66	9	61	19	68	43	21	49	5	9	95	11	29	69	86	14	21	14	89	14	31	32	36	61	31	4	63	36	87	58	6	18	45	68	1	66	5	96	25	44	92	57	98	55	39	6	11	73	48	64	11	62	80	53	73	53	8	40	70	29	25	15	29	43	38	91	11	57	3	75	
51	24	88	88	32	30	37	3	1	49	80	24	11	58	44	68	15	80	73	97	100	60	12	6	96	71	55	-1	69	3	12	23	27	99	30	78	30	26	54	30	16	37	96	20	18	49	65	99	86	23	40	64	42	46	53	18	73	50	31	19	93	93	29	12	65	96	43	86	31	21	18	9	12	2	47	19	71	41	51	24	7	53	53	33	45	19	3	66	58	14	24	97	21	32	10	40	56	30	77	25	
55	48	60	36	18	47	33	23	93	54	35	77	27	83	33	66	54	63	34	23	23	58	91	4	86	12	89	69	-1	58	94	88	36	8	91	62	33	12	72	89	4	98	57	75	17	87	42	12	63	10	81	68	68	93	58	99	97	79	25	58	84	100	68	25	95	78	6	57	35	41	75	12	69	17	9	75	32	98	46	72	47	1	91	7	88	1	28	49	25	12	73	27	13	27	84	61	51	59	88	3	
74	100	66	11	51	38	26	75	75	87	62	22	83	28	7	13	89	35	3	27	79	8	88	89	75	2	31	3	58	-1	31	70	34	24	97	94	22	44	30	92	84	85	36	71	47	46	77	45	54	84	3	66	37	26	26	97	39	67	75	28	77	33	52	63	21	68	44	19	40	99	20	31	60	98	25	56	99	9	80	49	68	72	96	13	83	83	63	44	78	24	51	52	53	2	90	65	92	100	76	18	
54	31	66	74	9	15	75	6	66	86	3	22	1	41	88	54	32	70	44	98	35	25	11	90	57	84	66	12	94	31	-1	82	79	73	93	66	57	22	96	57	47	72	82	17	84	6	30	13	81	58	54	72	87	76	2	31	55	70	2	58	14	71	82	2	18	21	36	14	23	12	59	38	1	53	94	75	32	19	23	31	65	77	61	8	49	25	48	65	28	39	15	48	39	52	98	90	33	93	74	67	
52	50	24	48	90	42	83	84	29	2	25	45	44	12	61	36	49	37	41	4	79	66	24	16	47	25	9	23	88	70	82	-1	27	26	81	29	2	56	19	64	41	63	29	79	35	76	19	93	13	82	89	73	16	9	33	82	22	56	24	71	38	75	94	10	5	5	95	88	7	72	7	61	3	13	56	4	14	9	23	56	88	80	93	16	67	53	26	60	9	58	79	77	37	22	3	48	75	99	99	73	
85	92	79	98	55	52	15	35	15	49	43	60	3	1	91	77	16	82	45	91	100	40	71	24	37	48	61	27	36	34	79	27	-1	59	21	56	30	21	85	5	85	82	90	89	9	58	25	60	86	59	38	20	74	88	18	83	40	21	43	59	2	86	10	95	81	99	84	80	18	71	43	78	7	12	30	81	88	46	72	17	50	21	24	18	99	24	36	88	95	75	12	1	19	69	46	77	44	19	4	9	
82	85	75	15	73	6	6	19	60	42	51	37	84	47	18	7	100	11	76	52	3	37	51	4	70	80	19	99	8	24	73	26	59	-1	31	39	96	13	90	68	98	11	45	16	18	35	73	12	72	7	65	21	29	78	48	7	64	13	62	22	25	11	98	2	85	22	23	79	95	72	26	69	93	75	19	74	9	3	28	78	65	93	54	22	20	69	9	48	28	67	78	89	49	23	15	92	28	79	35	23	
4	70	85	25	96	82	96	79	99	72	100	75	2	75	19	30	45	13	17	62	87	26	77	96	20	94	68	30	91	97	93	81	21	31	-1	72	93	74	24	75	17	71	66	96	86	53	87	15	59	67	47	46	77	55	86	62	47	72	87	94	11	70	23	24	23	99	44	67	71	100	36	68	29	49	44	79	44	93	36	98	41	28	54	54	50	2	70	53	22	100	72	46	98	9	80	97	80	94	22	37	
48	71	82	22	62	69	56	4	68	59	36	58	83	50	72	22	50	16	76	89	88	33	87	50	28	64	43	78	62	94	66	29	56	39	72	-1	69	34	62	53	87	49	69	3	69	27	9	51	87	44	8	4	69	1	36	46	6	38	39	75	12	46	82	31	25	58	8	46	53	81	86	9	15	59	8	91	54	73	49	37	97	44	20	100	44	42	79	51	64	81	97	56	76	65	31	3	15	9	98	36	
88	6	42	90	15	4	18	12	25	61	54	6	12	12	100	99	95	86	74	44	40	80	81	5	20	76	21	30	33	22	57	2	30	96	93	69	-1	50	81	79	8	54	50	70	76	89	49	56	49	51	77	100	91	21	47	16	39	81	79	53	14	48	88	87	52	20	24	25	29	20	41	5	19	90	16	71	100	64	44	88	74	81	9	4	72	10	45	23	74	83	34	96	16	83	6	39	83	97	63	33	
29	54	27	45	13	60	13	17	36	100	36	37	67	96	34	62	66	52	17	56	44	68	22	27	26	49	49	26	12	44	22	56	21	13	74	34	50	-1	92	91	11	85	37	96	99	98	25	33	86	90	92	99	28	61	47	53	32	99	17	83	99	86	6	69	46	63	54	14	42	2	70	19	69	31	86	25	100	84	15	86	35	69	83	34	8	75	33	92	44	100	87	10	50	54	76	95	5	90	91	27	
3	21	93	18	85	9	82	50	69	65	91	30	67	90	42	60	43	73	69	65	100	1	8	51	17	14	5	54	72	30	96	19	85	90	24	62	81	92	-1	92	90	49	32	36	78	19	80	2	32	84	41	22	87	84	60	12	89	93	69	16	43	36	7	83	76	95	79	51	80	82	1	3	60	100	51	68	87	47	76	79	19	90	84	53	96	94	39	83	52	63	55	89	64	41	65	77	69	74	38	52	
33	29	69	12	22	100	54	90	21	22	11	9	66	76	56	48	69	51	14	60	27	50	63	73	21	29	9	30	89	92	57	64	5	68	75	53	79	91	92	-1	47	37	22	13	50	64	98	21	6	14	51	85	64	68	66	30	41	73	45	90	23	31	53	39	26	73	94	33	85	74	56	83	97	66	88	83	5	3	94	90	42	21	84	34	28	99	71	94	54	14	68	21	67	58	5	46	14	32	17	7	
75	95	88	88	85	77	75	98	52	88	27	69	16	45	15	51	72	5	56	59	11	29	39	16	59	60	95	16	4	84	47	41	85	98	17	87	8	11	90	47	-1	23	61	86	86	58	41	81	93	76	48	28	9	27	35	75	88	43	10	47	24	62	32	82	11	92	52	10	94	71	82	6	39	84	53	74	75	51	56	99	42	23	79	50	76	50	80	35	63	48	1	10	34	46	71	9	26	41	31	72	
88	79	91	60	34	59	84	4	3	51	92	45	94	41	56	43	13	65	100	14	46	36	12	22	48	55	11	37	98	85	72	63	82	11	71	49	54	85	49	37	23	-1	67	98	12	49	21	16	42	34	63	87	41	21	16	48	57	46	96	23	76	98	65	28	88	40	42	45	8	52	72	70	25	59	88	54	73	18	100	66	30	12	6	68	16	74	89	57	49	66	76	17	8	39	16	34	32	81	2	24	
8	99	30	17	37	28	98	43	34	10	71	17	73	36	95	20	47	75	71	82	63	32	2	76	48	20	29	96	57	36	82	29	90	45	66	69	50	37	32	22	61	67	-1	42	98	86	72	77	35	50	52	14	65	46	62	67	22	23	51	95	40	18	98	35	60	62	57	51	87	94	63	4	13	36	34	5	49	20	51	39	69	81	100	6	26	73	37	12	75	8	86	56	42	83	60	76	75	64	30	78	
65	82	36	67	19	19	1	3	88	30	21	84	45	87	83	72	28	78	62	50	32	67	37	14	7	99	69	20	75	71	17	79	89	16	96	3	70	96	36	13	86	98	42	-1	16	93	86	53	80	72	56	85	56	10	14	44	55	13	93	85	49	58	63	6	10	55	13	6	56	15	38	6	26	36	9	88	87	30	80	5	58	40	90	39	19	84	78	67	58	14	52	51	70	25	55	96	9	97	95	78	
54	48	19	12	85	27	63	51	73	66	3	92	32	58	100	22	80	59	99	27	75	99	93	38	83	3	86	18	17	47	84	35	9	18	86	69	76	99	78	50	86	12	98	16	-1	74	100	38	44	91	28	94	9	72	8	60	35	56	7	95	46	86	17	66	29	74	87	20	61	38	21	66	78	75	66	21	98	68	76	33	47	17	96	40	97	64	81	88	56	12	8	56	15	57	42	43	28	32	9	66	
53	53	1	57	73	72	57	43	27	74	34	58	69	41	27	95	44	90	66	12	79	43	96	96	99	2	14	49	87	46	6	76	58	35	53	27	89	98	19	64	58	49	86	93	74	-1	34	47	44	27	25	84	2	3	93	62	100	45	89	48	2	27	5	65	27	25	34	36	16	44	49	44	11	81	42	90	24	49	54	46	12	71	20	8	44	76	44	61	84	30	17	92	73	28	76	96	71	81	40	62	
19	35	70	28	86	61	98	61	63	77	14	34	81	29	16	5	31	68	60	28	99	7	42	67	22	58	21	65	42	77	30	19	25	73	87	9	49	25	80	98	41	21	72	86	100	34	-1	7	92	48	44	28	91	27	74	12	86	98	32	98	77	59	51	5	64	33	15	92	88	28	25	76	71	86	98	65	68	58	100	93	87	4	99	17	25	81	10	57	49	1	79	26	94	50	85	97	89	31	97	7	
55	28	30	59	59	61	1	91	76	53	41	75	18	64	1	100	98	60	13	14	44	72	57	48	81	80	14	99	12	45	13	93	60	12	15	51	56	33	2	21	81	16	77	53	38	47	7	-1	25	24	55	12	39	36	85	41	73	52	48	89	10	74	38	21	13	18	56	46	37	99	85	7	14	10	10	4	20	10	23	35	56	92	90	53	45	89	95	54	25	63	12	80	28	5	38	5	84	93	99	68	
61	2	34	42	91	92	100	68	73	70	88	68	33	79	86	73	1	80	1	44	77	32	19	48	72	11	89	86	63	54	81	13	86	72	59	87	49	86	32	6	93	42	35	80	44	44	92	25	-1	2	17	89	7	100	70	31	14	92	67	30	98	67	93	67	74	53	37	43	14	92	11	59	91	3	77	89	17	85	75	63	20	26	78	82	76	61	38	46	15	26	25	96	5	87	1	24	21	54	1	29	
18	87	48	76	39	25	64	35	24	9	7	58	17	37	60	98	95	87	17	12	83	74	50	100	22	10	14	23	10	84	58	82	59	7	67	44	51	90	84	14	76	34	50	72	91	27	48	24	2	-1	11	17	90	53	7	84	95	65	29	94	7	100	59	42	66	74	83	72	35	56	34	69	72	23	88	51	67	98	40	28	59	32	30	16	78	30	95	81	94	56	97	67	49	29	56	13	26	52	56	58	
81	54	88	18	66	48	81	28	23	81	55	3	26	43	13	71	7	8	19	62	91	54	18	96	32	78	31	40	81	3	54	89	38	65	47	8	77	92	41	51	48	63	52	56	28	25	44	55	17	11	-1	56	26	100	23	89	58	62	35	87	58	84	16	58	54	35	46	62	86	18	26	34	68	64	69	70	72	46	21	32	88	35	10	45	18	13	48	19	28	97	25	70	6	5	14	99	38	13	39	39	
72	40	45	67	84	47	100	35	29	55	8	72	29	48	51	41	22	9	45	48	51	69	52	93	25	38	32	64	68	66	72	73	20	21	46	4	100	99	22	85	28	87	14	85	94	84	28	12	89	17	56	-1	85	7	74	8	20	92	4	80	45	100	6	19	70	83	97	23	66	41	65	34	47	15	75	35	76	63	73	16	12	6	66	20	55	3	38	99	16	95	47	42	30	27	69	48	66	54	95	21	
35	95	71	8	71	51	32	19	37	69	49	72	26	2	15	87	60	11	65	96	41	2	87	86	29	9	36	42	68	37	87	16	74	29	77	69	91	28	87	64	9	41	65	56	9	2	91	39	7	90	26	85	-1	28	24	14	99	10	25	85	46	99	50	6	100	20	72	8	57	60	10	58	87	75	46	86	57	44	7	98	45	96	14	19	83	34	37	94	72	93	55	60	12	74	61	44	76	91	92	48	
40	3	16	68	27	100	52	90	88	46	31	5	28	78	94	17	75	12	44	67	64	12	76	90	57	54	61	46	93	26	76	9	88	78	55	1	21	61	84	68	27	21	46	10	72	3	27	36	100	53	100	7	28	-1	50	92	8	25	80	31	97	79	39	99	20	72	97	60	20	93	98	11	57	30	48	20	88	79	20	99	33	48	58	63	30	15	80	79	41	91	83	67	23	23	83	11	54	95	48	75	
1	68	10	81	91	27	93	89	36	59	19	58	12	38	75	85	61	33	100	66	37	97	33	94	42	9	31	53	58	26	2	33	18	48	86	36	47	47	60	66	35	16	62	14	8	93	74	85	70	7	23	74	24	50	-1	47	15	65	83	100	33	4	67	94	64	34	37	34	34	92	29	73	45	98	78	60	1	91	15	21	97	57	25	92	97	43	71	93	54	28	74	18	76	22	90	91	72	66	48	4	
41	62	23	26	14	60	34	85	96	22	33	24	73	30	9	5	24	80	54	56	3	43	54	72	86	4	4	18	99	97	31	82	83	7	62	46	16	53	12	30	75	48	67	44	60	62	12	41	31	84	89	8	14	92	47	-1	73	18	29	27	9	72	79	51	87	65	91	40	11	78	51	63	91	85	65	4	25	12	43	31	55	41	29	56	73	69	28	19	29	2	52	50	91	83	40	36	40	24	92	78	
75	86	67	27	52	37	69	90	73	16	29	67	2	68	53	48	89	41	64	72	49	17	20	60	75	10	63	73	97	39	55	22	40	64	47	6	39	32	89	41	88	57	22	55	35	100	86	73	14	95	58	20	99	8	15	73	-1	53	41	35	59	92	39	86	86	78	47	44	30	21	29	36	49	43	78	69	90	92	74	100	87	81	18	15	8	5	84	28	23	88	82	83	12	62	63	44	89	73	83	69	
39	2	80	73	53	57	100	79	33	27	39	70	92	58	61	5	90	27	43	67	23	69	89	86	49	77	36	50	79	67	70	56	21	13	72	38	81	99	93	73	43	46	23	13	56	45	98	52	92	65	62	92	10	25	65	18	53	-1	77	82	15	51	18	30	2	63	34	3	26	95	70	8	13	26	94	57	21	28	17	84	54	73	22	25	15	37	25	11	76	32	66	7	90	59	30	56	64	2	3	33	
2	56	43	95	2	71	50	99	95	10	43	53	29	95	83	74	92	10	1	3	43	60	79	10	98	62	87	31	25	75	2	24	43	62	87	39	79	17	69	45	10	96	51	93	7	89	32	48	67	29	35	4	25	80	83	29	41	77	-1	8	39	19	79	13	59	64	57	40	4	55	84	84	43	92	30	74	39	20	100	61	58	66	88	7	94	39	20	64	74	53	7	34	50	2	67	45	100	16	57	8	
95	47	38	87	14	78	82	83	20	42	19	75	91	30	88	8	86	11	75	22	81	39	80	33	75	53	58	19	58	28	58	71	59	22	94	75	53	83	16	90	47	23	95	85	95	48	98	89	30	94	87	80	85	31	100	27	35	82	8	-1	81	48	73	44	67	64	81	21	44	57	55	50	95	48	4	44	42	19	24	82	3	8	44	80	95	10	63	41	32	55	36	53	65	97	74	87	84	44	73	59	
4	93	7	71	86	3	30	83	43	10	77	51	19	62	59	55	99	77	36	33	48	23	56	53	29	61	6	93	84	77	14	38	2	25	11	12	14	99	43	23	24	76	40	49	46	2	77	10	98	7	58	45	46	97	33	9	59	15	39	81	-1	27	35	65	35	95	50	96	79	65	95	49	75	10	96	82	80	90	56	21	18	7	57	59	64	18	90	20	40	30	49	59	56	76	43	25	53	75	82	60	
57	53	82	87	8	64	27	50	21	55	90	32	64	34	36	19	44	64	56	1	94	36	24	65	1	94	18	93	100	33	71	75	86	11	70	46	48	86	36	31	62	98	18	58	86	27	59	74	67	100	84	100	99	79	4	72	92	51	19	48	27	-1	80	49	15	46	42	81	48	85	100	98	4	77	66	73	34	85	24	42	30	50	11	41	26	14	9	67	53	40	51	49	58	47	13	88	78	39	99	70	
26	63	62	17	70	79	5	89	79	64	61	11	62	65	94	32	67	72	66	97	8	66	35	56	29	53	45	29	68	52	82	94	10	98	23	82	88	6	7	53	32	65	98	63	17	5	51	38	93	59	16	6	50	39	67	79	39	18	79	73	35	80	-1	33	78	99	1	2	72	24	78	66	62	13	95	15	77	52	21	97	75	5	52	92	53	89	99	60	69	4	32	38	66	3	59	87	73	66	62	89	
32	68	1	49	60	60	16	19	22	74	82	95	40	91	49	44	1	92	49	69	65	73	41	64	78	88	68	12	25	63	2	10	95	2	24	31	87	69	83	39	82	28	35	6	66	65	5	21	67	42	58	19	6	99	94	51	86	30	13	44	65	49	33	-1	86	37	70	68	32	72	12	19	57	96	2	48	98	64	35	10	49	4	71	72	27	40	40	33	65	89	34	86	5	48	93	55	6	35	93	65	
88	1	64	95	28	41	1	93	42	31	59	50	27	23	20	26	48	90	39	37	20	94	78	49	79	22	1	65	95	21	18	5	81	85	23	25	52	46	76	26	11	88	60	10	29	27	64	13	74	66	54	70	100	20	64	87	86	2	59	67	35	15	78	86	-1	89	100	49	79	81	14	52	72	98	98	4	69	87	11	43	52	49	70	56	88	84	73	9	37	35	89	86	74	65	85	59	77	21	29	38	
77	50	95	50	31	30	40	14	62	94	75	62	51	99	55	45	90	35	73	1	11	8	84	93	64	84	66	96	78	68	21	5	99	22	99	58	20	63	95	73	92	40	62	55	74	25	33	18	53	74	35	83	20	72	34	65	78	63	64	64	95	46	99	37	89	-1	43	86	63	35	65	47	16	27	58	69	38	26	22	14	73	75	83	12	12	2	58	46	61	86	11	63	7	80	100	73	83	98	87	47	
42	55	34	39	63	35	83	99	69	91	22	28	9	80	18	25	72	17	47	9	97	91	6	67	96	28	5	43	6	44	36	95	84	23	44	8	24	54	79	94	52	42	57	13	87	34	15	56	37	83	46	97	72	97	37	91	47	34	57	81	50	42	1	70	100	43	-1	37	83	59	42	53	20	17	96	22	63	48	63	53	71	49	12	77	24	95	15	97	51	82	10	26	64	30	81	83	31	67	81	82	
64	2	6	77	86	55	2	50	90	84	54	17	42	44	74	72	50	3	1	14	7	2	68	87	87	17	96	86	57	19	14	88	80	79	67	46	25	14	51	33	10	45	51	6	20	36	92	46	43	72	62	23	8	60	34	40	44	3	40	21	96	81	2	68	49	86	37	-1	93	22	71	6	83	70	54	46	32	92	27	11	3	72	54	84	23	69	42	92	86	23	93	81	88	98	68	8	84	94	43	18	
53	80	73	5	93	18	5	73	27	14	24	60	89	14	100	11	71	45	88	71	23	34	55	72	6	32	25	31	35	40	23	7	18	95	71	53	29	42	80	85	94	8	87	56	61	16	88	37	14	35	86	66	57	20	34	11	30	26	4	44	79	48	72	32	79	63	83	93	-1	27	25	9	1	100	97	95	6	72	23	95	73	12	22	15	57	43	4	46	2	51	21	2	57	90	10	18	67	22	1	34	
94	14	20	84	94	70	78	68	82	49	27	68	20	12	53	6	27	47	59	28	1	52	74	51	57	10	44	21	41	99	12	72	71	72	100	81	20	2	82	74	71	52	94	15	38	44	28	99	92	56	18	41	60	93	92	78	21	95	55	57	65	85	24	72	81	35	59	22	27	-1	75	46	41	61	24	100	29	14	6	91	76	43	65	84	92	45	5	96	91	12	12	51	53	2	48	12	36	41	99	91	
98	88	18	56	7	46	87	22	2	88	95	49	6	41	41	73	7	39	19	21	48	19	75	39	12	97	92	18	75	20	59	7	43	26	36	86	41	70	1	56	82	72	63	38	21	49	25	85	11	34	26	65	10	98	29	51	29	70	84	55	95	100	78	12	14	65	42	71	25	75	-1	72	22	67	11	18	50	59	97	87	48	99	61	97	74	71	92	26	72	7	90	28	39	1	72	48	32	60	92	21	
66	42	67	16	89	73	68	4	91	78	45	37	3	46	41	94	7	9	15	79	67	43	14	43	73	2	57	9	12	31	38	61	78	69	68	9	5	19	3	83	6	70	4	6	66	44	76	7	59	69	34	34	58	11	73	63	36	8	84	50	49	98	66	19	52	47	53	6	9	46	72	-1	98	100	20	11	22	82	80	100	93	80	21	7	73	80	86	92	48	70	24	20	60	60	1	13	59	41	84	20	
83	43	11	21	43	70	74	72	84	37	48	44	52	98	41	40	20	65	63	59	74	15	46	83	84	90	98	12	69	60	1	3	7	93	29	15	19	69	60	97	39	25	13	26	78	11	71	14	91	72	68	47	87	57	45	91	49	13	43	95	75	4	62	57	72	16	20	83	1	41	22	98	-1	41	80	100	8	12	66	21	10	50	18	79	39	30	93	46	49	72	22	38	10	82	2	80	93	47	35	37	
8	16	52	11	89	83	88	41	84	77	100	75	13	66	86	68	57	41	62	45	25	90	48	44	50	17	55	2	17	98	53	13	12	75	49	59	90	31	100	66	84	59	36	36	75	81	86	10	3	23	64	15	75	30	98	85	43	26	92	48	10	77	13	96	98	27	17	70	100	61	67	100	41	-1	47	90	37	41	69	80	69	6	47	29	50	23	76	4	21	31	22	92	98	70	57	69	12	85	35	84	
69	90	3	57	69	48	90	81	26	7	10	60	50	71	73	87	89	87	80	65	12	73	78	18	73	22	39	47	9	25	94	56	30	19	44	8	16	86	51	88	53	88	34	9	66	42	98	10	77	88	69	75	46	48	78	65	78	94	30	4	96	66	95	2	98	58	96	54	97	24	11	20	80	47	-1	3	81	15	84	16	70	2	74	84	77	53	14	34	80	24	17	3	32	10	81	15	91	39	68	53	
84	47	92	67	51	96	3	68	33	5	94	44	48	57	54	52	2	35	51	95	60	59	63	9	89	42	6	19	75	56	75	4	81	74	79	91	71	25	68	83	74	54	5	88	21	90	65	4	89	51	70	35	86	20	60	4	69	57	74	44	82	73	15	48	4	69	22	46	95	100	18	11	100	90	3	-1	32	94	66	10	96	87	85	70	57	76	89	99	8	22	11	6	75	10	74	95	89	92	5	1	
65	3	25	8	50	96	83	76	20	4	1	88	15	51	36	18	23	9	79	16	31	6	3	15	52	6	11	71	32	99	32	14	88	9	44	54	100	100	87	5	75	73	49	87	98	24	68	20	17	67	72	76	57	88	1	25	90	21	39	42	80	34	77	98	69	38	63	32	6	29	50	22	8	37	81	32	-1	9	28	24	66	85	48	1	84	91	14	64	60	5	21	6	30	62	53	59	57	88	82	26	
75	26	43	28	54	16	74	34	87	14	36	14	20	13	57	77	54	70	90	31	12	81	77	67	80	61	73	41	98	9	19	9	46	3	93	73	64	84	47	3	51	18	20	30	68	49	58	10	85	98	46	63	44	79	91	12	92	28	20	19	90	85	52	64	87	26	48	92	72	14	59	82	12	41	15	94	9	-1	92	66	1	41	17	33	43	9	53	59	98	47	20	96	82	28	38	89	51	78	15	77	
77	37	31	48	25	23	54	40	24	35	99	74	96	85	15	36	80	7	92	71	87	60	21	4	3	74	48	51	46	80	23	23	72	28	36	49	44	15	76	94	56	100	51	80	76	54	100	23	75	40	21	73	7	20	15	43	74	17	100	24	56	24	21	35	11	22	63	27	23	6	97	80	66	69	84	66	28	92	-1	99	62	99	58	42	61	41	12	32	66	89	36	42	27	7	44	73	36	90	41	12	
15	22	53	70	77	59	31	92	50	98	65	10	19	27	11	41	92	39	51	3	84	90	70	49	2	94	64	24	72	49	31	56	17	78	98	37	88	86	79	90	99	66	39	5	33	46	93	35	63	28	32	16	98	99	21	31	100	84	61	82	21	42	97	10	43	14	53	11	95	91	87	100	21	80	16	10	24	66	99	-1	6	36	44	4	76	96	81	97	61	6	13	15	22	30	27	26	71	15	17	90	
95	85	2	14	66	24	40	73	42	35	89	66	61	13	80	83	49	45	55	80	24	63	30	91	4	87	11	7	47	68	65	88	50	65	41	97	74	35	19	42	42	30	69	58	47	12	87	56	20	59	88	12	45	33	97	55	87	54	58	3	18	30	75	49	52	73	71	3	73	76	48	93	10	69	70	96	66	1	62	6	-1	5	37	44	33	59	85	22	78	55	8	90	77	66	15	17	20	62	65	71	
57	63	39	42	83	26	95	43	7	19	78	22	87	86	68	32	15	25	26	67	19	77	37	76	62	72	62	53	1	72	77	80	21	93	28	44	81	69	90	21	23	12	81	40	17	71	4	92	26	32	35	6	96	48	57	41	81	73	66	8	7	50	5	4	49	75	49	72	12	43	99	80	50	6	2	87	85	41	99	36	5	-1	30	76	73	75	70	14	62	32	75	7	88	4	41	68	77	6	26	65	
12	58	100	3	64	18	36	38	61	73	46	77	46	31	43	57	73	17	89	92	45	80	40	36	50	56	80	53	91	96	61	93	24	54	54	20	9	83	84	84	79	6	100	90	96	20	99	90	78	30	10	66	14	58	25	29	18	22	88	44	57	11	52	71	70	83	12	54	22	65	61	21	18	47	74	85	48	17	58	44	37	30	-1	83	95	93	17	100	96	59	63	4	63	32	61	77	47	45	89	41	
48	42	7	9	72	20	32	19	68	18	48	1	31	21	36	76	14	34	81	22	58	100	16	2	29	49	53	33	7	13	8	16	18	22	54	100	4	34	53	34	50	68	6	39	40	8	17	53	82	16	45	20	19	63	92	56	15	25	7	80	59	41	92	72	56	12	77	84	15	84	97	7	79	29	84	70	1	33	42	4	44	76	83	-1	61	32	89	67	16	43	27	43	8	44	77	71	82	28	55	78	
3	42	72	68	35	68	84	34	13	66	32	29	31	88	70	35	64	23	53	18	19	77	27	15	61	95	73	45	88	83	49	67	99	20	50	44	72	8	96	28	76	16	26	19	97	44	25	45	76	78	18	55	83	30	97	73	8	15	94	95	64	26	53	27	88	12	24	23	57	92	74	73	39	50	77	57	84	43	61	76	33	73	95	61	-1	27	87	7	80	62	4	40	95	66	86	70	64	77	93	8	
1	69	53	23	78	45	14	6	82	13	85	3	31	89	3	18	52	16	74	10	87	14	47	30	8	75	53	19	1	83	25	53	24	69	2	42	10	75	94	99	50	74	73	84	64	76	81	89	61	30	13	3	34	15	43	69	5	37	39	10	18	14	89	40	84	2	95	69	43	45	71	80	30	23	53	76	91	9	41	96	59	75	93	32	27	-1	5	97	4	88	45	77	75	95	80	60	93	44	17	16	
26	70	46	1	32	99	6	77	53	87	63	81	54	41	84	65	75	41	73	23	97	88	87	66	46	84	8	3	28	63	48	26	36	9	70	79	45	33	39	71	80	89	37	78	81	44	10	95	38	95	48	38	37	80	71	28	84	25	20	63	90	9	99	40	73	58	15	42	4	5	92	86	93	76	14	89	14	53	12	81	85	70	17	89	87	5	-1	32	2	25	78	36	92	99	72	49	17	56	10	24	
91	56	64	33	7	70	26	77	60	58	47	94	13	13	77	37	100	47	46	1	74	9	97	39	14	5	40	66	49	44	65	60	88	48	53	51	23	92	83	94	35	57	12	67	88	61	57	54	46	81	19	99	94	79	93	19	28	11	64	41	20	67	60	33	9	46	97	92	46	96	26	92	46	4	34	99	64	59	32	97	22	14	100	67	7	97	32	-1	13	83	49	43	50	9	81	100	78	57	22	99	
7	92	70	12	84	17	60	73	39	9	37	51	98	46	29	24	42	39	39	15	75	41	87	43	99	64	70	58	25	78	28	9	95	28	22	64	74	44	52	54	63	49	75	58	56	84	49	25	15	94	28	16	72	41	54	29	23	76	74	32	40	53	69	65	37	61	51	86	2	91	72	48	49	21	80	8	60	98	66	61	78	62	96	16	80	4	2	13	-1	48	8	58	18	37	67	68	86	97	21	44	
21	51	81	55	100	58	43	18	36	69	43	12	47	25	42	12	65	94	18	9	3	63	100	72	86	69	29	14	12	24	39	58	75	67	100	81	83	100	63	14	48	66	8	14	12	30	1	63	26	56	97	95	93	91	28	2	88	32	53	55	30	40	4	89	35	86	82	23	51	12	7	70	72	31	24	22	5	47	89	6	55	32	59	43	62	88	25	83	48	-1	48	69	94	94	82	20	72	40	62	69	
47	19	25	28	9	13	59	52	56	53	73	61	1	61	77	14	6	89	63	73	73	99	98	15	46	1	25	24	73	51	15	79	12	78	72	97	34	87	55	68	1	76	86	52	8	17	79	12	25	97	25	47	55	83	74	52	82	66	7	36	49	51	32	34	89	11	10	93	21	12	90	24	22	22	17	11	21	20	36	13	8	75	63	27	4	45	78	49	8	48	-1	53	27	19	39	78	4	94	48	90	
62	4	85	98	87	59	69	11	25	4	56	38	64	3	83	6	78	75	19	90	70	70	83	77	62	74	15	97	27	52	48	77	1	89	46	56	96	10	89	21	10	17	56	51	56	92	26	80	96	67	70	42	60	67	18	50	83	7	34	53	59	49	38	86	86	63	26	81	2	51	28	20	38	92	3	6	6	96	42	15	90	7	4	43	40	77	36	43	58	69	53	-1	11	62	1	78	1	53	11	72	
74	86	96	74	18	84	88	71	8	49	47	4	32	9	12	84	51	92	27	75	97	80	20	40	37	68	29	21	13	53	39	37	19	49	98	76	16	50	64	67	34	8	42	70	15	73	94	28	5	49	6	30	12	23	76	91	12	90	50	65	56	58	66	5	74	7	64	88	57	53	39	60	10	98	32	75	30	82	27	22	77	88	63	8	95	75	92	50	18	94	27	11	-1	47	54	66	12	49	39	22	
51	13	77	7	15	96	23	68	26	29	33	93	86	86	53	70	7	85	1	3	10	50	93	95	93	55	43	32	27	2	52	22	69	23	9	65	83	54	41	58	46	39	83	25	57	28	50	5	87	29	5	27	74	23	22	83	62	59	2	97	76	47	3	48	65	80	30	98	90	2	1	60	82	70	10	10	62	28	7	30	66	4	32	44	66	95	99	9	37	94	19	62	47	-1	71	12	78	14	66	38	
39	1	42	20	1	33	13	78	73	39	75	59	76	81	48	50	12	98	58	2	33	41	27	29	61	33	38	10	84	90	98	3	46	15	80	31	6	76	65	5	71	16	60	55	42	76	85	38	1	56	14	69	61	83	90	40	63	30	67	74	43	13	59	93	85	100	81	68	10	48	72	1	2	57	81	74	53	38	44	27	15	41	61	77	86	80	72	81	67	82	39	1	54	71	-1	86	43	23	64	61	
10	41	48	95	17	33	83	100	71	5	74	10	36	68	51	4	75	73	72	9	65	93	99	11	75	91	91	40	61	65	90	48	77	92	97	3	39	95	77	46	9	34	76	96	43	96	97	5	24	13	99	48	44	11	91	36	44	56	45	87	25	88	87	55	59	73	83	8	18	12	48	13	80	69	15	95	59	89	73	26	17	68	77	71	70	60	49	100	68	20	78	78	66	12	86	-1	6	74	26	3	
22	56	93	16	74	89	45	3	30	36	88	22	60	70	70	70	58	18	42	37	48	60	34	57	63	94	11	56	51	92	33	75	44	28	80	15	83	5	69	14	26	32	75	9	28	71	89	84	21	26	38	66	76	54	72	40	89	64	100	84	53	78	73	6	77	83	31	84	67	36	32	59	93	12	91	89	57	51	36	71	20	77	47	82	64	93	17	78	86	72	4	1	12	78	43	6	-1	45	97	52	
80	87	11	49	64	50	22	68	96	37	60	26	34	38	67	33	70	49	20	99	89	97	76	91	60	33	57	30	59	100	93	99	19	79	94	9	97	90	74	32	41	81	64	97	32	81	31	93	54	52	13	54	91	95	66	24	73	2	16	44	75	39	66	35	21	98	67	94	22	41	60	41	47	85	39	92	88	78	90	15	62	6	45	28	77	44	56	57	97	40	94	53	49	14	23	74	45	-1	34	8	
20	79	19	94	74	10	25	81	5	56	81	32	69	73	25	45	31	2	83	43	36	20	88	87	93	12	3	77	88	76	74	99	4	35	22	98	63	91	38	17	31	2	30	95	9	40	97	99	1	56	39	95	92	48	48	92	83	3	57	73	82	99	62	93	29	87	81	43	1	99	92	84	35	35	68	5	82	15	41	17	65	26	89	55	93	17	10	22	21	62	48	11	39	66	64	26	97	34	-1	58	
53	97	49	83	55	12	91	18	42	84	55	26	83	40	95	54	59	88	74	75	80	44	5	19	32	31	75	25	3	18	67	73	9	23	37	36	33	27	52	7	72	24	78	78	66	62	7	68	29	58	39	21	48	75	4	78	69	33	8	59	60	70	89	65	38	47	82	18	34	91	21	20	37	84	53	1	26	77	12	90	71	65	41	78	8	16	24	99	44	69	90	72	22	38	61	3	52	8	58	-1	
