100
-1	16	32	82	76	43	56	41	52	54	56	26	61	58	98	74	10	81	50	26	32	90	100	20	44	71	43	42	53	1	69	94	56	1	63	59	19	29	63	99	77	13	52	50	21	80	27	14	21	50	12	39	20	86	86	28	77	95	38	66	66	30	8	93	61	15	88	38	2	30	37	56	30	52	52	81	5	74	63	54	90	51	66	57	83	17	17	15	75	22	43	2	4	28	47	17	72	18	21	6	
16	-1	88	12	20	67	35	25	13	36	64	20	26	91	57	98	8	13	82	93	86	9	81	40	19	62	96	65	98	45	2	2	44	8	33	65	77	29	60	86	98	86	39	46	26	93	39	61	8	62	72	76	65	9	88	1	31	77	65	26	96	2	38	60	7	79	90	91	28	45	17	21	6	92	4	29	22	39	31	18	1	22	1	76	82	55	62	93	13	40	100	47	63	84	48	78	67	12	38	40	
32	88	-1	8	28	31	52	4	42	22	95	61	10	5	40	94	94	81	19	52	64	85	68	65	98	11	45	37	62	76	81	15	90	53	15	78	29	6	26	65	11	89	18	12	33	14	99	64	8	17	80	76	92	49	74	97	24	76	86	11	48	15	89	13	22	72	27	15	41	52	63	97	35	62	24	91	73	85	30	91	16	45	15	42	66	89	96	51	45	31	52	1	96	64	23	91	4	57	46	81	
82	12	8	-1	32	31	43	12	71	24	51	41	1	26	39	91	29	23	63	22	59	53	16	72	18	38	6	2	27	3	1	18	59	71	83	60	73	46	82	22	35	87	53	20	66	89	61	83	48	77	14	12	46	65	80	44	19	27	27	72	48	25	77	66	31	31	2	90	81	78	28	46	98	92	4	74	20	71	28	89	29	58	71	91	80	66	2	19	15	49	13	81	60	65	97	39	26	87	79	61	
76	20	28	32	-1	75	85	57	37	93	5	55	4	90	15	76	35	55	79	54	25	21	34	28	85	99	57	7	54	50	3	15	17	69	18	10	15	20	42	17	19	72	61	42	26	81	74	2	82	30	14	64	100	32	32	1	1	86	26	1	3	36	100	42	11	47	61	71	82	51	94	16	20	46	13	81	80	64	10	4	29	87	66	51	57	22	65	32	28	49	28	39	95	82	23	61	6	98	14	55	
43	67	31	31	75	-1	79	13	71	98	36	51	83	8	58	60	70	11	46	10	32	16	88	2	15	63	67	87	95	77	80	25	24	50	22	90	75	100	73	21	12	40	98	12	18	71	71	88	3	88	35	78	38	75	4	97	77	1	83	53	60	23	64	9	27	56	47	12	100	31	22	36	65	80	79	13	27	66	84	17	79	61	6	60	3	57	39	34	24	54	15	26	74	33	4	85	5	55	9	44	
56	35	52	43	85	79	-1	4	53	100	22	95	92	15	61	12	9	81	15	41	23	69	80	43	76	43	82	7	62	70	7	26	43	12	78	73	91	3	25	35	88	68	86	73	14	18	53	76	60	2	29	9	3	37	21	35	62	57	16	54	61	59	92	27	41	52	19	28	4	94	48	65	38	10	73	51	52	32	76	76	68	67	11	52	56	61	91	82	25	37	89	73	23	95	28	17	32	7	17	73	
41	25	4	12	57	13	4	-1	38	18	32	99	21	26	6	26	40	73	79	66	55	23	55	13	5	63	19	84	91	62	25	81	16	30	92	64	30	83	52	92	98	79	86	63	75	3	46	37	16	92	30	65	66	99	94	16	44	65	61	70	70	30	87	77	77	16	79	69	5	34	43	81	54	21	45	52	15	83	61	72	79	10	88	49	94	79	71	29	24	60	96	95	88	91	16	2	4	8	14	19	
52	13	42	71	37	71	53	38	-1	71	37	18	81	15	87	66	51	72	28	26	59	65	55	38	91	9	67	67	97	1	44	25	7	84	82	91	6	98	4	8	38	62	24	83	75	14	27	97	74	96	83	25	75	70	51	55	26	5	51	37	11	27	85	43	54	14	95	65	91	24	62	66	39	24	10	11	95	89	55	41	32	18	84	15	40	94	97	71	14	85	42	79	8	86	18	99	9	82	74	65	
54	36	22	24	93	98	100	18	71	-1	97	80	15	16	65	87	65	21	82	42	96	30	62	82	82	96	52	33	95	76	47	36	2	29	99	98	49	68	7	44	46	28	78	96	35	73	20	30	43	34	87	3	70	50	95	52	19	3	21	51	47	48	10	96	45	1	44	79	52	83	9	100	65	94	100	99	57	13	4	13	89	17	74	42	40	42	59	36	21	17	34	40	62	59	83	48	76	8	79	77	
56	64	95	51	5	36	22	32	37	97	-1	40	100	42	38	97	14	7	84	27	38	78	11	63	8	20	21	36	45	42	62	33	57	91	64	48	70	72	96	83	13	85	40	61	62	90	90	99	8	85	13	19	1	29	54	80	87	12	6	24	13	93	38	55	52	69	48	21	1	83	20	73	81	89	48	34	10	1	40	14	46	4	9	18	85	42	13	78	7	82	92	73	30	59	57	74	34	91	82	60	
26	20	61	41	55	51	95	99	18	80	40	-1	91	11	88	76	87	96	14	81	35	84	21	40	93	39	32	40	60	28	12	75	28	39	75	91	37	13	21	28	78	89	91	22	76	17	48	6	77	52	80	92	90	74	79	55	64	47	70	40	54	59	92	48	85	37	15	53	30	85	23	75	32	76	100	27	46	19	28	64	39	19	28	28	18	39	43	65	45	63	15	44	88	39	71	57	87	11	40	73	
61	26	10	1	4	83	92	21	81	15	100	91	-1	28	9	32	28	89	43	95	3	14	35	76	38	2	37	28	53	84	4	94	88	28	99	51	42	70	61	54	82	49	70	6	97	12	73	34	51	9	22	98	10	87	73	53	67	70	88	26	66	80	24	27	100	14	11	2	35	67	52	61	58	28	72	5	46	49	63	67	96	31	62	96	15	91	40	1	81	86	34	61	41	17	15	49	31	11	68	20	
58	91	5	26	90	8	15	26	15	16	42	11	28	-1	87	36	28	61	7	20	48	61	8	32	25	14	35	100	18	72	52	82	100	82	26	67	14	4	16	35	54	22	28	66	17	21	70	60	6	68	67	64	46	63	75	12	2	74	91	100	26	48	27	1	81	34	67	36	13	29	100	64	80	53	90	35	50	26	24	12	25	84	31	36	55	97	74	94	31	65	41	58	3	71	13	52	8	19	60	94	
98	57	40	39	15	58	61	6	87	65	38	88	9	87	-1	26	39	41	53	61	97	6	16	36	49	24	51	57	55	47	58	78	52	70	46	7	86	17	6	4	25	90	22	96	39	76	12	29	38	87	49	26	64	16	79	22	71	83	34	99	15	14	87	59	13	100	87	58	81	3	85	1	90	37	64	25	84	9	71	38	26	25	50	61	73	79	32	69	9	17	5	10	75	18	26	23	98	29	98	37	
74	98	94	91	76	60	12	26	66	87	97	76	32	36	26	-1	82	35	11	74	46	40	81	67	93	37	59	86	39	45	48	57	28	45	28	79	73	78	95	46	30	65	12	41	25	4	14	94	65	36	71	52	41	85	38	59	17	61	35	80	9	37	24	55	49	44	94	2	45	90	100	88	26	48	96	93	41	32	64	40	26	15	94	70	51	29	54	65	58	33	68	73	68	30	86	33	4	97	27	97	
10	8	94	29	35	70	9	40	51	65	14	87	28	28	39	82	-1	100	76	33	47	54	11	32	72	61	92	63	44	73	4	83	13	88	100	42	7	3	89	33	64	16	24	61	58	46	44	3	37	82	65	70	63	58	53	16	13	3	37	88	8	66	51	83	7	61	25	70	39	48	57	15	61	14	18	37	62	37	77	33	5	66	89	7	100	94	60	85	32	42	19	38	27	46	92	78	90	12	42	97	
81	13	81	23	55	11	81	73	72	21	7	96	89	61	41	35	100	-1	76	45	48	1	20	24	54	28	70	62	76	74	61	62	16	62	23	70	2	51	90	58	94	2	89	35	82	23	82	14	49	72	59	58	91	92	38	76	2	63	1	17	36	85	46	41	50	86	19	74	4	29	89	63	22	60	79	38	31	55	41	8	55	70	58	99	74	92	94	96	75	73	40	51	14	39	42	11	98	77	9	78	
50	82	19	63	79	46	15	79	28	82	84	14	43	7	53	11	76	76	-1	78	80	84	97	30	51	44	44	65	9	9	32	100	88	7	33	33	12	8	42	89	4	25	90	78	76	48	76	38	96	35	3	88	67	96	72	20	68	88	23	69	1	6	24	100	81	66	2	92	72	49	40	24	96	66	48	56	15	69	72	84	26	7	51	17	67	3	28	26	98	84	93	74	53	90	87	66	94	22	67	94	
26	93	52	22	54	10	41	66	26	42	27	81	95	20	61	74	33	45	78	-1	65	60	48	3	50	58	84	24	12	23	4	53	75	61	39	3	24	52	37	85	82	59	89	38	23	39	88	20	99	59	73	4	59	65	21	47	18	66	5	45	32	73	38	64	9	60	36	36	93	39	71	8	87	5	94	67	15	5	65	80	19	53	42	6	62	64	46	52	11	9	5	41	83	63	75	75	82	96	56	93	
32	86	64	59	25	32	23	55	59	96	38	35	3	48	97	46	47	48	80	65	-1	34	73	71	5	6	43	10	22	38	50	49	75	74	45	16	68	88	38	81	14	2	39	91	78	76	10	83	12	74	21	33	2	53	69	71	90	51	20	48	83	76	52	40	29	5	2	17	82	28	43	41	65	14	1	83	17	32	13	59	37	54	83	14	82	23	60	41	16	29	12	40	86	84	94	2	9	44	52	19	
90	9	85	53	21	16	69	23	65	30	78	84	14	61	6	40	54	1	84	60	34	-1	55	44	81	14	73	32	34	89	97	79	48	33	16	85	95	26	67	31	52	15	3	1	23	66	15	94	45	99	81	14	51	41	85	40	66	84	45	32	74	61	20	84	68	71	17	16	93	51	47	62	31	95	7	54	18	54	77	80	79	27	83	28	88	18	86	62	57	99	90	77	17	35	32	87	40	32	82	91	
100	81	68	16	34	88	80	55	55	62	11	21	35	8	16	81	11	20	97	48	73	55	-1	7	48	31	87	60	11	23	65	92	80	1	51	51	14	88	58	6	72	95	91	22	12	20	23	88	31	38	41	72	11	49	41	67	61	47	40	52	97	81	69	34	72	31	30	26	20	8	95	82	2	68	57	46	65	51	51	38	81	94	2	89	70	100	23	60	82	78	69	90	84	15	91	90	38	99	75	18	
20	40	65	72	28	2	43	13	38	82	63	40	76	32	36	67	32	24	30	3	71	44	7	-1	6	86	27	51	92	76	24	84	75	98	97	84	37	8	33	86	100	13	84	39	51	26	95	74	32	26	78	11	3	93	86	78	30	8	95	77	74	53	100	77	54	19	56	64	63	44	39	79	25	9	29	79	60	77	10	81	5	90	39	30	37	84	8	42	81	60	67	52	96	9	32	71	47	4	45	84	
44	19	98	18	85	15	76	5	91	82	8	93	38	25	49	93	72	54	51	50	5	81	48	6	-1	40	49	99	20	69	7	86	56	13	8	49	98	62	47	38	53	33	98	21	23	84	63	66	97	55	81	8	96	28	46	75	76	98	92	30	46	88	33	42	34	66	79	21	25	97	76	26	39	92	13	80	8	25	77	73	95	97	57	57	56	43	45	43	98	83	29	95	36	70	45	37	46	87	70	9	
71	62	11	38	99	63	43	63	9	96	20	39	2	14	24	37	61	28	44	58	6	14	31	86	40	-1	6	38	62	16	80	36	94	18	1	62	66	60	55	15	8	15	33	67	33	9	40	89	36	59	79	35	76	41	15	65	16	34	98	39	21	11	61	67	93	38	47	14	25	21	15	53	32	93	25	3	13	84	50	26	5	30	78	35	26	75	93	66	39	28	68	57	77	36	97	36	45	17	37	96	
43	96	45	6	57	67	82	19	67	52	21	32	37	35	51	59	92	70	44	84	43	73	87	27	49	6	-1	60	79	41	40	39	40	35	61	94	41	6	21	51	23	45	58	31	58	61	76	9	62	92	16	54	74	60	42	79	6	39	30	5	40	97	14	98	15	84	44	85	7	14	45	75	95	72	85	30	59	94	57	55	80	31	69	79	34	22	3	36	34	1	99	5	41	1	69	61	83	99	24	63	
42	65	37	2	7	87	7	84	67	33	36	40	28	100	57	86	63	62	65	24	10	32	60	51	99	38	60	-1	3	73	60	33	73	96	66	69	9	28	95	57	36	84	70	86	80	48	50	82	33	84	83	35	5	7	7	35	83	20	37	83	72	48	69	97	62	64	18	90	94	28	52	46	19	32	4	41	99	61	95	97	10	87	98	45	49	27	54	14	28	36	50	60	47	26	28	27	73	68	86	78	
53	98	62	27	54	95	62	91	97	95	45	60	53	18	55	39	44	76	9	12	22	34	11	92	20	62	79	3	-1	58	21	74	44	68	65	92	81	72	86	70	23	46	63	92	85	44	67	13	76	74	5	34	49	87	59	73	39	91	13	53	85	2	27	92	21	52	53	80	14	2	2	51	78	96	35	77	9	55	29	68	86	80	42	18	79	73	95	24	28	8	82	26	66	54	63	14	38	22	44	54	
1	45	76	3	50	77	70	62	1	76	42	28	84	72	47	45	73	74	9	23	38	89	23	76	69	16	41	73	58	-1	83	82	85	66	44	89	75	29	39	1	8	91	64	47	28	3	10	45	7	49	51	23	99	55	47	25	4	99	39	100	28	61	1	63	43	91	79	28	31	28	72	95	33	29	82	86	65	21	42	98	30	100	80	9	5	47	22	60	58	61	23	14	11	49	89	86	9	86	68	58	
69	2	81	1	3	80	7	25	44	47	62	12	4	52	58	48	4	61	32	4	50	97	65	24	7	80	40	60	21	83	-1	100	51	67	37	19	52	32	78	92	32	7	53	97	10	7	13	15	9	24	86	57	19	76	1	8	61	61	86	10	91	46	94	85	36	94	54	82	43	57	82	33	37	12	21	99	93	11	24	57	87	53	92	30	17	68	73	12	47	9	85	3	63	3	97	38	92	87	62	30	
94	2	15	18	15	25	26	81	25	36	33	75	94	82	78	57	83	62	100	53	49	79	92	84	86	36	39	33	74	82	100	-1	31	58	27	53	58	30	71	56	14	58	37	71	52	81	90	100	76	24	13	26	82	95	60	70	72	13	31	20	60	19	3	36	62	83	53	27	93	73	94	48	54	66	21	74	76	47	15	84	66	56	46	2	42	78	53	93	76	5	3	38	10	34	39	63	1	40	71	79	
56	44	90	59	17	24	43	16	7	2	57	28	88	100	52	28	13	16	88	75	75	48	80	75	56	94	40	73	44	85	51	31	-1	32	89	39	88	39	40	51	29	31	64	27	96	8	28	71	100	35	57	56	80	41	95	58	8	48	76	58	72	24	17	33	10	69	94	81	47	51	40	80	9	21	45	75	42	38	23	29	25	6	69	88	61	89	83	19	63	9	60	41	17	28	57	68	63	90	7	86	
1	8	53	71	69	50	12	30	84	29	91	39	28	82	70	45	88	62	7	61	74	33	1	98	13	18	35	96	68	66	67	58	32	-1	21	12	41	32	32	15	39	3	94	9	79	68	96	89	18	94	38	86	24	79	74	96	39	23	16	51	93	8	94	57	22	3	74	68	77	70	65	15	69	74	78	19	18	39	74	61	79	6	35	50	28	73	29	11	34	97	13	86	41	29	72	21	29	82	95	42	
63	33	15	83	18	22	78	92	82	99	64	75	99	26	46	28	100	23	33	39	45	16	51	97	8	1	61	66	65	44	37	27	89	21	-1	30	67	77	54	22	77	56	86	85	6	65	90	66	47	2	80	85	46	25	53	71	83	46	10	37	77	75	70	25	23	100	42	5	38	26	33	25	24	80	40	76	71	23	49	57	65	57	24	44	46	69	54	42	20	49	10	37	11	30	24	9	89	67	55	26	
59	65	78	60	10	90	73	64	91	98	48	91	51	67	7	79	42	70	33	3	16	85	51	84	49	62	94	69	92	89	19	53	39	12	30	-1	100	39	50	75	86	64	63	74	75	76	72	5	33	75	46	73	64	49	46	13	41	86	25	52	93	34	35	51	61	38	23	69	16	28	35	4	23	86	18	81	37	98	61	62	79	93	58	91	97	61	25	18	1	79	9	44	27	5	87	57	15	12	97	65	
19	77	29	73	15	75	91	30	6	49	70	37	42	14	86	73	7	2	12	24	68	95	14	37	98	66	41	9	81	75	52	58	88	41	67	100	-1	87	46	86	80	88	50	16	55	46	75	82	88	58	10	56	72	52	86	23	95	49	14	65	27	22	34	96	36	82	22	81	32	89	92	97	11	21	54	19	69	37	75	69	43	79	18	16	42	6	75	64	50	52	70	45	6	34	90	46	100	50	22	28	
29	29	6	46	20	100	3	83	98	68	72	13	70	4	17	78	3	51	8	52	88	26	88	8	62	60	6	28	72	29	32	30	39	32	77	39	87	-1	36	69	42	62	68	21	92	70	19	44	68	53	54	77	9	98	14	46	29	12	91	75	24	49	1	18	19	49	97	68	67	68	70	19	52	43	100	81	87	61	88	15	44	65	58	77	64	78	88	33	22	60	36	34	75	97	55	43	51	54	11	72	
63	60	26	82	42	73	25	52	4	7	96	21	61	16	6	95	89	90	42	37	38	67	58	33	47	55	21	95	86	39	78	71	40	32	54	50	46	36	-1	70	54	73	4	55	63	87	44	88	32	78	71	34	67	23	27	94	80	16	35	80	30	32	72	23	17	62	81	22	71	97	89	41	18	11	60	63	50	81	51	41	75	75	72	15	54	57	34	7	45	69	59	3	47	98	90	60	93	4	47	46	
99	86	65	22	17	21	35	92	8	44	83	28	54	35	4	46	33	58	89	85	81	31	6	86	38	15	51	57	70	1	92	56	51	15	22	75	86	69	70	-1	45	48	72	15	73	30	99	30	24	70	61	53	94	88	85	10	22	100	62	36	59	40	53	1	36	23	43	7	21	82	61	53	89	56	61	24	49	68	7	26	77	9	64	57	45	13	19	15	95	99	64	76	28	41	42	64	51	3	48	79	
77	98	11	35	19	12	88	98	38	46	13	78	82	54	25	30	64	94	4	82	14	52	72	100	53	8	23	36	23	8	32	14	29	39	77	86	80	42	54	45	-1	13	84	20	47	9	53	91	29	60	11	11	94	61	28	65	51	97	62	89	10	33	71	20	87	38	4	22	96	46	29	40	85	65	49	28	10	15	39	50	85	64	67	45	59	32	57	66	90	36	70	20	84	60	33	97	18	59	81	96	
13	86	89	87	72	40	68	79	62	28	85	89	49	22	90	65	16	2	25	59	2	15	95	13	33	15	45	84	46	91	7	58	31	3	56	64	88	62	73	48	13	-1	39	8	3	84	31	54	7	92	72	46	17	87	72	7	66	49	23	42	61	59	94	31	91	8	4	32	74	56	84	73	76	77	87	56	91	32	15	38	68	97	5	9	97	74	71	47	55	5	32	75	80	91	44	67	63	24	83	74	
52	39	18	53	61	98	86	86	24	78	40	91	70	28	22	12	24	89	90	89	39	3	91	84	98	33	58	70	63	64	53	37	64	94	86	63	50	68	4	72	84	39	-1	53	13	93	18	44	17	76	40	34	59	69	59	69	2	27	10	17	70	53	26	1	2	46	84	17	67	15	74	83	12	75	36	97	75	82	73	66	7	84	79	4	69	43	75	62	72	68	84	94	32	50	67	25	71	99	83	17	
50	46	12	20	42	12	73	63	83	96	61	22	6	66	96	41	61	35	78	38	91	1	22	39	21	67	31	86	92	47	97	71	27	9	85	74	16	21	55	15	20	8	53	-1	18	43	2	95	26	18	75	37	38	14	38	38	47	5	53	81	51	59	24	86	46	35	3	43	99	58	10	35	45	73	54	93	97	61	82	98	23	24	76	10	95	17	25	44	78	74	10	13	89	29	96	35	37	13	67	50	
21	26	33	66	26	18	14	75	75	35	62	76	97	17	39	25	58	82	76	23	78	23	12	51	23	33	58	80	85	28	10	52	96	79	6	75	55	92	63	73	47	3	13	18	-1	40	2	43	23	7	96	79	27	48	92	25	14	6	83	89	84	22	75	98	88	16	76	66	47	55	23	29	55	65	65	44	69	14	33	70	4	3	34	4	71	38	60	61	81	80	65	100	67	22	41	69	57	48	33	65	
80	93	14	89	81	71	18	3	14	73	90	17	12	21	76	4	46	23	48	39	76	66	20	26	84	9	61	48	44	3	7	81	8	68	65	76	46	70	87	30	9	84	93	43	40	-1	8	11	79	74	43	25	67	2	29	34	64	43	43	29	5	7	47	60	14	69	56	96	86	56	70	92	90	30	64	3	20	19	16	12	92	35	87	86	39	37	22	8	2	98	60	82	37	34	82	61	96	73	55	40	
27	39	99	61	74	71	53	46	27	20	90	48	73	70	12	14	44	82	76	88	10	15	23	95	63	40	76	50	67	10	13	90	28	96	90	72	75	19	44	99	53	31	18	2	2	8	-1	36	40	39	79	95	93	37	84	82	72	35	36	23	96	91	23	46	18	16	63	15	51	95	38	100	60	35	18	81	49	5	8	53	66	92	60	87	14	60	68	85	1	25	51	55	89	47	85	95	3	43	56	3	
14	61	64	83	2	88	76	37	97	30	99	6	34	60	29	94	3	14	38	20	83	94	88	74	66	89	9	82	13	45	15	100	71	89	66	5	82	44	88	30	91	54	44	95	43	11	36	-1	70	8	8	44	60	39	26	66	89	96	5	52	45	14	35	62	69	1	7	64	12	21	50	36	30	66	63	10	57	10	94	23	4	11	81	64	44	62	6	81	33	30	75	26	25	29	91	76	83	83	24	3	
21	8	8	48	82	3	60	16	74	43	8	77	51	6	38	65	37	49	96	99	12	45	31	32	97	36	62	33	76	7	9	76	100	18	47	33	88	68	32	24	29	7	17	26	23	79	40	70	-1	14	25	17	42	51	81	22	88	41	90	82	62	15	67	52	33	19	75	37	49	37	32	1	14	14	96	76	46	90	48	19	99	80	43	23	78	64	76	66	8	49	28	11	36	85	65	58	34	89	52	88	
50	62	17	77	30	88	2	92	96	34	85	52	9	68	87	36	82	72	35	59	74	99	38	26	55	59	92	84	74	49	24	24	35	94	2	75	58	53	78	70	60	92	76	18	7	74	39	8	14	-1	54	37	14	8	64	24	77	95	87	48	22	66	23	48	84	69	75	33	87	6	22	7	37	30	22	76	73	43	63	26	3	51	9	89	72	63	4	63	38	44	3	59	58	42	95	24	27	75	26	71	
12	72	80	14	14	35	29	30	83	87	13	80	22	67	49	71	65	59	3	73	21	81	41	78	81	79	16	83	5	51	86	13	57	38	80	46	10	54	71	61	11	72	40	75	96	43	79	8	25	54	-1	74	30	35	37	36	47	55	98	87	54	28	35	77	45	89	94	57	39	75	3	48	39	31	9	19	38	76	43	54	52	53	68	44	63	54	1	12	57	71	77	15	83	14	50	90	75	95	70	7	
39	76	76	12	64	78	9	65	25	3	19	92	98	64	26	52	70	58	88	4	33	14	72	11	8	35	54	35	34	23	57	26	56	86	85	73	56	77	34	53	11	46	34	37	79	25	95	44	17	37	74	-1	84	92	88	79	90	2	32	31	11	9	40	51	4	6	1	98	41	3	18	52	84	63	59	20	63	16	40	62	8	25	87	12	49	52	55	39	64	72	46	64	68	78	85	71	24	97	63	16	
20	65	92	46	100	38	3	66	75	70	1	90	10	46	64	41	63	91	67	59	2	51	11	3	96	76	74	5	49	99	19	82	80	24	46	64	72	9	67	94	94	17	59	38	27	67	93	60	42	14	30	84	-1	3	51	12	85	6	86	99	92	66	79	73	48	65	37	91	81	98	93	6	71	19	61	50	15	15	47	9	42	32	28	60	38	34	77	34	75	92	56	4	29	71	85	82	78	93	51	48	
86	9	49	65	32	75	37	99	70	50	29	74	87	63	16	85	58	92	96	65	53	41	49	93	28	41	60	7	87	55	76	95	41	79	25	49	52	98	23	88	61	87	69	14	48	2	37	39	51	8	35	92	3	-1	78	100	69	82	61	3	86	24	64	36	93	12	88	99	5	50	84	54	5	6	86	1	22	32	92	99	68	97	10	61	81	72	86	31	76	16	55	53	55	100	11	89	67	26	77	94	
86	88	74	80	32	4	21	94	51	95	54	79	73	75	79	38	53	38	72	21	69	85	41	86	46	15	42	7	59	47	1	60	95	74	53	46	86	14	27	85	28	72	59	38	92	29	84	26	81	64	37	88	51	78	-1	20	4	97	94	35	47	53	19	54	54	88	78	36	52	13	97	5	61	75	6	20	78	10	33	70	57	44	3	70	47	40	36	63	73	43	22	84	73	85	18	23	22	51	6	43	
28	1	97	44	1	97	35	16	55	52	80	55	53	12	22	59	16	76	20	47	71	40	67	78	75	65	79	35	73	25	8	70	58	96	71	13	23	46	94	10	65	7	69	38	25	34	82	66	22	24	36	79	12	100	20	-1	41	23	52	26	26	99	86	55	66	81	62	33	90	34	84	9	71	82	42	56	99	68	19	7	69	23	99	22	40	95	30	55	26	43	3	77	59	35	67	13	14	98	85	3	
77	31	24	19	1	77	62	44	26	19	87	64	67	2	71	17	13	2	68	18	90	66	61	30	76	16	6	83	39	4	61	72	8	39	83	41	95	29	80	22	51	66	2	47	14	64	72	89	88	77	47	90	85	69	4	41	-1	76	42	80	40	26	43	79	74	97	41	69	45	81	45	50	77	60	57	96	16	69	51	13	85	39	11	20	68	88	55	1	100	40	49	75	95	40	35	12	30	35	18	31	
95	77	76	27	86	1	57	65	5	3	12	47	70	74	83	61	3	63	88	66	51	84	47	8	98	34	39	20	91	99	61	13	48	23	46	86	49	12	16	100	97	49	27	5	6	43	35	96	41	95	55	2	6	82	97	23	76	-1	40	58	99	82	75	83	93	61	12	96	57	7	6	24	10	25	6	51	22	71	45	94	52	96	19	74	70	57	23	97	74	38	91	48	39	35	28	59	79	24	45	34	
38	65	86	27	26	83	16	61	51	21	6	70	88	91	34	35	37	1	23	5	20	45	40	95	92	98	30	37	13	39	86	31	76	16	10	25	14	91	35	62	62	23	10	53	83	43	36	5	90	87	98	32	86	61	94	52	42	40	-1	42	64	57	57	66	3	62	99	33	75	45	58	38	11	99	82	63	89	85	15	71	30	31	96	15	3	13	17	43	54	26	39	26	25	48	58	1	14	77	92	60	
66	26	11	72	1	53	54	70	37	51	24	40	26	100	99	80	88	17	69	45	48	32	52	77	30	39	5	83	53	100	10	20	58	51	37	52	65	75	80	36	89	42	17	81	89	29	23	52	82	48	87	31	99	3	35	26	80	58	42	-1	20	9	77	46	61	71	25	36	77	76	37	23	54	78	12	57	35	33	42	68	98	44	3	29	81	53	36	56	93	6	94	49	70	3	1	67	98	12	92	43	
66	96	48	48	3	60	61	70	11	47	13	54	66	26	15	9	8	36	1	32	83	74	97	74	46	21	40	72	85	28	91	60	72	93	77	93	27	24	30	59	10	61	70	51	84	5	96	45	62	22	54	11	92	86	47	26	40	99	64	20	-1	44	49	59	99	66	91	74	23	10	52	28	91	41	66	14	74	21	8	9	59	13	81	97	42	79	89	3	14	73	45	38	45	3	19	61	19	27	42	92	
30	2	15	25	36	23	59	30	27	48	93	59	80	48	14	37	66	85	6	73	76	61	81	53	88	11	97	48	2	61	46	19	24	8	75	34	22	49	32	40	33	59	53	59	22	7	91	14	15	66	28	9	66	24	53	99	26	82	57	9	44	-1	10	58	31	88	64	10	4	60	91	53	40	50	58	93	82	25	25	24	27	72	51	87	6	82	1	93	63	72	22	41	84	72	85	71	25	51	31	38	
8	38	89	77	100	64	92	87	85	10	38	92	24	27	87	24	51	46	24	38	52	20	69	100	33	61	14	69	27	1	94	3	17	94	70	35	34	1	72	53	71	94	26	24	75	47	23	35	67	23	35	40	79	64	19	86	43	75	57	77	49	10	-1	50	61	42	44	41	43	52	54	30	70	48	44	67	75	98	75	40	14	81	43	19	34	6	83	8	56	54	62	82	92	52	33	5	5	60	19	63	
93	60	13	66	42	9	27	77	43	96	55	48	27	1	59	55	83	41	100	64	40	84	34	77	42	67	98	97	92	63	85	36	33	57	25	51	96	18	23	1	20	31	1	86	98	60	46	62	52	48	77	51	73	36	54	55	79	83	66	46	59	58	50	-1	25	63	60	92	88	32	60	55	95	90	50	38	84	83	40	21	8	81	6	22	50	55	3	15	2	74	10	16	8	16	93	87	10	97	82	49	
61	7	22	31	11	27	41	77	54	45	52	85	100	81	13	49	7	50	81	9	29	68	72	54	34	93	15	62	21	43	36	62	10	22	23	61	36	19	17	36	87	91	2	46	88	14	18	69	33	84	45	4	48	93	54	66	74	93	3	61	99	31	61	25	-1	35	4	59	35	2	20	63	36	78	80	93	97	67	16	33	10	93	65	21	95	27	66	26	7	23	84	3	88	68	47	32	87	68	58	47	
15	79	72	31	47	56	52	16	14	1	69	37	14	34	100	44	61	86	66	60	5	71	31	19	66	38	84	64	52	91	94	83	69	3	100	38	82	49	62	23	38	8	46	35	16	69	16	1	19	69	89	6	65	12	88	81	97	61	62	71	66	88	42	63	35	-1	41	43	65	39	15	11	80	70	1	70	63	29	1	53	64	5	54	54	48	8	15	64	38	80	2	77	61	95	45	69	92	56	39	18	
88	90	27	2	61	47	19	79	95	44	48	15	11	67	87	94	25	19	2	36	2	17	30	56	79	47	44	18	53	79	54	53	94	74	42	23	22	97	81	43	4	4	84	3	76	56	63	7	75	75	94	1	37	88	78	62	41	12	99	25	91	64	44	60	4	41	-1	23	14	34	99	95	30	51	88	29	1	70	70	36	30	57	23	28	61	55	81	59	77	62	71	38	31	32	60	39	7	88	70	42	
38	91	15	90	71	12	28	69	65	79	21	53	2	36	58	2	70	74	92	36	17	16	26	64	21	14	85	90	80	28	82	27	81	68	5	69	81	68	22	7	22	32	17	43	66	96	15	64	37	33	57	98	91	99	36	33	69	96	33	36	74	10	41	92	59	43	23	-1	59	61	58	5	86	95	11	40	62	70	76	64	29	59	22	66	96	51	20	31	6	91	61	64	7	10	59	39	80	9	1	28	
2	28	41	81	82	100	4	5	91	52	1	30	35	13	81	45	39	4	72	93	82	93	20	63	25	25	7	94	14	31	43	93	47	77	38	16	32	67	71	21	96	74	67	99	47	86	51	12	49	87	39	41	81	5	52	90	45	57	75	77	23	4	43	88	35	65	14	59	-1	90	12	100	61	13	35	10	42	32	96	7	6	62	12	55	42	30	8	63	70	66	13	74	77	64	13	16	32	10	49	18	
30	45	52	78	51	31	94	34	24	83	83	85	67	29	3	90	48	29	49	39	28	51	8	44	97	21	14	28	2	28	57	73	51	70	26	28	89	68	97	82	46	56	15	58	55	56	95	21	37	6	75	3	98	50	13	34	81	7	45	76	10	60	52	32	2	39	34	61	90	-1	3	29	80	73	16	40	77	36	100	6	56	95	52	8	28	74	55	91	41	52	100	49	76	92	70	82	56	13	94	26	
37	17	63	28	94	22	48	43	62	9	20	23	52	100	85	100	57	89	40	71	43	47	95	39	76	15	45	52	2	72	82	94	40	65	33	35	92	70	89	61	29	84	74	10	23	70	38	50	32	22	3	18	93	84	97	84	45	6	58	37	52	91	54	60	20	15	99	58	12	3	-1	88	86	45	69	4	53	62	55	16	27	34	85	38	40	67	75	84	83	26	42	78	69	12	41	25	38	23	84	28	
56	21	97	46	16	36	65	81	66	100	73	75	61	64	1	88	15	63	24	8	41	62	82	79	26	53	75	46	51	95	33	48	80	15	25	4	97	19	41	53	40	73	83	35	29	92	100	36	1	7	48	52	6	54	5	9	50	24	38	23	28	53	30	55	63	11	95	5	100	29	88	-1	32	4	12	62	43	48	85	33	85	91	1	45	34	16	44	7	6	15	24	79	30	27	23	24	21	36	11	63	
30	6	35	98	20	65	38	54	39	65	81	32	58	80	90	26	61	22	96	87	65	31	2	25	39	32	95	19	78	33	37	54	9	69	24	23	11	52	18	89	85	76	12	45	55	90	60	30	14	37	39	84	71	5	61	71	77	10	11	54	91	40	70	95	36	80	30	86	61	80	86	32	-1	56	67	66	71	88	15	42	72	50	97	15	25	11	35	14	47	21	38	68	70	90	95	79	14	51	50	52	
52	92	62	92	46	80	10	21	24	94	89	76	28	53	37	48	14	60	66	5	14	95	68	9	92	93	72	32	96	29	12	66	21	74	80	86	21	43	11	56	65	77	75	73	65	30	35	66	14	30	31	63	19	6	75	82	60	25	99	78	41	50	48	90	78	70	51	95	13	73	45	4	56	-1	94	52	34	26	27	2	20	97	65	25	11	83	13	47	91	47	90	40	57	87	38	72	75	12	51	86	
52	4	24	4	13	79	73	45	10	100	48	100	72	90	64	96	18	79	48	94	1	7	57	29	13	25	85	4	35	82	21	21	45	78	40	18	54	100	60	61	49	87	36	54	65	64	18	63	96	22	9	59	61	86	6	42	57	6	82	12	66	58	44	50	80	1	88	11	35	16	69	12	67	94	-1	49	47	43	27	74	78	16	33	42	40	76	84	88	57	100	90	84	89	73	26	24	70	8	81	30	
81	29	91	74	81	13	51	52	11	99	34	27	5	35	25	93	37	38	56	67	83	54	46	79	80	3	30	41	77	86	99	74	75	19	76	81	19	81	63	24	28	56	97	93	44	3	81	10	76	76	19	20	50	1	20	56	96	51	63	57	14	93	67	38	93	70	29	40	10	40	4	62	66	52	49	-1	36	94	51	96	9	47	91	15	65	24	20	1	68	31	42	66	61	34	90	60	61	86	93	58	
5	22	73	20	80	27	52	15	95	57	10	46	46	50	84	41	62	31	15	15	17	18	65	60	8	13	59	99	9	65	93	76	42	18	71	37	69	87	50	49	10	91	75	97	69	20	49	57	46	73	38	63	15	22	78	99	16	22	89	35	74	82	75	84	97	63	1	62	42	77	53	43	71	34	47	36	-1	77	5	24	66	20	41	4	59	68	52	38	17	62	69	98	6	24	5	11	45	88	21	50	
74	39	85	71	64	66	32	83	89	13	1	19	49	26	9	32	37	55	69	5	32	54	51	77	25	84	94	61	55	21	11	47	38	39	23	98	37	61	81	68	15	32	82	61	14	19	5	10	90	43	76	16	15	32	10	68	69	71	85	33	21	25	98	83	67	29	70	70	32	36	62	48	88	26	43	94	77	-1	45	30	17	60	16	34	2	77	96	14	20	95	82	32	31	83	17	48	43	98	10	17	
63	31	30	28	10	84	76	61	55	4	40	28	63	24	71	64	77	41	72	65	13	77	51	10	77	50	57	95	29	42	24	15	23	74	49	61	75	88	51	7	39	15	73	82	33	16	8	94	48	63	43	40	47	92	33	19	51	45	15	42	8	25	75	40	16	1	70	76	96	100	55	85	15	27	27	51	5	45	-1	6	97	2	41	92	65	47	82	85	61	90	3	42	47	52	11	77	19	31	64	26	
54	18	91	89	4	17	76	72	41	13	14	64	67	12	38	40	33	8	84	80	59	80	38	81	73	26	55	97	68	98	57	84	29	61	57	62	69	15	41	26	50	38	66	98	70	12	53	23	19	26	54	62	9	99	70	7	13	94	71	68	9	24	40	21	33	53	36	64	7	6	16	33	42	2	74	96	24	30	6	-1	77	88	55	30	20	87	63	95	5	31	27	56	50	86	56	27	56	99	67	92	
90	1	16	29	29	79	68	79	32	89	46	39	96	25	26	26	5	55	26	19	37	79	81	5	95	5	80	10	86	30	87	66	25	79	65	79	43	44	75	77	85	68	7	23	4	92	66	4	99	3	52	8	42	68	57	69	85	52	30	98	59	27	14	8	10	64	30	29	6	56	27	85	72	20	78	9	66	17	97	77	-1	80	82	99	12	85	87	29	17	57	63	13	92	20	16	76	96	21	16	26	
51	22	45	58	87	61	67	10	18	17	4	19	31	84	25	15	66	70	7	53	54	27	94	90	97	30	31	87	80	100	53	56	6	6	57	93	79	65	75	9	64	97	84	24	3	35	92	11	80	51	53	25	32	97	44	23	39	96	31	44	13	72	81	81	93	5	57	59	62	95	34	91	50	97	16	47	20	60	2	88	80	-1	29	88	23	18	33	12	80	100	42	14	76	67	32	41	37	91	100	59	
66	1	15	71	66	6	11	88	84	74	9	28	62	31	50	94	89	58	51	42	83	83	2	39	57	78	69	98	42	80	92	46	69	35	24	58	18	58	72	64	67	5	79	76	34	87	60	81	43	9	68	87	28	10	3	99	11	19	96	3	81	51	43	6	65	54	23	22	12	52	85	1	97	65	33	91	41	16	41	55	82	29	-1	23	72	72	100	100	35	81	62	53	24	75	21	55	41	28	24	51	
57	76	42	91	51	60	52	49	15	42	18	28	96	36	61	70	7	99	17	6	14	28	89	30	57	35	79	45	18	9	30	2	88	50	44	91	16	77	15	57	45	9	4	10	4	86	87	64	23	89	44	12	60	61	70	22	20	74	15	29	97	87	19	22	21	54	28	66	55	8	38	45	15	25	42	15	4	34	92	30	99	88	23	-1	58	92	38	6	62	63	46	80	81	64	13	43	78	32	6	18	
83	82	66	80	57	3	56	94	40	40	85	18	15	55	73	51	100	74	67	62	82	88	70	37	56	26	34	49	79	5	17	42	61	28	46	97	42	64	54	45	59	97	69	95	71	39	14	44	78	72	63	49	38	81	47	40	68	70	3	81	42	6	34	50	95	48	61	96	42	28	40	34	25	11	40	65	59	2	65	20	12	23	72	58	-1	23	6	52	50	98	17	50	45	66	50	19	93	99	37	3	
17	55	89	66	22	57	61	79	94	42	42	39	91	97	79	29	94	92	3	64	23	18	100	84	43	75	22	27	73	47	68	78	89	73	69	61	6	78	57	13	32	74	43	17	38	37	60	62	64	63	54	52	34	72	40	95	88	57	13	53	79	82	6	55	27	8	55	51	30	74	67	16	11	83	76	24	68	77	47	87	85	18	72	92	23	-1	67	22	70	86	57	85	80	43	25	14	100	32	55	81	
17	62	96	2	65	39	91	71	97	59	13	43	40	74	32	54	60	94	28	46	60	86	23	8	45	93	3	54	95	22	73	53	83	29	54	25	75	88	34	19	57	71	75	25	60	22	68	6	76	4	1	55	77	86	36	30	55	23	17	36	89	1	83	3	66	15	81	20	8	55	75	44	35	13	84	20	52	96	82	63	87	33	100	38	6	67	-1	2	72	81	46	90	85	89	59	21	20	82	79	86	
15	93	51	19	32	34	82	29	71	36	78	65	1	94	69	65	85	96	26	52	41	62	60	42	43	66	36	14	24	60	12	93	19	11	42	18	64	33	7	15	66	47	62	44	61	8	85	81	66	63	12	39	34	31	63	55	1	97	43	56	3	93	8	15	26	64	59	31	63	91	84	7	14	47	88	1	38	14	85	95	29	12	100	6	52	22	2	-1	17	22	52	26	67	71	91	42	7	65	6	76	
75	13	45	15	28	24	25	24	14	21	7	45	81	31	9	58	32	75	98	11	16	57	82	81	98	39	34	28	28	58	47	76	63	34	20	1	50	22	45	95	90	55	72	78	81	2	1	33	8	38	57	64	75	76	73	26	100	74	54	93	14	63	56	2	7	38	77	6	70	41	83	6	47	91	57	68	17	20	61	5	17	80	35	62	50	70	72	17	-1	47	84	13	57	95	35	47	98	91	76	10	
22	40	31	49	49	54	37	60	85	17	82	63	86	65	17	33	42	73	84	9	29	99	78	60	83	28	1	36	8	61	9	5	9	97	49	79	52	60	69	99	36	5	68	74	80	98	25	30	49	44	71	72	92	16	43	43	40	38	26	6	73	72	54	74	23	80	62	91	66	52	26	15	21	47	100	31	62	95	90	31	57	100	81	63	98	86	81	22	47	-1	76	36	100	65	40	15	45	79	58	14	
43	100	52	13	28	15	89	96	42	34	92	15	34	41	5	68	19	40	93	5	12	90	69	67	29	68	99	50	82	23	85	3	60	13	10	9	70	36	59	64	70	32	84	10	65	60	51	75	28	3	77	46	56	55	22	3	49	91	39	94	45	22	62	10	84	2	71	61	13	100	42	24	38	90	90	42	69	82	3	27	63	42	62	46	17	57	46	52	84	76	-1	2	10	33	38	55	89	68	57	94	
2	47	1	81	39	26	73	95	79	40	73	44	61	58	10	73	38	51	74	41	40	77	90	52	95	57	5	60	26	14	3	38	41	86	37	44	45	34	3	76	20	75	94	13	100	82	55	26	11	59	15	64	4	53	84	77	75	48	26	49	38	41	82	16	3	77	38	64	74	49	78	79	68	40	84	66	98	32	42	56	13	14	53	80	50	85	90	26	13	36	2	-1	52	64	13	13	31	34	36	9	
4	63	96	60	95	74	23	88	8	62	30	88	41	3	75	68	27	14	53	83	86	17	84	96	36	77	41	47	66	11	63	10	17	41	11	27	6	75	47	28	84	80	32	89	67	37	89	25	36	58	83	68	29	55	73	59	95	39	25	70	45	84	92	8	88	61	31	7	77	76	69	30	70	57	89	61	6	31	47	50	92	76	24	81	45	80	85	67	57	100	10	52	-1	13	66	42	86	59	60	7	
28	84	64	65	82	33	95	91	86	59	59	39	17	71	18	30	46	39	90	63	84	35	15	9	70	36	1	26	54	49	3	34	28	29	30	5	34	97	98	41	60	91	50	29	22	34	47	29	85	42	14	78	71	100	85	35	40	35	48	3	3	72	52	16	68	95	32	10	64	92	12	27	90	87	73	34	24	83	52	86	20	67	75	64	66	43	89	71	95	65	33	64	13	-1	32	90	18	37	2	57	
47	48	23	97	23	4	28	16	18	83	57	71	15	13	26	86	92	42	87	75	94	32	91	32	45	97	69	28	63	89	97	39	57	72	24	87	90	55	90	42	33	44	67	96	41	82	85	91	65	95	50	85	85	11	18	67	35	28	58	1	19	85	33	93	47	45	60	59	13	70	41	23	95	38	26	90	5	17	11	56	16	32	21	13	50	25	59	91	35	40	38	13	66	32	-1	86	74	32	2	17	
17	78	91	39	61	85	17	2	99	48	74	57	49	52	23	33	78	11	66	75	2	87	90	71	37	36	61	27	14	86	38	63	68	21	9	57	46	43	60	64	97	67	25	35	69	61	95	76	58	24	90	71	82	89	23	13	12	59	1	67	61	71	5	87	32	69	39	39	16	82	25	24	79	72	24	60	11	48	77	27	76	41	55	43	19	14	21	42	47	15	55	13	42	90	86	-1	54	94	11	16	
72	67	4	26	6	5	32	4	9	76	34	87	31	8	98	4	90	98	94	82	9	40	38	47	46	45	83	73	38	9	92	1	63	29	89	15	100	51	93	51	18	63	71	37	57	96	3	83	34	27	75	24	78	67	22	14	30	79	14	98	19	25	5	10	87	92	7	80	32	56	38	21	14	75	70	61	45	43	19	56	96	37	41	78	93	100	20	7	98	45	89	31	86	18	74	54	-1	52	79	72	
18	12	57	87	98	55	7	8	82	8	91	11	11	19	29	97	12	77	22	96	44	32	99	4	87	17	99	68	22	86	87	40	90	82	67	12	50	54	4	3	59	24	99	13	48	73	43	83	89	75	95	97	93	26	51	98	35	24	77	12	27	51	60	97	68	56	88	9	10	13	23	36	51	12	8	86	88	98	31	99	21	91	28	32	99	32	82	65	91	79	68	34	59	37	32	94	52	-1	51	13	
21	38	46	79	14	9	17	14	74	79	82	40	68	60	98	27	42	9	67	56	52	82	75	45	70	37	24	86	44	68	62	71	7	95	55	97	22	11	47	48	81	83	83	67	33	55	56	24	52	26	70	63	51	77	6	85	18	45	92	92	42	31	19	82	58	39	70	1	49	94	84	11	50	51	81	93	21	10	64	67	16	100	24	6	37	55	79	6	76	58	57	36	60	2	2	11	79	51	-1	56	
6	40	81	61	55	44	73	19	65	77	60	73	20	94	37	97	97	78	94	93	19	91	18	84	9	96	63	78	54	58	30	79	86	42	26	65	28	72	46	79	96	74	17	50	65	40	3	3	88	71	7	16	48	94	43	3	31	34	60	43	92	38	63	49	47	18	42	28	18	26	28	63	52	86	30	58	50	17	26	92	26	59	51	18	3	81	86	76	10	14	94	9	7	57	17	16	72	13	56	-1	
