100
-1	63	39	17	46	6	84	88	81	40	19	100	41	95	23	97	40	78	35	61	78	19	71	70	18	61	67	44	62	9	69	67	76	42	61	68	46	44	55	43	47	14	4	13	19	66	56	23	65	13	47	71	78	74	78	89	41	16	12	49	17	28	18	11	23	11	31	87	16	36	12	34	97	77	79	16	89	15	12	59	71	7	12	32	5	38	18	29	68	64	88	83	89	85	87	97	67	88	25	33	
63	-1	98	80	82	69	91	100	52	4	85	10	76	66	3	47	62	5	71	5	68	25	19	28	10	27	26	91	95	93	97	26	100	65	2	68	53	8	44	31	80	9	5	74	35	50	93	94	40	48	88	59	27	61	1	9	2	27	15	19	91	16	88	91	55	45	77	12	77	91	26	23	59	26	86	23	97	36	97	15	34	54	71	46	95	1	80	47	4	96	42	28	81	96	6	55	34	28	43	50	
39	98	-1	31	10	23	36	31	85	100	98	2	32	50	51	80	48	41	95	64	61	34	20	97	79	65	3	72	14	29	29	93	38	52	45	22	69	44	5	86	13	58	95	87	59	45	86	55	16	54	32	55	70	32	55	76	18	13	87	93	3	95	98	1	99	95	47	19	24	17	71	91	2	38	1	79	87	62	7	50	52	70	5	15	74	62	10	77	91	82	13	6	5	90	58	1	31	33	69	49	
17	80	31	-1	79	90	17	23	12	90	97	2	6	65	47	65	38	17	86	88	2	63	22	21	4	39	36	30	82	91	72	54	22	98	74	4	51	62	100	68	67	31	14	41	14	6	73	81	32	27	34	15	62	97	2	99	67	22	74	81	12	25	16	91	24	54	22	68	10	55	84	32	56	85	81	11	65	57	34	21	49	67	5	91	51	10	99	51	83	37	60	39	53	74	40	28	90	41	63	58	
46	82	10	79	-1	6	75	4	23	69	76	81	52	26	5	46	21	76	78	8	49	39	71	40	97	91	29	60	41	48	36	65	89	2	63	98	81	37	83	8	100	27	31	87	1	45	99	68	61	63	32	79	39	20	64	54	98	97	42	58	23	85	36	54	43	9	31	94	5	21	91	45	63	51	15	99	56	53	99	100	2	57	77	73	83	32	97	16	30	36	60	65	43	72	78	8	5	64	90	1	
6	69	23	90	6	-1	31	20	98	79	60	23	65	36	76	100	25	83	11	42	56	7	24	65	61	39	75	76	34	14	95	60	58	10	35	9	56	99	18	80	58	73	48	33	15	46	82	45	13	33	73	30	91	20	71	22	37	75	99	85	90	97	94	59	19	74	2	94	49	21	18	32	77	36	62	27	41	99	56	36	86	37	11	33	100	9	91	55	57	87	9	63	82	61	57	85	98	92	57	29	
84	91	36	17	75	31	-1	25	59	83	84	80	16	50	91	53	52	9	65	53	24	97	31	8	61	80	67	73	76	93	43	43	46	86	72	80	33	24	28	39	64	22	63	47	68	73	4	97	28	46	8	78	29	15	1	7	21	31	44	57	17	48	87	69	81	56	5	70	1	76	98	24	41	74	79	73	20	65	13	90	33	65	26	9	65	58	17	60	25	62	17	69	27	17	60	95	22	28	52	63	
88	100	31	23	4	20	25	-1	11	63	15	8	53	40	91	48	45	77	68	20	63	96	25	18	16	65	56	37	64	56	2	84	29	89	58	95	44	60	93	70	84	80	55	27	57	15	3	74	19	34	44	75	79	63	94	24	37	20	91	36	87	18	100	3	56	94	42	39	84	75	61	22	15	32	89	53	97	87	72	8	25	42	85	15	93	80	6	5	64	52	96	66	69	90	53	42	43	10	70	8	
81	52	85	12	23	98	59	11	-1	66	85	34	72	41	37	59	25	40	76	36	30	24	16	3	35	8	98	83	87	34	32	77	3	75	35	58	73	3	93	72	82	73	35	42	92	38	58	37	89	82	59	80	4	47	85	38	1	53	18	27	87	95	80	36	91	92	45	95	20	92	41	71	77	45	96	27	74	21	68	57	91	5	47	76	45	67	19	98	83	79	45	56	4	35	25	11	45	33	77	57	
40	4	100	90	69	79	83	63	66	-1	26	65	68	22	48	47	100	87	62	50	85	56	80	50	4	9	27	64	5	91	18	31	44	40	96	80	74	37	19	33	14	86	56	27	29	51	84	35	76	61	19	22	39	2	11	15	99	9	36	93	36	22	13	40	39	62	69	33	47	81	99	21	32	7	58	17	93	77	45	84	79	40	99	77	74	63	42	56	87	30	85	82	86	93	50	99	80	21	16	4	
19	85	98	97	76	60	84	15	85	26	-1	41	45	78	13	72	29	72	84	71	24	95	99	25	34	4	62	41	8	95	53	56	34	70	68	74	77	7	20	53	31	85	9	31	28	84	84	1	39	18	84	87	8	34	39	94	30	91	62	36	63	4	9	87	71	6	91	96	11	37	78	97	91	44	37	37	26	80	67	47	44	40	80	78	49	62	89	59	100	3	4	71	30	99	84	23	68	31	70	61	
100	10	2	2	81	23	80	8	34	65	41	-1	25	60	65	85	45	13	56	91	71	68	49	35	30	33	8	22	31	54	88	87	32	6	25	99	71	48	63	36	4	99	30	20	57	100	71	48	89	31	1	2	91	50	79	16	68	14	81	14	38	83	37	11	94	82	1	51	80	93	22	23	9	87	67	37	38	17	37	46	67	91	53	93	82	35	61	2	10	19	51	87	86	97	92	18	38	32	79	39	
41	76	32	6	52	65	16	53	72	68	45	25	-1	20	72	92	47	90	91	20	89	31	42	34	35	39	42	31	61	5	99	54	70	56	68	9	91	87	44	96	28	32	48	16	83	82	35	98	28	7	90	1	63	70	40	84	32	14	45	28	16	50	89	10	86	90	4	56	85	89	40	90	57	60	6	43	84	28	92	19	50	68	22	31	55	50	83	71	48	46	23	80	84	78	55	74	53	44	89	63	
95	66	50	65	26	36	50	40	41	22	78	60	20	-1	73	5	8	65	46	19	34	65	53	81	64	28	26	29	73	38	45	99	43	100	87	12	47	94	97	14	15	78	92	66	37	79	72	13	5	42	66	91	79	93	47	97	70	85	27	30	20	89	18	45	96	3	54	33	76	87	97	44	26	45	25	20	49	28	73	55	59	60	13	6	46	48	65	100	4	9	90	91	55	93	77	80	53	99	76	79	
23	3	51	47	5	76	91	91	37	48	13	65	72	73	-1	55	78	78	26	48	56	35	50	13	1	84	41	2	88	16	74	55	53	19	10	56	44	9	85	94	97	63	96	99	1	10	72	16	67	8	46	41	50	30	52	36	71	54	13	66	50	62	93	82	13	1	15	59	23	43	94	68	94	35	85	18	76	74	46	43	92	29	26	72	56	83	39	12	45	78	77	22	57	67	37	55	32	80	67	13	
97	47	80	65	46	100	53	48	59	47	72	85	92	5	55	-1	70	9	55	35	12	57	71	98	85	82	19	7	63	3	17	11	26	93	65	23	44	28	75	43	81	8	100	53	93	67	19	54	68	89	85	33	90	41	75	99	43	77	26	2	64	29	2	92	71	56	76	66	55	57	42	74	20	92	89	13	53	23	53	89	54	58	50	55	4	48	51	80	27	28	46	34	56	24	67	60	91	25	26	97	
40	62	48	38	21	25	52	45	25	100	29	45	47	8	78	70	-1	47	59	18	92	91	19	28	87	39	82	54	28	60	52	100	49	43	9	52	43	65	98	49	4	7	79	59	59	80	87	25	88	23	77	3	16	5	18	56	83	56	26	3	17	69	3	62	78	31	4	67	50	48	15	78	27	20	62	94	68	83	86	91	98	32	60	69	29	28	43	63	29	47	47	46	37	61	36	19	32	35	94	78	
78	5	41	17	76	83	9	77	40	87	72	13	90	65	78	9	47	-1	10	21	32	97	41	79	58	52	73	75	63	30	40	94	74	48	22	52	49	84	37	65	83	33	76	37	75	65	81	96	78	35	95	19	31	18	69	74	89	13	60	18	85	29	46	36	26	40	20	26	13	39	6	2	48	38	53	21	66	43	86	30	72	56	48	71	23	69	54	30	97	53	54	100	84	88	36	59	37	45	51	22	
35	71	95	86	78	11	65	68	76	62	84	56	91	46	26	55	59	10	-1	45	96	57	57	38	43	30	64	55	49	23	56	1	55	51	28	13	90	25	86	30	85	15	66	49	27	82	74	37	59	15	35	12	76	30	2	23	23	1	39	45	23	59	38	36	79	86	31	35	78	66	52	15	83	38	83	34	78	8	62	4	15	12	53	46	73	17	87	53	86	63	41	73	57	80	81	25	40	74	11	16	
61	5	64	88	8	42	53	20	36	50	71	91	20	19	48	35	18	21	45	-1	35	12	44	24	56	25	13	54	57	93	14	58	71	81	22	40	40	29	29	55	40	84	27	98	23	56	61	28	18	3	61	44	86	85	23	41	13	10	1	50	28	34	95	29	92	95	7	45	6	100	95	70	61	4	8	44	13	44	29	50	57	32	25	40	72	27	53	27	24	34	26	60	71	83	8	31	3	66	71	77	
78	68	61	2	49	56	24	63	30	85	24	71	89	34	56	12	92	32	96	35	-1	17	48	19	49	85	62	85	27	95	24	78	6	33	27	42	15	11	67	73	57	99	5	49	15	50	12	66	52	30	10	92	81	39	78	41	52	52	35	54	96	57	92	71	93	54	50	73	9	9	53	64	47	36	3	61	43	42	77	57	90	99	7	14	60	78	82	82	55	98	72	62	58	4	99	17	14	28	70	37	
19	25	34	63	39	7	97	96	24	56	95	68	31	65	35	57	91	97	57	12	17	-1	91	16	21	13	94	77	75	4	65	73	21	72	59	1	80	66	46	64	3	98	43	27	86	86	13	50	83	96	21	95	95	43	24	2	90	81	73	89	75	50	64	20	9	80	47	56	19	36	36	71	7	88	11	39	36	21	94	33	66	27	42	95	65	90	68	81	70	3	68	71	57	92	84	76	25	20	88	19	
71	19	20	22	71	24	31	25	16	80	99	49	42	53	50	71	19	41	57	44	48	91	-1	82	3	49	25	12	56	35	2	41	60	24	31	93	74	18	65	23	71	8	55	19	24	11	93	78	14	66	79	5	77	64	80	34	4	37	33	87	84	68	17	28	78	91	14	92	38	100	75	18	66	91	39	86	92	11	18	65	91	9	55	5	71	62	58	6	30	45	51	24	58	41	14	62	48	44	60	14	
70	28	97	21	40	65	8	18	3	50	25	35	34	81	13	98	28	79	38	24	19	16	82	-1	63	84	26	71	14	61	61	39	30	87	14	20	88	41	7	69	33	87	37	36	66	80	83	99	38	31	59	39	30	58	99	61	64	79	23	31	44	22	1	29	71	72	41	73	28	55	54	24	99	18	69	94	88	10	17	75	93	56	46	31	75	69	10	23	34	4	97	25	75	39	55	66	86	73	63	98	
18	10	79	4	97	61	61	16	35	4	34	30	35	64	1	85	87	58	43	56	49	21	3	63	-1	24	34	70	87	14	79	70	57	59	31	21	38	30	82	5	74	60	46	53	41	37	55	47	48	52	39	67	40	20	14	76	65	47	58	70	94	98	42	88	5	35	36	15	54	34	88	31	11	48	48	39	11	44	77	39	59	42	79	29	64	60	91	41	86	58	3	58	1	42	20	40	50	97	8	67	
61	27	65	39	91	39	80	65	8	9	4	33	39	28	84	82	39	52	30	25	85	13	49	84	24	-1	48	61	95	15	55	64	63	26	48	67	21	4	95	70	5	17	6	67	53	80	75	9	70	82	47	11	8	36	80	81	96	25	96	42	34	19	86	87	75	89	22	95	87	38	24	19	99	56	18	40	51	22	47	43	58	42	30	48	74	57	14	82	6	22	57	14	85	66	56	90	97	84	19	88	
67	26	3	36	29	75	67	56	98	27	62	8	42	26	41	19	82	73	64	13	62	94	25	26	34	48	-1	51	100	54	94	33	84	71	56	53	24	89	25	60	18	96	98	35	80	77	17	80	4	84	88	37	12	53	68	68	84	16	45	2	88	61	27	6	90	58	31	72	40	90	46	27	74	14	85	86	83	97	29	46	36	78	53	56	81	1	6	89	11	5	11	71	61	88	37	82	79	23	52	31	
44	91	72	30	60	76	73	37	83	64	41	22	31	29	2	7	54	75	55	54	85	77	12	71	70	61	51	-1	28	42	55	11	90	72	36	63	8	38	51	98	31	93	33	57	61	59	80	22	66	34	33	39	43	53	37	17	37	34	84	98	6	9	55	52	27	41	20	19	97	100	7	90	15	38	95	61	72	92	57	25	5	70	68	25	59	74	62	32	34	39	30	86	64	86	43	91	27	19	48	13	
62	95	14	82	41	34	76	64	87	5	8	31	61	73	88	63	28	63	49	57	27	75	56	14	87	95	100	28	-1	56	54	76	74	98	40	79	6	66	68	62	18	61	3	80	65	99	39	5	37	89	78	35	50	53	78	70	27	19	84	4	53	92	74	99	24	75	49	70	3	64	23	42	47	16	3	72	3	84	42	81	11	65	74	86	30	88	58	50	20	76	37	14	56	77	2	67	14	18	95	56	
9	93	29	91	48	14	93	56	34	91	95	54	5	38	16	3	60	30	23	93	95	4	35	61	14	15	54	42	56	-1	44	12	96	38	54	40	31	24	96	70	42	99	87	48	4	40	3	23	64	12	27	89	30	40	17	46	51	37	11	50	3	64	66	63	97	77	43	79	35	21	47	10	38	91	31	1	68	65	95	5	40	18	99	97	71	90	12	37	4	48	12	45	45	67	16	66	40	80	44	31	
69	97	29	72	36	95	43	2	32	18	53	88	99	45	74	17	52	40	56	14	24	65	2	61	79	55	94	55	54	44	-1	46	55	100	90	31	76	70	72	14	68	13	50	4	48	80	90	51	45	25	53	47	5	4	26	49	9	54	99	6	59	51	75	18	61	16	28	25	3	89	57	46	30	66	70	38	9	11	3	51	89	53	94	70	95	7	29	26	73	17	44	15	13	52	74	89	12	62	6	60	
67	26	93	54	65	60	43	84	77	31	56	87	54	99	55	11	100	94	1	58	78	73	41	39	70	64	33	11	76	12	46	-1	39	39	68	87	38	52	45	95	98	95	91	35	53	39	93	31	3	65	6	77	19	20	80	54	34	61	38	20	56	86	10	79	81	96	97	82	89	6	20	68	3	60	56	91	1	36	16	92	1	23	93	91	12	23	82	85	8	56	94	87	16	81	19	100	44	64	56	91	
76	100	38	22	89	58	46	29	3	44	34	32	70	43	53	26	49	74	55	71	6	21	60	30	57	63	84	90	74	96	55	39	-1	54	45	5	14	99	98	49	23	15	6	92	17	84	48	6	70	28	99	96	66	4	44	50	57	20	50	80	1	37	12	69	66	74	95	9	100	22	62	2	23	73	96	53	76	73	37	82	42	10	95	29	30	57	58	98	16	73	41	75	71	60	67	77	75	69	98	76	
42	65	52	98	2	10	86	89	75	40	70	6	56	100	19	93	43	48	51	81	33	72	24	87	59	26	71	72	98	38	100	39	54	-1	88	33	67	99	34	99	23	28	7	79	48	31	53	83	75	25	13	17	24	78	66	51	14	47	66	68	18	70	5	30	2	79	84	48	54	4	89	26	21	43	84	3	4	54	33	74	11	88	18	64	69	46	100	5	42	8	45	41	83	53	2	53	1	56	94	6	
61	2	45	74	63	35	72	58	35	96	68	25	68	87	10	65	9	22	28	22	27	59	31	14	31	48	56	36	40	54	90	68	45	88	-1	62	29	40	57	1	28	17	4	50	64	3	52	88	58	19	67	6	6	30	60	40	66	38	52	8	15	92	15	37	81	59	72	87	39	91	5	51	73	86	99	100	55	35	60	33	7	94	54	53	11	52	83	69	65	75	61	1	58	56	60	62	56	90	1	57	
68	68	22	4	98	9	80	95	58	80	74	99	9	12	56	23	52	52	13	40	42	1	93	20	21	67	53	63	79	40	31	87	5	33	62	-1	76	66	58	4	72	45	27	21	73	85	83	87	71	56	40	13	31	49	47	68	45	61	19	28	68	97	43	70	55	73	6	93	69	40	39	39	11	45	22	81	77	33	45	37	54	89	66	90	51	27	32	21	47	100	71	55	80	69	93	3	9	90	55	14	
46	53	69	51	81	56	33	44	73	74	77	71	91	47	44	44	43	49	90	40	15	80	74	88	38	21	24	8	6	31	76	38	14	67	29	76	-1	27	46	17	12	52	77	33	40	10	42	77	43	24	81	31	49	72	76	25	24	41	100	49	5	9	46	78	80	22	30	43	60	8	100	67	23	46	34	10	23	30	98	84	49	82	88	56	81	76	5	54	50	32	40	12	67	57	57	73	98	25	85	86	
44	8	44	62	37	99	24	60	3	37	7	48	87	94	9	28	65	84	25	29	11	66	18	41	30	4	89	38	66	24	70	52	99	99	40	66	27	-1	8	86	38	70	53	81	12	21	78	44	35	81	76	26	33	88	38	61	10	56	50	93	34	4	20	3	14	94	32	20	15	62	57	51	84	18	25	77	11	25	51	76	14	53	51	89	17	64	37	42	42	7	88	22	32	34	8	47	85	66	70	70	
55	44	5	100	83	18	28	93	93	19	20	63	44	97	85	75	98	37	86	29	67	46	65	7	82	95	25	51	68	96	72	45	98	34	57	58	46	8	-1	20	64	67	41	14	70	76	86	98	7	48	94	42	27	18	36	36	12	85	14	3	22	73	25	23	30	68	65	90	89	8	39	31	87	99	43	55	98	17	24	51	75	4	22	85	40	34	61	26	15	54	91	83	94	88	32	62	79	30	21	68	
43	31	86	68	8	80	39	70	72	33	53	36	96	14	94	43	49	65	30	55	73	64	23	69	5	70	60	98	62	70	14	95	49	99	1	4	17	86	20	-1	30	59	55	21	9	68	60	60	15	8	11	72	60	16	28	25	68	26	94	95	49	45	32	23	87	65	45	47	58	25	91	81	6	74	15	62	66	22	78	61	37	85	59	78	50	74	96	31	90	42	98	14	80	16	81	19	40	49	26	4	
47	80	13	67	100	58	64	84	82	14	31	4	28	15	97	81	4	83	85	40	57	3	71	33	74	5	18	31	18	42	68	98	23	23	28	72	12	38	64	30	-1	66	38	3	7	100	22	45	66	19	1	32	50	91	29	84	48	94	33	30	95	99	35	97	64	97	58	30	86	97	23	9	3	64	55	97	78	41	46	38	45	56	10	38	66	10	35	67	68	60	70	10	57	58	4	82	61	83	20	19	
14	9	58	31	27	73	22	80	73	86	85	99	32	78	63	8	7	33	15	84	99	98	8	87	60	17	96	93	61	99	13	95	15	28	17	45	52	70	67	59	66	-1	26	47	87	21	78	100	51	66	48	29	66	18	82	84	12	28	71	33	71	50	60	11	31	68	81	4	61	15	21	72	80	40	61	50	18	58	69	81	2	80	56	39	18	78	31	3	100	50	15	9	54	82	14	64	83	21	46	84	
4	5	95	14	31	48	63	55	35	56	9	30	48	92	96	100	79	76	66	27	5	43	55	37	46	6	98	33	3	87	50	91	6	7	4	27	77	53	41	55	38	26	-1	62	51	32	96	77	65	32	73	70	80	86	35	73	96	25	87	47	72	46	71	61	69	63	26	11	4	92	95	58	63	25	83	76	46	85	4	47	14	99	93	10	15	76	51	95	87	36	63	76	58	88	1	43	95	39	79	15	
13	74	87	41	87	33	47	27	42	27	31	20	16	66	99	53	59	37	49	98	49	27	19	36	53	67	35	57	80	48	4	35	92	79	50	21	33	81	14	21	3	47	62	-1	26	23	3	85	8	70	60	14	20	74	76	87	91	78	89	83	87	18	41	92	3	21	60	5	86	16	100	90	89	14	37	80	90	74	44	83	82	25	16	33	61	97	43	52	17	68	22	43	20	33	40	81	82	96	21	83	
19	35	59	14	1	15	68	57	92	29	28	57	83	37	1	93	59	75	27	23	15	86	24	66	41	53	80	61	65	4	48	53	17	48	64	73	40	12	70	9	7	87	51	26	-1	14	68	94	39	31	18	11	36	35	19	67	68	31	82	27	67	90	19	29	31	58	91	51	25	38	9	41	77	7	32	88	64	25	6	71	25	78	29	17	90	68	60	44	53	78	56	72	67	57	79	52	66	100	85	18	
66	50	45	6	45	46	73	15	38	51	84	100	82	79	10	67	80	65	82	56	50	86	11	80	37	80	77	59	99	40	80	39	84	31	3	85	10	21	76	68	100	21	32	23	14	-1	73	98	5	28	20	13	23	45	87	3	7	8	40	40	48	81	59	27	78	34	41	98	16	8	86	11	15	82	3	73	11	32	12	86	15	72	15	82	43	53	97	99	75	5	77	39	63	69	6	83	49	94	68	17	
56	93	86	73	99	82	4	3	58	84	84	71	35	72	72	19	87	81	74	61	12	13	93	83	55	75	17	80	39	3	90	93	48	53	52	83	42	78	86	60	22	78	96	3	68	73	-1	82	98	62	4	37	47	78	27	17	11	45	55	37	41	25	45	25	11	20	63	90	21	83	49	78	17	3	40	25	63	94	38	62	79	78	85	26	68	21	60	34	51	48	26	72	88	42	50	53	61	27	74	100	
23	94	55	81	68	45	97	74	37	35	1	48	98	13	16	54	25	96	37	28	66	50	78	99	47	9	80	22	5	23	51	31	6	83	88	87	77	44	98	60	45	100	77	85	94	98	82	-1	37	38	60	88	74	70	98	89	10	44	85	48	94	90	100	62	24	58	50	16	83	82	81	24	61	22	25	94	48	99	48	20	60	83	7	70	60	72	25	67	26	69	94	88	96	71	63	33	49	12	60	1	
65	40	16	32	61	13	28	19	89	76	39	89	28	5	67	68	88	78	59	18	52	83	14	38	48	70	4	66	37	64	45	3	70	75	58	71	43	35	7	15	66	51	65	8	39	5	98	37	-1	16	14	74	69	27	14	50	42	30	63	29	7	19	53	10	24	70	16	21	49	60	82	85	13	77	36	85	27	100	32	34	82	30	60	52	15	15	93	17	3	35	55	30	49	69	76	4	70	4	23	86	
13	48	54	27	63	33	46	34	82	61	18	31	7	42	8	89	23	35	15	3	30	96	66	31	52	82	84	34	89	12	25	65	28	25	19	56	24	81	48	8	19	66	32	70	31	28	62	38	16	-1	64	84	90	26	12	68	45	77	67	95	61	31	39	47	45	62	9	76	32	70	10	67	91	61	74	87	12	43	80	40	56	49	44	61	29	33	57	9	2	17	19	6	3	29	67	98	40	54	68	51	
47	88	32	34	32	73	8	44	59	19	84	1	90	66	46	85	77	95	35	61	10	21	79	59	39	47	88	33	78	27	53	6	99	13	67	40	81	76	94	11	1	48	73	60	18	20	4	60	14	64	-1	66	69	43	1	68	31	78	77	14	90	78	59	59	8	56	12	31	43	40	49	24	80	45	65	95	83	88	85	57	7	12	8	19	86	5	21	21	48	28	94	61	97	75	52	52	92	74	80	53	
71	59	55	15	79	30	78	75	80	22	87	2	1	91	41	33	3	19	12	44	92	95	5	39	67	11	37	39	35	89	47	77	96	17	6	13	31	26	42	72	32	29	70	14	11	13	37	88	74	84	66	-1	34	40	76	75	74	13	90	95	1	72	53	61	65	65	66	83	78	54	88	70	89	25	59	98	61	4	17	68	62	36	34	50	39	23	18	57	71	61	96	61	40	44	85	18	72	19	73	43	
78	27	70	62	39	91	29	79	4	39	8	91	63	79	50	90	16	31	76	86	81	95	77	30	40	8	12	43	50	30	5	19	66	24	6	31	49	33	27	60	50	66	80	20	36	23	47	74	69	90	69	34	-1	51	28	66	8	56	46	75	28	60	81	58	50	44	23	33	2	71	75	9	56	79	32	17	13	2	48	74	83	72	1	3	10	27	92	94	10	91	28	43	47	91	46	20	54	100	79	26	
74	61	32	97	20	20	15	63	47	2	34	50	70	93	30	41	5	18	30	85	39	43	64	58	20	36	53	53	53	40	4	20	4	78	30	49	72	88	18	16	91	18	86	74	35	45	78	70	27	26	43	40	51	-1	54	92	65	96	67	2	33	13	94	8	48	51	13	73	12	81	92	72	94	85	60	96	54	82	51	66	55	59	81	84	23	21	77	80	21	93	99	76	13	2	12	94	27	25	82	51	
78	1	55	2	64	71	1	94	85	11	39	79	40	47	52	75	18	69	2	23	78	24	80	99	14	80	68	37	78	17	26	80	44	66	60	47	76	38	36	28	29	82	35	76	19	87	27	98	14	12	1	76	28	54	-1	89	94	90	44	34	62	87	9	71	73	61	14	51	98	74	58	9	81	35	93	86	24	66	73	56	89	3	81	59	39	73	10	33	83	3	5	99	18	66	33	30	84	60	73	99	
89	9	76	99	54	22	7	24	38	15	94	16	84	97	36	99	56	74	23	41	41	2	34	61	76	81	68	17	70	46	49	54	50	51	40	68	25	61	36	25	84	84	73	87	67	3	17	89	50	68	68	75	66	92	89	-1	38	89	41	59	94	93	77	58	23	70	25	82	41	32	31	30	18	82	90	23	83	19	77	35	20	49	100	88	10	60	4	15	22	62	88	34	6	2	55	55	27	51	1	46	
41	2	18	67	98	37	21	37	1	99	30	68	32	70	71	43	83	89	23	13	52	90	4	64	65	96	84	37	27	51	9	34	57	14	66	45	24	10	12	68	48	12	96	91	68	7	11	10	42	45	31	74	8	65	94	38	-1	79	22	98	53	22	50	96	2	84	94	23	64	81	1	77	1	99	98	48	71	99	6	89	30	18	82	35	14	51	27	67	10	18	61	76	24	54	28	98	17	34	9	59	
16	27	13	22	97	75	31	20	53	9	91	14	14	85	54	77	56	13	1	10	52	81	37	79	47	25	16	34	19	37	54	61	20	47	38	61	41	56	85	26	94	28	25	78	31	8	45	44	30	77	78	13	56	96	90	89	79	-1	35	17	60	66	33	96	77	28	87	57	45	95	47	93	77	36	59	80	97	20	68	92	98	51	90	55	12	66	53	38	72	49	16	15	85	62	12	65	25	47	75	91	
12	15	87	74	42	99	44	91	18	36	62	81	45	27	13	26	26	60	39	1	35	73	33	23	58	96	45	84	84	11	99	38	50	66	52	19	100	50	14	94	33	71	87	89	82	40	55	85	63	67	77	90	46	67	44	41	22	35	-1	45	58	52	45	60	100	66	9	2	61	53	29	40	82	57	76	43	98	66	92	21	37	26	75	37	97	73	61	31	95	62	41	88	30	55	50	3	46	66	72	63	
49	19	93	81	58	85	57	36	27	93	36	14	28	30	66	2	3	18	45	50	54	89	87	31	70	42	2	98	4	50	6	20	80	68	8	28	49	93	3	95	30	33	47	83	27	40	37	48	29	95	14	95	75	2	34	59	98	17	45	-1	17	69	14	59	48	79	42	8	32	12	83	22	19	7	71	94	99	53	65	50	7	65	16	1	59	94	73	96	78	77	45	81	83	19	91	55	79	33	84	3	
17	91	3	12	23	90	17	87	87	36	63	38	16	20	50	64	17	85	23	28	96	75	84	44	94	34	88	6	53	3	59	56	1	18	15	68	5	34	22	49	95	71	72	87	67	48	41	94	7	61	90	1	28	33	62	94	53	60	58	17	-1	30	82	88	34	7	49	44	11	65	28	49	58	35	20	36	16	30	82	70	69	81	65	77	32	21	13	55	21	82	47	7	5	26	78	74	81	25	33	85	
28	16	95	25	85	97	48	18	95	22	4	83	50	89	62	29	69	29	59	34	57	50	68	22	98	19	61	9	92	64	51	86	37	70	92	97	9	4	73	45	99	50	46	18	90	81	25	90	19	31	78	72	60	13	87	93	22	66	52	69	30	-1	52	53	38	4	31	47	15	92	86	21	3	20	37	21	23	60	2	26	29	67	81	17	68	91	33	51	30	66	44	17	27	52	62	56	99	50	74	27	
18	88	98	16	36	94	87	100	80	13	9	37	89	18	93	2	3	46	38	95	92	64	17	1	42	86	27	55	74	66	75	10	12	5	15	43	46	20	25	32	35	60	71	41	19	59	45	100	53	39	59	53	81	94	9	77	50	33	45	14	82	52	-1	25	85	34	13	72	27	16	15	59	21	93	53	48	70	49	92	34	55	87	1	75	48	70	39	47	45	64	66	26	64	14	39	12	54	33	86	47	
11	91	1	91	54	59	69	3	36	40	87	11	10	45	82	92	62	36	36	29	71	20	28	29	88	87	6	52	99	63	18	79	69	30	37	70	78	3	23	23	97	11	61	92	29	27	25	62	10	47	59	61	58	8	71	58	96	96	60	59	88	53	25	-1	53	83	95	100	1	48	64	90	5	39	31	99	60	44	36	21	91	96	100	100	41	91	76	72	46	48	31	58	80	61	17	50	47	5	42	64	
23	55	99	24	43	19	81	56	91	39	71	94	86	96	13	71	78	26	79	92	93	9	78	71	5	75	90	27	24	97	61	81	66	2	81	55	80	14	30	87	64	31	69	3	31	78	11	24	24	45	8	65	50	48	73	23	2	77	100	48	34	38	85	53	-1	43	92	46	7	100	22	38	36	73	23	84	7	59	24	18	11	88	53	40	93	51	26	35	96	19	84	16	42	88	82	86	53	36	92	91	
11	45	95	54	9	74	56	94	92	62	6	82	90	3	1	56	31	40	86	95	54	80	91	72	35	89	58	41	75	77	16	96	74	79	59	73	22	94	68	65	97	68	63	21	58	34	20	58	70	62	56	65	44	51	61	70	84	28	66	79	7	4	34	83	43	-1	58	6	34	69	73	71	92	73	15	74	84	35	93	9	76	48	49	96	99	63	14	66	38	61	23	74	75	73	20	36	92	51	36	99	
31	77	47	22	31	2	5	42	45	69	91	1	4	54	15	76	4	20	31	7	50	47	14	41	36	22	31	20	49	43	28	97	95	84	72	6	30	32	65	45	58	81	26	60	91	41	63	50	16	9	12	66	23	13	14	25	94	87	9	42	49	31	13	95	92	58	-1	72	61	26	69	27	27	27	45	100	1	75	33	28	18	68	16	8	7	19	21	5	91	56	93	3	29	9	46	16	82	5	80	91	
87	12	19	68	94	94	70	39	95	33	96	51	56	33	59	66	67	26	35	45	73	56	92	73	15	95	72	19	70	79	25	82	9	48	87	93	43	20	90	47	30	4	11	5	51	98	90	16	21	76	31	83	33	73	51	82	23	57	2	8	44	47	72	100	46	6	72	-1	64	94	56	53	70	28	11	22	86	12	99	19	8	50	76	27	16	41	66	15	13	15	62	50	100	79	38	33	37	33	9	12	
16	77	24	10	5	49	1	84	20	47	11	80	85	76	23	55	50	13	78	6	9	19	38	28	54	87	40	97	3	35	3	89	100	54	39	69	60	15	89	58	86	61	4	86	25	16	21	83	49	32	43	78	2	12	98	41	64	45	61	32	11	15	27	1	7	34	61	64	-1	83	99	95	69	26	6	61	32	8	39	16	43	33	94	28	55	44	90	14	75	69	38	85	93	76	80	97	58	98	56	97	
36	91	17	55	21	21	76	75	92	81	37	93	89	87	43	57	48	39	66	100	9	36	100	55	34	38	90	100	64	21	89	6	22	4	91	40	8	62	8	25	97	15	92	16	38	8	83	82	60	70	40	54	71	81	74	32	81	95	53	12	65	92	16	48	100	69	26	94	83	-1	13	67	79	27	19	83	21	82	38	69	15	39	35	45	73	47	84	69	35	92	2	62	2	89	39	67	78	43	80	50	
12	26	71	84	91	18	98	61	41	99	78	22	40	97	94	42	15	6	52	95	53	36	75	54	88	24	46	7	23	47	57	20	62	89	5	39	100	57	39	91	23	21	95	100	9	86	49	81	82	10	49	88	75	92	58	31	1	47	29	83	28	86	15	64	22	73	69	56	99	13	-1	14	85	4	82	95	28	64	98	32	12	74	48	17	25	8	28	63	38	7	13	96	30	91	96	87	63	52	96	94	
34	23	91	32	45	32	24	22	71	21	97	23	90	44	68	74	78	2	15	70	64	71	18	24	31	19	27	90	42	10	46	68	2	26	51	39	67	51	31	81	9	72	58	90	41	11	78	24	85	67	24	70	9	72	9	30	77	93	40	22	49	21	59	90	38	71	27	53	95	67	14	-1	39	69	78	50	69	57	10	95	49	35	21	73	15	42	13	9	10	53	97	8	88	7	50	77	36	50	75	9	
97	59	2	56	63	77	41	15	77	32	91	9	57	26	94	20	27	48	83	61	47	7	66	99	11	99	74	15	47	38	30	3	23	21	73	11	23	84	87	6	3	80	63	89	77	15	17	61	13	91	80	89	56	94	81	18	1	77	82	19	58	3	21	5	36	92	27	70	69	79	85	39	-1	14	65	35	36	22	7	28	9	68	66	82	10	19	81	41	42	16	97	76	43	97	42	34	87	81	28	2	
77	26	38	85	51	36	74	32	45	7	44	87	60	45	35	92	20	38	38	4	36	88	91	18	48	56	14	38	16	91	66	60	73	43	86	45	46	18	99	74	64	40	25	14	7	82	3	22	77	61	45	25	79	85	35	82	99	36	57	7	35	20	93	39	73	73	27	28	26	27	4	69	14	-1	73	87	64	67	88	11	65	40	96	4	54	50	7	26	61	9	26	69	56	7	12	59	64	1	87	71	
79	86	1	81	15	62	79	89	96	58	37	67	6	25	85	89	62	53	83	8	3	11	39	69	48	18	85	95	3	31	70	56	96	84	99	22	34	25	43	15	55	61	83	37	32	3	40	25	36	74	65	59	32	60	93	90	98	59	76	71	20	37	53	31	23	15	45	11	6	19	82	78	65	73	-1	23	86	54	91	11	7	97	7	63	72	79	78	36	47	89	67	12	54	32	12	93	89	17	8	34	
16	23	79	11	99	27	73	53	27	17	37	37	43	20	18	13	94	21	34	44	61	39	86	94	39	40	86	61	72	1	38	91	53	3	100	81	10	77	55	62	97	50	76	80	88	73	25	94	85	87	95	98	17	96	86	23	48	80	43	94	36	21	48	99	84	74	100	22	61	83	95	50	35	87	23	-1	38	22	47	22	64	64	51	89	34	27	80	90	84	14	55	58	58	7	30	26	76	80	74	63	
89	97	87	65	56	41	20	97	74	93	26	38	84	49	76	53	68	66	78	13	43	36	92	88	11	51	83	72	3	68	9	1	76	4	55	77	23	11	98	66	78	18	46	90	64	11	63	48	27	12	83	61	13	54	24	83	71	97	98	99	16	23	70	60	7	84	1	86	32	21	28	69	36	64	86	38	-1	22	4	18	15	65	8	83	94	81	86	41	83	61	51	2	43	52	31	68	32	1	41	99	
15	36	62	57	53	99	65	87	21	77	80	17	28	28	74	23	83	43	8	44	42	21	11	10	44	22	97	92	84	65	11	36	73	54	35	33	30	25	17	22	41	58	85	74	25	32	94	99	100	43	88	4	2	82	66	19	99	20	66	53	30	60	49	44	59	35	75	12	8	82	64	57	22	67	54	22	22	-1	66	57	68	39	44	95	58	87	3	96	82	27	34	97	43	51	61	86	46	93	51	68	
12	97	7	34	99	56	13	72	68	45	67	37	92	73	46	53	86	86	62	29	77	94	18	17	77	47	29	57	42	95	3	16	37	33	60	45	98	51	24	78	46	69	4	44	6	12	38	48	32	80	85	17	48	51	73	77	6	68	92	65	82	2	92	36	24	93	33	99	39	38	98	10	7	88	91	47	4	66	-1	12	23	38	53	26	100	58	10	53	17	53	65	26	2	57	56	93	83	34	54	27	
59	15	50	21	100	36	90	8	57	84	47	46	19	55	43	89	91	30	4	50	57	33	65	75	39	43	46	25	81	5	51	92	82	74	33	37	84	76	51	61	38	81	47	83	71	86	62	20	34	40	57	68	74	66	56	35	89	92	21	50	70	26	34	21	18	9	28	19	16	69	32	95	28	11	11	22	18	57	12	-1	44	90	93	90	40	38	100	56	41	27	9	63	63	97	13	8	12	22	11	41	
71	34	52	49	2	86	33	25	91	79	44	67	50	59	92	54	98	72	15	57	90	66	91	93	59	58	36	5	11	40	89	1	42	11	7	54	49	14	75	37	45	2	14	82	25	15	79	60	82	56	7	62	83	55	89	20	30	98	37	7	69	29	55	91	11	76	18	8	43	15	12	49	9	65	7	64	15	68	23	44	-1	54	94	14	84	39	30	91	77	5	74	71	39	100	83	13	32	21	9	34	
7	54	70	67	57	37	65	42	5	40	40	91	68	60	29	58	32	56	12	32	99	27	9	56	42	42	78	70	65	18	53	23	10	88	94	89	82	53	4	85	56	80	99	25	78	72	78	83	30	49	12	36	72	59	3	49	18	51	26	65	81	67	87	96	88	48	68	50	33	39	74	35	68	40	97	64	65	39	38	90	54	-1	66	88	38	60	72	1	60	41	76	95	71	52	16	73	45	33	80	61	
12	71	5	5	77	11	26	85	47	99	80	53	22	13	26	50	60	48	53	25	7	42	55	46	79	30	53	68	74	99	94	93	95	18	54	66	88	51	22	59	10	56	93	16	29	15	85	7	60	44	8	34	1	81	81	100	82	90	75	16	65	81	1	100	53	49	16	76	94	35	48	21	66	96	7	51	8	44	53	93	94	66	-1	53	17	92	78	18	55	18	84	10	61	74	3	99	2	100	56	40	
32	46	15	91	73	33	9	15	76	77	78	93	31	6	72	55	69	71	46	40	14	95	5	31	29	48	56	25	86	97	70	91	29	64	53	90	56	89	85	78	38	39	10	33	17	82	26	70	52	61	19	50	3	84	59	88	35	55	37	1	77	17	75	100	40	96	8	27	28	45	17	73	82	4	63	89	83	95	26	90	14	88	53	-1	78	94	67	79	43	35	33	82	97	75	68	3	80	88	37	16	
5	95	74	51	83	100	65	93	45	74	49	82	55	46	56	4	29	23	73	72	60	65	71	75	64	74	81	59	30	71	95	12	30	69	11	51	81	17	40	50	66	18	15	61	90	43	68	60	15	29	86	39	10	23	39	10	14	12	97	59	32	68	48	41	93	99	7	16	55	73	25	15	10	54	72	34	94	58	100	40	84	38	17	78	-1	28	68	61	71	78	68	40	58	93	8	37	47	15	20	90	
38	1	62	10	32	9	58	80	67	63	62	35	50	48	83	48	28	69	17	27	78	90	62	69	60	57	1	74	88	90	7	23	57	46	52	27	76	64	34	74	10	78	76	97	68	53	21	72	15	33	5	23	27	21	73	60	51	66	73	94	21	91	70	91	51	63	19	41	44	47	8	42	19	50	79	27	81	87	58	38	39	60	92	94	28	-1	86	65	7	22	15	92	89	68	57	62	38	43	47	21	
18	80	10	99	97	91	17	6	19	42	89	61	83	65	39	51	43	54	87	53	82	68	58	10	91	14	6	62	58	12	29	82	58	100	83	32	5	37	61	96	35	31	51	43	60	97	60	25	93	57	21	18	92	77	10	4	27	53	61	73	13	33	39	76	26	14	21	66	90	84	28	13	81	7	78	80	86	3	10	100	30	72	78	67	68	86	-1	85	58	67	73	26	59	52	16	64	3	80	49	78	
29	47	77	51	16	55	60	5	98	56	59	2	71	100	12	80	63	30	53	27	82	81	6	23	41	82	89	32	50	37	26	85	98	5	69	21	54	42	26	31	67	3	95	52	44	99	34	67	17	9	21	57	94	80	33	15	67	38	31	96	55	51	47	72	35	66	5	15	14	69	63	9	41	26	36	90	41	96	53	56	91	1	18	79	61	65	85	-1	84	69	49	84	29	87	78	37	8	7	61	50	
68	4	91	83	30	57	25	64	83	87	100	10	48	4	45	27	29	97	86	24	55	70	30	34	86	6	11	34	20	4	73	8	16	42	65	47	50	42	15	90	68	100	87	17	53	75	51	26	3	2	48	71	10	21	83	22	10	72	95	78	21	30	45	46	96	38	91	13	75	35	38	10	42	61	47	84	83	82	17	41	77	60	55	43	71	7	58	84	-1	93	31	75	41	11	97	10	19	41	80	49	
64	96	82	37	36	87	62	52	79	30	3	19	46	9	78	28	47	53	63	34	98	3	45	4	58	22	5	39	76	48	17	56	73	8	75	100	32	7	54	42	60	50	36	68	78	5	48	69	35	17	28	61	91	93	3	62	18	49	62	77	82	66	64	48	19	61	56	15	69	92	7	53	16	9	89	14	61	27	53	27	5	41	18	35	78	22	67	69	93	-1	34	47	21	37	52	33	55	81	48	7	
88	42	13	60	60	9	17	96	45	85	4	51	23	90	77	46	47	54	41	26	72	68	51	97	3	57	11	30	37	12	44	94	41	45	61	71	40	88	91	98	70	15	63	22	56	77	26	94	55	19	94	96	28	99	5	88	61	16	41	45	47	44	66	31	84	23	93	62	38	2	13	97	97	26	67	55	51	34	65	9	74	76	84	33	68	15	73	49	31	34	-1	25	44	94	1	83	54	33	5	75	
83	28	6	39	65	63	69	66	56	82	71	87	80	91	22	34	46	100	73	60	62	71	24	25	58	14	71	86	14	45	15	87	75	41	1	55	12	22	83	14	10	9	76	43	72	39	72	88	30	6	61	61	43	76	99	34	76	15	88	81	7	17	26	58	16	74	3	50	85	62	96	8	76	69	12	58	2	97	26	63	71	95	10	82	40	92	26	84	75	47	25	-1	89	26	35	61	13	76	28	54	
89	81	5	53	43	82	27	69	4	86	30	86	84	55	57	56	37	84	57	71	58	57	58	75	1	85	61	64	56	45	13	16	71	83	58	80	67	32	94	80	57	54	58	20	67	63	88	96	49	3	97	40	47	13	18	6	24	85	30	83	5	27	64	80	42	75	29	100	93	2	30	88	43	56	54	58	43	43	2	63	39	71	61	97	58	89	59	29	41	21	44	89	-1	41	42	94	29	99	20	42	
85	96	90	74	72	61	17	90	35	93	99	97	78	93	67	24	61	88	80	83	4	92	41	39	42	66	88	86	77	67	52	81	60	53	56	69	57	34	88	16	58	82	88	33	57	69	42	71	69	29	75	44	91	2	66	2	54	62	55	19	26	52	14	61	88	73	9	79	76	89	91	7	97	7	32	7	52	51	57	97	100	52	74	75	93	68	52	87	11	37	94	26	41	-1	86	13	42	15	55	26	
87	6	58	40	78	57	60	53	25	50	84	92	55	77	37	67	36	36	81	8	99	84	14	55	20	56	37	43	2	16	74	19	67	2	60	93	57	8	32	81	4	14	1	40	79	6	50	63	76	67	52	85	46	12	33	55	28	12	50	91	78	62	39	17	82	20	46	38	80	39	96	50	42	12	12	30	31	61	56	13	83	16	3	68	8	57	16	78	97	52	1	35	42	86	-1	2	15	88	77	52	
97	55	1	28	8	85	95	42	11	99	23	18	74	80	55	60	19	59	25	31	17	76	62	66	40	90	82	91	67	66	89	100	77	53	62	3	73	47	62	19	82	64	43	81	52	83	53	33	4	98	52	18	20	94	30	55	98	65	3	55	74	56	12	50	86	36	16	33	97	67	87	77	34	59	93	26	68	86	93	8	13	73	99	3	37	62	64	37	10	33	83	61	94	13	2	-1	60	11	44	30	
67	34	31	90	5	98	22	43	45	80	68	38	53	53	32	91	32	37	40	3	14	25	48	86	50	97	79	27	14	40	12	44	75	1	56	9	98	85	79	40	61	83	95	82	66	49	61	49	70	40	92	72	54	27	84	27	17	25	46	79	81	99	54	47	53	92	82	37	58	78	63	36	87	64	89	76	32	46	83	12	32	45	2	80	47	38	3	8	19	55	54	13	29	42	15	60	-1	32	80	75	
88	28	33	41	64	92	28	10	33	21	31	32	44	99	80	25	35	45	74	66	28	20	44	73	97	84	23	19	18	80	62	64	69	56	90	90	25	66	30	49	83	21	39	96	100	94	27	12	4	54	74	19	100	25	60	51	34	47	66	33	25	50	33	5	36	51	5	33	98	43	52	50	81	1	17	80	1	93	34	22	21	33	100	88	15	43	80	7	41	81	33	76	99	15	88	11	32	-1	36	4	
25	43	69	63	90	57	52	70	77	16	70	79	89	76	67	26	94	51	11	71	70	88	60	63	8	19	52	48	95	44	6	56	98	94	1	55	85	70	21	26	20	46	79	21	85	68	74	60	23	68	80	73	79	82	73	1	9	75	72	84	33	74	86	42	92	36	80	9	56	80	96	75	28	87	8	74	41	51	54	11	9	80	56	37	20	47	49	61	80	48	5	28	20	55	77	44	80	36	-1	69	
33	50	49	58	1	29	63	8	57	4	61	39	63	79	13	97	78	22	16	77	37	19	14	98	67	88	31	13	56	31	60	91	76	6	57	14	86	70	68	4	19	84	15	83	18	17	100	1	86	51	53	43	26	51	99	46	59	91	63	3	85	27	47	64	91	99	91	12	97	50	94	9	2	71	34	63	99	68	27	41	34	61	40	16	90	21	78	50	49	7	75	54	42	26	52	30	75	4	69	-1	
