100
-1	93	67	25	28	92	93	53	55	58	41	55	81	58	99	64	19	87	31	71	49	89	44	100	82	29	9	73	48	84	53	14	21	79	71	73	1	55	70	9	92	11	65	26	38	75	11	49	93	13	68	60	36	26	95	65	18	42	7	92	68	77	23	61	42	19	55	42	7	76	100	77	64	71	83	94	67	32	1	80	88	20	81	84	96	94	90	57	24	59	90	26	76	53	75	69	93	52	66	22	
93	-1	75	61	86	95	83	3	62	85	40	6	57	83	52	61	44	73	70	1	25	80	10	40	7	96	72	83	38	10	36	70	44	83	89	55	48	69	25	62	62	12	81	53	80	52	37	8	31	5	50	66	72	6	90	100	97	38	4	37	83	96	76	63	26	43	13	81	15	2	41	93	36	4	33	96	12	73	26	24	74	38	12	77	20	72	81	48	28	73	11	31	62	64	49	69	39	4	39	32	
67	75	-1	62	93	81	68	3	99	94	4	80	40	81	66	67	50	87	3	64	44	70	47	1	31	14	50	3	20	67	24	11	16	38	11	73	80	35	10	71	58	46	52	49	72	24	77	32	64	60	48	45	55	79	22	3	30	93	58	47	1	37	85	27	46	39	60	12	62	92	71	49	90	93	89	65	25	20	94	20	56	3	91	81	42	2	84	58	68	76	22	45	48	77	68	34	74	22	63	56	
25	61	62	-1	71	16	29	36	82	25	70	87	15	68	76	44	45	4	53	6	67	36	70	79	59	78	87	93	91	37	8	76	96	23	10	24	71	2	45	28	73	85	24	16	98	38	76	75	73	43	62	96	27	45	8	41	66	5	68	100	36	70	69	57	28	25	98	49	94	20	78	82	85	68	23	99	90	68	65	49	91	47	16	1	55	65	49	84	100	43	90	17	13	67	73	42	62	38	33	6	
28	86	93	71	-1	68	72	5	49	53	91	78	28	39	68	44	94	71	2	62	23	78	36	33	73	91	69	84	76	24	58	61	58	10	52	27	83	89	99	33	9	29	22	74	39	29	16	69	71	98	74	46	74	55	33	29	67	14	79	55	54	100	69	36	94	32	16	68	12	17	45	88	71	49	17	2	81	8	60	19	31	2	56	93	4	16	66	93	90	61	89	51	2	4	69	88	33	68	62	46	
92	95	81	16	68	-1	38	45	21	90	37	93	83	63	45	57	86	63	87	4	56	66	83	52	85	37	26	40	30	23	52	34	94	33	19	78	42	100	16	63	81	81	38	97	18	96	3	18	80	64	49	100	69	70	54	87	6	99	84	7	27	31	49	49	84	12	92	67	27	68	46	96	7	58	67	41	32	50	4	72	36	39	87	7	45	16	74	45	87	10	7	2	88	13	47	13	15	21	21	57	
93	83	68	29	72	38	-1	78	67	9	69	56	15	10	53	30	12	43	28	80	63	65	51	18	57	78	14	83	20	28	13	5	74	13	50	98	47	1	54	40	52	24	68	56	100	50	49	32	12	56	96	8	37	77	14	77	20	42	18	53	74	41	77	62	65	88	52	51	35	20	76	43	88	63	83	67	49	63	21	45	51	28	50	58	85	45	90	30	6	26	41	98	35	41	80	91	76	66	79	24	
53	3	3	36	5	45	78	-1	88	67	93	39	78	3	33	88	57	22	14	63	75	54	65	29	86	85	21	72	55	63	39	82	31	77	55	79	35	78	51	6	31	21	55	66	67	3	1	89	12	58	86	100	100	6	12	64	44	39	33	85	82	36	60	77	76	63	55	99	15	68	61	88	15	22	64	82	6	63	41	72	91	99	15	89	49	37	97	4	56	49	36	35	44	33	25	54	8	10	10	47	
55	62	99	82	49	21	67	88	-1	28	97	59	68	13	74	35	64	56	100	36	82	62	2	55	50	23	74	91	65	42	46	53	43	68	59	48	91	91	18	6	67	25	64	34	40	25	42	100	44	49	5	34	26	80	18	80	23	94	25	30	27	77	27	88	49	59	61	10	34	10	88	70	26	67	81	39	41	70	86	39	38	60	46	51	22	30	91	12	67	41	10	50	77	62	83	65	49	28	32	28	
58	85	94	25	53	90	9	67	28	-1	64	44	10	81	10	85	9	24	7	28	92	48	82	1	7	67	20	51	30	89	27	84	90	83	4	89	62	52	54	92	42	81	69	26	75	5	25	88	47	75	46	37	42	71	67	98	81	26	6	4	2	30	72	52	76	97	69	73	13	37	98	79	41	12	36	84	96	49	64	91	79	39	2	22	15	4	2	76	71	76	38	12	3	71	52	81	21	24	30	50	
41	40	4	70	91	37	69	93	97	64	-1	10	56	35	20	20	67	91	65	19	9	71	15	30	31	54	70	47	55	83	74	62	25	8	20	26	28	71	78	56	97	87	22	55	57	2	19	88	57	96	42	15	25	46	24	35	33	19	87	39	84	62	34	44	50	82	28	21	37	91	60	21	42	10	70	80	8	26	62	24	21	48	14	17	89	72	21	78	24	85	73	54	63	39	40	27	93	91	95	39	
55	6	80	87	78	93	56	39	59	44	10	-1	10	86	51	40	24	1	76	8	58	21	66	92	5	83	34	88	41	22	82	84	48	40	17	13	85	69	85	59	95	38	6	21	15	57	13	46	4	70	40	95	37	17	30	97	12	5	14	16	37	88	93	91	17	44	35	66	52	30	1	34	29	96	100	37	64	56	89	46	8	27	54	21	58	100	52	89	50	21	57	21	81	46	11	18	7	92	94	27	
81	57	40	15	28	83	15	78	68	10	56	10	-1	53	48	27	94	65	41	42	18	53	51	53	32	30	53	1	63	18	76	12	99	23	8	55	48	61	28	3	90	26	17	91	4	93	72	44	91	77	53	19	60	26	34	94	69	60	63	21	60	28	1	91	32	67	14	26	4	46	18	43	81	50	55	45	31	23	38	3	51	32	11	12	16	12	16	3	36	56	15	79	76	47	89	17	74	87	23	43	
58	83	81	68	39	63	10	3	13	81	35	86	53	-1	57	86	19	75	6	51	10	97	38	10	65	69	52	1	68	88	37	17	95	49	21	41	95	63	8	17	3	17	56	49	55	5	8	83	88	88	61	1	58	82	17	72	62	9	78	50	81	44	99	3	85	7	60	35	64	84	74	65	94	67	18	54	98	1	44	19	69	46	23	73	42	25	22	76	58	32	59	82	40	28	43	8	90	58	98	61	
99	52	66	76	68	45	53	33	74	10	20	51	48	57	-1	54	11	97	94	99	13	81	71	47	10	89	60	58	48	39	69	80	38	99	34	31	90	37	93	37	15	36	90	68	57	95	37	61	71	50	98	42	73	8	62	63	70	56	52	70	39	41	91	86	28	91	77	49	38	67	15	74	38	38	20	94	69	49	82	56	49	43	80	66	43	43	25	14	5	20	93	11	34	70	41	17	55	71	19	66	
64	61	67	44	44	57	30	88	35	85	20	40	27	86	54	-1	41	14	12	49	52	10	85	31	98	42	48	13	52	43	92	37	56	39	90	100	4	21	94	67	58	45	53	61	77	2	55	20	70	52	80	67	38	67	55	28	19	33	83	38	45	47	6	69	23	27	87	29	39	24	83	15	42	30	25	13	99	12	30	41	38	4	15	69	68	57	49	53	21	58	4	44	84	46	6	99	26	19	42	40	
19	44	50	45	94	86	12	57	64	9	67	24	94	19	11	41	-1	45	88	67	51	59	2	91	71	92	21	34	39	32	3	41	96	33	20	35	30	59	66	57	47	48	92	61	83	54	4	17	14	43	5	76	23	89	80	46	33	14	50	76	15	13	91	55	31	53	61	29	66	2	16	23	30	42	97	17	65	5	13	3	31	48	55	49	98	83	28	54	4	13	6	16	52	12	91	79	20	37	43	63	
87	73	87	4	71	63	43	22	56	24	91	1	65	75	97	14	45	-1	23	89	77	15	83	25	74	43	5	83	90	24	43	97	51	42	33	69	59	43	56	30	97	59	60	74	71	38	21	53	59	85	15	69	67	11	96	18	58	51	86	67	27	4	38	54	68	96	68	49	92	41	96	61	24	59	93	47	76	89	52	56	96	59	11	61	12	52	30	60	45	74	45	78	57	99	39	2	39	29	31	64	
31	70	3	53	2	87	28	14	100	7	65	76	41	6	94	12	88	23	-1	27	40	42	93	82	89	32	86	29	18	74	63	34	97	31	31	84	51	49	20	100	86	34	40	59	97	8	85	58	14	70	97	8	100	4	39	63	70	77	56	30	83	14	41	85	96	82	44	33	47	20	54	6	53	97	20	90	18	75	4	19	3	53	38	60	77	71	66	84	68	76	92	60	35	42	91	54	62	26	78	21	
71	1	64	6	62	4	80	63	36	28	19	8	42	51	99	49	67	89	27	-1	47	49	9	47	82	62	26	53	82	73	15	6	33	31	15	14	63	31	67	60	69	68	75	10	93	88	29	40	24	9	53	87	25	6	89	36	32	40	76	92	73	6	1	33	50	45	69	82	78	8	61	31	8	79	89	48	75	93	34	71	91	32	24	84	52	36	24	44	13	37	87	67	12	45	67	42	56	91	44	57	
49	25	44	67	23	56	63	75	82	92	9	58	18	10	13	52	51	77	40	47	-1	79	29	85	2	65	51	93	54	32	65	70	4	17	47	92	39	100	19	99	71	48	71	25	15	9	3	77	5	65	13	91	38	16	95	7	36	39	49	19	89	12	48	67	54	12	62	61	60	69	3	25	45	77	15	94	15	18	93	82	48	43	78	3	6	78	39	14	93	44	57	76	88	63	90	34	1	95	100	78	
89	80	70	36	78	66	65	54	62	48	71	21	53	97	81	10	59	15	42	49	79	-1	32	31	75	68	91	52	96	38	27	17	61	26	69	69	72	15	51	50	30	19	93	43	10	12	68	65	42	50	54	37	10	63	53	50	25	20	92	13	64	8	56	20	27	46	88	2	1	100	43	47	11	57	85	48	34	82	52	98	89	9	44	60	25	77	98	30	75	62	97	12	81	60	17	37	81	66	19	24	
44	10	47	70	36	83	51	65	2	82	15	66	51	38	71	85	2	83	93	9	29	32	-1	58	5	29	84	25	57	80	51	71	47	80	6	91	63	71	31	95	24	52	99	58	34	45	17	4	31	2	50	13	69	8	58	19	55	70	79	19	2	83	65	82	10	68	1	40	25	91	34	92	11	81	57	70	99	72	12	69	93	52	66	89	60	58	16	20	78	1	11	42	1	61	12	19	84	9	92	100	
100	40	1	79	33	52	18	29	55	1	30	92	53	10	47	31	91	25	82	47	85	31	58	-1	99	57	37	10	55	28	100	78	9	42	65	72	93	13	93	35	38	6	86	76	9	38	92	82	53	74	1	17	17	10	53	2	40	52	20	91	11	13	25	24	78	48	56	88	52	84	74	56	24	10	76	92	92	6	1	95	15	46	88	98	36	19	25	52	32	49	83	36	12	69	58	46	71	9	18	87	
82	7	31	59	73	85	57	86	50	7	31	5	32	65	10	98	71	74	89	82	2	75	5	99	-1	65	34	83	87	29	29	42	28	81	12	84	73	67	94	46	36	37	1	49	88	53	87	6	93	30	39	29	89	83	41	61	51	1	49	91	6	23	12	56	28	65	4	16	11	44	65	93	28	29	27	95	51	28	30	18	2	76	79	92	33	28	53	51	53	72	92	38	19	31	41	71	88	79	10	37	
29	96	14	78	91	37	78	85	23	67	54	83	30	69	89	42	92	43	32	62	65	68	29	57	65	-1	11	11	31	71	90	92	81	37	88	16	6	29	87	3	22	77	97	14	84	30	17	25	36	93	43	3	87	21	28	61	71	60	39	51	61	94	54	46	28	74	81	95	36	100	91	70	47	39	67	38	66	92	23	20	31	58	62	83	22	59	47	91	34	19	100	9	54	32	44	17	75	45	48	33	
9	72	50	87	69	26	14	21	74	20	70	34	53	52	60	48	21	5	86	26	51	91	84	37	34	11	-1	35	76	12	46	42	65	65	56	60	80	66	22	44	70	28	98	75	54	6	90	64	55	69	48	66	36	31	44	6	16	78	59	83	11	64	70	44	81	20	11	89	17	99	35	80	61	96	41	5	52	81	22	99	40	60	97	50	38	12	1	54	54	95	57	85	83	19	27	95	6	60	40	1	
73	83	3	93	84	40	83	72	91	51	47	88	1	1	58	13	34	83	29	53	93	52	25	10	83	11	35	-1	13	58	74	93	32	96	55	64	55	68	54	93	11	19	100	88	17	99	36	26	59	27	66	8	46	35	4	90	60	53	70	45	55	67	24	14	13	54	45	1	74	82	95	74	70	31	64	91	7	28	10	10	27	38	55	48	38	19	98	94	59	67	18	91	15	38	80	19	38	71	39	27	
48	38	20	91	76	30	20	55	65	30	55	41	63	68	48	52	39	90	18	82	54	96	57	55	87	31	76	13	-1	72	29	96	84	51	16	50	92	19	51	19	2	58	63	43	94	82	2	81	57	91	73	60	10	13	66	11	29	33	15	20	10	63	95	14	41	88	98	13	61	49	7	34	47	12	39	79	1	13	97	96	2	36	48	91	95	53	1	25	43	96	25	97	19	74	57	48	45	15	4	62	
84	10	67	37	24	23	28	63	42	89	83	22	18	88	39	43	32	24	74	73	32	38	80	28	29	71	12	58	72	-1	89	73	57	68	100	17	6	66	45	49	76	60	34	78	4	35	8	19	81	37	69	53	79	37	44	81	43	35	2	95	100	100	33	52	13	8	26	69	40	65	2	93	27	68	99	97	57	73	64	47	59	40	31	66	51	29	12	76	37	23	34	59	16	16	7	92	43	47	67	61	
53	36	24	8	58	52	13	39	46	27	74	82	76	37	69	92	3	43	63	15	65	27	51	100	29	90	46	74	29	89	-1	57	64	9	61	89	85	91	74	90	41	79	18	47	93	94	94	58	20	36	35	70	31	72	37	57	93	25	86	99	21	49	15	4	34	97	17	28	50	82	55	25	66	62	98	72	5	38	25	52	15	62	78	67	19	61	24	95	40	27	74	84	1	4	57	34	12	91	77	22	
14	70	11	76	61	34	5	82	53	84	62	84	12	17	80	37	41	97	34	6	70	17	71	78	42	92	42	93	96	73	57	-1	80	50	50	20	1	16	100	52	19	17	19	53	41	97	81	36	57	88	48	73	85	43	77	60	40	42	77	72	53	46	37	40	62	61	69	4	53	6	57	53	56	33	64	52	19	9	96	69	50	85	1	37	15	39	33	37	25	89	97	7	6	74	78	70	57	51	90	5	
21	44	16	96	58	94	74	31	43	90	25	48	99	95	38	56	96	51	97	33	4	61	47	9	28	81	65	32	84	57	64	80	-1	91	58	79	32	7	97	48	42	25	27	95	82	17	96	43	69	75	7	96	80	52	13	3	38	42	55	26	51	69	2	51	59	3	94	28	29	73	33	59	56	58	42	63	43	80	46	30	22	68	61	68	40	95	24	49	96	90	94	58	13	41	44	30	1	36	98	78	
79	83	38	23	10	33	13	77	68	83	8	40	23	49	99	39	33	42	31	31	17	26	80	42	81	37	65	96	51	68	9	50	91	-1	39	30	78	49	60	11	39	2	3	67	34	87	16	87	51	99	23	96	48	21	48	1	22	35	34	58	17	30	72	63	12	59	12	25	43	3	22	63	64	29	71	19	73	100	79	48	85	92	19	75	88	37	99	57	67	31	15	43	3	90	16	79	10	78	78	79	
71	89	11	10	52	19	50	55	59	4	20	17	8	21	34	90	20	33	31	15	47	69	6	65	12	88	56	55	16	100	61	50	58	39	-1	89	71	84	87	95	77	39	48	17	94	2	57	97	26	5	57	57	48	93	19	86	4	76	29	68	16	13	69	23	23	62	91	82	2	88	14	68	61	55	69	72	54	19	49	89	35	81	10	82	34	38	49	30	24	25	88	83	75	11	76	84	1	68	62	72	
73	55	73	24	27	78	98	79	48	89	26	13	55	41	31	100	35	69	84	14	92	69	91	72	84	16	60	64	50	17	89	20	79	30	89	-1	81	47	29	13	44	50	79	14	98	64	42	16	66	95	5	63	43	18	63	43	17	17	99	69	3	30	69	12	34	92	71	51	86	77	44	56	40	14	9	69	12	6	17	3	47	83	26	85	91	48	64	66	18	70	18	21	68	25	3	95	93	45	3	57	
1	48	80	71	83	42	47	35	91	62	28	85	48	95	90	4	30	59	51	63	39	72	63	93	73	6	80	55	92	6	85	1	32	78	71	81	-1	99	98	26	20	44	81	100	39	46	21	77	29	58	4	27	38	22	49	17	2	47	78	70	15	2	89	31	77	30	29	50	4	62	30	100	86	99	80	67	40	18	52	83	38	91	99	37	96	48	45	78	79	39	30	27	71	74	18	21	67	82	30	43	
55	69	35	2	89	100	1	78	91	52	71	69	61	63	37	21	59	43	49	31	100	15	71	13	67	29	66	68	19	66	91	16	7	49	84	47	99	-1	20	89	100	49	33	35	55	67	62	38	12	18	70	90	32	59	7	14	64	54	21	12	97	28	22	10	8	72	100	31	53	90	43	55	69	13	97	91	6	60	43	92	86	91	90	48	87	71	66	94	2	49	17	1	5	58	7	43	63	69	9	42	
70	25	10	45	99	16	54	51	18	54	78	85	28	8	93	94	66	56	20	67	19	51	31	93	94	87	22	54	51	45	74	100	97	60	87	29	98	20	-1	89	73	23	4	2	90	47	59	16	85	98	23	92	2	61	71	64	89	9	65	90	56	46	86	96	40	82	69	86	59	16	67	88	77	87	75	32	34	9	79	58	82	88	11	86	38	71	16	86	38	56	100	33	91	85	99	71	71	80	81	86	
9	62	71	28	33	63	40	6	6	92	56	59	3	17	37	67	57	30	100	60	99	50	95	35	46	3	44	93	19	49	90	52	48	11	95	13	26	89	89	-1	7	11	35	80	33	76	10	34	89	10	76	56	41	84	32	30	15	5	88	95	86	68	5	71	93	37	21	14	23	12	41	7	8	74	60	51	75	73	48	79	24	31	16	22	83	34	30	51	70	10	41	21	36	84	54	44	63	66	46	29	
92	62	58	73	9	81	52	31	67	42	97	95	90	3	15	58	47	97	86	69	71	30	24	38	36	22	70	11	2	76	41	19	42	39	77	44	20	100	73	7	-1	75	98	7	97	43	47	4	3	47	6	93	78	67	86	56	52	43	66	13	48	31	91	81	77	37	56	49	100	52	100	87	40	12	39	69	4	20	4	77	64	66	51	50	12	1	82	64	66	59	21	89	90	17	50	22	99	8	13	60	
11	12	46	85	29	81	24	21	25	81	87	38	26	17	36	45	48	59	34	68	48	19	52	6	37	77	28	19	58	60	79	17	25	2	39	50	44	49	23	11	75	-1	19	41	28	37	90	29	14	21	51	2	77	41	12	24	25	53	97	99	55	93	63	79	14	98	49	69	53	38	6	78	98	58	20	34	65	38	45	58	43	50	28	77	92	38	78	84	59	39	89	28	70	9	4	56	42	81	100	91	
65	81	52	24	22	38	68	55	64	69	22	6	17	56	90	53	92	60	40	75	71	93	99	86	1	97	98	100	63	34	18	19	27	3	48	79	81	33	4	35	98	19	-1	55	8	75	14	27	42	92	90	23	83	19	77	99	12	25	26	39	58	77	18	94	40	7	41	50	62	65	54	11	4	89	70	45	99	35	29	32	46	59	58	75	13	17	64	89	95	43	49	69	76	82	76	16	57	49	85	83	
26	53	49	16	74	97	56	66	34	26	55	21	91	49	68	61	61	74	59	10	25	43	58	76	49	14	75	88	43	78	47	53	95	67	17	14	100	35	2	80	7	41	55	-1	50	74	72	7	8	94	54	70	93	28	3	22	69	17	49	20	15	94	43	41	82	77	73	27	48	17	75	23	88	41	65	50	87	82	23	58	62	36	16	6	21	58	27	16	43	61	59	54	96	28	79	87	27	33	83	52	
38	80	72	98	39	18	100	67	40	75	57	15	4	55	57	77	83	71	97	93	15	10	34	9	88	84	54	17	94	4	93	41	82	34	94	98	39	55	90	33	97	28	8	50	-1	46	57	10	91	31	16	41	94	4	59	54	6	32	67	20	90	27	11	34	15	64	61	14	2	10	13	40	44	50	81	87	80	54	68	83	6	48	10	96	19	76	27	58	5	20	47	49	88	75	93	27	26	28	19	92	
75	52	24	38	29	96	50	3	25	5	2	57	93	5	95	2	54	38	8	88	9	12	45	38	53	30	6	99	82	35	94	97	17	87	2	64	46	67	47	76	43	37	75	74	46	-1	15	60	66	5	35	65	98	16	8	12	64	34	2	69	94	6	57	1	27	66	51	25	100	84	26	41	66	19	37	31	44	29	5	98	23	58	65	53	96	58	90	36	50	48	22	89	46	73	37	54	23	83	86	78	
11	37	77	76	16	3	49	1	42	25	19	13	72	8	37	55	4	21	85	29	3	68	17	92	87	17	90	36	2	8	94	81	96	16	57	42	21	62	59	10	47	90	14	72	57	15	-1	57	56	28	85	40	29	80	34	44	22	48	92	72	61	12	30	91	95	16	62	82	81	87	31	76	82	47	95	95	21	64	77	19	26	9	16	16	86	68	27	35	23	81	57	88	44	7	8	99	28	98	38	68	
49	8	32	75	69	18	32	89	100	88	88	46	44	83	61	20	17	53	58	40	77	65	4	82	6	25	64	26	81	19	58	36	43	87	97	16	77	38	16	34	4	29	27	7	10	60	57	-1	64	64	25	65	52	69	96	46	35	84	17	54	42	13	56	13	89	56	3	96	71	99	28	33	79	83	36	75	19	79	65	4	34	97	26	65	17	17	49	97	17	23	94	38	75	48	14	69	47	76	87	16	
93	31	64	73	71	80	12	12	44	47	57	4	91	88	71	70	14	59	14	24	5	42	31	53	93	36	55	59	57	81	20	57	69	51	26	66	29	12	85	89	3	14	42	8	91	66	56	64	-1	2	63	50	53	51	58	88	44	88	95	53	73	70	43	58	63	5	30	26	24	69	68	36	11	25	47	11	78	76	41	1	51	74	60	56	85	79	91	78	34	43	78	4	8	57	69	45	85	5	8	47	
13	5	60	43	98	64	56	58	49	75	96	70	77	88	50	52	43	85	70	9	65	50	2	74	30	93	69	27	91	37	36	88	75	99	5	95	58	18	98	10	47	21	92	94	31	5	28	64	2	-1	19	100	51	67	52	77	73	85	49	31	42	35	93	64	38	22	17	60	22	44	9	83	89	92	1	91	87	7	57	25	48	85	98	25	52	15	46	79	50	22	50	77	11	75	38	15	41	12	20	30	
68	50	48	62	74	49	96	86	5	46	42	40	53	61	98	80	5	15	97	53	13	54	50	1	39	43	48	66	73	69	35	48	7	23	57	5	4	70	23	76	6	51	90	54	16	35	85	25	63	19	-1	68	32	69	64	47	15	24	35	21	32	76	32	41	90	29	34	60	4	10	62	63	92	97	49	29	75	17	53	6	35	24	64	55	12	17	35	36	47	41	65	40	72	42	83	40	99	63	91	6	
60	66	45	96	46	100	8	100	34	37	15	95	19	1	42	67	76	69	8	87	91	37	13	17	29	3	66	8	60	53	70	73	96	96	57	63	27	90	92	56	93	2	23	70	41	65	40	65	50	100	68	-1	22	97	23	59	13	61	28	87	86	100	30	68	85	75	47	58	94	63	100	1	82	63	98	23	12	27	93	23	61	41	33	39	61	2	10	78	84	36	97	21	27	89	59	19	36	74	70	94	
36	72	55	27	74	69	37	100	26	42	25	37	60	58	73	38	23	67	100	25	38	10	69	17	89	87	36	46	10	79	31	85	80	48	48	43	38	32	2	41	78	77	83	93	94	98	29	52	53	51	32	22	-1	13	13	54	12	95	60	54	62	70	35	35	100	74	91	40	13	6	20	30	93	88	96	49	44	16	29	40	84	78	73	66	93	41	48	50	40	41	18	96	94	27	77	4	43	24	93	95	
26	6	79	45	55	70	77	6	80	71	46	17	26	82	8	67	89	11	4	6	16	63	8	10	83	21	31	35	13	37	72	43	52	21	93	18	22	59	61	84	67	41	19	28	4	16	80	69	51	67	69	97	13	-1	98	11	46	15	67	23	6	52	15	32	96	64	78	85	12	7	94	14	51	31	10	30	46	29	66	68	66	21	46	38	10	27	74	30	49	86	24	4	18	45	70	27	37	80	49	43	
95	90	22	8	33	54	14	12	18	67	24	30	34	17	62	55	80	96	39	89	95	53	58	53	41	28	44	4	66	44	37	77	13	48	19	63	49	7	71	32	86	12	77	3	59	8	34	96	58	52	64	23	13	98	-1	50	72	18	68	8	98	12	13	67	97	70	71	50	29	71	63	100	99	63	13	1	91	88	59	99	9	93	77	38	59	2	94	69	81	28	3	41	42	1	62	67	83	11	50	49	
65	100	3	41	29	87	77	64	80	98	35	97	94	72	63	28	46	18	63	36	7	50	19	2	61	61	6	90	11	81	57	60	3	1	86	43	17	14	64	30	56	24	99	22	54	12	44	46	88	77	47	59	54	11	50	-1	66	5	61	65	56	71	10	42	97	72	100	75	67	41	98	17	34	39	21	31	31	64	19	43	44	86	29	8	79	4	51	19	85	97	11	98	9	10	71	47	33	87	55	88	
18	97	30	66	67	6	20	44	23	81	33	12	69	62	70	19	33	58	70	32	36	25	55	40	51	71	16	60	29	43	93	40	38	22	4	17	2	64	89	15	52	25	12	69	6	64	22	35	44	73	15	13	12	46	72	66	-1	80	53	34	67	56	59	28	57	22	46	48	42	12	78	50	11	54	41	84	83	40	26	5	79	83	38	46	34	82	74	32	35	19	46	62	48	38	83	31	18	97	75	22	
42	38	93	5	14	99	42	39	94	26	19	5	60	9	56	33	14	51	77	40	39	20	70	52	1	60	78	53	33	35	25	42	42	35	76	17	47	54	9	5	43	53	25	17	32	34	48	84	88	85	24	61	95	15	18	5	80	-1	70	41	9	10	48	12	63	28	38	35	96	19	4	74	29	46	81	21	95	91	64	93	78	24	87	48	33	30	40	5	58	70	63	84	47	7	47	68	53	55	48	70	
7	4	58	68	79	84	18	33	25	6	87	14	63	78	52	83	50	86	56	76	49	92	79	20	49	39	59	70	15	2	86	77	55	34	29	99	78	21	65	88	66	97	26	49	67	2	92	17	95	49	35	28	60	67	68	61	53	70	-1	39	77	28	49	94	51	45	82	48	41	79	22	23	29	54	13	56	41	1	69	15	22	56	84	49	22	20	43	3	9	81	95	20	19	20	20	30	41	14	52	89	
92	37	47	100	55	7	53	85	30	4	39	16	21	50	70	38	76	67	30	92	19	13	19	91	91	51	83	45	20	95	99	72	26	58	68	69	70	12	90	95	13	99	39	20	20	69	72	54	53	31	21	87	54	23	8	65	34	41	39	-1	68	35	29	33	86	83	14	61	96	98	54	15	71	26	14	34	24	62	32	54	61	77	25	26	33	72	73	40	92	15	47	1	13	73	78	66	65	47	58	50	
68	83	1	36	54	27	74	82	27	2	84	37	60	81	39	45	15	27	83	73	89	64	2	11	6	61	11	55	10	100	21	53	51	17	16	3	15	97	56	86	48	55	58	15	90	94	61	42	73	42	32	86	62	6	98	56	67	9	77	68	-1	75	51	100	65	46	50	61	86	87	30	72	56	53	39	94	10	27	28	65	72	48	10	5	64	97	89	78	64	40	22	78	58	6	64	50	89	37	41	78	
77	96	37	70	100	31	41	36	77	30	62	88	28	44	41	47	13	4	14	6	12	8	83	13	23	94	64	67	63	100	49	46	69	30	13	30	2	28	46	68	31	93	77	94	27	6	12	13	70	35	76	100	70	52	12	71	56	10	28	35	75	-1	14	76	92	70	39	57	49	30	83	17	20	63	23	17	97	51	50	22	31	41	79	13	20	61	42	1	93	57	20	38	18	37	21	4	76	47	11	39	
23	76	85	69	69	49	77	60	27	72	34	93	1	99	91	6	91	38	41	1	48	56	65	25	12	54	70	24	95	33	15	37	2	72	69	69	89	22	86	5	91	63	18	43	11	57	30	56	43	93	32	30	35	15	13	10	59	48	49	29	51	14	-1	17	83	21	76	32	5	63	7	45	8	32	42	35	22	5	58	24	20	60	21	81	48	69	72	67	69	75	94	58	91	23	72	96	26	24	86	67	
61	63	27	57	36	49	62	77	88	52	44	91	91	3	86	69	55	54	85	33	67	20	82	24	56	46	44	14	14	52	4	40	51	63	23	12	31	10	96	71	81	79	94	41	34	1	91	13	58	64	41	68	35	32	67	42	28	12	94	33	100	76	17	-1	39	78	58	94	81	68	92	89	82	52	74	52	91	27	40	94	23	92	26	46	62	37	25	69	69	3	56	37	58	25	16	14	18	64	42	84	
42	26	46	28	94	84	65	76	49	76	50	17	32	85	28	23	31	68	96	50	54	27	10	78	28	28	81	13	41	13	34	62	59	12	23	34	77	8	40	93	77	14	40	82	15	27	95	89	63	38	90	85	100	96	97	97	57	63	51	86	65	92	83	39	-1	73	21	19	64	89	3	28	58	1	87	20	82	92	26	26	45	62	62	19	94	18	95	59	66	68	15	15	85	74	92	32	94	42	40	93	
19	43	39	25	32	12	88	63	59	97	82	44	67	7	91	27	53	96	82	45	12	46	68	48	65	74	20	54	88	8	97	61	3	59	62	92	30	72	82	37	37	98	7	77	64	66	16	56	5	22	29	75	74	64	70	72	22	28	45	83	46	70	21	78	73	-1	25	86	59	90	67	66	13	31	46	69	46	23	97	70	34	19	69	85	84	82	73	35	46	14	76	38	14	94	6	32	43	93	16	89	
55	13	60	98	16	92	52	55	61	69	28	35	14	60	77	87	61	68	44	69	62	88	1	56	4	81	11	45	98	26	17	69	94	12	91	71	29	100	69	21	56	49	41	73	61	51	62	3	30	17	34	47	91	78	71	100	46	38	82	14	50	39	76	58	21	25	-1	59	91	75	95	72	99	77	42	80	5	66	81	97	45	54	91	69	87	24	29	67	60	2	22	94	1	70	52	5	83	73	23	23	
42	81	12	49	68	67	51	99	10	73	21	66	26	35	49	29	29	49	33	82	61	2	40	88	16	95	89	1	13	69	28	4	28	25	82	51	50	31	86	14	49	69	50	27	14	25	82	96	26	60	60	58	40	85	50	75	48	35	48	61	61	57	32	94	19	86	59	-1	27	77	88	60	27	53	44	60	56	23	45	92	5	57	63	90	40	49	78	21	19	69	44	73	86	7	30	63	43	16	52	52	
7	15	62	94	12	27	35	15	34	13	37	52	4	64	38	39	66	92	47	78	60	1	25	52	11	36	17	74	61	40	50	53	29	43	2	86	4	53	59	23	100	53	62	48	2	100	81	71	24	22	4	94	13	12	29	67	42	96	41	96	86	49	5	81	64	59	91	27	-1	98	43	100	34	2	100	43	3	60	5	2	22	83	42	2	4	3	84	99	80	66	95	58	38	16	72	53	48	1	16	47	
76	2	92	20	17	68	20	68	10	37	91	30	46	84	67	24	2	41	20	8	69	100	91	84	44	100	99	82	49	65	82	6	73	3	88	77	62	90	16	12	52	38	65	17	10	84	87	99	69	44	10	63	6	7	71	41	12	19	79	98	87	30	63	68	89	90	75	77	98	-1	52	32	43	44	44	30	35	50	32	1	57	53	48	83	92	84	74	74	35	36	40	96	93	64	17	90	63	30	88	33	
100	41	71	78	45	46	76	61	88	98	60	1	18	74	15	83	16	96	54	61	3	43	34	74	65	91	35	95	7	2	55	57	33	22	14	44	30	43	67	41	100	6	54	75	13	26	31	28	68	9	62	100	20	94	63	98	78	4	22	54	30	83	7	92	3	67	95	88	43	52	-1	34	21	13	89	50	24	73	94	62	17	84	27	89	18	61	57	44	92	12	12	76	52	98	87	23	35	54	74	74	
77	93	49	82	88	96	43	88	70	79	21	34	43	65	74	15	23	61	6	31	25	47	92	56	93	70	80	74	34	93	25	53	59	63	68	56	100	55	88	7	87	78	11	23	40	41	76	33	36	83	63	1	30	14	100	17	50	74	23	15	72	17	45	89	28	66	72	60	100	32	34	-1	96	39	35	18	61	35	66	40	35	26	62	1	38	74	55	81	44	81	73	86	15	39	44	89	72	9	98	33	
64	36	90	85	71	7	88	15	26	41	42	29	81	94	38	42	30	24	53	8	45	11	11	24	28	47	61	70	47	27	66	56	56	64	61	40	86	69	77	8	40	98	4	88	44	66	82	79	11	89	92	82	93	51	99	34	11	29	29	71	56	20	8	82	58	13	99	27	34	43	21	96	-1	83	38	99	75	44	50	79	32	60	61	53	28	61	41	18	27	10	94	27	55	35	88	79	62	84	54	28	
71	4	93	68	49	58	63	22	67	12	10	96	50	67	38	30	42	59	97	79	77	57	81	10	29	39	96	31	12	68	62	33	58	29	55	14	99	13	87	74	12	58	89	41	50	19	47	83	25	92	97	63	88	31	63	39	54	46	54	26	53	63	32	52	1	31	77	53	2	44	13	39	83	-1	52	43	22	1	26	27	65	92	64	22	100	26	96	86	79	43	64	47	49	94	70	76	48	92	97	53	
83	33	89	23	17	67	83	64	81	36	70	100	55	18	20	25	97	93	20	89	15	85	57	76	27	67	41	64	39	99	98	64	42	71	69	9	80	97	75	60	39	20	70	65	81	37	95	36	47	1	49	98	96	10	13	21	41	81	13	14	39	23	42	74	87	46	42	44	100	44	89	35	38	52	-1	59	76	99	3	69	91	50	70	16	88	23	27	77	51	49	69	94	78	81	14	57	61	66	57	75	
94	96	65	99	2	41	67	82	39	84	80	37	45	54	94	13	17	47	90	48	94	48	70	92	95	38	5	91	79	97	72	52	63	19	72	69	67	91	32	51	69	34	45	50	87	31	95	75	11	91	29	23	49	30	1	31	84	21	56	34	94	17	35	52	20	69	80	60	43	30	50	18	99	43	59	-1	70	76	82	53	95	33	47	29	10	83	86	72	21	38	13	31	32	32	20	32	35	76	81	66	
67	12	25	90	81	32	49	6	41	96	8	64	31	98	69	99	65	76	18	75	15	34	99	92	51	66	52	7	1	57	5	19	43	73	54	12	40	6	34	75	4	65	99	87	80	44	21	19	78	87	75	12	44	46	91	31	83	95	41	24	10	97	22	91	82	46	5	56	3	35	24	61	75	22	76	70	-1	60	81	24	40	61	23	82	73	78	14	16	68	78	89	28	30	10	12	83	68	74	74	27	
32	73	20	68	8	50	63	63	70	49	26	56	23	1	49	12	5	89	75	93	18	82	72	6	28	92	81	28	13	73	38	9	80	100	19	6	18	60	9	73	20	38	35	82	54	29	64	79	76	7	17	27	16	29	88	64	40	91	1	62	27	51	5	27	92	23	66	23	60	50	73	35	44	1	99	76	60	-1	67	51	49	46	61	4	87	16	14	77	6	42	51	1	63	71	57	30	72	7	33	51	
1	26	94	65	60	4	21	41	86	64	62	89	38	44	82	30	13	52	4	34	93	52	12	1	30	23	22	10	97	64	25	96	46	79	49	17	52	43	79	48	4	45	29	23	68	5	77	65	41	57	53	93	29	66	59	19	26	64	69	32	28	50	58	40	26	97	81	45	5	32	94	66	50	26	3	82	81	67	-1	61	62	23	25	11	22	64	6	84	84	89	86	18	89	77	18	100	15	94	47	89	
80	24	20	49	19	72	45	72	39	91	24	46	3	19	56	41	3	56	19	71	82	98	69	95	18	20	99	10	96	47	52	69	30	48	89	3	83	92	58	79	77	58	32	58	83	98	19	4	1	25	6	23	40	68	99	43	5	93	15	54	65	22	24	94	26	70	97	92	2	1	62	40	79	27	69	53	24	51	61	-1	29	58	99	14	59	7	87	89	91	97	88	87	37	95	45	52	36	21	37	1	
88	74	56	91	31	36	51	91	38	79	21	8	51	69	49	38	31	96	3	91	48	89	93	15	2	31	40	27	2	59	15	50	22	85	35	47	38	86	82	24	64	43	46	62	6	23	26	34	51	48	35	61	84	66	9	44	79	78	22	61	72	31	20	23	45	34	45	5	22	57	17	35	32	65	91	95	40	49	62	29	-1	89	52	53	43	4	98	66	65	49	56	8	81	92	42	77	39	79	58	59	
20	38	3	47	2	39	28	99	60	39	48	27	32	46	43	4	48	59	53	32	43	9	52	46	76	58	60	38	36	40	62	85	68	92	81	83	91	91	88	31	66	50	59	36	48	58	9	97	74	85	24	41	78	21	93	86	83	24	56	77	48	41	60	92	62	19	54	57	83	53	84	26	60	92	50	33	61	46	23	58	89	-1	95	79	55	63	34	70	62	84	30	1	6	19	89	98	76	89	75	87	
81	12	91	16	56	87	50	15	46	2	14	54	11	23	80	15	55	11	38	24	78	44	66	88	79	62	97	55	48	31	78	1	61	19	10	26	99	90	11	16	51	28	58	16	10	65	16	26	60	98	64	33	73	46	77	29	38	87	84	25	10	79	21	26	62	69	91	63	42	48	27	62	61	64	70	47	23	61	25	99	52	95	-1	30	6	39	76	82	75	20	4	58	86	44	83	78	39	100	20	47	
84	77	81	1	93	7	58	89	51	22	17	21	12	73	66	69	49	61	60	84	3	60	89	98	92	83	50	48	91	66	67	37	68	75	82	85	37	48	86	22	50	77	75	6	96	53	16	65	56	25	55	39	66	38	38	8	46	48	49	26	5	13	81	46	19	85	69	90	2	83	89	1	53	22	16	29	82	4	11	14	53	79	30	-1	83	9	65	69	33	95	96	99	37	20	90	42	76	23	11	49	
96	20	42	55	4	45	85	49	22	15	89	58	16	42	43	68	98	12	77	52	6	25	60	36	33	22	38	38	95	51	19	15	40	88	34	91	96	87	38	83	12	92	13	21	19	96	86	17	85	52	12	61	93	10	59	79	34	33	22	33	64	20	48	62	94	84	87	40	4	92	18	38	28	100	88	10	73	87	22	59	43	55	6	83	-1	59	45	80	47	83	96	56	10	45	63	78	27	4	41	73	
94	72	2	65	16	16	45	37	30	4	72	100	12	25	43	57	83	52	71	36	78	77	58	19	28	59	12	19	53	29	61	39	95	37	38	48	48	71	71	34	1	38	17	58	76	58	68	17	79	15	17	2	41	27	2	4	82	30	20	72	97	61	69	37	18	82	24	49	3	84	61	74	61	26	23	83	78	16	64	7	4	63	39	9	59	-1	57	20	57	17	87	99	13	78	24	9	33	74	25	16	
90	81	84	49	66	74	90	97	91	2	21	52	16	22	25	49	28	30	66	24	39	98	16	25	53	47	1	98	1	12	24	33	24	99	49	64	45	66	16	30	82	78	64	27	27	90	27	49	91	46	35	10	48	74	94	51	74	40	43	73	89	42	72	25	95	73	29	78	84	74	57	55	41	96	27	86	14	14	6	87	98	34	76	65	45	57	-1	47	88	78	81	81	2	56	82	54	70	78	36	41	
57	48	58	84	93	45	30	4	12	76	78	89	3	76	14	53	54	60	84	44	14	30	20	52	51	91	54	94	25	76	95	37	49	57	30	66	78	94	86	51	64	84	89	16	58	36	35	97	78	79	36	78	50	30	69	19	32	5	3	40	78	1	67	69	59	35	67	21	99	74	44	81	18	86	77	72	16	77	84	89	66	70	82	69	80	20	47	-1	69	62	40	2	71	82	41	22	11	52	40	5	
24	28	68	100	90	87	6	56	67	71	24	50	36	58	5	21	4	45	68	13	93	75	78	32	53	34	54	59	43	37	40	25	96	67	24	18	79	2	38	70	66	59	95	43	5	50	23	17	34	50	47	84	40	49	81	85	35	58	9	92	64	93	69	69	66	46	60	19	80	35	92	44	27	79	51	21	68	6	84	91	65	62	75	33	47	57	88	69	-1	10	18	84	38	46	93	87	59	1	85	25	
59	73	76	43	61	10	26	49	41	76	85	21	56	32	20	58	13	74	76	37	44	62	1	49	72	19	95	67	96	23	27	89	90	31	25	70	39	49	56	10	59	39	43	61	20	48	81	23	43	22	41	36	41	86	28	97	19	70	81	15	40	57	75	3	68	14	2	69	66	36	12	81	10	43	49	38	78	42	89	97	49	84	20	95	83	17	78	62	10	-1	9	73	36	35	58	14	55	42	53	43	
90	11	22	90	89	7	41	36	10	38	73	57	15	59	93	4	6	45	92	87	57	97	11	83	92	100	57	18	25	34	74	97	94	15	88	18	30	17	100	41	21	89	49	59	47	22	57	94	78	50	65	97	18	24	3	11	46	63	95	47	22	20	94	56	15	76	22	44	95	40	12	73	94	64	69	13	89	51	86	88	56	30	4	96	96	87	81	40	18	9	-1	34	25	91	86	62	20	56	90	57	
26	31	45	17	51	2	98	35	50	12	54	21	79	82	11	44	16	78	60	67	76	12	42	36	38	9	85	91	97	59	84	7	58	43	83	21	27	1	33	21	89	28	69	54	49	89	88	38	4	77	40	21	96	4	41	98	62	84	20	1	78	38	58	37	15	38	94	73	58	96	76	86	27	47	94	31	28	1	18	87	8	1	58	99	56	99	81	2	84	73	34	-1	95	11	29	64	11	81	57	47	
76	62	48	13	2	88	35	44	77	3	63	81	76	40	34	84	52	57	35	12	88	81	1	12	19	54	83	15	19	16	1	6	13	3	75	68	71	5	91	36	90	70	76	96	88	46	44	75	8	11	72	27	94	18	42	9	48	47	19	13	58	18	91	58	85	14	1	86	38	93	52	15	55	49	78	32	30	63	89	37	81	6	86	37	10	13	2	71	38	36	25	95	-1	91	58	78	18	41	30	15	
53	64	77	67	4	13	41	33	62	71	39	46	47	28	70	46	12	99	42	45	63	60	61	69	31	32	19	38	74	16	4	74	41	90	11	25	74	58	85	84	17	9	82	28	75	73	7	48	57	75	42	89	27	45	1	10	38	7	20	73	6	37	23	25	74	94	70	7	16	64	98	39	35	94	81	32	10	71	77	95	92	19	44	20	45	78	56	82	46	35	91	11	91	-1	15	58	92	30	76	79	
75	49	68	73	69	47	80	25	83	52	40	11	89	43	41	6	91	39	91	67	90	17	12	58	41	44	27	80	57	7	57	78	44	16	76	3	18	7	99	54	50	4	76	79	93	37	8	14	69	38	83	59	77	70	62	71	83	47	20	78	64	21	72	16	92	6	52	30	72	17	87	44	88	70	14	20	12	57	18	45	42	89	83	90	63	24	82	41	93	58	86	29	58	15	-1	49	52	19	10	67	
69	69	34	42	88	13	91	54	65	81	27	18	17	8	17	99	79	2	54	42	34	37	19	46	71	17	95	19	48	92	34	70	30	79	84	95	21	43	71	44	22	56	16	87	27	54	99	69	45	15	40	19	4	27	67	47	31	68	30	66	50	4	96	14	32	32	5	63	53	90	23	89	79	76	57	32	83	30	100	52	77	98	78	42	78	9	54	22	87	14	62	64	78	58	49	-1	29	15	24	10	
93	39	74	62	33	15	76	8	49	21	93	7	74	90	55	26	20	39	62	56	1	81	84	71	88	75	6	38	45	43	12	57	1	10	1	93	67	63	71	63	99	42	57	27	26	23	28	47	85	41	99	36	43	37	83	33	18	53	41	65	89	76	26	18	94	43	83	43	48	63	35	72	62	48	61	35	68	72	15	36	39	76	39	76	27	33	70	11	59	55	20	11	18	92	52	29	-1	23	92	52	
52	4	22	38	68	21	66	10	28	24	91	92	87	58	71	19	37	29	26	91	95	66	9	9	79	45	60	71	15	47	91	51	36	78	68	45	82	69	80	66	8	81	49	33	28	83	98	76	5	12	63	74	24	80	11	87	97	55	14	47	37	47	24	64	42	93	73	16	1	30	54	9	84	92	66	76	74	7	94	21	79	89	100	23	4	74	78	52	1	42	56	81	41	30	19	15	23	-1	59	78	
66	39	63	33	62	21	79	10	32	30	95	94	23	98	19	42	43	31	78	44	100	19	92	18	10	48	40	39	4	67	77	90	98	78	62	3	30	9	81	46	13	100	85	83	19	86	38	87	8	20	91	70	93	49	50	55	75	48	52	58	41	11	86	42	40	16	23	52	16	88	74	98	54	97	57	81	74	33	47	37	58	75	20	11	41	25	36	40	85	53	90	57	30	76	10	24	92	59	-1	50	
22	32	56	6	46	57	24	47	28	50	39	27	43	61	66	40	63	64	21	57	78	24	100	87	37	33	1	27	62	61	22	5	78	79	72	57	43	42	86	29	60	91	83	52	92	78	68	16	47	30	6	94	95	43	49	88	22	70	89	50	78	39	67	84	93	89	23	52	47	33	74	33	28	53	75	66	27	51	89	1	59	87	47	49	73	16	41	5	25	43	57	47	15	79	67	10	52	78	50	-1	
