100
-1	4	11	51	78	71	66	53	2	51	16	73	82	79	92	95	58	59	11	70	61	34	76	88	39	21	74	2	12	83	60	10	85	9	80	65	42	22	85	100	4	37	7	17	15	42	81	67	60	94	29	23	93	19	16	60	9	43	38	6	58	72	84	17	48	72	11	23	52	90	12	31	72	81	47	75	29	43	4	10	18	64	57	99	47	64	8	77	77	91	67	7	8	23	49	30	99	71	62	8	
4	-1	55	2	55	39	66	66	15	99	93	58	21	24	16	46	56	79	77	53	55	50	76	59	56	38	97	84	60	57	79	81	95	93	55	98	82	83	23	3	96	27	9	43	52	20	15	82	57	63	5	22	83	60	13	80	11	51	89	24	44	11	34	46	75	41	84	70	76	69	59	42	10	62	36	43	29	50	54	13	26	42	46	19	38	66	13	83	67	57	9	57	47	16	63	74	2	41	7	58	
11	55	-1	10	38	64	58	45	58	98	44	44	71	49	48	33	100	9	40	17	65	70	94	31	57	44	80	67	64	35	37	16	5	11	18	41	76	80	99	61	96	12	87	68	83	97	93	15	79	28	33	72	61	98	42	16	10	11	42	58	25	36	75	88	100	49	22	46	43	54	37	21	47	25	93	34	57	69	86	84	8	5	63	39	33	53	52	2	33	16	69	22	10	61	92	99	54	99	23	92	
51	2	10	-1	71	47	84	22	71	77	64	22	42	17	97	84	10	100	4	78	1	97	15	40	34	33	75	51	69	51	60	62	84	4	55	62	62	65	80	36	22	37	54	100	57	38	32	30	63	100	85	96	59	80	22	16	40	61	50	59	58	56	47	90	30	29	39	23	3	95	98	99	42	68	62	55	31	39	58	75	71	53	83	27	72	21	95	20	76	61	40	9	11	42	89	42	91	8	8	36	
78	55	38	71	-1	44	94	44	87	31	94	7	96	99	72	42	40	59	7	20	85	83	25	25	13	85	56	100	84	65	49	19	37	88	32	44	9	82	72	87	12	46	4	87	84	70	2	54	83	47	99	6	75	74	67	96	91	4	94	6	89	35	64	71	70	37	53	13	6	84	80	68	21	3	9	17	65	28	4	89	32	74	64	95	52	1	75	96	54	60	88	46	48	6	51	42	70	37	20	94	
71	39	64	47	44	-1	11	94	14	85	31	73	21	29	39	96	30	15	85	73	62	29	94	93	82	9	69	2	13	91	5	73	18	97	37	84	75	18	23	30	15	44	30	16	76	67	96	6	12	60	8	67	53	59	27	54	34	87	78	5	1	63	55	38	22	66	71	63	93	31	35	46	70	7	10	90	75	59	6	96	95	20	75	69	54	88	4	95	26	14	55	2	84	66	83	41	57	11	80	50	
66	66	58	84	94	11	-1	67	60	87	10	43	44	30	68	9	17	31	11	98	91	56	50	13	70	25	68	59	70	45	49	19	14	26	67	38	27	71	76	95	81	43	27	75	17	88	21	35	1	81	6	22	2	95	3	68	4	46	67	15	71	96	57	25	12	37	72	18	5	89	98	32	86	83	40	20	92	82	71	35	51	25	39	9	75	74	16	25	42	74	21	53	29	95	31	83	40	27	19	63	
53	66	45	22	44	94	67	-1	39	50	63	27	83	10	7	13	32	17	2	88	27	46	78	17	3	8	96	47	48	7	41	77	25	28	98	67	66	27	13	84	88	6	76	59	96	45	85	59	97	65	87	99	34	54	32	78	79	16	76	27	38	91	5	36	69	21	43	83	3	16	33	6	40	9	64	68	29	29	76	48	15	69	22	38	26	3	17	70	57	55	15	83	40	59	69	25	71	67	9	95	
2	15	58	71	87	14	60	39	-1	81	63	32	28	19	50	16	54	6	23	56	15	14	75	62	64	77	6	56	51	27	17	58	1	3	35	62	48	73	30	61	61	78	92	70	62	45	59	72	82	95	42	41	69	50	65	52	37	5	63	10	89	75	97	12	21	85	58	20	90	53	77	91	71	56	75	46	32	6	30	99	7	17	53	85	65	83	24	27	42	80	58	86	94	23	29	38	49	31	22	86	
51	99	98	77	31	85	87	50	81	-1	10	14	14	78	9	93	76	100	7	22	100	90	49	38	43	87	39	1	8	12	58	20	62	93	28	22	79	24	20	34	41	45	16	31	79	26	49	80	42	49	34	78	69	24	89	43	85	85	67	29	9	26	93	91	33	50	90	24	20	45	59	36	48	20	93	42	49	100	33	24	39	17	38	88	44	42	34	33	39	24	42	85	54	74	51	76	81	18	29	76	
16	93	44	64	94	31	10	63	63	10	-1	28	1	56	27	31	44	35	18	4	84	92	83	89	63	21	5	70	39	56	87	53	87	31	58	8	56	97	39	3	97	36	64	11	53	61	45	62	56	85	95	60	53	91	64	33	92	97	78	60	36	84	4	59	2	14	33	72	59	23	28	51	58	15	67	53	49	89	16	32	69	92	41	68	12	85	55	62	84	26	85	60	9	81	30	76	71	48	28	84	
73	58	44	22	7	73	43	27	32	14	28	-1	95	83	39	28	18	14	1	69	60	9	7	91	71	90	24	54	81	26	92	94	85	78	8	90	93	31	60	77	32	4	93	16	38	59	84	56	64	26	42	48	51	95	6	1	89	18	44	40	11	26	95	91	26	3	26	8	81	51	37	54	1	94	79	82	9	62	23	13	93	22	39	46	74	6	80	83	24	97	33	55	74	26	32	74	37	61	46	5	
82	21	71	42	96	21	44	83	28	14	1	95	-1	20	20	91	19	99	79	97	92	31	96	32	28	40	19	66	91	76	35	15	8	87	57	55	67	32	97	87	51	59	22	50	40	19	74	61	72	89	62	33	31	42	30	3	17	82	44	100	11	57	1	78	2	59	8	75	7	6	36	29	46	71	4	77	14	41	49	39	28	77	91	62	51	42	23	44	48	38	1	49	41	10	52	17	75	31	74	19	
79	24	49	17	99	29	30	10	19	78	56	83	20	-1	17	74	34	4	39	30	34	3	27	7	38	33	28	36	58	32	44	88	32	12	12	66	74	22	83	19	96	64	60	68	49	85	35	72	43	9	61	95	53	68	18	28	32	64	97	52	72	19	34	28	7	45	82	31	28	89	43	55	38	32	41	74	79	31	6	56	15	93	65	71	44	76	93	41	16	70	44	85	44	99	84	97	62	97	22	71	
92	16	48	97	72	39	68	7	50	9	27	39	20	17	-1	98	60	30	19	77	83	90	60	88	51	78	45	91	50	55	65	35	35	30	38	68	4	68	67	39	48	60	92	5	38	80	70	72	1	55	99	38	62	63	14	6	67	35	43	10	58	91	98	34	45	10	70	62	70	52	68	28	74	64	96	34	22	24	11	79	18	36	37	43	29	3	62	79	73	96	83	36	11	17	58	94	78	49	78	70	
95	46	33	84	42	96	9	13	16	93	31	28	91	74	98	-1	53	67	7	95	17	33	54	83	15	74	91	25	46	91	40	10	29	76	5	99	24	86	85	65	51	28	44	42	2	67	93	18	51	70	34	68	81	10	97	44	35	5	46	65	85	73	66	83	84	64	18	96	39	97	96	86	69	45	29	90	18	56	36	100	50	37	46	88	7	41	18	99	13	78	83	60	70	42	100	32	36	4	15	52	
58	56	100	10	40	30	17	32	54	76	44	18	19	34	60	53	-1	76	93	17	83	73	72	92	55	24	39	22	4	12	100	10	6	29	4	65	66	33	73	54	88	99	58	17	27	8	51	52	58	86	74	75	34	50	97	54	36	53	13	88	8	87	39	70	18	17	20	41	20	23	26	48	68	71	53	14	64	3	51	26	83	21	40	87	45	74	100	74	42	70	46	26	58	38	57	12	1	5	41	10	
59	79	9	100	59	15	31	17	6	100	35	14	99	4	30	67	76	-1	66	31	21	97	65	82	26	82	97	79	30	41	38	65	66	96	51	32	9	21	91	1	6	87	58	40	11	90	38	95	59	26	3	17	65	72	54	28	82	34	80	3	5	8	51	34	93	31	17	60	39	39	53	80	96	15	38	91	77	36	61	17	34	99	55	25	19	54	91	6	29	73	92	27	80	79	22	13	33	84	65	74	
11	77	40	4	7	85	11	2	23	7	18	1	79	39	19	7	93	66	-1	63	75	67	98	62	76	28	66	51	23	47	73	61	61	14	83	95	26	8	6	43	28	42	86	7	12	36	80	34	98	82	47	69	85	26	15	46	91	15	25	13	62	47	90	9	73	61	31	61	85	50	57	36	19	33	30	97	40	84	16	15	46	81	89	33	3	25	58	97	43	84	8	30	43	61	100	82	82	75	61	33	
70	53	17	78	20	73	98	88	56	22	4	69	97	30	77	95	17	31	63	-1	31	72	83	59	85	93	27	44	6	2	33	98	55	40	1	50	30	12	17	67	34	45	71	27	23	65	31	16	97	96	14	18	71	6	9	34	26	18	87	62	88	75	76	73	10	26	100	38	81	76	83	76	60	41	54	13	4	16	74	91	46	57	8	10	21	33	89	79	36	93	75	88	6	30	55	1	18	71	12	95	
61	55	65	1	85	62	91	27	15	100	84	60	92	34	83	17	83	21	75	31	-1	6	15	12	15	74	1	45	9	30	77	59	82	84	89	53	51	39	76	49	55	61	33	39	6	93	3	48	46	48	4	19	46	33	80	24	14	20	27	49	70	81	61	46	74	56	80	63	6	86	67	39	57	37	51	71	59	17	47	25	76	56	12	79	31	27	88	75	99	29	6	48	59	47	23	21	19	29	51	12	
34	50	70	97	83	29	56	46	14	90	92	9	31	3	90	33	73	97	67	72	6	-1	62	33	23	81	19	61	81	16	41	53	21	32	94	89	43	38	45	100	13	50	39	94	90	47	31	27	31	77	5	32	49	14	57	25	31	94	75	20	93	100	98	54	33	72	73	83	10	54	70	95	66	99	5	94	96	63	59	23	29	70	92	12	46	39	13	49	95	62	30	91	47	65	31	75	100	49	58	72	
76	76	94	15	25	94	50	78	75	49	83	7	96	27	60	54	72	65	98	83	15	62	-1	16	1	4	4	39	75	3	38	63	26	3	48	42	53	71	46	47	2	75	63	96	68	24	42	97	1	60	85	53	3	26	69	97	6	4	57	1	27	7	85	95	22	11	53	37	80	76	30	51	67	75	99	92	62	37	28	29	14	57	19	96	1	28	89	81	37	10	56	67	1	34	92	25	78	15	98	94	
88	59	31	40	25	93	13	17	62	38	89	91	32	7	88	83	92	82	62	59	12	33	16	-1	4	41	87	14	14	29	98	54	91	17	2	55	26	81	94	17	81	51	62	57	18	82	13	29	82	96	35	76	41	66	85	38	42	71	62	60	74	41	76	95	3	11	99	49	75	14	30	45	11	82	16	12	53	99	45	92	47	81	81	72	73	5	19	72	12	38	90	70	57	66	88	77	10	44	52	45	
39	56	57	34	13	82	70	3	64	43	63	71	28	38	51	15	55	26	76	85	15	23	1	4	-1	80	86	86	23	53	14	96	23	62	63	11	71	43	45	22	94	21	92	83	76	96	85	68	87	27	49	95	35	25	36	80	6	77	50	31	4	76	43	78	33	45	24	45	58	13	43	76	20	41	3	31	43	77	30	79	84	22	19	1	21	22	51	28	25	50	77	8	18	44	33	89	78	86	91	52	
21	38	44	33	85	9	25	8	77	87	21	90	40	33	78	74	24	82	28	93	74	81	4	41	80	-1	94	67	41	80	89	77	6	59	76	67	19	64	28	3	57	48	96	46	49	100	53	99	61	34	76	85	20	49	86	53	55	46	94	48	1	1	66	53	84	72	91	45	5	22	11	78	2	23	63	5	65	51	6	40	12	96	31	32	7	72	86	95	62	83	18	64	91	57	81	9	42	46	12	25	
74	97	80	75	56	69	68	96	6	39	5	24	19	28	45	91	39	97	66	27	1	19	4	87	86	94	-1	48	10	25	4	41	48	7	40	100	2	24	37	96	63	49	43	3	23	29	74	78	58	74	55	17	28	89	69	41	100	48	50	3	76	87	51	49	24	90	89	63	56	80	70	95	3	41	12	52	97	31	71	21	72	79	93	86	51	11	1	86	23	78	64	68	55	76	8	55	90	18	94	59	
2	84	67	51	100	2	59	47	56	1	70	54	66	36	91	25	22	79	51	44	45	61	39	14	86	67	48	-1	46	5	35	49	63	95	65	2	8	69	83	97	37	28	50	41	50	89	61	48	50	67	7	9	44	32	12	7	58	43	89	3	59	92	76	48	27	12	96	37	64	14	52	63	68	30	62	63	76	33	86	6	54	50	23	27	94	92	82	41	18	59	80	78	76	95	90	34	93	34	91	8	
12	60	64	69	84	13	70	48	51	8	39	81	91	58	50	46	4	30	23	6	9	81	75	14	23	41	10	46	-1	62	30	8	30	89	68	1	4	69	79	58	99	15	79	49	94	14	51	17	44	64	44	2	99	33	100	15	9	22	88	76	9	90	82	90	64	2	38	99	48	63	21	78	16	20	50	59	86	71	1	71	58	28	81	55	23	21	83	13	51	61	39	38	30	27	89	90	15	8	84	25	
83	57	35	51	65	91	45	7	27	12	56	26	76	32	55	91	12	41	47	2	30	16	3	29	53	80	25	5	62	-1	86	12	21	31	69	97	4	22	46	90	63	7	41	91	35	38	10	60	14	22	33	55	1	65	36	42	35	83	20	89	59	77	12	28	99	48	54	16	24	79	91	19	15	73	10	33	81	53	84	24	99	100	42	95	97	77	58	94	1	91	3	33	58	88	20	16	65	40	87	86	
60	79	37	60	49	5	49	41	17	58	87	92	35	44	65	40	100	38	73	33	77	41	38	98	14	89	4	35	30	86	-1	74	60	69	61	4	100	96	45	39	63	44	78	30	18	24	43	64	58	34	36	89	53	76	32	25	23	11	35	1	41	3	58	95	39	4	13	31	2	21	91	73	32	60	45	97	63	41	71	13	60	2	40	74	21	34	89	49	45	53	39	74	26	59	21	6	78	52	30	30	
10	81	16	62	19	73	19	77	58	20	53	94	15	88	35	10	10	65	61	98	59	53	63	54	96	77	41	49	8	12	74	-1	6	60	77	28	88	66	38	54	5	74	89	72	99	71	73	45	99	26	76	93	13	85	33	53	90	63	42	39	47	73	53	92	24	36	16	23	96	3	28	12	31	59	82	41	23	53	55	32	39	25	14	1	25	49	19	29	79	79	91	3	9	62	17	10	81	30	27	27	
85	95	5	84	37	18	14	25	1	62	87	85	8	32	35	29	6	66	61	55	82	21	26	91	23	6	48	63	30	21	60	6	-1	46	15	77	48	41	52	9	37	80	96	35	18	9	16	91	62	40	23	53	26	16	87	48	49	59	56	15	62	19	74	36	15	67	50	1	29	83	60	3	87	19	52	49	51	90	78	2	75	49	56	82	61	9	22	66	45	31	23	62	30	95	87	79	75	47	55	46	
9	93	11	4	88	97	26	28	3	93	31	78	87	12	30	76	29	96	14	40	84	32	3	17	62	59	7	95	89	31	69	60	46	-1	55	93	81	39	91	50	76	92	40	16	6	88	52	10	100	43	76	14	73	41	100	84	3	31	18	17	11	29	43	15	51	41	82	15	93	63	70	50	57	13	88	100	15	60	81	82	7	100	82	40	49	4	68	14	72	86	28	74	68	38	96	57	94	80	67	49	
80	55	18	55	32	37	67	98	35	28	58	8	57	12	38	5	4	51	83	1	89	94	48	2	63	76	40	65	68	69	61	77	15	55	-1	65	95	47	100	59	91	28	39	42	3	99	53	36	68	76	37	75	100	16	45	9	46	22	100	3	25	25	63	76	43	89	71	85	100	62	38	78	23	18	79	39	45	49	43	80	27	24	78	34	76	89	37	96	92	92	53	84	23	30	88	93	34	29	46	60	
65	98	41	62	44	84	38	67	62	22	8	90	55	66	68	99	65	32	95	50	53	89	42	55	11	67	100	2	1	97	4	28	77	93	65	-1	14	100	42	82	1	48	14	50	85	24	8	71	43	81	15	93	89	41	46	51	23	20	99	27	67	24	83	77	16	53	16	52	12	20	51	6	4	65	87	3	63	22	33	9	73	67	17	39	71	75	32	30	68	56	92	3	70	65	2	63	41	31	6	39	
42	82	76	62	9	75	27	66	48	79	56	93	67	74	4	24	66	9	26	30	51	43	53	26	71	19	2	8	4	4	100	88	48	81	95	14	-1	47	30	36	92	37	82	57	77	64	26	36	30	32	63	66	77	57	67	16	27	75	8	95	70	83	24	96	56	54	91	25	22	74	47	7	82	63	70	34	10	8	93	34	74	25	44	64	3	27	42	16	33	19	10	28	6	67	78	13	64	55	19	31	
22	83	80	65	82	18	71	27	73	24	97	31	32	22	68	86	33	21	8	12	39	38	71	81	43	64	24	69	69	22	96	66	41	39	47	100	47	-1	21	26	66	63	89	35	97	73	84	58	61	12	16	83	78	57	97	67	35	89	15	96	28	18	8	54	21	4	31	35	37	30	76	10	63	44	96	60	92	14	44	51	41	48	5	92	66	43	23	66	58	88	38	31	89	83	60	51	24	51	72	43	
85	23	99	80	72	23	76	13	30	20	39	60	97	83	67	85	73	91	6	17	76	45	46	94	45	28	37	83	79	46	45	38	52	91	100	42	30	21	-1	21	77	46	71	22	82	57	75	42	45	81	98	29	28	89	28	99	37	68	63	4	27	10	68	46	50	97	39	100	33	5	86	77	7	45	65	40	13	26	3	35	2	77	52	94	26	52	28	65	30	37	95	8	28	3	10	14	31	45	73	76	
100	3	61	36	87	30	95	84	61	34	3	77	87	19	39	65	54	1	43	67	49	100	47	17	22	3	96	97	58	90	39	54	9	50	59	82	36	26	21	-1	31	48	93	75	78	71	83	60	37	97	93	83	41	98	69	51	92	86	16	80	4	58	45	50	70	92	18	5	54	78	18	56	87	62	51	46	89	41	30	67	86	95	85	27	94	29	84	60	68	46	75	89	50	75	35	91	68	95	43	55	
4	96	96	22	12	15	81	88	61	41	97	32	51	96	48	51	88	6	28	34	55	13	2	81	94	57	63	37	99	63	63	5	37	76	91	1	92	66	77	31	-1	28	61	73	56	14	3	5	79	24	30	81	28	25	23	74	70	13	78	2	61	32	29	10	96	76	20	93	66	4	58	94	33	79	42	83	5	52	70	91	29	51	96	17	15	48	80	13	9	98	69	38	3	59	99	20	35	42	44	24	
37	27	12	37	46	44	43	6	78	45	36	4	59	64	60	28	99	87	42	45	61	50	75	51	21	48	49	28	15	7	44	74	80	92	28	48	37	63	46	48	28	-1	91	25	70	3	66	12	25	67	74	46	97	100	40	50	49	97	52	52	37	81	2	65	50	45	14	57	92	26	100	20	52	4	27	7	19	25	42	87	29	50	47	2	18	49	92	89	55	18	72	34	4	47	3	43	84	54	32	66	
7	9	87	54	4	30	27	76	92	16	64	93	22	60	92	44	58	58	86	71	33	39	63	62	92	96	43	50	79	41	78	89	96	40	39	14	82	89	71	93	61	91	-1	12	40	82	66	5	52	8	30	32	8	82	41	99	96	85	25	74	45	86	12	32	84	50	52	23	34	28	46	24	98	43	58	66	29	65	84	8	25	89	34	71	89	97	28	63	44	95	56	73	53	89	84	48	42	74	32	42	
17	43	68	100	87	16	75	59	70	31	11	16	50	68	5	42	17	40	7	27	39	94	96	57	83	46	3	41	49	91	30	72	35	16	42	50	57	35	22	75	73	25	12	-1	27	19	4	42	56	42	73	32	53	62	63	64	90	95	31	2	64	59	86	69	43	29	66	27	60	94	47	65	76	81	32	79	66	14	27	30	77	70	11	56	65	48	37	88	20	64	93	26	84	73	65	85	12	48	54	51	
15	52	83	57	84	76	17	96	62	79	53	38	40	49	38	2	27	11	12	23	6	90	68	18	76	49	23	50	94	35	18	99	18	6	3	85	77	97	82	78	56	70	40	27	-1	79	87	62	57	48	46	10	53	46	81	41	32	21	77	12	55	37	24	23	51	95	15	60	83	58	34	3	67	80	63	94	67	13	54	74	90	91	25	21	55	91	10	57	79	83	29	76	16	68	20	26	42	2	76	73	
42	20	97	38	70	67	88	45	45	26	61	59	19	85	80	67	8	90	36	65	93	47	24	82	96	100	29	89	14	38	24	71	9	88	99	24	64	73	57	71	14	3	82	19	79	-1	81	22	66	47	86	14	22	85	25	23	71	5	46	80	54	21	78	46	95	98	88	36	66	4	97	79	62	56	5	37	88	2	63	63	58	65	71	59	26	27	86	93	12	97	94	96	46	97	18	79	83	6	31	95	
81	15	93	32	2	96	21	85	59	49	45	84	74	35	70	93	51	38	80	31	3	31	42	13	85	53	74	61	51	10	43	73	16	52	53	8	26	84	75	83	3	66	66	4	87	81	-1	6	94	56	86	70	51	72	70	2	48	47	97	57	36	38	31	81	51	78	62	43	72	57	98	93	35	43	85	87	36	64	45	83	48	23	88	58	54	23	6	14	52	15	97	71	94	19	85	42	91	96	31	27	
67	82	15	30	54	6	35	59	72	80	62	56	61	72	72	18	52	95	34	16	48	27	97	29	68	99	78	48	17	60	64	45	91	10	36	71	36	58	42	60	5	12	5	42	62	22	6	-1	4	81	12	25	54	52	13	14	92	99	13	5	92	64	81	4	28	61	68	33	76	88	91	4	82	34	54	6	42	78	55	21	44	92	10	28	38	54	39	32	30	32	36	26	60	79	50	11	55	43	41	10	
60	57	79	63	83	12	1	97	82	42	56	64	72	43	1	51	58	59	98	97	46	31	1	82	87	61	58	50	44	14	58	99	62	100	68	43	30	61	45	37	79	25	52	56	57	66	94	4	-1	26	89	66	57	96	22	77	19	69	58	15	76	31	75	38	57	4	90	26	37	18	78	22	44	78	78	3	12	26	77	28	77	96	80	99	89	48	44	31	64	98	45	15	72	83	30	77	48	34	6	98	
94	63	28	100	47	60	81	65	95	49	85	26	89	9	55	70	86	26	82	96	48	77	60	96	27	34	74	67	64	22	34	26	40	43	76	81	32	12	81	97	24	67	8	42	48	47	56	81	26	-1	86	8	74	86	71	76	99	7	66	85	27	31	43	56	91	57	89	62	80	71	77	90	15	14	18	67	13	89	86	41	14	69	66	100	44	52	25	13	56	51	97	92	73	30	27	1	24	33	72	15	
29	5	33	85	99	8	6	87	42	34	95	42	62	61	99	34	74	3	47	14	4	5	85	35	49	76	55	7	44	33	36	76	23	76	37	15	63	16	98	93	30	74	30	73	46	86	86	12	89	86	-1	30	90	3	37	47	32	49	67	99	42	62	5	4	40	26	79	96	18	44	81	63	82	21	87	50	46	29	59	77	43	18	29	78	56	61	100	59	46	97	47	50	72	13	75	26	73	5	75	25	
23	22	72	96	6	67	22	99	41	78	60	48	33	95	38	68	75	17	69	18	19	32	53	76	95	85	17	9	2	55	89	93	53	14	75	93	66	83	29	83	81	46	32	32	10	14	70	25	66	8	30	-1	53	3	3	37	5	51	94	47	39	26	94	26	58	99	13	63	8	20	33	37	88	86	91	48	30	53	93	42	88	7	37	17	72	91	5	33	16	58	17	73	76	5	66	49	42	16	88	11	
93	83	61	59	75	53	2	34	69	69	53	51	31	53	62	81	34	65	85	71	46	49	3	41	35	20	28	44	99	1	53	13	26	73	100	89	77	78	28	41	28	97	8	53	53	22	51	54	57	74	90	53	-1	98	90	61	2	81	5	27	26	68	12	68	42	93	64	62	2	25	11	42	77	98	11	12	53	34	98	67	89	84	32	24	68	47	97	73	82	74	69	36	72	51	62	13	59	19	37	92	
19	60	98	80	74	59	95	54	50	24	91	95	42	68	63	10	50	72	26	6	33	14	26	66	25	49	89	32	33	65	76	85	16	41	16	41	57	57	89	98	25	100	82	62	46	85	72	52	96	86	3	3	98	-1	73	72	7	2	27	95	73	83	70	60	17	25	61	28	3	43	31	87	41	56	5	70	86	44	61	47	17	99	60	90	81	93	2	82	3	74	16	76	68	51	23	79	19	28	86	9	
16	13	42	22	67	27	3	32	65	89	64	6	30	18	14	97	97	54	15	9	80	57	69	85	36	86	69	12	100	36	32	33	87	100	45	46	67	97	28	69	23	40	41	63	81	25	70	13	22	71	37	3	90	73	-1	82	79	51	53	100	29	2	34	97	96	87	31	75	69	83	23	76	39	16	27	100	40	8	97	80	46	67	87	3	100	84	20	48	18	34	26	100	78	43	18	1	17	28	24	7	
60	80	16	16	96	54	68	78	52	43	33	1	3	28	6	44	54	28	46	34	24	25	97	38	80	53	41	7	15	42	25	53	48	84	9	51	16	67	99	51	74	50	99	64	41	23	2	14	77	76	47	37	61	72	82	-1	61	66	86	34	56	1	90	81	21	43	5	58	21	75	55	81	65	14	45	45	27	70	22	76	90	66	97	91	49	53	81	98	82	54	42	28	19	19	27	35	33	24	41	77	
9	11	10	40	91	34	4	79	37	85	92	89	17	32	67	35	36	82	91	26	14	31	6	42	6	55	100	58	9	35	23	90	49	3	46	23	27	35	37	92	70	49	96	90	32	71	48	92	19	99	32	5	2	7	79	61	-1	77	75	95	10	44	6	23	74	85	4	100	77	77	12	7	57	18	82	35	11	100	91	12	94	52	95	100	64	61	97	1	73	61	11	93	93	55	22	54	65	94	100	28	
43	51	11	61	4	87	46	16	5	85	97	18	82	64	35	5	53	34	15	18	20	94	4	71	77	46	48	43	22	83	11	63	59	31	22	20	75	89	68	86	13	97	85	95	21	5	47	99	69	7	49	51	81	2	51	66	77	-1	26	59	25	6	17	26	87	25	18	19	97	3	22	26	33	46	18	19	40	35	11	36	19	6	75	52	63	91	81	1	74	47	27	47	20	7	50	99	95	32	8	75	
38	89	42	50	94	78	67	76	63	67	78	44	44	97	43	46	13	80	25	87	27	75	57	62	50	94	50	89	88	20	35	42	56	18	100	99	8	15	63	16	78	52	25	31	77	46	97	13	58	66	67	94	5	27	53	86	75	26	-1	87	84	6	31	29	76	89	21	2	58	50	84	82	5	46	85	69	82	7	34	30	37	28	92	15	21	29	72	84	8	7	68	19	78	97	38	94	8	47	45	3	
6	24	58	59	6	5	15	27	10	29	60	40	100	52	10	65	88	3	13	62	49	20	1	60	31	48	3	3	76	89	1	39	15	17	3	27	95	96	4	80	2	52	74	2	12	80	57	5	15	85	99	47	27	95	100	34	95	59	87	-1	36	78	64	41	59	12	40	12	30	25	37	91	53	90	71	96	5	21	65	88	16	94	98	19	70	40	31	98	34	74	73	30	62	11	55	20	55	84	63	36	
58	44	25	58	89	1	71	38	89	9	36	11	11	72	58	85	8	5	62	88	70	93	27	74	4	1	76	59	9	59	41	47	62	11	25	67	70	28	27	4	61	37	45	64	55	54	36	92	76	27	42	39	26	73	29	56	10	25	84	36	-1	60	46	6	35	92	16	61	20	86	58	13	24	89	86	97	48	64	9	47	91	55	98	15	45	51	94	19	67	11	91	40	88	59	43	17	56	89	91	74	
72	11	36	56	35	63	96	91	75	26	84	26	57	19	91	73	87	8	47	75	81	100	7	41	76	1	87	92	90	77	3	73	19	29	25	24	83	18	10	58	32	81	86	59	37	21	38	64	31	31	62	26	68	83	2	1	44	6	6	78	60	-1	15	70	65	2	99	70	49	29	38	55	43	36	46	75	89	13	38	76	30	95	46	91	100	14	17	100	46	95	70	21	5	86	44	61	93	99	71	44	
84	34	75	47	64	55	57	5	97	93	4	95	1	34	98	66	39	51	90	76	61	98	85	76	43	66	51	76	82	12	58	53	74	43	63	83	24	8	68	45	29	2	12	86	24	78	31	81	75	43	5	94	12	70	34	90	6	17	31	64	46	15	-1	26	27	56	64	35	31	23	77	65	10	78	68	56	75	8	64	27	1	79	83	53	46	15	8	69	74	73	53	90	84	18	98	37	49	76	70	47	
17	46	88	90	71	38	25	36	12	91	59	91	78	28	34	83	70	34	9	73	46	54	95	95	78	53	49	48	90	28	95	92	36	15	76	77	96	54	46	50	10	65	32	69	23	46	81	4	38	56	4	26	68	60	97	81	23	26	29	41	6	70	26	-1	80	1	14	53	82	33	48	63	99	58	42	33	76	94	31	20	95	46	5	28	8	4	27	32	89	6	65	83	92	4	6	98	16	45	81	94	
48	75	100	30	70	22	12	69	21	33	2	26	2	7	45	84	18	93	73	10	74	33	22	3	33	84	24	27	64	99	39	24	15	51	43	16	56	21	50	70	96	50	84	43	51	95	51	28	57	91	40	58	42	17	96	21	74	87	76	59	35	65	27	80	-1	1	71	27	43	24	89	76	21	21	22	56	62	47	2	44	80	97	78	89	24	95	17	49	71	17	17	99	4	49	76	15	3	39	35	42	
72	41	49	29	37	66	37	21	85	50	14	3	59	45	10	64	17	31	61	26	56	72	11	11	45	72	90	12	2	48	4	36	67	41	89	53	54	4	97	92	76	45	50	29	95	98	78	61	4	57	26	99	93	25	87	43	85	25	89	12	92	2	56	1	1	-1	80	20	42	91	43	75	26	32	27	56	16	35	64	46	71	7	29	96	23	29	25	14	31	66	6	45	96	92	76	68	34	85	55	8	
11	84	22	39	53	71	72	43	58	90	33	26	8	82	70	18	20	17	31	100	80	73	53	99	24	91	89	96	38	54	13	16	50	82	71	16	91	31	39	18	20	14	52	66	15	88	62	68	90	89	79	13	64	61	31	5	4	18	21	40	16	99	64	14	71	80	-1	84	18	91	51	39	84	87	92	100	55	64	26	27	33	75	5	82	25	46	77	61	11	11	46	30	95	89	92	53	7	39	88	66	
23	70	46	23	13	63	18	83	20	24	72	8	75	31	62	96	41	60	61	38	63	83	37	49	45	45	63	37	99	16	31	23	1	15	85	52	25	35	100	5	93	57	23	27	60	36	43	33	26	62	96	63	62	28	75	58	100	19	2	12	61	70	35	53	27	20	84	-1	66	38	51	61	99	46	41	90	59	44	72	61	14	51	82	4	62	45	29	29	1	51	46	57	16	91	47	70	49	4	17	23	
52	76	43	3	6	93	5	3	90	20	59	81	7	28	70	39	20	39	85	81	6	10	80	75	58	5	56	64	48	24	2	96	29	93	100	12	22	37	33	54	66	92	34	60	83	66	72	76	37	80	18	8	2	3	69	21	77	97	58	30	20	49	31	82	43	42	18	66	-1	47	3	52	100	86	33	5	73	41	45	22	27	18	72	4	55	44	42	25	25	20	19	19	43	20	81	70	73	42	11	89	
90	69	54	95	84	31	89	16	53	45	23	51	6	89	52	97	23	39	50	76	86	54	76	14	13	22	80	14	63	79	21	3	83	63	62	20	74	30	5	78	4	26	28	94	58	4	57	88	18	71	44	20	25	43	83	75	77	3	50	25	86	29	23	33	24	91	91	38	47	-1	12	16	79	26	28	12	8	99	59	37	87	43	11	74	50	93	81	43	10	87	74	86	6	27	2	79	99	23	88	75	
12	59	37	98	80	35	98	33	77	59	28	37	36	43	68	96	26	53	57	83	67	70	30	30	43	11	70	52	21	91	91	28	60	70	38	51	47	76	86	18	58	100	46	47	34	97	98	91	78	77	81	33	11	31	23	55	12	22	84	37	58	38	77	48	89	43	51	51	3	12	-1	55	26	45	33	8	9	93	67	21	22	38	56	32	67	6	98	90	27	55	73	23	70	8	96	28	41	7	40	66	
31	42	21	99	68	46	32	6	91	36	51	54	29	55	28	86	48	80	36	76	39	95	51	45	76	78	95	63	78	19	73	12	3	50	78	6	7	10	77	56	94	20	24	65	3	79	93	4	22	90	63	37	42	87	76	81	7	26	82	91	13	55	65	63	76	75	39	61	52	16	55	-1	11	5	27	52	22	50	36	40	74	6	67	22	92	27	81	22	94	71	65	27	93	64	93	76	94	91	13	29	
72	10	47	42	21	70	86	40	71	48	58	1	46	38	74	69	68	96	19	60	57	66	67	11	20	2	3	68	16	15	32	31	87	57	23	4	82	63	7	87	33	52	98	76	67	62	35	82	44	15	82	88	77	41	39	65	57	33	5	53	24	43	10	99	21	26	84	99	100	79	26	11	-1	17	82	88	45	63	89	3	87	59	79	66	39	87	20	49	54	4	25	38	44	56	8	8	89	62	54	65	
81	62	25	68	3	7	83	9	56	20	15	94	71	32	64	45	71	15	33	41	37	99	75	82	41	23	41	30	20	73	60	59	19	13	18	65	63	44	45	62	79	4	43	81	80	56	43	34	78	14	21	86	98	56	16	14	18	46	46	90	89	36	78	58	21	32	87	46	86	26	45	5	17	-1	34	43	94	87	18	95	71	87	80	77	4	95	35	68	31	74	47	86	23	77	86	70	54	88	31	81	
47	36	93	62	9	10	40	64	75	93	67	79	4	41	96	29	53	38	30	54	51	5	99	16	3	63	12	62	50	10	45	82	52	88	79	87	70	96	65	51	42	27	58	32	63	5	85	54	78	18	87	91	11	5	27	45	82	18	85	71	86	46	68	42	22	27	92	41	33	28	33	27	82	34	-1	79	14	1	56	19	25	47	1	55	58	62	59	69	68	56	83	54	22	100	92	31	17	14	1	71	
75	43	34	55	17	90	20	68	46	42	53	82	77	74	34	90	14	91	97	13	71	94	92	12	31	5	52	63	59	33	97	41	49	100	39	3	34	60	40	46	83	7	66	79	94	37	87	6	3	67	50	48	12	70	100	45	35	19	69	96	97	75	56	33	56	56	100	90	5	12	8	52	88	43	79	-1	2	85	86	53	37	58	1	94	32	46	46	8	87	38	52	16	59	58	81	25	75	8	75	43	
29	29	57	31	65	75	92	29	32	49	49	9	14	79	22	18	64	77	40	4	59	96	62	53	43	65	97	76	86	81	63	23	51	15	45	63	10	92	13	89	5	19	29	66	67	88	36	42	12	13	46	30	53	86	40	27	11	40	82	5	48	89	75	76	62	16	55	59	73	8	9	22	45	94	14	2	-1	93	15	61	87	94	8	2	59	37	11	96	81	33	13	44	87	65	72	16	25	32	12	44	
43	50	69	39	28	59	82	29	6	100	89	62	41	31	24	56	3	36	84	16	17	63	37	99	77	51	31	33	71	53	41	53	90	60	49	22	8	14	26	41	52	25	65	14	13	2	64	78	26	89	29	53	34	44	8	70	100	35	7	21	64	13	8	94	47	35	64	44	41	99	93	50	63	87	1	85	93	-1	90	46	29	13	80	57	76	51	46	39	39	18	63	43	35	84	49	81	84	92	51	28	
4	54	86	58	4	6	71	76	30	33	16	23	49	6	11	36	51	61	16	74	47	59	28	45	30	6	71	86	1	84	71	55	78	81	43	33	93	44	3	30	70	42	84	27	54	63	45	55	77	86	59	93	98	61	97	22	91	11	34	65	9	38	64	31	2	64	26	72	45	59	67	36	89	18	56	86	15	90	-1	28	2	38	74	20	65	90	22	15	25	57	98	95	87	52	38	85	34	76	85	96	
10	13	84	75	89	96	35	48	99	24	32	13	39	56	79	100	26	17	15	91	25	23	29	92	79	40	21	6	71	24	13	32	2	82	80	9	34	51	35	67	91	87	8	30	74	63	83	21	28	41	77	42	67	47	80	76	12	36	30	88	47	76	27	20	44	46	27	61	22	37	21	40	3	95	19	53	61	46	28	-1	19	39	8	49	79	43	59	57	51	63	13	16	35	61	79	92	47	78	89	9	
18	26	8	71	32	95	51	15	7	39	69	93	28	15	18	50	83	34	46	46	76	29	14	47	84	12	72	54	58	99	60	39	75	7	27	73	74	41	2	86	29	29	25	77	90	58	48	44	77	14	43	88	89	17	46	90	94	19	37	16	91	30	1	95	80	71	33	14	27	87	22	74	87	71	25	37	87	29	2	19	-1	44	4	51	4	87	85	81	34	52	81	10	2	8	50	46	49	82	42	23	
64	42	5	53	74	20	25	69	17	17	92	22	77	93	36	37	21	99	81	57	56	70	57	81	22	96	79	50	28	100	2	25	49	100	24	67	25	48	77	95	51	50	89	70	91	65	23	92	96	69	18	7	84	99	67	66	52	6	28	94	55	95	79	46	97	7	75	51	18	43	38	6	59	87	47	58	94	13	38	39	44	-1	73	63	36	92	96	36	39	87	55	25	87	41	30	75	85	3	97	14	
57	46	63	83	64	75	39	22	53	38	41	39	91	65	37	46	40	55	89	8	12	92	19	81	19	31	93	23	81	42	40	14	56	82	78	17	44	5	52	85	96	47	34	11	25	71	88	10	80	66	29	37	32	60	87	97	95	75	92	98	98	46	83	5	78	29	5	82	72	11	56	67	79	80	1	1	8	80	74	8	4	73	-1	9	59	99	60	45	19	70	73	17	17	12	91	54	76	5	33	76	
99	19	39	27	95	69	9	38	85	88	68	46	62	71	43	88	87	25	33	10	79	12	96	72	1	32	86	27	55	95	74	1	82	40	34	39	64	92	94	27	17	2	71	56	21	59	58	28	99	100	78	17	24	90	3	91	100	52	15	19	15	91	53	28	89	96	82	4	4	74	32	22	66	77	55	94	2	57	20	49	51	63	9	-1	6	4	95	23	99	30	16	27	57	92	68	90	67	45	78	6	
47	38	33	72	52	54	75	26	65	44	12	74	51	44	29	7	45	19	3	21	31	46	1	73	21	7	51	94	23	97	21	25	61	49	76	71	3	66	26	94	15	18	89	65	55	26	54	38	89	44	56	72	68	81	100	49	64	63	21	70	45	100	46	8	24	23	25	62	55	50	67	92	39	4	58	32	59	76	65	79	4	36	59	6	-1	15	5	84	24	75	71	54	85	20	93	97	86	82	87	18	
64	66	53	21	1	88	74	3	83	42	85	6	42	76	3	41	74	54	25	33	27	39	28	5	22	72	11	92	21	77	34	49	9	4	89	75	27	43	52	29	48	49	97	48	91	27	23	54	48	52	61	91	47	93	84	53	61	91	29	40	51	14	15	4	95	29	46	45	44	93	6	27	87	95	62	46	37	51	90	43	87	92	99	4	15	-1	73	3	85	34	70	38	75	46	3	25	57	97	48	90	
8	13	52	95	75	4	16	17	24	34	55	80	23	93	62	18	100	91	58	89	88	13	89	19	51	86	1	82	83	58	89	19	22	68	37	32	42	23	28	84	80	92	28	37	10	86	6	39	44	25	100	5	97	2	20	81	97	81	72	31	94	17	8	27	17	25	77	29	42	81	98	81	20	35	59	46	11	46	22	59	85	96	60	95	5	73	-1	12	13	77	70	50	47	74	95	74	7	43	64	56	
77	83	2	20	96	95	25	70	27	33	62	83	44	41	79	99	74	6	97	79	75	49	81	72	28	95	86	41	13	94	49	29	66	14	96	30	16	66	65	60	13	89	63	88	57	93	14	32	31	13	59	33	73	82	48	98	1	1	84	98	19	100	69	32	49	14	61	29	25	43	90	22	49	68	69	8	96	39	15	57	81	36	45	23	84	3	12	-1	60	20	31	49	56	8	74	94	43	72	53	37	
77	67	33	76	54	26	42	57	42	39	84	24	48	16	73	13	42	29	43	36	99	95	37	12	25	62	23	18	51	1	45	79	45	72	92	68	33	58	30	68	9	55	44	20	79	12	52	30	64	56	46	16	82	3	18	82	73	74	8	34	67	46	74	89	71	31	11	1	25	10	27	94	54	31	68	87	81	39	25	51	34	39	19	99	24	85	13	60	-1	64	35	10	33	72	55	2	27	93	10	15	
91	57	16	61	60	14	74	55	80	24	26	97	38	70	96	78	70	73	84	93	29	62	10	38	50	83	78	59	61	91	53	79	31	86	92	56	19	88	37	46	98	18	95	64	83	97	15	32	98	51	97	58	74	74	34	54	61	47	7	74	11	95	73	6	17	66	11	51	20	87	55	71	4	74	56	38	33	18	57	63	52	87	70	30	75	34	77	20	64	-1	85	1	54	91	41	33	42	32	81	8	
67	9	69	40	88	55	21	15	58	42	85	33	1	44	83	83	46	92	8	75	6	30	56	90	77	18	64	80	39	3	39	91	23	28	53	92	10	38	95	75	69	72	56	93	29	94	97	36	45	97	47	17	69	16	26	42	11	27	68	73	91	70	53	65	17	6	46	46	19	74	73	65	25	47	83	52	13	63	98	13	81	55	73	16	71	70	70	31	35	85	-1	70	64	47	33	45	80	67	76	25	
7	57	22	9	46	2	53	83	86	85	60	55	49	85	36	60	26	27	30	88	48	91	67	70	8	64	68	78	38	33	74	3	62	74	84	3	28	31	8	89	38	34	73	26	76	96	71	26	15	92	50	73	36	76	100	28	93	47	19	30	40	21	90	83	99	45	30	57	19	86	23	27	38	86	54	16	44	43	95	16	10	25	17	27	54	38	50	49	10	1	70	-1	47	60	30	62	12	98	99	46	
8	47	10	11	48	84	29	40	94	54	9	74	41	44	11	70	58	80	43	6	59	47	1	57	18	91	55	76	30	58	26	9	30	68	23	70	6	89	28	50	3	4	53	84	16	46	94	60	72	73	72	76	72	68	78	19	93	20	78	62	88	5	84	92	4	96	95	16	43	6	70	93	44	23	22	59	87	35	87	35	2	87	17	57	85	75	47	56	33	54	64	47	-1	59	41	52	49	19	27	3	
23	16	61	42	6	66	95	59	23	74	81	26	10	99	17	42	38	79	61	30	47	65	34	66	44	57	76	95	27	88	59	62	95	38	30	65	67	83	3	75	59	47	89	73	68	97	19	79	83	30	13	5	51	51	43	19	55	7	97	11	59	86	18	4	49	92	89	91	20	27	8	64	56	77	100	58	65	84	52	61	8	41	12	92	20	46	74	8	72	91	47	60	59	-1	65	94	31	86	49	49	
49	63	92	89	51	83	31	69	29	51	30	32	52	84	58	100	57	22	100	55	23	31	92	88	33	81	8	90	89	20	21	17	87	96	88	2	78	60	10	35	99	3	84	65	20	18	85	50	30	27	75	66	62	23	18	27	22	50	38	55	43	44	98	6	76	76	92	47	81	2	96	93	8	86	92	81	72	49	38	79	50	30	91	68	93	3	95	74	55	41	33	30	41	65	-1	89	29	89	20	67	
30	74	99	42	42	41	83	25	38	76	76	74	17	97	94	32	12	13	82	1	21	75	25	77	89	9	55	34	90	16	6	10	79	57	93	63	13	51	14	91	20	43	48	85	26	79	42	11	77	1	26	49	13	79	1	35	54	99	94	20	17	61	37	98	15	68	53	70	70	79	28	76	8	70	31	25	16	81	85	92	46	75	54	90	97	25	74	94	2	33	45	62	52	94	89	-1	83	36	60	17	
99	2	54	91	70	57	40	71	49	81	71	37	75	62	78	36	1	33	82	18	19	100	78	10	78	42	90	93	15	65	78	81	75	94	34	41	64	24	31	68	35	84	42	12	42	83	91	55	48	24	73	42	59	19	17	33	65	95	8	55	56	93	49	16	3	34	7	49	73	99	41	94	89	54	17	75	25	84	34	47	49	85	76	67	86	57	7	43	27	42	80	12	49	31	29	83	-1	19	28	85	
71	41	99	8	37	11	27	67	31	18	48	61	31	97	49	4	5	84	75	71	29	49	15	44	86	46	18	34	8	40	52	30	47	80	29	31	55	51	45	95	42	54	74	48	2	6	96	43	34	33	5	16	19	28	28	24	94	32	47	84	89	99	76	45	39	85	39	4	42	23	7	91	62	88	14	8	32	92	76	78	82	3	5	45	82	97	43	72	93	32	67	98	19	86	89	36	19	-1	49	57	
62	7	23	8	20	80	19	9	22	29	28	46	74	22	78	15	41	65	61	12	51	58	98	52	91	12	94	91	84	87	30	27	55	67	46	6	19	72	73	43	44	32	32	54	76	31	31	41	6	72	75	88	37	86	24	41	100	8	45	63	91	71	70	81	35	55	88	17	11	88	40	13	54	31	1	75	12	51	85	89	42	97	33	78	87	48	64	53	10	81	76	99	27	49	20	60	28	49	-1	46	
8	58	92	36	94	50	63	95	86	76	84	5	19	71	70	52	10	74	33	95	12	72	94	45	52	25	59	8	25	86	30	27	46	49	60	39	31	43	76	55	24	66	42	51	73	95	27	10	98	15	25	11	92	9	7	77	28	75	3	36	74	44	47	94	42	8	66	23	89	75	66	29	65	81	71	43	44	28	96	9	23	14	76	6	18	90	56	37	15	8	25	46	3	49	67	17	85	57	46	-1	
