100
-1	10	18	88	59	46	6	28	86	22	50	3	71	97	29	35	83	75	15	16	65	57	23	28	84	59	67	58	82	50	35	67	1	85	65	78	64	63	99	83	4	7	97	54	44	47	81	29	85	17	72	87	22	23	90	30	15	28	53	44	60	87	14	38	60	64	21	72	74	9	59	92	69	95	28	40	55	17	62	34	83	51	46	99	23	95	37	43	71	28	24	61	36	32	43	92	43	12	52	44	
10	-1	1	1	86	42	3	49	80	10	50	2	44	100	89	99	43	41	66	36	95	62	53	23	70	57	86	40	5	3	90	100	29	61	61	82	9	43	79	6	32	46	71	23	24	90	35	18	75	27	17	36	56	35	41	56	62	80	60	96	44	93	92	77	73	59	74	21	50	14	24	77	44	62	71	24	60	15	8	43	32	47	81	72	77	58	6	71	81	78	8	3	37	32	31	95	47	38	27	42	
18	1	-1	96	27	52	47	21	4	34	72	43	41	81	79	84	47	33	82	36	43	6	62	21	63	51	26	15	7	5	49	91	66	81	60	92	34	29	8	10	86	47	27	86	43	78	45	79	13	15	94	48	50	51	87	85	79	46	85	78	86	99	40	93	8	64	79	12	3	40	59	39	51	40	71	67	81	47	59	75	24	9	24	14	55	34	18	57	38	86	59	83	21	84	11	86	94	8	64	27	
88	1	96	-1	87	61	41	13	42	3	9	93	31	84	85	42	95	97	46	36	18	75	64	30	48	34	48	80	12	22	79	9	89	80	3	65	16	16	65	15	69	5	76	29	85	8	60	63	72	33	63	9	12	74	8	11	54	56	13	88	39	87	67	86	21	54	71	55	7	17	55	5	71	78	54	38	47	92	28	31	2	5	61	21	27	54	79	49	58	58	70	80	70	81	4	82	19	68	37	80	
59	86	27	87	-1	24	63	41	91	92	25	59	8	9	93	72	85	93	7	89	25	68	56	73	6	38	42	58	26	49	86	66	40	41	67	28	25	48	7	89	90	68	92	24	23	7	88	53	5	89	1	82	32	24	44	29	88	64	53	10	93	40	6	60	16	81	67	25	64	5	53	43	29	71	85	45	100	61	76	2	87	98	21	36	82	97	98	96	83	6	34	13	73	19	99	42	43	66	84	4	
46	42	52	61	24	-1	71	77	93	20	53	5	53	69	42	76	72	92	72	96	1	5	12	41	54	25	81	34	71	12	23	51	43	37	32	15	37	92	9	87	39	12	9	6	80	73	53	2	15	71	7	23	78	31	17	55	32	81	96	86	78	79	22	6	36	81	7	54	51	14	7	78	86	50	29	11	86	52	30	72	62	26	25	16	95	78	57	90	7	63	43	61	80	73	18	14	92	13	69	38	
6	3	47	41	63	71	-1	86	13	88	76	55	39	21	50	59	31	32	3	89	17	28	81	66	39	85	80	72	48	87	59	33	42	84	13	16	50	97	87	38	26	68	88	14	26	38	92	94	89	79	62	92	49	70	87	1	62	48	72	43	20	71	80	33	32	51	93	63	48	47	53	39	12	92	70	55	32	11	2	52	95	52	92	55	30	83	71	53	18	54	30	52	34	79	88	44	72	83	93	11	
28	49	21	13	41	77	86	-1	2	23	56	93	56	35	58	22	16	16	42	33	45	26	59	13	43	37	99	78	3	43	66	19	91	79	47	33	21	37	32	54	16	38	80	71	65	97	76	79	47	74	46	41	54	41	42	23	81	54	41	64	39	80	8	19	26	80	53	37	89	64	16	9	3	51	41	82	4	74	24	5	1	16	4	80	66	94	32	93	40	98	28	7	99	24	68	77	88	1	34	96	
86	80	4	42	91	93	13	2	-1	80	44	28	12	79	31	55	6	97	59	22	41	61	86	82	57	47	48	43	19	59	11	91	34	54	64	6	73	28	11	50	22	91	86	4	83	71	92	70	23	23	3	2	75	47	73	71	85	86	55	98	49	18	79	96	14	62	50	62	39	39	52	93	27	5	92	92	34	80	28	98	53	51	87	16	15	28	75	63	80	98	35	5	86	70	69	70	51	3	61	61	
22	10	34	3	92	20	88	23	80	-1	63	25	47	92	94	100	92	92	56	10	43	52	83	76	53	97	24	72	7	50	26	53	65	88	83	75	58	9	49	86	2	77	48	57	29	33	77	73	14	52	98	76	20	10	70	51	71	23	52	91	54	87	11	79	52	52	49	68	65	41	52	39	75	31	88	87	12	10	30	51	77	36	96	34	51	50	10	15	41	91	33	71	86	100	58	29	97	19	45	58	
50	50	72	9	25	53	76	56	44	63	-1	90	26	39	85	75	28	93	68	15	41	46	79	97	56	38	45	76	46	67	5	53	82	56	7	14	41	29	47	62	26	18	60	45	88	91	1	58	54	28	68	10	16	88	64	82	73	96	13	44	8	73	9	65	54	29	97	31	32	86	32	5	57	3	31	19	19	28	22	13	79	80	86	73	53	22	32	73	65	97	13	17	74	99	74	25	21	79	17	35	
3	2	43	93	59	5	55	93	28	25	90	-1	90	98	8	46	17	19	35	79	75	6	9	83	54	19	71	65	6	14	39	1	89	90	98	70	86	87	4	43	6	56	81	8	3	32	25	63	20	75	75	38	12	49	9	44	10	35	39	22	26	37	26	62	90	75	23	84	15	11	96	93	16	58	78	10	19	66	53	66	68	95	63	50	19	84	67	100	1	73	17	54	97	67	97	77	22	4	57	57	
71	44	41	31	8	53	39	56	12	47	26	90	-1	97	52	2	6	45	42	39	8	23	6	56	59	39	95	52	21	14	45	11	48	54	65	37	55	99	48	7	65	27	17	35	28	4	25	34	15	96	80	65	50	29	66	87	72	35	39	34	27	51	98	64	15	53	59	8	96	48	60	73	70	60	73	6	86	68	84	54	39	93	100	3	28	19	27	57	31	99	46	44	26	12	80	70	54	58	27	10	
97	100	81	84	9	69	21	35	79	92	39	98	97	-1	58	24	86	66	1	56	54	58	90	93	51	93	66	4	81	35	15	3	76	67	60	94	57	87	24	19	99	3	48	81	56	98	67	7	83	19	25	5	22	50	52	11	51	61	72	49	57	21	58	31	36	77	5	98	32	47	33	82	98	52	73	18	60	69	62	41	39	15	70	6	98	51	56	86	80	66	2	64	14	94	17	78	98	34	44	70	
29	89	79	85	93	42	50	58	31	94	85	8	52	58	-1	47	11	43	87	91	72	1	77	33	90	56	70	82	3	64	11	53	4	35	18	2	38	91	33	25	62	64	19	24	79	16	86	34	75	28	81	96	69	33	82	23	74	47	38	8	83	92	88	13	58	32	36	21	62	68	89	82	36	84	100	44	43	22	70	80	76	67	8	30	43	64	78	68	5	70	86	84	46	33	17	56	36	99	2	72	
35	99	84	42	72	76	59	22	55	100	75	46	2	24	47	-1	84	91	14	64	73	68	60	27	79	89	62	23	26	57	48	53	83	15	83	23	74	45	20	12	77	100	30	48	71	37	77	64	72	51	37	5	32	93	39	44	67	73	86	85	40	33	77	20	37	4	6	63	45	65	82	98	83	60	75	71	98	89	90	9	86	93	75	87	86	6	45	37	42	94	78	47	79	11	7	97	40	45	100	17	
83	43	47	95	85	72	31	16	6	92	28	17	6	86	11	84	-1	60	5	42	18	61	13	80	29	67	11	99	19	73	95	54	51	43	71	46	16	96	97	59	4	74	19	78	14	57	10	35	33	64	49	38	18	98	19	90	16	59	36	94	14	41	60	20	21	86	60	82	94	15	21	31	74	98	98	98	8	3	69	65	79	12	26	8	81	43	67	99	74	4	75	2	77	55	88	31	8	39	62	21	
75	41	33	97	93	92	32	16	97	92	93	19	45	66	43	91	60	-1	55	4	38	47	95	67	31	7	51	91	84	89	10	97	11	86	90	95	4	49	33	2	52	43	2	35	7	65	78	35	4	100	19	98	77	40	24	32	79	77	83	52	82	90	100	58	56	7	66	52	10	98	11	60	100	72	47	60	74	13	13	14	95	49	9	14	97	92	69	89	17	49	83	11	48	70	43	1	57	71	37	27	
15	66	82	46	7	72	3	42	59	56	68	35	42	1	87	14	5	55	-1	58	88	9	95	34	11	41	67	37	47	86	19	21	37	19	3	50	69	62	75	61	21	32	16	97	76	52	10	59	78	63	30	15	41	18	95	74	79	51	47	42	59	85	7	80	97	11	31	85	18	19	66	43	66	15	38	5	72	63	42	14	24	40	61	41	95	16	91	92	28	15	53	31	84	90	70	48	23	18	62	45	
16	36	36	36	89	96	89	33	22	10	15	79	39	56	91	64	42	4	58	-1	2	7	77	4	85	86	6	9	2	27	97	52	41	3	7	29	73	29	51	1	10	35	92	35	44	60	42	11	81	8	13	34	99	19	33	95	45	1	75	7	30	54	10	51	57	57	17	30	74	42	88	60	73	88	61	87	11	16	2	35	65	20	92	85	72	27	66	48	9	90	54	62	32	34	62	98	68	74	27	56	
65	95	43	18	25	1	17	45	41	43	41	75	8	54	72	73	18	38	88	2	-1	88	23	86	38	33	54	52	9	67	59	96	100	37	64	66	24	29	95	15	71	79	47	78	27	68	80	73	93	66	98	64	83	46	60	72	82	39	13	76	24	13	79	49	88	56	50	56	42	62	39	24	53	50	73	4	52	14	60	69	13	47	77	80	48	100	29	79	20	69	17	70	41	33	16	56	5	14	59	45	
57	62	6	75	68	5	28	26	61	52	46	6	23	58	1	68	61	47	9	7	88	-1	20	79	26	14	26	53	4	83	16	26	57	85	13	100	58	52	46	14	57	47	88	4	21	29	38	91	36	58	26	3	79	70	72	4	78	13	96	82	80	20	91	13	81	95	62	83	30	80	38	4	61	54	3	21	82	38	86	4	53	66	40	47	94	59	69	9	69	56	21	32	45	79	46	93	86	48	70	54	
23	53	62	64	56	12	81	59	86	83	79	9	6	90	77	60	13	95	95	77	23	20	-1	81	87	43	66	73	27	24	62	96	4	81	66	36	65	50	2	31	31	48	50	60	16	100	95	42	47	76	8	53	35	27	99	3	54	45	13	49	56	91	73	59	96	52	23	6	14	32	20	15	62	35	27	98	76	78	31	57	37	37	8	46	17	100	8	60	52	52	71	29	14	53	92	39	70	86	37	4	
28	23	21	30	73	41	66	13	82	76	97	83	56	93	33	27	80	67	34	4	86	79	81	-1	82	78	25	78	53	56	97	53	61	9	97	72	16	82	99	85	33	6	31	16	78	37	53	40	44	73	61	71	5	31	50	61	77	57	1	52	96	99	26	43	67	95	83	76	77	58	27	5	28	64	58	38	84	99	84	63	95	55	87	65	73	100	57	87	46	48	100	77	70	6	63	9	97	48	10	96	
84	70	63	48	6	54	39	43	57	53	56	54	59	51	90	79	29	31	11	85	38	26	87	82	-1	71	73	98	100	53	46	36	67	13	98	6	98	26	51	42	95	72	32	29	20	78	43	7	57	16	23	77	11	63	91	34	58	71	64	91	44	1	33	85	43	1	27	9	97	2	58	93	42	83	91	60	46	68	79	36	67	62	18	15	29	18	24	76	28	77	94	38	38	72	16	85	78	38	65	99	
59	57	51	34	38	25	85	37	47	97	38	19	39	93	56	89	67	7	41	86	33	14	43	78	71	-1	36	62	83	46	54	21	9	21	38	57	3	36	56	95	89	40	63	90	63	86	39	40	91	19	30	73	31	84	51	5	28	66	70	87	79	36	18	84	75	100	23	84	40	24	72	59	30	34	64	42	65	50	63	77	7	98	23	84	26	98	16	45	89	13	17	97	73	31	23	64	40	33	83	38	
67	86	26	48	42	81	80	99	48	24	45	71	95	66	70	62	11	51	67	6	54	26	66	25	73	36	-1	28	10	67	23	96	24	5	51	65	18	8	55	59	19	75	63	30	71	91	84	15	92	71	51	77	64	62	42	17	76	16	75	17	40	97	79	100	53	14	97	79	8	49	3	90	10	96	3	78	47	33	78	70	6	21	54	7	65	61	90	81	61	43	30	98	61	53	74	89	51	67	3	63	
58	40	15	80	58	34	72	78	43	72	76	65	52	4	82	23	99	91	37	9	52	53	73	78	98	62	28	-1	31	68	4	73	47	15	75	55	38	38	4	78	41	70	13	32	67	20	39	68	8	68	7	12	44	64	17	99	25	64	29	90	70	47	99	7	22	48	89	19	89	34	98	92	28	80	45	59	66	9	41	74	81	19	56	6	71	62	71	67	99	88	16	8	39	39	23	20	75	31	29	44	
82	5	7	12	26	71	48	3	19	7	46	6	21	81	3	26	19	84	47	2	9	4	27	53	100	83	10	31	-1	70	52	19	95	51	25	73	9	59	30	10	92	65	76	62	44	13	15	57	83	13	81	4	75	81	36	29	100	31	19	20	82	58	33	15	60	6	39	62	48	4	93	12	9	54	34	24	31	10	59	87	42	23	65	80	65	8	94	1	68	60	21	62	24	94	13	64	26	42	72	83	
50	3	5	22	49	12	87	43	59	50	67	14	14	35	64	57	73	89	86	27	67	83	24	56	53	46	67	68	70	-1	86	99	8	39	73	98	14	8	49	70	37	96	25	34	17	69	93	28	44	74	67	84	34	26	45	80	68	59	57	85	28	50	79	66	87	8	61	55	88	58	65	29	59	76	46	100	36	34	20	85	51	9	5	73	35	61	32	90	78	91	13	16	33	44	93	67	16	58	44	7	
35	90	49	79	86	23	59	66	11	26	5	39	45	15	11	48	95	10	19	97	59	16	62	97	46	54	23	4	52	86	-1	80	91	48	91	39	80	12	54	72	52	84	19	19	93	51	13	63	18	78	59	58	38	51	27	61	31	74	88	50	54	54	12	2	99	52	60	26	48	59	53	63	35	72	71	84	35	36	38	73	94	25	22	26	36	18	63	14	75	77	55	76	52	88	80	17	45	8	37	8	
67	100	91	9	66	51	33	19	91	53	53	1	11	3	53	53	54	97	21	52	96	26	96	53	36	21	96	73	19	99	80	-1	43	84	91	98	2	77	11	22	34	16	98	68	56	61	81	4	46	26	46	70	51	71	23	55	95	65	2	78	37	56	56	40	90	46	90	21	17	73	12	44	15	79	60	13	49	12	3	17	52	48	86	70	8	67	44	19	88	69	17	22	53	49	82	83	100	97	44	28	
1	29	66	89	40	43	42	91	34	65	82	89	48	76	4	83	51	11	37	41	100	57	4	61	67	9	24	47	95	8	91	43	-1	49	11	11	100	94	6	72	88	21	56	20	93	61	51	70	33	2	57	6	64	54	81	83	70	47	18	16	34	78	54	3	3	6	55	42	4	6	73	30	25	63	80	96	27	6	31	37	5	96	10	93	93	14	39	71	69	47	7	52	23	16	24	30	81	7	46	75	
85	61	81	80	41	37	84	79	54	88	56	90	54	67	35	15	43	86	19	3	37	85	81	9	13	21	5	15	51	39	48	84	49	-1	13	84	50	46	80	40	49	95	25	10	45	77	80	94	4	57	48	8	46	1	82	54	1	24	54	33	79	100	51	41	3	76	51	11	3	84	56	55	37	13	85	86	44	57	75	73	34	14	35	99	63	77	24	75	67	91	33	70	19	79	57	40	90	11	9	100	
65	61	60	3	67	32	13	47	64	83	7	98	65	60	18	83	71	90	3	7	64	13	66	97	98	38	51	75	25	73	91	91	11	13	-1	59	20	82	57	35	46	52	37	76	29	58	53	33	12	35	11	16	15	32	64	81	48	66	62	37	6	59	75	84	78	20	50	6	14	38	29	8	86	34	92	13	28	53	57	19	67	59	25	56	52	62	6	100	89	35	62	89	77	41	26	3	43	17	22	29	
78	82	92	65	28	15	16	33	6	75	14	70	37	94	2	23	46	95	50	29	66	100	36	72	6	57	65	55	73	98	39	98	11	84	59	-1	74	56	68	98	62	10	3	60	72	100	22	83	92	97	77	99	2	58	67	55	5	18	53	25	96	2	14	82	33	2	63	71	24	88	5	96	28	66	45	80	92	26	83	29	65	99	94	86	98	79	19	90	56	36	40	23	55	100	99	94	44	16	47	73	
64	9	34	16	25	37	50	21	73	58	41	86	55	57	38	74	16	4	69	73	24	58	65	16	98	3	18	38	9	14	80	2	100	50	20	74	-1	5	73	85	2	45	52	51	34	37	48	93	74	63	95	29	20	89	11	73	29	30	40	82	22	26	41	48	29	36	66	35	1	39	37	20	61	2	25	12	41	1	66	4	77	67	7	89	1	69	20	14	41	51	92	68	58	65	86	70	54	37	34	85	
63	43	29	16	48	92	97	37	28	9	29	87	99	87	91	45	96	49	62	29	29	52	50	82	26	36	8	38	59	8	12	77	94	46	82	56	5	-1	85	95	58	69	96	85	45	9	17	65	68	43	78	15	68	7	54	51	63	38	1	7	82	38	60	73	82	48	78	71	66	73	49	30	33	61	75	52	8	81	70	25	62	51	26	85	45	43	2	64	12	76	38	50	75	95	19	72	99	71	91	30	
99	79	8	65	7	9	87	32	11	49	47	4	48	24	33	20	97	33	75	51	95	46	2	99	51	56	55	4	30	49	54	11	6	80	57	68	73	85	-1	83	34	43	43	49	99	11	22	9	21	41	90	7	99	16	16	44	40	25	51	98	36	83	68	39	28	20	27	87	3	28	2	41	29	17	85	44	96	95	78	22	85	61	18	84	76	20	47	67	39	36	3	67	68	16	45	10	52	77	91	55	
83	6	10	15	89	87	38	54	50	86	62	43	7	19	25	12	59	2	61	1	15	14	31	85	42	95	59	78	10	70	72	22	72	40	35	98	85	95	83	-1	15	66	80	27	42	11	26	40	36	63	74	13	48	58	87	61	37	59	84	95	67	74	62	21	25	65	66	27	72	32	30	31	19	31	14	75	44	27	13	51	46	27	25	27	78	57	51	90	15	91	98	72	45	71	87	13	5	63	45	68	
4	32	86	69	90	39	26	16	22	2	26	6	65	99	62	77	4	52	21	10	71	57	31	33	95	89	19	41	92	37	52	34	88	49	46	62	2	58	34	15	-1	19	21	58	59	32	54	25	79	67	99	78	71	58	48	15	8	32	5	52	79	81	95	57	82	80	92	82	51	12	93	67	43	46	10	5	7	50	51	2	8	68	50	68	84	81	29	24	35	62	50	44	51	84	52	65	8	9	24	35	
7	46	47	5	68	12	68	38	91	77	18	56	27	3	64	100	74	43	32	35	79	47	48	6	72	40	75	70	65	96	84	16	21	95	52	10	45	69	43	66	19	-1	95	90	47	77	5	97	57	53	26	4	79	59	34	59	69	45	96	95	51	32	62	3	33	65	88	44	28	54	44	55	19	50	24	90	62	89	70	7	17	97	57	3	41	82	29	75	71	56	29	55	41	87	7	88	52	2	88	88	
97	71	27	76	92	9	88	80	86	48	60	81	17	48	19	30	19	2	16	92	47	88	50	31	32	63	63	13	76	25	19	98	56	25	37	3	52	96	43	80	21	95	-1	98	92	44	67	57	15	40	36	21	49	61	33	7	45	24	27	17	54	37	45	68	94	93	90	3	97	95	37	42	55	36	17	15	43	41	85	47	62	61	29	16	100	4	26	70	93	7	99	68	54	5	52	28	1	50	71	85	
54	23	86	29	24	6	14	71	4	57	45	8	35	81	24	48	78	35	97	35	78	4	60	16	29	90	30	32	62	34	19	68	20	10	76	60	51	85	49	27	58	90	98	-1	10	86	61	56	44	71	74	9	8	63	36	24	11	60	77	20	86	61	91	10	49	38	47	29	32	50	5	88	2	16	39	16	67	75	28	16	33	87	76	58	13	13	77	85	94	97	91	16	82	61	27	63	5	68	76	48	
44	24	43	85	23	80	26	65	83	29	88	3	28	56	79	71	14	7	76	44	27	21	16	78	20	63	71	67	44	17	93	56	93	45	29	72	34	45	99	42	59	47	92	10	-1	67	92	36	75	73	29	82	35	74	64	63	37	74	26	78	50	23	97	15	88	28	83	60	64	98	8	19	22	65	35	30	53	3	55	36	77	3	76	55	58	8	55	86	60	95	22	81	47	99	53	55	87	7	20	47	
47	90	78	8	7	73	38	97	71	33	91	32	4	98	16	37	57	65	52	60	68	29	100	37	78	86	91	20	13	69	51	61	61	77	58	100	37	9	11	11	32	77	44	86	67	-1	4	5	38	82	78	53	97	92	81	52	95	49	47	30	64	90	82	42	53	100	55	12	89	52	63	99	62	88	66	48	22	53	89	43	26	17	16	41	99	55	51	22	11	48	64	75	26	96	10	14	2	38	57	53	
81	35	45	60	88	53	92	76	92	77	1	25	25	67	86	77	10	78	10	42	80	38	95	53	43	39	84	39	15	93	13	81	51	80	53	22	48	17	22	26	54	5	67	61	92	4	-1	35	40	86	85	4	63	99	44	30	22	78	52	50	16	47	49	4	50	88	89	100	29	100	11	6	85	30	94	14	55	55	30	82	97	14	47	26	88	92	73	36	5	80	32	88	30	79	14	66	18	31	29	99	
29	18	79	63	53	2	94	79	70	73	58	63	34	7	34	64	35	35	59	11	73	91	42	40	7	40	15	68	57	28	63	4	70	94	33	83	93	65	9	40	25	97	57	56	36	5	35	-1	7	92	53	76	76	71	21	36	96	7	4	8	50	61	43	54	26	77	97	83	90	13	56	93	68	48	50	83	7	64	46	45	95	3	4	19	34	40	94	90	65	96	49	11	64	83	28	74	65	80	91	5	
85	75	13	72	5	15	89	47	23	14	54	20	15	83	75	72	33	4	78	81	93	36	47	44	57	91	92	8	83	44	18	46	33	4	12	92	74	68	21	36	79	57	15	44	75	38	40	7	-1	46	40	90	84	93	19	62	84	36	51	48	81	25	57	14	81	91	21	15	26	21	30	59	5	50	46	57	47	18	59	79	48	9	70	35	51	94	15	31	9	33	97	72	18	88	43	50	20	58	15	87	
17	27	15	33	89	71	79	74	23	52	28	75	96	19	28	51	64	100	63	8	66	58	76	73	16	19	71	68	13	74	78	26	2	57	35	97	63	43	41	63	67	53	40	71	73	82	86	92	46	-1	73	49	86	72	63	21	32	20	69	53	97	100	21	94	89	92	52	18	56	56	90	3	53	88	3	96	40	91	17	51	61	38	22	88	95	46	72	1	28	100	40	66	7	80	12	54	28	91	52	34	
72	17	94	63	1	7	62	46	3	98	68	75	80	25	81	37	49	19	30	13	98	26	8	61	23	30	51	7	81	67	59	46	57	48	11	77	95	78	90	74	99	26	36	74	29	78	85	53	40	73	-1	91	48	75	86	51	98	21	58	24	3	40	27	79	36	75	6	53	51	10	53	7	17	63	3	60	54	65	48	95	97	83	38	31	41	67	33	32	36	60	2	99	97	8	18	69	77	62	93	17	
87	36	48	9	82	23	92	41	2	76	10	38	65	5	96	5	38	98	15	34	64	3	53	71	77	73	77	12	4	84	58	70	6	8	16	99	29	15	7	13	78	4	21	9	82	53	4	76	90	49	91	-1	77	39	13	12	87	76	43	60	78	43	13	79	39	81	13	44	46	55	37	79	4	44	47	98	37	95	95	40	89	57	27	73	27	8	26	71	30	89	48	67	88	63	57	11	48	50	67	30	
22	56	50	12	32	78	49	54	75	20	16	12	50	22	69	32	18	77	41	99	83	79	35	5	11	31	64	44	75	34	38	51	64	46	15	2	20	68	99	48	71	79	49	8	35	97	63	76	84	86	48	77	-1	54	15	26	92	68	32	70	48	31	59	71	79	68	30	12	68	17	53	12	52	59	79	42	42	68	62	63	35	15	33	34	86	11	11	7	48	58	22	6	70	8	49	97	55	42	94	77	
23	35	51	74	24	31	70	41	47	10	88	49	29	50	33	93	98	40	18	19	46	70	27	31	63	84	62	64	81	26	51	71	54	1	32	58	89	7	16	58	58	59	61	63	74	92	99	71	93	72	75	39	54	-1	7	51	62	94	4	88	30	71	68	86	62	88	39	70	76	3	63	76	55	92	30	73	48	48	83	74	97	70	74	36	28	74	96	9	11	73	18	30	25	72	62	59	71	27	56	4	
90	41	87	8	44	17	87	42	73	70	64	9	66	52	82	39	19	24	95	33	60	72	99	50	91	51	42	17	36	45	27	23	81	82	64	67	11	54	16	87	48	34	33	36	64	81	44	21	19	63	86	13	15	7	-1	57	89	14	89	50	2	6	9	11	76	95	22	86	22	94	8	82	10	30	27	27	56	34	33	86	39	30	85	87	21	66	73	64	62	50	74	86	65	84	26	87	97	46	56	26	
30	56	85	11	29	55	1	23	71	51	82	44	87	11	23	44	90	32	74	95	72	4	3	61	34	5	17	99	29	80	61	55	83	54	81	55	73	51	44	61	15	59	7	24	63	52	30	36	62	21	51	12	26	51	57	-1	28	83	83	74	53	38	49	59	24	1	74	71	24	11	77	24	45	23	37	51	50	11	3	1	12	89	20	15	75	73	33	39	5	51	18	29	61	70	75	75	65	78	63	73	
15	62	79	54	88	32	62	81	85	71	73	10	72	51	74	67	16	79	79	45	82	78	54	77	58	28	76	25	100	68	31	95	70	1	48	5	29	63	40	37	8	69	45	11	37	95	22	96	84	32	98	87	92	62	89	28	-1	3	34	68	52	56	61	16	41	74	29	65	24	88	16	83	77	31	3	91	38	8	56	99	39	79	44	49	95	74	37	42	92	7	29	100	25	9	59	66	61	42	5	62	
28	80	46	56	64	81	48	54	86	23	96	35	35	61	47	73	59	77	51	1	39	13	45	57	71	66	16	64	31	59	74	65	47	24	66	18	30	38	25	59	32	45	24	60	74	49	78	7	36	20	21	76	68	94	14	83	3	-1	70	8	46	7	87	9	60	16	55	65	66	16	64	82	36	68	95	20	95	54	60	28	15	3	51	9	42	7	44	21	58	47	73	61	34	84	98	12	97	10	74	18	
53	60	85	13	53	96	72	41	55	52	13	39	39	72	38	86	36	83	47	75	13	96	13	1	64	70	75	29	19	57	88	2	18	54	62	53	40	1	51	84	5	96	27	77	26	47	52	4	51	69	58	43	32	4	89	83	34	70	-1	91	56	71	96	17	6	66	82	47	70	80	79	40	87	92	28	44	91	54	36	44	89	51	79	80	2	66	65	93	59	67	9	25	34	29	9	55	24	89	40	33	
44	96	78	88	10	86	43	64	98	91	44	22	34	49	8	85	94	52	42	7	76	82	49	52	91	87	17	90	20	85	50	78	16	33	37	25	82	7	98	95	52	95	17	20	78	30	50	8	48	53	24	60	70	88	50	74	68	8	91	-1	32	93	100	52	78	94	13	79	38	31	2	8	38	81	97	28	85	47	20	24	62	25	22	4	72	11	30	42	31	100	24	70	11	43	50	20	83	95	89	39	
60	44	86	39	93	78	20	39	49	54	8	26	27	57	83	40	14	82	59	30	24	80	56	96	44	79	40	70	82	28	54	37	34	79	6	96	22	82	36	67	79	51	54	86	50	64	16	50	81	97	3	78	48	30	2	53	52	46	56	32	-1	65	10	56	93	60	55	95	71	22	4	48	59	3	57	86	38	85	87	95	35	81	83	96	21	11	42	50	48	26	45	51	58	54	73	29	67	69	85	26	
87	93	99	87	40	79	71	80	18	87	73	37	51	21	92	33	41	90	85	54	13	20	91	99	1	36	97	47	58	50	54	56	78	100	59	2	26	38	83	74	81	32	37	61	23	90	47	61	25	100	40	43	31	71	6	38	56	7	71	93	65	-1	76	63	35	49	28	9	63	33	57	57	5	59	85	52	46	60	94	68	74	43	94	79	53	36	86	54	94	42	99	31	39	82	23	29	74	12	26	66	
14	92	40	67	6	22	80	8	79	11	9	26	98	58	88	77	60	100	7	10	79	91	73	26	33	18	79	99	33	79	12	56	54	51	75	14	41	60	68	62	95	62	45	91	97	82	49	43	57	21	27	13	59	68	9	49	61	87	96	100	10	76	-1	91	2	28	32	79	7	4	95	80	33	5	18	23	30	84	66	46	87	83	46	26	71	44	25	68	62	69	73	58	81	6	1	12	9	68	62	59	
38	77	93	86	60	6	33	19	96	79	65	62	64	31	13	20	20	58	80	51	49	13	59	43	85	84	100	7	15	66	2	40	3	41	84	82	48	73	39	21	57	3	68	10	15	42	4	54	14	94	79	79	71	86	11	59	16	9	17	52	56	63	91	-1	10	32	81	67	35	55	93	80	34	1	87	38	57	83	9	21	51	58	46	45	43	85	41	94	27	50	26	52	76	35	55	67	33	6	32	37	
60	73	8	21	16	36	32	26	14	52	54	90	15	36	58	37	21	56	97	57	88	81	96	67	43	75	53	22	60	87	99	90	3	3	78	33	29	82	28	25	82	33	94	49	88	53	50	26	81	89	36	39	79	62	76	24	41	60	6	78	93	35	2	10	-1	25	83	29	2	40	94	98	27	38	36	22	98	6	58	4	98	37	83	87	28	11	69	1	49	64	68	59	57	27	54	83	43	71	78	90	
64	59	64	54	81	81	51	80	62	52	29	75	53	77	32	4	86	7	11	57	56	95	52	95	1	100	14	48	6	8	52	46	6	76	20	2	36	48	20	65	80	65	93	38	28	100	88	77	91	92	75	81	68	88	95	1	74	16	66	94	60	49	28	32	25	-1	85	84	33	67	34	29	38	63	19	53	19	62	35	67	24	58	70	16	100	3	36	12	48	50	25	73	66	50	56	19	34	40	61	29	
21	74	79	71	67	7	93	53	50	49	97	23	59	5	36	6	60	66	31	17	50	62	23	83	27	23	97	89	39	61	60	90	55	51	50	63	66	78	27	66	92	88	90	47	83	55	89	97	21	52	6	13	30	39	22	74	29	55	82	13	55	28	32	81	83	85	-1	93	10	99	70	23	75	78	100	49	92	92	29	43	66	42	51	45	90	29	94	5	5	1	39	64	1	70	15	29	11	65	64	99	
72	21	12	55	25	54	63	37	62	68	31	84	8	98	21	63	82	52	85	30	56	83	6	76	9	84	79	19	62	55	26	21	42	11	6	71	35	71	87	27	82	44	3	29	60	12	100	83	15	18	53	44	12	70	86	71	65	65	47	79	95	9	79	67	29	84	93	-1	95	14	75	45	33	40	75	12	86	84	92	56	90	58	16	30	3	28	62	42	98	52	48	27	52	27	51	87	64	3	32	13	
74	50	3	7	64	51	48	89	39	65	32	15	96	32	62	45	94	10	18	74	42	30	14	77	97	40	8	89	48	88	48	17	4	3	14	24	1	66	3	72	51	28	97	32	64	89	29	90	26	56	51	46	68	76	22	24	24	66	70	38	71	63	7	35	2	33	10	95	-1	2	91	65	95	47	5	100	5	84	85	36	23	12	10	66	47	98	24	41	43	2	45	53	100	99	29	24	3	25	13	2	
9	14	40	17	5	14	47	64	39	41	86	11	48	47	68	65	15	98	19	42	62	80	32	58	2	24	49	34	4	58	59	73	6	84	38	88	39	73	28	32	12	54	95	50	98	52	100	13	21	56	10	55	17	3	94	11	88	16	80	31	22	33	4	55	40	67	99	14	2	-1	22	64	61	3	50	56	12	22	51	10	85	8	17	7	92	13	78	16	26	31	5	94	53	93	17	22	90	5	21	92	
59	24	59	55	53	7	53	16	52	52	32	96	60	33	89	82	21	11	66	88	39	38	20	27	58	72	3	98	93	65	53	12	73	56	29	5	37	49	2	30	93	44	37	5	8	63	11	56	30	90	53	37	53	63	8	77	16	64	79	2	4	57	95	93	94	34	70	75	91	22	-1	8	65	38	27	77	23	57	32	3	7	35	100	61	37	85	19	30	99	69	75	95	35	67	8	20	33	12	53	82	
92	77	39	5	43	78	39	9	93	39	5	93	73	82	82	98	31	60	43	60	24	4	15	5	93	59	90	92	12	29	63	44	30	55	8	96	20	30	41	31	67	55	42	88	19	99	6	93	59	3	7	79	12	76	82	24	83	82	40	8	48	57	80	80	98	29	23	45	65	64	8	-1	75	97	87	68	6	42	53	79	1	12	47	52	16	67	43	44	54	56	56	94	81	96	81	12	38	45	18	25	
69	44	51	71	29	86	12	3	27	75	57	16	70	98	36	83	74	100	66	73	53	61	62	28	42	30	10	28	9	59	35	15	25	37	86	28	61	33	29	19	43	19	55	2	22	62	85	68	5	53	17	4	52	55	10	45	77	36	87	38	59	5	33	34	27	38	75	33	95	61	65	75	-1	60	45	69	31	18	100	36	45	97	69	52	23	58	23	5	76	100	58	73	20	32	69	27	82	14	25	16	
95	62	40	78	71	50	92	51	5	31	3	58	60	52	84	60	98	72	15	88	50	54	35	64	83	34	96	80	54	76	72	79	63	13	34	66	2	61	17	31	46	50	36	16	65	88	30	48	50	88	63	44	59	92	30	23	31	68	92	81	3	59	5	1	38	63	78	40	47	3	38	97	60	-1	80	55	72	27	82	87	71	28	79	61	4	98	90	1	51	86	89	14	43	75	23	31	73	75	91	51	
28	71	71	54	85	29	70	41	92	88	31	78	73	73	100	75	98	47	38	61	73	3	27	58	91	64	3	45	34	46	71	60	80	85	92	45	25	75	85	14	10	24	17	39	35	66	94	50	46	3	3	47	79	30	27	37	3	95	28	97	57	85	18	87	36	19	100	75	5	50	27	87	45	80	-1	8	70	35	39	54	86	86	19	19	34	77	18	38	76	24	5	36	92	28	74	53	30	72	4	67	
40	24	67	38	45	11	55	82	92	87	19	10	6	18	44	71	98	60	5	87	4	21	98	38	60	42	78	59	24	100	84	13	96	86	13	80	12	52	44	75	5	90	15	16	30	48	14	83	57	96	60	98	42	73	27	51	91	20	44	28	86	52	23	38	22	53	49	12	100	56	77	68	69	55	8	-1	91	49	11	14	18	82	66	1	58	92	91	75	38	37	29	74	45	32	44	58	35	48	25	61	
55	60	81	47	100	86	32	4	34	12	19	19	86	60	43	98	8	74	72	11	52	82	76	84	46	65	47	66	31	36	35	49	27	44	28	92	41	8	96	44	7	62	43	67	53	22	55	7	47	40	54	37	42	48	56	50	38	95	91	85	38	46	30	57	98	19	92	86	5	12	23	6	31	72	70	91	-1	76	20	62	26	75	25	64	4	22	74	25	68	48	1	5	89	95	35	92	74	71	62	62	
17	15	47	92	61	52	11	74	80	10	28	66	68	69	22	89	3	13	63	16	14	38	78	99	68	50	33	9	10	34	36	12	6	57	53	26	1	81	95	27	50	89	41	75	3	53	55	64	18	91	65	95	68	48	34	11	8	54	54	47	85	60	84	83	6	62	92	84	84	22	57	42	18	27	35	49	76	-1	33	23	36	17	72	15	88	2	93	37	59	66	22	95	85	76	40	33	93	88	91	67	
62	8	59	28	76	30	2	24	28	30	22	53	84	62	70	90	69	13	42	2	60	86	31	84	79	63	78	41	59	20	38	3	31	75	57	83	66	70	78	13	51	70	85	28	55	89	30	46	59	17	48	95	62	83	33	3	56	60	36	20	87	94	66	9	58	35	29	92	85	51	32	53	100	82	39	11	20	33	-1	80	37	23	86	42	58	65	35	73	2	5	68	20	46	11	2	35	60	55	27	16	
34	43	75	31	2	72	52	5	98	51	13	66	54	41	80	9	65	14	14	35	69	4	57	63	36	77	70	74	87	85	73	17	37	73	19	29	4	25	22	51	2	7	47	16	36	43	82	45	79	51	95	40	63	74	86	1	99	28	44	24	95	68	46	21	4	67	43	56	36	10	3	79	36	87	54	14	62	23	80	-1	81	53	13	9	25	5	90	35	2	32	53	67	38	99	65	66	94	91	93	6	
83	32	24	2	87	62	95	1	53	77	79	68	39	39	76	86	79	95	24	65	13	53	37	95	67	7	6	81	42	51	94	52	5	34	67	65	77	62	85	46	8	17	62	33	77	26	97	95	48	61	97	89	35	97	39	12	39	15	89	62	35	74	87	51	98	24	66	90	23	85	7	1	45	71	86	18	26	36	37	81	-1	4	77	80	15	63	39	6	31	94	84	66	90	89	28	33	40	74	11	23	
51	47	9	5	98	26	52	16	51	36	80	95	93	15	67	93	12	49	40	20	47	66	37	55	62	98	21	19	23	9	25	48	96	14	59	99	67	51	61	27	68	97	61	87	3	17	14	3	9	38	83	57	15	70	30	89	79	3	51	25	81	43	83	58	37	58	42	58	12	8	35	12	97	28	86	82	75	17	23	53	4	-1	32	95	97	72	97	91	26	2	59	96	57	57	13	1	14	19	52	23	
46	81	24	61	21	25	92	4	87	96	86	63	100	70	8	75	26	9	61	92	77	40	8	87	18	23	54	56	65	5	22	86	10	35	25	94	7	26	18	25	50	57	29	76	76	16	47	4	70	22	38	27	33	74	85	20	44	51	79	22	83	94	46	46	83	70	51	16	10	17	100	47	69	79	19	66	25	72	86	13	77	32	-1	12	10	38	8	59	70	20	66	78	43	77	89	8	62	88	52	61	
99	72	14	21	36	16	55	80	16	34	73	50	3	6	30	87	8	14	41	85	80	47	46	65	15	84	7	6	80	73	26	70	93	99	56	86	89	85	84	27	68	3	16	58	55	41	26	19	35	88	31	73	34	36	87	15	49	9	80	4	96	79	26	45	87	16	45	30	66	7	61	52	52	61	19	1	64	15	42	9	80	95	12	-1	99	95	21	23	95	81	83	94	23	1	96	59	17	36	7	83	
23	77	55	27	82	95	30	66	15	51	53	19	28	98	43	86	81	97	95	72	48	94	17	73	29	26	65	71	65	35	36	8	93	63	52	98	1	45	76	78	84	41	100	13	58	99	88	34	51	95	41	27	86	28	21	75	95	42	2	72	21	53	71	43	28	100	90	3	47	92	37	16	23	4	34	58	4	88	58	25	15	97	10	99	-1	53	73	47	72	55	83	77	68	11	67	46	98	37	39	49	
95	58	34	54	97	78	83	94	28	50	22	84	19	51	64	6	43	92	16	27	100	59	100	100	18	98	61	62	8	61	18	67	14	77	62	79	69	43	20	57	81	82	4	13	8	55	92	40	94	46	67	8	11	74	66	73	74	7	66	11	11	36	44	85	11	3	29	28	98	13	85	67	58	98	77	92	22	2	65	5	63	72	38	95	53	-1	53	98	37	60	54	46	24	100	62	35	95	38	32	2	
37	6	18	79	98	57	71	32	75	10	32	67	27	56	78	45	67	69	91	66	29	69	8	57	24	16	90	71	94	32	63	44	39	24	6	19	20	2	47	51	29	29	26	77	55	51	73	94	15	72	33	26	11	96	73	33	37	44	65	30	42	86	25	41	69	36	94	62	24	78	19	43	23	90	18	91	74	93	35	90	39	97	8	21	73	53	-1	75	19	32	53	4	63	91	5	23	10	57	25	47	
43	71	57	49	96	90	53	93	63	15	73	100	57	86	68	37	99	89	92	48	79	9	60	87	76	45	81	67	1	90	14	19	71	75	100	90	14	64	67	90	24	75	70	85	86	22	36	90	31	1	32	71	7	9	64	39	42	21	93	42	50	54	68	94	1	12	5	42	41	16	30	44	5	1	38	75	25	37	73	35	6	91	59	23	47	98	75	-1	94	25	6	96	17	3	77	15	11	96	18	51	
71	81	38	58	83	7	18	40	80	41	65	1	31	80	5	42	74	17	28	9	20	69	52	46	28	89	61	99	68	78	75	88	69	67	89	56	41	12	39	15	35	71	93	94	60	11	5	65	9	28	36	30	48	11	62	5	92	58	59	31	48	94	62	27	49	48	5	98	43	26	99	54	76	51	76	38	68	59	2	2	31	26	70	95	72	37	19	94	-1	46	17	85	11	78	33	34	13	18	33	77	
28	78	86	58	6	63	54	98	98	91	97	73	99	66	70	94	4	49	15	90	69	56	52	48	77	13	43	88	60	91	77	69	47	91	35	36	51	76	36	91	62	56	7	97	95	48	80	96	33	100	60	89	58	73	50	51	7	47	67	100	26	42	69	50	64	50	1	52	2	31	69	56	100	86	24	37	48	66	5	32	94	2	20	81	55	60	32	25	46	-1	87	47	1	100	24	12	61	49	41	25	
24	8	59	70	34	43	30	28	35	33	13	17	46	2	86	78	75	83	53	54	17	21	71	100	94	17	30	16	21	13	55	17	7	33	62	40	92	38	3	98	50	29	99	91	22	64	32	49	97	40	2	48	22	18	74	18	29	73	9	24	45	99	73	26	68	25	39	48	45	5	75	56	58	89	5	29	1	22	68	53	84	59	66	83	83	54	53	6	17	87	-1	7	67	36	13	98	28	81	22	32	
61	3	83	80	13	61	52	7	5	71	17	54	44	64	84	47	2	11	31	62	70	32	29	77	38	97	98	8	62	16	76	22	52	70	89	23	68	50	67	72	44	55	68	16	81	75	88	11	72	66	99	67	6	30	86	29	100	61	25	70	51	31	58	52	59	73	64	27	53	94	95	94	73	14	36	74	5	95	20	67	66	96	78	94	77	46	4	96	85	47	7	-1	74	31	82	76	50	13	9	7	
36	37	21	70	73	80	34	99	86	86	74	97	26	14	46	79	77	48	84	32	41	45	14	70	38	73	61	39	24	33	52	53	23	19	77	55	58	75	68	45	51	41	54	82	47	26	30	64	18	7	97	88	70	25	65	61	25	34	34	11	58	39	81	76	57	66	1	52	100	53	35	81	20	43	92	45	89	85	46	38	90	57	43	23	68	24	63	17	11	1	67	74	-1	6	30	24	88	9	98	68	
32	32	84	81	19	73	79	24	70	100	99	67	12	94	33	11	55	70	90	34	33	79	53	6	72	31	53	39	94	44	88	49	16	79	41	100	65	95	16	71	84	87	5	61	99	96	79	83	88	80	8	63	8	72	84	70	9	84	29	43	54	82	6	35	27	50	70	27	99	93	67	96	32	75	28	32	95	76	11	99	89	57	77	1	11	100	91	3	78	100	36	31	6	-1	93	21	2	87	96	36	
43	31	11	4	99	18	88	68	69	58	74	97	80	17	17	7	88	43	70	62	16	46	92	63	16	23	74	23	13	93	80	82	24	57	26	99	86	19	45	87	52	7	52	27	53	10	14	28	43	12	18	57	49	62	26	75	59	98	9	50	73	23	1	55	54	56	15	51	29	17	8	81	69	23	74	44	35	40	2	65	28	13	89	96	67	62	5	77	33	24	13	82	30	93	-1	25	2	46	75	75	
92	95	86	82	42	14	44	77	70	29	25	77	70	78	56	97	31	1	48	98	56	93	39	9	85	64	89	20	64	67	17	83	30	40	3	94	70	72	10	13	65	88	28	63	55	14	66	74	50	54	69	11	97	59	87	75	66	12	55	20	29	29	12	67	83	19	29	87	24	22	20	12	27	31	53	58	92	33	35	66	33	1	8	59	46	35	23	15	34	12	98	76	24	21	25	-1	84	23	27	2	
43	47	94	19	43	92	72	88	51	97	21	22	54	98	36	40	8	57	23	68	5	86	70	97	78	40	51	75	26	16	45	100	81	90	43	44	54	99	52	5	8	52	1	5	87	2	18	65	20	28	77	48	55	71	97	65	61	97	24	83	67	74	9	33	43	34	11	64	3	90	33	38	82	73	30	35	74	93	60	94	40	14	62	17	98	95	10	11	13	61	28	50	88	2	2	84	-1	46	98	80	
12	38	8	68	66	13	83	1	3	19	79	4	58	34	99	45	39	71	18	74	14	48	86	48	38	33	67	31	42	58	8	97	7	11	17	16	37	71	77	63	9	2	50	68	7	38	31	80	58	91	62	50	42	27	46	78	42	10	89	95	69	12	68	6	71	40	65	3	25	5	12	45	14	75	72	48	71	88	55	91	74	19	88	36	37	38	57	96	18	49	81	13	9	87	46	23	46	-1	32	56	
52	27	64	37	84	69	93	34	61	45	17	57	27	44	2	100	62	37	62	27	59	70	37	10	65	83	3	29	72	44	37	44	46	9	22	47	34	91	91	45	24	88	71	76	20	57	29	91	15	52	93	67	94	56	56	63	5	74	40	89	85	26	62	32	78	61	64	32	13	21	53	18	25	91	4	25	62	91	27	93	11	52	52	7	39	32	25	18	33	41	22	9	98	96	75	27	98	32	-1	50	
44	42	27	80	4	38	11	96	61	58	35	57	10	70	72	17	21	27	45	56	45	54	4	96	99	38	63	44	83	7	8	28	75	100	29	73	85	30	55	68	35	88	85	48	47	53	99	5	87	34	17	30	77	4	26	73	62	18	33	39	26	66	59	37	90	29	99	13	2	92	82	25	16	51	67	61	62	67	16	6	23	23	61	83	49	2	47	51	77	25	32	7	68	36	75	2	80	56	50	-1	
