100
-1	52	21	66	9	8	73	14	28	49	28	29	3	78	12	29	3	16	58	62	53	22	97	35	89	62	100	43	2	63	26	7	11	64	38	58	71	33	64	20	14	9	62	47	16	52	79	24	21	2	94	16	53	100	90	62	68	41	81	48	65	15	25	32	28	11	94	33	74	70	25	65	64	21	100	10	59	52	31	12	46	95	31	53	9	29	77	16	28	16	42	70	23	32	40	86	96	27	63	82	
52	-1	41	73	49	98	28	98	30	13	68	53	64	94	7	69	26	97	37	65	88	5	34	27	62	56	82	38	52	45	40	70	46	66	4	100	63	23	50	66	60	25	28	30	14	93	55	54	87	83	25	28	85	67	9	91	43	31	36	25	49	47	42	70	26	56	12	34	1	2	1	70	49	89	34	25	16	90	10	60	74	51	10	38	33	55	37	10	3	59	48	82	51	18	52	49	9	65	88	26	
21	41	-1	97	22	13	3	78	57	26	9	44	89	81	81	70	82	71	47	39	20	67	1	19	43	66	31	18	6	45	6	85	44	100	98	24	61	14	71	47	87	21	21	8	53	39	56	40	68	32	72	41	67	6	65	15	95	47	93	78	20	22	56	100	86	65	65	22	84	61	36	76	77	82	99	21	35	20	9	8	36	66	95	81	59	58	49	39	100	58	89	26	23	50	33	16	59	6	75	3	
66	73	97	-1	18	4	32	5	99	81	46	98	10	85	47	78	23	84	98	9	82	56	16	91	86	79	5	99	73	85	48	17	66	27	44	15	76	90	17	93	34	6	62	61	47	24	24	46	41	46	95	3	12	91	48	22	52	3	90	33	79	52	65	73	92	8	84	73	33	56	30	54	34	54	83	64	2	56	11	91	41	57	68	83	54	51	72	5	71	29	65	4	47	29	96	42	24	78	43	34	
9	49	22	18	-1	50	40	87	86	62	32	41	32	58	26	60	47	47	64	59	7	64	85	99	32	27	41	77	87	69	62	33	66	91	40	65	86	50	37	59	74	86	29	36	61	87	76	8	32	60	95	82	97	25	72	23	51	6	64	73	64	65	23	88	75	96	11	26	25	10	40	64	90	48	72	33	83	18	41	37	87	88	55	12	51	10	80	51	58	7	33	3	17	73	11	86	18	16	49	71	
8	98	13	4	50	-1	79	98	100	33	93	98	41	26	34	7	85	48	36	74	27	93	99	18	13	11	4	96	32	78	67	96	54	33	62	3	96	6	47	73	33	18	28	24	20	12	49	29	1	89	94	11	39	96	42	34	32	39	63	54	54	10	2	20	8	86	1	48	36	40	35	19	79	15	28	27	46	20	37	21	76	25	59	90	64	31	83	38	60	27	25	64	69	11	49	62	58	18	73	15	
73	28	3	32	40	79	-1	27	14	45	42	43	73	7	10	58	76	10	6	90	2	81	16	52	69	68	33	14	12	35	51	96	89	70	57	51	15	7	45	79	30	90	7	92	50	5	18	48	6	48	69	88	82	33	96	66	50	35	43	72	80	88	46	60	20	31	33	91	83	87	18	76	94	45	37	51	27	80	7	81	68	35	18	41	43	75	51	79	43	69	21	12	68	38	26	67	12	1	12	83	
14	98	78	5	87	98	27	-1	72	45	53	12	77	96	42	6	32	75	32	36	52	58	80	81	79	82	37	77	50	50	39	34	61	87	34	36	5	52	100	22	84	36	15	97	78	25	58	11	6	53	98	69	49	7	12	37	64	88	85	23	8	2	96	68	57	92	60	27	72	24	65	100	2	70	4	50	67	21	14	42	75	99	76	48	79	8	93	96	92	7	68	25	81	44	49	40	10	97	65	81	
28	30	57	99	86	100	14	72	-1	15	96	64	38	25	5	95	68	79	44	94	5	45	81	51	18	97	58	24	42	2	80	97	36	6	38	42	38	14	98	51	17	39	17	45	83	3	90	4	58	10	86	37	66	6	90	11	70	89	56	100	56	82	95	29	55	45	14	46	40	19	79	94	31	13	72	47	43	99	57	24	8	92	47	44	57	64	36	87	9	6	40	70	41	40	64	55	22	64	69	21	
49	13	26	81	62	33	45	45	15	-1	24	20	7	45	64	39	79	98	90	25	61	19	51	89	58	70	64	6	13	79	10	100	12	9	1	60	82	12	26	25	7	20	30	96	7	61	35	83	30	20	89	9	76	92	93	65	92	28	9	68	38	36	69	56	18	50	32	46	35	76	66	58	99	83	20	9	19	74	76	12	19	54	35	63	92	24	24	80	89	89	3	70	15	74	54	52	99	81	91	18	
28	68	9	46	32	93	42	53	96	24	-1	89	26	50	21	23	77	56	34	7	86	28	57	8	3	49	79	26	34	12	94	93	82	23	43	96	52	46	5	74	49	65	8	69	55	3	12	53	59	61	31	87	48	78	48	66	25	45	65	74	83	32	68	16	91	36	73	25	71	72	27	94	23	67	32	50	26	56	86	74	40	84	40	90	78	58	16	29	36	73	14	55	39	72	60	41	91	74	27	29	
29	53	44	98	41	98	43	12	64	20	89	-1	70	37	99	78	66	39	59	62	43	53	3	2	29	4	17	42	69	13	21	69	41	69	64	11	41	68	60	21	51	29	18	57	30	87	63	20	27	19	31	19	88	18	19	93	17	61	70	49	56	61	59	30	72	68	5	32	73	97	58	81	26	22	40	9	7	20	33	46	17	71	49	59	75	52	90	70	26	55	19	72	48	5	54	55	48	98	39	63	
3	64	89	10	32	41	73	77	38	7	26	70	-1	93	50	76	42	97	36	10	41	28	72	47	52	1	89	58	68	100	66	4	94	29	83	69	90	60	86	34	30	82	51	87	4	26	59	68	71	3	12	20	25	29	25	83	8	71	59	85	86	64	53	49	30	96	36	70	41	81	30	55	37	41	80	54	71	15	41	56	31	73	56	15	56	24	77	47	17	38	1	5	79	7	12	9	75	51	98	91	
78	94	81	85	58	26	7	96	25	45	50	37	93	-1	75	10	36	73	33	86	95	55	36	1	83	55	25	59	2	53	15	58	99	45	50	42	21	80	25	76	91	5	36	41	86	85	69	84	48	12	9	100	75	57	90	71	89	52	22	72	10	44	34	26	76	16	20	44	61	17	26	96	14	19	84	71	39	14	47	15	91	61	95	24	53	78	78	83	7	97	34	12	2	10	69	26	71	64	39	32	
12	7	81	47	26	34	10	42	5	64	21	99	50	75	-1	88	71	68	62	18	100	30	72	93	96	57	54	100	2	53	22	63	13	28	37	62	5	69	72	96	93	56	30	24	57	23	82	31	52	60	43	18	65	51	97	17	61	31	62	88	25	84	49	28	46	28	43	89	24	42	100	40	79	22	51	56	99	23	92	77	11	93	18	38	28	99	90	66	55	88	70	45	80	28	85	5	37	77	78	73	
29	69	70	78	60	7	58	6	95	39	23	78	76	10	88	-1	2	39	36	36	74	17	77	25	90	64	89	14	88	17	72	51	67	26	18	96	41	1	55	9	17	25	100	41	98	1	100	37	83	78	74	90	97	67	35	46	30	71	55	54	35	62	97	4	96	20	74	24	95	30	64	59	86	51	19	80	57	42	37	21	47	84	37	29	16	29	93	68	51	38	94	38	52	17	24	57	25	72	41	24	
3	26	82	23	47	85	76	32	68	79	77	66	42	36	71	2	-1	45	87	18	88	69	85	29	94	90	97	93	5	39	17	35	46	83	7	61	57	49	29	4	1	60	54	61	83	65	11	24	7	31	36	81	67	45	80	4	84	89	82	43	86	65	73	4	60	98	92	88	56	25	50	70	76	89	65	89	96	24	69	54	34	13	28	56	76	94	20	8	9	63	33	39	35	34	19	69	19	9	29	33	
16	97	71	84	47	48	10	75	79	98	56	39	97	73	68	39	45	-1	85	37	35	39	85	88	62	96	95	9	82	20	3	63	37	20	44	95	29	34	94	98	37	74	68	91	92	82	31	80	51	90	45	82	94	76	50	89	44	10	81	62	18	65	37	37	53	24	74	26	67	26	89	35	71	44	82	70	96	14	1	27	40	99	43	53	37	76	55	5	64	65	76	22	21	26	53	7	53	61	50	62	
58	37	47	98	64	36	6	32	44	90	34	59	36	33	62	36	87	85	-1	29	23	40	31	64	24	16	13	75	98	60	10	36	5	71	8	77	21	7	30	94	8	39	93	98	31	97	93	68	94	64	80	80	54	87	84	30	27	22	22	41	54	37	9	61	96	94	41	33	51	77	78	90	53	79	80	66	27	11	64	84	32	25	86	56	34	32	84	37	72	61	71	10	60	50	17	62	63	23	75	91	
62	65	39	9	59	74	90	36	94	25	7	62	10	86	18	36	18	37	29	-1	63	100	8	32	92	14	49	41	91	31	38	3	22	48	21	29	44	73	98	7	56	76	91	65	23	17	76	66	7	50	97	9	13	33	27	83	91	6	5	43	18	51	48	82	17	29	89	75	47	1	73	46	14	51	85	95	33	50	80	90	3	40	65	12	44	70	29	29	19	99	48	27	1	65	47	97	13	9	30	69	
53	88	20	82	7	27	2	52	5	61	86	43	41	95	100	74	88	35	23	63	-1	68	69	79	83	87	51	87	60	43	87	31	6	68	7	66	96	61	59	53	40	27	12	11	23	15	61	30	80	45	39	13	97	23	92	63	66	27	51	28	52	92	62	91	69	22	42	84	29	23	10	23	4	32	73	24	89	1	85	44	79	22	16	40	5	15	10	21	27	57	71	40	70	13	39	62	57	96	46	7	
22	5	67	56	64	93	81	58	45	19	28	53	28	55	30	17	69	39	40	100	68	-1	46	47	33	75	35	29	62	53	94	83	79	87	29	95	78	81	18	9	32	33	54	73	43	87	16	97	72	66	96	26	1	83	53	40	95	65	28	20	64	28	74	48	50	38	55	89	15	34	24	88	84	95	18	17	76	65	24	21	15	6	3	25	30	64	92	3	25	93	66	45	78	43	32	37	63	88	65	99	
97	34	1	16	85	99	16	80	81	51	57	3	72	36	72	77	85	85	31	8	69	46	-1	91	33	50	33	33	15	16	30	25	2	3	92	15	66	82	77	38	66	8	24	81	15	86	89	80	93	46	81	45	19	87	34	44	9	94	43	96	89	24	71	23	91	97	35	45	82	21	41	71	2	49	82	81	95	76	8	26	5	58	72	84	18	37	38	100	26	90	43	91	89	10	62	80	26	85	38	8	
35	27	19	91	99	18	52	81	51	89	8	2	47	1	93	25	29	88	64	32	79	47	91	-1	70	28	50	91	18	34	14	9	49	48	65	17	37	53	24	97	29	50	98	86	47	39	48	29	44	26	39	18	64	17	76	68	62	62	11	34	27	85	47	72	46	61	33	64	16	79	7	30	8	48	75	15	34	49	67	50	88	11	11	5	98	79	14	85	38	76	5	14	10	92	34	38	64	1	23	88	
89	62	43	86	32	13	69	79	18	58	3	29	52	83	96	90	94	62	24	92	83	33	33	70	-1	62	59	49	90	27	37	36	74	14	95	28	23	14	23	26	51	82	60	43	80	98	34	88	61	5	16	50	75	100	66	20	24	67	51	71	42	75	46	22	63	47	91	18	75	91	8	39	82	6	20	44	100	86	92	19	47	26	89	96	76	67	81	20	84	83	81	81	84	86	90	84	58	25	83	50	
62	56	66	79	27	11	68	82	97	70	49	4	1	55	57	64	90	96	16	14	87	75	50	28	62	-1	30	73	31	83	30	56	55	56	90	63	90	2	86	11	42	60	60	59	18	86	92	34	46	46	7	49	35	79	84	72	60	59	9	62	76	93	9	22	28	8	52	7	23	83	8	70	49	89	79	86	41	94	17	36	14	91	63	33	35	34	40	13	42	38	23	77	14	14	77	19	77	51	56	43	
100	82	31	5	41	4	33	37	58	64	79	17	89	25	54	89	97	95	13	49	51	35	33	50	59	30	-1	36	43	53	74	48	23	42	7	29	93	38	10	21	63	33	52	31	90	39	34	53	70	80	17	38	33	1	66	72	98	62	80	97	9	71	94	48	24	56	97	83	39	48	38	75	3	24	40	15	91	3	24	56	28	85	32	57	7	66	81	54	81	92	8	94	43	92	36	97	9	53	46	59	
43	38	18	99	77	96	14	77	24	6	26	42	58	59	100	14	93	9	75	41	87	29	33	91	49	73	36	-1	27	81	37	83	38	72	79	35	88	34	4	16	12	69	85	69	4	59	79	35	59	96	1	31	53	23	3	11	57	29	93	29	62	87	56	58	57	46	99	91	42	80	92	66	77	56	60	22	31	52	40	30	81	54	14	35	20	17	95	41	34	9	94	21	88	26	41	52	36	1	15	66	
2	52	6	73	87	32	12	50	42	13	34	69	68	2	2	88	5	82	98	91	60	62	15	18	90	31	43	27	-1	20	31	74	43	100	34	49	58	69	62	80	21	86	72	82	20	96	37	80	13	64	76	53	14	19	64	74	49	42	93	86	1	27	89	32	90	52	20	100	95	5	11	43	98	3	20	95	16	8	23	26	49	64	79	54	10	54	87	97	5	3	38	58	56	14	70	84	50	94	57	5	
63	45	45	85	69	78	35	50	2	79	12	13	100	53	53	17	39	20	60	31	43	53	16	34	27	83	53	81	20	-1	79	4	41	41	82	88	93	20	76	92	63	98	78	6	21	1	59	87	55	92	43	33	81	58	43	2	64	77	34	77	18	8	40	1	100	87	1	84	84	41	40	26	90	26	100	17	42	10	70	27	70	66	60	5	26	94	26	87	77	58	95	42	65	1	91	73	47	19	18	59	
26	40	6	48	62	67	51	39	80	10	94	21	66	15	22	72	17	3	10	38	87	94	30	14	37	30	74	37	31	79	-1	44	58	31	23	11	7	14	53	70	50	99	21	86	95	88	18	7	90	56	4	88	73	85	88	33	25	71	3	22	82	67	6	21	87	62	74	14	37	62	60	98	99	61	90	94	55	27	90	18	54	7	66	94	69	60	72	39	34	34	52	9	17	50	77	23	92	66	45	32	
7	70	85	17	33	96	96	34	97	100	93	69	4	58	63	51	35	63	36	3	31	83	25	9	36	56	48	83	74	4	44	-1	45	82	36	81	90	54	61	3	18	17	69	50	6	1	56	30	22	80	74	37	37	22	84	37	62	40	43	91	21	57	72	8	21	19	41	99	4	96	7	96	24	61	56	87	54	51	67	12	8	40	65	38	87	64	6	45	23	45	69	20	2	7	68	98	63	21	60	29	
11	46	44	66	66	54	89	61	36	12	82	41	94	99	13	67	46	37	5	22	6	79	2	49	74	55	23	38	43	41	58	45	-1	67	60	67	33	9	41	79	42	83	20	30	36	3	74	6	50	86	8	63	17	70	13	10	71	48	10	53	3	58	71	96	42	93	38	94	58	81	3	53	22	95	26	86	75	47	48	16	42	88	22	10	18	9	23	11	66	49	73	18	66	97	23	50	38	40	37	80	
64	66	100	27	91	33	70	87	6	9	23	69	29	45	28	26	83	20	71	48	68	87	3	48	14	56	42	72	100	41	31	82	67	-1	88	72	28	18	96	75	39	82	12	48	2	4	9	27	61	8	87	39	97	44	87	87	27	68	43	38	67	42	78	86	95	20	86	18	71	76	94	92	16	71	76	79	78	37	11	53	99	61	76	63	53	100	14	80	57	6	71	36	96	83	49	86	90	55	61	87	
38	4	98	44	40	62	57	34	38	1	43	64	83	50	37	18	7	44	8	21	7	29	92	65	95	90	7	79	34	82	23	36	60	88	-1	58	13	10	60	1	17	5	42	87	72	100	33	30	76	17	47	84	63	17	42	31	85	61	43	42	10	71	84	63	64	31	80	43	41	96	13	90	19	53	74	44	25	25	47	3	69	19	90	86	11	98	23	40	24	69	47	1	50	20	99	2	100	62	59	27	
58	100	24	15	65	3	51	36	42	60	96	11	69	42	62	96	61	95	77	29	66	95	15	17	28	63	29	35	49	88	11	81	67	72	58	-1	65	98	61	99	22	84	48	66	67	29	27	82	33	33	24	54	5	52	33	94	56	99	32	77	20	5	5	87	26	30	58	74	80	62	38	63	9	68	26	9	27	81	17	22	64	28	13	90	4	4	91	19	49	64	50	9	60	94	21	45	75	53	3	52	
71	63	61	76	86	96	15	5	38	82	52	41	90	21	5	41	57	29	21	44	96	78	66	37	23	90	93	88	58	93	7	90	33	28	13	65	-1	36	91	55	7	5	63	14	61	24	48	13	97	1	43	17	32	53	37	32	68	82	55	49	6	37	81	19	62	23	33	60	69	74	18	4	39	73	65	75	49	3	22	59	33	57	34	68	85	59	99	10	9	40	45	81	48	71	92	48	72	85	45	88	
33	23	14	90	50	6	7	52	14	12	46	68	60	80	69	1	49	34	7	73	61	81	82	53	14	2	38	34	69	20	14	54	9	18	10	98	36	-1	64	28	2	97	87	54	80	40	7	99	59	15	75	51	33	91	61	12	31	92	62	14	44	90	47	43	46	10	100	85	46	46	19	54	67	58	67	92	30	75	97	1	44	21	91	76	53	44	39	100	36	62	71	73	14	92	90	57	23	54	85	21	
64	50	71	17	37	47	45	100	98	26	5	60	86	25	72	55	29	94	30	98	59	18	77	24	23	86	10	4	62	76	53	61	41	96	60	61	91	64	-1	67	96	44	68	29	63	46	74	82	75	92	28	52	37	32	68	13	88	69	65	10	84	63	20	27	32	99	8	100	12	93	30	20	93	27	36	33	100	82	61	45	68	64	18	92	4	4	34	49	80	37	40	81	74	19	40	30	88	96	13	12	
20	66	47	93	59	73	79	22	51	25	74	21	34	76	96	9	4	98	94	7	53	9	38	97	26	11	21	16	80	92	70	3	79	75	1	99	55	28	67	-1	1	38	91	94	29	22	25	86	77	45	20	6	82	88	100	62	72	33	22	6	42	100	15	2	28	75	53	51	70	78	48	59	79	22	90	23	92	20	85	89	14	100	28	97	45	78	64	60	51	96	89	39	96	50	38	20	27	51	86	94	
14	60	87	34	74	33	30	84	17	7	49	51	30	91	93	17	1	37	8	56	40	32	66	29	51	42	63	12	21	63	50	18	42	39	17	22	7	2	96	1	-1	20	41	11	66	64	67	87	54	70	80	92	5	47	26	32	98	13	48	86	10	91	93	67	16	64	15	49	47	29	55	43	44	48	85	29	56	46	13	47	76	51	67	48	22	65	25	89	98	78	19	69	30	62	8	24	86	32	94	7	
9	25	21	6	86	18	90	36	39	20	65	29	82	5	56	25	60	74	39	76	27	33	8	50	82	60	33	69	86	98	99	17	83	82	5	84	5	97	44	38	20	-1	88	79	46	70	95	93	13	12	77	71	58	82	59	87	49	74	96	34	15	30	96	96	11	74	66	14	45	6	4	19	89	100	42	6	73	12	54	26	34	1	74	29	13	35	82	31	62	89	40	3	5	60	73	92	16	49	94	17	
62	28	21	62	29	28	7	15	17	30	8	18	51	36	30	100	54	68	93	91	12	54	24	98	60	60	52	85	72	78	21	69	20	12	42	48	63	87	68	91	41	88	-1	63	32	6	8	6	5	38	80	68	100	38	89	24	23	86	98	81	98	69	65	77	94	61	9	87	55	15	84	29	1	16	18	71	60	73	85	50	90	62	63	19	27	77	85	95	99	13	65	15	1	57	6	40	24	95	62	9	
47	30	8	61	36	24	92	97	45	96	69	57	87	41	24	41	61	91	98	65	11	73	81	86	43	59	31	69	82	6	86	50	30	48	87	66	14	54	29	94	11	79	63	-1	70	28	93	16	94	98	49	1	90	64	97	68	78	68	57	98	36	10	82	31	36	84	6	23	14	61	3	29	61	11	64	71	62	24	40	75	53	99	22	37	63	15	92	42	86	67	20	64	73	26	16	52	71	22	73	64	
16	14	53	47	61	20	50	78	83	7	55	30	4	86	57	98	83	92	31	23	23	43	15	47	80	18	90	4	20	21	95	6	36	2	72	67	61	80	63	29	66	46	32	70	-1	13	73	70	93	17	64	26	56	66	93	39	79	22	72	69	14	27	74	86	54	85	32	55	31	22	52	55	77	27	11	38	52	83	98	53	52	93	10	76	5	55	37	44	67	4	100	34	58	5	2	55	26	40	66	49	
52	93	39	24	87	12	5	25	3	61	3	87	26	85	23	1	65	82	97	17	15	87	86	39	98	86	39	59	96	1	88	1	3	4	100	29	24	40	46	22	64	70	6	28	13	-1	97	49	96	99	67	53	31	53	21	51	83	31	93	17	65	57	78	44	40	69	85	60	27	77	43	90	70	79	80	70	97	4	15	51	14	12	50	21	59	54	24	14	88	15	78	68	6	99	19	90	24	32	11	41	
79	55	56	24	76	49	18	58	90	35	12	63	59	69	82	100	11	31	93	76	61	16	89	48	34	92	34	79	37	59	18	56	74	9	33	27	48	7	74	25	67	95	8	93	73	97	-1	57	42	66	53	59	3	76	88	86	3	89	75	35	94	26	94	94	57	65	16	54	15	65	55	40	9	28	21	95	76	63	88	91	53	43	71	31	1	80	62	84	82	46	66	70	74	95	25	68	30	72	100	28	
24	54	40	46	8	29	48	11	4	83	53	20	68	84	31	37	24	80	68	66	30	97	80	29	88	34	53	35	80	87	7	30	6	27	30	82	13	99	82	86	87	93	6	16	70	49	57	-1	74	87	73	32	11	88	40	68	17	95	1	56	18	78	96	92	82	91	83	3	21	95	51	39	46	96	93	74	22	25	23	6	32	12	79	77	13	5	92	36	31	27	3	8	62	90	19	58	55	76	36	23	
21	87	68	41	32	1	6	6	58	30	59	27	71	48	52	83	7	51	94	7	80	72	93	44	61	46	70	59	13	55	90	22	50	61	76	33	97	59	75	77	54	13	5	94	93	96	42	74	-1	84	5	60	75	7	2	67	31	95	19	12	60	29	44	17	99	3	37	60	2	30	21	38	68	87	57	37	23	22	76	60	45	88	90	29	21	50	25	2	56	31	75	4	75	73	58	22	14	86	61	37	
2	83	32	46	60	89	48	53	10	20	61	19	3	12	60	78	31	90	64	50	45	66	46	26	5	46	80	96	64	92	56	80	86	8	17	33	1	15	92	45	70	12	38	98	17	99	66	87	84	-1	18	58	72	47	11	51	73	25	97	61	67	88	68	91	54	39	65	34	13	19	55	56	65	43	46	32	63	86	71	16	8	22	44	55	11	58	45	20	87	27	96	70	61	39	20	74	91	10	76	82	
94	25	72	95	95	94	69	98	86	89	31	31	12	9	43	74	36	45	80	97	39	96	81	39	16	7	17	1	76	43	4	74	8	87	47	24	43	75	28	20	80	77	80	49	64	67	53	73	5	18	-1	50	22	70	52	81	44	82	46	43	62	9	94	64	20	85	97	75	54	75	84	34	1	14	91	5	94	22	29	76	1	97	88	87	42	65	9	67	99	98	51	78	90	96	73	63	46	60	56	36	
16	28	41	3	82	11	88	69	37	9	87	19	20	100	18	90	81	82	80	9	13	26	45	18	50	49	38	31	53	33	88	37	63	39	84	54	17	51	52	6	92	71	68	1	26	53	59	32	60	58	50	-1	80	60	73	68	73	29	91	20	20	89	1	40	13	84	39	50	67	66	5	86	74	26	79	56	1	65	87	30	89	30	72	1	36	28	41	95	11	24	1	95	14	33	12	32	53	74	22	65	
53	85	67	12	97	39	82	49	66	76	48	88	25	75	65	97	67	94	54	13	97	1	19	64	75	35	33	53	14	81	73	37	17	97	63	5	32	33	37	82	5	58	100	90	56	31	3	11	75	72	22	80	-1	42	99	31	24	38	74	35	1	84	7	18	9	41	1	50	16	45	32	19	12	92	32	27	52	92	95	72	56	70	10	95	61	39	79	58	51	73	95	81	4	19	6	64	28	73	28	92	
100	67	6	91	25	96	33	7	6	92	78	18	29	57	51	67	45	76	87	33	23	83	87	17	100	79	1	23	19	58	85	22	70	44	17	52	53	91	32	88	47	82	38	64	66	53	76	88	7	47	70	60	42	-1	95	87	19	23	99	32	60	64	19	61	6	35	35	87	84	9	37	82	19	80	24	67	20	18	62	41	47	7	39	94	36	67	55	35	65	81	88	22	28	44	30	54	30	75	47	1	
90	9	65	48	72	42	96	12	90	93	48	19	25	90	97	35	80	50	84	27	92	53	34	76	66	84	66	3	64	43	88	84	13	87	42	33	37	61	68	100	26	59	89	97	93	21	88	40	2	11	52	73	99	95	-1	64	16	31	21	90	64	86	80	25	11	75	46	5	41	77	87	3	44	52	53	6	40	35	58	68	99	15	26	92	79	18	48	99	32	81	99	96	66	3	79	31	86	79	83	16	
62	91	15	22	23	34	66	37	11	65	66	93	83	71	17	46	4	89	30	83	63	40	44	68	20	72	72	11	74	2	33	37	10	87	31	94	32	12	13	62	32	87	24	68	39	51	86	68	67	51	81	68	31	87	64	-1	48	63	77	80	58	42	60	43	63	11	82	57	89	48	26	7	15	33	7	44	9	28	14	65	22	89	40	69	9	78	64	49	87	41	27	31	4	53	65	3	27	9	3	82	
68	43	95	52	51	32	50	64	70	92	25	17	8	89	61	30	84	44	27	91	66	95	9	62	24	60	98	57	49	64	25	62	71	27	85	56	68	31	88	72	98	49	23	78	79	83	3	17	31	73	44	73	24	19	16	48	-1	79	67	90	23	35	92	95	40	95	52	54	90	84	81	12	15	7	47	20	95	34	7	78	32	84	80	71	75	57	77	76	76	59	16	45	49	42	87	39	98	71	69	1	
41	31	47	3	6	39	35	88	89	28	45	61	71	52	31	71	89	10	22	6	27	65	94	62	67	59	62	29	42	77	71	40	48	68	61	99	82	92	69	33	13	74	86	68	22	31	89	95	95	25	82	29	38	23	31	63	79	-1	54	21	35	19	94	3	99	40	78	49	9	42	4	29	92	35	6	61	15	27	50	90	77	43	19	18	90	4	78	51	95	56	74	79	95	92	37	27	82	71	14	72	
81	36	93	90	64	63	43	85	56	9	65	70	59	22	62	55	82	81	22	5	51	28	43	11	51	9	80	93	93	34	3	43	10	43	43	32	55	62	65	22	48	96	98	57	72	93	75	1	19	97	46	91	74	99	21	77	67	54	-1	46	38	47	99	57	41	76	99	39	24	24	64	96	61	100	62	96	97	84	12	53	82	56	91	89	68	88	2	80	86	48	27	44	27	67	89	15	60	57	76	24	
48	25	78	33	73	54	72	23	100	68	74	49	85	72	88	54	43	62	41	43	28	20	96	34	71	62	97	29	86	77	22	91	53	38	42	77	49	14	10	6	86	34	81	98	69	17	35	56	12	61	43	20	35	32	90	80	90	21	46	-1	8	34	6	31	31	49	91	54	67	1	35	32	28	6	74	64	58	3	52	81	45	19	86	41	44	54	97	10	56	86	14	28	63	25	38	32	44	88	31	32	
65	49	20	79	64	54	80	8	56	38	83	56	86	10	25	35	86	18	54	18	52	64	89	27	42	76	9	62	1	18	82	21	3	67	10	20	6	44	84	42	10	15	98	36	14	65	94	18	60	67	62	20	1	60	64	58	23	35	38	8	-1	2	20	94	96	73	88	54	25	83	51	65	76	35	64	37	66	30	75	46	85	50	22	18	61	76	20	82	96	81	64	63	18	29	13	67	41	15	28	80	
15	47	22	52	65	10	88	2	82	36	32	61	64	44	84	62	65	65	37	51	92	28	24	85	75	93	71	87	27	8	67	57	58	42	71	5	37	90	63	100	91	30	69	10	27	57	26	78	29	88	9	89	84	64	86	42	35	19	47	34	2	-1	92	2	11	29	27	64	9	53	66	100	7	96	25	22	57	41	24	12	19	24	50	13	21	83	52	52	33	60	67	10	48	45	73	17	40	32	28	33	
25	42	56	65	23	2	46	96	95	69	68	59	53	34	49	97	73	37	9	48	62	74	71	47	46	9	94	56	89	40	6	72	71	78	84	5	81	47	20	15	93	96	65	82	74	78	94	96	44	68	94	1	7	19	80	60	92	94	99	6	20	92	-1	49	48	43	47	4	72	15	71	76	86	33	42	3	54	60	37	64	100	61	81	71	15	77	39	32	92	64	33	4	95	48	34	65	27	15	98	4	
32	70	100	73	88	20	60	68	29	56	16	30	49	26	28	4	4	37	61	82	91	48	23	72	22	22	48	58	32	1	21	8	96	86	63	87	19	43	27	2	67	96	77	31	86	44	94	92	17	91	64	40	18	61	25	43	95	3	57	31	94	2	49	-1	28	8	58	26	36	27	43	62	55	92	5	60	40	26	33	35	39	13	74	86	80	12	100	86	100	23	14	7	7	91	26	83	21	99	67	83	
28	26	86	92	75	8	20	57	55	18	91	72	30	76	46	96	60	53	96	17	69	50	91	46	63	28	24	57	90	100	87	21	42	95	64	26	62	46	32	28	16	11	94	36	54	40	57	82	99	54	20	13	9	6	11	63	40	99	41	31	96	11	48	28	-1	25	63	66	67	11	55	60	69	44	47	67	77	36	17	10	88	19	50	6	43	64	60	14	50	86	63	75	64	7	47	5	15	4	54	72	
11	56	65	8	96	86	31	92	45	50	36	68	96	16	28	20	98	24	94	29	22	38	97	61	47	8	56	46	52	87	62	19	93	20	31	30	23	10	99	75	64	74	61	84	85	69	65	91	3	39	85	84	41	35	75	11	95	40	76	49	73	29	43	8	25	-1	95	41	21	70	48	5	76	12	58	42	2	100	70	64	34	82	45	39	36	94	62	82	79	64	83	71	51	68	87	69	62	29	76	59	
94	12	65	84	11	1	33	60	14	32	73	5	36	20	43	74	92	74	41	89	42	55	35	33	91	52	97	99	20	1	74	41	38	86	80	58	33	100	8	53	15	66	9	6	32	85	16	83	37	65	97	39	1	35	46	82	52	78	99	91	88	27	47	58	63	95	-1	70	61	80	94	89	79	53	28	51	19	58	55	4	97	39	74	96	41	44	21	39	86	52	99	44	13	59	67	35	40	9	80	14	
33	34	22	73	26	48	91	27	46	46	25	32	70	44	89	24	88	26	33	75	84	89	45	64	18	7	83	91	100	84	14	99	94	18	43	74	60	85	100	51	49	14	87	23	55	60	54	3	60	34	75	50	50	87	5	57	54	49	39	54	54	64	4	26	66	41	70	-1	78	77	98	9	10	15	96	50	4	46	80	88	62	17	47	22	67	86	21	58	8	32	9	66	20	85	96	15	90	11	52	72	
74	1	84	33	25	36	83	72	40	35	71	73	41	61	24	95	56	67	51	47	29	15	82	16	75	23	39	42	95	84	37	4	58	71	41	80	69	46	12	70	47	45	55	14	31	27	15	21	2	13	54	67	16	84	41	89	90	9	24	67	25	9	72	36	67	21	61	78	-1	64	48	59	50	93	39	13	89	10	49	43	29	62	52	72	34	5	79	73	13	71	22	19	21	24	79	67	88	66	9	87	
70	2	61	56	10	40	87	24	19	76	72	97	81	17	42	30	25	26	77	1	23	34	21	79	91	83	48	80	5	41	62	96	81	76	96	62	74	46	93	78	29	6	15	61	22	77	65	95	30	19	75	66	45	9	77	48	84	42	24	1	83	53	15	27	11	70	80	77	64	-1	29	48	60	60	78	58	1	80	25	86	48	96	97	89	91	96	54	83	68	25	28	22	70	11	56	18	20	41	100	29	
25	1	36	30	40	35	18	65	79	66	27	58	30	26	100	64	50	89	78	73	10	24	41	7	8	8	38	92	11	40	60	7	3	94	13	38	18	19	30	48	55	4	84	3	52	43	55	51	21	55	84	5	32	37	87	26	81	4	64	35	51	66	71	43	55	48	94	98	48	29	-1	39	30	45	17	41	69	78	70	53	95	54	40	17	43	78	42	26	94	8	48	67	33	83	18	36	100	49	89	13	
65	70	76	54	64	19	76	100	94	58	94	81	55	96	40	59	70	35	90	46	23	88	71	30	39	70	75	66	43	26	98	96	53	92	90	63	4	54	20	59	43	19	29	29	55	90	40	39	38	56	34	86	19	82	3	7	12	29	96	32	65	100	76	62	60	5	89	9	59	48	39	-1	92	45	18	85	23	12	49	20	74	22	8	28	55	76	99	26	32	9	62	65	12	90	41	47	9	42	87	25	
64	49	77	34	90	79	94	2	31	99	23	26	37	14	79	86	76	71	53	14	4	84	2	8	82	49	3	77	98	90	99	24	22	16	19	9	39	67	93	79	44	89	1	61	77	70	9	46	68	65	1	74	12	19	44	15	15	92	61	28	76	7	86	55	69	76	79	10	50	60	30	92	-1	66	18	10	56	13	72	74	40	11	94	44	79	71	1	85	69	56	91	84	39	31	86	96	57	25	98	25	
21	89	82	54	48	15	45	70	13	83	67	22	41	19	22	51	89	44	79	51	32	95	49	48	6	89	24	56	3	26	61	61	95	71	53	68	73	58	27	22	48	100	16	11	27	79	28	96	87	43	14	26	92	80	52	33	7	35	100	6	35	96	33	92	44	12	53	15	93	60	45	45	66	-1	9	9	56	32	17	88	48	81	79	12	52	16	11	34	22	32	1	44	29	28	29	31	70	6	47	89	
100	34	99	83	72	28	37	4	72	20	32	40	80	84	51	19	65	82	80	85	73	18	82	75	20	79	40	60	20	100	90	56	26	76	74	26	65	67	36	90	85	42	18	64	11	80	21	93	57	46	91	79	32	24	53	7	47	6	62	74	64	25	42	5	47	58	28	96	39	78	17	18	18	9	-1	52	97	30	73	1	21	80	41	99	98	38	80	63	57	38	13	7	37	46	69	2	26	95	25	36	
10	25	21	64	33	27	51	50	47	9	50	9	54	71	56	80	89	70	66	95	24	17	81	15	44	86	15	22	95	17	94	87	86	79	44	9	75	92	33	23	29	6	71	71	38	70	95	74	37	32	5	56	27	67	6	44	20	61	96	64	37	22	3	60	67	42	51	50	13	58	41	85	10	9	52	-1	67	6	70	54	34	70	36	41	96	22	64	34	8	16	93	93	36	94	85	22	86	15	21	11	
59	16	35	2	83	46	27	67	43	19	26	7	71	39	99	57	96	96	27	33	89	76	95	34	100	41	91	31	16	42	55	54	75	78	25	27	49	30	100	92	56	73	60	62	52	97	76	22	23	63	94	1	52	20	40	9	95	15	97	58	66	57	54	40	77	2	19	4	89	1	69	23	56	56	97	67	-1	33	10	86	4	1	31	26	39	70	46	3	55	59	24	85	3	94	51	70	75	55	69	69	
52	90	20	56	18	20	80	21	99	74	56	20	15	14	23	42	24	14	11	50	1	65	76	49	86	94	3	52	8	10	27	51	47	37	25	81	3	75	82	20	46	12	73	24	83	4	63	25	22	86	22	65	92	18	35	28	34	27	84	3	30	41	60	26	36	100	58	46	10	80	78	12	13	32	30	6	33	-1	83	71	100	11	55	6	92	54	93	79	6	59	5	54	40	43	10	54	5	20	21	98	
31	10	9	11	41	37	7	14	57	76	86	33	41	47	92	37	69	1	64	80	85	24	8	67	92	17	24	40	23	70	90	67	48	11	47	17	22	97	61	85	13	54	85	40	98	15	88	23	76	71	29	87	95	62	58	14	7	50	12	52	75	24	37	33	17	70	55	80	49	25	70	49	72	17	73	70	10	83	-1	86	33	11	34	80	95	66	22	20	25	100	2	53	70	60	10	9	54	69	20	22	
12	60	8	91	37	21	81	42	24	12	74	46	56	15	77	21	54	27	84	90	44	21	26	50	19	36	56	30	26	27	18	12	16	53	3	22	59	1	45	89	47	26	50	75	53	51	91	6	60	16	76	30	72	41	68	65	78	90	53	81	46	12	64	35	10	64	4	88	43	86	53	20	74	88	1	54	86	71	86	-1	90	16	8	50	56	72	3	13	15	68	59	27	90	57	33	50	11	88	92	40	
46	74	36	41	87	76	68	75	8	19	40	17	31	91	11	47	34	40	32	3	79	15	5	88	47	14	28	81	49	70	54	8	42	99	69	64	33	44	68	14	76	34	90	53	52	14	53	32	45	8	1	89	56	47	99	22	32	77	82	45	85	19	100	39	88	34	97	62	29	48	95	74	40	48	21	34	4	100	33	90	-1	62	30	2	55	34	38	53	100	35	39	79	19	85	55	73	50	90	3	76	
95	51	66	57	88	25	35	99	92	54	84	71	73	61	93	84	13	99	25	40	22	6	58	11	26	91	85	54	64	66	7	40	88	61	19	28	57	21	64	100	51	1	62	99	93	12	43	12	88	22	97	30	70	7	15	89	84	43	56	19	50	24	61	13	19	82	39	17	62	96	54	22	11	81	80	70	1	11	11	16	62	-1	16	10	83	37	11	50	84	51	11	86	25	6	33	30	7	50	60	44	
31	10	95	68	55	59	18	76	47	35	40	49	56	95	18	37	28	43	86	65	16	3	72	11	89	63	32	14	79	60	66	65	22	76	90	13	34	91	18	28	67	74	63	22	10	50	71	79	90	44	88	72	10	39	26	40	80	19	91	86	22	50	81	74	50	45	74	47	52	97	40	8	94	79	41	36	31	55	34	8	30	16	-1	97	40	63	35	58	81	4	11	4	53	55	55	1	42	73	63	56	
53	38	81	83	12	90	41	48	44	63	90	59	15	24	38	29	56	53	56	12	40	25	84	5	96	33	57	35	54	5	94	38	10	63	86	90	68	76	92	97	48	29	19	37	76	21	31	77	29	55	87	1	95	94	92	69	71	18	89	41	18	13	71	86	6	39	96	22	72	89	17	28	44	12	99	41	26	6	80	50	2	10	97	-1	88	3	88	58	83	61	56	29	95	64	66	56	3	28	38	77	
9	33	59	54	51	64	43	79	57	92	78	75	56	53	28	16	76	37	34	44	5	30	18	98	76	35	7	20	10	26	69	87	18	53	11	4	85	53	4	45	22	13	27	63	5	59	1	13	21	11	42	36	61	36	79	9	75	90	68	44	61	21	15	80	43	36	41	67	34	91	43	55	79	52	98	96	39	92	95	56	55	83	40	88	-1	10	22	37	36	97	65	36	20	9	77	9	15	8	49	61	
29	55	58	51	10	31	75	8	64	24	58	52	24	78	99	29	94	76	32	70	15	64	37	79	67	34	66	17	54	94	60	64	9	100	98	4	59	44	4	78	65	35	77	15	55	54	80	5	50	58	65	28	39	67	18	78	57	4	88	54	76	83	77	12	64	94	44	86	5	96	78	76	71	16	38	22	70	54	66	72	34	37	63	3	10	-1	81	90	53	95	29	38	8	22	23	16	88	51	53	89	
77	37	49	72	80	83	51	93	36	24	16	90	77	78	90	93	20	55	84	29	10	92	38	14	81	40	81	95	87	26	72	6	23	14	23	91	99	39	34	64	25	82	85	92	37	24	62	92	25	45	9	41	79	55	48	64	77	78	2	97	20	52	39	100	60	62	21	21	79	54	42	99	1	11	80	64	46	93	22	3	38	11	35	88	22	81	-1	34	21	89	49	31	5	63	36	31	59	95	93	21	
16	10	39	5	51	38	79	96	87	80	29	70	47	83	66	68	8	5	37	29	21	3	100	85	20	13	54	41	97	87	39	45	11	80	40	19	10	100	49	60	89	31	95	42	44	14	84	36	2	20	67	95	58	35	99	49	76	51	80	10	82	52	32	86	14	82	39	58	73	83	26	26	85	34	63	34	3	79	20	13	53	50	58	58	37	90	34	-1	26	81	23	23	24	87	80	84	13	2	59	39	
28	3	100	71	58	60	43	92	9	89	36	26	17	7	55	51	9	64	72	19	27	25	26	38	84	42	81	34	5	77	34	23	66	57	24	49	9	36	80	51	98	62	99	86	67	88	82	31	56	87	99	11	51	65	32	87	76	95	86	56	96	33	92	100	50	79	86	8	13	68	94	32	69	22	57	8	55	6	25	15	100	84	81	83	36	53	21	26	-1	14	69	48	29	83	30	75	94	30	15	5	
16	59	58	29	7	27	69	7	6	89	73	55	38	97	88	38	63	65	61	99	57	93	90	76	83	38	92	9	3	58	34	45	49	6	69	64	40	62	37	96	78	89	13	67	4	15	46	27	31	27	98	24	73	81	81	41	59	56	48	86	81	60	64	23	86	64	52	32	71	25	8	9	56	32	38	16	59	59	100	68	35	51	4	61	97	95	89	81	14	-1	4	54	56	14	76	82	21	76	22	96	
42	48	89	65	33	25	21	68	40	3	14	19	1	34	70	94	33	76	71	48	71	66	43	5	81	23	8	94	38	95	52	69	73	71	47	50	45	71	40	89	19	40	65	20	100	78	66	3	75	96	51	1	95	88	99	27	16	74	27	14	64	67	33	14	63	83	99	9	22	28	48	62	91	1	13	93	24	5	2	59	39	11	11	56	65	29	49	23	69	4	-1	22	42	87	40	6	17	37	97	33	
70	82	26	4	3	64	12	25	70	70	55	72	5	12	45	38	39	22	10	27	40	45	91	14	81	77	94	21	58	42	9	20	18	36	1	9	81	73	81	39	69	3	15	64	34	68	70	8	4	70	78	95	81	22	96	31	45	79	44	28	63	10	4	7	75	71	44	66	19	22	67	65	84	44	7	93	85	54	53	27	79	86	4	29	36	38	31	23	48	54	22	-1	67	50	1	61	60	32	44	67	
23	51	23	47	17	69	68	81	41	15	39	48	79	2	80	52	35	21	60	1	70	78	89	10	84	14	43	88	56	65	17	2	66	96	50	60	48	14	74	96	30	5	1	73	58	6	74	62	75	61	90	14	4	28	66	4	49	95	27	63	18	48	95	7	64	51	13	20	21	70	33	12	39	29	37	36	3	40	70	90	19	25	53	95	20	8	5	24	29	56	42	67	-1	38	40	67	73	87	16	50	
32	18	50	29	73	11	38	44	40	74	72	5	7	10	28	17	34	26	50	65	13	43	10	92	86	14	92	26	14	1	50	7	97	83	20	94	71	92	19	50	62	60	57	26	5	99	95	90	73	39	96	33	19	44	3	53	42	92	67	25	29	45	48	91	7	68	59	85	24	11	83	90	31	28	46	94	94	43	60	57	85	6	55	64	9	22	63	87	83	14	87	50	38	-1	47	54	23	100	98	59	
40	52	33	96	11	49	26	49	64	54	60	54	12	69	85	24	19	53	17	47	39	32	62	34	90	77	36	41	70	91	77	68	23	49	99	21	92	90	40	38	8	73	6	16	2	19	25	19	58	20	73	12	6	30	79	65	87	37	89	38	13	73	34	26	47	87	67	96	79	56	18	41	86	29	69	85	51	10	10	33	55	33	55	66	77	23	36	80	30	76	40	1	40	47	-1	40	57	84	30	78	
86	49	16	42	86	62	67	40	55	52	41	55	9	26	5	57	69	7	62	97	62	37	80	38	84	19	97	52	84	73	23	98	50	86	2	45	48	57	30	20	24	92	40	52	55	90	68	58	22	74	63	32	64	54	31	3	39	27	15	32	67	17	65	83	5	69	35	15	67	18	36	47	96	31	2	22	70	54	9	50	73	30	1	56	9	16	31	84	75	82	6	61	67	54	40	-1	25	9	19	54	
96	9	59	24	18	58	12	10	22	99	91	48	75	71	37	25	19	53	63	13	57	63	26	64	58	77	9	36	50	47	92	63	38	90	100	75	72	23	88	27	86	16	24	71	26	24	30	55	14	91	46	53	28	30	86	27	98	82	60	44	41	40	27	21	15	62	40	90	88	20	100	9	57	70	26	86	75	5	54	11	50	7	42	3	15	88	59	13	94	21	17	60	73	23	57	25	-1	19	34	25	
27	65	6	78	16	18	1	97	64	81	74	98	51	64	77	72	9	61	23	9	96	88	85	1	25	51	53	1	94	19	66	21	40	55	62	53	85	54	96	51	32	49	95	22	40	32	72	76	86	10	60	74	73	75	79	9	71	71	57	88	15	32	15	99	4	29	9	11	66	41	49	42	25	6	95	15	55	20	69	88	90	50	73	28	8	51	95	2	30	76	37	32	87	100	84	9	19	-1	17	12	
63	88	75	43	49	73	12	65	69	91	27	39	98	39	78	41	29	50	75	30	46	65	38	23	83	56	46	15	57	18	45	60	37	61	59	3	45	85	13	86	94	94	62	73	66	11	100	36	61	76	56	22	28	47	83	3	69	14	76	31	28	28	98	67	54	76	80	52	9	100	89	87	98	47	25	21	69	21	20	92	3	60	63	38	49	53	93	59	15	22	97	44	16	98	30	19	34	17	-1	32	
82	26	3	34	71	15	83	81	21	18	29	63	91	32	73	24	33	62	91	69	7	99	8	88	50	43	59	66	5	59	32	29	80	87	27	52	88	21	12	94	7	17	9	64	49	41	28	23	37	82	36	65	92	1	16	82	1	72	24	32	80	33	4	83	72	59	14	72	87	29	13	25	25	89	36	11	69	98	22	40	76	44	56	77	61	89	21	39	5	96	33	67	50	59	78	54	25	12	32	-1	
