100
-1	80	8	29	35	29	45	34	16	55	40	72	23	89	1	13	57	97	36	63	25	91	38	99	1	26	70	31	32	98	61	9	18	59	61	18	23	37	64	97	35	28	7	80	26	90	88	13	39	71	25	85	30	100	98	78	91	71	14	5	81	98	48	90	58	74	92	70	7	29	57	22	92	19	77	18	14	2	39	33	16	52	87	7	35	10	23	10	57	10	9	25	47	72	89	14	26	88	24	31	
80	-1	15	42	37	76	49	27	38	15	32	12	18	63	32	33	99	97	60	48	31	11	47	54	43	59	87	44	69	9	36	26	49	24	95	56	22	86	40	77	43	9	16	81	70	64	99	34	27	39	49	79	45	26	15	75	96	56	44	12	58	66	33	35	83	57	50	90	79	18	67	21	99	93	82	9	50	60	100	30	6	97	29	42	5	1	47	67	77	82	48	45	99	43	5	20	39	54	2	73	
8	15	-1	81	67	2	94	82	39	37	71	27	44	57	54	25	87	81	54	60	81	1	16	89	50	13	58	49	31	4	8	88	55	25	72	54	25	59	29	25	72	6	15	43	2	24	97	6	5	73	3	69	43	39	62	64	25	9	100	75	86	21	52	99	81	12	28	61	20	12	13	91	26	69	66	24	60	93	72	64	31	93	48	72	29	89	38	95	17	90	2	89	28	86	96	34	66	10	24	83	
29	42	81	-1	76	47	90	36	91	22	52	38	36	94	86	75	26	17	61	18	81	89	3	37	56	64	94	47	13	93	39	51	99	57	17	70	53	46	98	81	33	85	12	95	52	26	100	80	100	68	51	2	6	6	2	6	16	93	85	86	26	43	6	70	49	3	70	29	71	34	95	37	6	62	23	21	59	56	33	42	46	95	38	64	43	47	43	79	27	92	90	85	17	39	44	1	62	89	88	69	
35	37	67	76	-1	23	34	29	80	41	76	5	51	9	57	62	57	73	34	10	89	98	57	17	95	60	60	29	37	71	23	26	90	76	11	83	12	59	76	9	47	90	72	81	2	49	69	91	82	3	1	33	3	74	48	13	22	7	86	4	76	73	37	15	73	1	45	38	29	36	22	66	1	80	14	87	29	65	72	7	32	10	4	14	53	75	36	74	88	8	10	12	52	1	58	64	12	39	27	50	
29	76	2	47	23	-1	32	39	41	58	70	29	54	96	36	4	46	27	87	17	70	31	84	69	40	33	82	14	91	68	89	72	6	85	37	100	40	14	46	50	5	26	6	32	60	56	39	46	6	58	88	59	77	72	98	56	50	14	91	67	79	90	25	99	97	45	100	82	25	75	6	23	54	76	26	33	55	54	31	71	9	29	2	58	91	67	2	36	24	68	60	19	4	34	42	93	87	68	83	60	
45	49	94	90	34	32	-1	42	80	60	73	64	68	73	28	16	55	15	56	79	28	25	49	65	81	49	77	59	63	64	36	87	1	68	97	35	72	64	94	67	50	33	79	14	54	52	58	75	26	76	79	40	66	17	48	71	24	69	8	50	100	71	3	100	99	5	25	70	94	82	60	36	49	64	59	25	73	98	81	44	80	73	81	92	43	31	23	32	48	72	91	35	63	13	20	71	39	7	84	89	
34	27	82	36	29	39	42	-1	69	6	50	96	12	65	56	13	93	3	6	63	33	46	6	30	20	46	90	62	41	82	23	84	31	15	35	44	78	65	14	93	15	27	36	21	52	32	18	2	3	91	89	83	76	43	95	95	81	39	45	91	66	93	1	39	73	96	81	50	11	20	55	89	76	69	42	69	84	2	53	52	51	47	3	50	41	61	86	91	97	81	36	4	63	19	15	10	13	40	36	10	
16	38	39	91	80	41	80	69	-1	39	23	15	48	25	52	4	17	1	58	5	58	72	50	34	90	70	7	85	94	69	68	27	5	77	16	59	78	33	88	30	28	74	34	98	49	18	53	11	96	70	29	82	53	63	72	20	52	8	65	62	16	48	96	27	85	96	46	91	94	76	79	73	96	31	97	40	5	74	15	97	24	96	18	60	5	75	18	79	71	10	64	23	5	83	86	98	22	43	59	1	
55	15	37	22	41	58	60	6	39	-1	44	36	13	27	58	34	29	45	68	66	38	47	71	26	45	11	86	85	15	81	69	2	78	67	80	10	53	82	46	55	75	80	86	38	83	99	45	84	25	81	90	25	55	30	94	81	2	75	72	24	23	73	52	20	62	30	30	20	77	69	38	39	96	16	45	25	80	80	75	85	29	81	26	76	89	60	69	57	66	89	6	53	63	22	81	41	77	11	47	65	
40	32	71	52	76	70	73	50	23	44	-1	63	69	38	76	100	60	53	34	84	12	86	16	26	79	6	62	28	71	60	89	88	23	38	84	13	78	72	48	33	44	23	55	10	36	1	57	14	2	74	24	44	18	67	66	47	41	56	56	53	41	15	54	28	47	18	56	52	4	57	99	49	92	57	19	82	12	69	11	71	93	43	12	31	2	61	27	68	61	77	50	39	68	73	67	31	27	99	65	49	
72	12	27	38	5	29	64	96	15	36	63	-1	44	56	23	58	87	51	16	36	80	40	42	18	49	70	41	81	84	2	34	78	73	5	95	58	31	87	53	48	33	41	65	70	62	76	26	35	58	7	56	91	11	27	93	47	22	93	40	90	100	36	63	40	3	43	67	11	90	33	43	43	27	67	65	42	34	10	20	36	99	66	79	91	27	34	17	62	93	93	69	83	70	100	31	98	13	69	100	88	
23	18	44	36	51	54	68	12	48	13	69	44	-1	89	43	10	93	79	79	100	54	88	38	61	25	3	72	78	12	91	17	41	44	76	50	3	11	94	18	26	41	62	93	47	48	52	61	66	49	16	7	96	88	97	92	72	15	98	5	73	91	23	84	62	52	52	83	15	22	89	66	47	68	77	32	27	40	87	58	98	11	2	20	33	22	19	60	21	93	9	80	39	91	87	94	55	90	66	82	32	
89	63	57	94	9	96	73	65	25	27	38	56	89	-1	93	17	72	31	91	16	34	6	74	18	56	67	23	65	94	20	32	95	78	85	27	58	50	40	73	31	32	33	75	28	1	39	59	63	19	89	99	34	22	48	25	85	61	72	38	33	68	85	49	46	5	80	62	70	7	38	88	19	30	20	66	51	37	79	53	56	40	42	26	23	22	6	62	8	2	90	91	98	92	83	69	10	54	25	21	66	
1	32	54	86	57	36	28	56	52	58	76	23	43	93	-1	7	10	20	64	44	43	35	76	54	49	33	74	27	49	19	35	24	88	11	23	58	4	59	20	12	27	16	41	57	21	4	69	14	31	45	92	14	38	67	78	51	9	21	11	52	11	67	58	61	29	98	19	99	35	97	23	81	16	10	73	98	3	60	62	59	59	68	48	99	82	21	64	66	38	69	45	11	68	72	13	1	53	43	62	11	
13	33	25	75	62	4	16	13	4	34	100	58	10	17	7	-1	82	73	95	87	79	64	92	80	16	12	67	12	50	56	93	48	27	5	40	5	40	83	2	19	35	81	82	44	42	24	69	67	82	31	28	90	31	86	65	96	79	28	99	75	13	69	65	61	28	72	45	13	12	73	89	41	69	18	18	66	66	51	73	27	79	96	75	49	13	78	7	59	17	57	78	93	84	64	90	58	86	13	83	34	
57	99	87	26	57	46	55	93	17	29	60	87	93	72	10	82	-1	6	70	30	33	65	20	70	42	89	28	56	39	60	35	90	29	57	74	16	95	66	21	83	42	18	24	74	79	41	40	90	52	66	71	96	3	60	2	52	85	100	17	84	35	18	96	90	67	18	97	7	56	29	63	64	1	100	61	7	47	4	1	66	86	90	99	45	43	65	56	46	11	6	48	100	66	84	36	96	65	40	36	76	
97	97	81	17	73	27	15	3	1	45	53	51	79	31	20	73	6	-1	80	90	24	68	92	1	16	24	80	95	97	15	26	73	38	12	1	65	19	98	40	77	72	100	41	35	58	91	63	29	6	99	89	71	2	8	65	50	92	12	72	43	67	69	30	93	68	85	8	20	6	54	92	38	74	95	16	18	42	22	7	42	51	40	61	33	100	94	13	70	49	41	44	52	32	60	27	90	98	64	53	93	
36	60	54	61	34	87	56	6	58	68	34	16	79	91	64	95	70	80	-1	45	24	26	71	97	47	39	54	81	7	75	34	75	39	90	47	66	3	28	38	47	62	36	93	22	52	81	30	95	34	40	92	41	86	71	84	45	63	74	75	78	25	84	11	47	57	61	55	97	79	5	22	7	39	3	19	15	41	27	30	92	61	29	99	9	15	27	40	87	67	72	48	49	87	22	73	26	32	41	9	28	
63	48	60	18	10	17	79	63	5	66	84	36	100	16	44	87	30	90	45	-1	31	82	49	40	24	27	86	99	92	39	37	79	94	99	67	45	19	26	60	17	67	7	17	86	75	77	41	37	57	20	34	80	65	57	100	91	13	38	25	37	31	55	48	10	30	84	59	53	70	40	56	58	83	33	36	62	32	9	99	62	69	40	62	79	54	71	18	63	87	85	40	41	52	88	94	1	83	66	9	54	
25	31	81	81	89	70	28	33	58	38	12	80	54	34	43	79	33	24	24	31	-1	76	8	63	95	24	31	94	60	34	13	14	15	54	62	64	31	39	100	64	20	8	76	44	31	13	50	89	94	15	18	29	75	41	12	73	6	40	96	26	73	89	91	15	36	86	70	57	24	55	24	29	90	21	66	57	43	8	93	37	95	68	100	68	89	1	94	40	34	100	82	70	8	74	41	89	59	47	64	92	
91	11	1	89	98	31	25	46	72	47	86	40	88	6	35	64	65	68	26	82	76	-1	16	37	22	26	94	86	33	70	22	60	4	7	36	40	87	18	83	28	75	1	47	25	23	6	13	91	4	45	18	75	63	66	53	59	16	54	83	80	39	20	24	56	72	51	11	37	13	10	85	54	38	91	74	45	44	23	20	49	87	14	100	84	45	46	50	84	92	11	33	93	37	46	15	54	25	80	42	85	
38	47	16	3	57	84	49	6	50	71	16	42	38	74	76	92	20	92	71	49	8	16	-1	92	49	3	48	9	95	10	14	21	81	34	52	36	57	62	40	36	41	40	16	75	78	85	67	95	65	41	73	59	99	80	91	65	82	26	76	46	96	71	26	18	51	6	37	97	86	15	94	49	3	30	50	93	65	38	24	36	64	61	1	6	67	38	43	88	30	17	36	15	96	42	99	51	74	68	38	23	
99	54	89	37	17	69	65	30	34	26	26	18	61	18	54	80	70	1	97	40	63	37	92	-1	8	71	6	52	55	8	20	77	36	88	38	38	8	44	54	70	1	87	13	37	52	84	26	10	87	30	59	55	1	93	25	2	84	67	92	32	26	38	89	29	14	60	60	95	69	69	84	54	76	63	89	43	85	48	76	3	90	75	88	87	57	68	64	22	1	33	12	95	23	97	54	51	80	5	62	24	
1	43	50	56	95	40	81	20	90	45	79	49	25	56	49	16	42	16	47	24	95	22	49	8	-1	54	28	75	3	89	31	7	56	69	76	80	100	13	73	77	23	37	89	89	46	36	100	42	67	59	40	41	84	70	67	27	93	84	57	43	61	32	77	51	78	55	44	68	7	55	21	38	91	50	65	63	36	56	85	78	29	53	32	79	72	79	58	25	90	18	5	100	76	48	91	57	98	31	73	31	
26	59	13	64	60	33	49	46	70	11	6	70	3	67	33	12	89	24	39	27	24	26	3	71	54	-1	6	5	75	63	7	40	19	17	26	54	42	92	81	98	84	60	94	59	11	71	59	21	31	95	67	42	21	73	27	30	97	29	43	78	81	92	70	94	79	81	85	45	14	45	39	61	52	9	68	19	93	33	59	68	39	38	56	9	6	32	27	56	27	53	35	43	21	49	6	72	57	50	53	70	
70	87	58	94	60	82	77	90	7	86	62	41	72	23	74	67	28	80	54	86	31	94	48	6	28	6	-1	73	7	78	20	68	84	12	59	61	24	7	72	78	43	33	34	50	80	12	53	52	61	5	32	66	74	85	44	74	20	74	57	88	35	87	88	13	6	83	2	70	6	3	89	43	84	27	92	53	82	20	7	6	8	43	28	84	19	4	15	97	47	91	29	22	34	82	87	74	100	73	97	100	
31	44	49	47	29	14	59	62	85	85	28	81	78	65	27	12	56	95	81	99	94	86	9	52	75	5	73	-1	60	35	14	70	7	34	48	8	51	37	13	36	14	43	7	40	25	10	4	71	59	89	63	63	22	59	17	55	53	10	47	63	46	43	83	12	50	54	94	2	45	71	69	31	36	70	38	89	74	5	33	83	12	84	26	32	37	2	45	100	16	93	49	64	77	22	5	96	55	58	77	51	
32	69	31	13	37	91	63	41	94	15	71	84	12	94	49	50	39	97	7	92	60	33	95	55	3	75	7	60	-1	78	52	83	93	24	88	77	52	35	39	98	33	99	68	47	8	62	51	52	34	43	60	91	2	43	17	100	62	29	87	1	68	5	27	73	37	63	37	7	7	61	57	4	69	6	97	9	67	96	29	90	29	85	45	12	37	21	64	23	27	75	18	96	87	38	63	24	52	37	88	65	
98	9	4	93	71	68	64	82	69	81	60	2	91	20	19	56	60	15	75	39	34	70	10	8	89	63	78	35	78	-1	64	14	15	31	80	54	66	17	78	57	13	82	27	58	25	17	94	100	15	75	86	99	60	11	15	96	13	35	76	99	19	83	27	80	29	62	1	64	41	39	72	44	35	96	90	78	11	61	88	87	10	28	15	36	68	29	9	89	53	7	56	59	8	44	58	21	31	58	44	22	
61	36	8	39	23	89	36	23	68	69	89	34	17	32	35	93	35	26	34	37	13	22	14	20	31	7	20	14	52	64	-1	20	94	9	1	11	41	53	60	17	28	99	69	8	61	98	22	57	44	95	4	43	87	52	35	72	28	19	83	72	18	70	14	44	63	41	60	45	29	1	51	61	24	68	20	23	26	100	25	18	84	56	45	62	25	33	37	95	36	97	61	93	83	78	54	85	81	53	65	92	
9	26	88	51	26	72	87	84	27	2	88	78	41	95	24	48	90	73	75	79	14	60	21	77	7	40	68	70	83	14	20	-1	83	89	64	97	11	29	23	85	88	28	9	76	98	73	64	43	45	82	47	100	60	9	67	54	36	84	60	86	9	20	76	97	32	25	8	47	77	13	82	15	15	71	42	27	90	21	97	75	16	27	8	13	83	98	61	31	30	13	46	97	98	83	37	24	11	89	63	40	
18	49	55	99	90	6	1	31	5	78	23	73	44	78	88	27	29	38	39	94	15	4	81	36	56	19	84	7	93	15	94	83	-1	67	9	81	17	46	24	89	35	23	100	29	59	10	4	95	28	10	68	51	92	97	36	94	64	25	72	40	53	33	78	5	71	17	39	20	50	66	31	76	36	17	42	90	26	74	98	86	78	72	87	61	52	4	1	15	76	85	18	58	88	14	95	75	74	50	82	15	
59	24	25	57	76	85	68	15	77	67	38	5	76	85	11	5	57	12	90	99	54	7	34	88	69	17	12	34	24	31	9	89	67	-1	60	67	12	36	1	86	72	97	87	97	37	56	63	90	84	99	53	31	1	89	89	71	74	81	16	45	24	79	19	50	83	62	9	43	68	62	3	96	45	82	5	38	59	9	87	12	82	53	17	28	74	60	94	63	94	82	83	58	62	27	43	27	8	9	50	1	
61	95	72	17	11	37	97	35	16	80	84	95	50	27	23	40	74	1	47	67	62	36	52	38	76	26	59	48	88	80	1	64	9	60	-1	74	48	22	71	41	90	69	70	82	85	25	69	98	95	89	52	71	36	57	96	89	82	47	63	80	53	58	74	28	52	55	19	86	20	70	64	5	51	47	33	69	24	86	57	79	45	100	38	85	61	40	67	99	51	57	1	98	31	40	50	32	3	79	18	73	
18	56	54	70	83	100	35	44	59	10	13	58	3	58	58	5	16	65	66	45	64	40	36	38	80	54	61	8	77	54	11	97	81	67	74	-1	68	67	46	8	43	67	46	92	94	55	25	97	72	68	92	22	75	80	95	61	7	48	63	77	63	40	33	10	55	68	89	42	18	96	14	46	25	73	33	72	67	77	81	56	94	95	58	33	18	49	21	38	85	10	42	92	87	43	23	77	50	84	69	53	
23	22	25	53	12	40	72	78	78	53	78	31	11	50	4	40	95	19	3	19	31	87	57	8	100	42	24	51	52	66	41	11	17	12	48	68	-1	25	83	92	52	72	60	91	4	76	75	24	21	12	6	61	46	63	55	80	86	36	81	9	95	34	70	17	13	82	44	29	6	77	54	23	77	10	50	28	65	55	72	75	15	43	77	61	2	12	9	61	93	58	58	70	19	72	11	31	23	21	52	54	
37	86	59	46	59	14	64	65	33	82	72	87	94	40	59	83	66	98	28	26	39	18	62	44	13	92	7	37	35	17	53	29	46	36	22	67	25	-1	46	62	6	44	73	14	77	55	37	37	27	82	58	17	72	93	52	38	92	48	76	66	85	77	34	1	62	40	6	61	31	31	32	31	70	82	52	4	66	93	54	55	1	11	67	16	7	34	92	10	24	76	74	92	98	55	67	85	89	9	26	36	
64	40	29	98	76	46	94	14	88	46	48	53	18	73	20	2	21	40	38	60	100	83	40	54	73	81	72	13	39	78	60	23	24	1	71	46	83	46	-1	91	57	65	6	84	86	23	20	60	1	60	39	30	61	49	35	17	99	31	94	57	10	60	80	85	32	43	20	90	61	40	4	26	72	92	2	86	32	17	82	57	84	5	19	82	14	76	54	59	49	88	92	83	69	97	26	81	15	76	70	3	
97	77	25	81	9	50	67	93	30	55	33	48	26	31	12	19	83	77	47	17	64	28	36	70	77	98	78	36	98	57	17	85	89	86	41	8	92	62	91	-1	77	66	32	53	83	5	4	85	51	99	26	39	82	91	89	61	79	48	32	41	79	27	71	94	30	81	74	51	17	53	95	70	92	51	8	8	43	40	26	93	31	60	36	43	78	94	79	10	87	90	15	27	62	57	58	21	28	100	84	40	
35	43	72	33	47	5	50	15	28	75	44	33	41	32	27	35	42	72	62	67	20	75	41	1	23	84	43	14	33	13	28	88	35	72	90	43	52	6	57	77	-1	90	38	91	31	3	68	64	47	79	46	49	26	21	52	48	25	29	100	48	6	31	93	26	97	78	97	55	65	88	71	96	77	60	44	82	68	94	55	84	10	24	14	21	100	57	55	78	61	30	79	88	33	90	74	41	86	46	47	57	
28	9	6	85	90	26	33	27	74	80	23	41	62	33	16	81	18	100	36	7	8	1	40	87	37	60	33	43	99	82	99	28	23	97	69	67	72	44	65	66	90	-1	94	25	37	71	53	98	26	29	100	40	75	68	92	49	85	87	38	66	14	58	47	22	74	22	7	1	44	48	84	26	84	92	16	13	7	11	71	74	17	86	74	42	89	28	74	3	37	57	97	33	96	1	30	16	74	44	84	59	
7	16	15	12	72	6	79	36	34	86	55	65	93	75	41	82	24	41	93	17	76	47	16	13	89	94	34	7	68	27	69	9	100	87	70	46	60	73	6	32	38	94	-1	75	55	29	88	62	20	39	13	11	41	90	41	95	47	51	23	47	64	92	9	100	77	73	34	33	5	47	97	14	41	19	85	35	83	86	37	80	1	42	15	83	66	87	54	18	62	55	64	36	52	34	61	46	53	94	67	54	
80	81	43	95	81	32	14	21	98	38	10	70	47	28	57	44	74	35	22	86	44	25	75	37	89	59	50	40	47	58	8	76	29	97	82	92	91	14	84	53	91	25	75	-1	48	86	24	6	1	42	87	21	34	66	28	83	95	43	31	11	4	30	41	54	57	82	4	29	57	40	28	89	31	64	59	78	92	55	66	6	45	83	100	24	29	71	11	61	58	92	28	45	25	35	76	81	14	95	72	32	
26	70	2	52	2	60	54	52	49	83	36	62	48	1	21	42	79	58	52	75	31	23	78	52	46	11	80	25	8	25	61	98	59	37	85	94	4	77	86	83	31	37	55	48	-1	53	69	88	27	13	82	20	89	47	82	31	19	91	7	13	96	69	55	86	45	82	77	99	3	80	73	1	57	55	99	20	44	33	2	57	31	9	26	91	64	4	82	66	88	92	86	9	50	36	91	58	51	87	24	28	
90	64	24	26	49	56	52	32	18	99	1	76	52	39	4	24	41	91	81	77	13	6	85	84	36	71	12	10	62	17	98	73	10	56	25	55	76	55	23	5	3	71	29	86	53	-1	56	68	38	36	85	31	99	59	61	74	75	94	54	90	70	99	74	6	88	28	6	64	91	93	29	100	7	71	32	62	96	22	77	75	4	74	14	58	32	89	72	98	72	64	23	92	95	97	55	75	56	44	43	92	
88	99	97	100	69	39	58	18	53	45	57	26	61	59	69	69	40	63	30	41	50	13	67	26	100	59	53	4	51	94	22	64	4	63	69	25	75	37	20	4	68	53	88	24	69	56	-1	68	60	1	71	47	44	59	93	20	45	61	96	68	15	99	84	81	35	92	79	33	7	46	19	48	28	36	86	26	19	13	90	95	99	67	51	47	2	45	34	1	54	36	79	49	30	12	25	25	13	69	72	86	
13	34	6	80	91	46	75	2	11	84	14	35	66	63	14	67	90	29	95	37	89	91	95	10	42	21	52	71	52	100	57	43	95	90	98	97	24	37	60	85	64	98	62	6	88	68	68	-1	2	76	71	51	61	3	59	90	32	8	72	21	86	18	50	90	48	12	35	75	93	55	52	85	3	33	61	15	94	43	12	74	1	43	52	58	51	79	98	96	32	66	84	97	56	42	66	17	87	66	14	50	
39	27	5	100	82	6	26	3	96	25	2	58	49	19	31	82	52	6	34	57	94	4	65	87	67	31	61	59	34	15	44	45	28	84	95	72	21	27	1	51	47	26	20	1	27	38	60	2	-1	33	100	63	30	56	59	72	36	11	15	89	98	1	21	26	63	15	41	55	43	79	69	72	81	2	56	74	20	34	18	85	1	67	82	4	62	50	57	34	16	16	49	70	10	70	98	93	59	25	63	34	
71	39	73	68	3	58	76	91	70	81	74	7	16	89	45	31	66	99	40	20	15	45	41	30	59	95	5	89	43	75	95	82	10	99	89	68	12	82	60	99	79	29	39	42	13	36	1	76	33	-1	52	40	44	15	64	71	35	34	11	78	29	66	78	46	6	51	43	88	12	27	11	20	35	7	82	83	5	17	13	44	16	51	27	51	96	20	41	4	19	90	22	83	70	68	63	79	6	64	22	48	
25	49	3	51	1	88	79	89	29	90	24	56	7	99	92	28	71	89	92	34	18	18	73	59	40	67	32	63	60	86	4	47	68	53	52	92	6	58	39	26	46	100	13	87	82	85	71	71	100	52	-1	82	91	21	91	27	64	37	57	18	95	60	93	28	39	64	66	40	65	9	64	40	98	36	84	53	39	41	98	41	83	2	46	78	71	9	90	72	93	57	47	89	89	3	15	28	80	38	66	40	
85	79	69	2	33	59	40	83	82	25	44	91	96	34	14	90	96	71	41	80	29	75	59	55	41	42	66	63	91	99	43	100	51	31	71	22	61	17	30	39	49	40	11	21	20	31	47	51	63	40	82	-1	57	4	40	63	66	63	57	75	91	36	26	3	65	41	75	77	5	81	65	47	90	72	54	87	60	84	47	67	71	51	18	33	4	97	43	75	82	89	24	71	99	7	43	9	80	9	35	45	
30	45	43	6	3	77	66	76	53	55	18	11	88	22	38	31	3	2	86	65	75	63	99	1	84	21	74	22	2	60	87	60	92	1	36	75	46	72	61	82	26	75	41	34	89	99	44	61	30	44	91	57	-1	67	75	91	86	3	31	46	55	37	81	12	62	61	53	88	38	10	62	10	29	50	27	6	25	10	84	54	38	18	39	29	21	95	32	33	91	28	42	38	13	42	6	27	87	76	17	20	
100	26	39	6	74	72	17	43	63	30	67	27	97	48	67	86	60	8	71	57	41	66	80	93	70	73	85	59	43	11	52	9	97	89	57	80	63	93	49	91	21	68	90	66	47	59	59	3	56	15	21	4	67	-1	83	47	9	33	35	27	8	38	65	29	33	19	62	49	79	6	21	95	99	10	22	42	92	15	98	37	13	100	48	62	67	31	8	19	19	95	4	79	82	26	64	97	87	25	54	91	
98	15	62	2	48	98	48	95	72	94	66	93	92	25	78	65	2	65	84	100	12	53	91	25	67	27	44	17	17	15	35	67	36	89	96	95	55	52	35	89	52	92	41	28	82	61	93	59	59	64	91	40	75	83	-1	61	85	77	1	26	3	98	71	27	68	17	77	53	94	45	45	14	81	66	62	76	5	69	91	87	82	37	90	54	81	73	78	8	63	30	83	63	48	3	60	77	2	30	17	17	
78	75	64	6	13	56	71	95	20	81	47	47	72	85	51	96	52	50	45	91	73	59	65	2	27	30	74	55	100	96	72	54	94	71	89	61	80	38	17	61	48	49	95	83	31	74	20	90	72	71	27	63	91	47	61	-1	29	4	35	24	65	20	13	68	94	28	32	80	63	16	12	42	87	79	28	62	7	32	44	31	4	49	34	59	88	70	15	98	86	15	23	79	55	78	2	15	83	40	16	37	
91	96	25	16	22	50	24	81	52	2	41	22	15	61	9	79	85	92	63	13	6	16	82	84	93	97	20	53	62	13	28	36	64	74	82	7	86	92	99	79	25	85	47	95	19	75	45	32	36	35	64	66	86	9	85	29	-1	29	38	36	26	66	93	8	49	26	45	48	90	24	41	32	9	43	47	58	60	69	61	49	52	1	93	30	44	19	57	77	22	15	90	28	24	66	62	30	82	72	47	95	
71	56	9	93	7	14	69	39	8	75	56	93	98	72	21	28	100	12	74	38	40	54	26	67	84	29	74	10	29	35	19	84	25	81	47	48	36	48	31	48	29	87	51	43	91	94	61	8	11	34	37	63	3	33	77	4	29	-1	100	47	14	9	51	90	24	30	67	34	23	36	99	21	64	98	20	39	28	93	83	98	69	61	86	60	94	94	65	100	57	17	93	5	96	7	92	58	66	51	90	99	
14	44	100	85	86	91	8	45	65	72	56	40	5	38	11	99	17	72	75	25	96	83	76	92	57	43	57	47	87	76	83	60	72	16	63	63	81	76	94	32	100	38	23	31	7	54	96	72	15	11	57	57	31	35	1	35	38	100	-1	4	22	32	43	63	100	7	71	27	62	91	61	13	68	33	12	93	44	13	43	72	10	36	24	43	45	65	51	87	5	34	75	8	94	10	100	83	2	41	98	97	
5	12	75	86	4	67	50	91	62	24	53	90	73	33	52	75	84	43	78	37	26	80	46	32	43	78	88	63	1	99	72	86	40	45	80	77	9	66	57	41	48	66	47	11	13	90	68	21	89	78	18	75	46	27	26	24	36	47	4	-1	63	67	29	44	83	20	37	28	8	4	36	71	70	98	14	76	26	50	12	46	8	76	24	31	88	55	3	51	30	93	28	99	24	55	33	25	40	77	84	22	
81	58	86	26	76	79	100	66	16	23	41	100	91	68	11	13	35	67	25	31	73	39	96	26	61	81	35	46	68	19	18	9	53	24	53	63	95	85	10	79	6	14	64	4	96	70	15	86	98	29	95	91	55	8	3	65	26	14	22	63	-1	98	96	96	6	93	87	47	7	36	83	62	12	76	26	2	30	25	65	33	79	14	9	31	95	85	83	46	65	2	34	84	100	6	34	6	77	71	15	16	
98	66	21	43	73	90	71	93	48	73	15	36	23	85	67	69	18	69	84	55	89	20	71	38	32	92	87	43	5	83	70	20	33	79	58	40	34	77	60	27	31	58	92	30	69	99	99	18	1	66	60	36	37	38	98	20	66	9	32	67	98	-1	10	42	52	92	67	58	32	59	24	35	33	82	56	13	95	92	8	42	99	12	19	33	57	30	9	8	86	27	29	32	94	9	55	60	1	35	37	32	
48	33	52	6	37	25	3	1	96	52	54	63	84	49	58	65	96	30	11	48	91	24	26	89	77	70	88	83	27	27	14	76	78	19	74	33	70	34	80	71	93	47	9	41	55	74	84	50	21	78	93	26	81	65	71	13	93	51	43	29	96	10	-1	48	92	62	71	67	45	49	19	4	62	87	67	38	18	51	28	48	38	29	28	36	94	49	1	39	1	73	58	89	30	94	43	60	36	50	29	30	
90	35	99	70	15	99	100	39	27	20	28	40	62	46	61	61	90	93	47	10	15	56	18	29	51	94	13	12	73	80	44	97	5	50	28	10	17	1	85	94	26	22	100	54	86	6	81	90	26	46	28	3	12	29	27	68	8	90	63	44	96	42	48	-1	95	66	92	52	43	11	16	90	92	38	53	47	79	32	7	91	48	5	100	4	88	57	48	33	94	84	72	94	36	62	26	35	43	67	52	59	
58	83	81	49	73	97	99	73	85	62	47	3	52	5	29	28	67	68	57	30	36	72	51	14	78	79	6	50	37	29	63	32	71	83	52	55	13	62	32	30	97	74	77	57	45	88	35	48	63	6	39	65	62	33	68	94	49	24	100	83	6	52	92	95	-1	31	52	65	61	4	67	99	32	85	19	31	76	73	78	55	79	100	25	94	65	46	37	61	44	39	94	56	55	42	17	23	84	11	46	98	
74	57	12	3	1	45	5	96	96	30	18	43	52	80	98	72	18	85	61	84	86	51	6	60	55	81	83	54	63	62	41	25	17	62	55	68	82	40	43	81	78	22	73	82	82	28	92	12	15	51	64	41	61	19	17	28	26	30	7	20	93	92	62	66	31	-1	80	23	6	26	82	78	53	6	35	88	87	84	89	46	95	77	41	83	25	52	39	75	4	33	8	52	63	61	21	95	22	55	58	72	
92	50	28	70	45	100	25	81	46	30	56	67	83	62	19	45	97	8	55	59	70	11	37	60	44	85	2	94	37	1	60	8	39	9	19	89	44	6	20	74	97	7	34	4	77	6	79	35	41	43	66	75	53	62	77	32	45	67	71	37	87	67	71	92	52	80	-1	31	26	76	99	58	18	36	94	68	13	61	1	43	23	69	41	62	87	14	68	50	51	3	40	62	18	100	46	3	21	1	69	31	
70	90	61	29	38	82	70	50	91	20	52	11	15	70	99	13	7	20	97	53	57	37	97	95	68	45	70	2	7	64	45	47	20	43	86	42	29	61	90	51	55	1	33	29	99	64	33	75	55	88	40	77	88	49	53	80	48	34	27	28	47	58	67	52	65	23	31	-1	92	35	55	51	5	27	58	2	56	65	59	40	9	40	63	46	40	39	67	48	20	35	78	81	82	22	25	9	62	91	46	9	
7	79	20	71	29	25	94	11	94	77	4	90	22	7	35	12	56	6	79	70	24	13	86	69	7	14	6	45	7	41	29	77	50	68	20	18	6	31	61	17	65	44	5	57	3	91	7	93	43	12	65	5	38	79	94	63	90	23	62	8	7	32	45	43	61	6	26	92	-1	78	47	67	15	81	48	61	12	71	99	72	86	64	71	66	81	50	56	76	72	98	86	51	68	69	54	79	21	31	5	8	
29	18	12	34	36	75	82	20	76	69	57	33	89	38	97	73	29	54	5	40	55	10	15	69	55	45	3	71	61	39	1	13	66	62	70	96	77	31	40	53	88	48	47	40	80	93	46	55	79	27	9	81	10	6	45	16	24	36	91	4	36	59	49	11	4	26	76	35	78	-1	42	73	71	22	22	16	22	87	34	5	36	53	9	58	94	41	53	89	38	22	32	95	22	79	47	31	74	13	46	61	
57	67	13	95	22	6	60	55	79	38	99	43	66	88	23	89	63	92	22	56	24	85	94	84	21	39	89	69	57	72	51	82	31	3	64	14	54	32	4	95	71	84	97	28	73	29	19	52	69	11	64	65	62	21	45	12	41	99	61	36	83	24	19	16	67	82	99	55	47	42	-1	35	99	20	33	69	26	76	25	94	95	48	10	16	34	98	53	61	89	56	92	1	94	91	34	64	93	55	85	88	
22	21	91	37	66	23	36	89	73	39	49	43	47	19	81	41	64	38	7	58	29	54	49	54	38	61	43	31	4	44	61	15	76	96	5	46	23	31	26	70	96	26	14	89	1	100	48	85	72	20	40	47	10	95	14	42	32	21	13	71	62	35	4	90	99	78	58	51	67	73	35	-1	90	88	98	29	6	77	11	3	43	42	72	28	85	47	34	87	6	4	51	48	46	33	33	61	99	82	87	88	
92	99	26	6	1	54	49	76	96	96	92	27	68	30	16	69	1	74	39	83	90	38	3	76	91	52	84	36	69	35	24	15	36	45	51	25	77	70	72	92	77	84	41	31	57	7	28	3	81	35	98	90	29	99	81	87	9	64	68	70	12	33	62	92	32	53	18	5	15	71	99	90	-1	30	7	77	77	31	12	8	51	86	97	25	10	30	48	5	8	98	35	93	93	54	71	78	79	27	1	11	
19	93	69	62	80	76	64	69	31	16	57	67	77	20	10	18	100	95	3	33	21	91	30	63	50	9	27	70	6	96	68	71	17	82	47	73	10	82	92	51	60	92	19	64	55	71	36	33	2	7	36	72	50	10	66	79	43	98	33	98	76	82	87	38	85	6	36	27	81	22	20	88	30	-1	1	6	92	42	18	34	27	57	57	80	45	70	20	74	98	29	26	99	44	20	70	82	58	99	85	81	
77	82	66	23	14	26	59	42	97	45	19	65	32	66	73	18	61	16	19	36	66	74	50	89	65	68	92	38	97	90	20	42	42	5	33	33	50	52	2	8	44	16	85	59	99	32	86	61	56	82	84	54	27	22	62	28	47	20	12	14	26	56	67	53	19	35	94	58	48	22	33	98	7	1	-1	7	69	33	84	91	62	15	38	5	71	69	56	20	3	12	4	39	80	77	11	22	69	27	85	48	
18	9	24	21	87	33	25	69	40	25	82	42	27	51	98	66	7	18	15	62	57	45	93	43	63	19	53	89	9	78	23	27	90	38	69	72	28	4	86	8	82	13	35	78	20	62	26	15	74	83	53	87	6	42	76	62	58	39	93	76	2	13	38	47	31	88	68	2	61	16	69	29	77	6	7	-1	61	37	24	78	32	20	84	49	43	11	14	11	50	57	44	38	26	6	20	69	29	66	27	79	
14	50	60	59	29	55	73	84	5	80	12	34	40	37	3	66	47	42	41	32	43	44	65	85	36	93	82	74	67	11	26	90	26	59	24	67	65	66	32	43	68	7	83	92	44	96	19	94	20	5	39	60	25	92	5	7	60	28	44	26	30	95	18	79	76	87	13	56	12	22	26	6	77	92	69	61	-1	81	14	12	13	99	21	49	35	56	86	21	30	4	18	18	24	38	29	85	81	44	24	32	
2	60	93	56	65	54	98	2	74	80	69	10	87	79	60	51	4	22	27	9	8	23	38	48	56	33	20	5	96	61	100	21	74	9	86	77	55	93	17	40	94	11	86	55	33	22	13	43	34	17	41	84	10	15	69	32	69	93	13	50	25	92	51	32	73	84	61	65	71	87	76	77	31	42	33	37	81	-1	93	75	18	27	98	78	10	34	40	67	43	98	97	98	55	10	13	49	13	76	66	59	
39	100	72	33	72	31	81	53	15	75	11	20	58	53	62	73	1	7	30	99	93	20	24	76	85	59	7	33	29	88	25	97	98	87	57	81	72	54	82	26	55	71	37	66	2	77	90	12	18	13	98	47	84	98	91	44	61	83	43	12	65	8	28	7	78	89	1	59	99	34	25	11	12	18	84	24	14	93	-1	75	28	93	37	95	4	34	38	16	29	44	2	42	85	16	93	74	65	30	13	64	
33	30	64	42	7	71	44	52	97	85	71	36	98	56	59	27	66	42	92	62	37	49	36	3	78	68	6	83	90	87	18	75	86	12	79	56	75	55	57	93	84	74	80	6	57	75	95	74	85	44	41	67	54	37	87	31	49	98	72	46	33	42	48	91	55	46	43	40	72	5	94	3	8	34	91	78	12	75	75	-1	65	80	13	14	41	47	96	2	98	79	5	87	14	39	72	100	56	9	97	32	
16	6	31	46	32	9	80	51	24	29	93	99	11	40	59	79	86	51	61	69	95	87	64	90	29	39	8	12	29	10	84	16	78	82	45	94	15	1	84	31	10	17	1	45	31	4	99	1	1	16	83	71	38	13	82	4	52	69	10	8	79	99	38	48	79	95	23	9	86	36	95	43	51	27	62	32	13	18	28	65	-1	56	87	7	5	5	70	84	20	84	13	11	24	84	73	26	50	78	32	41	
52	97	93	95	10	29	73	47	96	81	43	66	2	42	68	96	90	40	29	40	68	14	61	75	53	38	43	84	85	28	56	27	72	53	100	95	43	11	5	60	24	86	42	83	9	74	67	43	67	51	2	51	18	100	37	49	1	61	36	76	14	12	29	5	100	77	69	40	64	53	48	42	86	57	15	20	99	27	93	80	56	-1	53	75	8	19	53	3	10	95	22	96	30	18	46	24	81	7	54	76	
87	29	48	38	4	2	81	3	18	26	12	79	20	26	48	75	99	61	99	62	100	100	1	88	32	56	28	26	45	15	45	8	87	17	38	58	77	67	19	36	14	74	15	100	26	14	51	52	82	27	46	18	39	48	90	34	93	86	24	24	9	19	28	100	25	41	41	63	71	9	10	72	97	57	38	84	21	98	37	13	87	53	-1	88	58	16	41	86	1	1	31	41	80	19	72	25	5	57	94	70	
7	42	72	64	14	58	92	50	60	76	31	91	33	23	99	49	45	33	9	79	68	84	6	87	79	9	84	32	12	36	62	13	61	28	85	33	61	16	82	43	21	42	83	24	91	58	47	58	4	51	78	33	29	62	54	59	30	60	43	31	31	33	36	4	94	83	62	46	66	58	16	28	25	80	5	49	49	78	95	14	7	75	88	-1	7	10	12	50	34	59	57	30	59	96	2	78	64	84	61	10	
35	5	29	43	53	91	43	41	5	89	2	27	22	22	82	13	43	100	15	54	89	45	67	57	72	6	19	37	37	68	25	83	52	74	61	18	2	7	14	78	100	89	66	29	64	32	2	51	62	96	71	4	21	67	81	88	44	94	45	88	95	57	94	88	65	25	87	40	81	94	34	85	10	45	71	43	35	10	4	41	5	8	58	7	-1	55	4	87	4	3	81	92	51	19	49	7	8	94	56	55	
10	1	89	47	75	67	31	61	75	60	61	34	19	6	21	78	65	94	27	71	1	46	38	68	79	32	4	2	21	29	33	98	4	60	40	49	12	34	76	94	57	28	87	71	4	89	45	79	50	20	9	97	95	31	73	70	19	94	65	55	85	30	49	57	46	52	14	39	50	41	98	47	30	70	69	11	56	34	34	47	5	19	16	10	55	-1	59	43	31	80	96	38	96	43	16	49	95	81	94	92	
23	47	38	43	36	2	23	86	18	69	27	17	60	62	64	7	56	13	40	18	94	50	43	64	58	27	15	45	64	9	37	61	1	94	67	21	9	92	54	79	55	74	54	11	82	72	34	98	57	41	90	43	32	8	78	15	57	65	51	3	83	9	1	48	37	39	68	67	56	53	53	34	48	20	56	14	86	40	38	96	70	53	41	12	4	59	-1	84	29	21	15	87	88	20	26	77	24	55	87	99	
10	67	95	79	74	36	32	91	79	57	68	62	21	8	66	59	46	70	87	63	40	84	88	22	25	56	97	100	23	89	95	31	15	63	99	38	61	10	59	10	78	3	18	61	66	98	1	96	34	4	72	75	33	19	8	98	77	100	87	51	46	8	39	33	61	75	50	48	76	89	61	87	5	74	20	11	21	67	16	2	84	3	86	50	87	43	84	-1	21	95	62	44	99	17	65	57	72	79	1	69	
57	77	17	27	88	24	48	97	71	66	61	93	93	2	38	17	11	49	67	87	34	92	30	1	90	27	47	16	27	53	36	30	76	94	51	85	93	24	49	87	61	37	62	58	88	72	54	32	16	19	93	82	91	19	63	86	22	57	5	30	65	86	1	94	44	4	51	20	72	38	89	6	8	98	3	50	30	43	29	98	20	10	1	34	4	31	29	21	-1	65	12	49	91	10	74	53	90	55	16	10	
10	82	90	92	8	68	72	81	10	89	77	93	9	90	69	57	6	41	72	85	100	11	17	33	18	53	91	93	75	7	97	13	85	82	57	10	58	76	88	90	30	57	55	92	92	64	36	66	16	90	57	89	28	95	30	15	15	17	34	93	2	27	73	84	39	33	3	35	98	22	56	4	98	29	12	57	4	98	44	79	84	95	1	59	3	80	21	95	65	-1	44	37	12	52	52	94	13	24	70	71	
9	48	2	90	10	60	91	36	64	6	50	69	80	91	45	78	48	44	48	40	82	33	36	12	5	35	29	49	18	56	61	46	18	83	1	42	58	74	92	15	79	97	64	28	86	23	79	84	49	22	47	24	42	4	83	23	90	93	75	28	34	29	58	72	94	8	40	78	86	32	92	51	35	26	4	44	18	97	2	5	13	22	31	57	81	96	15	62	12	44	-1	94	79	2	38	27	43	35	43	60	
25	45	89	85	12	19	35	4	23	53	39	83	39	98	11	93	100	52	49	41	70	93	15	95	100	43	22	64	96	59	93	97	58	58	98	92	70	92	83	27	88	33	36	45	9	92	49	97	70	83	89	71	38	79	63	79	28	5	8	99	84	32	89	94	56	52	62	81	51	95	1	48	93	99	39	38	18	98	42	87	11	96	41	30	92	38	87	44	49	37	94	-1	68	37	12	19	14	99	33	53	
47	99	28	17	52	4	63	63	5	63	68	70	91	92	68	84	66	32	87	52	8	37	96	23	76	21	34	77	87	8	83	98	88	62	31	87	19	98	69	62	33	96	52	25	50	95	30	56	10	70	89	99	13	82	48	55	24	96	94	24	100	94	30	36	55	63	18	82	68	22	94	46	93	44	80	26	24	55	85	14	24	30	80	59	51	96	88	99	91	12	79	68	-1	93	62	25	68	8	56	85	
72	43	86	39	1	34	13	19	83	22	73	100	87	83	72	64	84	60	22	88	74	46	42	97	48	49	82	22	38	44	78	83	14	27	40	43	72	55	97	57	90	1	34	35	36	97	12	42	70	68	3	7	42	26	3	78	66	7	10	55	6	9	94	62	42	61	100	22	69	79	91	33	54	20	77	6	38	10	16	39	84	18	19	96	19	43	20	17	10	52	2	37	93	-1	54	86	60	8	98	74	
89	5	96	44	58	42	20	15	86	81	67	31	94	69	13	90	36	27	73	94	41	15	99	54	91	6	87	5	63	58	54	37	95	43	50	23	11	67	26	58	74	30	61	76	91	55	25	66	98	63	15	43	6	64	60	2	62	92	100	33	34	55	43	26	17	21	46	25	54	47	34	33	71	70	11	20	29	13	93	72	73	46	72	2	49	16	26	65	74	52	38	12	62	54	-1	98	48	71	99	33	
14	20	34	1	64	93	71	10	98	41	31	98	55	10	1	58	96	90	26	1	89	54	51	51	57	72	74	96	24	21	85	24	75	27	32	77	31	85	81	21	41	16	46	81	58	75	25	17	93	79	28	9	27	97	77	15	30	58	83	25	6	60	60	35	23	95	3	9	79	31	64	61	78	82	22	69	85	49	74	100	26	24	25	78	7	49	77	57	53	94	27	19	25	86	98	-1	95	86	15	12	
26	39	66	62	12	87	39	13	22	77	27	13	90	54	53	86	65	98	32	83	59	25	74	80	98	57	100	55	52	31	81	11	74	8	3	50	23	89	15	28	86	74	53	14	51	56	13	87	59	6	80	80	87	87	2	83	82	66	2	40	77	1	36	43	84	22	21	62	21	74	93	99	79	58	69	29	81	13	65	56	50	81	5	64	8	95	24	72	90	13	43	14	68	60	48	95	-1	38	25	35	
88	54	10	89	39	68	7	40	43	11	99	69	66	25	43	13	40	64	41	66	47	80	68	5	31	50	73	58	37	58	53	89	50	9	79	84	21	9	76	100	46	44	94	95	87	44	69	66	25	64	38	9	76	25	30	40	72	51	41	77	71	35	50	67	11	55	1	91	31	13	55	82	27	99	27	66	44	76	30	9	78	7	57	84	94	81	55	79	55	24	35	99	8	8	71	86	38	-1	78	7	
24	2	24	88	27	83	84	36	59	47	65	100	82	21	62	83	36	53	9	9	64	42	38	62	73	53	97	77	88	44	65	63	82	50	18	69	52	26	70	84	47	84	67	72	24	43	72	14	63	22	66	35	17	54	17	16	47	90	98	84	15	37	29	52	46	58	69	46	5	46	85	87	1	85	85	27	24	66	13	97	32	54	94	61	56	94	87	1	16	70	43	33	56	98	99	15	25	78	-1	48	
31	73	83	69	50	60	89	10	1	65	49	88	32	66	11	34	76	93	28	54	92	85	23	24	31	70	100	51	65	22	92	40	15	1	73	53	54	36	3	40	57	59	54	32	28	92	86	50	34	48	40	45	20	91	17	37	95	99	97	22	16	32	30	59	98	72	31	9	8	61	88	88	11	81	48	79	32	59	64	32	41	76	70	10	55	92	99	69	10	71	60	53	85	74	33	12	35	7	48	-1	
