100
-1	35	9	9	31	2	12	60	96	81	39	72	50	81	67	78	93	10	55	57	92	20	59	95	69	83	75	29	92	43	54	19	19	70	75	62	37	26	67	94	64	30	81	32	63	35	34	61	95	2	81	1	49	96	18	42	92	14	77	39	41	82	82	23	5	6	90	38	57	56	49	99	12	21	37	51	16	66	1	85	42	55	56	70	92	58	7	11	56	76	78	88	74	30	98	68	81	63	54	38	
35	-1	46	95	60	22	61	55	1	9	32	36	100	17	88	74	59	44	39	86	6	86	68	1	6	49	61	73	94	41	39	29	95	57	13	37	57	48	42	97	67	43	56	63	47	34	29	93	75	28	97	11	15	56	80	53	56	58	30	17	77	75	47	88	52	77	32	85	83	40	63	9	4	48	34	41	77	87	3	13	60	54	71	47	86	21	92	28	98	66	3	17	44	6	54	24	31	6	70	27	
9	46	-1	4	31	13	25	80	41	70	16	79	65	100	71	70	73	92	21	94	84	13	58	2	22	34	9	79	9	83	21	6	77	92	31	34	97	23	36	98	98	94	15	97	35	16	98	64	62	56	46	33	26	66	35	41	98	2	44	14	72	7	95	22	46	21	49	10	21	69	5	4	50	36	82	59	34	25	89	8	57	15	12	81	98	48	55	59	53	16	92	41	89	36	58	63	24	77	18	88	
9	95	4	-1	60	8	94	40	22	15	41	81	10	17	14	68	80	22	28	70	29	69	10	36	39	11	100	68	22	32	26	44	15	72	84	12	77	70	58	55	61	52	68	62	14	55	64	13	50	20	86	54	19	87	93	87	33	19	36	54	47	67	76	23	17	51	12	78	77	38	57	1	4	22	19	60	6	84	3	83	5	81	59	72	43	70	58	1	67	96	49	16	77	88	54	22	44	17	86	97	
31	60	31	60	-1	71	97	15	98	79	33	66	13	24	23	59	53	42	10	69	15	81	25	99	98	32	67	65	54	35	23	38	70	72	66	35	10	80	49	20	37	73	17	65	18	73	40	56	5	48	98	53	28	27	80	34	38	9	43	65	24	82	44	66	31	2	27	37	1	95	73	28	79	94	7	85	22	72	79	22	85	35	5	32	11	74	99	21	85	70	5	45	98	22	99	52	4	57	19	54	
2	22	13	8	71	-1	14	85	94	91	88	12	26	12	59	75	29	13	14	73	48	41	80	61	30	10	35	9	87	14	71	98	53	99	95	18	94	29	77	58	46	29	32	48	58	15	15	78	57	53	44	52	42	31	74	66	66	55	91	81	91	98	56	59	78	14	74	57	61	53	69	93	75	62	79	85	52	11	31	22	76	31	71	24	95	4	51	73	7	39	90	28	13	6	53	64	24	3	22	1	
12	61	25	94	97	14	-1	27	4	27	15	41	39	37	60	15	98	35	83	8	1	86	30	76	7	89	43	67	14	76	19	71	63	18	46	53	69	15	3	92	37	3	51	79	42	13	40	19	26	71	48	55	16	23	33	16	72	49	76	72	28	25	77	87	40	87	77	8	16	5	6	16	24	5	74	37	88	56	75	93	25	75	42	65	29	80	91	75	46	50	11	57	29	52	51	37	24	56	36	6	
60	55	80	40	15	85	27	-1	12	44	79	92	21	93	27	7	58	82	41	32	41	62	64	60	26	98	45	41	59	30	28	7	97	7	48	95	57	100	11	78	57	19	46	3	64	15	27	94	30	75	43	88	5	41	91	78	89	48	69	95	90	12	53	12	12	12	97	31	22	56	95	64	51	23	54	30	41	2	2	12	18	91	73	46	57	4	70	67	100	76	23	80	99	3	11	79	86	56	85	40	
96	1	41	22	98	94	4	12	-1	55	40	92	20	62	20	43	12	52	7	15	56	65	21	10	48	61	31	22	17	77	60	91	37	95	36	9	53	27	99	25	15	8	92	77	75	18	74	42	53	49	6	74	31	14	94	63	1	57	18	11	66	31	85	80	65	36	91	53	100	48	4	85	7	13	3	31	40	84	52	39	17	64	55	61	19	75	10	95	70	69	16	40	29	10	4	90	24	31	39	63	
81	9	70	15	79	91	27	44	55	-1	55	87	41	56	64	86	87	13	35	54	28	45	29	14	33	61	47	23	1	95	85	37	67	85	67	90	38	10	38	36	34	64	70	21	8	22	94	91	38	20	93	26	40	61	76	61	42	5	92	30	7	7	69	85	93	32	83	51	50	88	24	56	86	20	74	55	46	25	70	76	9	24	25	22	1	79	6	86	64	94	1	36	67	34	39	17	39	38	61	69	
39	32	16	41	33	88	15	79	40	55	-1	66	95	61	13	24	6	6	95	99	59	23	37	72	36	83	40	91	49	64	18	72	39	70	13	27	68	41	53	68	38	29	52	20	24	57	9	60	67	82	11	79	16	46	18	82	9	72	66	94	78	85	35	90	90	39	97	65	26	49	30	66	70	92	40	46	62	49	98	66	58	3	74	65	5	93	80	53	70	99	62	29	96	37	31	97	72	29	25	66	
72	36	79	81	66	12	41	92	92	87	66	-1	84	67	30	35	46	33	41	17	18	96	46	61	72	72	19	79	65	14	97	79	87	24	15	89	92	81	13	59	48	35	31	50	37	57	90	32	23	17	27	40	91	26	72	19	80	77	80	75	21	57	63	45	34	12	12	98	77	72	8	90	58	34	48	72	78	45	91	69	29	14	71	29	74	60	40	2	91	82	24	10	25	56	84	87	93	10	11	88	
50	100	65	10	13	26	39	21	20	41	95	84	-1	88	94	54	63	16	40	12	61	51	51	31	74	99	47	39	62	47	8	97	23	53	28	83	12	52	81	50	29	52	42	95	23	84	92	10	2	7	23	20	46	91	21	60	31	42	73	37	92	81	17	77	50	25	2	57	12	99	28	99	78	44	76	16	39	82	72	12	83	62	91	34	57	94	1	5	75	9	38	31	7	72	88	91	2	4	69	74	
81	17	100	17	24	12	37	93	62	56	61	67	88	-1	12	57	19	53	99	69	93	94	43	57	37	80	1	11	30	88	98	45	95	46	63	57	24	55	63	42	23	67	21	61	40	30	82	39	8	47	40	74	52	9	76	42	16	86	10	98	38	41	75	52	33	74	35	17	66	43	88	32	13	17	97	77	67	21	95	80	38	1	5	43	22	46	18	25	67	46	44	40	95	20	62	14	45	71	23	62	
67	88	71	14	23	59	60	27	20	64	13	30	94	12	-1	37	25	77	13	15	66	79	71	50	75	95	45	54	15	14	70	86	51	17	85	41	28	92	61	19	55	5	88	18	92	7	4	91	100	99	39	43	88	31	68	2	49	61	18	91	73	75	85	100	37	57	27	54	49	98	56	80	37	86	21	69	13	22	30	28	96	22	62	11	76	41	39	10	37	79	6	45	39	51	64	4	84	25	10	47	
78	74	70	68	59	75	15	7	43	86	24	35	54	57	37	-1	75	89	30	53	22	22	50	76	22	58	100	90	40	54	55	91	2	12	89	6	28	99	10	44	29	23	20	47	37	82	55	91	51	83	30	63	2	32	71	82	27	53	83	31	30	3	14	17	23	37	70	39	79	10	21	73	7	59	8	88	6	20	1	51	10	46	73	9	65	78	3	16	17	36	19	18	57	48	26	51	41	96	1	96	
93	59	73	80	53	29	98	58	12	87	6	46	63	19	25	75	-1	12	40	88	15	17	47	57	67	33	71	17	85	62	35	87	71	67	18	22	12	58	22	60	96	14	6	4	53	78	53	83	45	49	17	78	15	56	27	71	1	92	35	27	83	37	58	39	5	28	49	29	93	39	13	93	19	23	61	15	37	36	92	83	67	41	72	92	75	98	58	25	85	25	15	74	29	41	74	1	48	100	39	80	
10	44	92	22	42	13	35	82	52	13	6	33	16	53	77	89	12	-1	43	61	59	82	89	41	37	20	21	65	53	82	53	75	75	46	29	72	57	36	23	71	84	34	29	72	69	58	11	35	92	58	11	74	37	32	86	92	90	2	77	100	23	63	3	1	96	19	73	19	88	63	67	2	55	32	93	1	5	98	54	86	11	36	4	12	71	55	65	64	15	34	75	89	83	19	34	38	12	75	93	61	
55	39	21	28	10	14	83	41	7	35	95	41	40	99	13	30	40	43	-1	7	39	14	22	70	92	20	52	39	16	14	31	10	73	26	21	77	70	94	42	78	16	81	63	29	86	37	66	99	44	43	40	18	68	71	98	81	86	39	65	79	49	70	55	99	26	10	35	19	1	85	80	45	67	54	4	45	67	80	69	4	3	35	43	81	97	91	36	42	16	5	27	17	77	83	7	95	39	79	64	16	
57	86	94	70	69	73	8	32	15	54	99	17	12	69	15	53	88	61	7	-1	18	67	28	21	67	47	75	35	79	79	23	13	63	7	41	43	46	69	36	71	41	6	76	32	15	87	30	50	11	89	38	9	27	71	4	14	22	43	20	22	77	63	12	80	81	29	88	1	44	81	28	97	75	18	68	93	23	68	71	19	3	57	68	90	8	81	90	99	89	18	99	47	22	99	44	26	84	96	51	43	
92	6	84	29	15	48	1	41	56	28	59	18	61	93	66	22	15	59	39	18	-1	59	47	13	48	90	18	33	53	34	17	8	28	62	25	46	71	86	53	69	26	55	12	56	10	85	40	31	15	46	69	82	73	66	64	23	56	52	41	24	50	88	7	84	71	97	100	16	84	21	28	53	9	26	90	84	91	43	44	50	6	3	31	49	82	82	43	86	89	10	84	73	8	64	21	74	81	35	47	2	
20	86	13	69	81	41	86	62	65	45	23	96	51	94	79	22	17	82	14	67	59	-1	12	84	86	21	69	2	15	21	26	80	17	7	37	49	98	32	84	30	5	67	50	79	73	64	77	19	19	20	58	1	96	8	97	19	85	55	62	72	75	92	38	87	79	79	6	97	78	95	41	75	80	24	16	24	62	94	87	80	10	29	74	70	2	94	93	43	99	30	79	52	23	2	69	96	20	3	22	25	
59	68	58	10	25	80	30	64	21	29	37	46	51	43	71	50	47	89	22	28	47	12	-1	76	54	6	89	46	87	63	40	31	41	23	84	40	5	36	15	17	28	13	16	11	22	86	77	2	5	81	48	50	53	93	61	23	37	83	15	95	46	39	41	58	3	57	6	44	56	21	92	22	99	20	70	46	7	13	76	88	39	55	23	21	99	99	61	80	57	95	41	21	95	28	35	81	90	81	63	23	
95	1	2	36	99	61	76	60	10	14	72	61	31	57	50	76	57	41	70	21	13	84	76	-1	50	78	20	88	41	100	44	78	93	29	100	50	54	58	72	59	44	87	4	33	4	20	61	74	88	49	87	32	96	7	15	67	24	89	72	20	7	55	86	25	53	6	94	83	88	48	60	74	23	43	58	68	23	56	40	41	51	28	17	5	96	30	25	3	12	6	47	12	30	10	49	15	25	52	89	79	
69	6	22	39	98	30	7	26	48	33	36	72	74	37	75	22	67	37	92	67	48	86	54	50	-1	88	63	55	86	6	89	52	29	7	84	21	91	71	55	36	90	81	72	66	7	15	55	66	26	60	41	29	55	82	46	78	59	53	64	32	57	24	82	70	86	94	76	86	3	68	63	49	70	25	99	85	32	34	94	44	14	95	44	61	97	93	1	41	70	1	67	39	29	77	17	19	41	42	56	23	
83	49	34	11	32	10	89	98	61	61	83	72	99	80	95	58	33	20	20	47	90	21	6	78	88	-1	33	62	15	47	58	19	4	67	9	99	52	82	22	49	3	21	69	60	38	49	20	27	4	37	57	97	60	64	58	54	63	29	18	5	49	83	25	99	62	39	14	7	97	76	96	20	53	27	48	85	6	99	82	11	95	22	38	80	9	96	59	53	62	76	4	81	3	96	75	21	7	6	100	91	
75	61	9	100	67	35	43	45	31	47	40	19	47	1	45	100	71	21	52	75	18	69	89	20	63	33	-1	29	77	39	51	83	69	17	2	100	78	54	81	15	65	14	22	38	60	62	41	69	7	17	6	54	19	69	85	85	8	34	10	56	26	16	70	69	79	76	77	79	95	62	13	22	47	76	19	49	95	14	5	20	6	61	64	46	8	33	11	33	60	24	59	17	22	90	21	7	94	34	41	6	
29	73	79	68	65	9	67	41	22	23	91	79	39	11	54	90	17	65	39	35	33	2	46	88	55	62	29	-1	85	30	35	62	19	53	63	90	94	24	77	35	35	15	35	27	42	85	67	43	86	27	32	25	22	13	28	13	61	9	57	82	73	73	24	35	10	59	83	39	77	27	41	58	91	39	100	17	58	41	69	55	52	42	88	97	41	38	35	86	2	36	23	75	74	3	66	95	20	81	33	79	
92	94	9	22	54	87	14	59	17	1	49	65	62	30	15	40	85	53	16	79	53	15	87	41	86	15	77	85	-1	51	87	29	48	49	5	1	35	83	40	82	65	59	81	51	46	48	75	62	84	74	88	66	61	97	92	38	13	56	19	74	97	85	64	57	22	55	94	87	74	70	54	20	56	22	32	45	31	6	98	49	13	47	23	82	80	70	41	61	80	34	18	95	82	34	11	21	48	65	1	67	
43	41	83	32	35	14	76	30	77	95	64	14	47	88	14	54	62	82	14	79	34	21	63	100	6	47	39	30	51	-1	94	26	15	81	29	91	96	26	75	68	43	52	34	29	72	63	11	80	81	5	9	80	37	50	26	47	11	34	78	8	30	15	27	20	16	7	40	62	20	14	37	10	37	7	94	36	80	1	72	72	100	24	64	19	8	29	25	27	72	22	88	20	66	41	73	40	12	64	97	32	
54	39	21	26	23	71	19	28	60	85	18	97	8	98	70	55	35	53	31	23	17	26	40	44	89	58	51	35	87	94	-1	61	97	82	31	4	35	95	90	69	52	13	17	19	88	65	26	12	83	10	39	35	30	37	44	36	52	67	1	83	58	96	45	86	27	10	24	96	34	23	90	74	76	91	72	49	15	15	42	72	31	50	34	31	19	74	65	80	87	51	39	9	51	80	48	43	24	93	68	30	
19	29	6	44	38	98	71	7	91	37	72	79	97	45	86	91	87	75	10	13	8	80	31	78	52	19	83	62	29	26	61	-1	89	87	6	72	26	61	20	34	36	72	22	92	91	86	89	57	95	32	38	83	84	35	20	63	50	22	98	56	73	34	4	45	69	11	83	89	24	89	38	43	2	14	24	84	14	56	40	31	16	28	32	39	82	32	25	45	78	7	22	62	52	79	27	45	52	11	72	24	
19	95	77	15	70	53	63	97	37	67	39	87	23	95	51	2	71	75	73	63	28	17	41	93	29	4	69	19	48	15	97	89	-1	23	69	22	39	79	70	48	41	16	4	42	7	88	73	19	59	49	90	69	81	41	8	25	40	47	38	90	95	4	51	33	57	76	70	27	50	46	92	36	34	77	48	80	64	1	90	42	24	53	96	82	65	62	20	50	86	4	96	5	54	72	50	36	81	1	64	66	
70	57	92	72	72	99	18	7	95	85	70	24	53	46	17	12	67	46	26	7	62	7	23	29	7	67	17	53	49	81	82	87	23	-1	28	99	83	33	76	77	2	25	75	90	26	25	100	30	39	24	12	77	90	18	1	37	5	7	10	16	81	51	31	16	91	74	90	82	1	61	62	96	56	74	7	42	46	61	62	12	12	76	3	6	17	52	36	56	52	52	11	47	72	94	87	68	26	80	47	91	
75	13	31	84	66	95	46	48	36	67	13	15	28	63	85	89	18	29	21	41	25	37	84	100	84	9	2	63	5	29	31	6	69	28	-1	52	52	96	46	32	47	92	95	70	86	62	99	9	10	44	49	54	86	15	75	31	58	70	59	99	54	10	40	19	35	36	2	69	74	58	71	22	23	87	96	2	7	1	88	62	89	42	27	73	57	79	69	36	98	58	95	62	26	34	78	52	80	91	40	100	
62	37	34	12	35	18	53	95	9	90	27	89	83	57	41	6	22	72	77	43	46	49	40	50	21	99	100	90	1	91	4	72	22	99	52	-1	69	13	80	92	70	79	49	1	77	18	41	73	1	22	70	2	83	11	45	32	3	76	11	12	84	10	65	78	14	6	11	48	92	96	47	40	13	80	66	81	83	70	55	80	24	14	27	52	84	3	49	19	59	83	15	87	33	31	9	53	94	73	72	35	
37	57	97	77	10	94	69	57	53	38	68	92	12	24	28	28	12	57	70	46	71	98	5	54	91	52	78	94	35	96	35	26	39	83	52	69	-1	97	27	81	72	4	34	47	36	90	55	59	25	92	69	31	89	88	63	84	4	78	71	95	13	27	67	22	36	32	39	64	3	85	99	87	22	82	46	73	19	38	83	11	50	29	35	92	31	97	76	90	93	65	24	24	99	58	69	80	25	67	20	5	
26	48	23	70	80	29	15	100	27	10	41	81	52	55	92	99	58	36	94	69	86	32	36	58	71	82	54	24	83	26	95	61	79	33	96	13	97	-1	81	95	87	71	71	44	79	70	2	38	10	5	35	88	25	75	83	54	37	39	96	44	55	20	76	58	98	59	50	28	20	1	17	40	7	39	94	45	61	51	72	74	34	31	2	72	6	57	5	45	19	67	62	98	71	20	30	65	25	67	48	30	
67	42	36	58	49	77	3	11	99	38	53	13	81	63	61	10	22	23	42	36	53	84	15	72	55	22	81	77	40	75	90	20	70	76	46	80	27	81	-1	44	2	11	75	24	58	9	98	81	76	79	44	37	83	2	14	14	65	72	58	40	47	7	4	40	9	63	30	2	44	23	54	86	78	86	61	77	63	98	7	86	90	81	77	7	80	90	70	10	6	18	27	99	9	51	57	95	21	1	71	57	
94	97	98	55	20	58	92	78	25	36	68	59	50	42	19	44	60	71	78	71	69	30	17	59	36	49	15	35	82	68	69	34	48	77	32	92	81	95	44	-1	95	51	95	41	11	84	65	86	92	86	31	57	15	31	84	42	46	27	83	13	74	25	57	1	22	50	82	59	6	49	17	63	90	75	82	58	35	63	100	48	76	97	86	96	93	65	47	92	32	77	22	43	8	98	27	36	87	31	22	20	
64	67	98	61	37	46	37	57	15	34	38	48	29	23	55	29	96	84	16	41	26	5	28	44	90	3	65	35	65	43	52	36	41	2	47	70	72	87	2	95	-1	94	42	3	7	34	45	59	55	29	4	46	6	15	91	50	41	46	39	86	80	28	40	82	44	32	61	90	31	34	23	18	59	67	95	5	49	96	43	33	7	93	43	62	44	73	68	84	19	48	96	34	75	17	83	80	57	50	90	9	
30	43	94	52	73	29	3	19	8	64	29	35	52	67	5	23	14	34	81	6	55	67	13	87	81	21	14	15	59	52	13	72	16	25	92	79	4	71	11	51	94	-1	98	29	26	94	51	19	75	77	34	78	26	33	51	71	31	44	30	14	91	83	55	18	33	59	87	51	80	24	49	14	16	50	58	34	8	1	68	32	7	37	77	78	50	46	86	59	78	66	5	34	1	88	32	92	31	8	47	78	
81	56	15	68	17	32	51	46	92	70	52	31	42	21	88	20	6	29	63	76	12	50	16	4	72	69	22	35	81	34	17	22	4	75	95	49	34	71	75	95	42	98	-1	5	77	85	96	57	57	74	11	9	83	43	33	32	21	46	98	74	81	4	1	6	37	92	93	38	74	30	21	59	29	88	51	39	95	88	48	79	43	90	54	36	5	3	30	79	98	14	68	63	73	29	89	64	48	56	87	10	
32	63	97	62	65	48	79	3	77	21	20	50	95	61	18	47	4	72	29	32	56	79	11	33	66	60	38	27	51	29	19	92	42	90	70	1	47	44	24	41	3	29	5	-1	99	58	43	40	52	24	12	61	27	42	2	75	36	62	25	34	91	36	83	31	83	36	19	86	15	78	99	84	89	39	9	33	83	18	73	49	6	50	78	25	9	31	42	85	95	91	47	19	21	26	32	54	62	44	47	41	
63	47	35	14	18	58	42	64	75	8	24	37	23	40	92	37	53	69	86	15	10	73	22	4	7	38	60	42	46	72	88	91	7	26	86	77	36	79	58	11	7	26	77	99	-1	87	94	88	86	28	67	49	54	36	77	75	45	34	2	94	85	68	28	1	72	61	53	12	43	65	18	1	6	28	46	48	4	64	18	30	73	42	4	64	63	23	24	66	13	50	97	38	99	89	72	25	86	45	38	12	
35	34	16	55	73	15	13	15	18	22	57	57	84	30	7	82	78	58	37	87	85	64	86	20	15	49	62	85	48	63	65	86	88	25	62	18	90	70	9	84	34	94	85	58	87	-1	26	86	19	30	93	83	99	14	85	42	16	46	6	79	96	47	78	34	81	8	85	74	94	19	93	48	59	11	61	100	80	67	91	70	30	7	76	35	2	41	95	74	18	9	98	94	1	16	28	53	95	46	17	35	
34	29	98	64	40	15	40	27	74	94	9	90	92	82	4	55	53	11	66	30	40	77	77	61	55	20	41	67	75	11	26	89	73	100	99	41	55	2	98	65	45	51	96	43	94	26	-1	65	82	32	43	50	40	86	18	58	33	68	26	46	1	2	68	32	85	49	8	16	69	10	84	19	61	40	48	78	44	49	37	95	66	83	33	68	2	69	34	28	98	19	53	59	98	73	36	12	38	68	43	24	
61	93	64	13	56	78	19	94	42	91	60	32	10	39	91	91	83	35	99	50	31	19	2	74	66	27	69	43	62	80	12	57	19	30	9	73	59	38	81	86	59	19	57	40	88	86	65	-1	32	65	20	96	69	16	50	35	43	8	23	11	46	52	64	25	79	5	88	95	78	45	43	53	99	75	38	10	24	72	40	28	13	30	15	90	55	86	11	65	37	75	10	85	96	41	41	70	26	8	61	2	
95	75	62	50	5	57	26	30	53	38	67	23	2	8	100	51	45	92	44	11	15	19	5	88	26	4	7	86	84	81	83	95	59	39	10	1	25	10	76	92	55	75	57	52	86	19	82	32	-1	29	81	14	77	57	50	44	2	63	52	15	99	47	64	84	37	9	59	8	96	35	83	89	70	51	31	27	38	87	12	45	10	32	69	99	38	2	55	99	81	80	6	43	42	16	12	24	83	10	75	9	
2	28	56	20	48	53	71	75	49	20	82	17	7	47	99	83	49	58	43	89	46	20	81	49	60	37	17	27	74	5	10	32	49	24	44	22	92	5	79	86	29	77	74	24	28	30	32	65	29	-1	49	26	17	93	29	19	66	39	65	17	38	67	53	5	51	65	40	52	73	54	46	25	96	20	88	19	70	99	54	42	46	5	11	85	20	93	66	100	30	56	80	90	94	64	13	62	41	30	16	1	
81	97	46	86	98	44	48	43	6	93	11	27	23	40	39	30	17	11	40	38	69	58	48	87	41	57	6	32	88	9	39	38	90	12	49	70	69	35	44	31	4	34	11	12	67	93	43	20	81	49	-1	3	37	13	19	23	3	61	36	90	48	21	21	52	45	58	63	83	70	69	30	74	11	69	93	72	15	18	49	53	6	88	31	28	50	39	47	59	4	18	63	8	56	65	91	76	68	99	2	17	
1	11	33	54	53	52	55	88	74	26	79	40	20	74	43	63	78	74	18	9	82	1	50	32	29	97	54	25	66	80	35	83	69	77	54	2	31	88	37	57	46	78	9	61	49	83	50	96	14	26	3	-1	12	3	77	24	27	23	98	87	69	34	84	39	94	15	69	57	63	91	24	44	26	5	44	47	42	44	68	7	71	1	21	91	78	39	73	34	21	83	89	4	22	47	73	57	86	10	27	83	
49	15	26	19	28	42	16	5	31	40	16	91	46	52	88	2	15	37	68	27	73	96	53	96	55	60	19	22	61	37	30	84	81	90	86	83	89	25	83	15	6	26	83	27	54	99	40	69	77	17	37	12	-1	92	53	33	90	30	1	75	16	3	32	60	69	41	28	20	21	5	2	18	1	33	27	38	44	69	17	98	97	97	19	65	47	94	82	24	40	99	11	96	47	74	77	47	22	55	37	51	
96	56	66	87	27	31	23	41	14	61	46	26	91	9	31	32	56	32	71	71	66	8	93	7	82	64	69	13	97	50	37	35	41	18	15	11	88	75	2	31	15	33	43	42	36	14	86	16	57	93	13	3	92	-1	15	100	18	76	25	90	54	25	13	19	78	2	89	68	45	59	20	96	49	76	15	42	1	35	20	100	6	38	62	85	82	14	96	80	65	11	73	81	64	87	35	19	52	25	95	62	
18	80	35	93	80	74	33	91	94	76	18	72	21	76	68	71	27	86	98	4	64	97	61	15	46	58	85	28	92	26	44	20	8	1	75	45	63	83	14	84	91	51	33	2	77	85	18	50	50	29	19	77	53	15	-1	57	97	48	72	2	37	31	27	66	33	39	64	91	39	88	18	78	57	10	36	67	52	51	49	50	2	92	90	98	42	52	68	82	23	41	27	69	82	48	73	94	44	59	59	84	
42	53	41	87	34	66	16	78	63	61	82	19	60	42	2	82	71	92	81	14	23	19	23	67	78	54	85	13	38	47	36	63	25	37	31	32	84	54	14	42	50	71	32	75	75	42	58	35	44	19	23	24	33	100	57	-1	28	38	75	98	80	55	65	19	25	97	63	63	71	46	27	21	95	63	30	76	57	53	15	19	25	22	96	6	41	90	17	78	7	82	95	48	95	48	39	33	60	92	14	20	
92	56	98	33	38	66	72	89	1	42	9	80	31	16	49	27	1	90	86	22	56	85	37	24	59	63	8	61	13	11	52	50	40	5	58	3	4	37	65	46	41	31	21	36	45	16	33	43	2	66	3	27	90	18	97	28	-1	39	86	67	40	23	38	83	91	3	97	96	71	9	84	33	45	13	26	77	48	86	33	75	59	98	61	69	97	79	16	87	95	100	49	85	51	62	51	55	8	17	36	34	
14	58	2	19	9	55	49	48	57	5	72	77	42	86	61	53	92	2	39	43	52	55	83	89	53	29	34	9	56	34	67	22	47	7	70	76	78	39	72	27	46	44	46	62	34	46	68	8	63	39	61	23	30	76	48	38	39	-1	18	74	99	12	51	62	48	52	10	31	98	70	91	33	17	75	11	44	16	22	94	36	24	66	58	85	19	96	98	68	56	67	31	97	4	52	29	42	91	29	29	16	
77	30	44	36	43	91	76	69	18	92	66	80	73	10	18	83	35	77	65	20	41	62	15	72	64	18	10	57	19	78	1	98	38	10	59	11	71	96	58	83	39	30	98	25	2	6	26	23	52	65	36	98	1	25	72	75	86	18	-1	31	93	1	97	62	19	88	78	18	14	84	69	26	34	50	26	90	79	65	38	59	46	30	48	68	30	74	52	77	5	12	7	14	79	36	28	90	98	52	100	8	
39	17	14	54	65	81	72	95	11	30	94	75	37	98	91	31	27	100	79	22	24	72	95	20	32	5	56	82	74	8	83	56	90	16	99	12	95	44	40	13	86	14	74	34	94	79	46	11	15	17	90	87	75	90	2	98	67	74	31	-1	19	58	45	85	52	22	54	84	3	6	64	3	57	7	68	34	78	10	43	80	80	43	6	36	89	40	88	86	23	33	4	47	50	7	55	51	29	15	69	92	
41	77	72	47	24	91	28	90	66	7	78	21	92	38	73	30	83	23	49	77	50	75	46	7	57	49	26	73	97	30	58	73	95	81	54	84	13	55	47	74	80	91	81	91	85	96	1	46	99	38	48	69	16	54	37	80	40	99	93	19	-1	57	12	27	29	60	39	61	49	19	26	49	62	97	54	48	89	43	22	15	86	8	13	73	99	75	11	3	62	76	83	72	40	20	71	93	36	93	9	64	
82	75	7	67	82	98	25	12	31	7	85	57	81	41	75	3	37	63	70	63	88	92	39	55	24	83	16	73	85	15	96	34	4	51	10	10	27	20	7	25	28	83	4	36	68	47	2	52	47	67	21	34	3	25	31	55	23	12	1	58	57	-1	56	69	1	49	68	72	22	97	33	44	81	67	82	41	83	95	96	22	19	49	75	14	56	61	58	30	64	76	7	29	81	79	44	1	11	75	33	30	
82	47	95	76	44	56	77	53	85	69	35	63	17	75	85	14	58	3	55	12	7	38	41	86	82	25	70	24	64	27	45	4	51	31	40	65	67	76	4	57	40	55	1	83	28	78	68	64	64	53	21	84	32	13	27	65	38	51	97	45	12	56	-1	30	85	100	61	45	14	13	55	44	90	73	73	2	61	65	2	78	66	43	79	34	71	77	55	96	8	65	43	28	7	12	35	47	76	57	49	7	
23	88	22	23	66	59	87	12	80	85	90	45	77	52	100	17	39	1	99	80	84	87	58	25	70	99	69	35	57	20	86	45	33	16	19	78	22	58	40	1	82	18	6	31	1	34	32	25	84	5	52	39	60	19	66	19	83	62	62	85	27	69	30	-1	78	44	17	11	6	4	71	96	95	34	77	67	17	67	52	17	58	67	60	73	17	43	14	17	37	8	26	12	98	41	89	82	30	92	9	40	
5	52	46	17	31	78	40	12	65	93	90	34	50	33	37	23	5	96	26	81	71	79	3	53	86	62	79	10	22	16	27	69	57	91	35	14	36	98	9	22	44	33	37	83	72	81	85	79	37	51	45	94	69	78	33	25	91	48	19	52	29	1	85	78	-1	27	63	46	97	87	92	47	57	44	65	61	14	64	90	43	8	40	5	59	37	13	51	48	49	79	60	17	18	54	90	44	3	69	31	54	
6	77	21	51	2	14	87	12	36	32	39	12	25	74	57	37	28	19	10	29	97	79	57	6	94	39	76	59	55	7	10	11	76	74	36	6	32	59	63	50	32	59	92	36	61	8	49	5	9	65	58	15	41	2	39	97	3	52	88	22	60	49	100	44	27	-1	62	21	48	27	59	74	83	33	52	99	71	74	46	76	49	45	13	91	51	20	22	16	90	60	24	50	61	53	81	80	20	77	78	65	
90	32	49	12	27	74	77	97	91	83	97	12	2	35	27	70	49	73	35	88	100	6	6	94	76	14	77	83	94	40	24	83	70	90	2	11	39	50	30	82	61	87	93	19	53	85	8	88	59	40	63	69	28	89	64	63	97	10	78	54	39	68	61	17	63	62	-1	54	41	94	98	31	29	87	54	61	1	6	84	41	65	91	83	8	3	44	31	79	38	34	70	80	97	33	41	49	48	26	3	54	
38	85	10	78	37	57	8	31	53	51	65	98	57	17	54	39	29	19	19	1	16	97	44	83	86	7	79	39	87	62	96	89	27	82	69	48	64	28	2	59	90	51	38	86	12	74	16	95	8	52	83	57	20	68	91	63	96	31	18	84	61	72	45	11	46	21	54	-1	55	93	46	90	28	67	73	26	77	20	66	50	99	54	10	44	33	2	17	6	60	15	78	42	55	63	62	76	66	12	31	44	
57	83	21	77	1	61	16	22	100	50	26	77	12	66	49	79	93	88	1	44	84	78	56	88	3	97	95	77	74	20	34	24	50	1	74	92	3	20	44	6	31	80	74	15	43	94	69	78	96	73	70	63	21	45	39	71	71	98	14	3	49	22	14	6	97	48	41	55	-1	70	4	5	12	67	5	76	24	62	64	49	84	22	3	14	94	49	64	67	28	26	24	22	28	37	88	89	55	12	10	34	
56	40	69	38	95	53	5	56	48	88	49	72	99	43	98	10	39	63	85	81	21	95	21	48	68	76	62	27	70	14	23	89	46	61	58	96	85	1	23	49	34	24	30	78	65	19	10	45	35	54	69	91	5	59	88	46	9	70	84	6	19	97	13	4	87	27	94	93	70	-1	71	1	48	35	85	10	8	71	61	91	27	25	50	30	8	16	85	67	75	35	1	59	15	34	6	99	67	64	47	65	
49	63	5	57	73	69	6	95	4	24	30	8	28	88	56	21	13	67	80	28	28	41	92	60	63	96	13	41	54	37	90	38	92	62	71	47	99	17	54	17	23	49	21	99	18	93	84	43	83	46	30	24	2	20	18	27	84	91	69	64	26	33	55	71	92	59	98	46	4	71	-1	16	38	40	66	92	24	64	40	77	47	30	5	8	22	30	45	64	21	30	44	90	11	81	8	71	90	32	38	72	
99	9	4	1	28	93	16	64	85	56	66	90	99	32	80	73	93	2	45	97	53	75	22	74	49	20	22	58	20	10	74	43	36	96	22	40	87	40	86	63	18	14	59	84	1	48	19	53	89	25	74	44	18	96	78	21	33	33	26	3	49	44	44	96	47	74	31	90	5	1	16	-1	33	52	55	56	25	3	57	48	60	46	33	74	70	14	87	52	64	70	76	63	47	93	76	13	13	100	8	100	
12	4	50	4	79	75	24	51	7	86	70	58	78	13	37	7	19	55	67	75	9	80	99	23	70	53	47	91	56	37	76	2	34	56	23	13	22	7	78	90	59	16	29	89	6	59	61	99	70	96	11	26	1	49	57	95	45	17	34	57	62	81	90	95	57	83	29	28	12	48	38	33	-1	55	10	22	20	66	2	38	20	21	4	75	8	63	28	26	89	29	47	94	82	11	91	94	90	100	58	3	
21	48	36	22	94	62	5	23	13	20	92	34	44	17	86	59	23	32	54	18	26	24	20	43	25	27	76	39	22	7	91	14	77	74	87	80	82	39	86	75	67	50	88	39	28	11	40	75	51	20	69	5	33	76	10	63	13	75	50	7	97	67	73	34	44	33	87	67	67	35	40	52	55	-1	21	99	22	92	43	3	3	62	6	41	68	31	24	36	71	96	73	53	75	75	78	93	47	90	62	84	
37	34	82	19	7	79	74	54	3	74	40	48	76	97	21	8	61	93	4	68	90	16	70	58	99	48	19	100	32	94	72	24	48	7	96	66	46	94	61	82	95	58	51	9	46	61	48	38	31	88	93	44	27	15	36	30	26	11	26	68	54	82	73	77	65	52	54	73	5	85	66	55	10	21	-1	13	24	24	94	96	31	41	84	14	12	31	95	24	7	70	29	55	6	42	97	15	99	90	15	58	
51	41	59	60	85	85	37	30	31	55	46	72	16	77	69	88	15	1	45	93	84	24	46	68	85	85	49	17	45	36	49	84	80	42	2	81	73	45	77	58	5	34	39	33	48	100	78	10	27	19	72	47	38	42	67	76	77	44	90	34	48	41	2	67	61	99	61	26	76	10	92	56	22	99	13	-1	59	84	76	92	78	40	73	64	17	41	99	33	51	5	87	17	75	92	72	42	16	97	1	43	
16	77	34	6	22	52	88	41	40	46	62	78	39	67	13	6	37	5	67	23	91	62	7	23	32	6	95	58	31	80	15	14	64	46	7	83	19	61	63	35	49	8	95	83	4	80	44	24	38	70	15	42	44	1	52	57	48	16	79	78	89	83	61	17	14	71	1	77	24	8	24	25	20	22	24	59	-1	54	84	43	41	8	83	99	52	55	83	80	3	2	73	99	35	79	9	30	79	85	98	58	
66	87	25	84	72	11	56	2	84	25	49	45	82	21	22	20	36	98	80	68	43	94	13	56	34	99	14	41	6	1	15	56	1	61	1	70	38	51	98	63	96	1	88	18	64	67	49	72	87	99	18	44	69	35	51	53	86	22	65	10	43	95	65	67	64	74	6	20	62	71	64	3	66	92	24	84	54	-1	71	85	83	92	38	22	14	63	8	32	81	68	34	21	57	22	96	55	47	19	31	84	
1	3	89	3	79	31	75	2	52	70	98	91	72	95	30	1	92	54	69	71	44	87	76	40	94	82	5	69	98	72	42	40	90	62	88	55	83	72	7	100	43	68	48	73	18	91	37	40	12	54	49	68	17	20	49	15	33	94	38	43	22	96	2	52	90	46	84	66	64	61	40	57	2	43	94	76	84	71	-1	96	83	60	42	61	51	99	1	75	80	88	100	87	61	91	96	97	50	2	47	98	
85	13	8	83	22	22	93	12	39	76	66	69	12	80	28	51	83	86	4	19	50	80	88	41	44	11	20	55	49	72	72	31	42	12	62	80	11	74	86	48	33	32	79	49	30	70	95	28	45	42	53	7	98	100	50	19	75	36	59	80	15	22	78	17	43	76	41	50	49	91	77	48	38	3	96	92	43	85	96	-1	7	35	4	91	33	39	82	4	91	75	13	53	75	5	95	56	10	41	40	40	
42	60	57	5	85	76	25	18	17	9	58	29	83	38	96	10	67	11	3	3	6	10	39	51	14	95	6	52	13	100	31	16	24	12	89	24	50	34	90	76	7	7	43	6	73	30	66	13	10	46	6	71	97	6	2	25	59	24	46	80	86	19	66	58	8	49	65	99	84	27	47	60	20	3	31	78	41	83	83	7	-1	1	47	33	16	66	24	51	30	30	45	68	22	52	71	37	77	10	97	76	
55	54	15	81	35	31	75	91	64	24	3	14	62	1	22	46	41	36	35	57	3	29	55	28	95	22	61	42	47	24	50	28	53	76	42	14	29	31	81	97	93	37	90	50	42	7	83	30	32	5	88	1	97	38	92	22	98	66	30	43	8	49	43	67	40	45	91	54	22	25	30	46	21	62	41	40	8	92	60	35	1	-1	51	74	86	60	5	29	75	50	15	35	76	82	9	33	34	27	79	46	
56	71	12	59	5	71	42	73	55	25	74	71	91	5	62	73	72	4	43	68	31	74	23	17	44	38	64	88	23	64	34	32	96	3	27	27	35	2	77	86	43	77	54	78	4	76	33	15	69	11	31	21	19	62	90	96	61	58	48	6	13	75	79	60	5	13	83	10	3	50	5	33	4	6	84	73	83	38	42	4	47	51	-1	16	43	78	39	88	18	37	39	57	5	88	3	54	10	40	66	37	
70	47	81	72	32	24	65	46	61	22	65	29	34	43	11	9	92	12	81	90	49	70	21	5	61	80	46	97	82	19	31	39	82	6	73	52	92	72	7	96	62	78	36	25	64	35	68	90	99	85	28	91	65	85	98	6	69	85	68	36	73	14	34	73	59	91	8	44	14	30	8	74	75	41	14	64	99	22	61	91	33	74	16	-1	30	87	27	77	10	53	6	62	50	75	24	3	76	75	87	68	
92	86	98	43	11	95	29	57	19	1	5	74	57	22	76	65	75	71	97	8	82	2	99	96	97	9	8	41	80	8	19	82	65	17	57	84	31	6	80	93	44	50	5	9	63	2	2	55	38	20	50	78	47	82	42	41	97	19	30	89	99	56	71	17	37	51	3	33	94	8	22	70	8	68	12	17	52	14	51	33	16	86	43	30	-1	63	48	41	28	46	59	52	56	31	71	22	34	40	53	42	
58	21	48	70	74	4	80	4	75	79	93	60	94	46	41	78	98	55	91	81	82	94	99	30	93	96	33	38	70	29	74	32	62	52	79	3	97	57	90	65	73	46	3	31	23	41	69	86	2	93	39	39	94	14	52	90	79	96	74	40	75	61	77	43	13	20	44	2	49	16	30	14	63	31	31	41	55	63	99	39	66	60	78	87	63	-1	89	38	11	87	89	36	14	15	41	5	9	18	43	100	
7	92	55	58	99	51	91	70	10	6	80	40	1	18	39	3	58	65	36	90	43	93	61	25	1	59	11	35	41	25	65	25	20	36	69	49	76	5	70	47	68	86	30	42	24	95	34	11	55	66	47	73	82	96	68	17	16	98	52	88	11	58	55	14	51	22	31	17	64	85	45	87	28	24	95	99	83	8	1	82	24	5	39	27	48	89	-1	36	24	32	16	61	5	25	60	29	63	57	84	54	
11	28	59	1	21	73	75	67	95	86	53	2	5	25	10	16	25	64	42	99	86	43	80	3	41	53	33	86	61	27	80	45	50	56	36	19	90	45	10	92	84	59	79	85	66	74	28	65	99	100	59	34	24	80	82	78	87	68	77	86	3	30	96	17	48	16	79	6	67	67	64	52	26	36	24	33	80	32	75	4	51	29	88	77	41	38	36	-1	45	60	81	36	98	83	6	6	88	89	79	2	
56	98	53	67	85	7	46	100	70	64	70	91	75	67	37	17	85	15	16	89	89	99	57	12	70	62	60	2	80	72	87	78	86	52	98	59	93	19	6	32	19	78	98	95	13	18	98	37	81	30	4	21	40	65	23	7	95	56	5	23	62	64	8	37	49	90	38	60	28	75	21	64	89	71	7	51	3	81	80	91	30	75	18	10	28	11	24	45	-1	74	10	18	28	92	82	12	18	9	44	9	
76	66	16	96	70	39	50	76	69	94	99	82	9	46	79	36	25	34	5	18	10	30	95	6	1	76	24	36	34	22	51	7	4	52	58	83	65	67	18	77	48	66	14	91	50	9	19	75	80	56	18	83	99	11	41	82	100	67	12	33	76	76	65	8	79	60	34	15	26	35	30	70	29	96	70	5	2	68	88	75	30	50	37	53	46	87	32	60	74	-1	48	25	79	19	46	20	32	4	74	83	
78	3	92	49	5	90	11	23	16	1	62	24	38	44	6	19	15	75	27	99	84	79	41	47	67	4	59	23	18	88	39	22	96	11	95	15	24	62	27	22	96	5	68	47	97	98	53	10	6	80	63	89	11	73	27	95	49	31	7	4	83	7	43	26	60	24	70	78	24	1	44	76	47	73	29	87	73	34	100	13	45	15	39	6	59	89	16	81	10	48	-1	29	74	92	6	22	30	7	45	31	
88	17	41	16	45	28	57	80	40	36	29	10	31	40	45	18	74	89	17	47	73	52	21	12	39	81	17	75	95	20	9	62	5	47	62	87	24	98	99	43	34	34	63	19	38	94	59	85	43	90	8	4	96	81	69	48	85	97	14	47	72	29	28	12	17	50	80	42	22	59	90	63	94	53	55	17	99	21	87	53	68	35	57	62	52	36	61	36	18	25	29	-1	80	18	7	17	66	22	56	16	
74	44	89	77	98	13	29	99	29	67	96	25	7	95	39	57	29	83	77	22	8	23	95	30	29	3	22	74	82	66	51	52	54	72	26	33	99	71	9	8	75	1	73	21	99	1	98	96	42	94	56	22	47	64	82	95	51	4	79	50	40	81	7	98	18	61	97	55	28	15	11	47	82	75	6	75	35	57	61	75	22	76	5	50	56	14	5	98	28	79	74	80	-1	80	42	42	99	59	85	66	
30	6	36	88	22	6	52	3	10	34	37	56	72	20	51	48	41	19	83	99	64	2	28	10	77	96	90	3	34	41	80	79	72	94	34	31	58	20	51	98	17	88	29	26	89	16	73	41	16	64	65	47	74	87	48	48	62	52	36	7	20	79	12	41	54	53	33	63	37	34	81	93	11	75	42	92	79	22	91	5	52	82	88	75	31	15	25	83	92	19	92	18	80	-1	21	80	79	24	41	70	
98	54	58	54	99	53	51	11	4	39	31	84	88	62	64	26	74	34	7	44	21	69	35	49	17	75	21	66	11	73	48	27	50	87	78	9	69	30	57	27	83	32	89	32	72	28	36	41	12	13	91	73	77	35	73	39	51	29	28	55	71	44	35	89	90	81	41	62	88	6	8	76	91	78	97	72	9	96	96	95	71	9	3	24	71	41	60	6	82	46	6	7	42	21	-1	82	44	5	50	90	
68	24	63	22	52	64	37	79	90	17	97	87	91	14	4	51	1	38	95	26	74	96	81	15	19	21	7	95	21	40	43	45	36	68	52	53	80	65	95	36	80	92	64	54	25	53	12	70	24	62	76	57	47	19	94	33	55	42	90	51	93	1	47	82	44	80	49	76	89	99	71	13	94	93	15	42	30	55	97	56	37	33	54	3	22	5	29	6	12	20	22	17	42	80	82	-1	26	57	47	30	
81	31	24	44	4	24	24	86	24	39	72	93	2	45	84	41	48	12	39	84	81	20	90	25	41	7	94	20	48	12	24	52	81	26	80	94	25	25	21	87	57	31	48	62	86	95	38	26	83	41	68	86	22	52	44	60	8	91	98	29	36	11	76	30	3	20	48	66	55	67	90	13	90	47	99	16	79	47	50	10	77	34	10	76	34	9	63	88	18	32	30	66	99	79	44	26	-1	4	97	39	
63	6	77	17	57	3	56	56	31	38	29	10	4	71	25	96	100	75	79	96	35	3	81	52	42	6	34	81	65	64	93	11	1	80	91	73	67	67	1	31	50	8	56	44	45	46	68	8	10	30	99	10	55	25	59	92	17	29	52	15	93	75	57	92	69	77	26	12	12	64	32	100	100	90	90	97	85	19	2	41	10	27	40	75	40	18	57	89	9	4	7	22	59	24	5	57	4	-1	57	54	
54	70	18	86	19	22	36	85	39	61	25	11	69	23	10	1	39	93	64	51	47	22	63	89	56	100	41	33	1	97	68	72	64	47	40	72	20	48	71	22	90	47	87	47	38	17	43	61	75	16	2	27	37	95	59	14	36	29	100	69	9	33	49	9	31	78	3	31	10	47	38	8	58	62	15	1	98	31	47	40	97	79	66	87	53	43	84	79	44	74	45	56	85	41	50	47	97	57	-1	65	
38	27	88	97	54	1	6	40	63	69	66	88	74	62	47	96	80	61	16	43	2	25	23	79	23	91	6	79	67	32	30	24	66	91	100	35	5	30	57	20	9	78	10	41	12	35	24	2	9	1	17	83	51	62	84	20	34	16	8	92	64	30	7	40	54	65	54	44	34	65	72	100	3	84	58	43	58	84	98	40	76	46	37	68	42	100	54	2	9	83	31	16	66	70	90	30	39	54	65	-1	
