100
-1	2	60	52	83	39	91	28	32	11	72	29	1	61	28	99	67	17	64	20	30	9	80	73	59	58	47	98	44	95	93	17	60	16	37	88	85	1	15	73	90	72	9	30	21	12	68	65	29	55	25	57	23	50	44	65	38	56	57	20	12	97	66	55	67	72	61	31	28	22	69	26	82	4	62	31	6	99	32	96	94	99	88	36	32	22	7	93	41	73	19	95	6	79	44	73	5	9	2	92	
2	-1	66	3	83	66	92	73	59	1	10	91	2	36	11	97	33	37	34	21	97	64	38	99	57	75	86	27	27	34	87	85	85	60	97	74	51	30	2	25	15	84	61	61	60	62	56	81	92	54	48	15	78	79	25	5	78	91	52	60	18	84	19	39	85	95	65	33	6	78	22	58	4	95	33	39	95	34	63	26	53	16	7	32	17	93	56	78	48	47	53	62	22	67	72	23	68	63	20	10	
60	66	-1	16	29	23	51	44	59	12	95	30	71	34	67	55	29	54	4	19	19	53	56	81	88	80	50	16	80	71	73	16	75	96	35	88	92	70	96	12	76	98	95	95	18	96	77	59	5	41	23	24	60	59	90	78	98	70	38	10	47	78	9	98	81	73	98	64	98	58	4	4	81	29	69	16	10	69	49	78	32	36	17	76	13	19	48	63	4	1	75	52	47	76	64	70	2	33	65	54	
52	3	16	-1	4	75	1	35	54	63	16	63	4	6	59	41	1	16	47	87	62	100	14	43	71	4	41	64	16	45	88	76	37	82	91	75	25	6	94	75	84	95	64	38	84	82	31	39	80	4	35	40	82	34	84	48	7	80	81	96	84	98	46	12	91	27	68	43	30	25	7	42	31	38	9	13	53	38	6	43	78	32	74	89	42	45	42	92	91	79	73	10	32	34	19	57	7	93	20	14	
83	83	29	4	-1	82	10	45	13	94	11	79	98	11	40	38	76	79	13	89	56	61	90	52	8	79	28	95	32	7	21	5	16	74	47	3	11	34	61	30	16	18	14	98	39	12	86	64	51	2	2	31	34	92	48	90	52	68	99	21	91	39	84	13	9	15	1	37	96	62	73	99	63	82	91	94	86	33	32	73	100	48	3	23	18	2	64	21	63	58	9	61	22	84	78	8	12	99	11	10	
39	66	23	75	82	-1	31	33	38	36	57	79	67	23	89	77	64	100	75	84	61	51	74	24	40	19	71	28	53	21	63	59	19	97	53	34	82	42	85	4	72	46	84	37	41	9	5	1	28	60	79	23	99	1	68	41	14	45	54	95	35	7	20	100	52	7	79	67	57	17	25	22	60	43	50	95	90	8	57	92	100	91	37	16	53	91	9	98	78	8	13	14	43	26	2	2	48	80	91	55	
91	92	51	1	10	31	-1	96	20	61	28	73	29	84	29	40	41	75	88	14	40	62	24	72	4	69	63	86	31	68	22	70	46	57	86	75	39	77	61	36	33	67	85	83	50	98	28	58	26	89	21	4	71	48	47	47	56	60	59	24	85	58	54	59	71	33	27	62	24	45	86	24	38	56	78	55	4	23	16	57	85	68	80	61	31	79	56	14	95	30	3	72	28	77	91	27	37	17	26	32	
28	73	44	35	45	33	96	-1	55	19	77	52	49	12	19	48	6	49	60	63	68	48	45	74	86	93	67	89	1	62	34	100	63	3	89	5	44	31	75	1	4	15	51	57	80	19	7	50	47	78	69	42	93	37	83	90	11	80	38	65	54	77	49	14	9	69	39	69	24	1	21	85	55	32	68	22	9	1	70	9	9	71	23	13	74	47	91	21	35	18	26	45	30	99	68	41	36	27	78	3	
32	59	59	54	13	38	20	55	-1	45	88	4	57	12	23	91	7	14	81	58	70	83	40	77	97	61	21	85	3	32	33	6	14	10	88	34	74	95	17	81	40	71	24	21	52	59	60	96	85	38	89	40	72	13	16	27	100	1	12	39	73	63	10	52	62	32	8	51	64	86	63	65	23	31	44	24	71	28	71	97	3	89	23	51	48	87	85	10	38	6	40	88	22	68	16	80	67	9	90	12	
11	1	12	63	94	36	61	19	45	-1	27	89	76	53	72	19	86	92	68	36	99	47	57	10	15	9	93	13	85	38	1	55	93	54	74	3	77	19	9	46	39	65	3	72	21	10	88	100	92	26	65	45	78	9	20	7	7	94	31	15	73	94	63	58	31	82	82	9	31	65	82	49	28	17	33	79	82	7	46	99	71	85	46	36	26	85	42	87	38	75	78	29	29	3	7	94	49	79	89	36	
72	10	95	16	11	57	28	77	88	27	-1	43	25	28	24	30	1	12	75	99	22	35	74	39	86	85	38	48	51	54	86	51	44	15	44	81	32	94	4	48	37	71	26	93	80	67	9	60	4	68	2	28	76	21	87	79	69	20	61	4	92	93	77	27	52	81	26	48	86	94	26	28	10	29	93	49	49	57	6	65	71	90	21	44	27	18	25	45	29	19	67	1	32	81	26	18	40	81	96	68	
29	91	30	63	79	79	73	52	4	89	43	-1	13	93	69	29	8	26	75	66	61	8	86	64	6	93	77	48	11	13	43	27	23	72	99	9	2	45	70	8	39	77	87	95	100	87	5	59	95	54	55	86	51	7	48	78	68	90	92	20	35	75	67	50	30	73	44	74	75	29	77	88	38	27	81	74	75	15	6	62	64	34	97	67	28	83	26	67	9	51	76	32	48	51	48	46	51	37	80	69	
1	2	71	4	98	67	29	49	57	76	25	13	-1	30	18	80	52	16	19	44	69	7	29	41	53	62	45	84	26	76	79	19	91	71	78	15	8	6	29	6	15	13	9	62	86	88	43	41	62	78	67	91	27	8	25	80	49	95	31	46	95	86	79	27	45	83	34	19	87	72	13	61	56	33	28	94	65	8	80	94	83	83	81	81	22	25	44	57	6	24	28	30	61	87	52	10	35	72	76	71	
61	36	34	6	11	23	84	12	12	53	28	93	30	-1	35	14	16	29	11	54	98	96	5	27	50	1	19	17	64	64	4	83	73	38	80	71	37	96	66	86	4	100	95	47	87	42	66	81	97	26	54	73	47	40	56	52	52	92	73	21	17	99	86	82	76	25	98	12	17	56	32	28	25	57	66	15	83	86	17	89	25	36	66	46	32	42	20	69	94	26	23	61	67	62	96	57	93	81	58	47	
28	11	67	59	40	89	29	19	23	72	24	69	18	35	-1	25	3	76	100	15	10	24	2	69	2	76	29	83	40	59	52	8	70	54	63	1	30	79	61	2	13	49	56	81	70	58	3	8	11	62	95	49	17	17	28	84	74	50	70	95	16	52	96	88	41	65	68	4	30	22	1	38	24	47	100	4	87	3	60	46	5	78	80	51	3	60	35	56	34	37	52	65	77	35	5	78	53	19	88	15	
99	97	55	41	38	77	40	48	91	19	30	29	80	14	25	-1	85	72	51	88	55	76	49	4	98	65	27	43	57	59	64	53	93	74	88	13	62	15	53	78	36	98	64	53	87	30	34	22	51	17	42	59	42	81	70	71	26	87	32	4	92	66	63	36	9	47	13	8	59	21	64	25	35	34	80	74	8	32	27	94	84	44	24	52	41	86	72	36	67	15	30	20	44	79	32	87	41	39	90	56	
67	33	29	1	76	64	41	6	7	86	1	8	52	16	3	85	-1	99	7	79	46	84	75	90	3	58	15	59	10	4	50	74	94	56	75	70	12	77	63	66	19	3	94	36	42	7	46	91	1	79	16	35	58	89	88	13	95	35	52	29	27	67	99	59	45	8	47	21	85	16	52	43	50	35	63	10	14	97	32	11	48	43	42	75	56	28	11	67	30	13	6	13	80	57	91	3	57	27	56	57	
17	37	54	16	79	100	75	49	14	92	12	26	16	29	76	72	99	-1	25	41	70	18	96	94	58	35	94	62	32	2	64	84	63	84	44	36	14	53	88	54	59	93	49	95	30	88	43	35	8	13	12	38	41	42	29	79	2	95	18	85	19	9	42	76	80	17	42	20	78	69	74	97	41	90	90	95	20	19	78	94	32	1	33	96	60	24	54	38	40	81	98	52	33	100	36	77	81	75	79	86	
64	34	4	47	13	75	88	60	81	68	75	75	19	11	100	51	7	25	-1	47	35	56	34	45	35	44	74	72	27	66	90	72	74	56	4	92	60	33	70	4	61	95	10	54	98	68	25	38	97	63	33	37	90	60	69	7	29	54	17	99	98	4	49	95	92	97	44	6	5	29	57	42	76	44	75	93	20	81	10	10	64	44	33	67	39	12	57	23	87	48	34	17	40	87	21	23	22	45	38	36	
20	21	19	87	89	84	14	63	58	36	99	66	44	54	15	88	79	41	47	-1	7	27	26	58	74	62	59	72	37	16	3	10	28	20	18	95	6	63	36	72	91	31	75	78	58	67	1	90	37	71	100	26	68	77	57	75	42	40	10	41	14	40	24	38	16	34	88	43	70	58	94	87	65	50	82	38	76	28	97	93	85	87	48	18	13	22	10	38	9	50	4	57	70	17	72	46	65	70	44	76	
30	97	19	62	56	61	40	68	70	99	22	61	69	98	10	55	46	70	35	7	-1	71	39	97	57	78	65	1	88	9	47	4	8	89	54	29	26	97	67	61	7	46	8	54	16	50	40	1	38	50	61	48	58	74	9	30	83	70	49	43	57	66	95	32	2	77	6	22	67	26	78	3	2	30	75	34	13	58	91	78	74	20	50	97	56	31	97	25	96	52	84	16	9	74	41	72	25	54	30	77	
9	64	53	100	61	51	62	48	83	47	35	8	7	96	24	76	84	18	56	27	71	-1	61	32	85	74	55	45	22	85	82	17	89	83	97	66	90	87	44	53	97	98	7	81	33	60	80	90	12	28	83	96	47	37	96	40	44	67	89	82	33	52	25	12	7	49	40	53	47	47	28	9	28	82	79	52	33	50	74	58	64	25	1	22	99	14	100	94	37	87	82	5	37	37	15	14	83	22	87	16	
80	38	56	14	90	74	24	45	40	57	74	86	29	5	2	49	75	96	34	26	39	61	-1	99	35	85	91	6	87	33	34	70	92	98	81	81	33	23	89	33	48	100	1	79	20	60	23	41	14	28	24	16	31	42	4	2	13	31	82	40	43	73	3	39	58	30	51	12	73	45	96	46	51	98	54	75	72	4	16	29	53	76	29	30	20	97	69	86	4	82	86	1	28	91	42	81	82	16	54	28	
73	99	81	43	52	24	72	74	77	10	39	64	41	27	69	4	90	94	45	58	97	32	99	-1	13	86	52	8	63	60	72	94	25	17	4	98	24	6	74	50	86	27	70	65	31	25	72	89	36	99	11	46	37	41	27	33	74	16	1	38	56	59	32	1	17	21	13	87	98	40	94	91	35	97	76	62	52	17	92	65	10	60	39	100	55	56	72	56	86	25	66	97	71	2	33	88	63	22	14	16	
59	57	88	71	8	40	4	86	97	15	86	6	53	50	2	98	3	58	35	74	57	85	35	13	-1	38	64	86	65	92	91	58	78	54	50	57	52	5	60	34	83	72	87	9	24	35	90	7	91	10	3	100	5	94	81	49	18	50	3	66	9	66	45	69	92	93	56	72	98	63	69	7	14	21	92	18	89	51	75	61	7	46	40	13	70	96	46	2	64	29	85	41	26	80	83	97	60	53	67	96	
58	75	80	4	79	19	69	93	61	9	85	93	62	1	76	65	58	35	44	62	78	74	85	86	38	-1	51	75	76	47	25	64	69	70	100	48	27	36	73	12	34	11	90	96	17	62	10	7	73	44	76	37	13	69	87	54	51	78	16	77	92	13	24	3	16	57	32	57	52	51	98	78	37	90	70	74	14	61	20	48	37	30	52	27	30	25	51	12	15	61	28	57	15	74	100	32	33	32	57	21	
47	86	50	41	28	71	63	67	21	93	38	77	45	19	29	27	15	94	74	59	65	55	91	52	64	51	-1	36	95	1	78	41	72	41	58	44	38	39	16	47	48	37	85	19	42	11	79	100	10	52	51	27	38	84	13	62	3	8	70	56	68	46	43	6	30	99	60	32	70	18	3	8	66	79	63	48	72	4	35	86	81	43	11	65	88	20	9	77	69	44	79	76	5	42	4	27	35	96	72	27	
98	27	16	64	95	28	86	89	85	13	48	48	84	17	83	43	59	62	72	72	1	45	6	8	86	75	36	-1	12	94	6	32	47	51	61	5	74	44	28	21	53	21	5	17	49	96	43	24	87	21	8	7	22	44	27	73	9	85	71	26	25	73	15	98	75	55	99	65	13	90	6	57	63	66	81	95	48	45	77	17	4	23	97	55	72	80	75	80	4	9	11	16	41	13	23	56	59	94	5	58	
44	27	80	16	32	53	31	1	3	85	51	11	26	64	40	57	10	32	27	37	88	22	87	63	65	76	95	12	-1	64	14	82	13	38	23	40	27	94	46	34	73	25	95	70	6	47	30	8	20	25	8	33	36	3	82	55	60	67	53	31	30	8	65	98	50	31	59	60	92	94	88	6	47	78	76	31	69	50	15	54	37	36	83	62	77	60	90	65	31	54	58	37	82	33	2	100	60	49	6	7	
95	34	71	45	7	21	68	62	32	38	54	13	76	64	59	59	4	2	66	16	9	85	33	60	92	47	1	94	64	-1	63	5	38	13	65	14	35	4	36	22	34	73	42	56	97	32	84	99	27	11	29	37	88	71	38	66	65	62	75	61	93	91	92	50	40	79	53	45	34	26	91	78	32	57	84	66	39	65	57	52	97	11	82	51	55	93	1	80	71	94	95	55	7	42	23	66	54	88	40	36	
93	87	73	88	21	63	22	34	33	1	86	43	79	4	52	64	50	64	90	3	47	82	34	72	91	25	78	6	14	63	-1	64	79	65	11	96	98	51	33	95	95	12	25	74	55	57	61	96	48	69	82	15	34	23	46	28	34	16	25	81	96	62	79	10	68	48	81	30	84	95	50	79	76	88	60	88	58	88	19	78	94	20	57	1	24	100	70	37	29	50	42	100	20	55	89	86	10	46	27	42	
17	85	16	76	5	59	70	100	6	55	51	27	19	83	8	53	74	84	72	10	4	17	70	94	58	64	41	32	82	5	64	-1	72	44	100	66	7	11	9	38	7	13	68	61	9	55	28	82	67	3	25	5	34	30	74	4	10	58	71	35	3	84	93	25	16	89	92	25	35	23	33	73	52	41	8	2	79	94	64	52	35	9	96	32	73	8	16	95	15	49	89	25	97	10	100	14	1	64	22	55	
60	85	75	37	16	19	46	63	14	93	44	23	91	73	70	93	94	63	74	28	8	89	92	25	78	69	72	47	13	38	79	72	-1	94	21	64	84	8	48	1	52	46	9	68	90	64	5	94	47	49	24	73	87	52	38	94	88	55	55	40	21	84	3	13	80	31	88	9	75	23	17	24	55	32	27	53	41	22	42	17	40	88	74	20	40	67	10	98	85	88	9	80	71	79	43	78	89	74	98	16	
16	60	96	82	74	97	57	3	10	54	15	72	71	38	54	74	56	84	56	20	89	83	98	17	54	70	41	51	38	13	65	44	94	-1	27	45	66	20	20	75	93	75	75	77	39	57	30	57	2	78	24	42	17	70	4	62	74	93	99	4	92	84	64	35	38	75	98	18	13	51	14	26	7	61	63	29	93	31	94	44	75	71	21	19	46	34	91	20	11	95	21	9	93	28	48	10	51	11	30	22	
37	97	35	91	47	53	86	89	88	74	44	99	78	80	63	88	75	44	4	18	54	97	81	4	50	100	58	61	23	65	11	100	21	27	-1	83	37	33	89	21	12	26	42	96	43	10	85	46	98	59	12	91	73	92	86	64	73	94	8	60	93	14	39	2	99	3	34	4	23	70	48	75	3	62	16	16	56	77	29	55	99	8	64	46	92	46	72	100	91	57	16	75	20	60	83	71	13	44	96	3	
88	74	88	75	3	34	75	5	34	3	81	9	15	71	1	13	70	36	92	95	29	66	81	98	57	48	44	5	40	14	96	66	64	45	83	-1	12	43	35	25	51	81	80	85	58	95	42	62	24	86	15	76	58	86	34	37	86	90	13	27	76	17	80	61	37	93	49	50	62	67	66	18	47	71	96	42	27	89	41	78	22	88	9	17	56	7	12	45	34	53	75	36	50	37	23	30	96	66	2	11	
85	51	92	25	11	82	39	44	74	77	32	2	8	37	30	62	12	14	60	6	26	90	33	24	52	27	38	74	27	35	98	7	84	66	37	12	-1	22	51	73	83	88	62	93	96	28	78	23	69	28	51	50	37	65	65	62	49	54	19	14	97	90	9	49	84	90	92	61	95	67	33	36	40	77	100	64	23	24	78	66	21	40	94	46	79	22	12	88	29	71	3	74	72	31	76	12	52	58	78	32	
1	30	70	6	34	42	77	31	95	19	94	45	6	96	79	15	77	53	33	63	97	87	23	6	5	36	39	44	94	4	51	11	8	20	33	43	22	-1	42	94	76	51	93	63	73	99	39	97	98	36	71	2	13	69	20	87	61	46	13	16	34	63	59	70	78	50	50	81	8	49	100	26	8	63	66	98	47	28	92	51	77	7	11	99	80	87	9	7	19	37	52	98	83	21	27	26	52	81	46	10	
15	2	96	94	61	85	61	75	17	9	4	70	29	66	61	53	63	88	70	36	67	44	89	74	60	73	16	28	46	36	33	9	48	20	89	35	51	42	-1	79	54	16	41	18	30	34	73	68	38	37	19	47	9	52	55	16	4	59	59	54	11	52	29	34	56	48	40	61	7	27	10	98	78	8	7	89	97	30	57	92	53	64	89	37	48	28	1	16	88	93	74	31	38	35	96	15	40	98	79	97	
73	25	12	75	30	4	36	1	81	46	48	8	6	86	2	78	66	54	4	72	61	53	33	50	34	12	47	21	34	22	95	38	1	75	21	25	73	94	79	-1	10	35	80	17	24	66	53	97	57	70	25	53	92	67	40	34	18	85	9	56	39	66	41	41	32	78	27	35	78	20	68	45	92	64	65	100	26	47	95	83	80	58	58	97	13	7	73	22	58	64	93	21	26	5	39	4	27	9	27	45	
90	15	76	84	16	72	33	4	40	39	37	39	15	4	13	36	19	59	61	91	7	97	48	86	83	34	48	53	73	34	95	7	52	93	12	51	83	76	54	10	-1	72	31	55	88	32	59	81	56	15	78	76	46	24	82	80	15	99	51	83	82	92	21	39	42	11	39	5	69	33	47	4	73	91	80	11	66	94	24	83	72	23	93	61	50	96	54	18	8	38	37	19	17	56	100	75	96	28	68	99	
72	84	98	95	18	46	67	15	71	65	71	77	13	100	49	98	3	93	95	31	46	98	100	27	72	11	37	21	25	73	12	13	46	75	26	81	88	51	16	35	72	-1	79	84	94	41	96	72	88	65	19	26	42	72	13	14	22	5	52	47	33	44	91	46	35	25	31	38	64	70	69	3	28	40	70	23	4	63	97	46	46	72	12	20	91	51	22	84	7	89	35	15	4	71	56	39	54	28	52	42	
9	61	95	64	14	84	85	51	24	3	26	87	9	95	56	64	94	49	10	75	8	7	1	70	87	90	85	5	95	42	25	68	9	75	42	80	62	93	41	80	31	79	-1	63	63	95	34	23	37	43	78	22	34	76	48	81	73	4	56	93	33	19	93	50	16	47	19	3	15	71	33	6	88	73	52	99	7	49	48	96	53	25	24	8	93	42	8	24	71	52	26	97	5	36	38	31	47	96	59	50	
30	61	95	38	98	37	83	57	21	72	93	95	62	47	81	53	36	95	54	78	54	81	79	65	9	96	19	17	70	56	74	61	68	77	96	85	93	63	18	17	55	84	63	-1	35	85	77	7	82	45	68	97	90	20	4	24	49	36	55	45	84	14	57	40	91	70	70	67	92	54	41	96	70	19	87	88	32	25	49	9	50	17	42	97	43	75	96	23	68	28	46	35	64	24	91	1	48	40	17	91	
21	60	18	84	39	41	50	80	52	21	80	100	86	87	70	87	42	30	98	58	16	33	20	31	24	17	42	49	6	97	55	9	90	39	43	58	96	73	30	24	88	94	63	35	-1	97	92	63	28	24	11	99	11	45	27	62	99	83	95	71	30	71	90	15	77	51	46	53	32	25	16	5	11	15	98	1	72	61	18	61	46	10	33	11	69	23	8	29	34	2	85	69	77	85	90	17	42	57	29	49	
12	62	96	82	12	9	98	19	59	10	67	87	88	42	58	30	7	88	68	67	50	60	60	25	35	62	11	96	47	32	57	55	64	57	10	95	28	99	34	66	32	41	95	85	97	-1	77	2	11	61	14	56	47	47	71	100	77	57	7	19	40	87	95	86	27	24	10	14	19	33	75	6	41	58	42	7	14	52	98	36	8	50	89	58	15	28	32	69	60	9	3	64	44	39	9	97	24	25	23	20	
68	56	77	31	86	5	28	7	60	88	9	5	43	66	3	34	46	43	25	1	40	80	23	72	90	10	79	43	30	84	61	28	5	30	85	42	78	39	73	53	59	96	34	77	92	77	-1	87	44	10	58	90	26	68	77	59	3	11	10	20	100	18	66	26	26	87	65	99	67	62	52	57	96	54	25	48	6	41	8	47	92	91	76	26	9	53	66	26	86	47	13	34	100	87	15	33	47	20	59	43	
65	81	59	39	64	1	58	50	96	100	60	59	41	81	8	22	91	35	38	90	1	90	41	89	7	7	100	24	8	99	96	82	94	57	46	62	23	97	68	97	81	72	23	7	63	2	87	-1	89	83	44	84	100	56	81	62	41	67	61	15	59	13	68	19	91	97	67	99	70	28	77	50	8	16	66	14	42	71	96	15	90	35	91	24	44	61	13	70	37	43	16	65	100	58	15	48	93	36	27	56	
29	92	5	80	51	28	26	47	85	92	4	95	62	97	11	51	1	8	97	37	38	12	14	36	91	73	10	87	20	27	48	67	47	2	98	24	69	98	38	57	56	88	37	82	28	11	44	89	-1	37	28	5	16	77	99	34	80	42	95	27	51	89	91	75	5	37	38	83	93	30	43	68	39	59	92	73	37	97	77	51	43	89	72	9	53	63	63	60	64	65	5	45	32	4	89	25	16	70	39	53	
55	54	41	4	2	60	89	78	38	26	68	54	78	26	62	17	79	13	63	71	50	28	28	99	10	44	52	21	25	11	69	3	49	78	59	86	28	36	37	70	15	65	43	45	24	61	10	83	37	-1	90	59	48	70	4	23	4	37	91	20	30	2	28	72	8	74	32	55	39	44	100	42	97	18	80	50	9	35	76	14	4	63	37	94	5	33	21	34	66	80	57	11	41	1	9	52	35	60	29	35	
25	48	23	35	2	79	21	69	89	65	2	55	67	54	95	42	16	12	33	100	61	83	24	11	3	76	51	8	8	29	82	25	24	24	12	15	51	71	19	25	78	19	78	68	11	14	58	44	28	90	-1	96	37	47	21	55	85	70	75	33	53	61	27	92	94	86	2	72	22	13	47	6	78	59	16	91	92	12	8	7	34	73	25	70	56	26	30	83	95	47	91	43	18	48	44	16	66	34	19	67	
57	15	24	40	31	23	4	42	40	45	28	86	91	73	49	59	35	38	37	26	48	96	16	46	100	37	27	7	33	37	15	5	73	42	91	76	50	2	47	53	76	26	22	97	99	56	90	84	5	59	96	-1	96	100	98	3	82	70	49	68	42	25	67	94	37	63	71	69	100	84	81	36	35	73	46	60	27	36	84	76	6	56	10	84	4	26	7	58	16	5	57	59	43	30	43	57	17	47	59	4	
23	78	60	82	34	99	71	93	72	78	76	51	27	47	17	42	58	41	90	68	58	47	31	37	5	13	38	22	36	88	34	34	87	17	73	58	37	13	9	92	46	42	34	90	11	47	26	100	16	48	37	96	-1	66	33	34	91	34	83	85	77	36	89	53	56	82	5	9	17	18	100	10	92	49	56	47	58	13	73	27	8	29	86	68	21	37	77	33	80	63	30	50	15	20	31	98	28	72	11	77	
50	79	59	34	92	1	48	37	13	9	21	7	8	40	17	81	89	42	60	77	74	37	42	41	94	69	84	44	3	71	23	30	52	70	92	86	65	69	52	67	24	72	76	20	45	47	68	56	77	70	47	100	66	-1	30	1	25	23	75	21	64	33	91	21	57	95	10	69	83	81	2	22	17	70	83	31	4	18	77	47	83	55	52	58	53	14	29	6	98	47	67	43	76	22	23	2	83	71	85	6	
44	25	90	84	48	68	47	83	16	20	87	48	25	56	28	70	88	29	69	57	9	96	4	27	81	87	13	27	82	38	46	74	38	4	86	34	65	20	55	40	82	13	48	4	27	71	77	81	99	4	21	98	33	30	-1	18	76	36	53	80	86	36	90	79	65	25	78	92	4	71	28	16	49	48	12	9	28	14	72	20	22	58	74	13	95	67	20	19	100	79	53	91	35	62	99	39	64	65	97	35	
65	5	78	48	90	41	47	90	27	7	79	78	80	52	84	71	13	79	7	75	30	40	2	33	49	54	62	73	55	66	28	4	94	62	64	37	62	87	16	34	80	14	81	24	62	100	59	62	34	23	55	3	34	1	18	-1	45	18	15	34	40	97	52	49	99	82	35	4	73	63	17	70	91	85	26	91	61	54	34	64	26	71	86	46	21	67	43	79	90	77	90	82	17	86	21	63	9	56	37	13	
38	78	98	7	52	14	56	11	100	7	69	68	49	52	74	26	95	2	29	42	83	44	13	74	18	51	3	9	60	65	34	10	88	74	73	86	49	61	4	18	15	22	73	49	99	77	3	41	80	4	85	82	91	25	76	45	-1	15	16	100	71	95	47	17	49	71	95	37	81	12	89	96	6	10	8	13	92	36	52	98	84	38	27	32	29	48	40	17	6	20	59	15	30	96	85	92	22	70	96	54	
56	91	70	80	68	45	60	80	1	94	20	90	95	92	50	87	35	95	54	40	70	67	31	16	50	78	8	85	67	62	16	58	55	93	94	90	54	46	59	85	99	5	4	36	83	57	11	67	42	37	70	70	34	23	36	18	15	-1	82	27	33	73	3	65	67	62	34	93	67	27	41	29	42	60	18	98	94	96	92	56	73	13	86	28	14	24	49	34	30	4	1	61	2	4	35	60	26	71	26	22	
57	52	38	81	99	54	59	38	12	31	61	92	31	73	70	32	52	18	17	10	49	89	82	1	3	16	70	71	53	75	25	71	55	99	8	13	19	13	59	9	51	52	56	55	95	7	10	61	95	91	75	49	83	75	53	15	16	82	-1	33	68	28	12	82	71	94	18	62	98	90	27	74	35	43	8	76	61	46	4	33	64	4	81	86	18	8	62	35	8	83	68	79	90	69	77	2	50	21	83	75	
20	60	10	96	21	95	24	65	39	15	4	20	46	21	95	4	29	85	99	41	43	82	40	38	66	77	56	26	31	61	81	35	40	4	60	27	14	16	54	56	83	47	93	45	71	19	20	15	27	20	33	68	85	21	80	34	100	27	33	-1	86	28	69	18	12	98	41	57	22	77	82	13	34	14	34	91	83	41	71	19	100	85	17	57	100	100	47	31	43	20	19	51	33	50	15	25	1	10	5	2	
12	18	47	84	91	35	85	54	73	73	92	35	95	17	16	92	27	19	98	14	57	33	43	56	9	92	68	25	30	93	96	3	21	92	93	76	97	34	11	39	82	33	33	84	30	40	100	59	51	30	53	42	77	64	86	40	71	33	68	86	-1	3	47	41	17	37	84	22	14	42	99	54	66	31	37	83	3	15	66	42	97	54	43	65	92	18	73	31	22	45	63	2	7	41	75	86	91	89	29	92	
97	84	78	98	39	7	58	77	63	94	93	75	86	99	52	66	67	9	4	40	66	52	73	59	66	13	46	73	8	91	62	84	84	84	14	17	90	63	52	66	92	44	19	14	71	87	18	13	89	2	61	25	36	33	36	97	95	73	28	28	3	-1	99	11	57	13	40	43	6	16	73	55	90	14	36	74	32	45	91	30	64	82	74	17	74	11	87	76	57	83	53	27	25	76	82	15	67	43	5	33	
66	19	9	46	84	20	54	49	10	63	77	67	79	86	96	63	99	42	49	24	95	25	3	32	45	24	43	15	65	92	79	93	3	64	39	80	9	59	29	41	21	91	93	57	90	95	66	68	91	28	27	67	89	91	90	52	47	3	12	69	47	99	-1	88	26	11	51	77	15	79	56	97	63	55	28	63	1	77	77	86	95	48	27	2	70	92	15	77	86	15	18	29	8	92	60	8	64	44	7	70	
55	39	98	12	13	100	59	14	52	58	27	50	27	82	88	36	59	76	95	38	32	12	39	1	69	3	6	98	98	50	10	25	13	35	2	61	49	70	34	41	39	46	50	40	15	86	26	19	75	72	92	94	53	21	79	49	17	65	82	18	41	11	88	-1	97	36	40	37	39	86	13	27	14	3	76	35	32	44	51	61	45	95	4	15	82	73	91	20	4	42	2	81	1	89	100	97	8	81	25	49	
67	85	81	91	9	52	71	9	62	31	52	30	45	76	41	9	45	80	92	16	2	7	58	17	92	16	30	75	50	40	68	16	80	38	99	37	84	78	56	32	42	35	16	91	77	27	26	91	5	8	94	37	56	57	65	99	49	67	71	12	17	57	26	97	-1	77	62	97	51	19	56	22	22	85	16	80	66	74	60	75	2	76	14	15	59	28	27	63	23	23	82	50	26	100	59	31	91	29	56	59	
72	95	73	27	15	7	33	69	32	82	81	73	83	25	65	47	8	17	97	34	77	49	30	21	93	57	99	55	31	79	48	89	31	75	3	93	90	50	48	78	11	25	47	70	51	24	87	97	37	74	86	63	82	95	25	82	71	62	94	98	37	13	11	36	77	-1	15	11	43	49	5	62	28	17	94	23	49	91	23	28	52	73	47	38	23	72	74	97	11	80	74	17	17	75	50	27	56	24	72	82	
61	65	98	68	1	79	27	39	8	82	26	44	34	98	68	13	47	42	44	88	6	40	51	13	56	32	60	99	59	53	81	92	88	98	34	49	92	50	40	27	39	31	19	70	46	10	65	67	38	32	2	71	5	10	78	35	95	34	18	41	84	40	51	40	62	15	-1	45	78	11	55	95	10	28	90	28	81	32	46	51	62	27	27	46	13	71	39	51	27	64	76	77	25	71	55	38	55	57	23	10	
31	33	64	43	37	67	62	69	51	9	48	74	19	12	4	8	21	20	6	43	22	53	12	87	72	57	32	65	60	45	30	25	9	18	4	50	61	81	61	35	5	38	3	67	53	14	99	99	83	55	72	69	9	69	92	4	37	93	62	57	22	43	77	37	97	11	45	-1	92	85	40	19	12	36	70	67	25	4	55	33	82	87	55	75	61	77	49	32	26	36	19	57	8	32	13	98	25	46	28	54	
28	6	98	30	96	57	24	24	64	31	86	75	87	17	30	59	85	78	5	70	67	47	73	98	98	52	70	13	92	34	84	35	75	13	23	62	95	8	7	78	69	64	15	92	32	19	67	70	93	39	22	100	17	83	4	73	81	67	98	22	14	6	15	39	51	43	78	92	-1	61	41	5	86	51	95	91	38	30	47	93	69	40	95	11	100	84	21	7	100	30	39	59	51	45	68	82	51	77	95	52	
22	78	58	25	62	17	45	1	86	65	94	29	72	56	22	21	16	69	29	58	26	47	45	40	63	51	18	90	94	26	95	23	23	51	70	67	67	49	27	20	33	70	71	54	25	33	62	28	30	44	13	84	18	81	71	63	12	27	90	77	42	16	79	86	19	49	11	85	61	-1	1	13	18	58	73	26	91	81	19	92	94	49	18	52	64	85	75	40	86	78	56	23	32	41	17	76	43	56	66	32	
69	22	4	7	73	25	86	21	63	82	26	77	13	32	1	64	52	74	57	94	78	28	96	94	69	98	3	6	88	91	50	33	17	14	48	66	33	100	10	68	47	69	33	41	16	75	52	77	43	100	47	81	100	2	28	17	89	41	27	82	99	73	56	13	56	5	55	40	41	1	-1	41	51	38	1	84	51	40	14	59	100	89	100	8	64	57	8	17	67	93	6	56	40	56	36	88	39	20	100	54	
26	58	4	42	99	22	24	85	65	49	28	88	61	28	38	25	43	97	42	87	3	9	46	91	7	78	8	57	6	78	79	73	24	26	75	18	36	26	98	45	4	3	6	96	5	6	57	50	68	42	6	36	10	22	16	70	96	29	74	13	54	55	97	27	22	62	95	19	5	13	41	-1	17	99	81	27	13	63	69	4	24	67	62	76	40	95	66	13	20	86	37	86	43	49	25	39	54	71	38	89	
82	4	81	31	63	60	38	55	23	28	10	38	56	25	24	35	50	41	76	65	2	28	51	35	14	37	66	63	47	32	76	52	55	7	3	47	40	8	78	92	73	28	88	70	11	41	96	8	39	97	78	35	92	17	49	91	6	42	35	34	66	90	63	14	22	28	10	12	86	18	51	17	-1	95	95	41	52	23	90	61	78	94	70	48	65	94	57	63	96	57	58	89	94	23	57	46	20	67	77	91	
4	95	29	38	82	43	56	32	31	17	29	27	33	57	47	34	35	90	44	50	30	82	98	97	21	90	79	66	78	57	88	41	32	61	62	71	77	63	8	64	91	40	73	19	15	58	54	16	59	18	59	73	49	70	48	85	10	60	43	14	31	14	55	3	85	17	28	36	51	58	38	99	95	-1	44	32	67	72	65	16	44	48	21	20	35	44	60	11	60	30	56	63	28	44	22	43	98	66	98	56	
62	33	69	9	91	50	78	68	44	33	93	81	28	66	100	80	63	90	75	82	75	79	54	76	92	70	63	81	76	84	60	8	27	63	16	96	100	66	7	65	80	70	52	87	98	42	25	66	92	80	16	46	56	83	12	26	8	18	8	34	37	36	28	76	16	94	90	70	95	73	1	81	95	44	-1	5	77	41	58	75	88	34	67	86	22	87	41	9	57	6	99	13	45	24	82	4	65	55	17	22	
31	39	16	13	94	95	55	22	24	79	49	74	94	15	4	74	10	95	93	38	34	52	75	62	18	74	48	95	31	66	88	2	53	29	16	42	64	98	89	100	11	23	99	88	1	7	48	14	73	50	91	60	47	31	9	91	13	98	76	91	83	74	63	35	80	23	28	67	91	26	84	27	41	32	5	-1	47	98	87	74	77	1	86	24	82	88	100	52	29	5	97	29	46	76	44	31	31	46	35	93	
6	95	10	53	86	90	4	9	71	82	49	75	65	83	87	8	14	20	20	76	13	33	72	52	89	14	72	48	69	39	58	79	41	93	56	27	23	47	97	26	66	4	7	32	72	14	6	42	37	9	92	27	58	4	28	61	92	94	61	83	3	32	1	32	66	49	81	25	38	91	51	13	52	67	77	47	-1	21	91	92	76	23	4	50	32	45	49	75	48	97	4	95	24	54	38	76	80	14	78	84	
99	34	69	38	33	8	23	1	28	7	57	15	8	86	3	32	97	19	81	28	58	50	4	17	51	61	4	45	50	65	88	94	22	31	77	89	24	28	30	47	94	63	49	25	61	52	41	71	97	35	12	36	13	18	14	54	36	96	46	41	15	45	77	44	74	91	32	4	30	81	40	63	23	72	41	98	21	-1	52	10	91	92	58	23	73	86	95	67	67	57	82	68	43	16	70	60	42	96	50	90	
32	63	49	6	32	57	16	70	71	46	6	6	80	17	60	27	32	78	10	97	91	74	16	92	75	20	35	77	15	57	19	64	42	94	29	41	78	92	57	95	24	97	48	49	18	98	8	96	77	76	8	84	73	77	72	34	52	92	4	71	66	91	77	51	60	23	46	55	47	19	14	69	90	65	58	87	91	52	-1	6	82	34	60	85	36	39	34	72	30	91	86	8	25	6	76	15	23	95	88	63	
96	26	78	43	73	92	57	9	97	99	65	62	94	89	46	94	11	94	10	93	78	58	29	65	61	48	86	17	54	52	78	52	17	44	55	78	66	51	92	83	83	46	96	9	61	36	47	15	51	14	7	76	27	47	20	64	98	56	33	19	42	30	86	61	75	28	51	33	93	92	59	4	61	16	75	74	92	10	6	-1	26	39	85	98	77	3	52	89	67	17	45	99	27	6	74	64	95	41	38	99	
94	53	32	78	100	100	85	9	3	71	71	64	83	25	5	84	48	32	64	85	74	64	53	10	7	37	81	4	37	97	94	35	40	75	99	22	21	77	53	80	72	46	53	50	46	8	92	90	43	4	34	6	8	83	22	26	84	73	64	100	97	64	95	45	2	52	62	82	69	94	100	24	78	44	88	77	76	91	82	26	-1	93	41	87	11	75	26	23	33	2	85	59	7	13	27	53	99	79	17	20	
99	16	36	32	48	91	68	71	89	85	90	34	83	36	78	44	43	1	44	87	20	25	76	60	46	30	43	23	36	11	20	9	88	71	8	88	40	7	64	58	23	72	25	17	10	50	91	35	89	63	73	56	29	55	58	71	38	13	4	85	54	82	48	95	76	73	27	87	40	49	89	67	94	48	34	1	23	92	34	39	93	-1	83	74	17	42	71	26	43	9	60	65	5	97	32	76	15	33	65	78	
88	7	17	74	3	37	80	23	23	46	21	97	81	66	80	24	42	33	33	48	50	1	29	39	40	52	11	97	83	82	57	96	74	21	64	9	94	11	89	58	93	12	24	42	33	89	76	91	72	37	25	10	86	52	74	86	27	86	81	17	43	74	27	4	14	47	27	55	95	18	100	62	70	21	67	86	4	58	60	85	41	83	-1	76	55	74	27	45	33	4	64	66	74	65	17	86	37	27	67	58	
36	32	76	89	23	16	61	13	51	36	44	67	81	46	51	52	75	96	67	18	97	22	30	100	13	27	65	55	62	51	1	32	20	19	46	17	46	99	37	97	61	20	8	97	11	58	26	24	9	94	70	84	68	58	13	46	32	28	86	57	65	17	2	15	15	38	46	75	11	52	8	76	48	20	86	24	50	23	85	98	87	74	76	-1	84	71	91	35	23	96	26	84	44	6	99	77	87	45	34	14	
32	17	13	42	18	53	31	74	48	26	27	28	22	32	3	41	56	60	39	13	56	99	20	55	70	30	88	72	77	55	24	73	40	46	92	56	79	80	48	13	50	91	93	43	69	15	9	44	53	5	56	4	21	53	95	21	29	14	18	100	92	74	70	82	59	23	13	61	100	64	64	40	65	35	22	82	32	73	36	77	11	17	55	84	-1	89	55	82	74	70	1	58	44	5	81	35	99	87	1	29	
22	93	19	45	2	91	79	47	87	85	18	83	25	42	60	86	28	24	12	22	31	14	97	56	96	25	20	80	60	93	100	8	67	34	46	7	22	87	28	7	96	51	42	75	23	28	53	61	63	33	26	26	37	14	67	67	48	24	8	100	18	11	92	73	28	72	71	77	84	85	57	95	94	44	87	88	45	86	39	3	75	42	74	71	89	-1	84	64	42	50	92	76	12	91	70	98	17	97	47	81	
7	56	48	42	64	9	56	91	85	42	25	26	44	20	35	72	11	54	57	10	97	100	69	72	46	51	9	75	90	1	70	16	10	91	72	12	12	9	1	73	54	22	8	96	8	32	66	13	63	21	30	7	77	29	20	43	40	49	62	47	73	87	15	91	27	74	39	49	21	75	8	66	57	60	41	100	49	95	34	52	26	71	27	91	55	84	-1	4	7	1	97	47	39	93	1	90	38	20	28	90	
93	78	63	92	21	98	14	21	10	87	45	67	57	69	56	36	67	38	23	38	25	94	86	56	2	12	77	80	65	80	37	95	98	20	100	45	88	7	16	22	18	84	24	23	29	69	26	70	60	34	83	58	33	6	19	79	17	34	35	31	31	76	77	20	63	97	51	32	7	40	17	13	63	11	9	52	75	67	72	89	23	26	45	35	82	64	4	-1	60	72	56	30	7	42	33	25	43	11	72	88	
41	48	4	91	63	78	95	35	38	38	29	9	6	94	34	67	30	40	87	9	96	37	4	86	64	15	69	4	31	71	29	15	85	11	91	34	29	19	88	58	8	7	71	68	34	60	86	37	64	66	95	16	80	98	100	90	6	30	8	43	22	57	86	4	23	11	27	26	100	86	67	20	96	60	57	29	48	67	30	67	33	43	33	23	74	42	7	60	-1	2	87	4	25	88	65	61	73	98	37	74	
73	47	1	79	58	8	30	18	6	75	19	51	24	26	37	15	13	81	48	50	52	87	82	25	29	61	44	9	54	94	50	49	88	95	57	53	71	37	93	64	38	89	52	28	2	9	47	43	65	80	47	5	63	47	79	77	20	4	83	20	45	83	15	42	23	80	64	36	30	78	93	86	57	30	6	5	97	57	91	17	2	9	4	96	70	50	1	72	2	-1	86	46	74	98	79	50	24	19	28	2	
19	53	75	73	9	13	3	26	40	78	67	76	28	23	52	30	6	98	34	4	84	82	86	66	85	28	79	11	58	95	42	89	9	21	16	75	3	52	74	93	37	35	26	46	85	3	13	16	5	57	91	57	30	67	53	90	59	1	68	19	63	53	18	2	82	74	76	19	39	56	6	37	58	56	99	97	4	82	86	45	85	60	64	26	1	92	97	56	87	86	-1	32	43	85	51	49	100	83	66	72	
95	62	52	10	61	14	72	45	88	29	1	32	30	61	65	20	13	52	17	57	16	5	1	97	41	57	76	16	37	55	100	25	80	9	75	36	74	98	31	21	19	15	97	35	69	64	34	65	45	11	43	59	50	43	91	82	15	61	79	51	2	27	29	81	50	17	77	57	59	23	56	86	89	63	13	29	95	68	8	99	59	65	66	84	58	76	47	30	4	46	32	-1	86	21	68	35	30	47	39	87	
6	22	47	32	22	43	28	30	22	29	32	48	61	67	77	44	80	33	40	70	9	37	28	71	26	15	5	41	82	7	20	97	71	93	20	50	72	83	38	26	17	4	5	64	77	44	100	100	32	41	18	43	15	76	35	17	30	2	90	33	7	25	8	1	26	17	25	8	51	32	40	43	94	28	45	46	24	43	25	27	7	5	74	44	44	12	39	7	25	74	43	86	-1	72	28	65	21	41	4	4	
79	67	76	34	84	26	77	99	68	3	81	51	87	62	35	79	57	100	87	17	74	37	91	2	80	74	42	13	33	42	55	10	79	28	60	37	31	21	35	5	56	71	36	24	85	39	87	58	4	1	48	30	20	22	62	86	96	4	69	50	41	76	92	89	100	75	71	32	45	41	56	49	23	44	24	76	54	16	6	6	13	97	65	6	5	91	93	42	88	98	85	21	72	-1	77	78	17	1	50	6	
44	72	64	19	78	2	91	68	16	7	26	48	52	96	5	32	91	36	21	72	41	15	42	33	83	100	4	23	2	23	89	100	43	48	83	23	76	27	96	39	100	56	38	91	90	9	15	15	89	9	44	43	31	23	99	21	85	35	77	15	75	82	60	100	59	50	55	13	68	17	36	25	57	22	82	44	38	70	76	74	27	32	17	99	81	70	1	33	65	79	51	68	28	77	-1	100	52	37	82	14	
73	23	70	57	8	2	27	41	80	94	18	46	10	57	78	87	3	77	23	46	72	14	81	88	97	32	27	56	100	66	86	14	78	10	71	30	12	26	15	4	75	39	31	1	17	97	33	48	25	52	16	57	98	2	39	63	92	60	2	25	86	15	8	97	31	27	38	98	82	76	88	39	46	43	4	31	76	60	15	64	53	76	86	77	35	98	90	25	61	50	49	35	65	78	100	-1	4	57	97	12	
5	68	2	7	12	48	37	36	67	49	40	51	35	93	53	41	57	81	22	65	25	83	82	63	60	33	35	59	60	54	10	1	89	51	13	96	52	52	40	27	96	54	47	48	42	24	47	93	16	35	66	17	28	83	64	9	22	26	50	1	91	67	64	8	91	56	55	25	51	43	39	54	20	98	65	31	80	42	23	95	99	15	37	87	99	17	38	43	73	24	100	30	21	17	52	4	-1	23	46	38	
9	63	33	93	99	80	17	27	9	79	81	37	72	81	19	39	27	75	45	70	54	22	16	22	53	32	96	94	49	88	46	64	74	11	44	66	58	81	98	9	28	28	96	40	57	25	20	36	70	60	34	47	72	71	65	56	70	71	21	10	89	43	44	81	29	24	57	46	77	56	20	71	67	66	55	46	14	96	95	41	79	33	27	45	87	97	20	11	98	19	83	47	41	1	37	57	23	-1	82	33	
2	20	65	20	11	91	26	78	90	89	96	80	76	58	88	90	56	79	38	44	30	87	54	14	67	57	72	5	6	40	27	22	98	30	96	2	78	46	79	27	68	52	59	17	29	23	59	27	39	29	19	59	11	85	97	37	96	26	83	5	29	5	7	25	56	72	23	28	95	66	100	38	77	98	17	35	78	50	88	38	17	65	67	34	1	47	28	72	37	28	66	39	4	50	82	97	46	82	-1	77	
92	10	54	14	10	55	32	3	12	36	68	69	71	47	15	56	57	86	36	76	77	16	28	16	96	21	27	58	7	36	42	55	16	22	3	11	32	10	97	45	99	42	50	91	49	20	43	56	53	35	67	4	77	6	35	13	54	22	75	2	92	33	70	49	59	82	10	54	52	32	54	89	91	56	22	93	84	90	63	99	20	78	58	14	29	81	90	88	74	2	72	87	4	6	14	12	38	33	77	-1	
