100
-1	3	66	98	92	77	57	41	95	9	94	27	81	61	32	67	70	11	96	14	53	18	78	46	90	47	68	39	23	53	87	70	18	4	91	98	77	2	93	55	29	47	7	48	84	43	62	20	86	13	42	81	41	2	79	21	8	30	4	20	77	95	65	17	99	8	25	17	30	19	11	29	4	46	27	12	72	90	93	100	41	46	90	87	77	59	72	5	38	84	63	52	69	71	91	16	57	12	32	52	
3	-1	19	9	67	61	100	55	63	81	50	49	52	11	10	70	83	89	93	88	46	74	13	70	53	5	15	94	13	1	43	39	8	79	68	24	30	5	32	50	86	1	10	2	16	57	42	71	65	19	72	30	75	36	70	75	43	33	51	51	64	78	36	34	6	63	56	23	75	87	90	26	28	30	27	73	99	74	53	54	36	34	20	64	78	95	78	4	64	2	28	71	83	14	55	33	9	42	12	75	
66	19	-1	26	62	96	39	86	14	3	28	35	98	31	86	61	28	91	11	47	27	48	96	40	98	92	89	90	45	89	95	29	9	52	19	19	85	43	67	79	40	20	72	64	30	63	52	31	23	30	67	27	1	91	73	23	52	33	14	14	2	30	72	7	73	48	72	31	46	95	79	59	84	83	52	4	100	11	3	66	13	33	67	65	87	54	47	30	44	100	30	97	55	70	73	6	89	56	90	22	
98	9	26	-1	28	84	70	38	1	48	53	22	9	37	73	15	16	15	88	25	55	54	59	69	74	93	60	62	31	9	30	58	28	52	36	58	83	45	22	89	65	59	38	59	22	74	90	53	91	82	77	84	39	47	5	10	86	31	68	38	62	14	30	20	12	63	78	21	31	20	11	48	27	79	41	36	66	58	71	52	85	20	95	93	73	57	4	19	76	56	28	35	44	54	22	75	44	74	97	2	
92	67	62	28	-1	20	15	34	9	91	26	70	18	4	92	92	44	60	6	5	16	55	75	1	91	20	94	49	8	74	37	42	39	8	53	77	37	67	43	47	98	42	2	42	17	98	22	20	90	59	36	80	62	87	35	95	46	46	90	22	21	42	75	85	16	40	56	77	43	50	52	97	34	14	96	13	19	7	22	44	46	6	57	100	18	96	67	79	1	62	12	69	55	41	12	35	47	56	90	30	
77	61	96	84	20	-1	43	18	93	20	97	24	52	14	58	22	77	43	94	9	39	48	16	46	76	69	35	92	44	94	97	99	99	37	59	88	85	43	10	83	24	46	96	68	97	50	45	5	3	90	80	92	36	89	33	65	2	36	21	9	25	70	80	5	21	23	13	84	55	29	26	58	99	24	70	99	49	32	5	43	56	81	43	27	89	54	24	81	52	12	57	35	48	49	50	49	2	48	63	40	
57	100	39	70	15	43	-1	1	12	17	49	47	65	47	7	74	13	69	92	91	99	51	2	26	88	53	54	8	19	9	8	26	50	29	53	34	97	24	4	43	19	23	70	32	67	56	10	61	21	17	8	37	88	1	22	95	70	32	8	84	66	1	14	20	6	21	71	13	37	37	68	56	18	26	92	21	86	52	98	54	87	73	11	58	81	16	37	95	93	86	3	65	56	15	91	85	52	36	57	71	
41	55	86	38	34	18	1	-1	1	44	13	2	23	56	58	20	71	15	85	44	19	38	86	54	38	49	84	16	84	46	59	7	14	33	53	24	1	100	62	75	41	76	61	59	15	84	6	31	94	26	93	49	66	95	19	61	6	14	80	96	84	24	68	2	27	31	70	96	72	48	38	98	32	61	22	28	53	31	75	35	82	88	100	67	52	65	27	87	22	85	55	28	37	13	51	77	65	43	57	10	
95	63	14	1	9	93	12	1	-1	90	61	1	48	43	88	86	29	35	88	1	8	56	69	61	19	4	86	27	7	86	34	95	60	94	44	58	66	60	3	46	30	55	30	34	69	97	76	27	70	33	67	56	70	23	66	16	81	27	72	65	34	13	23	95	91	16	34	78	99	69	34	49	8	74	59	51	8	78	1	31	6	96	17	40	5	20	66	85	45	65	51	59	52	51	46	34	7	34	5	96	
9	81	3	48	91	20	17	44	90	-1	17	4	25	98	48	28	96	67	51	92	72	72	54	76	36	89	100	71	21	8	58	68	57	51	77	33	26	42	14	93	59	27	91	100	59	69	37	40	2	27	84	1	23	69	79	68	67	67	84	55	11	69	53	63	40	91	1	19	76	62	37	36	79	54	67	86	12	90	52	71	80	9	64	93	53	22	98	72	27	74	17	80	13	4	51	16	28	53	47	56	
94	50	28	53	26	97	49	13	61	17	-1	75	22	56	56	58	27	59	78	88	37	25	24	47	90	19	45	83	51	50	66	50	42	99	43	26	97	22	100	91	83	44	85	27	30	35	81	63	25	49	18	56	2	4	44	30	46	77	29	35	88	30	31	43	67	61	64	83	48	94	30	79	88	56	37	100	10	93	46	78	27	91	41	43	93	25	14	33	54	5	32	88	49	45	26	62	78	13	86	74	
27	49	35	22	70	24	47	2	1	4	75	-1	6	13	91	55	44	87	33	23	2	67	64	96	47	5	33	37	35	43	28	8	20	40	74	55	98	28	81	40	69	93	78	53	33	9	14	56	23	73	85	51	30	17	50	88	60	21	75	59	62	68	47	84	49	22	29	34	15	99	100	52	34	46	99	4	10	3	68	69	65	53	60	69	30	19	65	70	78	33	6	52	99	26	81	100	82	91	26	96	
81	52	98	9	18	52	65	23	48	25	22	6	-1	64	94	96	22	99	20	66	1	34	31	28	86	42	9	86	56	90	5	8	70	41	7	86	56	15	34	42	40	22	95	88	30	22	37	89	15	90	63	51	50	16	21	47	83	90	83	80	20	47	59	84	61	58	45	69	76	29	59	17	69	72	13	61	26	83	3	70	78	62	98	85	51	47	49	81	13	45	96	50	97	83	84	40	94	35	52	97	
61	11	31	37	4	14	47	56	43	98	56	13	64	-1	7	8	91	35	25	70	35	13	67	56	93	76	31	38	14	57	62	5	46	61	3	43	32	27	16	68	37	65	62	77	3	34	73	70	68	32	63	47	11	5	97	66	56	46	11	8	71	78	41	81	30	60	97	85	82	32	4	16	94	87	7	56	76	41	63	14	87	15	44	71	34	21	57	87	93	97	28	59	33	85	71	14	39	25	80	1	
32	10	86	73	92	58	7	58	88	48	56	91	94	7	-1	71	81	45	93	87	41	47	77	85	97	56	20	92	68	46	41	100	36	46	9	63	84	9	43	64	37	65	62	62	9	83	61	32	72	24	13	63	4	46	6	83	76	28	87	87	48	88	55	72	15	60	3	41	36	87	12	36	51	94	96	42	71	82	91	27	4	48	6	60	91	10	13	22	71	51	93	24	55	3	44	52	81	55	24	90	
67	70	61	15	92	22	74	20	86	28	58	55	96	8	71	-1	25	44	50	52	34	62	68	13	16	66	57	92	27	21	83	100	95	93	96	62	4	90	1	42	92	66	5	42	47	84	74	91	62	71	41	89	55	97	50	21	84	98	53	1	82	11	72	92	79	59	25	27	51	72	56	35	4	97	96	83	84	27	40	16	64	5	33	91	66	24	26	3	58	22	41	96	36	43	16	64	16	82	63	48	
70	83	28	16	44	77	13	71	29	96	27	44	22	91	81	25	-1	16	18	48	49	46	96	14	19	21	90	22	17	58	92	74	42	14	30	97	51	26	95	80	87	78	8	41	32	86	52	5	26	86	47	86	16	79	76	83	29	74	79	36	37	77	94	45	26	4	60	45	5	90	80	30	24	55	55	54	63	40	64	17	97	45	67	62	90	35	56	64	31	54	89	82	38	60	15	24	30	63	24	3	
11	89	91	15	60	43	69	15	35	67	59	87	99	35	45	44	16	-1	61	83	25	14	56	72	95	79	14	75	31	26	1	34	86	17	10	89	72	11	43	26	13	40	2	88	1	88	79	76	60	51	34	88	51	58	6	24	36	57	25	22	40	60	14	17	73	69	99	57	69	49	22	81	5	74	94	85	82	50	1	50	64	54	61	87	24	49	64	64	10	38	24	26	23	79	47	45	87	59	70	29	
96	93	11	88	6	94	92	85	88	51	78	33	20	25	93	50	18	61	-1	34	67	60	68	47	64	6	10	98	85	60	54	31	22	62	8	27	43	92	100	50	63	59	34	24	7	17	99	88	8	23	34	39	20	53	90	83	39	41	67	95	64	56	43	48	53	81	52	13	93	51	35	43	48	30	3	68	68	8	14	61	15	74	79	61	91	32	44	84	73	29	34	3	33	60	67	98	86	10	59	20	
14	88	47	25	5	9	91	44	1	92	88	23	66	70	87	52	48	83	34	-1	85	77	90	77	98	24	96	54	55	44	15	85	67	62	5	91	2	67	50	50	27	16	92	30	95	78	27	26	16	64	12	27	4	74	48	33	27	14	86	27	54	17	85	36	30	45	99	33	4	28	15	73	10	35	68	58	89	88	21	2	17	12	64	58	2	45	50	18	37	28	17	77	54	18	33	83	19	65	87	32	
53	46	27	55	16	39	99	19	8	72	37	2	1	35	41	34	49	25	67	85	-1	45	24	43	46	44	74	60	17	85	67	33	30	48	7	14	18	60	4	87	68	42	46	8	74	76	49	91	24	33	87	69	82	8	99	91	52	3	73	8	14	54	66	74	36	45	22	99	86	28	93	84	16	72	99	84	30	70	8	78	86	54	63	18	86	43	68	75	35	10	55	57	70	64	39	13	10	64	20	26	
18	74	48	54	55	48	51	38	56	72	25	67	34	13	47	62	46	14	60	77	45	-1	22	52	97	17	21	74	9	80	35	22	68	74	54	9	28	82	57	29	81	66	35	32	69	95	12	15	40	38	71	77	44	84	63	46	36	53	71	43	46	69	27	82	69	17	46	10	40	84	57	79	60	29	89	27	80	49	84	75	94	32	32	68	97	64	92	56	61	85	15	57	3	66	86	68	86	32	5	53	
78	13	96	59	75	16	2	86	69	54	24	64	31	67	77	68	96	56	68	90	24	22	-1	73	85	57	3	26	52	61	94	5	55	38	8	65	35	67	41	96	32	1	24	70	60	96	75	60	60	70	26	37	6	36	79	60	89	37	14	75	10	73	85	19	23	39	47	17	8	78	44	17	93	31	64	53	87	54	41	49	15	17	70	68	13	5	14	81	38	62	52	2	7	79	100	13	66	30	86	18	
46	70	40	69	1	46	26	54	61	76	47	96	28	56	85	13	14	72	47	77	43	52	73	-1	7	65	13	16	29	61	15	43	29	21	43	85	98	10	47	100	17	74	31	39	19	67	94	9	68	26	87	98	11	31	22	7	75	83	29	8	28	23	85	76	7	94	25	77	22	6	69	57	43	99	86	24	54	5	14	30	77	91	78	71	20	43	84	89	81	88	54	23	85	53	82	56	100	28	39	13	
90	53	98	74	91	76	88	38	19	36	90	47	86	93	97	16	19	95	64	98	46	97	85	7	-1	70	80	80	62	71	98	88	10	12	2	17	38	73	76	85	52	65	9	98	12	17	60	37	15	69	4	46	22	9	76	25	41	35	44	88	49	36	49	55	26	28	100	76	9	21	47	41	77	59	49	90	88	98	12	75	53	24	39	13	20	30	48	4	89	48	62	5	12	3	28	25	20	18	83	30	
47	5	92	93	20	69	53	49	4	89	19	5	42	76	56	66	21	79	6	24	44	17	57	65	70	-1	23	45	100	20	70	54	32	50	1	32	79	42	65	33	63	87	96	10	87	42	41	50	7	35	24	55	1	16	96	4	13	78	59	19	86	83	10	77	69	4	38	16	93	68	26	20	63	72	35	58	94	60	36	88	94	86	53	37	34	30	37	44	32	94	39	50	57	75	58	29	48	75	57	38	
68	15	89	60	94	35	54	84	86	100	45	33	9	31	20	57	90	14	10	96	74	21	3	13	80	23	-1	51	60	70	51	67	36	20	37	99	59	95	15	20	99	43	80	51	50	89	10	59	9	49	96	89	86	67	17	74	15	48	77	8	9	79	63	51	80	13	40	29	85	30	95	23	76	5	9	70	76	42	75	91	91	82	42	23	90	38	90	22	47	12	2	80	57	58	38	68	34	36	42	36	
39	94	90	62	49	92	8	16	27	71	83	37	86	38	92	92	22	75	98	54	60	74	26	16	80	45	51	-1	8	37	95	57	54	20	72	41	87	13	59	3	72	97	63	26	9	62	71	84	57	76	40	79	27	31	96	81	68	54	16	68	71	31	92	18	70	41	8	39	17	2	49	15	15	28	24	26	17	14	89	96	64	82	8	46	55	42	29	2	8	99	22	2	5	18	1	12	90	18	45	69	
23	13	45	31	8	44	19	84	7	21	51	35	56	14	68	27	17	31	85	55	17	9	52	29	62	100	60	8	-1	77	60	77	59	55	73	80	79	33	25	16	39	52	32	13	48	97	18	8	16	88	7	11	10	56	84	83	61	84	11	37	62	95	29	17	44	17	38	80	74	60	76	95	36	70	3	88	82	21	81	5	22	66	82	23	54	51	6	65	61	83	14	61	78	15	35	46	93	30	61	59	
53	1	89	9	74	94	9	46	86	8	50	43	90	57	46	21	58	26	60	44	85	80	61	61	71	20	70	37	77	-1	55	52	3	11	60	100	39	89	7	47	29	5	32	40	67	28	32	66	12	56	54	50	57	52	41	98	59	51	71	22	55	46	96	76	94	23	21	91	56	27	39	7	87	32	99	1	7	47	31	61	18	68	94	87	5	100	100	18	97	58	20	85	63	61	67	80	92	100	18	55	
87	43	95	30	37	97	8	59	34	58	66	28	5	62	41	83	92	1	54	15	67	35	94	15	98	70	51	95	60	55	-1	6	75	94	86	63	81	89	77	51	27	68	44	91	20	80	85	30	89	98	32	5	35	99	80	39	43	99	64	91	77	48	73	76	92	49	82	88	25	49	55	80	6	22	3	88	73	89	76	4	24	43	80	86	59	5	61	33	60	52	44	73	7	33	87	91	63	71	8	76	
70	39	29	58	42	99	26	7	95	68	50	8	8	5	100	100	74	34	31	85	33	22	5	43	88	54	67	57	77	52	6	-1	75	32	29	53	12	65	46	49	94	40	20	3	37	36	87	33	10	20	86	34	38	79	49	39	42	96	11	80	31	60	29	97	84	76	54	93	98	97	25	2	60	69	9	38	79	72	19	59	11	63	9	70	54	95	57	9	77	77	15	36	29	77	23	4	12	56	50	59	
18	8	9	28	39	99	50	14	60	57	42	20	70	46	36	95	42	86	22	67	30	68	55	29	10	32	36	54	59	3	75	75	-1	8	51	80	27	18	84	35	95	99	75	34	93	59	6	20	69	83	77	65	58	16	61	13	30	81	41	52	73	58	33	74	16	73	82	28	60	93	10	90	56	96	98	30	90	25	25	69	94	51	63	81	80	37	6	75	33	66	68	58	99	98	5	8	64	86	42	71	
4	79	52	52	8	37	29	33	94	51	99	40	41	61	46	93	14	17	62	62	48	74	38	21	12	50	20	20	55	11	94	32	8	-1	52	80	46	30	10	63	20	29	85	86	81	78	50	14	88	66	89	53	55	43	48	56	71	67	96	13	54	5	7	94	80	95	12	52	73	11	16	51	49	30	69	29	42	30	42	13	9	94	50	27	57	20	88	81	89	22	98	59	72	17	84	70	3	62	32	53	
91	68	19	36	53	59	53	53	44	77	43	74	7	3	9	96	30	10	8	5	7	54	8	43	2	1	37	72	73	60	86	29	51	52	-1	77	22	4	1	90	80	87	79	86	41	76	84	19	91	19	20	42	78	65	90	86	79	26	31	62	93	5	9	47	90	60	2	97	13	68	45	38	13	71	36	75	95	96	50	67	27	100	7	17	53	63	98	26	78	20	2	36	47	48	100	13	9	95	92	10	
98	24	19	58	77	88	34	24	58	33	26	55	86	43	63	62	97	89	27	91	14	9	65	85	17	32	99	41	80	100	63	53	80	80	77	-1	74	45	2	21	8	69	7	44	72	20	28	33	60	20	2	35	13	65	35	34	70	76	79	22	61	98	19	24	65	23	22	42	19	39	53	59	29	53	41	42	20	62	89	55	25	24	89	27	26	28	93	25	65	37	83	57	81	7	33	68	21	82	1	95	
77	30	85	83	37	85	97	1	66	26	97	98	56	32	84	4	51	72	43	2	18	28	35	98	38	79	59	87	79	39	81	12	27	46	22	74	-1	2	90	33	1	20	78	57	28	51	44	98	71	42	81	66	65	92	13	89	48	79	4	6	56	85	94	34	98	21	65	76	84	69	9	39	90	41	21	20	74	9	56	74	8	14	72	98	37	43	46	27	42	46	66	79	79	20	89	8	53	88	52	4	
2	5	43	45	67	43	24	100	60	42	22	28	15	27	9	90	26	11	92	67	60	82	67	10	73	42	95	13	33	89	89	65	18	30	4	45	2	-1	34	38	42	18	67	4	78	65	28	6	90	30	27	59	72	64	76	75	27	70	11	19	93	43	98	93	50	24	41	36	7	13	15	20	39	15	63	66	33	69	19	18	12	34	79	76	72	9	89	89	90	38	51	98	45	45	30	14	10	81	94	20	
93	32	67	22	43	10	4	62	3	14	100	81	34	16	43	1	95	43	100	50	4	57	41	47	76	65	15	59	25	7	77	46	84	10	1	2	90	34	-1	49	6	43	31	21	93	6	33	54	51	50	54	89	77	44	81	83	96	64	43	73	45	55	63	68	6	2	58	37	1	9	48	15	28	44	47	44	45	52	30	64	68	41	52	20	44	66	39	38	51	2	66	18	88	10	47	60	89	87	65	34	
55	50	79	89	47	83	43	75	46	93	91	40	42	68	64	42	80	26	50	50	87	29	96	100	85	33	20	3	16	47	51	49	35	63	90	21	33	38	49	-1	60	9	9	97	62	56	11	100	15	54	30	37	20	53	54	46	74	82	96	53	14	78	87	35	30	96	60	7	95	4	75	11	95	43	5	7	1	62	37	16	42	23	19	3	78	57	98	11	32	23	81	68	98	48	96	4	17	26	68	47	
29	86	40	65	98	24	19	41	30	59	83	69	40	37	37	92	87	13	63	27	68	81	32	17	52	63	99	72	39	29	27	94	95	20	80	8	1	42	6	60	-1	35	45	24	10	34	25	25	9	44	23	97	29	19	99	67	43	23	41	22	58	5	18	6	71	87	13	19	79	25	35	81	72	26	54	16	12	24	29	5	19	64	45	33	71	33	19	60	24	42	66	28	5	42	85	32	73	76	16	47	
47	1	20	59	42	46	23	76	55	27	44	93	22	65	65	66	78	40	59	16	42	66	1	74	65	87	43	97	52	5	68	40	99	29	87	69	20	18	43	9	35	-1	43	83	23	25	60	92	48	23	69	41	59	98	8	40	78	18	82	61	78	100	36	64	39	54	2	43	10	33	39	66	13	35	55	15	87	75	41	32	58	78	65	51	9	34	65	29	86	92	70	34	68	70	85	25	80	99	38	35	
7	10	72	38	2	96	70	61	30	91	85	78	95	62	62	5	8	2	34	92	46	35	24	31	9	96	80	63	32	32	44	20	75	85	79	7	78	67	31	9	45	43	-1	69	70	86	96	9	5	40	96	78	90	1	83	25	15	92	40	73	99	70	91	40	92	46	77	10	69	1	31	86	63	5	2	36	48	15	83	79	12	30	99	84	12	10	60	99	99	73	56	71	23	83	29	60	20	92	6	50	
48	2	64	59	42	68	32	59	34	100	27	53	88	77	62	42	41	88	24	30	8	32	70	39	98	10	51	26	13	40	91	3	34	86	86	44	57	4	21	97	24	83	69	-1	79	94	69	99	46	63	53	77	58	85	50	15	40	89	47	14	28	57	16	82	99	41	36	81	88	87	52	74	13	58	24	99	63	100	93	74	12	76	88	56	3	71	26	53	77	52	61	43	10	53	10	82	41	28	7	85	
84	16	30	22	17	97	67	15	69	59	30	33	30	3	9	47	32	1	7	95	74	69	60	19	12	87	50	9	48	67	20	37	93	81	41	72	28	78	93	62	10	23	70	79	-1	89	88	75	91	40	33	28	26	1	73	4	72	25	79	27	95	73	68	15	6	71	29	13	39	46	64	47	85	59	34	87	83	5	72	59	30	67	73	37	33	53	51	37	7	81	9	84	12	3	93	28	33	74	58	2	
43	57	63	74	98	50	56	84	97	69	35	9	22	34	83	84	86	88	17	78	76	95	96	67	17	42	89	62	97	28	80	36	59	78	76	20	51	65	6	56	34	25	86	94	89	-1	30	72	4	67	25	79	67	17	9	98	48	99	23	28	5	96	43	99	64	73	30	8	74	98	22	13	14	50	71	34	20	16	9	4	42	85	10	63	34	31	57	43	48	36	10	86	26	72	81	31	54	99	9	66	
62	42	52	90	22	45	10	6	76	37	81	14	37	73	61	74	52	79	99	27	49	12	75	94	60	41	10	71	18	32	85	87	6	50	84	28	44	28	33	11	25	60	96	69	88	30	-1	82	95	66	3	87	40	99	100	94	36	27	14	2	93	30	38	48	85	82	100	16	82	80	73	37	90	61	90	21	40	89	15	49	27	79	89	87	31	45	50	2	66	100	14	28	21	51	96	89	58	1	9	91	
20	71	31	53	20	5	61	31	27	40	63	56	89	70	32	91	5	76	88	26	91	15	60	9	37	50	59	84	8	66	30	33	20	14	19	33	98	6	54	100	25	92	9	99	75	72	82	-1	56	65	16	40	65	29	34	87	32	89	48	22	71	25	71	44	30	13	97	31	33	1	73	80	6	16	61	77	91	92	94	58	19	39	13	76	38	93	36	23	50	46	87	23	59	64	29	36	18	52	54	36	
86	65	23	91	90	3	21	94	70	2	25	23	15	68	72	62	26	60	8	16	24	40	60	68	15	7	9	57	16	12	89	10	69	88	91	60	71	90	51	15	9	48	5	46	91	4	95	56	-1	22	69	1	41	95	18	24	32	44	62	27	93	6	92	91	52	73	52	53	20	74	2	90	6	82	17	95	32	83	89	95	14	8	69	100	12	38	88	7	9	68	12	64	24	58	91	42	50	89	34	87	
13	19	30	82	59	90	17	26	33	27	49	73	90	32	24	71	86	51	23	64	33	38	70	26	69	35	49	76	88	56	98	20	83	66	19	20	42	30	50	54	44	23	40	63	40	67	66	65	22	-1	91	29	83	11	64	21	99	13	20	88	96	98	61	92	59	44	17	63	6	66	74	7	4	74	99	58	13	58	16	99	31	92	100	11	89	72	92	48	19	79	75	33	90	69	12	30	61	63	96	71	
42	72	67	77	36	80	8	93	67	84	18	85	63	63	13	41	47	34	34	12	87	71	26	87	4	24	96	40	7	54	32	86	77	89	20	2	81	27	54	30	23	69	96	53	33	25	3	16	69	91	-1	96	19	53	63	97	75	18	63	12	31	71	70	28	38	99	23	98	91	24	89	83	70	23	32	98	18	37	69	27	67	77	70	59	87	15	57	75	4	68	36	90	86	3	63	39	75	59	46	4	
81	30	27	84	80	92	37	49	56	1	56	51	51	47	63	89	86	88	39	27	69	77	37	98	46	55	89	79	11	50	5	34	65	53	42	35	66	59	89	37	97	41	78	77	28	79	87	40	1	29	96	-1	22	94	35	57	44	78	98	60	84	42	14	63	14	7	39	10	54	95	8	87	46	22	14	27	73	4	93	39	38	38	96	74	16	39	92	69	11	73	94	28	3	4	60	11	15	55	2	6	
41	75	1	39	62	36	88	66	70	23	2	30	50	11	4	55	16	51	20	4	82	44	6	11	22	1	86	27	10	57	35	38	58	55	78	13	65	72	77	20	29	59	90	58	26	67	40	65	41	83	19	22	-1	72	35	17	40	63	40	77	78	85	33	37	29	74	46	100	57	89	3	97	73	61	96	81	31	46	71	60	38	89	42	57	49	90	77	83	70	73	70	76	79	7	91	23	43	17	48	90	
2	36	91	47	87	89	1	95	23	69	4	17	16	5	46	97	79	58	53	74	8	84	36	31	9	16	67	31	56	52	99	79	16	43	65	65	92	64	44	53	19	98	1	85	1	17	99	29	95	11	53	94	72	-1	76	25	62	73	23	100	19	34	77	19	23	57	73	46	73	38	89	22	67	92	78	7	11	4	42	57	10	42	72	46	28	7	35	36	64	37	63	82	33	31	16	21	47	20	71	73	
79	70	73	5	35	33	22	19	66	79	44	50	21	97	6	50	76	6	90	48	99	63	79	22	76	96	17	96	84	41	80	49	61	48	90	35	13	76	81	54	99	8	83	50	73	9	100	34	18	64	63	35	35	76	-1	11	57	50	18	55	88	87	8	49	28	92	21	30	39	5	57	53	67	50	70	60	60	31	13	87	60	46	20	33	36	52	74	35	31	70	88	57	72	85	42	54	89	32	49	23	
21	75	23	10	95	65	95	61	16	68	30	88	47	66	83	21	83	24	83	33	91	46	60	7	25	4	74	81	83	98	39	39	13	56	86	34	89	75	83	46	67	40	25	15	4	98	94	87	24	21	97	57	17	25	11	-1	49	89	62	85	57	14	75	3	39	33	12	14	83	10	84	71	58	60	33	44	87	31	14	99	4	57	52	23	34	42	59	1	69	68	21	62	74	98	59	85	29	96	15	95	
8	43	52	86	46	2	70	6	81	67	46	60	83	56	76	84	29	36	39	27	52	36	89	75	41	13	15	68	61	59	43	42	30	71	79	70	48	27	96	74	43	78	15	40	72	48	36	32	32	99	75	44	40	62	57	49	-1	33	92	78	26	90	72	22	91	58	92	71	71	99	45	62	64	52	83	62	75	46	82	78	49	85	51	2	98	7	13	6	73	88	93	64	94	27	55	90	16	16	94	70	
30	33	33	31	46	36	32	14	27	67	77	21	90	46	28	98	74	57	41	14	3	53	37	83	35	78	48	54	84	51	99	96	81	67	26	76	79	70	64	82	23	18	92	89	25	99	27	89	44	13	18	78	63	73	50	89	33	-1	35	30	88	84	45	75	89	41	30	25	96	25	30	3	99	12	74	9	35	17	39	96	20	75	10	58	42	3	79	8	52	21	57	60	19	42	49	2	11	42	86	38	
4	51	14	68	90	21	8	80	72	84	29	75	83	11	87	53	79	25	67	86	73	71	14	29	44	59	77	16	11	71	64	11	41	96	31	79	4	11	43	96	41	82	40	47	79	23	14	48	62	20	63	98	40	23	18	62	92	35	-1	37	35	4	12	16	98	76	26	10	32	36	49	62	72	80	26	23	10	91	91	26	63	2	78	68	40	49	14	74	44	67	72	98	66	65	35	86	34	10	74	82	
20	51	14	38	22	9	84	96	65	55	35	59	80	8	87	1	36	22	95	27	8	43	75	8	88	19	8	68	37	22	91	80	52	13	62	22	6	19	73	53	22	61	73	14	27	28	2	22	27	88	12	60	77	100	55	85	78	30	37	-1	47	29	42	49	49	78	100	52	76	86	24	25	72	77	96	90	70	69	26	84	23	29	43	93	88	83	72	36	94	14	63	20	78	38	15	95	67	81	71	45	
77	64	2	62	21	25	66	84	34	11	88	62	20	71	48	82	37	40	64	54	14	46	10	28	49	86	9	71	62	55	77	31	73	54	93	61	56	93	45	14	58	78	99	28	95	5	93	71	93	96	31	84	78	19	88	57	26	88	35	47	-1	79	14	44	63	52	56	49	37	36	53	31	56	23	71	88	4	23	23	65	6	48	97	23	55	85	67	45	20	87	5	24	44	48	80	63	39	75	81	97	
95	78	30	14	42	70	1	24	13	69	30	68	47	78	88	11	77	60	56	17	54	69	73	23	36	83	79	31	95	46	48	60	58	5	5	98	85	43	55	78	5	100	70	57	73	96	30	25	6	98	71	42	85	34	87	14	90	84	4	29	79	-1	22	90	33	28	19	20	22	35	71	8	33	55	48	34	70	74	84	49	4	88	90	64	97	30	87	64	44	60	58	45	69	89	84	5	25	58	43	86	
65	36	72	30	75	80	14	68	23	53	31	47	59	41	55	72	94	14	43	85	66	27	85	85	49	10	63	92	29	96	73	29	33	7	9	19	94	98	63	87	18	36	91	16	68	43	38	71	92	61	70	14	33	77	8	75	72	45	12	42	14	22	-1	55	3	60	96	81	69	58	22	19	29	57	28	28	35	51	57	47	23	42	18	82	63	38	30	100	1	60	27	100	32	15	29	39	1	5	54	87	
17	34	7	20	85	5	20	2	95	63	43	84	84	81	72	92	45	17	48	36	74	82	19	76	55	77	51	18	17	76	76	97	74	94	47	24	34	93	68	35	6	64	40	82	15	99	48	44	91	92	28	63	37	19	49	3	22	75	16	49	44	90	55	-1	97	77	50	58	91	28	31	36	87	26	88	77	20	67	85	93	69	78	67	98	64	80	62	15	7	96	90	49	97	61	65	26	43	25	49	12	
99	6	73	12	16	21	6	27	91	40	67	49	61	30	15	79	26	73	53	30	36	69	23	7	26	69	80	70	44	94	92	84	16	80	90	65	98	50	6	30	71	39	92	99	6	64	85	30	52	59	38	14	29	23	28	39	91	89	98	49	63	33	3	97	-1	21	73	51	13	51	16	80	48	3	20	59	62	18	50	22	82	67	2	88	46	43	92	3	32	46	17	63	59	16	64	55	37	35	98	62	
8	63	48	63	40	23	21	31	16	91	61	22	58	60	60	59	4	69	81	45	45	17	39	94	28	4	13	41	17	23	49	76	73	95	60	23	21	24	2	96	87	54	46	41	71	73	82	13	73	44	99	7	74	57	92	33	58	41	76	78	52	28	60	77	21	-1	92	12	100	85	88	8	85	79	57	21	11	96	82	90	82	7	57	43	54	73	99	64	52	95	34	99	4	64	61	76	69	86	100	89	
25	56	72	78	56	13	71	70	34	1	64	29	45	97	3	25	60	99	52	99	22	46	47	25	100	38	40	8	38	21	82	54	82	12	2	22	65	41	58	60	13	2	77	36	29	30	100	97	52	17	23	39	46	73	21	12	92	30	26	100	56	19	96	50	73	92	-1	34	23	65	26	4	33	38	67	88	86	92	68	98	65	31	16	14	37	71	56	10	25	51	50	64	44	84	41	18	62	76	47	23	
17	23	31	21	77	84	13	96	78	19	83	34	69	85	41	27	45	57	13	33	99	10	17	77	76	16	29	39	80	91	88	93	28	52	97	42	76	36	37	7	19	43	10	81	13	8	16	31	53	63	98	10	100	46	30	14	71	25	10	52	49	20	81	58	51	12	34	-1	14	46	10	19	61	81	16	57	22	77	61	28	92	70	13	45	61	100	18	28	65	29	98	77	23	69	21	99	77	19	90	45	
30	75	46	31	43	55	37	72	99	76	48	15	76	82	36	51	5	69	93	4	86	40	8	22	9	93	85	17	74	56	25	98	60	73	13	19	84	7	1	95	79	10	69	88	39	74	82	33	20	6	91	54	57	73	39	83	71	96	32	76	37	22	69	91	13	100	23	14	-1	42	73	32	33	15	81	3	75	70	9	90	75	99	64	23	34	47	78	37	4	79	42	86	17	97	57	29	66	1	42	29	
19	87	95	20	50	29	37	48	69	62	94	99	29	32	87	72	90	49	51	28	28	84	78	6	21	68	30	2	60	27	49	97	93	11	68	39	69	13	9	4	25	33	1	87	46	98	80	1	74	66	24	95	89	38	5	10	99	25	36	86	36	35	58	28	51	85	65	46	42	-1	27	55	20	27	7	67	92	68	73	56	23	63	8	14	54	13	77	62	64	22	1	75	84	87	43	30	88	69	30	53	
11	90	79	11	52	26	68	38	34	37	30	100	59	4	12	56	80	22	35	15	93	57	44	69	47	26	95	49	76	39	55	25	10	16	45	53	9	15	48	75	35	39	31	52	64	22	73	73	2	74	89	8	3	89	57	84	45	30	49	24	53	71	22	31	16	88	26	10	73	27	-1	17	49	70	37	64	47	99	33	12	64	59	10	65	11	50	80	4	20	51	33	24	8	4	13	100	92	48	46	70	
29	26	59	48	97	58	56	98	49	36	79	52	17	16	36	35	30	81	43	73	84	79	17	57	41	20	23	15	95	7	80	2	90	51	38	59	39	20	15	11	81	66	86	74	47	13	37	80	90	7	83	87	97	22	53	71	62	3	62	25	31	8	19	36	80	8	4	19	32	55	17	-1	100	68	1	64	41	56	68	57	41	95	49	34	79	90	23	45	59	93	23	94	92	42	62	88	88	99	37	90	
4	28	84	27	34	99	18	32	8	79	88	34	69	94	51	4	24	5	48	10	16	60	93	43	77	63	76	15	36	87	6	60	56	49	13	29	90	39	28	95	72	13	63	13	85	14	90	6	6	4	70	46	73	67	67	58	64	99	72	72	56	33	29	87	48	85	33	61	33	20	49	100	-1	59	82	73	19	42	47	61	58	6	12	28	46	45	43	63	66	76	33	23	76	18	86	50	59	12	49	44	
46	30	83	79	14	24	26	61	74	54	56	46	72	87	94	97	55	74	30	35	72	29	31	99	59	72	5	28	70	32	22	69	96	30	71	53	41	15	44	43	26	35	5	58	59	50	61	16	82	74	23	22	61	92	50	60	52	12	80	77	23	55	57	26	3	79	38	81	15	27	70	68	59	-1	61	42	29	36	6	56	96	36	82	72	99	65	29	83	42	98	57	86	18	76	3	28	64	66	78	29	
27	27	52	41	96	70	92	22	59	67	37	99	13	7	96	96	55	94	3	68	99	89	64	86	49	35	9	24	3	99	3	9	98	69	36	41	21	63	47	5	54	55	2	24	34	71	90	61	17	99	32	14	96	78	70	33	83	74	26	96	71	48	28	88	20	57	67	16	81	7	37	1	82	61	-1	39	53	56	45	49	39	51	45	34	84	87	60	94	25	80	90	84	61	23	21	27	20	12	85	24	
12	73	4	36	13	99	21	28	51	86	100	4	61	56	42	83	54	85	68	58	84	27	53	24	90	58	70	26	88	1	88	38	30	29	75	42	20	66	44	7	16	15	36	99	87	34	21	77	95	58	98	27	81	7	60	44	62	9	23	90	88	34	28	77	59	21	88	57	3	67	64	64	73	42	39	-1	66	95	46	7	76	39	52	94	37	25	22	96	43	29	93	83	2	58	83	85	98	70	83	87	
72	99	100	66	19	49	86	53	8	12	10	10	26	76	71	84	63	82	68	89	30	80	87	54	88	94	76	17	82	7	73	79	90	42	95	20	74	33	45	1	12	87	48	63	83	20	40	91	32	13	18	73	31	11	60	87	75	35	10	70	4	70	35	20	62	11	86	22	75	92	47	41	19	29	53	66	-1	13	9	76	62	72	72	82	57	98	76	83	95	9	82	6	87	88	26	20	89	48	13	39	
90	74	11	58	7	32	52	31	78	90	93	3	83	41	82	27	40	50	8	88	70	49	54	5	98	60	42	14	21	47	89	72	25	30	96	62	9	69	52	62	24	75	15	100	5	16	89	92	83	58	37	4	46	4	31	31	46	17	91	69	23	74	51	67	18	96	92	77	70	68	99	56	42	36	56	95	13	-1	3	95	100	84	60	41	41	36	59	33	7	7	19	96	1	76	14	85	3	98	75	53	
93	53	3	71	22	5	98	75	1	52	46	68	3	63	91	40	64	1	14	21	8	84	41	14	12	36	75	89	81	31	76	19	25	42	50	89	56	19	30	37	29	41	83	93	72	9	15	94	89	16	69	93	71	42	13	14	82	39	91	26	23	84	57	85	50	82	68	61	9	73	33	68	47	6	45	46	9	3	-1	100	67	77	11	75	54	41	46	49	31	18	17	74	24	87	44	60	84	77	50	24	
100	54	66	52	44	43	54	35	31	71	78	69	70	14	27	16	17	50	61	2	78	75	49	30	75	88	91	96	5	61	4	59	69	13	67	55	74	18	64	16	5	32	79	74	59	4	49	58	95	99	27	39	60	57	87	99	78	96	26	84	65	49	47	93	22	90	98	28	90	56	12	57	61	56	49	7	76	95	100	-1	18	15	2	35	59	46	85	16	92	72	96	94	4	24	58	72	13	7	29	90	
41	36	13	85	46	56	87	82	6	80	27	65	78	87	4	64	97	64	15	17	86	94	15	77	53	94	91	64	22	18	24	11	94	9	27	25	8	12	68	42	19	58	12	12	30	42	27	19	14	31	67	38	38	10	60	4	49	20	63	23	6	4	23	69	82	82	65	92	75	23	64	41	58	96	39	76	62	100	67	18	-1	68	49	2	35	10	79	57	22	92	75	6	58	86	77	29	73	76	5	12	
46	34	33	20	6	81	73	88	96	9	91	53	62	15	48	5	45	54	74	12	54	32	17	91	24	86	82	82	66	68	43	63	51	94	100	24	14	34	41	23	64	78	30	76	67	85	79	39	8	92	77	38	89	42	46	57	85	75	2	29	48	88	42	78	67	7	31	70	99	63	59	95	6	36	51	39	72	84	77	15	68	-1	10	73	85	22	61	73	44	98	4	96	19	53	24	11	75	37	86	51	
90	20	67	95	57	43	11	100	17	64	41	60	98	44	6	33	67	61	79	64	63	32	70	78	39	53	42	8	82	94	80	9	63	50	7	89	72	79	52	19	45	65	99	88	73	10	89	13	69	100	70	96	42	72	20	52	51	10	78	43	97	90	18	67	2	57	16	13	64	8	10	49	12	82	45	52	72	60	11	2	49	10	-1	59	70	30	12	91	94	83	95	45	16	60	67	68	57	67	56	94	
87	64	65	93	100	27	58	67	40	93	43	69	85	71	60	91	62	87	61	58	18	68	68	71	13	37	23	46	23	87	86	70	81	27	17	27	98	76	20	3	33	51	84	56	37	63	87	76	100	11	59	74	57	46	33	23	2	58	68	93	23	64	82	98	88	43	14	45	23	14	65	34	28	72	34	94	82	41	75	35	2	73	59	-1	51	72	89	22	81	44	40	25	7	43	44	36	53	50	98	31	
77	78	87	73	18	89	81	52	5	53	93	30	51	34	91	66	90	24	91	2	86	97	13	20	20	34	90	55	54	5	59	54	80	57	53	26	37	72	44	78	71	9	12	3	33	34	31	38	12	89	87	16	49	28	36	34	98	42	40	88	55	97	63	64	46	54	37	61	34	54	11	79	46	99	84	37	57	41	54	59	35	85	70	51	-1	98	89	87	17	91	4	37	72	1	36	27	5	59	53	62	
59	95	54	57	96	54	16	65	20	22	25	19	47	21	10	24	35	49	32	45	43	64	5	43	30	30	38	42	51	100	5	95	37	20	63	28	43	9	66	57	33	34	10	71	53	31	45	93	38	72	15	39	90	7	52	42	7	3	49	83	85	30	38	80	43	73	71	100	47	13	50	90	45	65	87	25	98	36	41	46	10	22	30	72	98	-1	59	100	66	25	29	41	52	89	14	45	74	6	37	68	
72	78	47	4	67	24	37	27	66	98	14	65	49	57	13	26	56	64	44	50	68	92	14	84	48	37	90	29	6	100	61	57	6	88	98	93	46	89	39	98	19	65	60	26	51	57	50	36	88	92	57	92	77	35	74	59	13	79	14	72	67	87	30	62	92	99	56	18	78	77	80	23	43	29	60	22	76	59	46	85	79	61	12	89	89	59	-1	40	80	75	57	7	49	43	19	73	42	16	91	49	
5	4	30	19	79	81	95	87	85	72	33	70	81	87	22	3	64	64	84	18	75	56	81	89	4	44	22	2	65	18	33	9	75	81	26	25	27	89	38	11	60	29	99	53	37	43	2	23	7	48	75	69	83	36	35	1	6	8	74	36	45	64	100	15	3	64	10	28	37	62	4	45	63	83	94	96	83	33	49	16	57	73	91	22	87	100	40	-1	9	87	12	89	22	49	19	54	8	37	24	76	
38	64	44	76	1	52	93	22	45	27	54	78	13	93	71	58	31	10	73	37	35	61	38	81	89	32	47	8	61	97	60	77	33	89	78	65	42	90	51	32	24	86	99	77	7	48	66	50	9	19	4	11	70	64	31	69	73	52	44	94	20	44	1	7	32	52	25	65	4	64	20	59	66	42	25	43	95	7	31	92	22	44	94	81	17	66	80	9	-1	30	53	20	83	61	41	45	52	97	84	99	
84	2	100	56	62	12	86	85	65	74	5	33	45	97	51	22	54	38	29	28	10	85	62	88	48	94	12	99	83	58	52	77	66	22	20	37	46	38	2	23	42	92	73	52	81	36	100	46	68	79	68	73	73	37	70	68	88	21	67	14	87	60	60	96	46	95	51	29	79	22	51	93	76	98	80	29	9	7	18	72	92	98	83	44	91	25	75	87	30	-1	28	28	51	84	62	85	24	86	15	88	
63	28	30	28	12	57	3	55	51	17	32	6	96	28	93	41	89	24	34	17	55	15	52	54	62	39	2	22	14	20	44	15	68	98	2	83	66	51	66	81	66	70	56	61	9	10	14	87	12	75	36	94	70	63	88	21	93	57	72	63	5	58	27	90	17	34	50	98	42	1	33	23	33	57	90	93	82	19	17	96	75	4	95	40	4	29	57	12	53	28	-1	39	19	83	5	79	21	81	95	11	
52	71	97	35	69	35	65	28	59	80	88	52	50	59	24	96	82	26	3	77	57	57	2	23	5	50	80	2	61	85	73	36	58	59	36	57	79	98	18	68	28	34	71	43	84	86	28	23	64	33	90	28	76	82	57	62	64	60	98	20	24	45	100	49	63	99	64	77	86	75	24	94	23	86	84	83	6	96	74	94	6	96	45	25	37	41	7	89	20	28	39	-1	64	47	88	58	53	4	66	76	
69	83	55	44	55	48	56	37	52	13	49	99	97	33	55	36	38	23	33	54	70	3	7	85	12	57	57	5	78	63	7	29	99	72	47	81	79	45	88	98	5	68	23	10	12	26	21	59	24	90	86	3	79	33	72	74	94	19	66	78	44	69	32	97	59	4	44	23	17	84	8	92	76	18	61	2	87	1	24	4	58	19	16	7	72	52	49	22	83	51	19	64	-1	32	70	20	26	36	67	69	
71	14	70	54	41	49	15	13	51	4	45	26	83	85	3	43	60	79	60	18	64	66	79	53	3	75	58	18	15	61	33	77	98	17	48	7	20	45	10	48	42	70	83	53	3	72	51	64	58	69	3	4	7	31	85	98	27	42	65	38	48	89	15	61	16	64	84	69	97	87	4	42	18	76	23	58	88	76	87	24	86	53	60	43	1	89	43	49	61	84	83	47	32	-1	57	77	98	44	9	22	
91	55	73	22	12	50	91	51	46	51	26	81	84	71	44	16	15	47	67	33	39	86	100	82	28	58	38	1	35	67	87	23	5	84	100	33	89	30	47	96	85	85	29	10	93	81	96	29	91	12	63	60	91	16	42	59	55	49	35	15	80	84	29	65	64	61	41	21	57	43	13	62	86	3	21	83	26	14	44	58	77	24	67	44	36	14	19	19	41	62	5	88	70	57	-1	86	33	87	4	63	
16	33	6	75	35	49	85	77	34	16	62	100	40	14	52	64	24	45	98	83	13	68	13	56	25	29	68	12	46	80	91	4	8	70	13	68	8	14	60	4	32	25	60	82	28	31	89	36	42	30	39	11	23	21	54	85	90	2	86	95	63	5	39	26	55	76	18	99	29	30	100	88	50	28	27	85	20	85	60	72	29	11	68	36	27	45	73	54	45	85	79	58	20	77	86	-1	90	73	23	31	
57	9	89	44	47	2	52	65	7	28	78	82	94	39	81	16	30	87	86	19	10	86	66	100	20	48	34	90	93	92	63	12	64	3	9	21	53	10	89	17	73	80	20	41	33	54	58	18	50	61	75	15	43	47	89	29	16	11	34	67	39	25	1	43	37	69	62	77	66	88	92	88	59	64	20	98	89	3	84	13	73	75	57	53	5	74	42	8	52	24	21	53	26	98	33	90	-1	94	10	4	
12	42	56	74	56	48	36	43	34	53	13	91	35	25	55	82	63	59	10	65	64	32	30	28	18	75	36	18	30	100	71	56	86	62	95	82	88	81	87	26	76	99	92	28	74	99	1	52	89	63	59	55	17	20	32	96	16	42	10	81	75	58	5	25	35	86	76	19	1	69	48	99	12	66	12	70	48	98	77	7	76	37	67	50	59	6	16	37	97	86	81	4	36	44	87	73	94	-1	87	30	
32	12	90	97	90	63	57	57	5	47	86	26	52	80	24	63	24	70	59	87	20	5	86	39	83	57	42	45	61	18	8	50	42	32	92	1	52	94	65	68	16	38	6	7	58	9	9	54	34	96	46	2	48	71	49	15	94	86	74	71	81	43	54	49	98	100	47	90	42	30	46	37	49	78	85	83	13	75	50	29	5	86	56	98	53	37	91	24	84	15	95	66	67	9	4	23	10	87	-1	18	
52	75	22	2	30	40	71	10	96	56	74	96	97	1	90	48	3	29	20	32	26	53	18	13	30	38	36	69	59	55	76	59	71	53	10	95	4	20	34	47	47	35	50	85	2	66	91	36	87	71	4	6	90	73	23	95	70	38	82	45	97	86	87	12	62	89	23	45	29	53	70	90	44	29	24	87	39	53	24	90	12	51	94	31	62	68	49	76	99	88	11	76	69	22	63	31	4	30	18	-1	
