100
-1	95	35	45	38	80	51	42	31	10	82	32	46	42	33	11	45	91	75	93	93	61	98	53	85	11	57	33	40	91	29	89	85	44	62	100	81	75	12	2	70	6	31	46	95	41	28	70	31	62	30	50	11	44	83	9	54	14	26	98	92	20	57	37	11	2	74	36	87	56	84	32	81	62	39	44	76	1	35	94	80	9	49	75	44	89	59	32	25	84	6	90	17	85	9	78	63	1	63	57	
95	-1	33	55	21	65	92	21	33	5	3	45	34	6	46	46	46	87	64	8	20	89	47	33	89	58	39	38	56	87	6	73	97	29	54	92	28	77	75	90	7	38	11	49	57	2	3	56	35	92	4	57	14	93	14	37	39	66	79	11	92	81	83	83	44	37	15	100	65	11	79	83	59	6	5	73	19	51	66	15	73	58	91	45	15	92	97	5	55	9	16	20	27	83	14	89	39	59	38	25	
35	33	-1	11	92	99	71	58	30	76	53	30	65	60	71	48	6	18	26	42	13	48	43	7	36	95	97	27	90	100	56	59	31	14	100	64	79	8	62	7	22	80	49	76	95	92	32	51	84	31	9	70	20	96	25	33	54	51	22	10	41	84	77	48	45	56	38	10	77	89	28	16	85	5	29	38	98	10	78	48	63	80	79	28	87	12	21	9	28	16	91	44	82	86	42	86	16	6	69	54	
45	55	11	-1	94	6	9	59	43	28	50	79	41	74	81	1	72	37	74	32	59	16	5	17	45	50	81	23	98	75	45	25	84	71	35	20	81	31	73	85	50	56	10	17	97	25	17	15	94	36	12	50	27	37	43	36	86	10	54	89	83	62	77	16	14	83	98	87	94	17	24	78	43	93	98	22	46	14	58	26	6	43	96	1	48	82	9	85	18	43	84	8	37	3	58	85	94	2	100	21	
38	21	92	94	-1	34	27	63	58	57	36	79	51	43	2	12	78	75	49	41	63	61	3	66	53	3	61	97	94	35	99	11	58	3	17	32	36	73	70	92	80	45	76	3	80	48	28	48	14	26	7	13	94	40	32	18	64	58	5	67	52	26	29	58	64	10	48	34	37	90	64	8	6	54	33	36	41	66	12	4	15	39	64	95	75	1	10	93	46	57	6	84	37	66	85	50	2	74	69	30	
80	65	99	6	34	-1	84	38	75	12	62	54	56	57	82	37	50	81	2	53	96	83	74	69	25	27	63	100	28	86	27	18	67	7	42	80	90	23	17	45	11	66	17	73	52	29	38	80	83	16	93	97	8	57	10	8	39	80	50	42	96	60	16	50	56	13	90	35	78	35	35	77	26	36	39	60	29	66	66	84	30	40	44	58	30	77	25	57	98	16	44	64	25	41	21	11	79	16	55	72	
51	92	71	9	27	84	-1	30	70	87	81	86	48	67	95	84	27	42	49	55	20	85	45	61	23	9	61	89	63	85	70	63	19	10	49	5	68	81	79	68	10	10	35	35	64	43	5	43	56	94	78	2	90	78	61	50	51	11	8	44	49	49	87	86	57	7	91	13	14	52	3	15	24	26	32	59	79	77	51	65	77	38	19	56	77	56	63	83	73	95	56	40	98	52	99	95	75	52	38	99	
42	21	58	59	63	38	30	-1	68	84	81	48	28	43	67	60	49	86	44	63	34	9	57	17	12	23	66	39	45	48	40	68	39	73	51	89	69	72	62	31	43	32	40	45	54	27	13	49	34	86	89	19	47	61	88	27	57	87	11	54	8	8	2	93	26	1	75	93	23	84	9	26	84	21	65	9	19	24	81	83	22	1	50	4	92	36	11	8	39	20	30	1	48	69	59	61	49	92	94	94	
31	33	30	43	58	75	70	68	-1	65	56	38	79	33	79	31	4	81	35	24	93	5	18	42	19	53	95	3	27	18	37	6	71	39	40	30	94	98	6	57	8	76	40	7	26	68	70	7	91	90	53	1	27	35	2	77	26	70	17	79	93	86	88	88	56	99	89	16	95	59	35	67	43	14	80	89	52	95	94	81	25	4	47	13	41	68	13	56	19	96	40	28	96	36	55	75	77	98	32	84	
10	5	76	28	57	12	87	84	65	-1	77	86	15	89	40	60	99	91	20	88	54	32	86	37	16	68	72	88	87	3	14	29	14	82	38	86	63	28	77	54	40	47	95	33	77	75	98	39	14	98	66	22	92	68	55	44	6	81	99	15	60	65	25	22	80	76	31	97	67	30	100	33	7	24	21	15	30	100	9	57	25	69	10	33	50	83	3	68	19	73	46	34	4	15	62	8	66	58	62	53	
82	3	53	50	36	62	81	81	56	77	-1	33	22	83	86	39	8	68	16	46	100	66	40	84	1	81	92	41	62	62	99	41	75	50	91	30	49	29	34	52	45	3	43	55	36	21	9	37	31	27	52	5	33	84	94	31	1	54	69	81	16	96	44	13	56	58	3	51	54	20	31	2	97	30	53	70	59	42	50	17	100	2	39	18	80	75	41	25	82	46	67	89	47	94	91	62	95	31	19	15	
32	45	30	79	79	54	86	48	38	86	33	-1	38	65	81	71	81	72	33	14	4	66	5	82	31	41	89	7	16	48	52	80	32	56	86	22	75	75	76	2	9	71	17	42	74	51	43	96	70	28	33	27	74	10	86	90	46	37	14	22	67	70	11	94	10	56	59	5	53	20	87	31	90	28	43	88	50	59	28	5	48	46	71	88	30	49	53	15	70	29	94	88	57	37	89	20	53	34	84	32	
46	34	65	41	51	56	48	28	79	15	22	38	-1	53	100	56	70	5	61	8	8	17	68	30	42	2	86	94	43	55	56	82	22	78	66	73	33	63	73	4	61	68	23	94	3	2	19	71	59	26	43	87	35	80	82	92	7	60	53	49	74	26	98	33	27	12	74	92	85	53	67	55	79	40	98	17	20	88	41	96	90	3	89	58	65	38	70	38	15	27	27	50	70	74	35	46	98	20	59	61	
42	6	60	74	43	57	67	43	33	89	83	65	53	-1	11	86	98	58	16	24	12	50	85	57	59	80	43	53	95	28	66	12	90	8	76	15	66	8	19	24	91	78	58	31	73	53	48	46	43	77	6	53	31	87	76	75	60	21	81	75	66	37	10	46	69	90	76	39	12	67	13	20	83	67	48	41	43	41	68	39	37	93	99	30	1	22	67	2	56	65	57	3	20	25	36	75	56	57	96	92	
33	46	71	81	2	82	95	67	79	40	86	81	100	11	-1	12	3	83	1	90	67	65	57	40	31	47	30	80	100	63	69	42	81	74	87	28	74	11	13	20	96	90	27	65	27	31	5	95	92	26	28	52	16	22	60	87	61	65	42	32	11	60	87	20	22	15	5	43	94	99	90	39	86	18	19	35	5	3	87	99	42	46	20	74	32	22	37	9	66	1	85	14	86	32	46	81	67	77	85	37	
11	46	48	1	12	37	84	60	31	60	39	71	56	86	12	-1	83	1	58	95	67	37	91	2	8	10	18	43	26	47	54	83	49	52	81	84	49	77	95	77	2	9	14	48	42	47	15	3	19	80	16	19	72	67	74	31	2	45	17	20	82	5	29	71	53	19	63	28	44	11	1	97	49	9	62	90	34	54	42	96	93	21	100	51	35	31	25	13	73	52	80	72	83	63	2	58	7	52	24	7	
45	46	6	72	78	50	27	49	4	99	8	81	70	98	3	83	-1	86	64	19	15	69	33	43	50	63	62	67	100	8	61	28	80	57	90	23	68	15	27	76	50	30	71	89	93	95	31	16	27	39	96	92	30	17	72	77	88	81	35	85	28	26	89	50	1	35	73	37	45	14	86	49	82	61	79	93	84	45	24	26	11	35	38	49	6	64	36	27	5	76	8	77	86	82	52	26	58	67	78	63	
91	87	18	37	75	81	42	86	81	91	68	72	5	58	83	1	86	-1	19	61	32	14	13	10	40	79	69	5	83	55	24	38	92	49	32	68	87	65	47	64	91	55	9	96	45	93	4	83	73	84	62	71	86	96	26	43	14	98	14	3	15	6	72	76	60	37	27	28	74	100	41	29	90	14	26	72	83	26	38	78	100	77	38	38	92	59	85	94	92	95	78	15	45	60	14	45	83	84	3	64	
75	64	26	74	49	2	49	44	35	20	16	33	61	16	1	58	64	19	-1	1	20	88	51	50	42	95	62	71	75	4	47	33	5	44	5	46	10	35	93	39	5	17	1	89	68	79	73	5	19	36	11	20	48	38	46	18	56	35	67	97	93	91	16	50	61	100	96	28	93	26	6	56	17	48	37	79	59	13	17	5	26	95	51	43	85	82	95	84	92	94	69	73	82	98	44	65	56	88	55	73	
93	8	42	32	41	53	55	63	24	88	46	14	8	24	90	95	19	61	1	-1	61	61	96	77	50	14	47	99	32	71	71	1	80	11	51	61	70	60	8	98	9	81	33	90	78	1	23	31	63	90	2	39	78	45	23	43	42	24	72	88	64	21	24	11	50	77	60	59	52	85	98	54	60	31	8	2	92	92	9	67	77	77	13	96	75	4	47	29	90	76	98	8	35	40	1	92	23	80	4	69	
93	20	13	59	63	96	20	34	93	54	100	4	8	12	67	67	15	32	20	61	-1	19	52	42	10	20	12	88	75	45	72	58	67	83	17	72	9	29	1	64	49	48	68	30	33	36	51	88	68	84	100	32	47	66	33	14	67	22	81	22	30	29	84	58	89	25	39	20	89	87	81	30	85	28	56	57	64	96	90	75	71	100	49	72	33	62	13	92	88	58	61	3	43	11	89	97	98	2	2	7	
61	89	48	16	61	83	85	9	5	32	66	66	17	50	65	37	69	14	88	61	19	-1	6	42	66	5	54	65	26	46	84	86	70	81	96	4	32	1	54	18	83	47	47	39	68	74	41	31	86	59	94	39	91	34	78	22	27	77	48	84	24	16	67	19	14	57	49	80	48	9	91	51	19	18	82	38	79	94	74	7	55	32	13	51	84	54	14	66	37	3	54	5	26	33	35	79	58	89	64	39	
98	47	43	5	3	74	45	57	18	86	40	5	68	85	57	91	33	13	51	96	52	6	-1	57	42	76	84	38	47	70	82	33	5	40	92	88	97	62	43	59	65	74	50	90	69	38	99	34	12	66	57	82	28	18	81	84	86	65	18	2	1	59	60	30	30	96	16	22	72	51	10	20	81	2	95	53	64	94	30	46	21	58	89	47	54	55	99	12	51	62	92	86	84	29	79	99	9	14	83	36	
53	33	7	17	66	69	61	17	42	37	84	82	30	57	40	2	43	10	50	77	42	42	57	-1	38	26	9	61	68	34	61	38	73	27	23	89	3	27	80	88	83	90	41	85	23	26	51	7	32	67	76	31	30	54	5	58	44	36	48	12	4	21	47	6	78	5	22	16	56	43	46	54	27	41	78	80	8	39	51	31	13	31	38	42	97	63	65	93	100	33	94	60	20	68	26	24	1	36	30	10	
85	89	36	45	53	25	23	12	19	16	1	31	42	59	31	8	50	40	42	50	10	66	42	38	-1	27	64	42	36	2	26	43	95	25	31	83	65	91	43	50	80	30	43	55	52	88	72	8	54	24	3	82	40	89	64	76	47	41	100	29	74	16	70	88	29	42	55	52	30	34	32	84	86	29	76	76	99	51	15	5	37	44	70	2	79	21	68	7	99	40	45	78	84	81	1	24	39	11	50	33	
11	58	95	50	3	27	9	23	53	68	81	41	2	80	47	10	63	79	95	14	20	5	76	26	27	-1	88	39	66	3	63	78	39	100	39	33	52	58	81	88	69	82	12	15	65	36	67	85	83	66	59	74	14	19	79	64	74	7	85	68	44	60	40	13	56	42	19	73	52	98	54	48	15	59	87	82	43	59	78	48	16	77	70	69	43	2	28	85	5	33	73	86	72	66	43	47	38	55	3	17	
57	39	97	81	61	63	61	66	95	72	92	89	86	43	30	18	62	69	62	47	12	54	84	9	64	88	-1	47	78	17	64	50	77	32	34	58	67	88	54	35	2	37	39	58	53	63	70	77	8	18	86	24	22	26	78	55	2	95	36	9	45	93	92	96	87	16	15	2	72	50	41	79	73	53	61	96	47	54	35	4	3	98	26	77	55	37	19	53	52	80	70	45	100	35	68	66	82	58	1	70	
33	38	27	23	97	100	89	39	3	88	41	7	94	53	80	43	67	5	71	99	88	65	38	61	42	39	47	-1	47	7	62	45	31	93	1	69	81	68	40	90	31	69	4	79	14	86	67	41	49	21	55	1	71	54	48	55	25	51	68	95	52	35	90	81	56	73	69	21	10	94	97	97	44	61	6	13	39	11	64	11	8	59	31	55	73	90	1	49	25	66	56	14	6	35	76	87	99	90	32	67	
40	56	90	98	94	28	63	45	27	87	62	16	43	95	100	26	100	83	75	32	75	26	47	68	36	66	78	47	-1	47	26	67	99	69	56	26	1	93	80	40	70	21	76	67	92	15	79	77	18	62	23	73	96	86	70	19	86	25	19	57	93	96	43	60	94	7	42	19	65	32	83	34	88	53	39	29	31	28	86	77	19	55	14	91	84	24	100	73	20	2	44	50	21	80	89	66	64	33	53	72	
91	87	100	75	35	86	85	48	18	3	62	48	55	28	63	47	8	55	4	71	45	46	70	34	2	3	17	7	47	-1	66	69	78	6	79	44	53	86	30	33	2	18	28	68	16	47	57	11	10	1	47	5	30	74	8	88	73	59	14	60	3	75	100	72	16	95	48	73	8	71	47	45	47	31	9	34	80	11	62	63	47	18	16	50	20	29	81	23	94	97	31	80	47	79	99	1	42	59	19	93	
29	6	56	45	99	27	70	40	37	14	99	52	56	66	69	54	61	24	47	71	72	84	82	61	26	63	64	62	26	66	-1	31	14	79	65	70	63	46	33	66	21	16	49	23	90	59	94	98	47	6	21	48	50	29	88	22	4	98	38	95	69	68	31	66	48	58	57	14	44	38	12	19	75	75	1	6	60	99	5	64	24	17	4	92	40	34	88	43	66	7	94	43	77	26	24	2	70	20	36	47	
89	73	59	25	11	18	63	68	6	29	41	80	82	12	42	83	28	38	33	1	58	86	33	38	43	78	50	45	67	69	31	-1	53	10	96	90	75	27	38	29	60	74	50	63	56	52	50	76	2	95	57	98	81	64	67	18	55	42	12	70	7	5	10	37	17	38	17	75	55	35	37	87	30	10	78	46	39	49	31	83	56	48	83	27	2	82	77	41	19	21	78	78	18	20	49	13	14	18	46	19	
85	97	31	84	58	67	19	39	71	14	75	32	22	90	81	49	80	92	5	80	67	70	5	73	95	39	77	31	99	78	14	53	-1	77	29	65	1	67	88	40	14	65	21	8	50	70	17	21	43	71	77	74	35	5	17	79	18	1	11	6	94	67	30	63	41	8	7	47	22	9	40	65	9	63	11	1	51	92	42	40	5	5	32	23	45	30	6	46	87	47	92	96	33	52	9	21	73	76	6	35	
44	29	14	71	3	7	10	73	39	82	50	56	78	8	74	52	57	49	44	11	83	81	40	27	25	100	32	93	69	6	79	10	77	-1	58	49	85	53	57	55	5	17	49	90	50	79	85	48	5	58	45	56	86	84	65	44	47	57	73	93	45	48	91	9	34	64	85	59	29	11	90	66	21	56	1	76	58	87	100	13	18	59	42	100	3	36	6	20	98	49	86	94	44	43	84	35	98	34	36	96	
62	54	100	35	17	42	49	51	40	38	91	86	66	76	87	81	90	32	5	51	17	96	92	23	31	39	34	1	56	79	65	96	29	58	-1	30	24	50	21	16	76	29	82	66	84	73	42	32	38	65	91	27	23	80	27	4	93	76	44	35	51	51	14	80	98	74	30	1	11	99	6	82	90	15	20	62	33	80	13	11	26	76	75	80	4	30	89	24	33	4	13	97	51	37	38	26	68	55	15	6	
100	92	64	20	32	80	5	89	30	86	30	22	73	15	28	84	23	68	46	61	72	4	88	89	83	33	58	69	26	44	70	90	65	49	30	-1	72	1	43	15	73	3	19	54	3	2	65	23	47	62	46	2	48	81	58	87	100	29	86	68	36	97	63	57	79	100	85	97	77	70	19	46	83	96	21	33	37	2	5	71	82	71	14	23	27	35	54	97	19	35	68	30	2	31	81	93	24	88	94	78	
81	28	79	81	36	90	68	69	94	63	49	75	33	66	74	49	68	87	10	70	9	32	97	3	65	52	67	81	1	53	63	75	1	85	24	72	-1	36	64	17	44	8	62	19	16	19	52	75	96	3	15	73	89	56	38	29	54	5	3	37	60	52	19	80	94	87	59	73	40	69	19	59	82	25	61	90	3	43	37	78	6	69	67	62	2	60	50	68	33	31	8	99	18	98	18	49	87	75	86	6	
75	77	8	31	73	23	81	72	98	28	29	75	63	8	11	77	15	65	35	60	29	1	62	27	91	58	88	68	93	86	46	27	67	53	50	1	36	-1	28	1	81	92	66	2	50	88	78	3	52	86	17	37	27	73	16	98	37	85	44	92	86	96	16	93	63	6	38	84	63	56	38	100	76	32	40	30	12	55	17	75	73	67	9	46	89	78	4	43	17	29	97	9	38	98	54	97	98	4	45	71	
12	75	62	73	70	17	79	62	6	77	34	76	73	19	13	95	27	47	93	8	1	54	43	80	43	81	54	40	80	30	33	38	88	57	21	43	64	28	-1	53	5	22	5	75	95	54	58	27	78	43	4	48	57	70	33	79	65	93	6	82	49	45	58	87	80	83	9	84	64	49	16	73	16	47	64	91	61	58	57	67	28	6	78	46	24	87	21	12	6	65	36	66	24	4	42	21	73	12	38	88	
2	90	7	85	92	45	68	31	57	54	52	2	4	24	20	77	76	64	39	98	64	18	59	88	50	88	35	90	40	33	66	29	40	55	16	15	17	1	53	-1	32	21	54	9	1	75	67	18	74	6	92	69	27	68	92	38	100	53	27	5	17	50	29	55	65	97	85	25	87	97	64	26	26	75	46	68	52	44	7	27	82	20	82	29	74	82	78	13	85	64	87	60	70	37	80	9	18	50	36	74	
70	7	22	50	80	11	10	43	8	40	45	9	61	91	96	2	50	91	5	9	49	83	65	83	80	69	2	31	70	2	21	60	14	5	76	73	44	81	5	32	-1	49	86	42	55	29	53	43	59	14	19	23	35	25	28	40	37	89	55	82	33	43	52	100	52	81	98	97	62	26	57	71	40	35	43	68	14	53	77	86	44	77	16	25	68	84	28	2	47	4	77	18	44	70	84	19	42	50	93	30	
6	38	80	56	45	66	10	32	76	47	3	71	68	78	90	9	30	55	17	81	48	47	74	90	30	82	37	69	21	18	16	74	65	17	29	3	8	92	22	21	49	-1	36	96	51	18	91	1	19	79	83	77	97	43	21	82	71	61	65	29	19	91	6	67	94	10	98	31	98	87	56	93	66	96	22	38	32	63	88	55	88	87	90	47	1	1	46	21	71	92	10	5	68	92	91	78	4	23	94	16	
31	11	49	10	76	17	35	40	40	95	43	17	23	58	27	14	71	9	1	33	68	47	50	41	43	12	39	4	76	28	49	50	21	49	82	19	62	66	5	54	86	36	-1	36	73	13	39	16	62	61	91	71	89	54	53	4	75	72	42	19	8	1	31	61	18	32	49	84	44	36	49	25	28	44	23	43	4	97	70	96	26	36	63	10	62	74	31	48	36	80	2	77	2	100	66	2	42	70	67	75	
46	49	76	17	3	73	35	45	7	33	55	42	94	31	65	48	89	96	89	90	30	39	90	85	55	15	58	79	67	68	23	63	8	90	66	54	19	2	75	9	42	96	36	-1	80	43	76	93	70	68	42	31	61	17	80	10	32	43	22	91	43	94	46	15	33	7	39	77	8	51	64	7	13	8	97	52	19	72	72	34	69	35	67	52	52	76	47	18	65	22	8	63	47	89	32	59	43	92	58	17	
95	57	95	97	80	52	64	54	26	77	36	74	3	73	27	42	93	45	68	78	33	68	69	23	52	65	53	14	92	16	90	56	50	50	84	3	16	50	95	1	55	51	73	80	-1	17	88	43	79	50	11	42	33	42	10	95	90	52	87	85	25	72	42	33	64	49	94	90	42	82	92	6	14	10	87	1	6	34	9	5	73	82	86	69	68	85	73	23	27	20	83	87	7	45	76	45	43	15	86	34	
41	2	92	25	48	29	43	27	68	75	21	51	2	53	31	47	95	93	79	1	36	74	38	26	88	36	63	86	15	47	59	52	70	79	73	2	19	88	54	75	29	18	13	43	17	-1	16	50	69	37	5	57	52	37	83	94	38	33	96	44	17	16	47	75	5	46	27	12	88	95	27	17	65	6	76	3	43	9	41	68	11	39	8	76	96	74	62	87	61	26	9	13	36	14	59	28	47	6	27	13	
28	3	32	17	28	38	5	13	70	98	9	43	19	48	5	15	31	4	73	23	51	41	99	51	72	67	70	67	79	57	94	50	17	85	42	65	52	78	58	67	53	91	39	76	88	16	-1	84	64	78	21	61	94	100	59	79	16	8	19	38	14	87	72	2	81	89	61	60	66	92	37	52	63	99	53	98	57	82	43	94	78	95	20	76	64	36	68	96	17	82	37	31	72	58	89	34	92	81	89	78	
70	56	51	15	48	80	43	49	7	39	37	96	71	46	95	3	16	83	5	31	88	31	34	7	8	85	77	41	77	11	98	76	21	48	32	23	75	3	27	18	43	1	16	93	43	50	84	-1	84	13	75	84	95	34	82	22	41	38	1	87	57	13	28	83	52	31	61	70	46	27	18	100	79	56	6	1	45	94	99	52	24	92	24	97	38	27	38	7	77	21	87	10	85	71	21	49	46	80	4	87	
31	35	84	94	14	83	56	34	91	14	31	70	59	43	92	19	27	73	19	63	68	86	12	32	54	83	8	49	18	10	47	2	43	5	38	47	96	52	78	74	59	19	62	70	79	69	64	84	-1	97	15	79	52	78	38	84	54	70	52	78	13	50	100	23	2	56	19	34	74	32	48	50	87	78	78	32	39	82	34	37	45	100	82	64	48	65	80	55	57	37	15	3	89	38	34	17	19	77	82	42	
62	92	31	36	26	16	94	86	90	98	27	28	26	77	26	80	39	84	36	90	84	59	66	67	24	66	18	21	62	1	6	95	71	58	65	62	3	86	43	6	14	79	61	68	50	37	78	13	97	-1	35	96	55	38	54	52	14	49	44	80	94	13	56	81	71	36	18	16	10	54	55	41	78	9	36	48	70	25	80	61	60	21	64	68	30	46	28	87	91	19	48	72	84	88	6	2	59	20	17	23	
30	4	9	12	7	93	78	89	53	66	52	33	43	6	28	16	96	62	11	2	100	94	57	76	3	59	86	55	23	47	21	57	77	45	91	46	15	17	4	92	19	83	91	42	11	5	21	75	15	35	-1	76	97	31	81	10	53	3	89	44	8	98	37	33	23	31	64	49	39	100	32	97	10	99	11	48	25	97	22	30	95	62	94	81	69	53	19	47	19	1	83	40	1	92	59	84	25	67	16	39	
50	57	70	50	13	97	2	19	1	22	5	27	87	53	52	19	92	71	20	39	32	39	82	31	82	74	24	1	73	5	48	98	74	56	27	2	73	37	48	69	23	77	71	31	42	57	61	84	79	96	76	-1	56	42	97	19	52	6	91	45	29	40	65	68	34	32	85	79	30	29	50	61	78	70	39	29	45	98	20	99	27	65	40	81	14	3	95	46	31	40	29	93	11	24	87	93	65	31	68	12	
11	14	20	27	94	8	90	47	27	92	33	74	35	31	16	72	30	86	48	78	47	91	28	30	40	14	22	71	96	30	50	81	35	86	23	48	89	27	57	27	35	97	89	61	33	52	94	95	52	55	97	56	-1	83	48	2	96	95	79	78	5	56	61	77	100	84	43	100	79	1	42	35	42	19	65	22	94	92	16	44	28	39	95	99	73	69	78	35	63	57	87	38	46	57	4	84	80	13	87	73	
44	93	96	37	40	57	78	61	35	68	84	10	80	87	22	67	17	96	38	45	66	34	18	54	89	19	26	54	86	74	29	64	5	84	80	81	56	73	70	68	25	43	54	17	42	37	100	34	78	38	31	42	83	-1	85	76	99	28	71	17	42	48	69	64	28	92	71	100	89	82	9	71	61	73	79	8	23	5	17	9	27	63	34	18	37	89	7	12	23	45	65	16	90	69	26	26	84	83	16	82	
83	14	25	43	32	10	61	88	2	55	94	86	82	76	60	74	72	26	46	23	33	78	81	5	64	79	78	48	70	8	88	67	17	65	27	58	38	16	33	92	28	21	53	80	10	83	59	82	38	54	81	97	48	85	-1	100	2	58	10	19	8	28	86	33	49	69	19	79	1	96	93	100	89	4	16	77	64	27	29	61	59	93	54	21	5	64	42	48	93	70	86	55	65	34	81	35	88	40	64	15	
9	37	33	36	18	8	50	27	77	44	31	90	92	75	87	31	77	43	18	43	14	22	84	58	76	64	55	55	19	88	22	18	79	44	4	87	29	98	79	38	40	82	4	10	95	94	79	22	84	52	10	19	2	76	100	-1	13	100	93	8	2	25	40	33	56	67	96	64	80	85	97	50	42	50	95	82	72	86	2	45	62	53	77	68	21	88	95	71	89	83	60	21	2	70	10	8	92	59	44	6	
54	39	54	86	64	39	51	57	26	6	1	46	7	60	61	2	88	14	56	42	67	27	86	44	47	74	2	25	86	73	4	55	18	47	93	100	54	37	65	100	37	71	75	32	90	38	16	41	54	14	53	52	96	99	2	13	-1	7	35	43	31	79	84	78	9	8	66	2	82	24	81	83	37	31	91	73	96	8	21	63	64	79	59	56	33	78	16	26	87	28	99	87	65	30	40	58	65	48	58	39	
14	66	51	10	58	80	11	87	70	81	54	37	60	21	65	45	81	98	35	24	22	77	65	36	41	7	95	51	25	59	98	42	1	57	76	29	5	85	93	53	89	61	72	43	52	33	8	38	70	49	3	6	95	28	58	100	7	-1	65	36	49	62	5	16	79	30	13	22	26	25	19	39	64	18	48	81	21	17	68	50	49	2	35	45	32	85	83	87	26	5	42	84	58	36	32	91	100	73	94	11	
26	79	22	54	5	50	8	11	17	99	69	14	53	81	42	17	35	14	67	72	81	48	18	48	100	85	36	68	19	14	38	12	11	73	44	86	3	44	6	27	55	65	42	22	87	96	19	1	52	44	89	91	79	71	10	93	35	65	-1	78	63	33	72	44	9	37	5	96	54	39	95	81	64	65	70	42	71	22	7	25	3	38	85	12	18	7	84	96	19	51	55	60	16	11	81	81	49	65	50	59	
98	11	10	89	67	42	44	54	79	15	81	22	49	75	32	20	85	3	97	88	22	84	2	12	29	68	9	95	57	60	95	70	6	93	35	68	37	92	82	5	82	29	19	91	85	44	38	87	78	80	44	45	78	17	19	8	43	36	78	-1	93	55	66	38	24	28	55	54	49	2	3	92	70	20	92	19	10	8	75	85	19	81	66	61	13	91	86	37	33	75	16	71	49	57	83	90	74	71	74	26	
92	92	41	83	52	96	49	8	93	60	16	67	74	66	11	82	28	15	93	64	30	24	1	4	74	44	45	52	93	3	69	7	94	45	51	36	60	86	49	17	33	19	8	43	25	17	14	57	13	94	8	29	5	42	8	2	31	49	63	93	-1	47	40	18	87	58	4	20	22	8	49	88	81	38	87	24	37	9	100	54	1	97	52	35	28	94	23	83	55	15	86	9	48	12	47	14	22	85	83	48	
20	81	84	62	26	60	49	8	86	65	96	70	26	37	60	5	26	6	91	21	29	16	59	21	16	60	93	35	96	75	68	5	67	48	51	97	52	96	45	50	43	91	1	94	72	16	87	13	50	13	98	40	56	48	28	25	79	62	33	55	47	-1	35	96	34	3	78	79	18	73	48	81	99	39	77	15	59	72	62	93	88	80	74	19	82	67	18	53	59	66	97	50	92	94	8	12	30	77	25	51	
57	83	77	77	29	16	87	2	88	25	44	11	98	10	87	29	89	72	16	24	84	67	60	47	70	40	92	90	43	100	31	10	30	91	14	63	19	16	58	29	52	6	31	46	42	47	72	28	100	56	37	65	61	69	86	40	84	5	72	66	40	35	-1	100	54	26	65	71	40	88	5	76	89	73	98	48	75	3	33	6	92	30	97	80	30	27	55	47	1	26	27	65	16	25	74	7	9	2	20	32	
37	83	48	16	58	50	86	93	88	22	13	94	33	46	20	71	50	76	50	11	58	19	30	6	88	13	96	81	60	72	66	37	63	9	80	57	80	93	87	55	100	67	61	15	33	75	2	83	23	81	33	68	77	64	33	33	78	16	44	38	18	96	100	-1	5	83	55	19	83	32	20	64	84	57	46	86	23	89	1	35	14	54	77	41	49	81	27	27	13	36	71	23	47	46	94	90	98	91	30	25	
11	44	45	14	64	56	57	26	56	80	56	10	27	69	22	53	1	60	61	50	89	14	30	78	29	56	87	56	94	16	48	17	41	34	98	79	94	63	80	65	52	94	18	33	64	5	81	52	2	71	23	34	100	28	49	56	9	79	9	24	87	34	54	5	-1	83	48	96	55	4	2	53	63	70	30	77	83	6	32	35	12	82	96	61	69	37	96	6	74	73	64	97	50	36	30	69	69	79	65	81	
2	37	56	83	10	13	7	1	99	76	58	56	12	90	15	19	35	37	100	77	25	57	96	5	42	42	16	73	7	95	58	38	8	64	74	100	87	6	83	97	81	10	32	7	49	46	89	31	56	36	31	32	84	92	69	67	8	30	37	28	58	3	26	83	83	-1	69	49	20	23	51	4	95	92	41	47	42	86	11	76	5	64	2	78	2	88	70	25	65	58	11	77	36	17	39	33	31	28	51	13	
74	15	38	98	48	90	91	75	89	31	3	59	74	76	5	63	73	27	96	60	39	49	16	22	55	19	15	69	42	48	57	17	7	85	30	85	59	38	9	85	98	98	49	39	94	27	61	61	19	18	64	85	43	71	19	96	66	13	5	55	4	78	65	55	48	69	-1	20	31	85	29	62	6	87	87	47	97	31	7	2	32	34	38	2	97	27	77	60	100	98	2	3	62	4	35	30	9	36	42	58	
36	100	10	87	34	35	13	93	16	97	51	5	92	39	43	28	37	28	28	59	20	80	22	16	52	73	2	21	19	73	14	75	47	59	1	97	73	84	84	25	97	31	84	77	90	12	60	70	34	16	49	79	100	100	79	64	2	22	96	54	20	79	71	19	96	49	20	-1	30	66	18	44	72	31	63	97	41	78	15	24	19	34	3	32	52	39	96	35	1	33	3	74	27	7	11	13	55	92	62	77	
87	65	77	94	37	78	14	23	95	67	54	53	85	12	94	44	45	74	93	52	89	48	72	56	30	52	72	10	65	8	44	55	22	29	11	77	40	63	64	87	62	98	44	8	42	88	66	46	74	10	39	30	79	89	1	80	82	26	54	49	22	18	40	83	55	20	31	30	-1	76	16	69	57	94	73	28	30	97	35	40	11	99	65	7	79	82	52	17	4	97	66	25	44	49	4	48	74	55	48	15	
56	11	89	17	90	35	52	84	59	30	20	20	53	67	99	11	14	100	26	85	87	9	51	43	34	98	50	94	32	71	38	35	9	11	99	70	69	56	49	97	26	87	36	51	82	95	92	27	32	54	100	29	1	82	96	85	24	25	39	2	8	73	88	32	4	23	85	66	76	-1	47	68	30	55	57	39	11	80	3	55	66	55	3	72	51	69	17	23	81	10	24	49	77	90	66	67	63	2	3	52	
84	79	28	24	64	35	3	9	35	100	31	87	67	13	90	1	86	41	6	98	81	91	10	46	32	54	41	97	83	47	12	37	40	90	6	19	19	38	16	64	57	56	49	64	92	27	37	18	48	55	32	50	42	9	93	97	81	19	95	3	49	48	5	20	2	51	29	18	16	47	-1	23	95	46	11	84	40	31	96	3	5	92	40	76	98	11	63	13	52	40	82	91	74	19	41	100	8	40	66	97	
32	83	16	78	8	77	15	26	67	33	2	31	55	20	39	97	49	29	56	54	30	51	20	54	84	48	79	97	34	45	19	87	65	66	82	46	59	100	73	26	71	93	25	7	6	17	52	100	50	41	97	61	35	71	100	50	83	39	81	92	88	81	76	64	53	4	62	44	69	68	23	-1	60	97	51	69	5	15	52	63	93	41	77	5	97	61	58	52	70	52	52	66	6	29	11	25	9	53	80	41	
81	59	85	43	6	26	24	84	43	7	97	90	79	83	86	49	82	90	17	60	85	19	81	27	86	15	73	44	88	47	75	30	9	21	90	83	82	76	16	26	40	66	28	13	14	65	63	79	87	78	10	78	42	61	89	42	37	64	64	70	81	99	89	84	63	95	6	72	57	30	95	60	-1	65	25	66	97	76	23	43	99	37	10	44	66	44	81	53	27	42	58	49	54	44	75	46	50	94	52	67	
62	6	5	93	54	36	26	21	14	24	30	28	40	67	18	9	61	14	48	31	28	18	2	41	29	59	53	61	53	31	75	10	63	56	15	96	25	32	47	75	35	96	44	8	10	6	99	56	78	9	99	70	19	73	4	50	31	18	65	20	38	39	73	57	70	92	87	31	94	55	46	97	65	-1	35	11	86	67	60	71	63	30	32	1	51	13	84	63	43	14	69	91	52	48	15	99	54	64	27	86	
39	5	29	98	33	39	32	65	80	21	53	43	98	48	19	62	79	26	37	8	56	82	95	78	76	87	61	6	39	9	1	78	11	1	20	21	61	40	64	46	43	22	23	97	87	76	53	6	78	36	11	39	65	79	16	95	91	48	70	92	87	77	98	46	30	41	87	63	73	57	11	51	25	35	-1	2	5	5	96	60	46	54	12	21	21	47	9	16	62	49	87	51	36	60	67	73	31	25	96	22	
44	73	38	22	36	60	59	9	89	15	70	88	17	41	35	90	93	72	79	2	57	38	53	80	76	82	96	13	29	34	6	46	1	76	62	33	90	30	91	68	68	38	43	52	1	3	98	1	32	48	48	29	22	8	77	82	73	81	42	19	24	15	48	86	77	47	47	97	28	39	84	69	66	11	2	-1	51	41	79	70	28	54	30	21	19	96	40	63	23	24	40	63	59	20	19	1	75	72	83	1	
76	19	98	46	41	29	79	19	52	30	59	50	20	43	5	34	84	83	59	92	64	79	64	8	99	43	47	39	31	80	60	39	51	58	33	37	3	12	61	52	14	32	4	19	6	43	57	45	39	70	25	45	94	23	64	72	96	21	71	10	37	59	75	23	83	42	97	41	30	11	40	5	97	86	5	51	-1	77	91	89	22	71	33	57	30	2	35	48	50	73	67	7	30	61	82	70	51	7	99	59	
1	51	10	14	66	66	77	24	95	100	42	59	88	41	3	54	45	26	13	92	96	94	94	39	51	59	54	11	28	11	99	49	92	87	80	2	43	55	58	44	53	63	97	72	34	9	82	94	82	25	97	98	92	5	27	86	8	17	22	8	9	72	3	89	6	86	31	78	97	80	31	15	76	67	5	41	77	-1	16	16	26	17	86	53	37	3	10	92	66	77	56	49	69	100	18	100	59	45	90	33	
35	66	78	58	12	66	51	81	94	9	50	28	41	68	87	42	24	38	17	9	90	74	30	51	15	78	35	64	86	62	5	31	42	100	13	5	37	17	57	7	77	88	70	72	9	41	43	99	34	80	22	20	16	17	29	2	21	68	7	75	100	62	33	1	32	11	7	15	35	3	96	52	23	60	96	79	91	16	-1	75	84	23	70	88	46	73	53	47	93	60	21	42	70	59	55	61	96	29	92	40	
94	15	48	26	4	84	65	83	81	57	17	5	96	39	99	96	26	78	5	67	75	7	46	31	5	48	4	11	77	63	64	83	40	13	11	71	78	75	67	27	86	55	96	34	5	68	94	52	37	61	30	99	44	9	61	45	63	50	25	85	54	93	6	35	35	76	2	24	40	55	3	63	43	71	60	70	89	16	75	-1	35	100	22	90	51	64	70	100	30	2	27	97	91	33	100	60	8	25	54	43	
80	73	63	6	15	30	77	22	25	25	100	48	90	37	42	93	11	100	26	77	71	55	21	13	37	16	3	8	19	47	24	56	5	18	26	82	6	73	28	82	44	88	26	69	73	11	78	24	45	60	95	27	28	27	59	62	64	49	3	19	1	88	92	14	12	5	32	19	11	66	5	93	99	63	46	28	22	26	84	35	-1	71	7	94	67	32	64	46	67	10	77	50	58	11	93	21	95	37	17	23	
9	58	80	43	39	40	38	1	4	69	2	46	3	93	46	21	35	77	95	77	100	32	58	31	44	77	98	59	55	18	17	48	5	59	76	71	69	67	6	20	77	87	36	35	82	39	95	92	100	21	62	65	39	63	93	53	79	2	38	81	97	80	30	54	82	64	34	34	99	55	92	41	37	30	54	54	71	17	23	100	71	-1	11	11	57	5	33	91	32	35	44	17	62	78	43	15	72	6	1	98	
49	91	79	96	64	44	19	50	47	10	39	71	89	99	20	100	38	38	51	13	49	13	89	38	70	70	26	31	14	16	4	83	32	42	75	14	67	9	78	82	16	90	63	67	86	8	20	24	82	64	94	40	95	34	54	77	59	35	85	66	52	74	97	77	96	2	38	3	65	3	40	77	10	32	12	30	33	86	70	22	7	11	-1	60	1	96	22	5	93	30	38	69	82	60	50	61	64	35	44	77	
75	45	28	1	95	58	56	4	13	33	18	88	58	30	74	51	49	38	43	96	72	51	47	42	2	69	77	55	91	50	92	27	23	100	80	23	62	46	46	29	25	47	10	52	69	76	76	97	64	68	81	81	99	18	21	68	56	45	12	61	35	19	80	41	61	78	2	32	7	72	76	5	44	1	21	21	57	53	88	90	94	11	60	-1	60	60	80	92	16	48	43	90	100	15	19	76	62	68	53	64	
44	15	87	48	75	30	77	92	41	50	80	30	65	1	32	35	6	92	85	75	33	84	54	97	79	43	55	73	84	20	40	2	45	3	4	27	2	89	24	74	68	1	62	52	68	96	64	38	48	30	69	14	73	37	5	21	33	32	18	13	28	82	30	49	69	2	97	52	79	51	98	97	66	51	21	19	30	37	46	51	67	57	1	60	-1	1	94	78	75	38	26	62	6	19	77	10	16	24	12	69	
89	92	12	82	1	77	56	36	68	83	75	49	38	22	22	31	64	59	82	4	62	54	55	63	21	2	37	90	24	29	34	82	30	36	30	35	60	78	87	82	84	1	74	76	85	74	36	27	65	46	53	3	69	89	64	88	78	85	7	91	94	67	27	81	37	88	27	39	82	69	11	61	44	13	47	96	2	3	73	64	32	5	96	60	1	-1	100	95	64	82	21	39	39	76	99	100	72	69	76	49	
59	97	21	9	10	25	63	11	13	3	41	53	70	67	37	25	36	85	95	47	13	14	99	65	68	28	19	1	100	81	88	77	6	6	89	54	50	4	21	78	28	46	31	47	73	62	68	38	80	28	19	95	78	7	42	95	16	83	84	86	23	18	55	27	96	70	77	96	52	17	63	58	81	84	9	40	35	10	53	70	64	33	22	80	94	100	-1	57	23	8	2	91	88	45	28	78	48	42	18	79	
32	5	9	85	93	57	83	8	56	68	25	15	38	2	9	13	27	94	84	29	92	66	12	93	7	85	53	49	73	23	43	41	46	20	24	97	68	43	12	13	2	21	48	18	23	87	96	7	55	87	47	46	35	12	48	71	26	87	96	37	83	53	47	27	6	25	60	35	17	23	13	52	53	63	16	63	48	92	47	100	46	91	5	92	78	95	57	-1	77	9	21	10	6	23	19	48	61	66	23	77	
25	55	28	18	46	98	73	39	19	19	82	70	15	56	66	73	5	92	92	90	88	37	51	100	99	5	52	25	20	94	66	19	87	98	33	19	33	17	6	85	47	71	36	65	27	61	17	77	57	91	19	31	63	23	93	89	87	26	19	33	55	59	1	13	74	65	100	1	4	81	52	70	27	43	62	23	50	66	93	30	67	32	93	16	75	64	23	77	-1	86	34	72	33	91	61	16	15	89	16	95	
84	9	16	43	57	16	95	20	96	73	46	29	27	65	1	52	76	95	94	76	58	3	62	33	40	33	80	66	2	97	7	21	47	49	4	35	31	29	65	64	4	92	80	22	20	26	82	21	37	19	1	40	57	45	70	83	28	5	51	75	15	66	26	36	73	58	98	33	97	10	40	52	42	14	49	24	73	77	60	2	10	35	30	48	38	82	8	9	86	-1	23	26	79	28	44	41	31	3	45	35	
6	16	91	84	6	44	56	30	40	46	67	94	27	57	85	80	8	78	69	98	61	54	92	94	45	73	70	56	44	31	94	78	92	86	13	68	8	97	36	87	77	10	2	8	83	9	37	87	15	48	83	29	87	65	86	60	99	42	55	16	86	97	27	71	64	11	2	3	66	24	82	52	58	69	87	40	67	56	21	27	77	44	38	43	26	21	2	21	34	23	-1	97	28	58	28	93	11	85	73	77	
90	20	44	8	84	64	40	1	28	34	89	88	50	3	14	72	77	15	73	8	3	5	86	60	78	86	45	14	50	80	43	78	96	94	97	30	99	9	66	60	18	5	77	63	87	13	31	10	3	72	40	93	38	16	55	21	87	84	60	71	9	50	65	23	97	77	3	74	25	49	91	66	49	91	51	63	7	49	42	97	50	17	69	90	62	39	91	10	72	26	97	-1	49	22	94	63	41	70	3	30	
17	27	82	37	37	25	98	48	96	4	47	57	70	20	86	83	86	45	82	35	43	26	84	20	84	72	100	6	21	47	77	18	33	44	51	2	18	38	24	70	44	68	2	47	7	36	72	85	89	84	1	11	46	90	65	2	65	58	16	49	48	92	16	47	50	36	62	27	44	77	74	6	54	52	36	59	30	69	70	91	58	62	82	100	6	39	88	6	33	79	28	49	-1	2	87	79	60	20	8	70	
85	83	86	3	66	41	52	69	36	15	94	37	74	25	32	63	82	60	98	40	11	33	29	68	81	66	35	35	80	79	26	20	52	43	37	31	98	98	4	37	70	92	100	89	45	14	58	71	38	88	92	24	57	69	34	70	30	36	11	57	12	94	25	46	36	17	4	7	49	90	19	29	44	48	60	20	61	100	59	33	11	78	60	15	19	76	45	23	91	28	58	22	2	-1	79	98	82	36	13	11	
9	14	42	58	85	21	99	59	55	62	91	89	35	36	46	2	52	14	44	1	89	35	79	26	1	43	68	76	89	99	24	49	9	84	38	81	18	54	42	80	84	91	66	32	76	59	89	21	34	6	59	87	4	26	81	10	40	32	81	83	47	8	74	94	30	39	35	11	4	66	41	11	75	15	67	19	82	18	55	100	93	43	50	19	77	99	28	19	61	44	28	94	87	79	-1	100	8	49	83	15	
78	89	86	85	50	11	95	61	75	8	62	20	46	75	81	58	26	45	65	92	97	79	99	24	24	47	66	87	66	1	2	13	21	35	26	93	49	97	21	9	19	78	2	59	45	28	34	49	17	2	84	93	84	26	35	8	58	91	81	90	14	12	7	90	69	33	30	13	48	67	100	25	46	99	73	1	70	100	61	60	21	15	61	76	10	100	78	48	16	41	93	63	79	98	100	-1	17	44	32	1	
63	39	16	94	2	79	75	49	77	66	95	53	98	56	67	7	58	83	56	23	98	58	9	1	39	38	82	99	64	42	70	14	73	98	68	24	87	98	73	18	42	4	42	43	43	47	92	46	19	59	25	65	80	84	88	92	65	100	49	74	22	30	9	98	69	31	9	55	74	63	8	9	50	54	31	75	51	59	96	8	95	72	64	62	16	72	48	61	15	31	11	41	60	82	8	17	-1	42	4	84	
1	59	6	2	74	16	52	92	98	58	31	34	20	57	77	52	67	84	88	80	2	89	14	36	11	55	58	90	33	59	20	18	76	34	55	88	75	4	12	50	50	23	70	92	15	6	81	80	77	20	67	31	13	83	40	59	48	73	65	71	85	77	2	91	79	28	36	92	55	2	40	53	94	64	25	72	7	45	29	25	37	6	35	68	24	69	42	66	89	3	85	70	20	36	49	44	42	-1	91	37	
63	38	69	100	69	55	38	94	32	62	19	84	59	96	85	24	78	3	55	4	2	64	83	30	50	3	1	32	53	19	36	46	6	36	15	94	86	45	38	36	93	94	67	58	86	27	89	4	82	17	16	68	87	16	64	44	58	94	50	74	83	25	20	30	65	51	42	62	48	3	66	80	52	27	96	83	99	90	92	54	17	1	44	53	12	76	18	23	16	45	73	3	8	13	83	32	4	91	-1	2	
57	25	54	21	30	72	99	94	84	53	15	32	61	92	37	7	63	64	73	69	7	39	36	10	33	17	70	67	72	93	47	19	35	96	6	78	6	71	88	74	30	16	75	17	34	13	78	87	42	23	39	12	73	82	15	6	39	11	59	26	48	51	32	25	81	13	58	77	15	52	97	41	67	86	22	1	59	33	40	43	23	98	77	64	69	49	79	77	95	35	77	30	70	11	15	1	84	37	2	-1	
