100
-1	3	24	34	17	31	6	30	7	50	10	82	44	38	49	76	13	92	9	79	60	2	88	76	74	90	41	71	100	10	36	33	93	56	99	14	16	40	17	22	94	4	70	84	21	95	76	11	14	97	84	21	16	70	52	57	95	56	23	23	60	35	77	81	61	71	41	100	76	96	80	65	11	93	53	78	90	41	77	16	44	7	75	17	3	48	24	12	46	19	91	76	4	68	9	39	83	15	7	17	
3	-1	10	54	96	51	35	78	96	64	7	99	97	5	83	36	69	67	39	29	60	39	73	100	32	85	48	89	19	38	89	81	44	7	86	75	71	9	45	79	73	26	80	6	99	23	50	53	47	56	36	8	93	93	90	82	63	26	59	51	39	42	16	85	64	27	55	91	99	61	59	3	79	96	4	65	83	18	67	20	47	46	88	90	35	2	81	35	95	23	27	14	45	43	72	98	75	85	23	45	
24	10	-1	44	100	95	50	7	22	60	93	2	35	24	21	12	54	13	22	72	54	36	19	68	80	58	81	26	37	64	16	10	70	48	86	52	15	42	46	11	68	84	78	15	16	82	100	3	77	77	21	42	5	78	87	50	86	81	93	49	52	74	64	32	52	75	37	13	92	28	68	73	78	96	47	26	39	73	88	14	25	70	14	88	43	66	51	38	11	43	97	23	44	48	50	65	85	4	26	63	
34	54	44	-1	57	81	91	69	17	36	5	20	43	97	9	100	60	32	70	3	56	33	10	55	40	78	86	71	37	7	77	94	35	19	59	12	93	64	77	6	91	31	59	92	35	89	76	77	92	93	61	53	96	79	21	53	78	40	56	61	91	71	6	66	92	24	14	86	51	82	10	80	61	62	29	46	89	58	97	89	15	67	70	20	47	40	31	13	71	2	10	37	58	100	85	21	19	42	43	21	
17	96	100	57	-1	53	72	35	55	4	97	73	3	44	80	63	41	36	20	86	28	30	87	49	78	21	24	60	24	95	53	89	32	32	54	71	63	46	76	20	20	42	88	21	90	4	35	63	69	11	74	36	79	23	34	34	48	74	54	59	57	88	32	14	93	30	88	98	38	14	70	56	58	81	43	13	15	37	39	40	99	80	70	61	23	11	91	75	92	32	24	67	48	54	35	85	67	27	28	99	
31	51	95	81	53	-1	49	37	4	24	49	44	17	30	30	79	44	27	89	99	99	68	84	75	75	84	1	70	53	15	22	82	99	46	71	86	45	86	45	95	60	31	65	34	96	24	32	30	5	15	90	36	11	78	32	94	70	92	27	19	46	48	14	18	99	68	91	51	29	85	52	36	28	74	75	5	6	58	96	58	83	53	83	79	4	15	17	11	99	59	23	89	31	78	40	48	81	76	2	50	
6	35	50	91	72	49	-1	22	21	9	36	62	40	11	92	36	64	75	95	6	13	6	64	31	46	67	8	56	2	32	7	52	60	25	19	87	89	9	60	53	33	29	7	22	6	95	79	57	56	67	5	38	26	66	39	100	75	84	92	99	61	90	49	41	90	72	79	39	16	78	71	74	63	42	26	42	76	81	66	95	80	82	84	46	77	56	72	67	20	54	38	29	100	33	71	49	5	29	71	19	
30	78	7	69	35	37	22	-1	89	39	24	53	95	19	99	85	73	16	69	60	92	8	97	40	45	38	79	48	66	36	24	46	37	90	81	82	17	24	77	19	63	48	43	77	22	44	67	54	82	9	52	86	25	44	34	22	31	63	57	38	76	39	21	53	87	48	35	98	9	94	40	97	86	87	1	91	76	46	71	22	42	98	63	55	50	98	93	73	94	47	84	58	20	10	69	96	52	28	69	74	
7	96	22	17	55	4	21	89	-1	6	90	36	83	96	38	84	56	96	64	49	33	86	81	30	39	80	94	64	5	51	67	26	80	38	81	72	13	57	40	40	73	75	5	73	11	54	73	30	17	95	82	39	30	33	18	98	28	67	65	73	38	42	94	57	28	83	24	2	21	53	27	82	49	21	46	96	47	11	94	89	13	28	65	44	31	32	32	61	100	70	89	11	55	30	28	7	14	47	92	60	
50	64	60	36	4	24	9	39	6	-1	4	80	22	44	36	60	29	39	96	44	99	99	31	56	20	99	18	83	3	61	53	58	57	97	49	35	62	83	33	25	48	48	14	72	59	99	59	43	82	11	1	88	12	75	78	14	31	6	17	13	11	24	1	38	34	25	13	7	19	76	74	25	33	67	75	14	93	57	94	66	14	16	8	97	19	48	47	11	30	64	81	74	29	56	17	59	2	78	8	43	
10	7	93	5	97	49	36	24	90	4	-1	83	28	38	93	1	50	78	57	12	88	5	34	76	91	95	55	70	36	54	99	58	41	41	7	24	47	20	77	16	44	37	42	98	62	14	14	14	95	88	67	65	2	8	87	96	38	83	99	4	2	99	65	70	65	28	12	56	3	24	55	81	75	99	50	5	14	17	19	52	100	37	72	26	65	38	8	51	59	24	25	62	90	34	10	31	68	9	76	17	
82	99	2	20	73	44	62	53	36	80	83	-1	11	23	29	8	87	69	43	39	72	6	74	97	95	93	25	70	20	52	90	92	20	10	88	75	96	34	37	16	46	53	80	60	6	66	12	57	32	20	54	97	40	100	87	19	74	64	34	58	63	26	65	51	55	33	29	35	32	24	27	45	27	36	96	97	42	21	88	96	58	100	71	2	2	100	75	94	99	21	98	88	70	88	68	69	95	92	51	66	
44	97	35	43	3	17	40	95	83	22	28	11	-1	90	52	63	54	39	34	83	34	54	12	16	74	45	89	73	74	26	98	62	40	64	13	6	79	33	86	47	1	35	84	11	17	11	82	10	84	7	59	93	77	22	79	29	18	42	7	64	25	61	34	11	95	28	20	73	84	60	23	23	11	9	49	93	99	53	34	31	26	57	62	3	89	14	85	34	32	59	5	6	100	73	39	27	34	47	94	4	
38	5	24	97	44	30	11	19	96	44	38	23	90	-1	46	7	53	56	75	8	91	36	52	57	47	71	12	78	97	13	63	78	43	80	97	9	12	17	2	75	95	89	14	13	55	59	5	46	18	13	50	96	54	69	45	44	15	78	55	63	18	78	17	10	89	19	8	1	52	5	27	100	36	14	70	14	94	25	61	33	11	3	68	97	49	47	5	84	12	39	10	30	18	15	69	23	43	82	37	78	
49	83	21	9	80	30	92	99	38	36	93	29	52	46	-1	25	71	72	22	51	98	78	38	73	10	47	72	47	41	71	71	25	82	57	67	7	55	81	69	24	28	63	11	81	38	33	15	63	2	88	7	48	40	98	73	86	84	50	48	60	52	85	74	70	76	51	91	15	93	45	99	6	11	2	51	26	30	91	86	37	83	59	29	23	80	31	39	70	68	58	95	4	32	9	99	36	55	37	78	78	
76	36	12	100	63	79	36	85	84	60	1	8	63	7	25	-1	34	61	39	62	19	18	36	63	74	19	30	21	82	30	82	55	35	24	52	60	13	84	30	52	84	55	32	83	67	22	59	82	61	97	75	65	94	7	8	56	32	66	50	57	30	72	5	45	93	1	65	30	88	3	22	64	88	80	62	7	89	75	49	9	67	2	54	23	73	26	25	61	98	63	88	26	44	53	58	49	17	99	60	22	
13	69	54	60	41	44	64	73	56	29	50	87	54	53	71	34	-1	92	19	50	88	29	51	42	35	84	27	82	53	20	99	28	80	43	89	57	14	80	82	43	43	3	70	44	7	44	65	19	18	11	29	45	56	99	16	58	72	42	38	5	66	59	60	77	52	89	79	30	10	59	43	19	94	72	41	53	79	18	59	88	64	21	60	89	19	33	100	95	54	40	97	46	18	33	97	81	54	50	1	11	
92	67	13	32	36	27	75	16	96	39	78	69	39	56	72	61	92	-1	95	87	43	16	69	11	57	88	76	58	18	49	12	91	100	41	18	72	38	38	89	16	82	17	31	29	7	20	7	55	89	56	67	91	57	66	93	67	27	37	36	20	57	12	20	81	30	12	45	64	10	34	20	30	7	78	51	44	93	38	3	91	74	96	79	75	6	37	94	12	61	1	41	73	36	23	78	70	29	64	12	27	
9	39	22	70	20	89	95	69	64	96	57	43	34	75	22	39	19	95	-1	77	30	61	34	44	41	72	13	4	79	34	39	49	21	71	81	85	26	72	43	26	62	100	89	96	25	84	35	1	4	19	96	74	44	94	34	24	95	43	49	66	88	64	31	97	94	98	91	6	95	95	48	54	21	37	15	16	26	100	71	14	92	81	5	17	87	8	65	75	50	99	100	53	3	60	94	66	99	41	61	89	
79	29	72	3	86	99	6	60	49	44	12	39	83	8	51	62	50	87	77	-1	41	98	70	38	94	31	8	92	1	27	67	29	32	40	99	67	71	23	81	21	27	66	25	49	1	24	76	100	32	97	24	99	25	26	78	29	46	16	59	33	92	4	67	69	80	18	93	26	72	34	31	15	99	50	56	80	87	94	87	36	42	52	51	15	73	87	31	11	55	74	41	85	2	73	74	19	77	60	48	81	
60	60	54	56	28	99	13	92	33	99	88	72	34	91	98	19	88	43	30	41	-1	34	3	50	32	20	80	34	88	67	15	56	73	23	74	19	57	79	97	10	93	51	14	29	15	71	76	80	25	73	29	63	21	33	28	2	48	28	4	71	25	11	30	74	36	20	89	84	26	33	40	59	46	44	92	40	92	36	94	2	93	5	79	11	56	77	78	5	32	41	58	22	85	90	57	83	47	61	76	37	
2	39	36	33	30	68	6	8	86	99	5	6	54	36	78	18	29	16	61	98	34	-1	33	61	35	37	70	28	19	98	38	31	43	84	95	26	44	71	69	70	25	1	47	93	61	48	10	71	46	19	56	55	62	79	2	50	40	37	26	45	29	2	16	93	79	53	25	34	81	33	88	21	13	90	17	35	23	17	19	92	18	79	75	92	64	85	33	56	13	66	69	89	36	57	66	22	57	2	77	15	
88	73	19	10	87	84	64	97	81	31	34	74	12	52	38	36	51	69	34	70	3	33	-1	2	22	86	32	49	65	63	66	70	40	77	16	1	79	42	50	22	4	39	66	19	65	15	31	45	10	9	19	3	7	71	63	3	44	50	40	50	38	100	68	83	97	91	11	19	94	91	47	55	24	11	34	89	57	45	27	80	82	76	46	79	7	53	96	100	39	8	82	69	80	68	4	30	81	81	73	40	
76	100	68	55	49	75	31	40	30	56	76	97	16	57	73	63	42	11	44	38	50	61	2	-1	21	86	25	41	76	18	11	29	27	98	17	53	64	75	37	86	94	33	9	28	58	69	92	56	23	7	54	62	24	80	34	95	51	81	3	10	96	39	81	73	50	42	53	91	93	27	86	92	89	19	13	76	26	84	4	71	53	82	78	89	61	62	90	21	97	98	85	43	29	66	29	35	23	73	71	80	
74	32	80	40	78	75	46	45	39	20	91	95	74	47	10	74	35	57	41	94	32	35	22	21	-1	13	99	91	36	64	37	70	88	7	85	17	40	79	20	56	1	9	17	1	62	62	80	55	44	95	3	1	88	38	16	91	54	3	31	10	60	54	53	91	92	39	81	62	61	4	42	12	79	83	45	95	58	75	4	48	33	49	99	46	19	6	90	13	38	88	16	5	10	48	54	32	4	37	59	5	
90	85	58	78	21	84	67	38	80	99	95	93	45	71	47	19	84	88	72	31	20	37	86	86	13	-1	99	50	98	22	55	80	21	33	25	88	5	82	86	96	77	44	11	96	44	53	39	99	17	35	31	25	57	1	91	51	83	73	26	69	34	79	48	100	69	5	42	76	47	88	98	71	78	76	51	71	16	12	55	72	46	56	11	26	41	58	75	78	98	30	14	66	22	85	100	50	21	69	66	40	
41	48	81	86	24	1	8	79	94	18	55	25	89	12	72	30	27	76	13	8	80	70	32	25	99	99	-1	90	15	50	91	48	16	65	16	12	100	32	89	59	28	70	10	10	39	98	17	90	68	71	5	97	34	33	46	90	79	18	35	55	25	10	12	49	78	79	6	32	50	76	32	25	71	99	31	100	32	53	77	62	15	44	5	19	24	92	14	99	61	23	10	89	31	66	93	53	68	25	74	66	
71	89	26	71	60	70	56	48	64	83	70	70	73	78	47	21	82	58	4	92	34	28	49	41	91	50	90	-1	75	5	97	87	73	91	30	8	10	55	41	55	95	15	47	48	80	77	79	48	33	12	4	5	93	58	6	42	64	69	76	4	66	27	17	6	22	11	77	57	55	38	98	59	100	70	66	69	71	40	48	86	17	16	78	69	92	13	93	46	36	18	27	62	2	40	32	13	38	24	60	99	
100	19	37	37	24	53	2	66	5	3	36	20	74	97	41	82	53	18	79	1	88	19	65	76	36	98	15	75	-1	4	88	79	9	54	30	19	92	12	17	98	36	64	2	52	19	50	80	71	4	94	7	63	50	9	22	25	24	6	37	62	83	42	14	21	81	77	54	57	64	38	67	16	98	57	43	69	15	77	91	67	1	41	49	49	74	62	43	17	95	8	53	88	48	67	8	4	36	26	36	89	
10	38	64	7	95	15	32	36	51	61	54	52	26	13	71	30	20	49	34	27	67	98	63	18	64	22	50	5	4	-1	18	99	99	60	56	82	47	97	79	63	98	43	32	81	56	37	1	48	89	39	31	61	83	1	66	61	18	79	5	51	42	79	20	26	45	62	67	54	26	93	61	82	77	7	37	18	12	71	60	45	1	60	79	82	40	22	2	86	8	71	5	42	37	82	61	99	89	32	2	53	
36	89	16	77	53	22	7	24	67	53	99	90	98	63	71	82	99	12	39	67	15	38	66	11	37	55	91	97	88	18	-1	91	9	9	20	51	72	37	52	68	13	74	36	38	91	31	49	40	27	15	92	97	15	22	81	29	42	30	46	34	15	42	27	32	81	93	51	70	58	94	19	81	94	95	29	82	85	92	44	67	51	57	6	94	52	30	86	22	65	74	15	70	1	46	56	63	7	51	94	28	
33	81	10	94	89	82	52	46	26	58	58	92	62	78	25	55	28	91	49	29	56	31	70	29	70	80	48	87	79	99	91	-1	60	83	51	44	60	35	8	31	66	9	77	13	87	81	4	55	29	40	39	96	76	5	98	7	86	86	84	13	74	78	17	14	78	25	48	83	15	35	41	6	33	10	62	33	82	29	82	28	35	81	22	94	94	95	71	6	6	10	88	38	60	67	36	100	90	50	6	30	
93	44	70	35	32	99	60	37	80	57	41	20	40	43	82	35	80	100	21	32	73	43	40	27	88	21	16	73	9	99	9	60	-1	25	66	81	79	26	68	6	24	77	40	80	9	34	20	50	69	93	9	94	87	4	15	78	38	33	69	87	9	77	1	90	23	7	57	58	10	26	97	21	50	3	47	90	85	61	41	67	73	73	10	8	82	32	4	27	44	86	32	18	54	98	66	62	64	76	34	89	
56	7	48	19	32	46	25	90	38	97	41	10	64	80	57	24	43	41	71	40	23	84	77	98	7	33	65	91	54	60	9	83	25	-1	11	89	60	10	47	81	12	84	26	93	69	52	30	23	55	67	82	47	61	80	93	35	32	93	100	83	10	83	95	97	83	6	81	43	62	19	51	22	26	86	58	49	43	83	32	91	90	12	28	49	15	39	57	55	74	92	97	68	12	46	26	97	88	54	37	54	
99	86	86	59	54	71	19	81	81	49	7	88	13	97	67	52	89	18	81	99	74	95	16	17	85	25	16	30	30	56	20	51	66	11	-1	89	83	6	63	38	68	58	54	79	3	74	12	33	64	49	9	5	46	12	75	21	79	17	2	92	45	6	58	24	95	87	69	100	10	51	96	62	14	89	7	5	89	89	51	24	25	27	76	83	3	38	19	2	30	50	69	51	70	50	88	94	75	87	70	72	
14	75	52	12	71	86	87	82	72	35	24	75	6	9	7	60	57	72	85	67	19	26	1	53	17	88	12	8	19	82	51	44	81	89	89	-1	1	71	72	72	97	37	13	94	79	45	23	61	49	62	37	46	80	83	97	35	42	75	96	100	80	48	16	1	53	49	49	87	26	14	64	4	99	72	55	61	82	82	41	10	3	44	85	1	48	98	80	74	21	87	52	95	94	54	66	2	4	4	4	79	
16	71	15	93	63	45	89	17	13	62	47	96	79	12	55	13	14	38	26	71	57	44	79	64	40	5	100	10	92	47	72	60	79	60	83	1	-1	54	100	71	88	21	83	18	2	34	8	68	30	2	79	23	100	38	72	94	95	93	3	8	5	38	29	81	55	22	70	72	20	85	52	82	82	80	82	66	94	43	34	65	74	16	28	28	40	20	29	24	36	32	59	49	40	31	37	98	12	78	17	36	
40	9	42	64	46	86	9	24	57	83	20	34	33	17	81	84	80	38	72	23	79	71	42	75	79	82	32	55	12	97	37	35	26	10	6	71	54	-1	97	20	32	76	74	75	97	34	84	10	42	44	21	56	39	16	64	25	65	77	99	28	46	31	95	25	42	76	47	64	1	13	74	21	34	90	10	17	12	63	5	5	14	12	15	22	12	10	24	17	43	86	48	51	42	81	35	40	47	100	70	48	
17	45	46	77	76	45	60	77	40	33	77	37	86	2	69	30	82	89	43	81	97	69	50	37	20	86	89	41	17	79	52	8	68	47	63	72	100	97	-1	36	66	27	22	91	52	68	72	62	72	95	30	7	30	29	58	67	74	52	28	65	74	69	91	5	39	42	60	94	77	48	86	49	97	77	85	71	45	51	83	4	50	76	83	77	85	57	60	43	82	25	86	33	86	84	51	88	14	7	33	21	
22	79	11	6	20	95	53	19	40	25	16	16	47	75	24	52	43	16	26	21	10	70	22	86	56	96	59	55	98	63	68	31	6	81	38	72	71	20	36	-1	72	46	14	91	78	23	72	81	14	60	13	46	96	12	66	83	54	98	4	69	11	30	19	88	93	4	47	91	94	67	11	9	77	18	84	31	94	41	78	63	54	22	4	84	83	77	10	59	72	69	18	89	48	68	56	42	92	38	83	70	
94	73	68	91	20	60	33	63	73	48	44	46	1	95	28	84	43	82	62	27	93	25	4	94	1	77	28	95	36	98	13	66	24	12	68	97	88	32	66	72	-1	34	36	39	74	67	86	96	25	37	19	94	27	57	57	15	34	55	93	79	35	64	56	42	71	87	81	87	6	99	89	7	1	71	8	31	31	83	98	34	17	34	58	82	22	5	50	54	63	67	23	100	48	77	70	37	99	96	59	5	
4	26	84	31	42	31	29	48	75	48	37	53	35	89	63	55	3	17	100	66	51	1	39	33	9	44	70	15	64	43	74	9	77	84	58	37	21	76	27	46	34	-1	98	89	21	19	11	8	87	100	38	16	61	63	34	58	69	65	68	100	79	77	93	12	80	71	6	20	83	5	12	48	70	35	36	31	26	99	81	30	87	91	17	87	11	29	26	20	41	67	48	38	51	24	98	25	83	19	16	57	
70	80	78	59	88	65	7	43	5	14	42	80	84	14	11	32	70	31	89	25	14	47	66	9	17	11	10	47	2	32	36	77	40	26	54	13	83	74	22	14	36	98	-1	64	71	36	95	56	99	77	48	25	11	47	89	2	46	29	3	48	97	95	73	9	76	92	72	99	16	7	47	100	36	92	39	76	40	17	56	43	87	81	21	33	35	29	80	8	43	74	97	33	80	30	45	17	48	90	78	89	
84	6	15	92	21	34	22	77	73	72	98	60	11	13	81	83	44	29	96	49	29	93	19	28	1	96	10	48	52	81	38	13	80	93	79	94	18	75	91	91	39	89	64	-1	23	99	61	39	82	48	79	39	62	84	64	99	17	8	53	27	100	35	7	15	20	83	61	17	36	71	35	57	3	39	55	8	98	44	24	93	13	5	80	10	75	25	22	34	79	25	9	45	12	92	16	57	55	62	74	52	
21	99	16	35	90	96	6	22	11	59	62	6	17	55	38	67	7	7	25	1	15	61	65	58	62	44	39	80	19	56	91	87	9	69	3	79	2	97	52	78	74	21	71	23	-1	79	14	15	30	61	75	96	76	42	60	99	93	22	51	67	32	30	75	75	42	24	34	40	53	68	13	52	38	19	49	8	83	100	38	38	83	7	34	48	42	5	56	23	52	27	10	23	49	94	59	74	90	67	5	23	
95	23	82	89	4	24	95	44	54	99	14	66	11	59	33	22	44	20	84	24	71	48	15	69	62	53	98	77	50	37	31	81	34	52	74	45	34	34	68	23	67	19	36	99	79	-1	47	9	66	78	8	15	89	25	81	38	80	56	9	23	56	16	13	89	56	76	60	85	77	57	62	49	58	12	27	62	47	94	81	89	3	56	65	49	94	10	78	19	92	100	74	94	48	31	25	72	76	9	19	49	
76	50	100	76	35	32	79	67	73	59	14	12	82	5	15	59	65	7	35	76	76	10	31	92	80	39	17	79	80	1	49	4	20	30	12	23	8	84	72	72	86	11	95	61	14	47	-1	17	65	38	94	98	57	44	56	4	76	73	86	32	26	16	92	80	74	38	82	50	75	28	1	59	78	11	88	80	15	9	5	31	38	33	41	63	48	77	65	91	86	3	51	76	69	78	76	66	51	86	15	46	
11	53	3	77	63	30	57	54	30	43	14	57	10	46	63	82	19	55	1	100	80	71	45	56	55	99	90	48	71	48	40	55	50	23	33	61	68	10	62	81	96	8	56	39	15	9	17	-1	89	31	58	5	69	62	48	55	93	20	71	56	53	71	22	27	34	43	1	94	27	9	23	85	73	50	5	10	65	37	22	59	28	17	79	70	39	34	47	6	20	90	97	67	13	65	13	76	2	32	12	95	
14	47	77	92	69	5	56	82	17	82	95	32	84	18	2	61	18	89	4	32	25	46	10	23	44	17	68	33	4	89	27	29	69	55	64	49	30	42	72	14	25	87	99	82	30	66	65	89	-1	32	61	88	89	29	72	43	34	65	72	23	91	51	72	74	10	44	75	31	61	75	31	33	7	47	94	42	56	49	86	6	23	21	22	49	41	73	32	91	3	23	98	18	60	24	88	57	16	70	98	91	
97	56	77	93	11	15	67	9	95	11	88	20	7	13	88	97	11	56	19	97	73	19	9	7	95	35	71	12	94	39	15	40	93	67	49	62	2	44	95	60	37	100	77	48	61	78	38	31	32	-1	96	15	69	94	55	38	63	85	61	10	17	32	2	5	17	90	45	51	27	11	13	34	19	27	7	20	35	3	85	54	39	39	79	68	42	91	96	27	70	2	8	30	88	28	95	84	65	43	28	40	
84	36	21	61	74	90	5	52	82	1	67	54	59	50	7	75	29	67	96	24	29	56	19	54	3	31	5	4	7	31	92	39	9	82	9	37	79	21	30	13	19	38	48	79	75	8	94	58	61	96	-1	68	68	67	54	31	15	24	86	99	88	81	63	32	63	25	5	65	42	50	81	46	66	32	92	3	71	4	19	46	92	99	3	39	58	3	93	27	96	22	79	39	52	72	15	7	71	8	35	31	
21	8	42	53	36	36	38	86	39	88	65	97	93	96	48	65	45	91	74	99	63	55	3	62	1	25	97	5	63	61	97	96	94	47	5	46	23	56	7	46	94	16	25	39	96	15	98	5	88	15	68	-1	54	73	57	44	67	91	21	14	2	63	26	4	33	27	34	77	74	95	53	26	3	3	90	96	3	62	22	51	19	86	77	11	75	57	35	18	42	91	85	82	27	13	12	76	82	26	37	89	
16	93	5	96	79	11	26	25	30	12	2	40	77	54	40	94	56	57	44	25	21	62	7	24	88	57	34	93	50	83	15	76	87	61	46	80	100	39	30	96	27	61	11	62	76	89	57	69	89	69	68	54	-1	10	88	58	44	81	49	24	53	81	58	89	84	43	68	24	89	45	97	50	11	16	61	87	46	52	62	10	25	99	68	93	99	28	62	93	58	60	33	24	6	22	74	40	19	68	53	39	
70	93	78	79	23	78	66	44	33	75	8	100	22	69	98	7	99	66	94	26	33	79	71	80	38	1	33	58	9	1	22	5	4	80	12	83	38	16	29	12	57	63	47	84	42	25	44	62	29	94	67	73	10	-1	57	8	95	99	31	23	17	8	58	79	90	71	48	65	11	22	72	15	68	29	39	18	47	75	63	98	52	26	95	24	59	63	56	36	17	33	15	49	27	3	15	14	76	44	31	70	
52	90	87	21	34	32	39	34	18	78	87	87	79	45	73	8	16	93	34	78	28	2	63	34	16	91	46	6	22	66	81	98	15	93	75	97	72	64	58	66	57	34	89	64	60	81	56	48	72	55	54	57	88	57	-1	66	15	87	98	92	99	51	81	34	65	41	77	13	55	49	32	88	11	37	5	67	97	58	28	10	33	24	92	10	97	24	60	28	41	68	31	92	91	91	59	60	29	3	63	8	
57	82	50	53	34	94	100	22	98	14	96	19	29	44	86	56	58	67	24	29	2	50	3	95	91	51	90	42	25	61	29	7	78	35	21	35	94	25	67	83	15	58	2	99	99	38	4	55	43	38	31	44	58	8	66	-1	25	43	61	97	68	61	20	91	54	52	78	44	34	37	12	42	57	71	57	82	7	48	5	61	48	14	75	43	36	94	20	95	90	39	57	98	66	2	51	32	65	17	98	87	
95	63	86	78	48	70	75	31	28	31	38	74	18	15	84	32	72	27	95	46	48	40	44	51	54	83	79	64	24	18	42	86	38	32	79	42	95	65	74	54	34	69	46	17	93	80	76	93	34	63	15	67	44	95	15	25	-1	13	18	76	33	8	46	71	64	62	6	4	27	43	36	5	52	1	28	85	100	98	21	54	19	4	10	67	69	10	34	36	88	54	76	83	11	92	15	88	97	29	34	84	
56	26	81	40	74	92	84	63	67	6	83	64	42	78	50	66	42	37	43	16	28	37	50	81	3	73	18	69	6	79	30	86	33	93	17	75	93	77	52	98	55	65	29	8	22	56	73	20	65	85	24	91	81	99	87	43	13	-1	26	99	69	68	79	45	75	52	84	18	3	30	44	59	85	41	55	92	46	56	79	82	98	97	39	74	73	18	91	37	32	29	58	1	54	74	68	59	7	23	83	77	
23	59	93	56	54	27	92	57	65	17	99	34	7	55	48	50	38	36	49	59	4	26	40	3	31	26	35	76	37	5	46	84	69	100	2	96	3	99	28	4	93	68	3	53	51	9	86	71	72	61	86	21	49	31	98	61	18	26	-1	63	19	8	82	65	71	10	44	58	70	15	61	49	82	19	77	13	12	8	58	17	55	62	25	27	6	46	80	46	24	29	97	4	96	68	62	36	59	94	49	33	
23	51	49	61	59	19	99	38	73	13	4	58	64	63	60	57	5	20	66	33	71	45	50	10	10	69	55	4	62	51	34	13	87	83	92	100	8	28	65	69	79	100	48	27	67	23	32	56	23	10	99	14	24	23	92	97	76	99	63	-1	74	2	30	4	34	53	14	18	73	65	67	44	14	15	2	14	68	99	84	58	85	98	47	27	57	32	66	98	72	30	20	99	44	66	66	51	81	82	56	100	
60	39	52	91	57	46	61	76	38	11	2	63	25	18	52	30	66	57	88	92	25	29	38	96	60	34	25	66	83	42	15	74	9	10	45	80	5	46	74	11	35	79	97	100	32	56	26	53	91	17	88	2	53	17	99	68	33	69	19	74	-1	87	62	85	86	54	29	52	9	13	97	86	18	69	61	97	59	78	96	31	25	37	84	24	12	40	20	24	58	84	18	97	4	89	91	3	21	23	84	24	
35	42	74	71	88	48	90	39	42	24	99	26	61	78	85	72	59	12	64	4	11	2	100	39	54	79	10	27	42	79	42	78	77	83	6	48	38	31	69	30	64	77	95	35	30	16	16	71	51	32	81	63	81	8	51	61	8	68	8	2	87	-1	63	7	93	42	51	31	100	35	20	51	76	5	3	56	22	18	21	70	64	97	34	1	72	89	97	95	24	22	11	1	99	22	24	67	66	18	20	69	
77	16	64	6	32	14	49	21	94	1	65	65	34	17	74	5	60	20	31	67	30	16	68	81	53	48	12	17	14	20	27	17	1	95	58	16	29	95	91	19	56	93	73	7	75	13	92	22	72	2	63	26	58	58	81	20	46	79	82	30	62	63	-1	93	77	94	16	71	39	99	24	81	53	5	94	17	53	34	25	30	42	75	37	56	13	60	1	96	5	1	57	78	83	37	38	60	25	94	65	39	
81	85	32	66	14	18	41	53	57	38	70	51	11	10	70	45	77	81	97	69	74	93	83	73	91	100	49	6	21	26	32	14	90	97	24	1	81	25	5	88	42	12	9	15	75	89	80	27	74	5	32	4	89	79	34	91	71	45	65	4	85	7	93	-1	94	22	1	33	35	37	17	17	67	26	13	74	53	34	63	4	93	15	65	33	94	97	94	75	84	27	62	91	10	27	70	86	73	27	51	21	
61	64	52	92	93	99	90	87	28	34	65	55	95	89	76	93	52	30	94	80	36	79	97	50	92	69	78	22	81	45	81	78	23	83	95	53	55	42	39	93	71	80	76	20	42	56	74	34	10	17	63	33	84	90	65	54	64	75	71	34	86	93	77	94	-1	25	83	93	58	19	23	55	97	16	59	37	100	50	72	7	3	29	44	72	31	39	88	97	73	82	26	51	41	49	46	30	59	13	73	28	
71	27	75	24	30	68	72	48	83	25	28	33	28	19	51	1	89	12	98	18	20	53	91	42	39	5	79	11	77	62	93	25	7	6	87	49	22	76	42	4	87	71	92	83	24	76	38	43	44	90	25	27	43	71	41	52	62	52	10	53	54	42	94	22	25	-1	17	2	12	73	23	11	33	72	68	43	67	33	38	8	35	5	96	8	67	63	1	17	54	80	15	5	91	66	93	11	99	8	58	44	
41	55	37	14	88	91	79	35	24	13	12	29	20	8	91	65	79	45	91	93	89	25	11	53	81	42	6	77	54	67	51	48	57	81	69	49	70	47	60	47	81	6	72	61	34	60	82	1	75	45	5	34	68	48	77	78	6	84	44	14	29	51	16	1	83	17	-1	97	21	48	42	64	94	12	44	53	53	38	26	93	19	78	92	21	16	40	53	35	42	46	98	19	15	44	86	43	71	69	49	23	
100	91	13	86	98	51	39	98	2	7	56	35	73	1	15	30	30	64	6	26	84	34	19	91	62	76	32	57	57	54	70	83	58	43	100	87	72	64	94	91	87	20	99	17	40	85	50	94	31	51	65	77	24	65	13	44	4	18	58	18	52	31	71	33	93	2	97	-1	85	3	4	93	48	95	31	56	74	6	93	30	60	43	99	52	8	90	75	89	39	20	23	61	1	100	31	55	63	18	95	81	
76	99	92	51	38	29	16	9	21	19	3	32	84	52	93	88	10	10	95	72	26	81	94	93	61	47	50	55	64	26	58	15	10	62	10	26	20	1	77	94	6	83	16	36	53	77	75	27	61	27	42	74	89	11	55	34	27	3	70	73	9	100	39	35	58	12	21	85	-1	52	58	17	19	27	62	17	51	67	83	82	95	50	2	8	39	56	87	2	61	20	42	21	98	81	53	98	75	90	64	69	
96	61	28	82	14	85	78	94	53	76	24	24	60	5	45	3	59	34	95	34	33	33	91	27	4	88	76	38	38	93	94	35	26	19	51	14	85	13	48	67	99	5	7	71	68	57	28	9	75	11	50	95	45	22	49	37	43	30	15	65	13	35	99	37	19	73	48	3	52	-1	39	5	51	26	35	37	49	65	87	6	77	20	91	35	90	11	74	46	38	3	62	86	8	36	52	41	62	58	73	31	
80	59	68	10	70	52	71	40	27	74	55	27	23	27	99	22	43	20	48	31	40	88	47	86	42	98	32	98	67	61	19	41	97	51	96	64	52	74	86	11	89	12	47	35	13	62	1	23	31	13	81	53	97	72	32	12	36	44	61	67	97	20	24	17	23	23	42	4	58	39	-1	84	61	14	62	55	99	31	40	40	36	62	94	72	96	18	34	28	70	62	91	85	45	60	51	62	19	25	34	29	
65	3	73	80	56	36	74	97	82	25	81	45	23	100	6	64	19	30	54	15	59	21	55	92	12	71	25	59	16	82	81	6	21	22	62	4	82	21	49	9	7	48	100	57	52	49	59	85	33	34	46	26	50	15	88	42	5	59	49	44	86	51	81	17	55	11	64	93	17	5	84	-1	43	47	86	10	39	61	70	17	91	57	70	11	5	15	67	80	17	5	23	56	55	14	44	42	78	88	81	40	
11	79	78	61	58	28	63	86	49	33	75	27	11	36	11	88	94	7	21	99	46	13	24	89	79	78	71	100	98	77	94	33	50	26	14	99	82	34	97	77	1	70	36	3	38	58	78	73	7	19	66	3	11	68	11	57	52	85	82	14	18	76	53	67	97	33	94	48	19	51	61	43	-1	63	65	81	52	10	56	67	90	76	52	13	83	19	60	53	17	18	99	61	89	84	43	90	33	10	58	15	
93	96	96	62	81	74	42	87	21	67	99	36	9	14	2	80	72	78	37	50	44	90	11	19	83	76	99	70	57	7	95	10	3	86	89	72	80	90	77	18	71	35	92	39	19	12	11	50	47	27	32	3	16	29	37	71	1	41	19	15	69	5	5	26	16	72	12	95	27	26	14	47	63	-1	58	46	37	87	57	35	94	32	4	71	21	38	63	56	35	3	39	22	81	92	76	95	45	76	86	56	
53	4	47	29	43	75	26	1	46	75	50	96	49	70	51	62	41	51	15	56	92	17	34	13	45	51	31	66	43	37	29	62	47	58	7	55	82	10	85	84	8	36	39	55	49	27	88	5	94	7	92	90	61	39	5	57	28	55	77	2	61	3	94	13	59	68	44	31	62	35	62	86	65	58	-1	84	3	9	20	31	54	85	18	63	65	90	44	50	5	56	61	25	43	51	30	3	20	3	65	19	
78	65	26	46	13	5	42	91	96	14	5	97	93	14	26	7	53	44	16	80	40	35	89	76	95	71	100	69	69	18	82	33	90	49	5	61	66	17	71	31	31	31	76	8	8	62	80	10	42	20	3	96	87	18	67	82	85	92	13	14	97	56	17	74	37	43	53	56	17	37	55	10	81	46	84	-1	38	82	66	25	12	64	82	4	50	82	44	80	4	78	54	14	58	95	1	81	14	54	9	76	
90	83	39	89	15	6	76	76	47	93	14	42	99	94	30	89	79	93	26	87	92	23	57	26	58	16	32	71	15	12	85	82	85	43	89	82	94	12	45	94	31	26	40	98	83	47	15	65	56	35	71	3	46	47	97	7	100	46	12	68	59	22	53	53	100	67	53	74	51	49	99	39	52	37	3	38	-1	10	32	63	27	40	1	99	6	29	92	28	95	1	87	34	48	67	37	47	1	76	63	1	
41	18	73	58	37	58	81	46	11	57	17	21	53	25	91	75	18	38	100	94	36	17	45	84	75	12	53	40	77	71	92	29	61	83	89	82	43	63	51	41	83	99	17	44	100	94	9	37	49	3	4	62	52	75	58	48	98	56	8	99	78	18	34	34	50	33	38	6	67	65	31	61	10	87	9	82	10	-1	35	28	52	99	9	77	44	98	82	15	67	58	56	44	57	37	99	48	74	96	52	75	
77	67	88	97	39	96	66	71	94	94	19	88	34	61	86	49	59	3	71	87	94	19	27	4	4	55	77	48	91	60	44	82	41	32	51	41	34	5	83	78	98	81	56	24	38	81	5	22	86	85	19	22	62	63	28	5	21	79	58	84	96	21	25	63	72	38	26	93	83	87	40	70	56	57	20	66	32	35	-1	19	39	51	2	82	5	31	48	2	100	65	82	93	66	8	5	44	37	8	50	72	
16	20	14	89	40	58	95	22	89	66	52	96	31	33	37	9	88	91	14	36	2	92	80	71	48	72	62	86	67	45	67	28	67	91	24	10	65	5	4	63	34	30	43	93	38	89	31	59	6	54	46	51	10	98	10	61	54	82	17	58	31	70	30	4	7	8	93	30	82	6	40	17	67	35	31	25	63	28	19	-1	24	52	6	37	15	17	63	55	47	7	31	60	54	9	91	77	61	21	95	92	
44	47	25	15	99	83	80	42	13	14	100	58	26	11	83	67	64	74	92	42	93	18	82	53	33	46	15	17	1	1	51	35	73	90	25	3	74	14	50	54	17	87	87	13	83	3	38	28	23	39	92	19	25	52	33	48	19	98	55	85	25	64	42	93	3	35	19	60	95	77	36	91	90	94	54	12	27	52	39	24	-1	82	37	80	69	37	57	14	40	58	49	55	19	13	85	67	40	24	8	22	
7	46	70	67	80	53	82	98	28	16	37	100	57	3	59	2	21	96	81	52	5	79	76	82	49	56	44	16	41	60	57	81	73	12	27	44	16	12	76	22	34	91	81	5	7	56	33	17	21	39	99	86	99	26	24	14	4	97	62	98	37	97	75	15	29	5	78	43	50	20	62	57	76	32	85	64	40	99	51	52	82	-1	12	76	44	63	49	22	15	15	66	8	31	25	69	100	78	26	86	57	
75	88	14	70	70	83	84	63	65	8	72	71	62	68	29	54	60	79	5	51	79	75	46	78	99	11	5	78	49	79	6	22	10	28	76	85	28	15	83	4	58	17	21	80	34	65	41	79	22	79	3	77	68	95	92	75	10	39	25	47	84	34	37	65	44	96	92	99	2	91	94	70	52	4	18	82	1	9	2	6	37	12	-1	53	12	52	84	93	23	59	16	75	36	69	81	48	21	46	77	32	
17	90	88	20	61	79	46	55	44	97	26	2	3	97	23	23	89	75	17	15	11	92	79	89	46	26	19	69	49	82	94	94	8	49	83	1	28	22	77	84	82	87	33	10	48	49	63	70	49	68	39	11	93	24	10	43	67	74	27	27	24	1	56	33	72	8	21	52	8	35	72	11	13	71	63	4	99	77	82	37	80	76	53	-1	32	95	12	56	36	80	69	33	78	69	66	12	44	34	77	63	
3	35	43	47	23	4	77	50	31	19	65	2	89	49	80	73	19	6	87	73	56	64	7	61	19	41	24	92	74	40	52	94	82	15	3	48	40	12	85	83	22	11	35	75	42	94	48	39	41	42	58	75	99	59	97	36	69	73	6	57	12	72	13	94	31	67	16	8	39	90	96	5	83	21	65	50	6	44	5	15	69	44	12	32	-1	79	10	95	61	56	6	66	80	51	29	93	42	45	71	90	
48	2	66	40	11	15	56	98	32	48	38	100	14	47	31	26	33	37	8	87	77	85	53	62	6	58	92	13	62	22	30	95	32	39	38	98	20	10	57	77	5	29	29	25	5	10	77	34	73	91	3	57	28	63	24	94	10	18	46	32	40	89	60	97	39	63	40	90	56	11	18	15	19	38	90	82	29	98	31	17	37	63	52	95	79	-1	14	35	74	15	81	4	40	85	80	26	67	83	91	39	
24	81	51	31	91	17	72	93	32	47	8	75	85	5	39	25	100	94	65	31	78	33	96	90	90	75	14	93	43	2	86	71	4	57	19	80	29	24	60	10	50	26	80	22	56	78	65	47	32	96	93	35	62	56	60	20	34	91	80	66	20	97	1	94	88	1	53	75	87	74	34	67	60	63	44	44	92	82	48	63	57	49	84	12	10	14	-1	58	90	7	91	41	28	96	76	50	2	10	18	96	
12	35	38	13	75	11	67	73	61	11	51	94	34	84	70	61	95	12	75	11	5	56	100	21	13	78	99	46	17	86	22	6	27	55	2	74	24	17	43	59	54	20	8	34	23	19	91	6	91	27	27	18	93	36	28	95	36	37	46	98	24	95	96	75	97	17	35	89	2	46	28	80	53	56	50	80	28	15	2	55	14	22	93	56	95	35	58	-1	25	53	84	27	28	78	27	34	48	64	13	50	
46	95	11	71	92	99	20	94	100	30	59	99	32	12	68	98	54	61	50	55	32	13	39	97	38	98	61	36	95	8	65	6	44	74	30	21	36	43	82	72	63	41	43	79	52	92	86	20	3	70	96	42	58	17	41	90	88	32	24	72	58	24	5	84	73	54	42	39	61	38	70	17	17	35	5	4	95	67	100	47	40	15	23	36	61	74	90	25	-1	96	99	41	8	11	60	29	53	59	9	56	
19	23	43	2	32	59	54	47	70	64	24	21	59	39	58	63	40	1	99	74	41	66	8	98	88	30	23	18	8	71	74	10	86	92	50	87	32	86	25	69	67	67	74	25	27	100	3	90	23	2	22	91	60	33	68	39	54	29	29	30	84	22	1	27	82	80	46	20	20	3	62	5	18	3	56	78	1	58	65	7	58	15	59	80	56	15	7	53	96	-1	12	47	6	53	76	36	49	75	50	96	
91	27	97	10	24	23	38	84	89	81	25	98	5	10	95	88	97	41	100	41	58	69	82	85	16	14	10	27	53	5	15	88	32	97	69	52	59	48	86	18	23	48	97	9	10	74	51	97	98	8	79	85	33	15	31	57	76	58	97	20	18	11	57	62	26	15	98	23	42	62	91	23	99	39	61	54	87	56	82	31	49	66	16	69	6	81	91	84	99	12	-1	9	87	72	43	57	35	59	51	79	
76	14	23	37	67	89	29	58	11	74	62	88	6	30	4	26	46	73	53	85	22	89	69	43	5	66	89	62	88	42	70	38	18	68	51	95	49	51	33	89	100	38	33	45	23	94	76	67	18	30	39	82	24	49	92	98	83	1	4	99	97	1	78	91	51	5	19	61	21	86	85	56	61	22	25	14	34	44	93	60	55	8	75	33	66	4	41	27	41	47	9	-1	41	70	53	99	27	72	99	94	
4	45	44	58	48	31	100	20	55	29	90	70	100	18	32	44	18	36	3	2	85	36	80	29	10	22	31	2	48	37	1	60	54	12	70	94	40	42	86	48	48	51	80	12	49	48	69	13	60	88	52	27	6	27	91	66	11	54	96	44	4	99	83	10	41	91	15	1	98	8	45	55	89	81	43	58	48	57	66	54	19	31	36	78	80	40	28	28	8	6	87	41	-1	19	9	93	46	82	56	35	
68	43	48	100	54	78	33	10	30	56	34	88	73	15	9	53	33	23	60	73	90	57	68	66	48	85	66	40	67	82	46	67	98	46	50	54	31	81	84	68	77	24	30	92	94	31	78	65	24	28	72	13	22	3	91	2	92	74	68	66	89	22	37	27	49	66	44	100	81	36	60	14	84	92	51	95	67	37	8	9	13	25	69	69	51	85	96	78	11	53	72	70	19	-1	28	73	51	58	91	60	
9	72	50	85	35	40	71	69	28	17	10	68	39	69	99	58	97	78	94	74	57	66	4	29	54	100	93	32	8	61	56	36	66	26	88	66	37	35	51	56	70	98	45	16	59	25	76	13	88	95	15	12	74	15	59	51	15	68	62	66	91	24	38	70	46	93	86	31	53	52	51	44	43	76	30	1	37	99	5	91	85	69	81	66	29	80	76	27	60	76	43	53	9	28	-1	38	55	99	78	81	
39	98	65	21	85	48	49	96	7	59	31	69	27	23	36	49	81	70	66	19	83	22	30	35	32	50	53	13	4	99	63	100	62	97	94	2	98	40	88	42	37	25	17	57	74	72	66	76	57	84	7	76	40	14	60	32	88	59	36	51	3	67	60	86	30	11	43	55	98	41	62	42	90	95	3	81	47	48	44	77	67	100	48	12	93	26	50	34	29	36	57	99	93	73	38	-1	26	98	17	36	
83	75	85	19	67	81	5	52	14	2	68	95	34	43	55	17	54	29	99	77	47	57	81	23	4	21	68	38	36	89	7	90	64	88	75	4	12	47	14	92	99	83	48	55	90	76	51	2	16	65	71	82	19	76	29	65	97	7	59	81	21	66	25	73	59	99	71	63	75	62	19	78	33	45	20	14	1	74	37	61	40	78	21	44	42	67	2	48	53	49	35	27	46	51	55	26	-1	87	58	14	
15	85	4	42	27	76	29	28	47	78	9	92	47	82	37	99	50	64	41	60	61	2	81	73	37	69	25	24	26	32	51	50	76	54	87	4	78	100	7	38	96	19	90	62	67	9	86	32	70	43	8	26	68	44	3	17	29	23	94	82	23	18	94	27	13	8	69	18	90	58	25	88	10	76	3	54	76	96	8	21	24	26	46	34	45	83	10	64	59	75	59	72	82	58	99	98	87	-1	8	80	
7	23	26	43	28	2	71	69	92	8	76	51	94	37	78	60	1	12	61	48	76	77	73	71	59	66	74	60	36	2	94	6	34	37	70	4	17	70	33	83	59	16	78	74	5	19	15	12	98	28	35	37	53	31	63	98	34	83	49	56	84	20	65	51	73	58	49	95	64	73	34	81	58	86	65	9	63	52	50	95	8	86	77	77	71	91	18	13	9	50	51	99	56	91	78	17	58	8	-1	31	
17	45	63	21	99	50	19	74	60	43	17	66	4	78	78	22	11	27	89	81	37	15	40	80	5	40	66	99	89	53	28	30	89	54	72	79	36	48	21	70	5	57	89	52	23	49	46	95	91	40	31	89	39	70	8	87	84	77	33	100	24	69	39	21	28	44	23	81	69	31	29	40	15	56	19	76	1	75	72	92	22	57	32	63	90	39	96	50	56	96	79	94	35	60	81	36	14	80	31	-1	
