100
-1	52	75	23	29	26	24	71	65	9	81	69	89	70	97	94	46	72	13	69	38	70	85	82	21	60	55	12	27	42	31	11	23	20	5	78	94	84	23	82	95	9	26	17	49	62	20	12	65	46	64	67	70	85	69	82	63	87	74	71	76	16	89	15	87	64	18	57	48	43	18	54	78	55	5	66	29	48	81	57	13	52	13	65	36	97	1	43	35	52	26	100	56	75	20	74	40	82	5	4	
52	-1	43	1	37	54	65	81	32	100	40	8	96	13	97	53	24	38	3	64	4	20	61	42	42	27	80	45	13	40	13	7	99	90	64	72	64	27	17	56	56	24	94	6	65	67	5	13	27	19	31	56	24	78	77	41	24	66	19	29	79	9	82	4	96	39	18	50	34	88	44	85	1	66	95	89	40	51	69	64	56	95	13	96	19	53	64	33	46	60	41	47	16	48	36	35	68	40	9	85	
75	43	-1	4	30	65	99	55	81	8	20	60	39	30	2	81	15	100	52	42	88	13	70	49	75	78	35	38	97	6	30	19	33	38	36	14	16	44	97	46	78	60	40	54	8	79	88	44	83	4	76	25	4	93	64	13	31	19	13	18	9	68	16	56	17	64	11	96	19	89	45	37	92	72	10	34	45	13	48	53	26	34	35	60	24	87	100	18	78	51	14	76	40	11	84	92	49	43	70	30	
23	1	4	-1	51	89	6	29	48	63	6	100	44	43	43	90	28	92	47	55	49	87	56	84	49	55	20	56	85	2	96	43	76	91	21	51	99	76	44	58	62	9	84	4	5	25	97	69	66	45	11	69	86	29	9	30	75	37	32	86	17	85	43	93	3	21	88	81	56	56	86	64	73	82	85	49	5	91	35	80	8	82	76	51	16	98	8	81	5	71	63	49	47	48	81	62	26	72	75	94	
29	37	30	51	-1	25	55	94	55	77	19	31	65	24	22	47	41	41	25	36	37	95	53	59	1	50	53	43	46	28	28	66	9	28	13	38	19	79	36	27	78	63	47	91	94	85	73	87	81	82	89	72	47	82	66	8	50	8	77	17	33	87	36	86	60	85	38	14	35	69	12	45	82	75	90	22	69	85	12	77	95	2	50	44	89	49	54	61	32	3	97	14	18	58	97	61	13	34	74	21	
26	54	65	89	25	-1	44	84	37	5	52	16	69	91	74	95	20	3	81	30	81	97	22	38	12	60	14	48	97	77	29	46	9	12	1	31	70	28	32	87	81	29	9	79	95	81	12	28	19	84	41	18	49	57	95	34	12	76	6	83	19	97	13	69	23	21	28	23	8	20	8	83	20	6	48	12	76	94	44	99	80	4	80	45	78	97	40	28	6	81	50	3	5	52	39	15	28	41	33	51	
24	65	99	6	55	44	-1	31	27	96	52	13	92	60	58	16	13	47	37	16	14	6	75	29	78	77	17	23	47	23	93	87	29	27	47	62	88	93	11	39	67	12	9	92	8	44	13	48	2	83	74	85	28	31	2	49	3	14	44	70	9	44	96	59	68	17	34	4	11	89	54	1	34	20	83	73	36	1	66	96	8	68	17	58	97	35	7	18	27	42	51	68	69	67	13	47	93	69	55	14	
71	81	55	29	94	84	31	-1	88	67	92	39	78	39	41	13	98	3	97	46	61	76	15	84	65	69	65	9	24	7	62	44	62	10	35	34	4	98	95	97	69	79	26	44	26	10	56	47	8	90	9	16	72	61	87	22	80	86	1	25	45	43	3	42	89	2	79	1	57	70	78	100	65	51	16	97	22	25	75	23	84	37	63	49	2	1	66	76	19	78	42	62	58	67	43	14	12	71	49	86	
65	32	81	48	55	37	27	88	-1	52	71	71	51	51	73	77	76	58	28	23	33	41	62	74	18	61	58	51	94	60	5	94	45	47	19	57	25	32	81	40	95	73	6	47	22	41	7	82	52	46	87	60	82	91	11	87	53	6	81	23	73	44	63	61	24	48	22	62	18	9	68	9	92	88	3	53	62	42	83	62	26	74	17	57	18	81	5	66	84	45	5	29	84	15	51	69	18	41	58	49	
9	100	8	63	77	5	96	67	52	-1	14	76	3	31	100	78	5	78	67	62	70	70	93	50	92	59	67	57	68	34	35	70	56	98	75	46	7	67	100	58	89	80	43	91	59	75	7	41	14	49	7	41	39	53	9	30	2	49	67	62	91	71	88	18	4	58	79	43	69	30	40	79	100	95	19	84	16	100	29	22	80	3	68	19	64	12	58	18	92	52	1	8	4	83	57	43	82	52	99	80	
81	40	20	6	19	52	52	92	71	14	-1	14	19	5	32	95	71	30	77	54	23	75	86	8	83	45	100	23	75	21	34	25	35	98	67	73	95	82	83	70	25	55	91	85	61	19	65	65	64	74	32	57	84	48	7	58	38	47	20	97	57	5	15	87	3	28	15	99	62	65	88	36	64	8	82	100	30	7	35	88	97	97	35	44	78	84	83	5	28	56	51	34	67	78	79	80	71	77	93	54	
69	8	60	100	31	16	13	39	71	76	14	-1	25	36	28	67	98	1	88	9	98	84	20	26	7	22	48	73	61	8	53	83	84	38	25	90	36	37	59	61	92	73	71	82	19	55	54	5	94	50	77	1	58	26	10	64	33	50	54	70	15	10	76	74	11	33	79	52	53	9	72	42	30	55	22	58	66	72	62	12	97	56	80	68	62	42	47	38	92	28	77	64	37	41	26	83	88	28	11	50	
89	96	39	44	65	69	92	78	51	3	19	25	-1	29	78	16	51	84	11	15	32	82	37	35	33	23	25	99	38	49	63	53	71	39	44	1	23	58	10	58	2	36	87	86	10	37	61	5	72	67	33	52	86	4	25	39	36	95	12	65	7	52	53	34	73	3	3	14	14	60	95	12	39	50	86	1	33	69	1	2	72	58	66	3	77	64	41	17	40	78	14	74	78	62	37	76	38	24	83	64	
70	13	30	43	24	91	60	39	51	31	5	36	29	-1	78	83	27	8	57	63	46	54	87	44	66	19	76	86	29	34	60	13	84	65	55	43	41	22	52	24	30	18	51	77	79	35	24	28	71	14	10	19	97	7	11	71	93	15	92	46	50	11	97	28	46	27	71	3	48	38	5	41	80	76	80	47	56	43	30	83	18	82	96	65	86	19	15	81	5	4	16	11	74	65	18	44	83	64	69	77	
97	97	2	43	22	74	58	41	73	100	32	28	78	78	-1	67	48	81	10	96	86	13	61	100	36	76	27	52	48	40	93	66	86	41	99	94	41	96	61	19	59	89	86	12	82	81	94	75	45	24	15	12	64	94	20	34	27	16	64	89	61	17	1	3	31	74	4	40	2	67	47	20	59	80	70	44	74	59	86	63	21	85	31	63	42	14	27	62	94	36	24	70	19	25	90	76	80	30	1	92	
94	53	81	90	47	95	16	13	77	78	95	67	16	83	67	-1	11	19	98	50	92	63	35	19	44	42	96	96	1	86	27	70	68	90	99	37	50	30	89	66	35	10	43	74	24	65	17	21	40	90	49	67	18	16	46	70	17	23	72	52	7	45	90	55	6	90	24	82	72	56	67	41	42	10	41	64	83	66	41	28	10	77	41	2	97	17	54	28	63	14	3	57	29	90	69	1	68	2	97	69	
46	24	15	28	41	20	13	98	76	5	71	98	51	27	48	11	-1	66	78	27	56	50	43	15	26	81	99	13	75	91	91	89	100	21	16	7	49	68	79	21	43	85	51	3	84	83	66	54	51	78	66	92	98	21	21	63	16	70	90	36	88	68	70	18	83	82	63	39	86	34	38	61	24	97	27	21	77	93	41	4	55	79	23	75	51	97	70	94	71	71	76	31	87	78	32	55	86	68	15	44	
72	38	100	92	41	3	47	3	58	78	30	1	84	8	81	19	66	-1	50	47	59	4	90	84	17	42	43	59	44	67	53	76	20	48	24	40	73	55	2	34	24	49	82	3	18	9	86	4	95	2	53	6	69	66	44	30	94	75	46	22	39	67	30	39	2	6	24	89	61	34	2	44	76	27	83	45	56	88	41	8	1	58	28	95	77	74	67	18	66	24	75	72	14	66	48	75	49	2	51	68	
13	3	52	47	25	81	37	97	28	67	77	88	11	57	10	98	78	50	-1	23	97	73	50	74	28	62	82	90	79	18	1	27	7	42	9	47	28	18	98	45	44	13	15	9	7	82	52	9	79	1	17	67	45	29	34	63	73	81	48	20	75	65	72	78	39	19	66	99	1	65	17	79	20	72	42	15	36	17	38	69	38	63	23	52	25	66	9	95	6	2	21	33	43	39	35	22	99	47	25	33	
69	64	42	55	36	30	16	46	23	62	54	9	15	63	96	50	27	47	23	-1	9	24	55	83	87	61	20	14	37	83	1	51	3	88	24	60	19	82	24	22	94	45	63	34	56	43	8	67	57	75	34	40	71	56	60	46	46	47	39	36	76	55	41	81	89	25	8	89	19	31	90	64	97	24	85	83	29	25	42	25	41	14	85	97	20	64	9	24	49	58	66	34	50	22	90	20	68	13	73	92	
38	4	88	49	37	81	14	61	33	70	23	98	32	46	86	92	56	59	97	9	-1	26	5	50	80	97	85	15	92	51	10	16	7	35	69	23	100	23	65	44	13	7	22	85	80	37	10	13	67	37	20	40	9	12	42	50	99	31	99	25	93	18	1	80	30	14	7	70	65	57	86	10	73	88	56	96	65	53	1	40	92	84	78	5	100	60	24	97	86	2	35	43	69	33	46	45	82	74	88	35	
70	20	13	87	95	97	6	76	41	70	75	84	82	54	13	63	50	4	73	24	26	-1	28	74	31	83	39	53	43	15	3	90	79	32	29	52	80	20	77	55	14	31	42	60	52	41	94	41	41	91	19	76	68	42	44	65	52	68	80	18	24	74	24	43	10	18	24	10	13	82	3	60	17	96	38	17	42	7	58	25	55	26	33	32	32	96	23	62	10	39	68	22	70	85	77	16	4	24	83	50	
85	61	70	56	53	22	75	15	62	93	86	20	37	87	61	35	43	90	50	55	5	28	-1	89	69	67	44	52	60	17	78	53	81	6	78	39	30	19	45	27	51	91	39	80	34	47	30	45	12	70	58	53	12	91	86	89	11	5	19	79	31	18	67	2	16	33	99	54	75	78	44	25	45	33	41	10	59	29	97	77	32	58	53	87	36	95	29	80	86	9	32	6	45	26	35	92	46	61	93	71	
82	42	49	84	59	38	29	84	74	50	8	26	35	44	100	19	15	84	74	83	50	74	89	-1	37	78	48	95	60	80	91	33	16	62	36	55	39	19	28	84	22	85	73	98	56	91	75	86	38	57	23	95	92	24	75	74	56	23	98	36	2	22	47	87	40	97	83	94	75	83	16	4	61	15	75	68	60	82	13	14	46	63	62	8	19	79	66	59	36	89	97	36	86	1	13	27	67	91	65	38	
21	42	75	49	1	12	78	65	18	92	83	7	33	66	36	44	26	17	28	87	80	31	69	37	-1	66	67	60	77	5	46	78	81	89	32	54	66	2	35	41	22	77	70	94	67	18	87	66	84	75	42	66	82	60	100	30	96	86	75	41	17	9	10	87	53	21	79	41	95	4	99	7	57	100	93	62	49	36	67	89	26	55	61	53	94	57	20	24	31	89	94	82	83	27	3	93	97	75	48	63	
60	27	78	55	50	60	77	69	61	59	45	22	23	19	76	42	81	42	62	61	97	83	67	78	66	-1	32	54	17	29	94	98	32	11	1	28	43	69	41	21	58	36	50	53	46	8	7	17	38	80	76	10	28	49	52	91	46	48	17	14	90	35	44	37	22	92	32	92	72	70	30	53	53	40	83	44	84	9	17	89	65	71	43	10	27	26	18	89	39	95	75	14	86	76	43	60	52	30	93	66	
55	80	35	20	53	14	17	65	58	67	100	48	25	76	27	96	99	43	82	20	85	39	44	48	67	32	-1	78	78	59	11	17	7	68	95	32	37	8	40	28	66	8	75	6	93	27	37	77	80	69	48	8	60	92	31	98	56	48	12	52	2	23	7	47	17	25	32	35	64	96	92	59	50	75	22	78	38	4	23	29	20	75	14	70	89	81	90	56	75	42	64	60	13	11	33	87	22	54	84	1	
12	45	38	56	43	48	23	9	51	57	23	73	99	86	52	96	13	59	90	14	15	53	52	95	60	54	78	-1	51	89	76	50	50	93	97	91	72	32	79	83	71	82	35	78	16	5	65	42	67	26	85	68	33	69	34	37	81	100	75	10	50	56	44	41	99	53	81	96	68	27	22	51	64	25	38	85	24	9	28	55	51	32	39	13	46	47	96	49	94	18	66	77	36	60	28	59	68	27	55	51	
27	13	97	85	46	97	47	24	94	68	75	61	38	29	48	1	75	44	79	37	92	43	60	60	77	17	78	51	-1	17	98	50	61	72	80	49	39	83	7	71	85	88	4	86	67	57	81	96	95	6	8	79	91	9	30	8	53	74	64	93	42	8	48	44	28	70	36	23	95	53	70	66	6	45	31	22	73	98	74	87	34	65	83	71	40	27	17	16	59	5	91	8	34	80	42	37	53	79	95	16	
42	40	6	2	28	77	23	7	60	34	21	8	49	34	40	86	91	67	18	83	51	15	17	80	5	29	59	89	17	-1	79	23	3	33	79	99	44	71	77	88	86	75	79	26	66	31	84	3	37	97	65	88	12	9	23	34	6	3	60	58	36	16	17	69	32	76	19	97	56	61	61	72	9	46	26	86	89	46	51	44	66	45	75	59	80	71	8	94	62	40	89	76	48	11	38	22	15	84	92	64	
31	13	30	96	28	29	93	62	5	35	34	53	63	60	93	27	91	53	1	1	10	3	78	91	46	94	11	76	98	79	-1	22	80	10	53	27	2	63	48	69	3	72	44	77	37	52	31	54	33	63	39	26	22	68	73	69	54	46	74	72	87	20	63	42	88	80	24	57	29	57	93	93	88	85	55	69	34	9	52	74	1	90	41	8	11	12	96	42	95	41	75	17	6	8	31	60	5	63	68	71	
11	7	19	43	66	46	87	44	94	70	25	83	53	13	66	70	89	76	27	51	16	90	53	33	78	98	17	50	50	23	22	-1	26	69	36	33	84	92	22	70	10	46	81	25	82	70	97	14	46	54	70	95	19	31	63	56	6	52	48	69	20	86	58	39	8	76	6	2	43	2	13	69	55	51	83	70	80	47	91	79	19	50	22	29	43	59	98	97	33	96	97	4	51	14	94	59	41	8	35	90	
23	99	33	76	9	9	29	62	45	56	35	84	71	84	86	68	100	20	7	3	7	79	81	16	81	32	7	50	61	3	80	26	-1	44	27	19	17	75	96	98	81	95	5	67	64	1	40	57	59	13	70	37	66	21	8	39	41	19	16	95	58	72	13	30	4	5	14	21	26	28	72	37	46	99	27	91	92	82	84	18	77	47	80	55	25	49	39	41	9	77	94	9	89	65	33	39	89	73	81	26	
20	90	38	91	28	12	27	10	47	98	98	38	39	65	41	90	21	48	42	88	35	32	6	62	89	11	68	93	72	33	10	69	44	-1	69	81	29	88	94	56	7	90	15	65	62	90	56	87	77	90	29	77	62	44	75	72	56	6	35	96	54	52	7	93	14	63	49	89	29	48	100	70	99	10	45	70	73	1	75	15	81	63	27	84	37	95	19	87	80	11	72	93	54	94	61	75	38	87	94	54	
5	64	36	21	13	1	47	35	19	75	67	25	44	55	99	99	16	24	9	24	69	29	78	36	32	1	95	97	80	79	53	36	27	69	-1	25	49	17	69	68	91	59	65	70	14	62	73	83	92	30	64	76	51	70	40	12	79	72	100	95	72	67	32	45	75	64	27	57	34	43	53	78	31	56	67	61	69	22	7	80	17	74	24	11	40	95	42	69	80	68	74	94	28	54	4	66	31	44	8	16	
78	72	14	51	38	31	62	34	57	46	73	90	1	43	94	37	7	40	47	60	23	52	39	55	54	28	32	91	49	99	27	33	19	81	25	-1	20	56	86	64	47	37	10	38	16	6	24	36	69	96	56	57	65	42	72	71	50	23	57	86	46	93	4	35	10	49	45	48	31	8	29	64	86	24	7	44	72	6	32	87	1	22	100	92	70	7	44	6	10	26	38	61	19	1	34	54	33	88	38	83	
94	64	16	99	19	70	88	4	25	7	95	36	23	41	41	50	49	73	28	19	100	80	30	39	66	43	37	72	39	44	2	84	17	29	49	20	-1	30	98	44	52	81	39	59	49	4	30	39	69	25	43	12	34	41	95	69	70	8	59	58	25	11	40	3	28	71	64	32	38	89	38	25	73	27	30	44	35	10	63	17	89	12	76	97	64	67	53	55	54	15	4	67	43	29	16	84	33	89	9	89	
84	27	44	76	79	28	93	98	32	67	82	37	58	22	96	30	68	55	18	82	23	20	19	19	2	69	8	32	83	71	63	92	75	88	17	56	30	-1	53	53	48	62	75	38	7	92	7	70	64	70	61	18	67	41	13	51	10	78	96	92	1	7	63	86	81	80	17	74	83	54	83	10	96	49	74	54	8	45	25	65	10	2	95	97	91	13	31	63	5	47	26	90	84	92	85	69	97	26	91	75	
23	17	97	44	36	32	11	95	81	100	83	59	10	52	61	89	79	2	98	24	65	77	45	28	35	41	40	79	7	77	48	22	96	94	69	86	98	53	-1	43	23	42	83	27	77	57	72	33	65	100	87	52	17	76	54	16	98	88	51	22	32	53	54	83	60	96	7	74	28	45	91	36	69	56	77	65	65	81	16	8	94	62	35	86	15	91	56	7	98	41	36	89	74	16	15	25	25	74	35	27	
82	56	46	58	27	87	39	97	40	58	70	61	58	24	19	66	21	34	45	22	44	55	27	84	41	21	28	83	71	88	69	70	98	56	68	64	44	53	43	-1	17	97	52	74	86	78	63	8	39	6	29	23	58	29	14	20	65	30	56	55	27	34	14	47	77	29	66	95	89	9	62	57	61	40	39	30	80	44	58	70	18	28	48	29	28	38	3	7	97	19	69	12	51	31	52	47	46	38	87	8	
95	56	78	62	78	81	67	69	95	89	25	92	2	30	59	35	43	24	44	94	13	14	51	22	22	58	66	71	85	86	3	10	81	7	91	47	52	48	23	17	-1	67	18	72	71	59	2	30	71	73	77	85	10	54	47	32	3	96	81	91	46	13	88	65	63	52	80	95	53	15	28	17	72	87	33	20	89	9	78	89	93	39	19	73	29	67	67	66	20	66	34	69	45	7	35	36	15	56	84	90	
9	24	60	9	63	29	12	79	73	80	55	73	36	18	89	10	85	49	13	45	7	31	91	85	77	36	8	82	88	75	72	46	95	90	59	37	81	62	42	97	67	-1	6	54	87	85	60	29	41	7	43	42	74	71	53	65	100	94	6	73	23	57	80	90	60	74	25	13	96	67	72	13	32	30	57	93	39	42	2	89	16	68	42	87	56	57	2	19	37	23	33	24	28	38	80	40	9	82	85	21	
26	94	40	84	47	9	9	26	6	43	91	71	87	51	86	43	51	82	15	63	22	42	39	73	70	50	75	35	4	79	44	81	5	15	65	10	39	75	83	52	18	6	-1	45	70	66	14	100	46	6	2	43	69	93	43	84	52	41	38	65	51	52	20	30	13	82	100	58	29	10	100	51	40	33	97	20	40	94	3	84	11	94	44	97	65	54	19	58	10	73	88	13	48	47	38	35	23	66	49	29	
17	6	54	4	91	79	92	44	47	91	85	82	86	77	12	74	3	3	9	34	85	60	80	98	94	53	6	78	86	26	77	25	67	65	70	38	59	38	27	74	72	54	45	-1	13	92	38	43	40	62	100	71	2	44	72	32	37	8	82	67	55	3	25	70	3	49	33	11	32	56	88	28	54	44	20	92	91	38	2	24	11	66	86	8	71	62	29	79	43	12	14	90	54	83	18	8	30	89	62	45	
49	65	8	5	94	95	8	26	22	59	61	19	10	79	82	24	84	18	7	56	80	52	34	56	67	46	93	16	67	66	37	82	64	62	14	16	49	7	77	86	71	87	70	13	-1	12	74	2	36	77	88	23	37	90	23	61	28	93	28	82	20	16	98	98	47	89	50	67	6	3	2	4	7	37	29	33	65	56	98	29	8	9	79	4	54	99	19	25	1	30	1	78	90	33	23	83	42	13	79	37	
62	67	79	25	85	81	44	10	41	75	19	55	37	35	81	65	83	9	82	43	37	41	47	91	18	8	27	5	57	31	52	70	1	90	62	6	4	92	57	78	59	85	66	92	12	-1	23	66	25	72	96	69	14	3	96	87	11	31	12	70	80	5	36	89	22	59	45	72	87	29	80	9	5	40	61	20	30	16	88	62	51	95	19	16	99	61	62	86	29	89	68	55	27	36	15	29	61	76	82	18	
20	5	88	97	73	12	13	56	7	7	65	54	61	24	94	17	66	86	52	8	10	94	30	75	87	7	37	65	81	84	31	97	40	56	73	24	30	7	72	63	2	60	14	38	74	23	-1	65	91	48	84	73	74	83	61	80	28	82	4	68	23	8	10	52	26	59	56	96	95	84	100	5	71	91	75	55	2	20	30	92	85	59	27	18	67	10	58	20	33	93	59	29	62	47	54	53	53	86	30	85	
12	13	44	69	87	28	48	47	82	41	65	5	5	28	75	21	54	4	9	67	13	41	45	86	66	17	77	42	96	3	54	14	57	87	83	36	39	70	33	8	30	29	100	43	2	66	65	-1	62	87	50	41	20	67	74	88	83	21	84	2	61	13	62	61	24	28	75	82	20	73	88	81	27	8	25	95	60	45	24	27	48	90	21	75	86	52	98	5	10	32	30	78	72	14	36	12	94	10	17	78	
65	27	83	66	81	19	2	8	52	14	64	94	72	71	45	40	51	95	79	57	67	41	12	38	84	38	80	67	95	37	33	46	59	77	92	69	69	64	65	39	71	41	46	40	36	25	91	62	-1	11	50	74	64	85	14	43	46	98	74	17	50	94	61	72	60	8	87	9	8	91	88	53	41	2	33	58	49	75	52	28	33	27	83	58	51	54	10	67	84	19	14	42	79	93	20	100	55	92	53	92	
46	19	4	45	82	84	83	90	46	49	74	50	67	14	24	90	78	2	1	75	37	91	70	57	75	80	69	26	6	97	63	54	13	90	30	96	25	70	100	6	73	7	6	62	77	72	48	87	11	-1	36	49	10	20	97	68	48	20	8	53	98	27	82	89	38	4	37	97	60	29	71	3	76	58	61	84	7	13	36	5	65	58	14	90	70	32	93	84	5	45	19	54	16	75	69	47	49	67	82	62	
64	31	76	11	89	41	74	9	87	7	32	77	33	10	15	49	66	53	17	34	20	19	58	23	42	76	48	85	8	65	39	70	70	29	64	56	43	61	87	29	77	43	2	100	88	96	84	50	50	36	-1	48	38	74	97	42	45	44	86	45	90	55	83	78	41	100	5	96	68	53	64	53	41	76	28	57	71	55	23	53	28	74	45	10	74	78	52	62	45	1	73	84	83	77	62	11	97	45	94	35	
67	56	25	69	72	18	85	16	60	41	57	1	52	19	12	67	92	6	67	40	40	76	53	95	66	10	8	68	79	88	26	95	37	77	76	57	12	18	52	23	85	42	43	71	23	69	73	41	74	49	48	-1	46	82	22	12	45	34	34	94	88	7	31	58	54	94	90	69	92	74	45	58	20	98	96	54	21	41	6	57	11	30	45	20	22	63	4	1	81	42	52	87	9	41	21	39	74	53	25	70	
70	24	4	86	47	49	28	72	82	39	84	58	86	97	64	18	98	69	45	71	9	68	12	92	82	28	60	33	91	12	22	19	66	62	51	65	34	67	17	58	10	74	69	2	37	14	74	20	64	10	38	46	-1	89	66	53	52	90	70	91	8	8	36	47	48	19	94	94	72	33	56	53	50	32	43	74	80	23	14	75	14	71	92	94	41	100	70	88	37	100	38	10	18	83	25	86	12	52	73	58	
85	78	93	29	82	57	31	61	91	53	48	26	4	7	94	16	21	66	29	56	12	42	91	24	60	49	92	69	9	9	68	31	21	44	70	42	41	41	76	29	54	71	93	44	90	3	83	67	85	20	74	82	89	-1	60	83	65	12	49	39	77	8	41	58	65	7	61	22	5	53	66	2	15	26	44	54	56	85	75	31	84	17	85	30	99	67	47	19	7	91	67	29	8	46	17	17	6	96	37	58	
69	77	64	9	66	95	2	87	11	9	7	10	25	11	20	46	21	44	34	60	42	44	86	75	100	52	31	34	30	23	73	63	8	75	40	72	95	13	54	14	47	53	43	72	23	96	61	74	14	97	97	22	66	60	-1	27	79	45	47	72	76	7	75	3	32	93	8	1	69	38	99	97	74	44	98	78	65	36	27	69	96	18	12	2	54	98	36	75	26	69	26	25	44	28	79	92	83	66	44	9	
82	41	13	30	8	34	49	22	87	30	58	64	39	71	34	70	63	30	63	46	50	65	89	74	30	91	98	37	8	34	69	56	39	72	12	71	69	51	16	20	32	65	84	32	61	87	80	88	43	68	42	12	53	83	27	-1	71	12	25	86	7	50	79	48	74	28	77	79	78	98	61	19	25	67	68	71	67	48	71	3	4	12	76	89	50	15	46	51	49	87	100	50	15	50	67	3	22	18	14	91	
63	24	31	75	50	12	3	80	53	2	38	33	36	93	27	17	16	94	73	46	99	52	11	56	96	46	56	81	53	6	54	6	41	56	79	50	70	10	98	65	3	100	52	37	28	11	28	83	46	48	45	45	52	65	79	71	-1	64	2	21	44	53	10	93	58	91	40	56	77	94	3	27	29	29	44	92	83	97	75	9	98	24	16	70	38	49	15	30	52	42	29	59	34	78	57	40	44	100	62	58	
87	66	19	37	8	76	14	86	6	49	47	50	95	15	16	23	70	75	81	47	31	68	5	23	86	48	48	100	74	3	46	52	19	6	72	23	8	78	88	30	96	94	41	8	93	31	82	21	98	20	44	34	90	12	45	12	64	-1	35	20	13	91	5	32	76	67	38	5	92	91	33	48	72	39	93	91	68	78	66	81	29	81	99	76	77	92	98	80	49	36	38	48	89	10	71	88	89	66	27	63	
74	19	13	32	77	6	44	1	81	67	20	54	12	92	64	72	90	46	48	39	99	80	19	98	75	17	12	75	64	60	74	48	16	35	100	57	59	96	51	56	81	6	38	82	28	12	4	84	74	8	86	34	70	49	47	25	2	35	-1	61	43	23	78	98	98	21	52	58	30	5	31	72	99	54	87	10	26	83	66	23	79	93	52	84	88	10	3	13	22	74	30	4	21	61	57	89	12	85	33	40	
71	29	18	86	17	83	70	25	23	62	97	70	65	46	89	52	36	22	20	36	25	18	79	36	41	14	52	10	93	58	72	69	95	96	95	86	58	92	22	55	91	73	65	67	82	70	68	2	17	53	45	94	91	39	72	86	21	20	61	-1	85	66	93	83	38	95	16	64	77	23	73	22	94	52	95	55	86	66	3	97	42	11	58	47	68	70	79	99	89	94	100	5	32	40	52	70	22	95	33	82	
76	79	9	17	33	19	9	45	73	91	57	15	7	50	61	7	88	39	75	76	93	24	31	2	17	90	2	50	42	36	87	20	58	54	72	46	25	1	32	27	46	23	51	55	20	80	23	61	50	98	90	88	8	77	76	7	44	13	43	85	-1	66	6	3	43	87	16	81	56	88	80	30	81	43	55	35	55	89	34	47	30	72	98	54	44	51	79	70	65	90	5	43	13	77	13	35	66	74	55	6	
16	9	68	85	87	97	44	43	44	71	5	10	52	11	17	45	68	67	65	55	18	74	18	22	9	35	23	56	8	16	20	86	72	52	67	93	11	7	53	34	13	57	52	3	16	5	8	13	94	27	55	7	8	8	7	50	53	91	23	66	66	-1	51	1	19	38	16	48	25	48	91	43	97	53	39	82	63	28	54	76	100	97	16	83	57	83	41	81	87	1	91	16	60	70	70	58	43	33	84	18	
89	82	16	43	36	13	96	3	63	88	15	76	53	97	1	90	70	30	72	41	1	24	67	47	10	44	7	44	48	17	63	58	13	7	32	4	40	63	54	14	88	80	20	25	98	36	10	62	61	82	83	31	36	41	75	79	10	5	78	93	6	51	-1	62	15	61	47	100	1	69	14	1	16	35	38	46	28	58	84	56	51	22	7	65	13	6	9	60	1	47	14	45	37	11	25	41	87	35	77	78	
15	4	56	93	86	69	59	42	61	18	87	74	34	28	3	55	18	39	78	81	80	43	2	87	87	37	47	41	44	69	42	39	30	93	45	35	3	86	83	47	65	90	30	70	98	89	52	61	72	89	78	58	47	58	3	48	93	32	98	83	3	1	62	-1	79	54	69	94	84	55	87	53	75	16	18	57	17	44	74	78	67	82	56	33	31	20	50	75	53	46	80	90	49	90	28	28	55	72	91	44	
87	96	17	3	60	23	68	89	24	4	3	11	73	46	31	6	83	2	39	89	30	10	16	40	53	22	17	99	28	32	88	8	4	14	75	10	28	81	60	77	63	60	13	3	47	22	26	24	60	38	41	54	48	65	32	74	58	76	98	38	43	19	15	79	-1	26	18	64	53	65	98	84	56	80	3	27	54	39	80	6	66	20	63	69	48	65	25	68	77	79	70	92	73	81	96	59	63	72	35	68	
64	39	64	21	85	21	17	2	48	58	28	33	3	27	74	90	82	6	19	25	14	18	33	97	21	92	25	53	70	76	80	76	5	63	64	49	71	80	96	29	52	74	82	49	89	59	59	28	8	4	100	94	19	7	93	28	91	67	21	95	87	38	61	54	26	-1	75	8	32	19	30	35	94	33	49	21	13	43	91	96	84	100	37	41	4	48	19	62	91	82	65	25	82	66	1	45	83	92	42	31	
18	18	11	88	38	28	34	79	22	79	15	79	3	71	4	24	63	24	66	8	7	24	99	83	79	32	32	81	36	19	24	6	14	49	27	45	64	17	7	66	80	25	100	33	50	45	56	75	87	37	5	90	94	61	8	77	40	38	52	16	16	16	47	69	18	75	-1	2	3	66	16	18	17	44	25	46	61	21	51	65	95	12	97	91	85	7	42	5	34	52	3	38	7	28	41	78	79	35	74	7	
57	50	96	81	14	23	4	1	62	43	99	52	14	3	40	82	39	89	99	89	70	10	54	94	41	92	35	96	23	97	57	2	21	89	57	48	32	74	74	95	95	13	58	11	67	72	96	82	9	97	96	69	94	22	1	79	56	5	58	64	81	48	100	94	64	8	2	-1	23	60	86	11	62	86	40	34	63	75	78	89	29	36	33	81	54	46	68	31	43	11	15	60	55	87	47	4	2	1	93	37	
48	34	19	56	35	8	11	57	18	69	62	53	14	48	2	72	86	61	1	19	65	13	75	75	95	72	64	68	95	56	29	43	26	29	34	31	38	83	28	89	53	96	29	32	6	87	95	20	8	60	68	92	72	5	69	78	77	92	30	77	56	25	1	84	53	32	3	23	-1	71	25	37	81	42	48	4	80	87	90	99	7	35	38	97	55	36	18	14	30	26	77	74	63	21	3	57	81	56	44	28	
43	88	89	56	69	20	89	70	9	30	65	9	60	38	67	56	34	34	65	31	57	82	78	83	4	70	96	27	53	61	57	2	28	48	43	8	89	54	45	9	15	67	10	56	3	29	84	73	91	29	53	74	33	53	38	98	94	91	5	23	88	48	69	55	65	19	66	60	71	-1	66	53	79	33	68	50	28	74	11	86	8	72	44	36	68	85	81	18	17	26	94	27	14	10	84	58	75	26	68	94	
18	44	45	86	12	8	54	78	68	40	88	72	95	5	47	67	38	2	17	90	86	3	44	16	99	30	92	22	70	61	93	13	72	100	53	29	38	83	91	62	28	72	100	88	2	80	100	88	88	71	64	45	56	66	99	61	3	33	31	73	80	91	14	87	98	30	16	86	25	66	-1	68	100	55	38	25	66	19	44	24	23	4	79	55	51	24	49	77	77	47	98	15	46	55	44	19	69	43	25	15	
54	85	37	64	45	83	1	100	9	79	36	42	12	41	20	41	61	44	79	64	10	60	25	4	7	53	59	51	66	72	93	69	37	70	78	64	25	10	36	57	17	13	51	28	4	9	5	81	53	3	53	58	53	2	97	19	27	48	72	22	30	43	1	53	84	35	18	11	37	53	68	-1	74	27	92	34	79	51	13	72	60	84	68	28	1	91	30	31	26	43	9	42	2	93	41	94	16	13	68	43	
78	1	92	73	82	20	34	65	92	100	64	30	39	80	59	42	24	76	20	97	73	17	45	61	57	53	50	64	6	9	88	55	46	99	31	86	73	96	69	61	72	32	40	54	7	5	71	27	41	76	41	20	50	15	74	25	29	72	99	94	81	97	16	75	56	94	17	62	81	79	100	74	-1	45	16	91	47	90	84	17	33	18	56	32	10	75	13	89	22	46	92	13	14	47	100	81	33	34	46	61	
55	66	72	82	75	6	20	51	88	95	8	55	50	76	80	10	97	27	72	24	88	96	33	15	100	40	75	25	45	46	85	51	99	10	56	24	27	49	56	40	87	30	33	44	37	40	91	8	2	58	76	98	32	26	44	67	29	39	54	52	43	53	35	16	80	33	44	86	42	33	55	27	45	-1	84	74	71	13	38	48	31	28	40	24	44	26	17	86	56	59	6	99	94	36	88	9	42	70	30	68	
5	95	10	85	90	48	83	16	3	19	82	22	86	80	70	41	27	83	42	85	56	38	41	75	93	83	22	38	31	26	55	83	27	45	67	7	30	74	77	39	33	57	97	20	29	61	75	25	33	61	28	96	43	44	98	68	44	93	87	95	55	39	38	18	3	49	25	40	48	68	38	92	16	84	-1	64	17	17	34	55	42	24	62	3	84	13	5	67	19	41	97	7	34	35	65	24	99	72	88	89	
66	89	34	49	22	12	73	97	53	84	100	58	1	47	44	64	21	45	15	83	96	17	10	68	62	44	78	85	22	86	69	70	91	70	61	44	44	54	65	30	20	93	20	92	33	20	55	95	58	84	57	54	74	54	78	71	92	91	10	55	35	82	46	57	27	21	46	34	4	50	25	34	91	74	64	-1	57	33	21	35	53	82	8	40	60	54	11	52	39	99	19	19	8	75	55	61	53	75	57	48	
29	40	45	5	69	76	36	22	62	16	30	66	33	56	74	83	77	56	36	29	65	42	59	60	49	84	38	24	73	89	34	80	92	73	69	72	35	8	65	80	89	39	40	91	65	30	2	60	49	7	71	21	80	56	65	67	83	68	26	86	55	63	28	17	54	13	61	63	80	28	66	79	47	71	17	57	-1	14	26	57	56	64	65	31	25	59	62	100	45	55	83	47	33	10	69	87	89	53	4	13	
48	51	13	91	85	94	1	25	42	100	7	72	69	43	59	66	93	88	17	25	53	7	29	82	36	9	4	9	98	46	9	47	82	1	22	6	10	45	81	44	9	42	94	38	56	16	20	45	75	13	55	41	23	85	36	48	97	78	83	66	89	28	58	44	39	43	21	75	87	74	19	51	90	13	17	33	14	-1	100	6	56	24	65	25	76	57	77	61	62	40	96	5	52	46	97	74	6	45	73	76	
81	69	48	35	12	44	66	75	83	29	35	62	1	30	86	41	41	41	38	42	1	58	97	13	67	17	23	28	74	51	52	91	84	75	7	32	63	25	16	58	78	2	3	2	98	88	30	24	52	36	23	6	14	75	27	71	75	66	66	3	34	54	84	74	80	91	51	78	90	11	44	13	84	38	34	21	26	100	-1	92	37	26	60	45	72	42	56	47	16	25	21	53	83	87	40	94	43	4	28	40	
57	64	53	80	77	99	96	23	62	22	88	12	2	83	63	28	4	8	69	25	40	25	77	14	89	89	29	55	87	44	74	79	18	15	80	87	17	65	8	70	89	89	84	24	29	62	92	27	28	5	53	57	75	31	69	3	9	81	23	97	47	76	56	78	6	96	65	89	99	86	24	72	17	48	55	35	57	6	92	-1	48	12	83	82	55	42	23	89	68	66	23	45	58	62	26	26	17	35	27	13	
13	56	26	8	95	80	8	84	26	80	97	97	72	18	21	10	55	1	38	41	92	55	32	46	26	65	20	51	34	66	1	19	77	81	17	1	89	10	94	18	93	16	11	11	8	51	85	48	33	65	28	11	14	84	96	4	98	29	79	42	30	100	51	67	66	84	95	29	7	8	23	60	33	31	42	53	56	56	37	48	-1	28	84	86	88	88	55	9	89	97	14	95	55	91	87	97	77	40	96	54	
52	95	34	82	2	4	68	37	74	3	97	56	58	82	85	77	79	58	63	14	84	26	58	63	55	71	75	32	65	45	90	50	47	63	74	22	12	2	62	28	39	68	94	66	9	95	59	90	27	58	74	30	71	17	18	12	24	81	93	11	72	97	22	82	20	100	12	36	35	72	4	84	18	28	24	82	64	24	26	12	28	-1	100	33	30	44	90	58	28	11	20	61	15	86	64	85	63	60	80	43	
13	13	35	76	50	80	17	63	17	68	35	80	66	96	31	41	23	28	23	85	78	33	53	62	61	43	14	39	83	75	41	22	80	27	24	100	76	95	35	48	19	42	44	86	79	19	27	21	83	14	45	45	92	85	12	76	16	99	52	58	98	16	7	56	63	37	97	33	38	44	79	68	56	40	62	8	65	65	60	83	84	100	-1	49	49	95	97	26	61	91	35	30	88	75	87	35	2	53	84	19	
65	96	60	51	44	45	58	49	57	19	44	68	3	65	63	2	75	95	52	97	5	32	87	8	53	10	70	13	71	59	8	29	55	84	11	92	97	97	86	29	73	87	97	8	4	16	18	75	58	90	10	20	94	30	2	89	70	76	84	47	54	83	65	33	69	41	91	81	97	36	55	28	32	24	3	40	31	25	45	82	86	33	49	-1	61	88	49	77	48	64	90	79	30	46	51	24	24	42	32	32	
36	19	24	16	89	78	97	2	18	64	78	62	77	86	42	97	51	77	25	20	100	32	36	19	94	27	89	46	40	80	11	43	25	37	40	70	64	91	15	28	29	56	65	71	54	99	67	86	51	70	74	22	41	99	54	50	38	77	88	68	44	57	13	31	48	4	85	54	55	68	51	1	10	44	84	60	25	76	72	55	88	30	49	61	-1	52	62	25	94	51	1	87	65	3	55	42	34	28	95	49	
97	53	87	98	49	97	35	1	81	12	84	42	64	19	14	17	97	74	66	64	60	96	95	79	57	26	81	47	27	71	12	59	49	95	95	7	67	13	91	38	67	57	54	62	99	61	10	52	54	32	78	63	100	67	98	15	49	92	10	70	51	83	6	20	65	48	7	46	36	85	24	91	75	26	13	54	59	57	42	42	88	44	95	88	52	-1	47	35	10	75	65	57	86	75	15	59	75	94	92	18	
1	64	100	8	54	40	7	66	5	58	83	47	41	15	27	54	70	67	9	9	24	23	29	66	20	18	90	96	17	8	96	98	39	19	42	44	53	31	56	3	67	2	19	29	19	62	58	98	10	93	52	4	70	47	36	46	15	98	3	79	79	41	9	50	25	19	42	68	18	81	49	30	13	17	5	11	62	77	56	23	55	90	97	49	62	47	-1	48	27	61	85	85	56	13	16	60	43	72	99	10	
43	33	18	81	61	28	18	76	66	18	5	38	17	81	62	28	94	18	95	24	97	62	80	59	24	89	56	49	16	94	42	97	41	87	69	6	55	63	7	7	66	19	58	79	25	86	20	5	67	84	62	1	88	19	75	51	30	80	13	99	70	81	60	75	68	62	5	31	14	18	77	31	89	86	67	52	100	61	47	89	9	58	26	77	25	35	48	-1	23	75	15	27	4	40	5	5	80	88	49	76	
35	46	78	5	32	6	27	19	84	92	28	92	40	5	94	63	71	66	6	49	86	10	86	36	31	39	75	94	59	62	95	33	9	80	80	10	54	5	98	97	20	37	10	43	1	29	33	10	84	5	45	81	37	7	26	49	52	49	22	89	65	87	1	53	77	91	34	43	30	17	77	26	22	56	19	39	45	62	16	68	89	28	61	48	94	10	27	23	-1	64	95	16	18	10	2	37	1	8	40	20	
52	60	51	71	3	81	42	78	45	52	56	28	78	4	36	14	71	24	2	58	2	39	9	89	89	95	42	18	5	40	41	96	77	11	68	26	15	47	41	19	66	23	73	12	30	89	93	32	19	45	1	42	100	91	69	87	42	36	74	94	90	1	47	46	79	82	52	11	26	26	47	43	46	59	41	99	55	40	25	66	97	11	91	64	51	75	61	75	64	-1	69	65	74	61	40	43	83	40	11	77	
26	41	14	63	97	50	51	42	5	1	51	77	14	16	24	3	76	75	21	66	35	68	32	97	94	75	64	66	91	89	75	97	94	72	74	38	4	26	36	69	34	33	88	14	1	68	59	30	14	19	73	52	38	67	26	100	29	38	30	100	5	91	14	80	70	65	3	15	77	94	98	9	92	6	97	19	83	96	21	23	14	20	35	90	1	65	85	15	95	69	-1	72	72	19	73	15	13	99	8	6	
100	47	76	49	14	3	68	62	29	8	34	64	74	11	70	57	31	72	33	34	43	22	6	36	82	14	60	77	8	76	17	4	9	93	94	61	67	90	89	12	69	24	13	90	78	55	29	78	42	54	84	87	10	29	25	50	59	48	4	5	43	16	45	90	92	25	38	60	74	27	15	42	13	99	7	19	47	5	53	45	95	61	30	79	87	57	85	27	16	65	72	-1	24	56	25	42	50	83	32	21	
56	16	40	47	18	5	69	58	84	4	67	37	78	74	19	29	87	14	43	50	69	70	45	86	83	86	13	36	34	48	6	51	89	54	28	19	43	84	74	51	45	28	48	54	90	27	62	72	79	16	83	9	18	8	44	15	34	89	21	32	13	60	37	49	73	82	7	55	63	14	46	2	14	94	34	8	33	52	83	58	55	15	88	30	65	86	56	4	18	74	72	24	-1	2	65	12	97	7	29	66	
75	48	11	48	58	52	67	67	15	83	78	41	62	65	25	90	78	66	39	22	33	85	26	1	27	76	11	60	80	11	8	14	65	94	54	1	29	92	16	31	7	38	47	83	33	36	47	14	93	75	77	41	83	46	28	50	78	10	61	40	77	70	11	90	81	66	28	87	21	10	55	93	47	36	35	75	10	46	87	62	91	86	75	46	3	75	13	40	10	61	19	56	2	-1	10	85	41	79	81	25	
20	36	84	81	97	39	13	43	51	57	79	26	37	18	90	69	32	48	35	90	46	77	35	13	3	43	33	28	42	38	31	94	33	61	4	34	16	85	15	52	35	80	38	18	23	15	54	36	20	69	62	21	25	17	79	67	57	71	57	52	13	70	25	28	96	1	41	47	3	84	44	41	100	88	65	55	69	97	40	26	87	64	87	51	55	15	16	5	2	40	73	25	65	10	-1	38	16	14	67	30	
74	35	92	62	61	15	47	14	69	43	80	83	76	44	76	1	55	75	22	20	45	16	92	27	93	60	87	59	37	22	60	59	39	75	66	54	84	69	25	47	36	40	35	8	83	29	53	12	100	47	11	39	86	17	92	3	40	88	89	70	35	58	41	28	59	45	78	4	57	58	19	94	81	9	24	61	87	74	94	26	97	85	35	24	42	59	60	5	37	43	15	42	12	85	38	-1	32	39	43	67	
40	68	49	26	13	28	93	12	18	82	71	88	38	83	80	68	86	49	99	68	82	4	46	67	97	52	22	68	53	15	5	41	89	38	31	33	33	97	25	46	15	9	23	30	42	61	53	94	55	49	97	74	12	6	83	22	44	89	12	22	66	43	87	55	63	83	79	2	81	75	69	16	33	42	99	53	89	6	43	17	77	63	2	24	34	75	43	80	1	83	13	50	97	41	16	32	-1	68	54	43	
82	40	43	72	34	41	69	71	41	52	77	28	24	64	30	2	68	2	47	13	74	24	61	91	75	30	54	27	79	84	63	8	73	87	44	88	89	26	74	38	56	82	66	89	13	76	86	10	92	67	45	53	52	96	66	18	100	66	85	95	74	33	35	72	72	92	35	1	56	26	43	13	34	70	72	75	53	45	4	35	40	60	53	42	28	94	72	88	8	40	99	83	7	79	14	39	68	-1	73	74	
5	9	70	75	74	33	55	49	58	99	93	11	83	69	1	97	15	51	25	73	88	83	93	65	48	93	84	55	95	92	68	35	81	94	8	38	9	91	35	87	84	85	49	62	79	82	30	17	53	82	94	25	73	37	44	14	62	27	33	33	55	84	77	91	35	42	74	93	44	68	25	68	46	30	88	57	4	73	28	27	96	80	84	32	95	92	99	49	40	11	8	32	29	81	67	43	54	73	-1	70	
4	85	30	94	21	51	14	86	49	80	54	50	64	77	92	69	44	68	33	92	35	50	71	38	63	66	1	51	16	64	71	90	26	54	16	83	89	75	27	8	90	21	29	45	37	18	85	78	92	62	35	70	58	58	9	91	58	63	40	82	6	18	78	44	68	31	7	37	28	94	15	43	61	68	89	48	13	76	40	13	54	43	19	32	49	18	10	76	20	77	6	21	66	25	30	67	43	74	70	-1	
