100
-1	84	90	18	52	24	65	85	75	63	93	30	57	73	60	91	72	34	20	52	57	87	84	38	6	20	90	98	70	90	36	7	41	51	8	65	73	72	88	92	8	87	2	97	50	72	84	35	14	53	28	60	92	12	98	61	54	76	98	8	56	36	79	40	76	87	44	34	58	69	83	14	46	81	71	75	67	51	2	15	52	71	10	55	17	47	19	23	12	18	30	32	57	82	72	33	43	39	22	15	
84	-1	23	68	92	77	30	85	64	68	82	70	20	20	49	55	94	42	62	88	19	94	96	27	38	12	84	79	7	67	1	92	75	2	18	41	53	63	84	20	21	12	44	44	53	16	23	11	53	62	64	18	3	60	74	54	50	14	87	76	71	100	28	73	14	18	98	51	34	94	51	42	27	43	37	50	30	56	44	19	38	55	95	82	98	87	33	96	43	44	84	9	48	41	86	83	95	18	50	54	
90	23	-1	93	16	65	82	13	98	45	51	53	9	69	68	77	29	63	80	96	29	15	88	69	1	28	69	14	51	92	97	55	92	71	27	88	20	8	12	19	43	28	36	77	21	10	86	43	53	11	67	18	49	14	71	22	85	47	9	78	69	50	96	68	27	21	42	34	46	17	14	66	43	9	84	90	26	27	8	23	97	57	59	79	95	43	65	80	96	1	36	39	50	16	3	65	75	68	91	80	
18	68	93	-1	13	84	74	85	99	85	100	41	70	4	43	78	30	83	61	19	99	70	57	62	98	54	82	25	68	65	47	75	56	79	56	29	99	53	84	16	73	24	44	36	51	44	42	50	89	10	37	78	5	14	48	69	55	5	5	60	42	62	100	48	86	95	16	49	87	19	81	84	63	26	99	86	80	4	62	25	4	61	38	21	77	17	73	40	95	27	83	65	75	87	73	43	81	93	65	72	
52	92	16	13	-1	13	100	40	84	63	30	9	84	85	24	34	34	45	66	9	7	91	37	13	99	14	60	52	84	21	12	83	29	25	15	59	55	66	98	10	60	35	46	8	60	42	68	31	86	7	19	17	61	7	87	87	42	40	48	77	91	47	89	89	20	67	77	48	17	8	70	15	69	6	52	81	1	43	84	33	100	90	90	55	62	65	67	24	18	97	3	74	24	69	62	92	42	49	65	65	
24	77	65	84	13	-1	71	92	24	18	10	68	61	47	60	28	39	59	76	53	45	71	90	93	97	55	78	46	40	18	46	19	58	99	35	20	33	41	27	82	55	24	59	45	61	40	80	57	23	1	23	62	92	4	85	28	80	57	58	9	49	77	18	45	26	23	45	25	39	25	55	95	48	44	8	61	36	24	1	66	10	97	64	8	41	18	48	92	9	46	3	76	84	9	90	79	66	51	66	6	
65	30	82	74	100	71	-1	77	28	87	57	4	99	90	4	13	16	91	11	61	20	63	87	3	3	74	59	64	9	36	69	70	59	48	98	66	16	74	73	12	48	81	50	77	49	84	30	18	96	47	28	23	53	32	55	61	32	87	11	9	79	57	78	2	2	68	96	2	50	47	100	75	41	95	32	76	25	47	59	81	27	24	6	98	86	60	37	68	12	40	54	96	91	15	85	82	64	53	86	97	
85	85	13	85	40	92	77	-1	32	15	29	40	56	9	17	28	3	82	11	71	2	10	75	4	15	82	91	44	100	12	38	29	58	65	12	76	65	71	93	36	79	54	99	45	65	1	27	83	32	1	70	55	100	18	56	18	45	43	70	48	47	11	97	99	32	43	10	89	82	14	91	83	82	10	46	67	95	77	40	39	68	28	20	43	98	23	46	64	88	97	98	10	59	41	46	83	72	97	95	97	
75	64	98	99	84	24	28	32	-1	51	75	38	58	6	17	77	86	99	4	11	85	38	68	46	9	87	61	95	90	63	50	60	92	100	99	17	45	42	20	83	76	95	1	40	69	23	46	26	50	20	79	12	29	47	68	26	66	24	65	33	28	63	46	42	63	95	13	58	37	19	48	22	42	95	40	87	8	48	50	64	14	27	89	67	63	7	52	78	30	85	26	7	29	19	75	30	27	56	1	29	
63	68	45	85	63	18	87	15	51	-1	27	51	27	92	78	26	64	14	86	33	92	91	32	75	86	44	34	1	61	80	53	37	100	45	70	8	43	38	24	50	81	78	6	25	87	5	5	17	78	8	4	39	48	39	30	49	19	31	75	21	74	10	59	40	36	90	39	77	62	52	66	6	60	97	83	70	63	73	47	55	41	39	14	70	38	41	37	53	58	96	7	68	19	15	71	43	45	4	84	15	
93	82	51	100	30	10	57	29	75	27	-1	90	19	64	75	46	30	22	89	71	8	64	85	46	90	88	33	59	95	17	50	9	55	67	82	69	34	19	86	63	62	37	18	33	18	3	98	40	1	39	59	8	18	20	43	80	29	17	45	54	30	5	93	36	76	18	42	71	13	1	33	26	88	81	89	38	31	3	75	33	86	70	100	77	12	78	20	23	4	47	29	11	43	7	61	30	8	3	69	21	
30	70	53	41	9	68	4	40	38	51	90	-1	59	49	70	95	22	90	4	66	69	20	29	18	74	2	67	63	64	11	65	51	79	8	50	63	60	97	55	11	81	21	94	91	12	37	44	93	52	86	17	88	76	46	4	9	3	13	92	92	80	92	21	1	3	53	80	85	10	52	34	95	41	57	18	34	44	72	25	5	19	14	17	52	28	44	10	56	63	29	84	6	98	94	17	72	2	18	62	33	
57	20	9	70	84	61	99	56	58	27	19	59	-1	18	20	15	91	18	83	16	9	27	97	70	9	41	73	7	54	1	79	36	63	20	99	55	56	56	32	8	57	57	26	85	76	43	84	70	70	90	59	42	61	97	61	30	15	87	13	89	67	35	87	37	32	64	26	92	71	24	53	75	10	92	91	40	57	40	66	30	32	15	61	17	37	58	12	13	91	42	4	11	6	71	8	54	29	93	96	24	
73	20	69	4	85	47	90	9	6	92	64	49	18	-1	94	40	8	86	17	20	75	64	32	67	20	15	38	71	20	7	37	79	38	85	32	8	35	30	36	47	82	90	78	25	51	19	41	35	54	100	86	63	27	28	2	79	75	75	10	49	90	52	33	58	62	32	65	67	86	38	27	100	53	67	97	27	52	52	45	77	15	69	23	63	51	49	14	96	27	75	99	88	37	63	14	64	10	70	77	49	
60	49	68	43	24	60	4	17	17	78	75	70	20	94	-1	85	38	33	71	4	65	68	79	79	75	13	98	19	2	98	42	71	50	24	70	8	10	82	78	54	97	43	94	12	100	81	4	80	75	18	90	84	25	2	44	32	9	65	62	29	31	71	6	62	60	36	89	21	30	1	58	84	77	96	78	1	17	23	26	10	96	20	62	49	43	68	4	67	22	33	69	47	43	100	10	21	51	95	1	72	
91	55	77	78	34	28	13	28	77	26	46	95	15	40	85	-1	75	91	48	25	8	94	82	77	38	71	61	28	94	61	88	23	2	65	86	19	17	62	11	11	87	35	22	96	66	60	90	35	46	13	52	91	30	68	33	47	75	91	72	46	32	5	31	65	83	53	67	54	39	71	52	26	67	91	93	23	89	36	72	91	31	26	86	55	94	62	90	21	23	45	67	24	83	58	58	73	86	88	41	46	
72	94	29	30	34	39	16	3	86	64	30	22	91	8	38	75	-1	43	93	52	4	42	77	93	90	82	1	95	20	9	82	19	37	89	33	83	9	7	88	38	10	27	10	99	13	1	87	81	63	54	38	71	57	32	60	5	41	43	49	39	41	84	61	1	81	78	11	3	92	74	5	93	75	83	92	17	22	79	61	79	27	76	96	34	68	14	4	61	35	44	20	49	8	18	40	29	83	34	43	74	
34	42	63	83	45	59	91	82	99	14	22	90	18	86	33	91	43	-1	22	97	71	88	5	11	49	8	40	26	14	44	73	80	67	63	58	52	37	42	21	2	61	3	79	29	22	51	90	68	50	20	87	68	94	63	42	81	32	64	74	71	51	94	28	50	30	16	15	37	12	78	67	36	32	79	83	57	39	32	39	33	34	97	78	74	42	6	79	98	77	13	6	69	31	34	69	44	41	15	99	86	
20	62	80	61	66	76	11	11	4	86	89	4	83	17	71	48	93	22	-1	76	82	61	11	5	51	16	71	16	50	50	88	74	25	88	91	12	22	99	49	60	79	50	64	46	21	64	55	68	82	38	67	42	14	43	27	96	61	45	26	76	99	67	34	27	60	49	21	59	93	68	20	70	54	59	26	49	54	29	90	55	67	32	10	12	87	40	63	2	52	8	3	35	22	50	79	59	54	61	85	71	
52	88	96	19	9	53	61	71	11	33	71	66	16	20	4	25	52	97	76	-1	24	40	75	42	62	21	81	19	84	67	59	31	92	80	70	88	23	33	68	63	59	43	42	70	46	46	70	20	91	92	2	61	64	56	55	89	24	28	45	96	81	40	14	96	8	23	21	30	35	22	1	61	24	63	2	52	45	24	32	2	24	18	73	72	79	76	68	65	94	7	59	53	24	22	16	28	63	69	32	60	
57	19	29	99	7	45	20	2	85	92	8	69	9	75	65	8	4	71	82	24	-1	44	27	59	26	82	12	4	17	10	36	92	4	99	46	65	4	19	12	1	40	61	24	86	53	81	78	29	57	73	94	94	64	57	88	18	33	5	74	91	25	13	58	87	10	33	57	96	58	46	64	47	94	42	13	52	20	95	91	28	82	54	81	56	86	61	97	53	67	93	1	64	1	42	50	96	12	75	67	42	
87	94	15	70	91	71	63	10	38	91	64	20	27	64	68	94	42	88	61	40	44	-1	93	74	51	5	17	55	11	98	10	32	67	61	56	86	12	89	32	30	33	88	91	14	48	47	96	1	92	36	47	35	28	40	29	98	46	84	79	86	57	30	40	3	93	50	33	81	77	26	72	15	29	16	81	68	76	55	23	42	83	99	97	95	96	14	83	30	9	31	28	49	33	76	85	68	80	56	56	51	
84	96	88	57	37	90	87	75	68	32	85	29	97	32	79	82	77	5	11	75	27	93	-1	97	18	69	84	5	73	89	87	45	60	89	69	8	52	57	30	94	47	97	94	84	35	22	26	81	52	50	72	57	18	38	72	100	46	48	57	65	34	80	3	55	59	98	98	43	67	96	51	19	80	14	34	71	60	99	32	86	65	70	37	8	10	41	89	49	10	28	98	100	16	97	45	5	72	78	29	80	
38	27	69	62	13	93	3	4	46	75	46	18	70	67	79	77	93	11	5	42	59	74	97	-1	26	32	68	3	8	95	74	85	73	6	11	37	83	37	72	100	84	36	76	78	1	89	91	24	42	28	75	69	78	58	11	62	82	92	20	46	20	74	22	36	54	4	43	51	95	43	1	59	33	75	6	21	71	7	100	99	9	6	55	53	10	21	6	23	66	85	83	20	28	70	98	10	53	32	72	27	
6	38	1	98	99	97	3	15	9	86	90	74	9	20	75	38	90	49	51	62	26	51	18	26	-1	49	5	29	55	21	19	88	87	94	55	5	78	89	6	11	70	96	19	63	49	11	26	61	64	67	36	74	56	95	38	6	23	80	2	42	21	87	7	24	16	100	28	2	33	29	84	5	32	82	93	79	77	96	43	58	92	29	18	38	1	79	82	57	41	17	6	46	37	12	91	20	88	77	23	35	
20	12	28	54	14	55	74	82	87	44	88	2	41	15	13	71	82	8	16	21	82	5	69	32	49	-1	51	46	41	91	91	11	82	28	99	3	44	14	82	99	22	59	31	79	73	29	15	47	22	91	71	51	100	47	18	38	58	33	46	67	88	95	66	45	18	72	94	25	82	98	51	53	20	55	16	75	26	98	50	11	13	47	10	97	77	4	92	18	51	70	80	60	81	8	14	41	62	54	92	57	
90	84	69	82	60	78	59	91	61	34	33	67	73	38	98	61	1	40	71	81	12	17	84	68	5	51	-1	20	8	19	86	6	91	13	20	70	68	53	76	35	97	64	53	38	29	64	78	14	40	70	35	89	81	95	42	37	97	43	7	67	81	77	55	6	88	66	78	11	12	6	67	9	5	59	60	83	53	91	70	17	13	20	70	23	72	73	53	59	43	20	21	5	49	50	40	76	72	71	16	4	
98	79	14	25	52	46	64	44	95	1	59	63	7	71	19	28	95	26	16	19	4	55	5	3	29	46	20	-1	32	19	64	17	54	76	38	85	76	37	33	98	83	86	57	7	32	48	65	41	47	11	52	36	13	3	44	26	29	44	79	42	30	13	6	34	74	47	74	99	30	97	68	49	84	43	25	9	13	20	31	21	81	96	95	36	99	66	59	2	86	20	14	67	8	76	89	65	12	95	1	90	
70	7	51	68	84	40	9	100	90	61	95	64	54	20	2	94	20	14	50	84	17	11	73	8	55	41	8	32	-1	43	41	30	28	74	88	78	46	99	96	22	70	65	2	84	23	41	7	6	76	87	24	14	97	68	96	35	8	28	58	90	1	47	3	32	21	56	37	27	41	74	85	7	49	35	15	27	63	66	36	25	10	27	96	42	67	72	1	49	90	34	30	86	52	34	92	45	7	78	58	88	
90	67	92	65	21	18	36	12	63	80	17	11	1	7	98	61	9	44	50	67	10	98	89	95	21	91	19	19	43	-1	31	87	99	6	84	11	1	9	68	1	91	83	34	52	100	39	82	90	54	38	100	91	56	44	75	68	52	30	27	12	75	59	63	84	86	66	58	25	53	86	24	40	86	69	3	17	16	17	64	81	56	56	20	37	4	57	83	6	62	7	52	6	28	2	97	46	66	24	55	62	
36	1	97	47	12	46	69	38	50	53	50	65	79	37	42	88	82	73	88	59	36	10	87	74	19	91	86	64	41	31	-1	79	53	33	10	35	30	34	66	47	95	45	45	11	87	64	65	26	24	63	6	72	15	78	92	12	57	69	53	90	75	48	20	74	51	38	67	55	39	37	87	15	33	67	41	23	72	36	15	25	22	51	61	68	91	97	18	8	73	32	82	19	36	76	12	88	23	96	35	1	
7	92	55	75	83	19	70	29	60	37	9	51	36	79	71	23	19	80	74	31	92	32	45	85	88	11	6	17	30	87	79	-1	56	23	20	26	68	52	31	36	39	70	44	30	67	56	92	7	90	98	16	52	5	9	43	13	82	36	3	55	22	74	38	99	100	53	54	77	40	67	42	29	43	64	86	17	14	69	89	13	93	28	62	64	14	8	46	36	82	54	71	64	76	84	28	39	15	29	91	11	
41	75	92	56	29	58	59	58	92	100	55	79	63	38	50	2	37	67	25	92	4	67	60	73	87	82	91	54	28	99	53	56	-1	33	89	67	51	29	74	63	18	60	26	38	50	71	32	21	84	72	10	97	88	24	20	10	23	84	82	93	22	34	6	16	34	34	40	60	86	32	50	77	53	8	72	62	81	89	12	67	7	86	46	6	40	55	82	98	27	86	41	21	80	81	68	66	64	75	54	46	
51	2	71	79	25	99	48	65	100	45	67	8	20	85	24	65	89	63	88	80	99	61	89	6	94	28	13	76	74	6	33	23	33	-1	26	45	42	14	58	71	30	8	44	31	38	93	46	41	20	12	65	47	50	93	58	99	36	28	17	71	100	91	74	61	79	81	59	51	58	73	24	100	4	66	41	40	70	76	69	28	16	19	8	29	30	70	14	11	27	67	72	77	73	57	24	36	34	53	48	91	
8	18	27	56	15	35	98	12	99	70	82	50	99	32	70	86	33	58	91	70	46	56	69	11	55	99	20	38	88	84	10	20	89	26	-1	32	2	96	88	75	15	17	84	62	38	28	48	67	31	79	21	57	21	52	85	19	84	23	94	91	10	62	19	91	83	91	65	30	100	38	35	34	7	80	57	100	53	31	37	76	83	62	99	60	82	12	58	23	96	80	43	87	52	88	2	94	21	22	24	11	
65	41	88	29	59	20	66	76	17	8	69	63	55	8	8	19	83	52	12	88	65	86	8	37	5	3	70	85	78	11	35	26	67	45	32	-1	49	66	80	17	22	45	4	96	76	2	10	32	13	11	29	94	76	86	42	100	20	60	68	52	25	85	55	68	21	46	16	96	44	84	8	40	8	98	100	56	10	88	19	62	89	80	38	11	9	89	52	20	99	83	36	42	95	94	16	84	97	3	79	68	
73	53	20	99	55	33	16	65	45	43	34	60	56	35	10	17	9	37	22	23	4	12	52	83	78	44	68	76	46	1	30	68	51	42	2	49	-1	29	15	2	96	9	57	6	82	77	54	61	10	41	62	72	91	65	86	16	65	44	36	40	6	69	7	65	54	35	36	70	35	32	36	63	56	5	47	13	37	76	20	36	28	2	85	3	7	46	34	67	30	69	13	95	54	75	4	95	38	14	27	44	
72	63	8	53	66	41	74	71	42	38	19	97	56	30	82	62	7	42	99	33	19	89	57	37	89	14	53	37	99	9	34	52	29	14	96	66	29	-1	37	29	11	90	37	72	28	63	14	27	90	87	81	4	49	97	98	69	67	77	52	17	8	42	25	57	49	66	73	82	90	7	75	81	20	96	97	55	63	24	32	30	91	63	80	43	54	39	25	34	13	93	14	95	86	76	52	3	93	81	75	86	
88	84	12	84	98	27	73	93	20	24	86	55	32	36	78	11	88	21	49	68	12	32	30	72	6	82	76	33	96	68	66	31	74	58	88	80	15	37	-1	14	91	8	58	67	97	78	92	86	90	3	33	33	55	10	84	71	8	14	57	18	4	44	13	15	54	97	21	10	84	2	36	87	21	60	53	7	52	96	60	99	10	71	100	82	60	37	17	9	69	19	3	48	37	15	10	99	87	83	35	90	
92	20	19	16	10	82	12	36	83	50	63	11	8	47	54	11	38	2	60	63	1	30	94	100	11	99	35	98	22	1	47	36	63	71	75	17	2	29	14	-1	60	28	79	36	41	16	71	18	93	77	32	75	90	73	11	55	50	7	72	44	85	56	82	88	97	45	26	45	76	94	13	42	1	32	55	23	58	55	98	58	25	31	10	22	30	8	98	56	4	40	7	60	70	67	60	42	59	29	97	66	
8	21	43	73	60	55	48	79	76	81	62	81	57	82	97	87	10	61	79	59	40	33	47	84	70	22	97	83	70	91	95	39	18	30	15	22	96	11	91	60	-1	49	11	12	65	75	79	8	14	65	49	72	44	64	74	4	88	18	69	70	8	6	70	48	37	64	90	11	70	72	40	63	7	89	41	66	45	17	39	78	10	81	3	11	75	61	36	45	52	65	78	21	25	86	75	85	98	32	25	33	
87	12	28	24	35	24	81	54	95	78	37	21	57	90	43	35	27	3	50	43	61	88	97	36	96	59	64	86	65	83	45	70	60	8	17	45	9	90	8	28	49	-1	16	64	32	93	86	37	85	92	16	43	30	6	51	83	44	85	77	81	91	4	68	7	17	92	1	9	78	40	65	62	98	65	43	30	100	85	55	24	41	95	3	42	48	62	45	70	100	9	20	24	27	51	90	5	98	12	21	18	
2	44	36	44	46	59	50	99	1	6	18	94	26	78	94	22	10	79	64	42	24	91	94	76	19	31	53	57	2	34	45	44	26	44	84	4	57	37	58	79	11	16	-1	80	68	32	97	67	66	37	11	52	44	72	7	67	85	50	74	32	19	35	99	88	82	33	97	70	49	11	43	27	19	21	59	28	25	28	10	47	42	68	18	9	35	95	29	51	32	53	42	34	82	38	54	91	86	64	20	66	
97	44	77	36	8	45	77	45	40	25	33	91	85	25	12	96	99	29	46	70	86	14	84	78	63	79	38	7	84	52	11	30	38	31	62	96	6	72	67	36	12	64	80	-1	66	22	96	70	3	25	56	10	95	52	92	19	52	93	40	34	88	89	63	39	14	28	86	50	49	39	70	17	20	13	82	34	66	25	29	59	35	40	74	99	30	42	28	86	64	55	36	71	68	18	37	9	29	10	28	89	
50	53	21	51	60	61	49	65	69	87	18	12	76	51	100	66	13	22	21	46	53	48	35	1	49	73	29	32	23	100	87	67	50	38	38	76	82	28	97	41	65	32	68	66	-1	26	87	12	71	60	100	15	71	45	50	65	80	70	63	81	37	82	36	57	20	34	20	75	5	40	86	66	64	88	56	22	70	43	45	99	51	70	64	90	87	35	71	17	55	78	78	88	86	67	75	80	82	30	34	65	
72	16	10	44	42	40	84	1	23	5	3	37	43	19	81	60	1	51	64	46	81	47	22	89	11	29	64	48	41	39	64	56	71	93	28	2	77	63	78	16	75	93	32	22	26	-1	71	31	97	27	5	19	42	100	57	2	72	8	19	94	67	52	73	28	26	88	95	78	53	15	82	1	39	85	62	72	70	57	9	68	26	19	91	98	96	67	91	34	63	6	95	56	19	56	90	52	59	75	9	70	
84	23	86	42	68	80	30	27	46	5	98	44	84	41	4	90	87	90	55	70	78	96	26	91	26	15	78	65	7	82	65	92	32	46	48	10	54	14	92	71	79	86	97	96	87	71	-1	76	20	72	64	76	19	14	60	16	39	44	13	86	99	78	17	2	70	94	34	19	86	30	1	88	27	52	68	52	62	100	70	23	36	48	5	38	51	54	10	48	45	75	25	58	46	83	84	91	63	65	68	44	
35	11	43	50	31	57	18	83	26	17	40	93	70	35	80	35	81	68	68	20	29	1	81	24	61	47	14	41	6	90	26	7	21	41	67	32	61	27	86	18	8	37	67	70	12	31	76	-1	95	68	51	60	1	14	66	52	24	32	78	21	38	82	66	12	76	21	23	62	8	78	92	59	33	16	23	21	3	45	63	42	42	49	47	6	85	8	3	46	62	29	42	19	4	91	60	23	47	19	9	73	
14	53	53	89	86	23	96	32	50	78	1	52	70	54	75	46	63	50	82	91	57	92	52	42	64	22	40	47	76	54	24	90	84	20	31	13	10	90	90	93	14	85	66	3	71	97	20	95	-1	11	77	42	12	87	19	38	66	28	24	79	25	23	42	10	85	95	15	4	91	31	48	26	85	58	34	100	99	3	80	2	50	36	73	27	40	61	92	53	19	46	33	44	4	25	6	78	42	21	90	23	
53	62	11	10	7	1	47	1	20	8	39	86	90	100	18	13	54	20	38	92	73	36	50	28	67	91	70	11	87	38	63	98	72	12	79	11	41	87	3	77	65	92	37	25	60	27	72	68	11	-1	11	48	36	75	7	61	83	24	4	13	65	12	81	79	45	3	38	99	66	36	95	5	53	82	29	93	1	5	9	92	1	82	70	16	1	83	25	17	55	10	38	33	93	33	42	73	18	58	67	32	
28	64	67	37	19	23	28	70	79	4	59	17	59	86	90	52	38	87	67	2	94	47	72	75	36	71	35	52	24	100	6	16	10	65	21	29	62	81	33	32	49	16	11	56	100	5	64	51	77	11	-1	29	8	96	27	2	85	18	62	12	93	6	79	61	32	31	32	52	27	66	1	77	97	4	10	16	43	93	26	59	44	31	21	1	35	8	47	51	9	92	25	18	92	100	27	29	60	99	47	20	
60	18	18	78	17	62	23	55	12	39	8	88	42	63	84	91	71	68	42	61	94	35	57	69	74	51	89	36	14	91	72	52	97	47	57	94	72	4	33	75	72	43	52	10	15	19	76	60	42	48	29	-1	36	43	98	57	24	12	48	42	68	49	85	80	13	98	77	31	2	36	31	77	11	10	65	27	5	53	55	5	84	11	6	66	48	25	99	12	97	68	13	80	83	43	7	41	82	7	9	26	
92	3	49	5	61	92	53	100	29	48	18	76	61	27	25	30	57	94	14	64	64	28	18	78	56	100	81	13	97	56	15	5	88	50	21	76	91	49	55	90	44	30	44	95	71	42	19	1	12	36	8	36	-1	42	44	92	38	9	34	91	12	79	39	89	37	87	73	77	12	89	29	37	4	87	53	18	62	43	32	87	11	1	4	44	22	37	76	17	33	60	62	67	100	12	91	93	18	85	65	51	
12	60	14	14	7	4	32	18	47	39	20	46	97	28	2	68	32	63	43	56	57	40	38	58	95	47	95	3	68	44	78	9	24	93	52	86	65	97	10	73	64	6	72	52	45	100	14	14	87	75	96	43	42	-1	76	97	98	16	76	30	51	78	82	22	53	62	73	84	31	3	84	17	32	30	78	81	27	12	19	19	25	45	83	26	69	9	37	30	23	51	77	94	45	91	66	75	69	11	15	13	
98	74	71	48	87	85	55	56	68	30	43	4	61	2	44	33	60	42	27	55	88	29	72	11	38	18	42	44	96	75	92	43	20	58	85	42	86	98	84	11	74	51	7	92	50	57	60	66	19	7	27	98	44	76	-1	41	30	7	29	63	1	62	90	1	43	89	96	44	90	17	90	99	58	36	55	83	94	5	79	28	49	29	38	59	51	46	34	50	60	75	1	78	68	56	5	92	27	27	87	74	
61	54	22	69	87	28	61	18	26	49	80	9	30	79	32	47	5	81	96	89	18	98	100	62	6	38	37	26	35	68	12	13	10	99	19	100	16	69	71	55	4	83	67	19	65	2	16	52	38	61	2	57	92	97	41	-1	50	75	57	13	27	40	27	11	6	3	21	57	1	88	99	90	41	45	25	49	85	40	76	1	47	40	9	75	25	76	20	21	89	65	3	65	72	45	16	59	91	23	16	26	
54	50	85	55	42	80	32	45	66	19	29	3	15	75	9	75	41	32	61	24	33	46	46	82	23	58	97	29	8	52	57	82	23	36	84	20	65	67	8	50	88	44	85	52	80	72	39	24	66	83	85	24	38	98	30	50	-1	19	13	58	47	15	40	32	96	87	79	84	44	59	7	81	32	88	41	71	82	75	35	8	15	36	12	37	99	24	30	65	67	98	11	68	70	42	36	98	85	39	63	64	
76	14	47	5	40	57	87	43	24	31	17	13	87	75	65	91	43	64	45	28	5	84	48	92	80	33	43	44	28	30	69	36	84	28	23	60	44	77	14	7	18	85	50	93	70	8	44	32	28	24	18	12	9	16	7	75	19	-1	7	67	91	71	45	57	88	33	9	18	46	13	61	19	92	26	90	86	67	94	18	26	75	27	19	8	16	30	49	40	93	8	5	9	79	58	35	99	11	44	69	5	
98	87	9	5	48	58	11	70	65	75	45	92	13	10	62	72	49	74	26	45	74	79	57	20	2	46	7	79	58	27	53	3	82	17	94	68	36	52	57	72	69	77	74	40	63	19	13	78	24	4	62	48	34	76	29	57	13	7	-1	69	60	69	50	65	63	10	36	55	100	13	49	67	16	5	65	40	38	56	8	64	56	48	26	60	86	58	71	70	29	84	58	56	58	77	45	7	80	89	71	92	
8	76	78	60	77	9	9	48	33	21	54	92	89	49	29	46	39	71	76	96	91	86	65	46	42	67	67	42	90	12	90	55	93	71	91	52	40	17	18	44	70	81	32	34	81	94	86	21	79	13	12	42	91	30	63	13	58	67	69	-1	80	30	33	6	68	30	41	48	61	41	23	64	32	22	72	8	67	5	17	12	29	64	10	36	44	55	43	23	26	80	63	88	24	11	70	40	29	8	6	93	
56	71	69	42	91	49	79	47	28	74	30	80	67	90	31	32	41	51	99	81	25	57	34	20	21	88	81	30	1	75	75	22	22	100	10	25	6	8	4	85	8	91	19	88	37	67	99	38	25	65	93	68	12	51	1	27	47	91	60	80	-1	39	82	22	13	5	8	39	70	9	42	44	85	94	70	68	80	92	12	9	44	59	87	55	35	62	36	45	46	60	48	3	2	76	53	97	24	29	1	91	
36	100	50	62	47	77	57	11	63	10	5	92	35	52	71	5	84	94	67	40	13	30	80	74	87	95	77	13	47	59	48	74	34	91	62	85	69	42	44	56	6	4	35	89	82	52	78	82	23	12	6	49	79	78	62	40	15	71	69	30	39	-1	43	56	63	13	61	30	18	77	40	72	95	98	30	60	33	35	95	48	91	97	95	74	6	50	48	44	71	31	36	41	55	34	98	48	41	7	9	55	
79	28	96	100	89	18	78	97	46	59	93	21	87	33	6	31	61	28	34	14	58	40	3	22	7	66	55	6	3	63	20	38	6	74	19	55	7	25	13	82	70	68	99	63	36	73	17	66	42	81	79	85	39	82	90	27	40	45	50	33	82	43	-1	8	60	13	55	86	23	70	21	96	65	50	8	63	55	19	98	93	3	85	44	16	65	85	58	4	51	19	25	80	71	27	71	95	10	6	8	3	
40	73	68	48	89	45	2	99	42	40	36	1	37	58	62	65	1	50	27	96	87	3	55	36	24	45	6	34	32	84	74	99	16	61	91	68	65	57	15	88	48	7	88	39	57	28	2	12	10	79	61	80	89	22	1	11	32	57	65	6	22	56	8	-1	52	47	55	6	42	56	65	39	11	15	71	75	28	8	78	12	98	36	82	74	60	34	28	88	72	74	28	53	30	39	33	67	12	6	16	80	
76	14	27	86	20	26	2	32	63	36	76	3	32	62	60	83	81	30	60	8	10	93	59	54	16	18	88	74	21	86	51	100	34	79	83	21	54	49	54	97	37	17	82	14	20	26	70	76	85	45	32	13	37	53	43	6	96	88	63	68	13	63	60	52	-1	9	11	39	16	40	70	55	2	30	26	47	47	51	80	27	38	58	52	91	76	99	67	92	44	61	41	97	38	55	17	14	22	16	97	85	
87	18	21	95	67	23	68	43	95	90	18	53	64	32	36	53	78	16	49	23	33	50	98	4	100	72	66	47	56	66	38	53	34	81	91	46	35	66	97	45	64	92	33	28	34	88	94	21	95	3	31	98	87	62	89	3	87	33	10	30	5	13	13	47	9	-1	22	47	100	21	79	56	25	84	12	71	37	59	31	80	56	19	94	68	56	10	81	23	55	100	8	23	50	71	88	15	37	57	57	23	
44	98	42	16	77	45	96	10	13	39	42	80	26	65	89	67	11	15	21	21	57	33	98	43	28	94	78	74	37	58	67	54	40	59	65	16	36	73	21	26	90	1	97	86	20	95	34	23	15	38	32	77	73	73	96	21	79	9	36	41	8	61	55	55	11	22	-1	17	61	62	59	36	19	72	95	88	60	32	34	10	49	24	18	16	14	32	3	1	38	77	45	32	25	53	7	100	38	88	53	98	
34	51	34	49	48	25	2	89	58	77	71	85	92	67	21	54	3	37	59	30	96	81	43	51	2	25	11	99	27	25	55	77	60	51	30	96	70	82	10	45	11	9	70	50	75	78	19	62	4	99	52	31	77	84	44	57	84	18	55	48	39	30	86	6	39	47	17	-1	43	63	34	35	86	59	83	76	24	12	6	55	47	87	42	52	16	16	65	75	75	44	80	88	31	46	60	32	48	25	13	74	
58	34	46	87	17	39	50	82	37	62	13	10	71	86	30	39	92	12	93	35	58	77	67	95	33	82	12	30	41	53	39	40	86	58	100	44	35	90	84	76	70	78	49	49	5	53	86	8	91	66	27	2	12	31	90	1	44	46	100	61	70	18	23	42	16	100	61	43	-1	23	9	15	75	79	77	54	73	33	92	86	42	83	75	63	95	12	7	19	58	75	14	73	37	25	20	17	28	35	6	66	
69	94	17	19	8	25	47	14	19	52	1	52	24	38	1	71	74	78	68	22	46	26	96	43	29	98	6	97	74	86	37	67	32	73	38	84	32	7	2	94	72	40	11	39	40	15	30	78	31	36	66	36	89	3	17	88	59	13	13	41	9	77	70	56	40	21	62	63	23	-1	10	5	86	10	23	28	62	48	12	78	85	38	71	19	79	90	73	10	63	38	1	98	27	63	23	58	4	66	21	16	
83	51	14	81	70	55	100	91	48	66	33	34	53	27	58	52	5	67	20	1	64	72	51	1	84	51	67	68	85	24	87	42	50	24	35	8	36	75	36	13	40	65	43	70	86	82	1	92	48	95	1	31	29	84	90	99	7	61	49	23	42	40	21	65	70	79	59	34	9	10	-1	12	36	29	5	28	4	55	59	57	98	84	3	80	35	51	57	32	90	74	6	33	13	5	72	59	76	23	32	93	
14	42	66	84	15	95	75	83	22	6	26	95	75	100	84	26	93	36	70	61	47	15	19	59	5	53	9	49	7	40	15	29	77	100	34	40	63	81	87	42	63	62	27	17	66	1	88	59	26	5	77	77	37	17	99	90	81	19	67	64	44	72	96	39	55	56	36	35	15	5	12	-1	33	93	37	22	100	51	91	28	85	59	34	7	64	13	100	32	88	1	92	35	56	47	72	49	2	12	58	26	
46	27	43	63	69	48	41	82	42	60	88	41	10	53	77	67	75	32	54	24	94	29	80	33	32	20	5	84	49	86	33	43	53	4	7	8	56	20	21	1	7	98	19	20	64	39	27	33	85	53	97	11	4	32	58	41	32	92	16	32	85	95	65	11	2	25	19	86	75	86	36	33	-1	64	71	98	26	47	71	79	26	66	56	47	58	84	36	12	60	90	83	77	71	19	85	88	22	4	39	37	
81	43	9	26	6	44	95	10	95	97	81	57	92	67	96	91	83	79	59	63	42	16	14	75	82	55	59	43	35	69	67	64	8	66	80	98	5	96	60	32	89	65	21	13	88	85	52	16	58	82	4	10	87	30	36	45	88	26	5	22	94	98	50	15	30	84	72	59	79	10	29	93	64	-1	95	73	12	10	7	5	34	20	30	19	59	55	74	57	21	38	49	6	30	49	36	78	71	58	23	53	
71	37	84	99	52	8	32	46	40	83	89	18	91	97	78	93	92	83	26	2	13	81	34	6	93	16	60	25	15	3	41	86	72	41	57	100	47	97	53	55	41	43	59	82	56	62	68	23	34	29	10	65	53	78	55	25	41	90	65	72	70	30	8	71	26	12	95	83	77	23	5	37	71	95	-1	15	73	65	73	55	35	78	67	41	89	24	28	69	15	22	95	6	7	60	62	81	78	83	30	63	
75	50	90	86	81	61	76	67	87	70	38	34	40	27	1	23	17	57	49	52	52	68	71	21	79	75	83	9	27	17	23	17	62	40	100	56	13	55	7	23	66	30	28	34	22	72	52	21	100	93	16	27	18	81	83	49	71	86	40	8	68	60	63	75	47	71	88	76	54	28	28	22	98	73	15	-1	37	87	63	52	15	58	60	12	7	42	91	61	91	23	68	73	52	67	27	30	9	70	95	39	
67	30	26	80	1	36	25	95	8	63	31	44	57	52	17	89	22	39	54	45	20	76	60	71	77	26	53	13	63	16	72	14	81	70	53	10	37	63	52	58	45	100	25	66	70	70	62	3	99	1	43	5	62	27	94	85	82	67	38	67	80	33	55	28	47	37	60	24	73	62	4	100	26	12	73	37	-1	48	10	21	36	96	94	41	69	64	36	91	59	36	41	48	43	18	100	15	55	78	11	31	
51	56	27	4	43	24	47	77	48	73	3	72	40	52	23	36	79	32	29	24	95	55	99	7	96	98	91	20	66	17	36	69	89	76	31	88	76	24	96	55	17	85	28	25	43	57	100	45	3	5	93	53	43	12	5	40	75	94	56	5	92	35	19	8	51	59	32	12	33	48	55	51	47	10	65	87	48	-1	34	85	93	50	100	51	26	84	30	19	89	32	11	73	7	99	95	86	49	43	87	58	
2	44	8	62	84	1	59	40	50	47	75	25	66	45	26	72	61	39	90	32	91	23	32	100	43	50	70	31	36	64	15	89	12	69	37	19	20	32	60	98	39	55	10	29	45	9	70	63	80	9	26	55	32	19	79	76	35	18	8	17	12	95	98	78	80	31	34	6	92	12	59	91	71	7	73	63	10	34	-1	83	33	17	62	18	57	29	46	35	53	92	10	65	33	87	33	66	30	28	31	28	
15	19	23	25	33	66	81	39	64	55	33	5	30	77	10	91	79	33	55	2	28	42	86	99	58	11	17	21	25	81	25	13	67	28	76	62	36	30	99	58	78	24	47	59	99	68	23	42	2	92	59	5	87	19	28	1	8	26	64	12	9	48	93	12	27	80	10	55	86	78	57	28	79	5	55	52	21	85	83	-1	22	29	35	26	3	97	55	84	50	96	67	86	69	25	67	17	84	97	65	50	
52	38	97	4	100	10	27	68	14	41	86	19	32	15	96	31	27	34	67	24	82	83	65	9	92	13	13	81	10	56	22	93	7	16	83	89	28	91	10	25	10	41	42	35	51	26	36	42	50	1	44	84	11	25	49	47	15	75	56	29	44	91	3	98	38	56	49	47	42	85	98	85	26	34	35	15	36	93	33	22	-1	37	25	14	49	39	32	4	49	76	64	19	69	69	70	60	82	97	12	91	
71	55	57	61	90	97	24	28	27	39	70	14	15	69	20	26	76	97	32	18	54	99	70	6	29	47	20	96	27	56	51	28	86	19	62	80	2	63	71	31	81	95	68	40	70	19	48	49	36	82	31	11	1	45	29	40	36	27	48	64	59	97	85	36	58	19	24	87	83	38	84	59	66	20	78	58	96	50	17	29	37	-1	78	36	70	96	72	23	99	53	85	89	9	54	95	96	59	48	47	20	
10	95	59	38	90	64	6	20	89	14	100	17	61	23	62	86	96	78	10	73	81	97	37	55	18	10	70	95	96	20	61	62	46	8	99	38	85	80	100	10	3	3	18	74	64	91	5	47	73	70	21	6	4	83	38	9	12	19	26	10	87	95	44	82	52	94	18	42	75	71	3	34	56	30	67	60	94	100	62	35	25	78	-1	66	50	56	7	74	61	14	14	15	39	89	94	51	46	98	51	90	
55	82	79	21	55	8	98	43	67	70	77	52	17	63	49	55	34	74	12	72	56	95	8	53	38	97	23	36	42	37	68	64	6	29	60	11	3	43	82	22	11	42	9	99	90	98	38	6	27	16	1	66	44	26	59	75	37	8	60	36	55	74	16	74	91	68	16	52	63	19	80	7	47	19	41	12	41	51	18	26	14	36	66	-1	66	79	97	19	44	13	56	72	12	57	13	62	30	96	21	17	
17	98	95	77	62	41	86	98	63	38	12	28	37	51	43	94	68	42	87	79	86	96	10	10	1	77	72	99	67	4	91	14	40	30	82	9	7	54	60	30	75	48	35	30	87	96	51	85	40	1	35	48	22	69	51	25	99	16	86	44	35	6	65	60	76	56	14	16	95	79	35	64	58	59	89	7	69	26	57	3	49	70	50	66	-1	84	88	46	79	60	76	48	67	16	13	50	75	5	22	32	
47	87	43	17	65	18	60	23	7	41	78	44	58	49	68	62	14	6	40	76	61	14	41	21	79	4	73	66	72	57	97	8	55	70	12	89	46	39	37	8	61	62	95	42	35	67	54	8	61	83	8	25	37	9	46	76	24	30	58	55	62	50	85	34	99	10	32	16	12	90	51	13	84	55	24	42	64	84	29	97	39	96	56	79	84	-1	31	39	100	4	42	29	31	92	23	21	17	17	48	79	
19	33	65	73	67	48	37	46	52	37	20	10	12	14	4	90	4	79	63	68	97	83	89	6	82	92	53	59	1	83	18	46	82	14	58	52	34	25	17	98	36	45	29	28	71	91	10	3	92	25	47	99	76	37	34	20	30	49	71	43	36	48	58	28	67	81	3	65	7	73	57	100	36	74	28	91	36	30	46	55	32	72	7	97	88	31	-1	72	10	10	95	30	94	6	20	67	28	94	10	43	
23	96	80	40	24	92	68	64	78	53	23	56	13	96	67	21	61	98	2	65	53	30	49	23	57	18	59	2	49	6	8	36	98	11	23	20	67	34	9	56	45	70	51	86	17	34	48	46	53	17	51	12	17	30	50	21	65	40	70	23	45	44	4	88	92	23	1	75	19	10	32	32	12	57	69	61	91	19	35	84	4	23	74	19	46	39	72	-1	28	82	82	88	78	97	33	18	95	35	58	1	
12	43	96	95	18	9	12	88	30	58	4	63	91	27	22	23	35	77	52	94	67	9	10	66	41	51	43	86	90	62	73	82	27	27	96	99	30	13	69	4	52	100	32	64	55	63	45	62	19	55	9	97	33	23	60	89	67	93	29	26	46	71	51	72	44	55	38	75	58	63	90	88	60	21	15	91	59	89	53	50	49	99	61	44	79	100	10	28	-1	93	61	48	71	72	43	75	19	10	92	90	
18	44	1	27	97	46	40	97	85	96	47	29	42	75	33	45	44	13	8	7	93	31	28	85	17	70	20	20	34	7	32	54	86	67	80	83	69	93	19	40	65	9	53	55	78	6	75	29	46	10	92	68	60	51	75	65	98	8	84	80	60	31	19	74	61	100	77	44	75	38	74	1	90	38	22	23	36	32	92	96	76	53	14	13	60	4	10	82	93	-1	57	54	63	9	3	61	93	99	19	65	
30	84	36	83	3	3	54	98	26	7	29	84	4	99	69	67	20	6	3	59	1	28	98	83	6	80	21	14	30	52	82	71	41	72	43	36	13	14	3	7	78	20	42	36	78	95	25	42	33	38	25	13	62	77	1	3	11	5	58	63	48	36	25	28	41	8	45	80	14	1	6	92	83	49	95	68	41	11	10	67	64	85	14	56	76	42	95	82	61	57	-1	58	95	46	39	85	42	96	30	46	
32	9	39	65	74	76	96	10	7	68	11	6	11	88	47	24	49	69	35	53	64	49	100	20	46	60	5	67	86	6	19	64	21	77	87	42	95	95	48	60	21	24	34	71	88	56	58	19	44	33	18	80	67	94	78	65	68	9	56	88	3	41	80	53	97	23	32	88	73	98	33	35	77	6	6	73	48	73	65	86	19	89	15	72	48	29	30	88	48	54	58	-1	52	92	84	10	73	35	21	50	
57	48	50	75	24	84	91	59	29	19	43	98	6	37	43	83	8	31	22	24	1	33	16	28	37	81	49	8	52	28	36	76	80	73	52	95	54	86	37	70	25	27	82	68	86	19	46	4	4	93	92	83	100	45	68	72	70	79	58	24	2	55	71	30	38	50	25	31	37	27	13	56	71	30	7	52	43	7	33	69	69	9	39	12	67	31	94	78	71	63	95	52	-1	66	85	38	43	88	28	75	
82	41	16	87	69	9	15	41	19	15	7	94	71	63	100	58	18	34	50	22	42	76	97	70	12	8	50	76	34	2	76	84	81	57	88	94	75	76	15	67	86	51	38	18	67	56	83	91	25	33	100	43	12	91	56	45	42	58	77	11	76	34	27	39	55	71	53	46	25	63	5	47	19	49	60	67	18	99	87	25	69	54	89	57	16	92	6	97	72	9	46	92	66	-1	2	99	3	16	50	34	
72	86	3	73	62	90	85	46	75	71	61	17	8	14	10	58	40	69	79	16	50	85	45	98	91	14	40	89	92	97	12	28	68	24	2	16	4	52	10	60	75	90	54	37	75	90	84	60	6	42	27	7	91	66	5	16	36	35	45	70	53	98	71	33	17	88	7	60	20	23	72	72	85	36	62	27	100	95	33	67	70	95	94	13	13	23	20	33	43	3	39	84	85	2	-1	1	4	27	54	10	
33	83	65	43	92	79	82	83	30	43	30	72	54	64	21	73	29	44	59	28	96	68	5	10	20	41	76	65	45	46	88	39	66	36	94	84	95	3	99	42	85	5	91	9	80	52	91	23	78	73	29	41	93	75	92	59	98	99	7	40	97	48	95	67	14	15	100	32	17	58	59	49	88	78	81	30	15	86	66	17	60	96	51	62	50	21	67	18	75	61	85	10	38	99	1	-1	27	53	84	21	
43	95	75	81	42	66	64	72	27	45	8	2	29	10	51	86	83	41	54	63	12	80	72	53	88	62	72	12	7	66	23	15	64	34	21	97	38	93	87	59	98	98	86	29	82	59	63	47	42	18	60	82	18	69	27	91	85	11	80	29	24	41	10	12	22	37	38	48	28	4	76	2	22	71	78	9	55	49	30	84	82	59	46	30	75	17	28	95	19	93	42	73	43	3	4	27	-1	11	32	64	
39	18	68	93	49	51	53	97	56	4	3	18	93	70	95	88	34	15	61	69	75	56	78	32	77	54	71	95	78	24	96	29	75	53	22	3	14	81	83	29	32	12	64	10	30	75	65	19	21	58	99	7	85	11	27	23	39	44	89	8	29	7	6	6	16	57	88	25	35	66	23	12	4	58	83	70	78	43	28	97	97	48	98	96	5	17	94	35	10	99	96	35	88	16	27	53	11	-1	76	77	
22	50	91	65	65	66	86	95	1	84	69	62	96	77	1	41	43	99	85	32	67	56	29	72	23	92	16	1	58	55	35	91	54	48	24	79	27	75	35	97	25	21	20	28	34	9	68	9	90	67	47	9	65	15	87	16	63	69	71	6	1	9	8	16	97	57	53	13	6	21	32	58	39	23	30	95	11	87	31	65	12	47	51	21	22	48	10	58	92	19	30	21	28	50	54	84	32	76	-1	59	
15	54	80	72	65	6	97	97	29	15	21	33	24	49	72	46	74	86	71	60	42	51	80	27	35	57	4	90	88	62	1	11	46	91	11	68	44	86	90	66	33	18	66	89	65	70	44	73	23	32	20	26	51	13	74	26	64	5	92	93	91	55	3	80	85	23	98	74	66	16	93	26	37	53	63	39	31	58	28	50	91	20	90	17	32	79	43	1	90	65	46	50	75	34	10	21	64	77	59	-1	
