100
-1	30	13	62	11	56	86	8	56	56	88	99	53	73	14	95	64	51	15	69	58	5	47	81	1	61	16	20	65	54	10	59	45	45	74	20	87	72	69	88	23	75	37	16	64	12	60	75	30	88	5	52	57	2	11	72	3	55	51	67	28	19	42	55	95	95	63	29	62	87	81	71	78	59	28	26	96	80	53	13	47	40	31	30	2	10	17	59	69	86	97	99	19	85	45	70	59	32	16	50	
30	-1	44	62	31	59	44	99	10	14	96	54	81	9	69	95	82	58	43	18	52	30	82	98	41	12	4	13	36	46	1	15	42	73	80	49	18	35	31	64	42	22	18	74	24	80	72	84	57	66	90	73	69	29	76	78	47	37	53	51	26	72	8	80	64	23	20	91	42	99	97	93	60	99	48	99	91	24	54	12	68	77	96	12	43	12	5	86	59	36	38	38	55	24	54	68	14	61	50	89	
13	44	-1	95	63	28	67	49	54	44	82	85	90	61	58	72	15	16	98	82	19	78	24	98	36	37	70	24	55	93	27	73	73	59	30	98	28	54	74	100	33	68	31	38	7	30	39	67	68	40	84	54	2	91	33	99	97	61	36	96	71	42	48	28	17	7	31	66	68	31	9	53	10	49	45	43	21	17	50	36	92	62	46	56	1	88	64	71	11	93	48	59	58	29	60	15	11	22	63	76	
62	62	95	-1	48	1	8	93	59	54	48	55	26	62	24	32	7	47	83	43	1	4	71	69	3	18	73	34	18	74	34	15	77	3	87	98	76	22	48	79	90	57	21	90	65	93	37	93	65	27	20	3	68	29	18	29	27	92	72	68	37	80	15	51	2	20	59	34	49	44	49	51	42	60	68	93	65	57	68	30	19	74	4	81	56	33	78	95	40	38	61	1	14	73	22	91	65	75	86	76	
11	31	63	48	-1	69	65	98	94	51	76	52	35	32	24	42	3	51	91	76	88	27	45	95	24	98	54	47	70	65	95	12	84	56	77	4	82	66	6	96	71	88	17	58	16	93	80	86	49	46	92	31	24	67	8	20	19	86	34	94	6	53	79	89	21	86	6	70	34	75	38	83	54	91	99	97	32	84	66	5	47	85	87	22	90	70	60	14	24	90	83	59	69	96	41	56	38	39	73	100	
56	59	28	1	69	-1	48	87	23	2	31	95	41	2	40	29	73	42	89	14	93	29	45	18	83	76	32	96	69	54	79	53	84	29	51	27	32	34	26	72	39	77	31	100	1	64	59	96	51	18	16	83	62	15	41	6	19	47	46	86	100	14	53	4	66	98	53	30	1	66	6	49	19	1	97	6	1	32	34	73	66	89	39	34	81	77	31	10	26	10	78	10	88	36	66	77	29	56	15	92	
86	44	67	8	65	48	-1	73	87	51	22	15	10	14	46	38	46	40	28	3	22	54	13	12	94	90	58	81	18	89	83	44	67	59	13	2	42	54	26	72	39	18	6	99	11	13	50	44	33	45	45	2	89	66	63	81	75	90	89	51	3	82	52	85	52	95	38	69	98	96	38	29	90	94	3	63	89	38	15	86	50	13	24	23	40	58	60	53	15	63	65	22	32	37	31	99	55	38	93	66	
8	99	49	93	98	87	73	-1	8	79	5	78	1	27	96	50	100	9	38	38	72	5	13	78	60	90	44	64	3	42	26	96	17	51	63	42	99	44	2	80	97	23	36	53	88	57	14	61	74	27	77	6	68	40	77	98	80	70	23	18	18	46	58	66	76	26	28	6	64	30	2	88	33	86	33	95	58	25	39	12	18	99	61	67	97	66	62	36	34	47	69	54	61	28	34	76	34	13	66	54	
56	10	54	59	94	23	87	8	-1	55	75	15	51	19	78	6	48	76	26	64	75	10	49	51	69	76	92	66	96	66	84	86	17	60	66	6	58	58	37	89	83	100	87	79	18	36	15	89	88	62	89	37	6	35	78	2	63	45	25	95	6	93	22	14	56	30	2	46	27	18	8	69	66	18	67	76	56	39	27	88	30	62	68	83	84	20	29	5	3	67	29	47	74	39	80	85	53	80	72	71	
56	14	44	54	51	2	51	79	55	-1	89	30	73	47	36	18	46	44	56	89	88	2	96	79	13	12	70	34	26	86	43	62	33	29	31	3	86	3	60	41	38	79	66	15	28	61	40	100	48	66	21	21	85	2	72	75	68	50	84	16	69	96	80	80	92	100	30	90	48	36	3	2	26	24	3	1	82	16	53	87	62	73	48	44	47	86	15	31	39	3	94	83	39	91	74	86	22	66	8	47	
88	96	82	48	76	31	22	5	75	89	-1	55	49	40	74	24	68	28	23	18	48	90	95	98	47	17	42	17	21	88	58	60	61	24	22	59	23	61	75	4	50	54	27	70	40	68	30	78	25	92	58	32	62	68	97	3	87	96	38	47	3	21	53	95	94	49	66	98	44	72	64	8	24	47	57	1	75	51	30	66	94	97	89	1	56	43	53	10	69	37	97	38	32	16	71	30	92	67	51	3	
99	54	85	55	52	95	15	78	15	30	55	-1	6	85	28	5	76	82	6	5	48	93	25	92	82	65	73	8	100	39	50	89	25	47	90	96	68	43	29	55	58	24	20	98	25	6	97	24	6	10	49	77	57	66	55	86	55	73	9	53	25	47	33	99	63	19	30	11	7	8	94	13	76	25	26	87	49	80	96	23	2	32	36	29	61	45	90	46	20	49	2	77	62	1	69	93	43	1	4	83	
53	81	90	26	35	41	10	1	51	73	49	6	-1	78	56	95	81	14	89	28	19	26	55	36	53	96	40	56	50	87	75	15	91	37	40	64	67	77	31	83	57	42	57	5	55	3	98	52	26	88	62	91	85	4	18	21	62	73	42	39	39	61	5	81	6	14	84	50	87	65	42	91	33	82	39	100	83	75	20	72	48	66	2	90	58	28	55	81	27	63	1	93	40	42	16	58	1	39	35	84	
73	9	61	62	32	2	14	27	19	47	40	85	78	-1	50	54	6	32	97	36	54	99	99	55	40	55	71	60	59	6	84	8	92	29	51	15	99	25	77	18	35	6	19	20	66	72	74	72	98	70	47	29	28	15	84	61	47	27	84	34	99	26	25	22	22	80	31	26	70	92	83	13	49	14	57	78	73	51	62	11	68	27	82	95	71	74	93	19	1	66	34	68	78	80	21	12	77	96	93	6	
14	69	58	24	24	40	46	96	78	36	74	28	56	50	-1	3	18	5	15	85	22	81	47	4	40	55	99	94	44	23	24	16	36	26	47	30	12	98	22	70	69	54	88	57	69	27	85	74	38	32	44	8	65	14	84	90	61	11	24	29	28	23	82	46	40	100	67	33	94	14	77	33	39	18	21	65	12	49	5	42	24	67	52	86	68	8	53	21	10	29	10	97	68	95	23	35	99	2	30	79	
95	95	72	32	42	29	38	50	6	18	24	5	95	54	3	-1	31	16	87	85	6	88	86	74	65	1	92	25	94	90	60	87	78	44	75	3	60	89	82	54	83	15	78	5	29	68	19	73	100	32	30	56	93	81	53	96	87	25	89	21	1	57	14	18	100	29	80	29	55	48	90	95	79	85	98	2	57	14	88	89	1	16	28	35	69	92	61	75	67	52	52	19	44	73	35	57	97	35	86	79	
64	82	15	7	3	73	46	100	48	46	68	76	81	6	18	31	-1	14	41	91	86	20	71	81	87	83	65	16	3	61	54	91	25	70	61	78	63	12	79	84	91	56	53	36	14	58	27	20	20	62	12	70	61	63	64	6	47	80	56	19	1	93	58	70	56	43	77	8	44	91	29	11	33	52	21	63	74	91	96	97	70	34	22	77	89	20	85	37	17	64	72	77	29	72	66	4	38	76	66	83	
51	58	16	47	51	42	40	9	76	44	28	82	14	32	5	16	14	-1	41	96	86	36	88	82	82	66	21	99	30	79	3	71	6	30	45	94	17	86	20	22	68	70	45	59	48	47	4	30	6	3	79	74	30	43	94	70	51	88	10	6	46	77	76	20	76	11	75	46	4	13	34	51	52	42	35	42	35	66	74	73	17	68	54	97	70	69	1	49	88	72	3	62	86	83	37	70	61	70	89	59	
15	43	98	83	91	89	28	38	26	56	23	6	89	97	15	87	41	41	-1	82	94	21	86	4	38	95	99	84	13	52	48	62	42	98	62	73	64	82	95	66	32	58	40	25	73	49	17	96	86	73	42	20	22	29	72	21	32	55	33	14	88	98	4	17	90	10	57	72	61	97	19	99	75	8	71	60	39	66	64	29	39	45	95	13	35	64	93	6	1	81	34	73	7	87	65	38	70	32	25	57	
69	18	82	43	76	14	3	38	64	89	18	5	28	36	85	85	91	96	82	-1	8	57	10	18	41	21	41	89	53	90	55	21	41	61	73	81	26	45	72	11	18	43	55	37	66	20	93	22	48	70	67	50	38	96	31	60	38	100	98	99	39	14	44	10	36	15	57	45	100	15	77	97	57	79	99	43	81	49	63	48	14	1	78	99	29	32	15	43	38	23	75	10	33	82	84	47	32	69	50	16	
58	52	19	1	88	93	22	72	75	88	48	48	19	54	22	6	86	86	94	8	-1	43	35	46	71	56	66	35	22	12	42	53	36	62	5	71	78	11	2	42	30	13	96	100	67	23	58	78	89	41	57	80	35	93	89	60	49	85	15	14	3	40	91	80	87	50	2	22	61	94	66	59	62	99	36	56	77	14	93	32	46	35	45	69	68	68	77	6	64	82	44	17	4	23	7	7	80	4	43	94	
5	30	78	4	27	29	54	5	10	2	90	93	26	99	81	88	20	36	21	57	43	-1	48	72	35	26	21	68	59	83	45	52	25	58	33	54	6	23	49	38	86	45	55	82	35	80	11	70	87	67	3	43	53	8	65	55	39	40	41	52	85	15	97	43	76	13	78	70	47	42	1	18	26	80	74	53	77	62	68	42	47	99	92	90	25	75	34	33	64	41	62	20	70	6	95	65	23	89	90	56	
47	82	24	71	45	45	13	13	49	96	95	25	55	99	47	86	71	88	86	10	35	48	-1	50	19	77	39	55	85	86	94	30	15	13	77	23	56	92	67	20	67	6	81	79	8	3	70	73	100	91	88	30	57	20	14	25	1	92	87	22	12	65	39	86	81	16	33	7	89	95	93	41	42	26	87	8	94	28	3	59	38	99	54	44	26	97	14	93	26	22	21	95	50	66	19	45	57	37	13	74	
81	98	98	69	95	18	12	78	51	79	98	92	36	55	4	74	81	82	4	18	46	72	50	-1	99	67	52	55	18	69	23	63	94	13	48	92	11	97	97	39	79	95	90	6	23	4	57	57	99	86	30	6	34	98	40	86	54	90	96	33	3	67	9	39	77	47	67	76	5	56	28	33	41	36	76	56	46	36	23	86	62	35	68	6	57	21	16	93	33	23	9	88	94	85	49	53	51	60	26	15	
1	41	36	3	24	83	94	60	69	13	47	82	53	40	40	65	87	82	38	41	71	35	19	99	-1	61	73	7	71	43	47	70	3	39	81	27	72	52	68	30	21	65	17	60	96	53	2	71	28	83	13	95	42	63	31	16	84	45	11	9	81	22	41	6	10	70	92	65	28	89	49	74	59	84	95	72	18	73	8	99	37	13	5	79	28	74	13	65	96	81	90	96	78	94	69	47	10	61	19	78	
61	12	37	18	98	76	90	90	76	12	17	65	96	55	55	1	83	66	95	21	56	26	77	67	61	-1	22	31	59	93	68	34	58	4	1	94	100	3	67	89	73	53	19	11	40	96	31	17	95	7	64	10	95	21	75	31	41	56	5	49	17	47	95	25	2	20	39	55	51	32	69	6	28	14	13	47	23	71	9	87	4	35	93	30	100	91	9	86	30	40	83	17	92	93	30	86	87	68	14	5	
16	4	70	73	54	32	58	44	92	70	42	73	40	71	99	92	65	21	99	41	66	21	39	52	73	22	-1	7	95	72	49	38	44	24	93	19	45	50	58	23	14	74	24	35	19	56	87	55	51	14	16	26	85	27	11	34	12	28	63	98	70	68	25	3	72	90	70	27	74	77	12	20	69	35	33	100	96	27	57	11	27	11	69	13	49	11	48	90	64	65	94	60	99	21	35	48	11	29	1	27	
20	13	24	34	47	96	81	64	66	34	17	8	56	60	94	25	16	99	84	89	35	68	55	55	7	31	7	-1	78	20	25	58	36	56	72	7	15	39	40	86	22	38	40	53	35	45	1	68	21	71	66	11	24	99	2	96	56	49	23	43	13	41	67	61	35	4	31	45	34	76	74	37	70	47	67	56	33	63	65	70	89	36	22	13	19	5	76	95	82	16	44	44	64	73	59	81	99	1	74	81	
65	36	55	18	70	69	18	3	96	26	21	100	50	59	44	94	3	30	13	53	22	59	85	18	71	59	95	78	-1	74	30	81	7	57	9	28	84	94	31	92	30	98	42	47	5	23	13	90	90	83	40	75	9	49	87	20	67	14	85	6	27	27	89	13	72	49	82	39	36	2	54	95	44	54	23	32	72	40	65	10	19	66	91	9	63	85	57	83	90	78	17	71	40	13	49	43	69	64	76	29	
54	46	93	74	65	54	89	42	66	86	88	39	87	6	23	90	61	79	52	90	12	83	86	69	43	93	72	20	74	-1	29	72	40	6	98	15	96	42	9	10	42	20	85	54	55	41	76	88	25	83	90	5	45	88	55	85	41	39	61	65	56	30	18	90	69	84	46	87	4	17	24	32	59	31	13	89	73	40	62	43	37	70	32	29	100	50	53	29	66	52	76	32	38	17	75	3	21	10	31	92	
10	1	27	34	95	79	83	26	84	43	58	50	75	84	24	60	54	3	48	55	42	45	94	23	47	68	49	25	30	29	-1	5	68	2	12	70	44	29	90	72	85	13	60	75	56	7	61	68	24	88	63	28	62	66	29	25	2	48	23	11	91	62	1	77	51	73	81	97	15	16	29	66	93	67	89	59	42	3	28	23	83	66	37	3	75	48	100	43	75	98	30	96	24	6	33	89	59	48	76	97	
59	15	73	15	12	53	44	96	86	62	60	89	15	8	16	87	91	71	62	21	53	52	30	63	70	34	38	58	81	72	5	-1	27	23	58	53	92	6	73	11	20	4	44	90	10	35	1	98	48	65	73	66	65	60	37	32	28	59	90	57	96	76	91	2	52	21	13	54	77	58	23	89	73	19	68	13	26	17	38	63	68	90	24	91	43	87	86	79	16	14	59	89	69	91	27	8	19	82	11	9	
45	42	73	77	84	84	67	17	17	33	61	25	91	92	36	78	25	6	42	41	36	25	15	94	3	58	44	36	7	40	68	27	-1	24	93	17	23	74	87	8	59	95	86	92	12	9	53	45	34	83	70	54	33	56	90	36	41	27	36	80	83	84	34	18	42	15	61	30	43	86	9	88	46	52	21	10	66	35	20	77	31	5	49	81	61	7	67	73	24	29	63	79	66	90	6	15	1	35	89	2	
45	73	59	3	56	29	59	51	60	29	24	47	37	29	26	44	70	30	98	61	62	58	13	13	39	4	24	56	57	6	2	23	24	-1	50	30	80	48	12	41	51	6	49	71	11	42	69	66	40	12	1	18	89	66	39	4	73	18	98	38	81	34	17	15	54	9	15	54	56	12	82	16	47	55	52	65	45	13	93	66	40	49	23	64	25	95	2	60	77	91	91	88	43	24	75	21	35	55	80	57	
74	80	30	87	77	51	13	63	66	31	22	90	40	51	47	75	61	45	62	73	5	33	77	48	81	1	93	72	9	98	12	58	93	50	-1	53	85	100	30	57	69	73	84	66	79	64	76	88	66	36	42	74	25	17	72	27	24	57	55	69	75	47	33	96	12	55	99	20	85	30	54	9	88	74	61	82	74	95	45	68	33	87	39	96	98	76	61	60	75	48	79	62	37	25	32	45	84	21	33	64	
20	49	98	98	4	27	2	42	6	3	59	96	64	15	30	3	78	94	73	81	71	54	23	92	27	94	19	7	28	15	70	53	17	30	53	-1	49	55	26	44	20	60	43	62	52	57	92	77	20	58	36	80	43	22	86	19	34	15	25	22	1	53	78	67	7	62	31	86	61	81	58	77	74	3	43	69	48	37	46	21	98	99	36	41	1	52	84	28	59	20	81	10	42	62	34	93	81	30	24	16	
87	18	28	76	82	32	42	99	58	86	23	68	67	99	12	60	63	17	64	26	78	6	56	11	72	100	45	15	84	96	44	92	23	80	85	49	-1	90	30	7	5	52	43	60	95	9	74	74	55	31	35	64	92	98	50	26	20	69	85	58	81	54	69	40	27	43	48	69	48	50	47	33	66	27	91	51	92	5	97	21	8	22	54	72	3	8	52	29	42	20	7	61	87	40	15	10	94	91	78	78	
72	35	54	22	66	34	54	44	58	3	61	43	77	25	98	89	12	86	82	45	11	23	92	97	52	3	50	39	94	42	29	6	74	48	100	55	90	-1	2	75	60	71	14	36	64	32	77	83	54	3	22	69	52	35	44	85	82	16	18	64	53	13	4	60	85	62	21	22	14	22	56	44	84	66	13	13	79	6	57	39	77	43	84	3	61	18	42	71	47	16	16	53	93	35	9	50	26	56	21	69	
69	31	74	48	6	26	26	2	37	60	75	29	31	77	22	82	79	20	95	72	2	49	67	97	68	67	58	40	31	9	90	73	87	12	30	26	30	2	-1	21	93	56	20	93	33	33	28	22	69	5	53	22	6	59	56	80	44	22	85	13	1	17	71	97	98	33	30	69	97	76	95	71	44	5	49	5	65	64	47	17	11	84	53	92	95	90	88	46	26	35	31	94	46	12	2	10	3	9	72	61	
88	64	100	79	96	72	72	80	89	41	4	55	83	18	70	54	84	22	66	11	42	38	20	39	30	89	23	86	92	10	72	11	8	41	57	44	7	75	21	-1	92	56	27	67	51	4	26	65	89	2	4	94	37	22	51	16	59	65	64	35	68	61	92	59	72	6	94	8	6	92	24	39	90	36	27	19	45	12	59	1	82	89	30	79	86	7	71	74	17	16	74	55	97	41	70	95	70	77	95	43	
23	42	33	90	71	39	39	97	83	38	50	58	57	35	69	83	91	68	32	18	30	86	67	79	21	73	14	22	30	42	85	20	59	51	69	20	5	60	93	92	-1	18	70	58	95	15	5	90	5	83	17	40	60	88	47	20	9	48	24	89	30	94	20	79	54	65	46	84	48	73	55	54	63	44	55	86	1	98	62	71	6	12	3	45	80	58	39	40	52	71	16	98	72	25	68	71	47	49	4	30	
75	22	68	57	88	77	18	23	100	79	54	24	42	6	54	15	56	70	58	43	13	45	6	95	65	53	74	38	98	20	13	4	95	6	73	60	52	71	56	56	18	-1	76	88	8	45	91	11	24	77	56	8	51	32	74	37	83	30	47	56	10	85	48	64	56	68	71	87	24	75	87	49	75	92	61	96	86	49	84	4	80	77	74	92	97	28	29	86	96	35	70	16	79	79	73	87	46	88	85	60	
37	18	31	21	17	31	6	36	87	66	27	20	57	19	88	78	53	45	40	55	96	55	81	90	17	19	24	40	42	85	60	44	86	49	84	43	43	14	20	27	70	76	-1	69	45	99	20	48	31	5	84	83	43	71	98	87	47	89	3	98	15	62	78	11	80	9	11	82	86	38	31	80	99	28	67	26	39	72	79	38	93	28	17	71	69	13	62	74	4	26	1	37	81	2	89	55	1	12	92	27	
16	74	38	90	58	100	99	53	79	15	70	98	5	20	57	5	36	59	25	37	100	82	79	6	60	11	35	53	47	54	75	90	92	71	66	62	60	36	93	67	58	88	69	-1	94	29	5	18	51	29	73	95	43	5	29	53	7	72	63	100	37	81	16	60	38	57	85	67	46	46	20	20	55	14	49	39	31	28	44	42	82	7	13	89	11	61	99	66	49	63	65	64	18	78	75	61	63	78	95	58	
64	24	7	65	16	1	11	88	18	28	40	25	55	66	69	29	14	48	73	66	67	35	8	23	96	40	19	35	5	55	56	10	12	11	79	52	95	64	33	51	95	8	45	94	-1	31	91	95	58	4	1	10	85	17	24	77	34	75	68	100	67	94	75	77	76	48	83	40	71	51	7	11	58	2	36	48	25	86	44	29	50	38	79	48	42	45	76	51	69	29	34	85	29	44	20	38	11	74	30	79	
12	80	30	93	93	64	13	57	36	61	68	6	3	72	27	68	58	47	49	20	23	80	3	4	53	96	56	45	23	41	7	35	9	42	64	57	9	32	33	4	15	45	99	29	31	-1	3	10	49	54	86	62	100	100	56	28	76	95	71	51	77	75	100	65	46	75	84	30	19	29	92	76	36	82	96	89	25	83	58	66	48	53	13	37	22	46	24	42	98	53	57	61	39	42	97	66	64	81	42	41	
60	72	39	37	80	59	50	14	15	40	30	97	98	74	85	19	27	4	17	93	58	11	70	57	2	31	87	1	13	76	61	1	53	69	76	92	74	77	28	26	5	91	20	5	91	3	-1	17	64	10	8	3	71	78	63	7	56	75	87	88	55	68	98	78	23	8	74	23	25	73	98	100	42	77	1	31	56	3	42	80	97	26	55	32	82	37	86	70	45	75	9	20	25	41	65	60	43	100	73	31	
75	84	67	93	86	96	44	61	89	100	78	24	52	72	74	73	20	30	96	22	78	70	73	57	71	17	55	68	90	88	68	98	45	66	88	77	74	83	22	65	90	11	48	18	95	10	17	-1	90	46	76	46	10	30	20	87	13	88	29	78	9	17	29	77	26	14	61	92	2	53	32	1	22	19	10	47	89	73	52	78	46	96	22	47	51	62	41	36	55	11	14	33	23	77	42	24	28	44	8	74	
30	57	68	65	49	51	33	74	88	48	25	6	26	98	38	100	20	6	86	48	89	87	100	99	28	95	51	21	90	25	24	48	34	40	66	20	55	54	69	89	5	24	31	51	58	49	64	90	-1	24	85	56	24	60	11	53	77	53	42	90	84	54	39	48	64	80	85	47	57	75	19	25	91	100	45	43	30	47	23	63	32	79	91	81	83	12	27	94	64	4	31	62	40	61	20	13	77	22	25	17	
88	66	40	27	46	18	45	27	62	66	92	10	88	70	32	32	62	3	73	70	41	67	91	86	83	7	14	71	83	83	88	65	83	12	36	58	31	3	5	2	83	77	5	29	4	54	10	46	24	-1	96	60	13	38	46	43	69	70	55	57	76	9	74	74	68	4	42	41	2	53	17	46	49	50	75	76	10	27	81	37	52	1	71	15	63	77	14	97	10	36	95	94	89	48	92	94	59	55	71	99	
5	90	84	20	92	16	45	77	89	21	58	49	62	47	44	30	12	79	42	67	57	3	88	30	13	64	16	66	40	90	63	73	70	1	42	36	35	22	53	4	17	56	84	73	1	86	8	76	85	96	-1	68	95	28	26	75	25	89	62	78	13	98	96	81	78	67	75	28	51	65	46	7	50	17	52	77	27	61	62	52	63	8	68	82	34	76	1	41	63	82	40	15	80	98	7	41	60	40	29	32	
52	73	54	3	31	83	2	6	37	21	32	77	91	29	8	56	70	74	20	50	80	43	30	6	95	10	26	11	75	5	28	66	54	18	74	80	64	69	22	94	40	8	83	95	10	62	3	46	56	60	68	-1	82	54	13	45	50	58	12	81	47	82	75	80	89	27	45	99	35	27	30	83	4	58	53	81	14	38	92	67	23	18	89	60	43	24	66	82	77	90	16	39	50	71	73	86	27	6	93	68	
57	69	2	68	24	62	89	68	6	85	62	57	85	28	65	93	61	30	22	38	35	53	57	34	42	95	85	24	9	45	62	65	33	89	25	43	92	52	6	37	60	51	43	43	85	100	71	10	24	13	95	82	-1	47	99	18	54	88	92	74	24	88	30	40	43	11	60	62	23	55	68	42	28	4	89	96	82	1	100	67	58	3	58	58	63	28	65	72	49	19	94	27	93	22	38	86	29	100	3	73	
2	29	91	29	67	15	66	40	35	2	68	66	4	15	14	81	63	43	29	96	93	8	20	98	63	21	27	99	49	88	66	60	56	66	17	22	98	35	59	22	88	32	71	5	17	100	78	30	60	38	28	54	47	-1	29	20	70	57	35	34	67	4	38	12	61	42	97	75	66	80	90	60	81	13	41	1	78	63	27	52	13	100	34	62	11	77	79	60	98	30	61	70	72	87	28	44	61	25	14	33	
11	76	33	18	8	41	63	77	78	72	97	55	18	84	84	53	64	94	72	31	89	65	14	40	31	75	11	2	87	55	29	37	90	39	72	86	50	44	56	51	47	74	98	29	24	56	63	20	11	46	26	13	99	29	-1	88	60	17	33	26	29	17	2	61	55	30	63	25	30	5	73	60	47	72	5	71	58	52	82	23	81	3	3	1	84	33	100	10	50	34	25	98	19	5	26	63	2	31	89	64	
72	78	99	29	20	6	81	98	2	75	3	86	21	61	90	96	6	70	21	60	60	55	25	86	16	31	34	96	20	85	25	32	36	4	27	19	26	85	80	16	20	37	87	53	77	28	7	87	53	43	75	45	18	20	88	-1	97	7	38	90	86	64	77	99	73	59	37	9	47	71	51	61	61	87	32	93	29	99	27	15	88	81	74	7	93	21	12	75	65	10	27	44	83	76	71	8	86	79	3	54	
3	47	97	27	19	19	75	80	63	68	87	55	62	47	61	87	47	51	32	38	49	39	1	54	84	41	12	56	67	41	2	28	41	73	24	34	20	82	44	59	9	83	47	7	34	76	56	13	77	69	25	50	54	70	60	97	-1	37	41	26	13	38	23	48	33	66	63	79	14	51	98	8	87	7	88	30	18	33	36	77	40	54	55	71	79	13	19	43	86	22	12	86	81	35	97	2	98	56	71	37	
55	37	61	92	86	47	90	70	45	50	96	73	73	27	11	25	80	88	55	100	85	40	92	90	45	56	28	49	14	39	48	59	27	18	57	15	69	16	22	65	48	30	89	72	75	95	75	88	53	70	89	58	88	57	17	7	37	-1	51	93	19	98	65	49	81	93	12	78	45	25	92	2	45	73	12	79	67	23	68	3	48	1	4	85	45	45	87	80	62	4	38	9	88	6	6	11	75	28	59	51	
51	53	36	72	34	46	89	23	25	84	38	9	42	84	24	89	56	10	33	98	15	41	87	96	11	5	63	23	85	61	23	90	36	98	55	25	85	18	85	64	24	47	3	63	68	71	87	29	42	55	62	12	92	35	33	38	41	51	-1	47	37	57	24	14	57	62	48	55	42	38	35	70	61	16	56	16	29	10	50	4	70	70	100	26	94	13	12	74	14	81	9	60	83	91	7	31	51	35	23	60	
67	51	96	68	94	86	51	18	95	16	47	53	39	34	29	21	19	6	14	99	14	52	22	33	9	49	98	43	6	65	11	57	80	38	69	22	58	64	13	35	89	56	98	100	100	51	88	78	90	57	78	81	74	34	26	90	26	93	47	-1	61	62	67	65	33	95	27	65	70	73	93	61	38	33	42	96	60	92	61	79	45	55	83	16	93	21	28	55	31	89	53	69	74	49	34	45	5	46	50	65	
28	26	71	37	6	100	3	18	6	69	3	25	39	99	28	1	1	46	88	39	3	85	12	3	81	17	70	13	27	56	91	96	83	81	75	1	81	53	1	68	30	10	15	37	67	77	55	9	84	76	13	47	24	67	29	86	13	19	37	61	-1	85	89	1	58	25	61	50	78	62	18	89	81	100	41	46	89	33	45	86	7	25	5	89	47	42	11	97	19	9	57	51	94	52	6	19	46	65	43	81	
19	72	42	80	53	14	82	46	93	96	21	47	61	26	23	57	93	77	98	14	40	15	65	67	22	47	68	41	27	30	62	76	84	34	47	53	54	13	17	61	94	85	62	81	94	75	68	17	54	9	98	82	88	4	17	64	38	98	57	62	85	-1	25	63	2	53	4	35	22	78	1	66	29	10	38	41	83	92	73	25	23	44	89	29	3	28	15	20	75	19	74	7	22	34	36	86	93	68	64	26	
42	8	48	15	79	53	52	58	22	80	53	33	5	25	82	14	58	76	4	44	91	97	39	9	41	95	25	67	89	18	1	91	34	17	33	78	69	4	71	92	20	48	78	16	75	100	98	29	39	74	96	75	30	38	2	77	23	65	24	67	89	25	-1	100	62	83	24	42	11	24	71	74	30	35	48	7	14	54	65	45	21	29	34	86	28	16	51	96	78	91	25	43	71	74	61	97	62	12	99	24	
55	80	28	51	89	4	85	66	14	80	95	99	81	22	46	18	70	20	17	10	80	43	86	39	6	25	3	61	13	90	77	2	18	15	96	67	40	60	97	59	79	64	11	60	77	65	78	77	48	74	81	80	40	12	61	99	48	49	14	65	1	63	100	-1	66	73	20	52	78	65	1	13	76	71	29	100	79	22	4	61	31	42	46	11	92	78	35	3	57	73	48	86	12	75	87	18	71	54	10	75	
95	64	17	2	21	66	52	76	56	92	94	63	6	22	40	100	56	76	90	36	87	76	81	77	10	2	72	35	72	69	51	52	42	54	12	7	27	85	98	72	54	56	80	38	76	46	23	26	64	68	78	89	43	61	55	73	33	81	57	33	58	2	62	66	-1	16	12	41	30	53	94	21	66	57	17	75	97	35	52	18	5	29	66	72	35	79	62	76	95	53	40	80	38	45	26	47	20	2	63	25	
95	23	7	20	86	98	95	26	30	100	49	19	14	80	100	29	43	11	10	15	50	13	16	47	70	20	90	4	49	84	73	21	15	9	55	62	43	62	33	6	65	68	9	57	48	75	8	14	80	4	67	27	11	42	30	59	66	93	62	95	25	53	83	73	16	-1	18	58	74	85	99	84	22	24	22	41	4	17	96	48	66	24	97	13	3	11	40	68	15	70	30	1	49	81	87	33	86	4	73	30	
63	20	31	59	6	53	38	28	2	30	66	30	84	31	67	80	77	75	57	57	2	78	33	67	92	39	70	31	82	46	81	13	61	15	99	31	48	21	30	94	46	71	11	85	83	84	74	61	85	42	75	45	60	97	63	37	63	12	48	27	61	4	24	20	12	18	-1	19	49	73	28	86	58	71	41	20	33	28	18	35	80	54	26	54	42	52	79	93	17	47	6	40	18	28	12	62	65	58	66	34	
29	91	66	34	70	30	69	6	46	90	98	11	50	26	33	29	8	46	72	45	22	70	7	76	65	55	27	45	39	87	97	54	30	54	20	86	69	22	69	8	84	87	82	67	40	30	23	92	47	41	28	99	62	75	25	9	79	78	55	65	50	35	42	52	41	58	19	-1	58	83	100	4	16	14	46	84	80	63	79	75	22	38	75	3	69	21	18	5	41	13	89	14	8	79	85	81	30	79	17	54	
62	42	68	49	34	1	98	64	27	48	44	7	87	70	94	55	44	4	61	100	61	47	89	5	28	51	74	34	36	4	15	77	43	56	85	61	48	14	97	6	48	24	86	46	71	19	25	2	57	2	51	35	23	66	30	47	14	45	42	70	78	22	11	78	30	74	49	58	-1	70	40	17	16	72	93	29	38	49	79	78	1	71	21	75	61	45	85	54	32	66	84	97	11	17	31	36	46	46	70	28	
87	99	31	44	75	66	96	30	18	36	72	8	65	92	14	48	91	13	97	15	94	42	95	56	89	32	77	76	2	17	16	58	86	12	30	81	50	22	76	92	73	75	38	46	51	29	73	53	75	53	65	27	55	80	5	71	51	25	38	73	62	78	24	65	53	85	73	83	70	-1	3	27	45	70	38	65	81	85	88	79	82	40	2	11	43	99	36	100	73	35	28	13	87	7	67	96	97	58	70	33	
81	97	9	49	38	6	38	2	8	3	64	94	42	83	77	90	29	34	19	77	66	1	93	28	49	69	12	74	54	24	29	23	9	82	54	58	47	56	95	24	55	87	31	20	7	92	98	32	19	17	46	30	68	90	73	51	98	92	35	93	18	1	71	1	94	99	28	100	40	3	-1	40	99	74	19	86	92	3	99	94	98	37	32	54	92	16	59	43	42	100	84	29	76	32	36	23	15	15	41	5	
71	93	53	51	83	49	29	88	69	2	8	13	91	13	33	95	11	51	99	97	59	18	41	33	74	6	20	37	95	32	66	89	88	16	9	77	33	44	71	39	54	49	80	20	11	76	100	1	25	46	7	83	42	60	60	61	8	2	70	61	89	66	74	13	21	84	86	4	17	27	40	-1	50	79	38	37	21	82	88	34	55	82	42	48	82	78	43	72	71	90	61	38	25	49	28	88	74	85	52	92	
78	60	10	42	54	19	90	33	66	26	24	76	33	49	39	79	33	52	75	57	62	26	42	41	59	28	69	70	44	59	93	73	46	47	88	74	66	84	44	90	63	75	99	55	58	36	42	22	91	49	50	4	28	81	47	61	87	45	61	38	81	29	30	76	66	22	58	16	16	45	99	50	-1	76	15	100	7	90	76	43	36	11	7	52	19	38	28	98	94	35	34	68	27	56	16	67	76	92	44	75	
59	99	49	60	91	1	94	86	18	24	47	25	82	14	18	85	52	42	8	79	99	80	26	36	84	14	35	47	54	31	67	19	52	55	74	3	27	66	5	36	44	92	28	14	2	82	77	19	100	50	17	58	4	13	72	87	7	73	16	33	100	10	35	71	57	24	71	14	72	70	74	79	76	-1	68	92	17	82	98	71	85	37	6	19	10	95	27	40	90	85	15	29	72	99	22	49	25	11	37	32	
28	48	45	68	99	97	3	33	67	3	57	26	39	57	21	98	21	35	71	99	36	74	87	76	95	13	33	67	23	13	89	68	21	52	61	43	91	13	49	27	55	61	67	49	36	96	1	10	45	75	52	53	89	41	5	32	88	12	56	42	41	38	48	29	17	22	41	46	93	38	19	38	15	68	-1	99	55	77	10	41	91	75	7	59	41	81	67	43	28	60	31	40	75	28	73	98	6	91	89	86	
26	99	43	93	97	6	63	95	76	1	1	87	100	78	65	2	63	42	60	43	56	53	8	56	72	47	100	56	32	89	59	13	10	65	82	69	51	13	5	19	86	96	26	39	48	89	31	47	43	76	77	81	96	1	71	93	30	79	16	96	46	41	7	100	75	41	20	84	29	65	86	37	100	92	99	-1	13	90	37	96	92	64	23	54	71	60	71	86	19	2	98	95	12	53	61	64	1	43	54	70	
96	91	21	65	32	1	89	58	56	82	75	49	83	73	12	57	74	35	39	81	77	77	94	46	18	23	96	33	72	73	42	26	66	45	74	48	92	79	65	45	1	86	39	31	25	25	56	89	30	10	27	14	82	78	58	29	18	67	29	60	89	83	14	79	97	4	33	80	38	81	92	21	7	17	55	13	-1	25	28	30	27	83	99	86	94	72	95	75	53	47	29	96	41	93	87	61	25	19	61	22	
80	24	17	57	84	32	38	25	39	16	51	80	75	51	49	14	91	66	66	49	14	62	28	36	73	71	27	63	40	40	3	17	35	13	95	37	5	6	64	12	98	49	72	28	86	83	3	73	47	27	61	38	1	63	52	99	33	23	10	92	33	92	54	22	35	17	28	63	49	85	3	82	90	82	77	90	25	-1	17	77	25	68	20	100	52	56	16	90	23	54	70	100	43	63	25	40	33	90	2	24	
53	54	50	68	66	34	15	39	27	53	30	96	20	62	5	88	96	74	64	63	93	68	3	23	8	9	57	65	65	62	28	38	20	93	45	46	97	57	47	59	62	84	79	44	44	58	42	52	23	81	62	92	100	27	82	27	36	68	50	61	45	73	65	4	52	96	18	79	79	88	99	88	76	98	10	37	28	17	-1	72	23	32	31	84	81	61	31	83	75	94	83	82	97	80	17	71	48	75	46	40	
13	12	36	30	5	73	86	12	88	87	66	23	72	11	42	89	97	73	29	48	32	42	59	86	99	87	11	70	10	43	23	63	77	66	68	21	21	39	17	1	71	4	38	42	29	66	80	78	63	37	52	67	67	52	23	15	77	3	4	79	86	25	45	61	18	48	35	75	78	79	94	34	43	71	41	96	30	77	72	-1	13	77	25	51	37	22	13	7	3	39	91	53	85	76	60	16	98	31	15	54	
47	68	92	19	47	66	50	18	30	62	94	2	48	68	24	1	70	17	39	14	46	47	38	62	37	4	27	89	19	37	83	68	31	40	33	98	8	77	11	82	6	80	93	82	50	48	97	46	32	52	63	23	58	13	81	88	40	48	70	45	7	23	21	31	5	66	80	22	1	82	98	55	36	85	91	92	27	25	23	13	-1	60	10	10	44	15	3	24	36	14	82	2	49	36	67	6	30	63	6	56	
40	77	62	74	85	89	13	99	62	73	97	32	66	27	67	16	34	68	45	1	35	99	99	35	13	35	11	36	66	70	66	90	5	49	87	99	22	43	84	89	12	77	28	7	38	53	26	96	79	1	8	18	3	100	3	81	54	1	70	55	25	44	29	42	29	24	54	38	71	40	37	82	11	37	75	64	83	68	32	77	60	-1	23	25	23	65	16	6	37	88	87	34	94	11	44	53	23	1	67	12	
31	96	46	4	87	39	24	61	68	48	89	36	2	82	52	28	22	54	95	78	45	92	54	68	5	93	69	22	91	32	37	24	49	23	39	36	54	84	53	30	3	74	17	13	79	13	55	22	91	71	68	89	58	34	3	74	55	4	100	83	5	89	34	46	66	97	26	75	21	2	32	42	7	6	7	23	99	20	31	25	10	23	-1	46	14	66	47	21	32	84	39	45	7	49	6	75	27	87	25	74	
30	12	56	81	22	34	23	67	83	44	1	29	90	95	86	35	77	97	13	99	69	90	44	6	79	30	13	13	9	29	3	91	81	64	96	41	72	3	92	79	45	92	71	89	48	37	32	47	81	15	82	60	58	62	1	7	71	85	26	16	89	29	86	11	72	13	54	3	75	11	54	48	52	19	59	54	86	100	84	51	10	25	46	-1	40	60	78	49	23	65	97	74	7	14	7	39	2	43	65	59	
2	43	1	56	90	81	40	97	84	47	56	61	58	71	68	69	89	70	35	29	68	25	26	57	28	100	49	19	63	100	75	43	61	25	98	1	3	61	95	86	80	97	69	11	42	22	82	51	83	63	34	43	63	11	84	93	79	45	94	93	47	3	28	92	35	3	42	69	61	43	92	82	19	10	41	71	94	52	81	37	44	23	14	40	-1	89	38	11	57	41	18	93	17	76	24	38	75	56	76	94	
10	12	88	33	70	77	58	66	20	86	43	45	28	74	8	92	20	69	64	32	68	75	97	21	74	91	11	5	85	50	48	87	7	95	76	52	8	18	90	7	58	28	13	61	45	46	37	62	12	77	76	24	28	77	33	21	13	45	13	21	42	28	16	78	79	11	52	21	45	99	16	78	38	95	81	60	72	56	61	22	15	65	66	60	89	-1	72	98	38	71	2	69	25	60	55	75	72	14	5	24	
17	5	64	78	60	31	60	62	29	15	53	90	55	93	53	61	85	1	93	15	77	34	14	16	13	9	48	76	57	53	100	86	67	2	61	84	52	42	88	71	39	29	62	99	76	24	86	41	27	14	1	66	65	79	100	12	19	87	12	28	11	15	51	35	62	40	79	18	85	36	59	43	28	27	67	71	95	16	31	13	3	16	47	78	38	72	-1	35	80	56	39	17	13	61	2	27	31	14	9	59	
59	86	71	95	14	10	53	36	5	31	10	46	81	19	21	75	37	49	6	43	6	33	93	93	65	86	90	95	83	29	43	79	73	60	60	28	29	71	46	74	40	86	74	66	51	42	70	36	94	97	41	82	72	60	10	75	43	80	74	55	97	20	96	3	76	68	93	5	54	100	43	72	98	40	43	86	75	90	83	7	24	6	21	49	11	98	35	-1	70	94	33	6	81	62	1	54	28	55	98	13	
69	59	11	40	24	26	15	34	3	39	69	20	27	1	10	67	17	88	1	38	64	64	26	33	96	30	64	82	90	66	75	16	24	77	75	59	42	47	26	17	52	96	4	49	69	98	45	55	64	10	63	77	49	98	50	65	86	62	14	31	19	75	78	57	95	15	17	41	32	73	42	71	94	90	28	19	53	23	75	3	36	37	32	23	57	38	80	70	-1	15	18	35	50	38	86	39	9	53	77	34	
86	36	93	38	90	10	63	47	67	3	37	49	63	66	29	52	64	72	81	23	82	41	22	23	81	40	65	16	78	52	98	14	29	91	48	20	20	16	35	16	71	35	26	63	29	53	75	11	4	36	82	90	19	30	34	10	22	4	81	89	9	19	91	73	53	70	47	13	66	35	100	90	35	85	60	2	47	54	94	39	14	88	84	65	41	71	56	94	15	-1	80	66	49	54	23	8	28	83	78	90	
97	38	48	61	83	78	65	69	29	94	97	2	1	34	10	52	72	3	34	75	44	62	21	9	90	83	94	44	17	76	30	59	63	91	79	81	7	16	31	74	16	70	1	65	34	57	9	14	31	95	40	16	94	61	25	27	12	38	9	53	57	74	25	48	40	30	6	89	84	28	84	61	34	15	31	98	29	70	83	91	82	87	39	97	18	2	39	33	18	80	-1	98	84	60	29	83	27	68	67	48	
99	38	59	1	59	10	22	54	47	83	38	77	93	68	97	19	77	62	73	10	17	20	95	88	96	17	60	44	71	32	96	89	79	88	62	10	61	53	94	55	98	16	37	64	85	61	20	33	62	94	15	39	27	70	98	44	86	9	60	69	51	7	43	86	80	1	40	14	97	13	29	38	68	29	40	95	96	100	82	53	2	34	45	74	93	69	17	6	35	66	98	-1	82	7	77	2	24	99	54	84	
19	55	58	14	69	88	32	61	74	39	32	62	40	78	68	44	29	86	7	33	4	70	50	94	78	92	99	64	40	38	24	69	66	43	37	42	87	93	46	97	72	79	81	18	29	39	25	23	40	89	80	50	93	72	19	83	81	88	83	74	94	22	71	12	38	49	18	8	11	87	76	25	27	72	75	12	41	43	97	85	49	94	7	7	17	25	13	81	50	49	84	82	-1	92	67	35	56	92	98	57	
85	24	29	73	96	36	37	28	39	91	16	1	42	80	95	73	72	83	87	82	23	6	66	85	94	93	21	73	13	17	6	91	90	24	25	62	40	35	12	41	25	79	2	78	44	42	41	77	61	48	98	71	22	87	5	76	35	6	91	49	52	34	74	75	45	81	28	79	17	7	32	49	56	99	28	53	93	63	80	76	36	11	49	14	76	60	61	62	38	54	60	7	92	-1	22	64	53	69	84	92	
45	54	60	22	41	66	31	34	80	74	71	69	16	21	23	35	66	37	65	84	7	95	19	49	69	30	35	59	49	75	33	27	6	75	32	34	15	9	2	70	68	73	89	75	20	97	65	42	20	92	7	73	38	28	26	71	97	6	7	34	6	36	61	87	26	87	12	85	31	67	36	28	16	22	73	61	87	25	17	60	67	44	6	7	24	55	2	1	86	23	29	77	67	22	-1	92	56	65	32	24	
70	68	15	91	56	77	99	76	85	86	30	93	58	12	35	57	4	70	38	47	7	65	45	53	47	86	48	81	43	3	89	8	15	21	45	93	10	50	10	95	71	87	55	61	38	66	60	24	13	94	41	86	86	44	63	8	2	11	31	45	19	86	97	18	47	33	62	81	36	96	23	88	67	49	98	64	61	40	71	16	6	53	75	39	38	75	27	54	39	8	83	2	35	64	92	-1	100	31	2	56	
59	14	11	65	38	29	55	34	53	22	92	43	1	77	99	97	38	61	70	32	80	23	57	51	10	87	11	99	69	21	59	19	1	35	84	81	94	26	3	70	47	46	1	63	11	64	43	28	77	59	60	27	29	61	2	86	98	75	51	5	46	93	62	71	20	86	65	30	46	97	15	74	76	25	6	1	25	33	48	98	30	23	27	2	75	72	31	28	9	28	27	24	56	53	56	100	-1	13	2	89	
32	61	22	75	39	56	38	13	80	66	67	1	39	96	2	35	76	70	32	69	4	89	37	60	61	68	29	1	64	10	48	82	35	55	21	30	91	56	9	77	49	88	12	78	74	81	100	44	22	55	40	6	100	25	31	79	56	28	35	46	65	68	12	54	2	4	58	79	46	58	15	85	92	11	91	43	19	90	75	31	63	1	87	43	56	14	14	55	53	83	68	99	92	69	65	31	13	-1	24	23	
16	50	63	86	73	15	93	66	72	8	51	4	35	93	30	86	66	89	25	50	43	90	13	26	19	14	1	74	76	31	76	11	89	80	33	24	78	21	72	95	4	85	92	95	30	42	73	8	25	71	29	93	3	14	89	3	71	59	23	50	43	64	99	10	63	73	66	17	70	70	41	52	44	37	89	54	61	2	46	15	6	67	25	65	76	5	9	98	77	78	67	54	98	84	32	2	2	24	-1	43	
50	89	76	76	100	92	66	54	71	47	3	83	84	6	79	79	83	59	57	16	94	56	74	15	78	5	27	81	29	92	97	9	2	57	64	16	78	69	61	43	30	60	27	58	79	41	31	74	17	99	32	68	73	33	64	54	37	51	60	65	81	26	24	75	25	30	34	54	28	33	5	92	75	32	86	70	22	24	40	54	56	12	74	59	94	24	59	13	34	90	48	84	57	92	24	56	89	23	43	-1	
