100
-1	82	28	27	14	68	43	6	99	87	40	90	16	49	72	40	86	14	11	80	26	42	65	78	62	9	63	60	36	21	98	98	55	36	98	14	48	34	17	24	50	45	26	96	61	53	92	83	28	95	58	4	35	52	89	60	56	47	47	15	64	43	86	76	81	26	80	47	69	43	5	79	45	53	19	91	59	39	16	72	9	75	33	62	15	54	62	61	18	26	46	96	86	59	56	89	89	74	58	44	
82	-1	53	95	25	25	72	9	78	79	22	27	75	94	47	17	73	39	9	43	88	99	28	97	95	53	64	65	6	68	79	80	89	56	12	51	99	72	35	53	79	64	66	61	34	59	19	94	57	16	30	72	64	36	54	85	39	76	99	84	63	93	99	22	44	95	93	59	71	38	61	30	7	14	78	71	80	86	48	45	45	39	26	85	17	18	11	25	68	79	95	28	48	60	20	9	4	9	46	23	
28	53	-1	79	29	96	96	24	29	79	52	33	15	52	27	10	58	85	85	35	76	76	58	88	16	28	35	8	81	32	99	28	78	25	73	61	32	6	10	9	9	98	50	73	62	61	28	31	15	27	29	99	86	5	31	10	33	6	62	55	16	45	56	88	78	55	100	12	15	44	8	79	54	25	5	73	31	28	83	36	56	11	32	87	40	78	1	95	48	44	64	61	9	88	80	100	90	28	10	25	
27	95	79	-1	30	14	100	32	60	28	83	36	7	61	64	30	24	66	3	6	82	95	96	46	40	91	47	91	84	45	50	57	52	8	75	19	41	7	99	79	60	77	65	27	20	52	52	95	27	56	5	21	36	71	51	79	89	67	11	8	50	16	14	66	9	94	20	6	32	4	100	72	12	6	34	36	87	13	3	62	8	17	91	94	42	48	47	19	38	96	45	1	29	92	1	43	34	23	29	30	
14	25	29	30	-1	35	2	97	12	81	93	55	17	72	75	77	68	5	85	8	48	88	48	99	5	69	70	29	20	26	14	7	17	33	35	73	96	62	83	62	42	60	80	23	22	56	91	44	63	93	36	57	68	46	16	100	53	21	84	34	79	30	79	39	95	80	38	53	67	9	87	8	50	39	48	84	90	33	1	47	78	76	13	98	100	4	15	49	23	71	71	89	18	43	33	10	93	9	44	89	
68	25	96	14	35	-1	72	88	72	55	37	80	48	14	92	49	93	36	54	91	29	82	50	31	31	51	56	93	67	13	71	19	44	75	76	94	69	91	97	60	49	62	14	38	34	42	31	63	15	35	73	72	36	50	90	77	34	89	35	60	76	47	4	93	2	95	51	34	64	66	60	99	45	30	5	100	96	92	32	50	30	78	1	56	86	33	14	43	13	48	56	44	74	58	72	44	13	37	2	64	
43	72	96	100	2	72	-1	18	72	5	99	45	66	43	92	27	7	85	36	56	34	46	11	2	52	16	46	12	60	92	17	72	71	32	10	6	46	30	86	23	94	70	98	53	19	74	33	23	92	6	28	95	86	59	2	46	54	16	17	63	56	94	16	52	34	95	70	93	38	6	31	39	39	25	22	92	81	57	43	84	70	41	82	39	83	40	27	44	44	92	3	46	81	59	75	96	18	5	88	42	
6	9	24	32	97	88	18	-1	36	86	63	97	40	30	73	72	11	25	6	45	94	64	2	34	92	29	84	65	14	58	2	96	86	61	32	61	20	35	76	41	72	34	14	67	52	75	73	19	81	60	74	80	71	42	76	7	43	83	3	77	83	49	25	6	28	54	17	3	59	79	30	93	84	95	44	15	24	14	93	86	36	21	95	63	34	72	40	41	12	65	14	83	60	66	31	16	70	2	32	49	
99	78	29	60	12	72	72	36	-1	12	68	26	95	17	20	85	18	23	58	17	41	28	9	21	39	71	76	78	41	16	19	76	29	8	68	66	90	85	79	40	29	46	55	60	59	26	78	94	52	46	84	81	72	48	6	97	92	29	44	26	95	79	1	16	57	87	11	21	40	21	39	73	77	22	26	36	49	37	11	65	96	45	59	65	87	97	6	5	5	45	88	32	79	64	44	60	16	43	12	4	
87	79	79	28	81	55	5	86	12	-1	37	29	49	26	30	19	88	83	21	82	9	23	36	95	15	37	81	14	13	22	100	78	83	97	56	76	91	99	58	14	81	39	35	70	50	29	92	46	85	71	10	6	40	61	22	29	44	45	3	48	41	61	35	49	33	99	8	26	67	57	70	60	61	62	76	79	65	9	74	99	82	89	78	57	46	65	43	70	35	85	21	87	20	64	3	65	2	3	37	67	
40	22	52	83	93	37	99	63	68	37	-1	39	90	10	2	17	66	53	97	26	90	90	97	42	10	67	90	53	25	27	35	67	69	87	58	86	9	4	27	19	22	64	27	83	86	72	84	47	17	13	7	45	68	18	89	21	84	78	2	29	95	2	59	85	94	45	97	89	34	1	59	3	14	65	37	27	97	85	37	74	68	26	66	43	31	47	6	8	17	95	64	84	97	99	7	27	34	86	18	59	
90	27	33	36	55	80	45	97	26	29	39	-1	17	36	72	38	93	68	73	36	11	85	86	50	24	10	37	55	4	65	77	46	24	21	21	12	82	88	30	59	18	59	34	36	29	79	38	1	82	52	16	93	81	8	46	56	31	6	57	26	73	96	17	11	40	49	24	80	65	39	5	45	19	96	40	34	73	7	23	31	56	54	22	55	53	26	90	35	91	74	6	46	63	35	67	8	47	56	34	37	
16	75	15	7	17	48	66	40	95	49	90	17	-1	100	29	68	35	27	85	30	19	23	100	8	28	73	26	54	56	80	50	13	87	86	62	35	17	59	47	27	32	44	40	51	74	34	34	42	19	84	98	80	98	46	42	40	20	72	76	49	14	11	57	36	81	78	34	37	19	79	1	48	11	11	81	46	95	15	1	44	73	77	94	3	56	46	84	17	100	41	64	19	53	24	67	3	40	82	77	79	
49	94	52	61	72	14	43	30	17	26	10	36	100	-1	74	77	30	47	97	44	21	36	81	59	16	77	3	9	87	19	56	23	16	31	83	16	37	78	43	1	28	13	20	25	96	2	56	35	13	91	75	87	14	76	90	42	33	74	79	2	75	87	74	9	96	31	18	53	29	89	2	20	100	94	69	53	19	53	9	3	93	9	20	68	70	27	96	76	73	55	64	23	79	11	94	5	53	89	44	84	
72	47	27	64	75	92	92	73	20	30	2	72	29	74	-1	58	50	54	59	70	96	32	25	22	89	59	28	13	16	5	31	51	92	15	42	100	63	51	24	35	1	85	41	19	100	97	61	65	34	5	29	35	88	81	49	73	38	44	57	26	57	28	100	42	16	6	78	73	34	23	5	2	38	54	46	29	20	41	85	74	88	5	70	95	5	14	85	87	71	11	72	52	27	52	16	42	82	41	93	30	
40	17	10	30	77	49	27	72	85	19	17	38	68	77	58	-1	61	28	82	25	13	21	16	21	27	37	2	32	1	49	58	50	33	97	37	38	97	89	84	47	87	66	69	77	83	72	32	69	28	10	51	37	56	87	48	69	87	36	77	73	100	10	65	4	16	49	61	84	35	81	69	3	81	56	64	53	51	60	29	99	6	6	60	88	39	27	32	50	92	86	59	11	22	71	99	64	91	22	97	34	
86	73	58	24	68	93	7	11	18	88	66	93	35	30	50	61	-1	78	3	3	83	80	65	90	99	25	44	94	96	28	47	37	14	75	65	98	80	27	32	6	55	10	60	64	76	18	65	98	87	89	83	98	85	13	1	49	31	50	76	61	36	81	94	63	41	16	34	33	74	63	45	100	61	81	53	96	86	12	81	66	61	9	94	58	79	31	1	95	17	17	53	36	70	46	1	96	48	89	77	64	
14	39	85	66	5	36	85	25	23	83	53	68	27	47	54	28	78	-1	54	1	57	99	8	27	67	99	43	49	43	18	90	53	87	91	69	11	60	26	44	51	82	54	84	91	18	46	94	27	86	13	42	93	97	45	62	11	1	73	2	27	45	91	35	74	23	38	65	52	70	28	54	56	15	14	64	43	57	71	32	73	94	67	99	50	52	65	37	6	28	54	53	68	81	63	4	100	8	33	10	79	
11	9	85	3	85	54	36	6	58	21	97	73	85	97	59	82	3	54	-1	83	68	41	39	16	18	3	86	88	45	66	8	48	82	89	45	6	63	6	59	66	75	54	84	71	4	93	34	96	49	87	8	84	58	50	52	94	65	61	30	81	58	83	87	4	10	76	1	39	62	93	23	49	66	70	80	93	92	86	53	15	87	45	74	44	30	85	84	36	19	69	36	31	48	29	75	98	35	64	71	56	
80	43	35	6	8	91	56	45	17	82	26	36	30	44	70	25	3	1	83	-1	36	74	25	85	93	65	15	61	25	18	4	39	49	40	10	72	96	29	67	7	76	29	31	95	2	98	8	11	77	56	95	61	4	12	2	60	50	43	75	10	46	46	48	90	1	28	99	63	52	60	40	82	68	43	60	24	91	39	97	66	84	65	72	48	2	25	94	8	35	8	1	41	51	78	48	64	78	36	86	45	
26	88	76	82	48	29	34	94	41	9	90	11	19	21	96	13	83	57	68	36	-1	74	100	48	49	55	20	94	30	65	88	95	36	40	67	22	75	83	15	16	72	75	35	59	13	16	10	9	35	75	30	6	74	90	98	10	76	98	4	27	58	95	1	25	99	57	78	62	61	13	39	60	41	61	38	41	82	65	58	79	25	26	40	52	99	72	18	55	72	55	38	11	75	61	18	56	85	83	81	60	
42	99	76	95	88	82	46	64	28	23	90	85	23	36	32	21	80	99	41	74	74	-1	22	41	4	24	14	55	95	91	64	42	21	9	65	58	71	3	99	48	47	15	92	51	76	56	45	31	2	27	94	31	2	43	31	67	8	9	35	48	26	47	72	35	57	28	100	35	95	1	47	23	91	33	72	47	68	59	28	85	34	87	45	43	27	32	27	40	33	66	61	28	53	40	45	84	72	35	17	81	
65	28	58	96	48	50	11	2	9	36	97	86	100	81	25	16	65	8	39	25	100	22	-1	55	75	41	19	40	57	21	29	71	14	77	19	82	56	30	33	85	67	6	54	81	41	58	19	67	88	52	9	27	7	48	92	65	47	47	74	75	44	98	87	77	33	75	14	34	29	21	7	76	14	97	55	38	98	9	9	59	99	88	82	37	59	5	60	71	29	89	6	60	90	35	7	82	56	30	64	30	
78	97	88	46	99	31	2	34	21	95	42	50	8	59	22	21	90	27	16	85	48	41	55	-1	42	35	43	32	64	87	5	48	70	99	18	94	75	77	88	36	48	77	41	94	20	49	53	47	67	49	79	85	78	51	78	97	9	66	12	88	31	24	82	5	97	66	66	8	73	3	29	10	37	31	59	22	49	77	65	40	17	59	18	20	83	33	17	16	75	57	53	53	88	21	8	24	62	57	38	69	
62	95	16	40	5	31	52	92	39	15	10	24	28	16	89	27	99	67	18	93	49	4	75	42	-1	76	51	54	68	31	80	3	47	32	13	44	62	95	5	11	93	84	41	23	87	35	21	40	71	26	49	61	72	85	96	84	16	85	92	64	34	42	46	27	96	76	27	5	58	91	32	40	45	81	61	18	30	18	24	76	86	2	8	96	2	32	20	53	95	35	98	73	24	53	31	52	35	13	17	12	
9	53	28	91	69	51	16	29	71	37	67	10	73	77	59	37	25	99	3	65	55	24	41	35	76	-1	60	73	67	56	87	65	79	76	85	67	73	97	50	23	63	21	90	5	76	62	16	44	66	47	2	61	83	31	30	96	42	45	84	82	78	39	1	85	6	87	43	60	85	39	15	58	33	56	27	48	56	57	28	20	23	97	55	29	24	46	86	41	23	68	65	66	13	1	69	80	83	86	86	49	
63	64	35	47	70	56	46	84	76	81	90	37	26	3	28	2	44	43	86	15	20	14	19	43	51	60	-1	59	2	100	30	6	5	63	46	65	52	19	68	57	19	88	34	24	51	78	15	43	25	97	12	69	58	49	15	13	60	44	100	35	86	2	56	26	88	28	90	18	58	76	80	16	56	61	87	67	92	48	79	10	12	54	49	45	86	59	41	56	11	38	42	33	91	13	8	2	41	43	81	43	
60	65	8	91	29	93	12	65	78	14	53	55	54	9	13	32	94	49	88	61	94	55	40	32	54	73	59	-1	54	25	35	45	70	86	81	7	19	10	84	64	69	65	48	62	62	63	71	41	58	72	54	18	13	33	81	37	12	48	27	77	82	60	10	15	68	95	44	50	47	50	7	6	56	14	86	10	64	91	41	83	33	37	85	1	17	98	96	95	69	35	71	3	85	14	32	27	10	39	11	79	
36	6	81	84	20	67	60	14	41	13	25	4	56	87	16	1	96	43	45	25	30	95	57	64	68	67	2	54	-1	52	50	12	63	81	69	79	31	97	74	42	66	20	46	94	34	29	75	64	33	29	84	38	49	39	55	26	76	100	24	27	19	50	34	22	91	1	53	54	41	6	83	91	30	47	64	75	50	14	9	54	74	86	58	55	55	48	19	68	18	62	40	43	41	81	64	49	7	86	76	8	
21	68	32	45	26	13	92	58	16	22	27	65	80	19	5	49	28	18	66	18	65	91	21	87	31	56	100	25	52	-1	66	61	23	95	48	31	41	100	60	65	44	57	31	90	78	91	38	52	81	61	37	1	32	52	29	25	35	34	58	58	64	48	16	36	38	51	83	98	81	18	52	73	60	90	46	67	48	90	61	91	86	29	82	35	63	17	11	54	10	69	84	87	66	86	75	33	72	82	63	61	
98	79	99	50	14	71	17	2	19	100	35	77	50	56	31	58	47	90	8	4	88	64	29	5	80	87	30	35	50	66	-1	10	45	27	29	73	93	93	31	60	35	97	33	46	93	56	69	19	15	92	12	94	41	22	27	49	12	37	90	40	65	77	80	71	8	96	91	38	97	72	72	58	50	33	82	13	25	31	20	2	89	23	71	91	59	99	76	39	20	12	42	95	71	40	32	27	76	47	50	13	
98	80	28	57	7	19	72	96	76	78	67	46	13	23	51	50	37	53	48	39	95	42	71	48	3	65	6	45	12	61	10	-1	22	73	36	73	69	29	6	7	56	4	22	69	96	65	35	8	23	75	20	38	42	51	56	94	61	96	7	95	56	85	25	88	81	22	46	59	61	29	6	84	11	98	25	32	96	92	13	27	56	3	58	43	59	19	2	91	51	54	47	79	97	85	38	96	78	2	41	82	
55	89	78	52	17	44	71	86	29	83	69	24	87	16	92	33	14	87	82	49	36	21	14	70	47	79	5	70	63	23	45	22	-1	40	18	48	35	66	69	27	19	60	91	3	58	6	98	38	34	51	23	75	82	16	77	74	66	54	39	76	100	37	58	47	35	94	95	29	93	60	30	42	14	29	55	10	54	14	68	56	79	77	19	43	65	89	97	94	70	24	51	23	38	76	29	99	93	51	68	50	
36	56	25	8	33	75	32	61	8	97	87	21	86	31	15	97	75	91	89	40	40	9	77	99	32	76	63	86	81	95	27	73	40	-1	54	85	92	32	52	86	94	71	71	40	17	23	30	65	35	34	74	57	3	94	17	11	66	31	48	38	51	53	90	10	58	37	90	94	91	43	90	24	27	49	97	39	46	74	94	25	84	44	47	37	14	78	24	26	43	48	7	53	20	77	72	15	32	88	37	63	
98	12	73	75	35	76	10	32	68	56	58	21	62	83	42	37	65	69	45	10	67	65	19	18	13	85	46	81	69	48	29	36	18	54	-1	60	38	68	6	18	79	28	20	14	46	64	98	85	70	90	29	42	62	59	54	19	58	59	77	93	23	44	47	30	30	38	55	94	57	18	5	75	91	91	50	10	36	20	7	39	70	79	64	64	49	46	54	41	42	20	24	25	28	62	66	77	22	6	63	13	
14	51	61	19	73	94	6	61	66	76	86	12	35	16	100	38	98	11	6	72	22	58	82	94	44	67	65	7	79	31	73	73	48	85	60	-1	60	20	33	87	84	55	90	49	16	62	10	89	5	64	58	46	89	25	59	69	46	74	95	61	70	2	99	4	58	53	98	69	55	9	77	18	54	56	20	43	14	42	75	91	99	91	88	23	13	23	76	39	47	76	21	43	50	92	51	91	61	67	1	7	
48	99	32	41	96	69	46	20	90	91	9	82	17	37	63	97	80	60	63	96	75	71	56	75	62	73	52	19	31	41	93	69	35	92	38	60	-1	66	7	98	10	60	34	15	100	67	31	79	45	77	14	22	84	6	57	18	4	94	83	51	9	17	47	69	58	55	100	64	66	97	88	95	53	100	97	35	53	65	23	2	96	61	23	47	51	26	27	9	87	61	91	64	91	33	4	6	74	96	43	42	
34	72	6	7	62	91	30	35	85	99	4	88	59	78	51	89	27	26	6	29	83	3	30	77	95	97	19	10	97	100	93	29	66	32	68	20	66	-1	47	4	81	13	46	65	92	5	97	45	28	35	67	9	11	80	39	22	89	76	28	58	64	22	47	75	51	85	86	40	26	75	80	24	65	99	34	47	68	1	56	28	79	7	26	71	37	92	92	22	15	55	44	91	34	49	99	8	96	44	83	71	
17	35	10	99	83	97	86	76	79	58	27	30	47	43	24	84	32	44	59	67	15	99	33	88	5	50	68	84	74	60	31	6	69	52	6	33	7	47	-1	75	32	56	75	42	10	71	39	78	26	83	81	60	21	54	37	71	12	47	3	100	24	30	38	72	62	99	7	67	20	99	78	27	5	60	26	98	9	59	27	7	5	25	91	42	58	5	58	11	92	71	23	57	32	26	70	52	65	21	63	43	
24	53	9	79	62	60	23	41	40	14	19	59	27	1	35	47	6	51	66	7	16	48	85	36	11	23	57	64	42	65	60	7	27	86	18	87	98	4	75	-1	31	49	11	18	5	6	62	74	1	78	36	50	90	22	24	50	33	54	86	98	43	92	91	54	6	48	23	84	17	39	86	29	65	58	55	87	9	69	13	98	98	15	54	2	52	46	95	29	75	42	68	4	65	67	32	75	75	93	37	81	
50	79	9	60	42	49	94	72	29	81	22	18	32	28	1	87	55	82	75	76	72	47	67	48	93	63	19	69	66	44	35	56	19	94	79	84	10	81	32	31	-1	7	53	99	9	17	28	58	11	77	85	97	14	19	6	34	58	23	26	36	41	84	99	22	9	52	11	85	64	14	36	47	90	10	25	74	59	92	74	37	3	28	87	8	90	89	99	94	87	60	90	94	70	31	92	31	61	49	4	37	
45	64	98	77	60	62	70	34	46	39	64	59	44	13	85	66	10	54	54	29	75	15	6	77	84	21	88	65	20	57	97	4	60	71	28	55	60	13	56	49	7	-1	76	1	62	23	1	95	45	67	39	1	20	38	45	42	33	96	45	43	83	88	61	75	56	99	54	33	38	39	75	31	87	94	93	24	34	64	100	17	64	82	60	61	7	75	89	84	46	88	84	54	29	62	20	71	42	62	15	77	
26	66	50	65	80	14	98	14	55	35	27	34	40	20	41	69	60	84	84	31	35	92	54	41	41	90	34	48	46	31	33	22	91	71	20	90	34	46	75	11	53	76	-1	96	26	40	27	27	75	13	45	60	39	48	61	63	3	92	100	14	27	25	50	7	28	99	69	17	70	7	41	91	12	99	60	70	73	12	92	88	48	21	97	60	10	5	31	48	34	85	13	1	37	43	19	26	76	38	13	39	
96	61	73	27	23	38	53	67	60	70	83	36	51	25	19	77	64	91	71	95	59	51	81	94	23	5	24	62	94	90	46	69	3	40	14	49	15	65	42	18	99	1	96	-1	91	36	36	76	23	32	17	8	86	19	36	95	33	25	59	99	78	71	90	57	91	80	77	8	51	73	100	10	40	97	14	100	73	57	33	59	20	31	93	7	10	25	95	66	94	80	76	20	3	14	59	86	74	69	71	52	
61	34	62	20	22	34	19	52	59	50	86	29	74	96	100	83	76	18	4	2	13	76	41	20	87	76	51	62	34	78	93	96	58	17	46	16	100	92	10	5	9	62	26	91	-1	8	13	88	92	12	95	7	48	95	91	96	74	79	31	71	38	21	93	95	84	47	100	75	44	18	37	81	94	68	31	84	93	84	64	72	67	32	6	5	41	3	26	80	73	56	58	76	17	92	97	85	22	92	15	86	
53	59	61	52	56	42	74	75	26	29	72	79	34	2	97	72	18	46	93	98	16	56	58	49	35	62	78	63	29	91	56	65	6	23	64	62	67	5	71	6	17	23	40	36	8	-1	69	49	49	93	33	99	100	43	37	87	97	63	23	56	84	23	53	40	53	1	42	56	50	8	73	29	39	40	54	73	78	13	73	22	62	18	87	16	26	17	2	21	54	98	80	88	74	90	99	82	6	97	27	33	
92	19	28	52	91	31	33	73	78	92	84	38	34	56	61	32	65	94	34	8	10	45	19	53	21	16	15	71	75	38	69	35	98	30	98	10	31	97	39	62	28	1	27	36	13	69	-1	4	6	81	38	64	21	43	54	57	69	80	31	88	41	65	48	14	85	83	58	9	69	51	48	75	1	8	73	47	25	36	25	68	83	89	89	15	55	81	47	79	74	52	66	79	2	6	5	56	28	21	2	47	
83	94	31	95	44	63	23	19	94	46	47	1	42	35	65	69	98	27	96	11	9	31	67	47	40	44	43	41	64	52	19	8	38	65	85	89	79	45	78	74	58	95	27	76	88	49	4	-1	27	75	41	5	33	82	53	45	76	67	50	10	26	30	88	10	16	61	45	86	87	3	85	22	96	6	17	63	6	66	21	48	45	88	81	66	97	43	63	40	23	22	42	17	32	75	66	67	76	94	90	76	
28	57	15	27	63	15	92	81	52	85	17	82	19	13	34	28	87	86	49	77	35	2	88	67	71	66	25	58	33	81	15	23	34	35	70	5	45	28	26	1	11	45	75	23	92	49	6	27	-1	77	56	78	7	47	30	23	1	50	84	19	68	22	23	5	83	14	51	5	72	33	89	20	99	100	12	95	39	28	28	8	98	15	80	100	92	33	64	14	52	97	51	97	94	47	35	62	64	48	45	20	
95	16	27	56	93	35	6	60	46	71	13	52	84	91	5	10	89	13	87	56	75	27	52	49	26	47	97	72	29	61	92	75	51	34	90	64	77	35	83	78	77	67	13	32	12	93	81	75	77	-1	20	64	22	48	14	7	38	38	54	56	68	5	24	54	86	71	42	23	27	100	21	62	82	85	88	99	12	50	41	98	45	13	66	96	3	73	79	37	59	97	4	35	13	39	41	13	98	11	57	44	
58	30	29	5	36	73	28	74	84	10	7	16	98	75	29	51	83	42	8	95	30	94	9	79	49	2	12	54	84	37	12	20	23	74	29	58	14	67	81	36	85	39	45	17	95	33	38	41	56	20	-1	64	36	32	98	45	16	12	15	3	83	30	77	47	82	60	70	7	29	58	13	34	3	21	98	95	80	27	57	85	4	36	46	13	58	29	100	80	55	99	23	83	24	98	32	92	97	23	46	39	
4	72	99	21	57	72	95	80	81	6	45	93	80	87	35	37	98	93	84	61	6	31	27	85	61	61	69	18	38	1	94	38	75	57	42	46	22	9	60	50	97	1	60	8	7	99	64	5	78	64	64	-1	27	6	68	88	84	4	32	35	50	44	90	93	2	56	69	45	22	7	1	44	64	17	74	56	85	70	88	99	92	78	11	30	27	97	37	3	72	26	86	52	52	9	23	17	89	58	14	89	
35	64	86	36	68	36	86	71	72	40	68	81	98	14	88	56	85	97	58	4	74	2	7	78	72	83	58	13	49	32	41	42	82	3	62	89	84	11	21	90	14	20	39	86	48	100	21	33	7	22	36	27	-1	64	52	77	31	73	37	9	23	93	54	44	32	1	87	10	8	9	89	1	30	28	27	95	94	38	22	73	90	45	52	37	68	68	98	79	24	9	5	27	43	58	46	5	100	87	80	10	
52	36	5	71	46	50	59	42	48	61	18	8	46	76	81	87	13	45	50	12	90	43	48	51	85	31	49	33	39	52	22	51	16	94	59	25	6	80	54	22	19	38	48	19	95	43	43	82	47	48	32	6	64	-1	61	98	63	47	1	78	83	56	34	8	7	67	62	86	86	81	34	70	34	27	40	32	63	21	72	39	62	51	57	13	23	36	6	68	51	68	97	15	74	53	74	14	72	70	24	25	
89	54	31	51	16	90	2	76	6	22	89	46	42	90	49	48	1	62	52	2	98	31	92	78	96	30	15	81	55	29	27	56	77	17	54	59	57	39	37	24	6	45	61	36	91	37	54	53	30	14	98	68	52	61	-1	82	18	3	19	71	23	81	33	92	34	94	12	33	1	70	77	86	4	54	12	73	32	5	31	15	61	49	52	76	57	48	8	58	78	84	45	39	100	90	6	12	39	86	65	53	
60	85	10	79	100	77	46	7	97	29	21	56	40	42	73	69	49	11	94	60	10	67	65	97	84	96	13	37	26	25	49	94	74	11	19	69	18	22	71	50	34	42	63	95	96	87	57	45	23	7	45	88	77	98	82	-1	48	12	42	9	53	45	34	32	46	58	19	96	49	80	6	4	9	83	44	40	43	12	97	16	73	92	6	11	31	55	70	92	95	41	32	34	80	12	27	89	26	34	97	3	
56	39	33	89	53	34	54	43	92	44	84	31	20	33	38	87	31	1	65	50	76	8	47	9	16	42	60	12	76	35	12	61	66	66	58	46	4	89	12	33	58	33	3	33	74	97	69	76	1	38	16	84	31	63	18	48	-1	4	57	72	56	14	24	14	22	89	87	40	76	27	86	89	76	63	70	84	47	83	88	43	7	72	86	57	56	61	59	59	28	75	27	94	52	99	7	24	100	49	34	16	
47	76	6	67	21	89	16	83	29	45	78	6	72	74	44	36	50	73	61	43	98	9	47	66	85	45	44	48	100	34	37	96	54	31	59	74	94	76	47	54	23	96	92	25	79	63	80	67	50	38	12	4	73	47	3	12	4	-1	37	89	84	43	73	11	25	9	29	27	98	99	78	41	23	82	65	51	65	55	69	1	34	37	100	68	17	84	44	14	76	23	7	57	10	56	28	42	46	30	76	84	
47	99	62	11	84	35	17	3	44	3	2	57	76	79	57	77	76	2	30	75	4	35	74	12	92	84	100	27	24	58	90	7	39	48	77	95	83	28	3	86	26	45	100	59	31	23	31	50	84	54	15	32	37	1	19	42	57	37	-1	25	24	97	57	8	100	32	95	98	7	25	11	83	7	27	66	49	33	89	97	61	35	16	76	1	13	10	13	85	52	6	85	40	42	21	78	56	65	97	42	52	
15	84	55	8	34	60	63	77	26	48	29	26	49	2	26	73	61	27	81	10	27	48	75	88	64	82	35	77	27	58	40	95	76	38	93	61	51	58	100	98	36	43	14	99	71	56	88	10	19	56	3	35	9	78	71	9	72	89	25	-1	34	95	24	41	33	14	41	75	78	74	70	34	14	11	25	36	32	22	39	88	21	60	35	84	42	73	88	7	44	83	76	26	20	20	49	68	24	61	53	80	
64	63	16	50	79	76	56	83	95	41	95	73	14	75	57	100	36	45	58	46	58	26	44	31	34	78	86	82	19	64	65	56	100	51	23	70	9	64	24	43	41	83	27	78	38	84	41	26	68	68	83	50	23	83	23	53	56	84	24	34	-1	57	12	96	66	99	59	92	40	98	38	93	97	39	66	10	51	78	51	60	66	85	67	88	69	80	72	90	21	34	88	32	26	73	47	92	93	14	81	43	
43	93	45	16	30	47	94	49	79	61	2	96	11	87	28	10	81	91	83	46	95	47	98	24	42	39	2	60	50	48	77	85	37	53	44	2	17	22	30	92	84	88	25	71	21	23	65	30	22	5	30	44	93	56	81	45	14	43	97	95	57	-1	47	28	100	2	84	88	100	65	40	3	17	93	28	51	81	46	40	100	99	2	51	5	67	53	56	98	63	69	7	31	85	79	7	68	53	23	43	98	
86	99	56	14	79	4	16	25	1	35	59	17	57	74	100	65	94	35	87	48	1	72	87	82	46	1	56	10	34	16	80	25	58	90	47	99	47	47	38	91	99	61	50	90	93	53	48	88	23	24	77	90	54	34	33	34	24	73	57	24	12	47	-1	66	57	99	38	72	9	21	60	9	23	7	59	13	2	34	92	57	94	19	32	11	28	69	73	30	79	80	67	49	64	4	47	47	53	85	33	88	
76	22	88	66	39	93	52	6	16	49	85	11	36	9	42	4	63	74	4	90	25	35	77	5	27	85	26	15	22	36	71	88	47	10	30	4	69	75	72	54	22	75	7	57	95	40	14	10	5	54	47	93	44	8	92	32	14	11	8	41	96	28	66	-1	85	65	39	19	3	86	37	97	29	47	98	8	75	81	11	49	93	94	10	30	61	68	6	72	28	55	33	16	62	1	38	73	27	9	100	70	
81	44	78	9	95	2	34	28	57	33	94	40	81	96	16	16	41	23	10	1	99	57	33	97	96	6	88	68	91	38	8	81	35	58	30	58	58	51	62	6	9	56	28	91	84	53	85	16	83	86	82	2	32	7	34	46	22	25	100	33	66	100	57	85	-1	37	38	82	40	80	57	77	14	26	81	99	35	79	63	62	19	81	53	28	78	39	42	67	33	31	27	36	35	95	64	3	3	90	66	3	
26	95	55	94	80	95	95	54	87	99	45	49	78	31	6	49	16	38	76	28	57	28	75	66	76	87	28	95	1	51	96	22	94	37	38	53	55	85	99	48	52	99	99	80	47	1	83	61	14	71	60	56	1	67	94	58	89	9	32	14	99	2	99	65	37	-1	66	75	92	32	64	12	76	96	30	26	83	31	14	76	31	44	58	47	11	73	10	49	24	42	89	5	35	93	82	29	87	46	35	57	
80	93	100	20	38	51	70	17	11	8	97	24	34	18	78	61	34	65	1	99	78	100	14	66	27	43	90	44	53	83	91	46	95	90	55	98	100	86	7	23	11	54	69	77	100	42	58	45	51	42	70	69	87	62	12	19	87	29	95	41	59	84	38	39	38	66	-1	80	11	94	79	60	35	65	95	90	66	91	18	36	100	41	57	33	95	11	80	27	38	52	100	89	60	23	35	28	52	43	98	6	
47	59	12	6	53	34	93	3	21	26	89	80	37	53	73	84	33	52	39	63	62	35	34	8	5	60	18	50	54	98	38	59	29	94	94	69	64	40	67	84	85	33	17	8	75	56	9	86	5	23	7	45	10	86	33	96	40	27	98	75	92	88	72	19	82	75	80	-1	50	31	75	11	42	78	42	80	67	42	86	22	3	92	36	9	57	23	91	84	35	76	12	18	77	30	24	93	97	89	87	49	
69	71	15	32	67	64	38	59	40	67	34	65	19	29	34	35	74	70	62	52	61	95	29	73	58	85	58	47	41	81	97	61	93	91	57	55	66	26	20	17	64	38	70	51	44	50	69	87	72	27	29	22	8	86	1	49	76	98	7	78	40	100	9	3	40	92	11	50	-1	97	53	24	85	82	71	10	82	50	11	69	48	29	12	70	34	31	16	95	23	45	85	98	14	36	22	19	34	22	10	44	
43	38	44	4	9	66	6	79	21	57	1	39	79	89	23	81	63	28	93	60	13	1	21	3	91	39	76	50	6	18	72	29	60	43	18	9	97	75	99	39	14	39	7	73	18	8	51	3	33	100	58	7	9	81	70	80	27	99	25	74	98	65	21	86	80	32	94	31	97	-1	22	16	58	57	44	84	22	68	47	48	65	62	23	82	72	35	64	9	48	75	17	12	71	70	62	10	77	20	80	33	
5	61	8	100	87	60	31	30	39	70	59	5	1	2	5	69	45	54	23	40	39	47	7	29	32	15	80	7	83	52	72	6	30	90	5	77	88	80	78	86	36	75	41	100	37	73	48	85	89	21	13	1	89	34	77	6	86	78	11	70	38	40	60	37	57	64	79	75	53	22	-1	46	40	92	55	31	10	34	38	37	76	23	71	21	34	94	70	47	4	83	27	96	24	45	80	29	67	5	17	21	
79	30	79	72	8	99	39	93	73	60	3	45	48	20	2	3	100	56	49	82	60	23	76	10	40	58	16	6	91	73	58	84	42	24	75	18	95	24	27	29	47	31	91	10	81	29	75	22	20	62	34	44	1	70	86	4	89	41	83	34	93	3	9	97	77	12	60	11	24	16	46	-1	69	2	36	73	40	91	42	8	64	11	6	33	12	55	49	51	29	57	65	80	69	72	6	59	41	4	89	60	
45	7	54	12	50	45	39	84	77	61	14	19	11	100	38	81	61	15	66	68	41	91	14	37	45	33	56	56	30	60	50	11	14	27	91	54	53	65	5	65	90	87	12	40	94	39	1	96	99	82	3	64	30	34	4	9	76	23	7	14	97	17	23	29	14	76	35	42	85	58	40	69	-1	50	19	63	39	75	20	33	35	99	15	22	80	39	73	46	93	55	46	60	83	30	88	35	52	45	38	80	
53	14	25	6	39	30	25	95	22	62	65	96	11	94	54	56	81	14	70	43	61	33	97	31	81	56	61	14	47	90	33	98	29	49	91	56	100	99	60	58	10	94	99	97	68	40	8	6	100	85	21	17	28	27	54	83	63	82	27	11	39	93	7	47	26	96	65	78	82	57	92	2	50	-1	55	31	33	83	32	70	73	98	62	29	63	62	48	30	17	57	93	26	66	80	71	67	28	98	25	61	
19	78	5	34	48	5	22	44	26	76	37	40	81	69	46	64	53	64	80	60	38	72	55	59	61	27	87	86	64	46	82	25	55	97	50	20	97	34	26	55	25	93	60	14	31	54	73	17	12	88	98	74	27	40	12	44	70	65	66	25	66	28	59	98	81	30	95	42	71	44	55	36	19	55	-1	4	52	79	9	81	2	18	9	48	34	49	4	62	92	48	57	37	94	31	69	80	21	41	94	46	
91	71	73	36	84	100	92	15	36	79	27	34	46	53	29	53	96	43	93	24	41	47	38	22	18	48	67	10	75	67	13	32	10	39	10	43	35	47	98	87	74	24	70	100	84	73	47	63	95	99	95	56	95	32	73	40	84	51	49	36	10	51	13	8	99	26	90	80	10	84	31	73	63	31	4	-1	67	57	69	66	38	8	87	36	48	49	56	2	41	41	96	45	46	55	19	78	28	3	27	97	
59	80	31	87	90	96	81	24	49	65	97	73	95	19	20	51	86	57	92	91	82	68	98	49	30	56	92	64	50	48	25	96	54	46	36	14	53	68	9	9	59	34	73	73	93	78	25	6	39	12	80	85	94	63	32	43	47	65	33	32	51	81	2	75	35	83	66	67	82	22	10	40	39	33	52	67	-1	93	37	43	48	72	77	18	15	27	44	72	11	3	18	16	92	28	85	11	24	43	100	88	
39	86	28	13	33	92	57	14	37	9	85	7	15	53	41	60	12	71	86	39	65	59	9	77	18	57	48	91	14	90	31	92	14	74	20	42	65	1	59	69	92	64	12	57	84	13	36	66	28	50	27	70	38	21	5	12	83	55	89	22	78	46	34	81	79	31	91	42	50	68	34	91	75	83	79	57	93	-1	65	92	25	72	42	37	20	84	72	94	94	100	30	52	69	11	51	79	96	81	15	71	
16	48	83	3	1	32	43	93	11	74	37	23	1	9	85	29	81	32	53	97	58	28	9	65	24	28	79	41	9	61	20	13	68	94	7	75	23	56	27	13	74	100	92	33	64	73	25	21	28	41	57	88	22	72	31	97	88	69	97	39	51	40	92	11	63	14	18	86	11	47	38	42	20	32	9	69	37	65	-1	25	91	57	54	13	85	99	42	59	84	59	42	77	79	100	69	15	43	4	63	94	
72	45	36	62	47	50	84	86	65	99	74	31	44	3	74	99	66	73	15	66	79	85	59	40	76	20	10	83	54	91	2	27	56	25	39	91	2	28	7	98	37	17	88	59	72	22	68	48	8	98	85	99	73	39	15	16	43	1	61	88	60	100	57	49	62	76	36	22	69	48	37	8	33	70	81	66	43	92	25	-1	86	89	83	40	32	77	45	77	87	91	61	86	1	30	60	95	83	44	84	66	
9	45	56	8	78	30	70	36	96	82	68	56	73	93	88	6	61	94	87	84	25	34	99	17	86	23	12	33	74	86	89	56	79	84	70	99	96	79	5	98	3	64	48	20	67	62	83	45	98	45	4	92	90	62	61	73	7	34	35	21	66	99	94	93	19	31	100	3	48	65	76	64	35	73	2	38	48	25	91	86	-1	29	23	98	25	43	31	87	88	62	80	99	68	62	57	39	68	42	66	76	
75	39	11	17	76	78	41	21	45	89	26	54	77	9	5	6	9	67	45	65	26	87	88	59	2	97	54	37	86	29	23	3	77	44	79	91	61	7	25	15	28	82	21	31	32	18	89	88	15	13	36	78	45	51	49	92	72	37	16	60	85	2	19	94	81	44	41	92	29	62	23	11	99	98	18	8	72	72	57	89	29	-1	26	43	78	45	44	6	87	76	64	97	34	67	56	74	98	94	26	60	
33	26	32	91	13	1	82	95	59	78	66	22	94	20	70	60	94	99	74	72	40	45	82	18	8	55	49	85	58	82	71	58	19	47	64	88	23	26	91	54	87	60	97	93	6	87	89	81	80	66	46	11	52	57	52	6	86	100	76	35	67	51	32	10	53	58	57	36	12	23	71	6	15	62	9	87	77	42	54	83	23	26	-1	68	3	59	38	33	30	86	55	23	71	47	45	61	56	13	88	44	
62	85	87	94	98	56	39	63	65	57	43	55	3	68	95	88	58	50	44	48	52	43	37	20	96	29	45	1	55	35	91	43	43	37	64	23	47	71	42	2	8	61	60	7	5	16	15	66	100	96	13	30	37	13	76	11	57	68	1	84	88	5	11	30	28	47	33	9	70	82	21	33	22	29	48	36	18	37	13	40	98	43	68	-1	79	97	41	81	32	24	14	41	2	54	8	71	32	4	52	81	
15	17	40	42	100	86	83	34	87	46	31	53	56	70	5	39	79	52	30	2	99	27	59	83	2	24	86	17	55	63	59	59	65	14	49	13	51	37	58	52	90	7	10	10	41	26	55	97	92	3	58	27	68	23	57	31	56	17	13	42	69	67	28	61	78	11	95	57	34	72	34	12	80	63	34	48	15	20	85	32	25	78	3	79	-1	81	67	77	70	21	82	75	6	50	26	20	54	37	80	55	
54	18	78	48	4	33	40	72	97	65	47	26	46	27	14	27	31	65	85	25	72	32	5	33	32	46	59	98	48	17	99	19	89	78	46	23	26	92	5	46	89	75	5	25	3	17	81	43	33	73	29	97	68	36	48	55	61	84	10	73	80	53	69	68	39	73	11	23	31	35	94	55	39	62	49	49	27	84	99	77	43	45	59	97	81	-1	53	63	27	14	11	90	10	74	30	17	36	30	38	10	
62	11	1	47	15	14	27	40	6	43	6	90	84	96	85	32	1	37	84	94	18	27	60	17	20	86	41	96	19	11	76	2	97	24	54	76	27	92	58	95	99	89	31	95	26	2	47	63	64	79	100	37	98	6	8	70	59	44	13	88	72	56	73	6	42	10	80	91	16	64	70	49	73	48	4	56	44	72	42	45	31	44	38	41	67	53	-1	50	60	61	29	73	91	15	98	65	94	18	62	77	
61	25	95	19	49	43	44	41	5	70	8	35	17	76	87	50	95	6	36	8	55	40	71	16	53	41	56	95	68	54	39	91	94	26	41	39	9	22	11	29	94	84	48	66	80	21	79	40	14	37	80	3	79	68	58	92	59	14	85	7	90	98	30	72	67	49	27	84	95	9	47	51	46	30	62	2	72	94	59	77	87	6	33	81	77	63	50	-1	84	17	32	8	100	62	17	39	74	53	12	36	
18	68	48	38	23	13	44	12	5	35	17	91	100	73	71	92	17	28	19	35	72	33	29	75	95	23	11	69	18	10	20	51	70	43	42	47	87	15	92	75	87	46	34	94	73	54	74	23	52	59	55	72	24	51	78	95	28	76	52	44	21	63	79	28	33	24	38	35	23	48	4	29	93	17	92	41	11	94	84	87	88	87	30	32	70	27	60	84	-1	11	95	20	62	45	76	94	98	87	97	75	
26	79	44	96	71	48	92	65	45	85	95	74	41	55	11	86	17	54	69	8	55	66	89	57	35	68	38	35	62	69	12	54	24	48	20	76	61	55	71	42	60	88	85	80	56	98	52	22	97	97	99	26	9	68	84	41	75	23	6	83	34	69	80	55	31	42	52	76	45	75	83	57	55	57	48	41	3	100	59	91	62	76	86	24	21	14	61	17	11	-1	89	100	64	22	11	5	35	74	52	64	
46	95	64	45	71	56	3	14	88	21	64	6	64	64	72	59	53	53	36	1	38	61	6	53	98	65	42	71	40	84	42	47	51	7	24	21	91	44	23	68	90	84	13	76	58	80	66	42	51	4	23	86	5	97	45	32	27	7	85	76	88	7	67	33	27	89	100	12	85	17	27	65	46	93	57	96	18	30	42	61	80	64	55	14	82	11	29	32	95	89	-1	63	55	77	34	90	9	53	81	32	
96	28	61	1	89	44	46	83	32	87	84	46	19	23	52	11	36	68	31	41	11	28	60	53	73	66	33	3	43	87	95	79	23	53	25	43	64	91	57	4	94	54	1	20	76	88	79	17	97	35	83	52	27	15	39	34	94	57	40	26	32	31	49	16	36	5	89	18	98	12	96	80	60	26	37	45	16	52	77	86	99	97	23	41	75	90	73	8	20	100	63	-1	57	8	46	59	71	48	33	72	
86	48	9	29	18	74	81	60	79	20	97	63	53	79	27	22	70	81	48	51	75	53	90	88	24	13	91	85	41	66	71	97	38	20	28	50	91	34	32	65	70	29	37	3	17	74	2	32	94	13	24	52	43	74	100	80	52	10	42	20	26	85	64	62	35	35	60	77	14	71	24	69	83	66	94	46	92	69	79	1	68	34	71	2	6	10	91	100	62	64	55	57	-1	47	78	91	39	28	15	63	
59	60	88	92	43	58	59	66	64	64	99	35	24	11	52	71	46	63	29	78	61	40	35	21	53	1	13	14	81	86	40	85	76	77	62	92	33	49	26	67	31	62	43	14	92	90	6	75	47	39	98	9	58	53	90	12	99	56	21	20	73	79	4	1	95	93	23	30	36	70	45	72	30	80	31	55	28	11	100	30	62	67	47	54	50	74	15	62	45	22	77	8	47	-1	30	21	100	96	26	2	
56	20	80	1	33	72	75	31	44	3	7	67	67	94	16	99	1	4	75	48	18	45	7	8	31	69	8	32	64	75	32	38	29	72	66	51	4	99	70	32	92	20	19	59	97	99	5	66	35	41	32	23	46	74	6	27	7	28	78	49	47	7	47	38	64	82	35	24	22	62	80	6	88	71	69	19	85	51	69	60	57	56	45	8	26	30	98	17	76	11	34	46	78	30	-1	27	25	51	55	38	
89	9	100	43	10	44	96	16	60	65	27	8	3	5	42	64	96	100	98	64	56	84	82	24	52	80	2	27	49	33	27	96	99	15	77	91	6	8	52	75	31	71	26	86	85	82	56	67	62	13	92	17	5	14	12	89	24	42	56	68	92	68	47	73	3	29	28	93	19	10	29	59	35	67	80	78	11	79	15	95	39	74	61	71	20	17	65	39	94	5	90	59	91	21	27	-1	30	17	88	81	
89	4	90	34	93	13	18	70	16	2	34	47	40	53	82	91	48	8	35	78	85	72	56	62	35	83	41	10	7	72	76	78	93	32	22	61	74	96	65	75	61	42	76	74	22	6	28	76	64	98	97	89	100	72	39	26	100	46	65	24	93	53	53	27	3	87	52	97	34	77	67	41	52	28	21	28	24	96	43	83	68	98	56	32	54	36	94	74	98	35	9	71	39	100	25	30	-1	62	11	16	
74	9	28	23	9	37	5	2	43	3	86	56	82	89	41	22	89	33	64	36	83	35	30	57	13	86	43	39	86	82	47	2	51	88	6	67	96	44	21	93	49	62	38	69	92	97	21	94	48	11	23	58	87	70	86	34	49	30	97	61	14	23	85	9	90	46	43	89	22	20	5	4	45	98	41	3	43	81	4	44	42	94	13	4	37	30	18	53	87	74	53	48	28	96	51	17	62	-1	11	62	
58	46	10	29	44	2	88	32	12	37	18	34	77	44	93	97	77	10	71	86	81	17	64	38	17	86	81	11	76	63	50	41	68	37	63	1	43	83	63	37	4	15	13	71	15	27	2	90	45	57	46	14	80	24	65	97	34	76	42	53	81	43	33	100	66	35	98	87	10	80	17	89	38	25	94	27	100	15	63	84	66	26	88	52	80	38	62	12	97	52	81	33	15	26	55	88	11	11	-1	3	
44	23	25	30	89	64	42	49	4	67	59	37	79	84	30	34	64	79	56	45	60	81	30	69	12	49	43	79	8	61	13	82	50	63	13	7	42	71	43	81	37	77	39	52	86	33	47	76	20	44	39	89	10	25	53	3	16	84	52	80	43	98	88	70	3	57	6	49	44	33	21	60	80	61	46	97	88	71	94	66	76	60	44	81	55	10	77	36	75	64	32	72	63	2	38	81	16	62	3	-1	
