100
-1	75	99	89	35	37	3	54	92	54	56	39	84	51	51	35	23	77	84	60	97	19	36	20	34	64	16	12	18	83	66	38	92	8	32	71	16	43	66	45	5	87	95	49	84	18	59	47	91	95	55	80	1	76	57	57	83	3	30	10	18	50	9	6	81	74	66	69	17	56	7	21	31	69	82	53	23	68	63	35	59	73	91	25	81	29	9	87	100	51	64	15	68	57	25	16	81	63	10	51	
75	-1	58	71	43	30	86	81	36	87	54	89	88	94	69	99	80	50	89	90	11	73	22	33	68	1	4	62	93	29	68	63	35	1	82	85	29	21	86	95	69	100	24	80	65	79	38	52	7	99	56	80	95	13	17	96	52	25	41	1	1	37	25	16	69	15	51	41	73	36	54	70	26	90	92	78	38	84	18	5	82	28	39	91	38	2	25	81	92	27	21	47	81	65	41	19	72	77	79	85	
99	58	-1	56	56	47	59	42	38	9	62	31	100	61	86	80	42	47	58	94	32	22	52	86	64	2	84	14	67	36	66	65	83	67	73	5	90	93	69	50	41	8	85	45	47	26	46	34	63	5	58	98	99	19	96	64	6	61	67	23	33	38	37	31	13	35	98	92	80	24	1	40	45	13	39	91	81	6	29	74	60	96	38	91	59	34	90	18	39	66	93	8	18	75	36	79	60	26	100	34	
89	71	56	-1	36	72	79	70	44	64	91	62	22	33	37	91	53	87	55	99	4	85	5	30	33	65	33	82	73	79	26	79	2	66	18	26	97	40	14	55	49	57	81	24	91	7	91	69	11	65	41	21	58	92	66	50	6	65	32	3	52	17	59	33	64	1	73	40	34	70	15	40	83	39	94	92	70	64	42	57	16	35	31	1	10	49	57	86	25	56	41	42	6	30	80	69	91	100	20	29	
35	43	56	36	-1	89	72	73	28	24	44	50	55	12	12	59	30	70	61	5	64	46	83	17	72	38	16	53	76	51	90	89	73	69	15	60	20	65	91	45	23	27	94	12	19	34	90	9	24	51	19	81	13	55	25	10	42	76	74	36	99	2	77	77	99	40	18	64	89	30	42	70	18	32	94	85	63	14	15	42	4	61	77	52	24	54	44	61	87	21	50	61	14	9	70	61	59	59	4	13	
37	30	47	72	89	-1	52	20	15	85	36	95	71	44	47	70	35	70	97	43	54	53	58	29	44	82	28	36	11	45	38	51	23	44	91	97	51	27	42	71	28	13	97	84	7	10	76	12	2	94	55	60	23	89	50	98	97	40	80	65	83	75	94	9	86	59	65	72	25	33	34	79	43	3	45	19	68	7	29	22	4	74	62	22	8	43	48	8	82	32	55	68	40	48	54	93	52	25	44	23	
3	86	59	79	72	52	-1	79	68	13	80	53	27	57	4	7	66	2	74	100	57	63	24	57	37	77	42	45	73	89	58	79	99	34	12	81	87	21	30	16	71	78	3	25	16	100	87	96	64	99	82	19	84	30	74	34	99	40	14	4	40	51	89	84	5	63	78	68	81	79	97	30	95	5	46	94	55	7	4	27	44	37	53	93	86	61	96	90	66	53	3	76	65	68	70	91	85	12	32	47	
54	81	42	70	73	20	79	-1	98	34	36	99	95	46	2	95	23	100	67	48	31	12	27	22	16	18	30	98	18	77	53	53	71	96	93	19	96	97	48	88	23	94	47	21	36	70	36	6	21	69	77	90	52	94	80	46	22	60	32	15	2	14	44	94	70	20	95	13	38	83	31	96	27	64	10	78	90	20	38	37	8	62	44	70	76	1	48	68	35	35	6	50	47	83	84	61	67	51	62	33	
92	36	38	44	28	15	68	98	-1	82	73	22	47	43	43	54	78	68	16	70	100	1	53	66	96	46	64	39	70	51	92	41	38	48	77	49	52	26	65	68	63	9	19	92	21	58	56	89	43	90	27	22	81	72	16	53	24	79	88	89	30	87	2	3	62	82	34	47	72	94	95	95	3	74	86	40	65	85	25	44	51	50	64	52	67	20	83	99	66	35	59	66	33	51	38	13	89	61	41	82	
54	87	9	64	24	85	13	34	82	-1	57	52	40	13	41	70	13	40	33	27	68	28	32	13	15	15	13	97	80	79	53	9	7	6	30	6	26	4	12	72	90	31	15	32	24	73	84	100	52	91	11	45	29	99	36	90	16	67	48	52	65	84	2	42	40	78	47	77	60	58	75	11	90	60	93	57	100	71	93	41	36	93	92	23	78	63	100	26	80	27	32	85	21	56	53	45	44	12	42	40	
56	54	62	91	44	36	80	36	73	57	-1	28	41	6	80	92	42	5	7	83	90	84	41	71	45	4	100	85	78	79	48	31	17	1	23	93	18	26	75	17	42	13	34	76	100	89	88	92	14	33	23	81	28	21	91	12	45	42	77	77	82	51	50	35	88	22	19	88	38	1	55	3	30	90	19	14	98	59	86	99	74	34	1	98	64	60	56	24	56	76	9	47	62	78	68	42	24	68	77	6	
39	89	31	62	50	95	53	99	22	52	28	-1	40	74	90	20	42	41	12	13	13	73	31	32	92	63	92	35	26	72	7	49	43	76	77	78	21	9	16	43	42	16	32	11	92	60	56	2	4	76	57	6	40	7	54	87	98	82	41	51	58	18	25	74	32	15	85	50	13	12	43	74	56	76	36	28	46	64	32	25	78	33	53	20	23	21	61	41	26	21	83	35	20	78	93	67	84	5	60	72	
84	88	100	22	55	71	27	95	47	40	41	40	-1	69	11	43	16	15	96	7	76	70	74	42	43	91	94	21	43	18	67	64	81	39	14	75	70	21	84	40	73	91	89	86	79	9	45	48	96	99	30	78	36	13	66	88	58	3	69	44	27	69	76	84	71	33	63	1	100	83	56	2	11	14	21	8	3	29	80	34	19	21	96	11	15	41	3	35	13	1	47	91	49	32	5	81	56	36	40	100	
51	94	61	33	12	44	57	46	43	13	6	74	69	-1	97	47	65	50	50	7	51	58	68	45	26	12	31	23	56	58	85	67	35	66	65	47	79	94	48	11	63	22	23	76	23	100	66	70	37	36	100	95	36	59	63	21	52	70	62	50	68	63	10	88	60	31	49	28	59	100	61	30	7	84	4	13	91	58	98	54	50	81	87	35	36	60	35	2	14	73	84	47	97	89	51	50	71	90	41	32	
51	69	86	37	12	47	4	2	43	41	80	90	11	97	-1	45	89	15	57	56	14	79	39	91	18	53	21	37	49	11	78	79	64	28	82	51	57	11	85	42	60	95	15	40	12	33	80	70	94	2	13	9	37	69	10	44	15	84	5	81	11	50	11	28	36	15	6	93	29	73	7	9	25	90	25	62	37	94	90	66	39	6	64	85	49	41	18	70	10	34	24	88	12	30	88	89	28	27	35	50	
35	99	80	91	59	70	7	95	54	70	92	20	43	47	45	-1	42	9	51	4	88	16	74	87	12	71	47	69	39	44	63	25	21	7	51	28	51	15	81	48	4	86	92	32	15	61	39	23	19	72	56	68	44	78	1	13	61	89	3	54	67	55	75	57	97	24	98	48	13	28	87	38	78	99	7	30	33	3	80	68	61	57	26	85	46	44	98	29	46	14	75	63	51	43	15	25	99	95	45	24	
23	80	42	53	30	35	66	23	78	13	42	42	16	65	89	42	-1	60	3	44	58	2	28	49	63	40	39	28	21	71	36	97	67	37	40	36	7	4	32	9	42	77	73	78	65	84	33	10	61	13	71	31	56	49	9	97	10	49	80	73	77	98	30	5	69	18	92	73	11	14	99	55	40	92	72	82	60	19	92	79	27	88	13	12	36	35	90	2	25	71	67	86	82	62	1	50	13	80	83	44	
77	50	47	87	70	70	2	100	68	40	5	41	15	50	15	9	60	-1	16	58	53	23	77	62	60	86	83	45	46	2	98	52	83	63	53	47	100	41	26	31	3	51	34	90	60	32	57	4	94	1	60	64	44	95	8	12	85	33	62	77	74	61	18	98	88	80	21	14	6	91	70	52	16	39	86	51	24	83	30	98	63	49	93	29	32	45	91	25	60	85	41	37	1	38	30	13	69	71	66	7	
84	89	58	55	61	97	74	67	16	33	7	12	96	50	57	51	3	16	-1	93	64	85	12	99	68	9	20	59	67	32	21	65	2	56	29	19	87	88	42	56	17	52	21	98	16	55	38	56	97	4	35	55	4	66	11	35	37	97	14	40	17	94	98	25	61	73	75	59	28	64	58	6	53	46	98	81	71	77	37	47	96	5	50	31	84	15	11	8	94	60	88	23	91	58	36	37	74	91	24	43	
60	90	94	99	5	43	100	48	70	27	83	13	7	7	56	4	44	58	93	-1	44	55	30	73	33	28	80	75	14	20	1	98	25	60	43	70	46	66	25	26	71	96	75	73	86	30	40	56	74	43	71	80	39	29	33	13	82	91	18	19	27	76	10	24	25	8	78	2	27	92	63	94	17	23	47	33	95	55	65	62	39	46	17	53	21	29	40	42	66	76	37	61	17	8	2	73	82	78	65	66	
97	11	32	4	64	54	57	31	100	68	90	13	76	51	14	88	58	53	64	44	-1	4	37	89	75	58	77	15	59	44	13	64	32	99	6	6	90	94	32	75	9	10	50	68	97	61	81	70	85	66	86	13	46	44	13	23	97	7	52	31	52	59	55	77	5	64	48	89	31	94	19	89	53	14	64	20	100	97	99	69	60	95	100	13	6	50	99	12	81	56	90	56	55	63	35	99	45	28	15	22	
19	73	22	85	46	53	63	12	1	28	84	73	70	58	79	16	2	23	85	55	4	-1	65	93	40	55	42	31	53	5	53	66	98	72	99	7	39	91	55	60	85	24	78	50	89	90	24	43	75	86	81	33	41	38	51	92	79	40	9	27	74	10	85	8	22	14	58	49	49	15	9	41	89	88	32	79	63	77	96	25	68	84	68	5	8	9	65	89	30	97	45	52	39	31	34	27	47	53	55	20	
36	22	52	5	83	58	24	27	53	32	41	31	74	68	39	74	28	77	12	30	37	65	-1	52	30	34	25	4	20	48	85	53	95	81	60	14	94	90	83	21	82	96	53	51	41	2	4	44	38	22	60	88	69	40	70	65	51	4	12	89	95	61	91	10	35	6	68	41	11	59	91	36	10	71	49	3	41	29	65	37	72	77	9	30	67	56	30	87	36	6	34	78	46	31	32	16	95	36	69	88	
20	33	86	30	17	29	57	22	66	13	71	32	42	45	91	87	49	62	99	73	89	93	52	-1	17	16	65	65	53	2	39	54	25	69	62	21	84	5	76	61	11	72	44	72	14	73	87	69	60	19	66	29	75	53	79	61	88	60	61	3	14	42	89	40	76	26	10	53	31	28	59	37	20	55	8	95	27	80	67	36	86	40	28	34	57	16	14	66	89	24	47	67	33	90	25	33	71	1	35	9	
34	68	64	33	72	44	37	16	96	15	45	92	43	26	18	12	63	60	68	33	75	40	30	17	-1	12	10	28	85	71	65	98	47	51	15	70	49	27	42	70	99	90	62	58	84	76	63	43	62	27	22	77	72	9	85	80	49	65	57	46	71	31	22	42	41	74	10	88	20	44	66	59	80	100	37	59	31	28	97	49	74	20	95	4	38	47	34	37	57	34	27	77	25	93	79	49	9	23	10	81	
64	1	2	65	38	82	77	18	46	15	4	63	91	12	53	71	40	86	9	28	58	55	34	16	12	-1	63	57	46	13	84	55	35	62	54	81	6	13	47	43	72	66	79	96	32	82	100	76	15	48	52	73	79	41	6	30	38	42	93	73	85	31	41	27	28	13	47	65	67	4	79	33	1	50	47	97	92	3	99	51	34	25	92	42	95	59	2	40	26	61	29	93	36	94	97	63	94	90	96	29	
16	4	84	33	16	28	42	30	64	13	100	92	94	31	21	47	39	83	20	80	77	42	25	65	10	63	-1	15	32	16	1	71	18	94	77	85	40	99	90	35	99	52	32	61	92	91	33	19	28	96	8	57	64	21	19	99	71	98	52	50	31	27	68	80	57	80	89	48	49	89	6	54	98	14	97	7	10	82	32	76	97	18	63	95	22	1	24	79	30	17	96	65	43	68	25	43	23	64	77	7	
12	62	14	82	53	36	45	98	39	97	85	35	21	23	37	69	28	45	59	75	15	31	4	65	28	57	15	-1	99	20	78	67	14	92	46	57	35	43	34	61	90	91	33	94	28	44	14	16	77	52	21	47	66	79	41	49	1	11	4	57	40	59	31	31	3	39	86	61	1	58	10	91	93	46	11	91	27	44	32	8	18	9	40	12	6	24	24	68	45	53	99	47	45	93	29	45	58	75	71	1	
18	93	67	73	76	11	73	18	70	80	78	26	43	56	49	39	21	46	67	14	59	53	20	53	85	46	32	99	-1	26	62	5	21	92	20	84	21	9	47	95	59	60	26	57	73	93	82	21	79	72	62	73	91	95	27	7	90	65	28	21	52	76	17	2	55	38	18	97	76	20	22	94	87	6	48	3	33	98	55	21	74	34	9	35	32	56	57	13	52	13	89	9	83	37	65	30	6	15	46	50	
83	29	36	79	51	45	89	77	51	79	79	72	18	58	11	44	71	2	32	20	44	5	48	2	71	13	16	20	26	-1	13	46	53	62	22	62	19	27	28	80	29	87	22	48	40	44	6	78	27	65	5	23	60	34	25	36	35	89	64	71	48	66	51	97	16	38	71	31	91	76	51	45	45	56	38	28	65	57	78	24	73	20	25	45	39	50	70	57	15	50	4	22	10	62	66	59	66	35	87	13	
66	68	66	26	90	38	58	53	92	53	48	7	67	85	78	63	36	98	21	1	13	53	85	39	65	84	1	78	62	13	-1	48	15	60	48	30	39	46	88	1	82	74	5	78	49	70	65	99	70	75	28	36	61	35	12	10	77	67	38	21	41	65	12	13	68	74	25	98	21	19	74	100	22	49	87	15	89	10	1	11	96	18	93	28	80	55	57	73	76	89	85	43	15	49	24	11	86	70	96	15	
38	63	65	79	89	51	79	53	41	9	31	49	64	67	79	25	97	52	65	98	64	66	53	54	98	55	71	67	5	46	48	-1	62	72	32	17	1	84	45	12	59	93	35	21	24	14	48	29	1	99	1	88	43	60	4	53	94	23	86	38	5	58	97	34	25	97	41	78	37	25	39	45	77	77	82	43	70	64	1	36	60	51	20	80	25	41	11	86	53	20	24	94	90	73	45	95	19	35	8	45	
92	35	83	2	73	23	99	71	38	7	17	43	81	35	64	21	67	83	2	25	32	98	95	25	47	35	18	14	21	53	15	62	-1	67	43	45	82	39	100	21	59	76	38	44	1	2	72	90	48	22	14	74	40	41	15	3	10	61	47	38	58	23	33	11	15	58	39	55	38	18	9	34	23	9	27	54	24	10	65	56	90	95	98	9	53	49	64	87	28	29	37	93	99	25	87	25	24	28	72	73	
8	1	67	66	69	44	34	96	48	6	1	76	39	66	28	7	37	63	56	60	99	72	81	69	51	62	94	92	92	62	60	72	67	-1	54	90	65	64	55	23	91	49	60	9	83	88	44	60	98	44	63	74	64	37	86	95	30	74	53	23	69	22	75	57	2	91	87	6	7	91	53	67	79	38	86	31	20	28	48	56	88	63	16	88	94	11	97	18	75	62	69	83	64	74	78	14	77	45	14	91	
32	82	73	18	15	91	12	93	77	30	23	77	14	65	82	51	40	53	29	43	6	99	60	62	15	54	77	46	20	22	48	32	43	54	-1	15	55	75	44	2	42	98	83	82	46	11	16	63	26	84	70	74	3	9	83	82	51	23	49	35	21	7	59	78	55	66	44	53	100	23	14	4	95	76	78	57	16	12	27	19	45	61	72	73	72	70	94	89	87	3	38	87	99	79	75	80	26	62	38	26	
71	85	5	26	60	97	81	19	49	6	93	78	75	47	51	28	36	47	19	70	6	7	14	21	70	81	85	57	84	62	30	17	45	90	15	-1	34	63	67	18	87	88	71	35	4	1	2	77	49	53	55	34	73	67	82	27	61	89	42	7	76	42	3	83	8	37	21	49	61	68	41	75	49	90	55	30	16	28	77	20	44	94	19	81	64	93	4	93	16	44	92	23	25	16	74	20	34	16	12	55	
16	29	90	97	20	51	87	96	52	26	18	21	70	79	57	51	7	100	87	46	90	39	94	84	49	6	40	35	21	19	39	1	82	65	55	34	-1	90	13	72	99	32	89	65	89	51	82	11	92	92	66	39	47	100	72	35	42	46	85	61	79	8	93	45	82	21	75	7	46	23	44	49	11	70	78	46	81	77	23	56	66	63	38	64	47	1	68	48	22	22	52	60	92	26	96	27	53	36	10	43	
43	21	93	40	65	27	21	97	26	4	26	9	21	94	11	15	4	41	88	66	94	91	90	5	27	13	99	43	9	27	46	84	39	64	75	63	90	-1	44	97	75	56	90	42	5	14	77	58	75	54	9	83	1	82	69	19	81	34	14	68	1	78	29	80	58	25	86	22	5	28	77	17	55	28	48	80	38	24	33	26	6	2	17	55	97	56	49	74	79	78	25	88	8	74	30	64	43	99	52	45	
66	86	69	14	91	42	30	48	65	12	75	16	84	48	85	81	32	26	42	25	32	55	83	76	42	47	90	34	47	28	88	45	100	55	44	67	13	44	-1	95	45	87	81	40	97	21	64	29	9	13	45	47	91	47	34	56	58	36	50	1	87	87	2	37	85	52	44	19	100	59	84	37	87	92	91	22	81	74	54	85	8	26	11	71	67	50	90	59	65	21	63	24	26	32	82	39	51	90	46	94	
45	95	50	55	45	71	16	88	68	72	17	43	40	11	42	48	9	31	56	26	75	60	21	61	70	43	35	61	95	80	1	12	21	23	2	18	72	97	95	-1	36	72	30	39	50	92	14	25	25	2	62	67	98	95	84	50	34	6	74	78	29	73	29	92	19	17	44	47	23	24	100	7	9	18	97	97	73	25	45	80	96	94	80	87	66	85	60	28	53	24	90	65	41	38	28	21	77	29	56	21	
5	69	41	49	23	28	71	23	63	90	42	42	73	63	60	4	42	3	17	71	9	85	82	11	99	72	99	90	59	29	82	59	59	91	42	87	99	75	45	36	-1	21	7	33	39	72	85	40	59	36	49	18	88	20	64	84	77	41	38	31	53	75	38	50	64	70	46	8	63	5	81	34	69	14	73	1	70	76	57	71	28	24	27	60	53	45	27	99	25	55	81	90	72	78	14	90	34	88	33	14	
87	100	8	57	27	13	78	94	9	31	13	16	91	22	95	86	77	51	52	96	10	24	96	72	90	66	52	91	60	87	74	93	76	49	98	88	32	56	87	72	21	-1	69	30	47	79	18	70	1	32	52	55	47	42	57	1	4	35	79	44	84	95	66	83	43	59	75	59	12	90	92	42	14	24	68	5	33	69	86	69	44	13	73	73	26	30	55	98	99	35	10	81	41	97	30	41	38	28	48	45	
95	24	85	81	94	97	3	47	19	15	34	32	89	23	15	92	73	34	21	75	50	78	53	44	62	79	32	33	26	22	5	35	38	60	83	71	89	90	81	30	7	69	-1	51	46	6	20	17	16	20	69	3	1	75	61	40	2	56	15	63	53	83	92	80	88	57	43	25	42	59	18	89	19	84	81	79	38	96	51	14	64	53	91	83	56	38	9	32	87	63	57	20	16	88	98	23	86	5	75	60	
49	80	45	24	12	84	25	21	92	32	76	11	86	76	40	32	78	90	98	73	68	50	51	72	58	96	61	94	57	48	78	21	44	9	82	35	65	42	40	39	33	30	51	-1	48	18	46	96	54	78	74	40	95	70	7	54	10	71	95	63	60	51	11	45	54	24	34	55	3	5	73	85	85	70	12	31	21	26	28	7	19	64	18	7	59	87	27	99	96	9	60	23	91	41	43	45	24	4	34	56	
84	65	47	91	19	7	16	36	21	24	100	92	79	23	12	15	65	60	16	86	97	89	41	14	84	32	92	28	73	40	49	24	1	83	46	4	89	5	97	50	39	47	46	48	-1	19	21	13	1	77	76	15	85	76	89	41	79	32	76	65	11	23	28	32	56	60	41	90	9	40	58	87	82	13	42	43	65	78	41	57	48	82	47	99	98	48	29	5	48	12	87	28	48	96	61	45	74	73	9	14	
18	79	26	7	34	10	100	70	58	73	89	60	9	100	33	61	84	32	55	30	61	90	2	73	76	82	91	44	93	44	70	14	2	88	11	1	51	14	21	92	72	79	6	18	19	-1	59	82	68	96	80	73	12	63	60	82	93	49	48	57	10	73	70	19	91	79	60	43	69	39	39	68	6	99	19	7	62	88	40	75	92	69	74	21	88	90	13	9	25	42	7	20	31	33	70	20	39	27	9	5	
59	38	46	91	90	76	87	36	56	84	88	56	45	66	80	39	33	57	38	40	81	24	4	87	63	100	33	14	82	6	65	48	72	44	16	2	82	77	64	14	85	18	20	46	21	59	-1	2	57	3	13	67	97	30	66	79	52	49	90	38	7	80	3	84	13	18	61	1	28	1	93	12	2	21	99	57	94	62	14	34	31	84	18	39	56	92	82	50	72	41	51	98	57	22	69	81	7	37	81	8	
47	52	34	69	9	12	96	6	89	100	92	2	48	70	70	23	10	4	56	56	70	43	44	69	43	76	19	16	21	78	99	29	90	60	63	77	11	58	29	25	40	70	17	96	13	82	2	-1	42	56	90	22	92	44	52	49	24	72	50	80	100	23	54	68	28	68	59	61	11	68	26	19	1	5	97	34	9	58	32	51	89	74	97	69	41	22	91	2	8	93	93	29	93	23	75	52	8	34	61	5	
91	7	63	11	24	2	64	21	43	52	14	4	96	37	94	19	61	94	97	74	85	75	38	60	62	15	28	77	79	27	70	1	48	98	26	49	92	75	9	25	59	1	16	54	1	68	57	42	-1	79	10	3	3	67	12	69	30	43	95	24	90	53	71	96	28	74	31	8	30	7	68	87	5	65	44	48	76	29	10	88	46	16	40	82	100	52	67	92	28	92	26	20	37	21	37	37	17	10	43	47	
95	99	5	65	51	94	99	69	90	91	33	76	99	36	2	72	13	1	4	43	66	86	22	19	27	48	96	52	72	65	75	99	22	44	84	53	92	54	13	2	36	32	20	78	77	96	3	56	79	-1	59	92	42	44	68	61	14	93	47	70	61	72	80	88	29	15	51	32	78	77	90	29	58	24	24	89	10	99	82	91	27	68	73	4	45	4	14	49	50	42	23	44	62	42	43	12	74	3	48	18	
55	56	58	41	19	55	82	77	27	11	23	57	30	100	13	56	71	60	35	71	86	81	60	66	22	52	8	21	62	5	28	1	14	63	70	55	66	9	45	62	49	52	69	74	76	80	13	90	10	59	-1	94	34	46	17	56	32	34	94	5	94	12	13	74	44	42	31	16	80	42	20	35	11	14	10	1	60	38	34	65	24	70	67	42	38	33	45	15	80	9	48	15	2	95	37	77	97	21	28	3	
80	80	98	21	81	60	19	90	22	45	81	6	78	95	9	68	31	64	55	80	13	33	88	29	77	73	57	47	73	23	36	88	74	74	74	34	39	83	47	67	18	55	3	40	15	73	67	22	3	92	94	-1	74	90	59	10	64	54	65	11	87	74	22	25	79	51	6	63	61	86	57	59	92	71	66	79	67	90	7	50	68	85	95	71	96	96	73	14	81	93	80	35	52	63	68	35	81	41	72	72	
1	95	99	58	13	23	84	52	81	29	28	40	36	36	37	44	56	44	4	39	46	41	69	75	72	79	64	66	91	60	61	43	40	64	3	73	47	1	91	98	88	47	1	95	85	12	97	92	3	42	34	74	-1	43	15	24	72	40	97	9	13	65	95	94	7	10	63	6	91	16	68	59	75	58	67	69	61	45	85	55	37	24	45	41	33	88	30	2	67	45	86	40	9	4	40	27	24	25	35	38	
76	13	19	92	55	89	30	94	72	99	21	7	13	59	69	78	49	95	66	29	44	38	40	53	9	41	21	79	95	34	35	60	41	37	9	67	100	82	47	95	20	42	75	70	76	63	30	44	67	44	46	90	43	-1	15	40	88	72	57	8	2	81	58	60	24	23	70	54	23	96	54	68	44	13	51	73	56	36	44	60	62	89	67	3	5	82	72	2	3	57	13	89	8	14	69	52	99	37	66	97	
57	17	96	66	25	50	74	80	16	36	91	54	66	63	10	1	9	8	11	33	13	51	70	79	85	6	19	41	27	25	12	4	15	86	83	82	72	69	34	84	64	57	61	7	89	60	66	52	12	68	17	59	15	15	-1	50	61	52	83	41	94	60	77	9	41	97	37	65	93	66	75	92	63	37	8	64	85	94	79	83	32	50	45	36	17	85	95	60	69	90	6	41	44	59	94	2	10	1	43	93	
57	96	64	50	10	98	34	46	53	90	12	87	88	21	44	13	97	12	35	13	23	92	65	61	80	30	99	49	7	36	10	53	3	95	82	27	35	19	56	50	84	1	40	54	41	82	79	49	69	61	56	10	24	40	50	-1	38	48	24	6	20	62	89	28	82	76	100	9	78	38	26	25	42	52	7	3	60	45	99	35	52	71	34	47	71	27	83	53	13	98	52	73	91	43	13	51	65	100	30	91	
83	52	6	6	42	97	99	22	24	16	45	98	58	52	15	61	10	85	37	82	97	79	51	88	49	38	71	1	90	35	77	94	10	30	51	61	42	81	58	34	77	4	2	10	79	93	52	24	30	14	32	64	72	88	61	38	-1	33	8	17	31	81	51	73	16	45	67	63	81	33	16	67	72	61	27	91	30	34	31	38	6	96	25	80	97	44	65	55	48	21	88	37	85	61	56	49	55	77	22	67	
3	25	61	65	76	40	40	60	79	67	42	82	3	70	84	89	49	33	97	91	7	40	4	60	65	42	98	11	65	89	67	23	61	74	23	89	46	34	36	6	41	35	56	71	32	49	49	72	43	93	34	54	40	72	52	48	33	-1	9	53	43	40	61	56	97	4	9	72	23	14	41	24	92	86	94	83	67	49	94	37	78	38	93	67	45	38	100	20	54	69	52	8	63	12	81	3	78	91	8	24	
30	41	67	32	74	80	14	32	88	48	77	41	69	62	5	3	80	62	14	18	52	9	12	61	57	93	52	4	28	64	38	86	47	53	49	42	85	14	50	74	38	79	15	95	76	48	90	50	95	47	94	65	97	57	83	24	8	9	-1	11	92	29	7	10	63	9	37	31	99	23	17	91	4	57	6	17	30	78	4	13	71	78	83	44	33	57	31	25	19	51	9	61	68	12	16	89	39	15	87	8	
10	1	23	3	36	65	4	15	89	52	77	51	44	50	81	54	73	77	40	19	31	27	89	3	46	73	50	57	21	71	21	38	38	23	35	7	61	68	1	78	31	44	63	63	65	57	38	80	24	70	5	11	9	8	41	6	17	53	11	-1	40	84	74	22	19	22	75	37	61	74	76	1	31	26	54	55	94	65	68	66	19	100	72	100	18	16	64	16	10	52	5	10	26	81	28	4	31	32	66	27	
18	1	33	52	99	83	40	2	30	65	82	58	27	68	11	67	77	74	17	27	52	74	95	14	71	85	31	40	52	48	41	5	58	69	21	76	79	1	87	29	53	84	53	60	11	10	7	100	90	61	94	87	13	2	94	20	31	43	92	40	-1	81	57	82	62	47	6	52	86	7	65	53	45	57	85	44	49	2	86	71	91	36	96	50	45	24	66	34	88	89	35	22	42	91	17	47	14	42	28	2	
50	37	38	17	2	75	51	14	87	84	51	18	69	63	50	55	98	61	94	76	59	10	61	42	31	31	27	59	76	66	65	58	23	22	7	42	8	78	87	73	75	95	83	51	23	73	80	23	53	72	12	74	65	81	60	62	81	40	29	84	81	-1	96	96	41	66	15	64	71	54	58	28	22	27	91	9	95	42	86	50	51	61	30	71	51	16	59	75	62	34	27	44	41	15	34	37	92	28	8	35	
9	25	37	59	77	94	89	44	2	2	50	25	76	10	11	75	30	18	98	10	55	85	91	89	22	41	68	31	17	51	12	97	33	75	59	3	93	29	2	29	38	66	92	11	28	70	3	54	71	80	13	22	95	58	77	89	51	61	7	74	57	96	-1	98	49	6	88	11	39	39	90	96	22	60	4	95	49	2	90	99	75	24	65	22	16	44	77	97	64	78	18	44	31	34	32	2	70	65	55	91	
6	16	31	33	77	9	84	94	3	42	35	74	84	88	28	57	5	98	25	24	77	8	10	40	42	27	80	31	2	97	13	34	11	57	78	83	45	80	37	92	50	83	80	45	32	19	84	68	96	88	74	25	94	60	9	28	73	56	10	22	82	96	98	-1	45	68	33	20	58	28	66	47	44	89	59	72	16	72	42	79	68	90	65	48	45	35	79	99	10	47	18	95	45	4	51	20	94	88	64	91	
81	69	13	64	99	86	5	70	62	40	88	32	71	60	36	97	69	88	61	25	5	22	35	76	41	28	57	3	55	16	68	25	15	2	55	8	82	58	85	19	64	43	88	54	56	91	13	28	28	29	44	79	7	24	41	82	16	97	63	19	62	41	49	45	-1	73	9	100	7	37	82	52	30	82	35	68	2	79	28	96	21	9	38	8	90	74	82	49	20	97	18	46	11	9	25	69	33	48	19	87	
74	15	35	1	40	59	63	20	82	78	22	15	33	31	15	24	18	80	73	8	64	14	6	26	74	13	80	39	38	38	74	97	58	91	66	37	21	25	52	17	70	59	57	24	60	79	18	68	74	15	42	51	10	23	97	76	45	4	9	22	47	66	6	68	73	-1	99	54	53	15	5	74	74	57	80	8	74	58	41	64	85	9	60	6	48	53	95	3	63	94	28	55	46	38	42	54	2	85	95	100	
66	51	98	73	18	65	78	95	34	47	19	85	63	49	6	98	92	21	75	78	48	58	68	10	10	47	89	86	18	71	25	41	39	87	44	21	75	86	44	44	46	75	43	34	41	60	61	59	31	51	31	6	63	70	37	100	67	9	37	75	6	15	88	33	9	99	-1	55	86	29	80	8	67	18	88	16	39	40	47	66	35	47	27	67	55	38	98	92	65	23	99	64	89	50	88	63	39	54	82	79	
69	41	92	40	64	72	68	13	47	77	88	50	1	28	93	48	73	14	59	2	89	49	41	53	88	65	48	61	97	31	98	78	55	6	53	49	7	22	19	47	8	59	25	55	90	43	1	61	8	32	16	63	6	54	65	9	63	72	31	37	52	64	11	20	100	54	55	-1	75	73	15	21	12	15	95	59	59	18	14	33	52	69	37	41	9	38	43	52	9	67	90	2	8	92	2	1	10	25	21	33	
17	73	80	34	89	25	81	38	72	60	38	13	100	59	29	13	11	6	28	27	31	49	11	31	20	67	49	1	76	91	21	37	38	7	100	61	46	5	100	23	63	12	42	3	9	69	28	11	30	78	80	61	91	23	93	78	81	23	99	61	86	71	39	58	7	53	86	75	-1	85	11	83	58	83	49	76	14	34	79	80	100	13	67	71	82	72	18	53	51	60	18	43	64	14	41	7	76	4	76	72	
56	36	24	70	30	33	79	83	94	58	1	12	83	100	73	28	14	91	64	92	94	15	59	28	44	4	89	58	20	76	19	25	18	91	23	68	23	28	59	24	5	90	59	5	40	39	1	68	7	77	42	86	16	96	66	38	33	14	23	74	7	54	39	28	37	15	29	73	85	-1	1	24	85	82	90	87	22	20	5	85	95	50	9	83	1	41	13	64	8	69	26	1	54	87	31	23	69	35	13	47	
7	54	1	15	42	34	97	31	95	75	55	43	56	61	7	87	99	70	58	63	19	9	91	59	66	79	6	10	22	51	74	39	9	53	14	41	44	77	84	100	81	92	18	73	58	39	93	26	68	90	20	57	68	54	75	26	16	41	17	76	65	58	90	66	82	5	80	15	11	1	-1	91	36	80	27	76	61	17	14	88	90	5	90	41	88	64	77	51	100	2	74	6	91	8	28	4	54	94	83	24	
21	70	40	40	70	79	30	96	95	11	3	74	2	30	9	38	55	52	6	94	89	41	36	37	59	33	54	91	94	45	100	45	34	67	4	75	49	17	37	7	34	42	89	85	87	68	12	19	87	29	35	59	59	68	92	25	67	24	91	1	53	28	96	47	52	74	8	21	83	24	91	-1	80	95	9	78	16	9	100	100	31	35	39	20	23	25	2	66	13	27	58	17	8	29	20	45	38	89	25	20	
31	26	45	83	18	43	95	27	3	90	30	56	11	7	25	78	40	16	53	17	53	89	10	20	80	1	98	93	87	45	22	77	23	79	95	49	11	55	87	9	69	14	19	85	82	6	2	1	5	58	11	92	75	44	63	42	72	92	4	31	45	22	22	44	30	74	67	12	58	85	36	80	-1	83	21	42	17	23	66	48	28	61	9	42	8	94	69	50	13	30	26	66	18	1	28	8	50	32	19	52	
69	90	13	39	32	3	5	64	74	60	90	76	14	84	90	99	92	39	46	23	14	88	71	55	100	50	14	46	6	56	49	77	9	38	76	90	70	28	92	18	14	24	84	70	13	99	21	5	65	24	14	71	58	13	37	52	61	86	57	26	57	27	60	89	82	57	18	15	83	82	80	95	83	-1	97	91	89	84	37	90	64	16	34	3	3	35	23	59	43	21	57	6	34	15	13	96	10	28	49	57	
82	92	39	94	94	45	46	10	86	93	19	36	21	4	25	7	72	86	98	47	64	32	49	8	37	47	97	11	48	38	87	82	27	86	78	55	78	48	91	97	73	68	81	12	42	19	99	97	44	24	10	66	67	51	8	7	27	94	6	54	85	91	4	59	35	80	88	95	49	90	27	9	21	97	-1	18	54	23	77	75	56	70	85	25	53	13	65	80	49	29	50	5	54	93	1	51	6	8	84	79	
53	78	91	92	85	19	94	78	40	57	14	28	8	13	62	30	82	51	81	33	20	79	3	95	59	97	7	91	3	28	15	43	54	31	57	30	46	80	22	97	1	5	79	31	43	7	57	34	48	89	1	79	69	73	64	3	91	83	17	55	44	9	95	72	68	8	16	59	76	87	76	78	42	91	18	-1	54	86	13	95	70	83	37	82	39	64	95	9	46	71	49	40	92	58	33	76	85	91	52	68	
23	38	81	70	63	68	55	90	65	100	98	46	3	91	37	33	60	24	71	95	100	63	41	27	31	92	10	27	33	65	89	70	24	20	16	16	81	38	81	73	70	33	38	21	65	62	94	9	76	10	60	67	61	56	85	60	30	67	30	94	49	95	49	16	2	74	39	59	14	22	61	16	17	89	54	54	-1	40	59	24	53	59	19	32	11	71	53	12	40	99	75	24	63	93	49	37	81	73	18	66	
68	84	6	64	14	7	7	20	85	71	59	64	29	58	94	3	19	83	77	55	97	77	29	80	28	3	82	44	98	57	10	64	10	28	12	28	77	24	74	25	76	69	96	26	78	88	62	58	29	99	38	90	45	36	94	45	34	49	78	65	2	42	2	72	79	58	40	18	34	20	17	9	23	84	23	86	40	-1	7	77	33	1	65	4	48	86	52	15	56	71	50	13	22	81	98	82	86	1	50	94	
63	18	29	42	15	29	4	38	25	93	86	32	80	98	90	80	92	30	37	65	99	96	65	67	97	99	32	32	55	78	1	1	65	48	27	77	23	33	54	45	57	86	51	28	41	40	14	32	10	82	34	7	85	44	79	99	31	94	4	68	86	86	90	42	28	41	47	14	79	5	14	100	66	37	77	13	59	7	-1	22	59	33	55	78	35	64	80	25	45	25	32	90	11	9	47	64	56	10	74	14	
35	5	74	57	42	22	27	37	44	41	99	25	34	54	66	68	79	98	47	62	69	25	37	36	49	51	76	8	21	24	11	36	56	56	19	20	56	26	85	80	71	69	14	7	57	75	34	51	88	91	65	50	55	60	83	35	38	37	13	66	71	50	99	79	96	64	66	33	80	85	88	100	48	90	75	95	24	77	22	-1	23	81	96	23	83	4	19	77	30	8	97	56	37	93	85	2	58	70	17	45	
59	82	60	16	4	4	44	8	51	36	74	78	19	50	39	61	27	63	96	39	60	68	72	86	74	34	97	18	74	73	96	60	90	88	45	44	66	6	8	96	28	44	64	19	48	92	31	89	46	27	24	68	37	62	32	52	6	78	71	19	91	51	75	68	21	85	35	52	100	95	90	31	28	64	56	70	53	33	59	23	-1	85	22	33	97	79	82	56	2	85	21	69	7	39	3	41	88	52	90	67	
73	28	96	35	61	74	37	62	50	93	34	33	21	81	6	57	88	49	5	46	95	84	77	40	20	25	18	9	34	20	18	51	95	63	61	94	63	2	26	94	24	13	53	64	82	69	84	74	16	68	70	85	24	89	50	71	96	38	78	100	36	61	24	90	9	9	47	69	13	50	5	35	61	16	70	83	59	1	33	81	85	-1	74	48	42	83	45	47	1	55	27	18	25	27	70	75	86	37	9	66	
91	39	38	31	77	62	53	44	64	92	1	53	96	87	64	26	13	93	50	17	100	68	9	28	95	92	63	40	9	25	93	20	98	16	72	19	38	17	11	80	27	73	91	18	47	74	18	97	40	73	67	95	45	67	45	34	25	93	83	72	96	30	65	65	38	60	27	37	67	9	90	39	9	34	85	37	19	65	55	96	22	74	-1	32	4	35	89	62	64	37	48	46	6	95	54	75	88	72	22	25	
25	91	91	1	52	22	93	70	52	23	98	20	11	35	85	85	12	29	31	53	13	5	30	34	4	42	95	12	35	45	28	80	9	88	73	81	64	55	71	87	60	73	83	7	99	21	39	69	82	4	42	71	41	3	36	47	80	67	44	100	50	71	22	48	8	6	67	41	71	83	41	20	42	3	25	82	32	4	78	23	33	48	32	-1	24	93	69	52	21	75	30	3	22	56	63	38	46	67	4	22	
81	38	59	10	24	8	86	76	67	78	64	23	15	36	49	46	36	32	84	21	6	8	67	57	38	95	22	6	32	39	80	25	53	94	72	64	47	97	67	66	53	26	56	59	98	88	56	41	100	45	38	96	33	5	17	71	97	45	33	18	45	51	16	45	90	48	55	9	82	1	88	23	8	3	53	39	11	48	35	83	97	42	4	24	-1	100	35	46	4	72	86	89	56	53	54	13	39	96	60	18	
29	2	34	49	54	43	61	1	20	63	60	21	41	60	41	44	35	45	15	29	50	9	56	16	47	59	1	24	56	50	55	41	49	11	70	93	1	56	50	85	45	30	38	87	48	90	92	22	52	4	33	96	88	82	85	27	44	38	57	16	24	16	44	35	74	53	38	38	72	41	64	25	94	35	13	64	71	86	64	4	79	83	35	93	100	-1	7	60	39	2	95	56	59	23	19	78	34	52	21	86	
9	25	90	57	44	48	96	48	83	100	56	61	3	35	18	98	90	91	11	40	99	65	30	14	34	2	24	24	57	70	57	11	64	97	94	4	68	49	90	60	27	55	9	27	29	13	82	91	67	14	45	73	30	72	95	83	65	100	31	64	66	59	77	79	82	95	98	43	18	13	77	2	69	23	65	95	53	52	80	19	82	45	89	69	35	7	-1	4	64	23	46	10	81	11	55	90	76	89	72	45	
87	81	18	86	61	8	90	68	99	26	24	41	35	2	70	29	2	25	8	42	12	89	87	66	37	40	79	68	13	57	73	86	87	18	89	93	48	74	59	28	99	98	32	99	5	9	50	2	92	49	15	14	2	2	60	53	55	20	25	16	34	75	97	99	49	3	92	52	53	64	51	66	50	59	80	9	12	15	25	77	56	47	62	52	46	60	4	-1	82	95	17	74	80	19	63	65	74	8	10	10	
100	92	39	25	87	82	66	35	66	80	56	26	13	14	10	46	25	60	94	66	81	30	36	89	57	26	30	45	52	15	76	53	28	75	87	16	22	79	65	53	25	99	87	96	48	25	72	8	28	50	80	81	67	3	69	13	48	54	19	10	88	62	64	10	20	63	65	9	51	8	100	13	13	43	49	46	40	56	45	30	2	1	64	21	4	39	64	82	-1	92	2	3	69	71	11	55	29	27	90	16	
51	27	66	56	21	32	53	35	35	27	76	21	1	73	34	14	71	85	60	76	56	97	6	24	34	61	17	53	13	50	89	20	29	62	3	44	22	78	21	24	55	35	63	9	12	42	41	93	92	42	9	93	45	57	90	98	21	69	51	52	89	34	78	47	97	94	23	67	60	69	2	27	30	21	29	71	99	71	25	8	85	55	37	75	72	2	23	95	92	-1	40	89	43	26	11	58	7	57	86	32	
64	21	93	41	50	55	3	6	59	32	9	83	47	84	24	75	67	41	88	37	90	45	34	47	27	29	96	99	89	4	85	24	37	69	38	92	52	25	63	90	81	10	57	60	87	7	51	93	26	23	48	80	86	13	6	52	88	52	9	5	35	27	18	18	18	28	99	90	18	26	74	58	26	57	50	49	75	50	32	97	21	27	48	30	86	95	46	17	2	40	-1	46	1	6	93	66	69	13	2	34	
15	47	8	42	61	68	76	50	66	85	47	35	91	47	88	63	86	37	23	61	56	52	78	67	77	93	65	47	9	22	43	94	93	83	87	23	60	88	24	65	90	81	20	23	28	20	98	29	20	44	15	35	40	89	41	73	37	8	61	10	22	44	44	95	46	55	64	2	43	1	6	17	66	6	5	40	24	13	90	56	69	18	46	3	89	56	10	74	3	89	46	-1	88	78	14	54	5	97	71	41	
68	81	18	6	14	40	65	47	33	21	62	20	49	97	12	51	82	1	91	17	55	39	46	33	25	36	43	45	83	10	15	90	99	64	99	25	92	8	26	41	72	41	16	91	48	31	57	93	37	62	2	52	9	8	44	91	85	63	68	26	42	41	31	45	11	46	89	8	64	54	91	8	18	34	54	92	63	22	11	37	7	25	6	22	56	59	81	80	69	43	1	88	-1	43	81	80	48	45	72	44	
57	65	75	30	9	48	68	83	51	56	78	78	32	89	30	43	62	38	58	8	63	31	31	90	93	94	68	93	37	62	49	73	25	74	79	16	26	74	32	38	78	97	88	41	96	33	22	23	21	42	95	63	4	14	59	43	61	12	12	81	91	15	34	4	9	38	50	92	14	87	8	29	1	15	93	58	93	81	9	93	39	27	95	56	53	23	11	19	71	26	6	78	43	-1	89	9	55	65	60	30	
25	41	36	80	70	54	70	84	38	53	68	93	5	51	88	15	1	30	36	2	35	34	32	25	79	97	25	29	65	66	24	45	87	78	75	74	96	30	82	28	14	30	98	43	61	70	69	75	37	43	37	68	40	69	94	13	56	81	16	28	17	34	32	51	25	42	88	2	41	31	28	20	28	13	1	33	49	98	47	85	3	70	54	63	54	19	55	63	11	11	93	14	81	89	-1	64	28	24	70	68	
16	19	79	69	61	93	91	61	13	45	42	67	81	50	89	25	50	13	37	73	99	27	16	33	49	63	43	45	30	59	11	95	25	14	80	20	27	64	39	21	90	41	23	45	45	20	81	52	37	12	77	35	27	52	2	51	49	3	89	4	47	37	2	20	69	54	63	1	7	23	4	45	8	96	51	76	37	82	64	2	41	75	75	38	13	78	90	65	55	58	66	54	80	9	64	-1	13	34	14	4	
81	72	60	91	59	52	85	67	89	44	24	84	56	71	28	99	13	69	74	82	45	47	95	71	9	94	23	58	6	66	86	19	24	77	26	34	53	43	51	77	34	38	86	24	74	39	7	8	17	74	97	81	24	99	10	65	55	78	39	31	14	92	70	94	33	2	39	10	76	69	54	38	50	10	6	85	81	86	56	58	88	86	88	46	39	34	76	74	29	7	69	5	48	55	28	13	-1	62	73	75	
63	77	26	100	59	25	12	51	61	12	68	5	36	90	27	95	80	71	91	78	28	53	36	1	23	90	64	75	15	35	70	35	28	45	62	16	36	99	90	29	88	28	5	4	73	27	37	34	10	3	21	41	25	37	1	100	77	91	15	32	42	28	65	88	48	85	54	25	4	35	94	89	32	28	8	91	73	1	10	70	52	37	72	67	96	52	89	8	27	57	13	97	45	65	24	34	62	-1	1	1	
10	79	100	20	4	44	32	62	41	42	77	60	40	41	35	45	83	66	24	65	15	55	69	35	10	96	77	71	46	87	96	8	72	14	38	12	10	52	46	56	33	48	75	34	9	9	81	61	43	48	28	72	35	66	43	30	22	8	87	66	28	8	55	64	19	95	82	21	76	13	83	25	19	49	84	52	18	50	74	17	90	9	22	4	60	21	72	10	90	86	2	71	72	60	70	14	73	1	-1	98	
51	85	34	29	13	23	47	33	82	40	6	72	100	32	50	24	44	7	43	66	22	20	88	9	81	29	7	1	50	13	15	45	73	91	26	55	43	45	94	21	14	45	60	56	14	5	8	5	47	18	3	72	38	97	93	91	67	24	8	27	2	35	91	91	87	100	79	33	72	47	24	20	52	57	79	68	66	94	14	45	67	66	25	22	18	86	45	10	16	32	34	41	44	30	68	4	75	1	98	-1	
