100
-1	58	45	72	86	99	36	10	34	43	8	99	31	7	61	86	71	7	95	93	4	8	63	27	35	15	46	1	91	58	19	61	35	1	23	22	86	35	6	24	19	26	97	99	44	93	2	2	75	37	20	50	98	82	92	39	54	74	75	46	39	30	89	35	95	100	1	1	33	20	1	16	67	23	69	82	85	98	19	49	56	19	97	48	15	4	63	12	33	83	58	21	51	45	34	33	67	39	19	20	
58	-1	58	51	21	49	46	19	61	88	26	61	70	100	18	65	22	19	26	20	26	87	6	66	11	71	52	47	85	91	73	50	68	28	37	58	66	43	56	12	68	64	16	96	88	54	97	31	82	30	79	77	66	31	36	100	70	48	49	77	8	32	92	17	26	49	22	2	75	44	54	83	69	99	19	42	9	64	86	25	15	93	35	19	39	33	44	71	22	75	58	9	37	40	1	36	91	45	50	80	
45	58	-1	89	54	95	32	95	20	37	39	37	10	76	35	11	94	96	58	40	41	48	52	13	84	76	49	49	25	70	23	48	91	28	18	52	29	91	72	31	64	56	59	11	59	52	33	15	22	49	70	63	58	27	100	33	17	74	35	16	80	98	6	1	97	12	74	12	54	23	97	17	39	7	74	76	71	25	39	58	80	51	63	74	45	21	49	35	83	72	41	18	32	78	29	73	16	3	74	85	
72	51	89	-1	36	26	53	77	32	94	88	13	31	35	22	58	70	76	45	42	89	67	53	50	41	31	33	38	55	32	21	78	75	44	76	26	4	32	99	23	63	70	37	71	79	54	100	17	8	75	56	39	99	28	79	68	16	26	49	93	53	75	88	42	7	27	35	25	82	38	10	18	1	66	90	73	46	11	74	60	47	76	37	73	74	60	10	63	11	9	24	40	55	19	92	18	55	84	39	40	
86	21	54	36	-1	13	31	80	48	50	55	45	6	89	97	61	63	51	20	22	55	71	19	80	96	36	45	22	1	45	5	71	42	100	96	76	4	34	95	48	15	89	91	71	29	20	100	91	90	87	26	16	66	74	18	4	47	71	8	11	72	62	64	83	69	97	86	97	12	4	42	2	12	39	72	33	75	41	1	46	57	32	54	56	58	86	100	10	84	77	53	55	51	39	60	98	77	79	91	24	
99	49	95	26	13	-1	38	8	45	50	46	27	74	93	40	83	75	21	99	1	81	8	19	36	70	46	27	18	77	50	4	99	50	38	28	46	90	72	84	54	7	76	83	22	83	17	60	60	62	96	73	55	26	42	73	79	59	40	15	97	90	60	5	23	52	6	71	45	75	26	27	73	57	84	5	32	65	31	43	49	58	30	87	89	53	89	12	56	27	36	41	27	79	13	56	46	13	54	42	93	
36	46	32	53	31	38	-1	14	100	47	53	18	58	49	40	64	97	60	49	28	69	5	76	71	12	67	70	30	26	54	96	44	69	37	65	38	50	61	49	92	75	24	43	78	2	39	3	34	10	60	85	23	36	7	96	67	77	39	46	85	86	15	62	30	20	94	64	1	10	40	14	100	31	10	11	49	96	15	16	77	94	23	68	96	7	28	100	5	47	96	99	35	41	15	60	92	27	78	18	97	
10	19	95	77	80	8	14	-1	66	70	27	75	49	92	20	8	72	41	88	68	72	33	3	58	70	58	84	98	50	46	71	89	97	57	100	63	44	40	28	87	66	68	69	31	71	95	87	90	47	64	26	32	70	46	53	81	33	3	50	96	14	97	87	45	7	32	63	21	65	69	17	21	74	2	27	66	43	15	88	63	15	21	19	68	43	17	71	1	17	24	71	70	31	28	73	33	80	53	4	24	
34	61	20	32	48	45	100	66	-1	40	93	34	86	2	92	67	84	71	48	21	84	90	68	26	24	47	44	65	79	24	36	98	61	93	57	5	45	98	20	19	40	95	72	14	87	79	14	22	99	33	62	45	76	98	77	48	20	35	53	2	42	75	41	53	27	24	34	18	31	67	49	50	47	80	5	90	66	15	91	2	41	35	92	6	87	17	12	25	29	57	81	7	38	71	89	32	67	16	79	73	
43	88	37	94	50	50	47	70	40	-1	5	70	11	71	3	81	29	14	22	67	40	59	17	83	80	77	62	6	52	72	62	2	96	27	52	94	25	40	93	89	22	18	10	6	32	2	79	17	81	93	47	48	61	16	44	48	36	17	8	4	66	78	44	18	37	35	23	14	5	57	30	100	54	28	15	93	54	68	20	4	34	31	34	44	74	74	85	2	37	15	89	5	74	74	77	90	18	94	55	41	
8	26	39	88	55	46	53	27	93	5	-1	45	34	45	67	74	35	83	62	10	5	85	90	3	85	30	97	51	37	80	13	2	46	70	80	16	61	43	64	13	25	13	77	9	96	19	76	15	60	42	25	15	16	78	91	67	71	83	62	52	52	82	85	17	79	5	17	88	86	2	22	75	4	24	32	84	46	42	45	17	15	45	14	7	85	47	55	41	28	65	42	88	71	53	50	68	69	49	20	34	
99	61	37	13	45	27	18	75	34	70	45	-1	98	56	78	87	98	40	36	43	21	16	60	20	71	74	5	76	66	85	58	50	53	13	59	28	59	3	76	85	33	11	9	89	25	23	10	75	68	46	100	78	72	24	99	99	21	8	94	32	88	63	48	82	66	23	12	88	48	52	95	25	43	1	52	70	30	94	29	94	61	17	84	1	88	23	48	4	84	48	89	69	90	98	33	97	78	85	21	76	
31	70	10	31	6	74	58	49	86	11	34	98	-1	49	31	71	23	62	54	33	53	21	42	78	7	86	61	96	44	29	52	86	49	33	32	82	40	78	48	25	59	57	53	86	47	43	48	1	14	43	34	53	30	48	50	99	11	38	74	60	58	34	91	93	55	36	19	49	76	72	56	65	67	64	74	87	83	21	91	47	69	65	2	90	44	60	46	35	10	6	57	16	49	79	33	45	78	80	65	79	
7	100	76	35	89	93	49	92	2	71	45	56	49	-1	71	97	3	59	59	47	57	24	78	48	61	70	62	29	9	13	65	24	3	58	71	1	61	88	7	50	85	89	77	13	55	42	31	85	51	81	5	81	72	9	53	28	1	31	3	94	4	67	7	6	4	8	40	92	7	80	45	68	27	68	50	40	100	28	85	75	39	69	82	31	53	6	12	40	31	88	72	9	29	46	11	18	45	89	23	7	
61	18	35	22	97	40	40	20	92	3	67	78	31	71	-1	73	13	90	72	55	55	59	89	76	39	81	80	87	29	69	16	92	60	78	37	20	35	23	82	58	64	1	41	34	37	69	93	34	53	64	96	42	59	41	11	52	29	87	23	23	95	48	17	12	61	29	78	11	27	75	76	23	11	56	3	56	24	30	95	91	89	1	56	71	88	36	83	55	64	58	29	56	5	37	70	93	90	27	32	28	
86	65	11	58	61	83	64	8	67	81	74	87	71	97	73	-1	19	51	11	82	65	6	99	6	51	90	8	10	86	26	41	38	78	84	73	45	62	36	1	38	58	93	34	47	36	25	6	40	69	76	68	61	17	69	69	28	84	73	21	14	26	15	11	48	70	64	68	43	22	79	84	31	90	4	62	15	6	23	81	89	64	82	83	75	75	82	27	39	56	6	49	23	75	32	1	56	98	90	52	96	
71	22	94	70	63	75	97	72	84	29	35	98	23	3	13	19	-1	92	36	58	13	97	34	93	64	91	81	48	38	88	1	48	37	58	69	59	6	100	18	61	86	47	25	88	55	99	12	62	12	36	75	82	35	79	47	59	22	61	38	36	84	93	68	13	86	76	42	93	69	46	41	17	45	40	65	55	87	42	87	30	63	34	15	53	98	32	42	86	45	39	59	17	77	99	56	89	90	12	28	62	
7	19	96	76	51	21	60	41	71	14	83	40	62	59	90	51	92	-1	85	92	11	68	7	97	73	27	74	25	2	39	14	46	30	42	9	20	24	52	86	92	92	66	40	54	10	38	13	38	13	77	17	96	67	90	1	46	93	35	43	50	55	2	60	84	78	30	24	35	33	25	61	74	41	36	46	74	4	16	80	39	31	19	41	24	51	85	57	31	53	84	39	80	72	18	54	40	40	36	75	41	
95	26	58	45	20	99	49	88	48	22	62	36	54	59	72	11	36	85	-1	13	70	72	20	26	54	5	8	22	5	42	81	39	48	82	67	41	70	62	76	1	22	81	79	23	80	15	90	48	53	7	62	44	71	93	78	23	17	47	34	82	38	48	13	13	23	71	17	86	32	1	57	72	32	1	10	42	4	19	90	90	16	7	91	9	3	87	48	27	100	76	97	38	14	36	3	48	85	52	98	2	
93	20	40	42	22	1	28	68	21	67	10	43	33	47	55	82	58	92	13	-1	5	17	30	56	10	76	3	69	29	6	17	1	98	11	50	94	66	79	10	19	84	38	78	84	14	48	64	61	45	49	2	13	17	50	67	59	58	93	85	82	51	77	21	10	19	96	65	89	86	23	96	67	24	95	51	78	17	48	58	21	24	63	85	74	89	36	24	10	49	20	80	92	60	95	44	93	30	85	54	51	
4	26	41	89	55	81	69	72	84	40	5	21	53	57	55	65	13	11	70	5	-1	40	69	51	91	81	55	94	17	53	26	99	14	46	5	99	15	97	72	69	20	34	33	16	14	65	84	4	50	64	46	43	43	3	93	37	35	27	64	81	4	46	40	81	17	78	100	100	30	40	45	91	95	35	89	50	1	37	29	71	65	24	60	14	67	69	66	63	22	69	52	86	41	45	38	14	89	96	83	40	
8	87	48	67	71	8	5	33	90	59	85	16	21	24	59	6	97	68	72	17	40	-1	20	11	11	88	17	16	55	4	41	65	9	95	10	23	50	21	53	90	88	22	1	92	59	48	34	54	30	24	80	81	66	71	56	89	15	13	63	82	44	35	93	4	100	78	8	45	52	15	10	79	19	56	72	55	35	71	28	100	90	85	24	89	9	9	12	15	32	99	25	77	42	63	19	24	38	35	4	81	
63	6	52	53	19	19	76	3	68	17	90	60	42	78	89	99	34	7	20	30	69	20	-1	46	48	10	68	84	91	55	23	10	94	3	4	17	88	74	15	81	7	62	16	34	92	51	20	55	9	81	25	56	30	62	67	25	32	33	16	66	29	90	68	59	87	7	9	8	5	70	64	29	43	87	49	50	26	5	72	95	59	16	28	78	43	98	8	93	51	59	4	9	28	37	69	99	17	59	48	18	
27	66	13	50	80	36	71	58	26	83	3	20	78	48	76	6	93	97	26	56	51	11	46	-1	92	8	80	45	99	3	22	75	44	6	64	52	31	60	45	58	6	84	88	96	17	71	39	89	91	39	14	93	52	49	80	67	85	99	14	2	89	62	70	29	10	95	5	64	7	21	15	46	95	7	26	96	78	58	18	39	5	65	64	85	60	3	54	100	4	76	90	47	59	52	85	61	99	64	42	11	
35	11	84	41	96	70	12	70	24	80	85	71	7	61	39	51	64	73	54	10	91	11	48	92	-1	5	43	63	85	38	80	51	28	10	76	92	90	72	67	55	27	38	82	74	23	17	96	77	40	84	32	84	82	9	93	32	83	40	73	72	47	11	31	2	44	57	53	10	67	11	81	62	84	84	18	71	74	76	60	79	54	75	32	39	96	11	78	71	54	23	92	87	65	6	44	20	37	31	85	72	
15	71	76	31	36	46	67	58	47	77	30	74	86	70	81	90	91	27	5	76	81	88	10	8	5	-1	89	86	34	34	99	95	78	98	85	45	63	79	72	10	14	82	39	65	38	26	3	4	56	40	34	99	19	25	46	5	3	69	4	13	72	62	24	100	36	66	79	77	52	62	86	60	14	31	4	43	79	77	91	26	53	18	11	11	79	40	88	53	80	86	52	92	57	43	28	61	98	76	44	98	
46	52	49	33	45	27	70	84	44	62	97	5	61	62	80	8	81	74	8	3	55	17	68	80	43	89	-1	90	59	72	1	70	69	82	69	91	42	57	33	43	69	78	80	2	97	57	49	53	62	74	68	42	49	54	3	9	55	28	90	30	39	79	5	57	94	90	80	19	78	49	69	89	99	49	96	14	69	95	31	31	62	65	71	99	59	54	87	49	52	8	83	44	77	70	76	50	35	74	62	26	
1	47	49	38	22	18	30	98	65	6	51	76	96	29	87	10	48	25	22	69	94	16	84	45	63	86	90	-1	52	95	10	88	33	32	61	96	72	17	69	29	41	22	78	15	26	33	4	69	7	87	19	56	59	86	86	98	75	76	20	66	70	68	28	44	26	61	29	51	89	24	1	26	44	63	17	4	41	66	77	23	83	33	60	78	74	78	35	17	86	64	71	73	44	19	32	61	51	66	98	33	
91	85	25	55	1	77	26	50	79	52	37	66	44	9	29	86	38	2	5	29	17	55	91	99	85	34	59	52	-1	53	19	29	41	43	74	97	96	41	77	64	33	36	7	48	41	20	42	28	95	70	69	13	4	31	9	92	15	79	7	54	84	96	90	88	31	61	31	76	72	33	67	52	60	12	95	42	63	5	54	63	87	81	14	100	71	91	44	13	18	64	34	96	29	93	66	10	84	18	40	96	
58	91	70	32	45	50	54	46	24	72	80	85	29	13	69	26	88	39	42	6	53	4	55	3	38	34	72	95	53	-1	4	98	47	61	100	44	52	13	14	72	99	73	87	63	90	94	2	27	78	68	49	54	65	72	52	96	58	27	64	55	35	79	16	59	77	79	21	63	19	19	51	78	44	91	57	57	6	77	81	16	7	55	93	22	7	45	17	30	50	39	34	4	80	63	47	13	57	22	22	83	
19	73	23	21	5	4	96	71	36	62	13	58	52	65	16	41	1	14	81	17	26	41	23	22	80	99	1	10	19	4	-1	38	31	85	14	61	47	30	86	44	43	75	5	37	11	6	64	65	29	80	23	42	42	96	20	29	35	30	64	36	10	45	44	44	37	46	85	7	39	42	3	72	74	77	55	22	37	44	99	70	51	44	82	11	32	20	52	36	67	13	55	37	59	64	15	34	5	16	63	13	
61	50	48	78	71	99	44	89	98	2	2	50	86	24	92	38	48	46	39	1	99	65	10	75	51	95	70	88	29	98	38	-1	62	96	52	88	29	27	61	26	32	66	72	18	56	7	20	76	69	11	36	80	74	64	38	65	17	92	84	63	55	100	99	23	7	38	96	22	52	21	32	91	59	38	83	61	70	79	20	38	49	49	99	70	94	7	75	66	100	77	62	19	88	86	50	58	72	10	92	61	
35	68	91	75	42	50	69	97	61	96	46	53	49	3	60	78	37	30	48	98	14	9	94	44	28	78	69	33	41	47	31	62	-1	67	7	44	71	52	26	22	52	34	24	47	39	64	46	25	41	42	82	96	34	52	70	53	82	18	50	79	84	80	61	55	90	50	20	52	97	38	99	8	34	40	32	33	37	7	49	27	57	18	16	41	73	22	93	87	29	78	88	91	48	23	43	90	20	57	50	48	
1	28	28	44	100	38	37	57	93	27	70	13	33	58	78	84	58	42	82	11	46	95	3	6	10	98	82	32	43	61	85	96	67	-1	14	45	97	79	47	61	74	85	32	100	15	37	78	3	26	59	66	52	4	14	95	16	15	65	71	57	44	57	23	60	3	70	41	69	95	100	92	51	73	19	35	1	32	10	57	91	80	37	73	20	96	42	44	29	68	86	19	6	19	75	67	15	40	23	46	2	
23	37	18	76	96	28	65	100	57	52	80	59	32	71	37	73	69	9	67	50	5	10	4	64	76	85	69	61	74	100	14	52	7	14	-1	7	22	32	83	10	61	70	96	92	95	9	31	98	72	98	68	1	72	73	95	67	13	7	90	97	88	49	59	76	26	73	36	15	25	55	10	17	36	69	43	91	64	47	83	88	32	93	38	18	27	33	76	20	83	92	97	10	30	60	74	45	65	79	95	72	
22	58	52	26	76	46	38	63	5	94	16	28	82	1	20	45	59	20	41	94	99	23	17	52	92	45	91	96	97	44	61	88	44	45	7	-1	47	50	67	10	19	80	92	61	11	5	92	9	28	51	37	21	88	8	83	23	100	72	79	22	90	84	33	33	40	95	71	30	10	28	5	28	20	96	97	37	91	85	16	10	77	48	4	12	59	11	71	23	15	65	88	5	19	38	85	81	20	2	17	85	
86	66	29	4	4	90	50	44	45	25	61	59	40	61	35	62	6	24	70	66	15	50	88	31	90	63	42	72	96	52	47	29	71	97	22	47	-1	98	65	58	29	55	17	9	56	46	15	96	23	70	98	45	4	3	77	86	53	49	95	9	99	86	61	28	17	53	22	55	28	20	30	9	23	21	57	44	94	45	49	25	36	72	99	63	9	5	42	83	37	65	97	56	79	90	89	12	85	54	25	6	
35	43	91	32	34	72	61	40	98	40	43	3	78	88	23	36	100	52	62	79	97	21	74	60	72	79	57	17	41	13	30	27	52	79	32	50	98	-1	25	39	22	22	7	82	74	18	63	11	41	74	21	91	58	94	43	8	34	34	79	100	51	78	58	17	23	67	53	52	23	55	78	13	65	76	32	13	7	79	42	93	67	66	38	70	28	42	26	81	10	95	75	97	17	92	20	75	54	7	40	46	
6	56	72	99	95	84	49	28	20	93	64	76	48	7	82	1	18	86	76	10	72	53	15	45	67	72	33	69	77	14	86	61	26	47	83	67	65	25	-1	6	52	56	51	47	37	36	26	37	7	85	98	1	3	98	65	72	39	45	80	89	70	37	77	68	40	49	69	2	59	51	77	80	51	34	91	85	16	42	47	54	82	42	55	13	8	2	37	30	85	61	88	16	11	64	64	82	72	1	55	20	
24	12	31	23	48	54	92	87	19	89	13	85	25	50	58	38	61	92	1	19	69	90	81	58	55	10	43	29	64	72	44	26	22	61	10	10	58	39	6	-1	35	46	92	57	98	90	61	22	5	57	1	1	16	38	19	98	81	2	54	90	80	70	77	66	86	77	89	90	63	67	84	14	27	37	48	27	43	2	45	63	49	46	27	23	17	1	67	81	6	70	59	85	88	68	76	75	47	48	60	61	
19	68	64	63	15	7	75	66	40	22	25	33	59	85	64	58	86	92	22	84	20	88	7	6	27	14	69	41	33	99	43	32	52	74	61	19	29	22	52	35	-1	88	44	29	59	79	24	9	32	65	55	18	75	38	25	67	82	98	26	67	49	83	29	1	54	6	90	73	39	94	37	59	45	93	96	53	88	47	54	74	83	12	2	44	18	81	29	5	85	65	15	14	82	96	61	3	21	96	10	11	
26	64	56	70	89	76	24	68	95	18	13	11	57	89	1	93	47	66	81	38	34	22	62	84	38	82	78	22	36	73	75	66	34	85	70	80	55	22	56	46	88	-1	19	8	23	71	37	17	23	77	95	39	37	23	9	28	64	80	16	66	16	34	12	91	2	20	88	41	28	98	51	52	34	27	34	19	72	95	78	68	65	81	71	43	95	74	81	25	4	42	86	2	24	54	96	53	60	31	40	66	
97	16	59	37	91	83	43	69	72	10	77	9	53	77	41	34	25	40	79	78	33	1	16	88	82	39	80	78	7	87	5	72	24	32	96	92	17	7	51	92	44	19	-1	15	22	87	68	39	45	64	8	34	96	83	18	61	32	1	31	73	84	47	11	80	65	75	39	18	68	8	53	33	41	1	99	26	54	17	70	73	47	90	72	50	21	16	71	57	90	95	55	34	88	35	62	62	10	55	83	46	
99	96	11	71	71	22	78	31	14	6	9	89	86	13	34	47	88	54	23	84	16	92	34	96	74	65	2	15	48	63	37	18	47	100	92	61	9	82	47	57	29	8	15	-1	25	32	29	65	38	100	52	52	15	10	48	88	76	79	53	76	84	49	99	31	40	63	88	64	56	54	18	16	64	63	52	76	44	65	52	71	3	23	54	39	64	77	96	35	94	31	13	23	78	3	3	36	22	73	12	65	
44	88	59	79	29	83	2	71	87	32	96	25	47	55	37	36	55	10	80	14	14	59	92	17	23	38	97	26	41	90	11	56	39	15	95	11	56	74	37	98	59	23	22	25	-1	4	51	55	15	4	62	48	27	22	14	57	5	3	20	43	13	1	38	1	39	90	43	27	25	66	5	53	56	35	55	60	94	85	23	9	66	93	76	22	9	58	99	78	53	35	39	49	95	68	98	50	60	75	34	86	
93	54	52	54	20	17	39	95	79	2	19	23	43	42	69	25	99	38	15	48	65	48	51	71	17	26	57	33	20	94	6	7	64	37	9	5	46	18	36	90	79	71	87	32	4	-1	96	88	100	14	14	100	35	17	63	95	8	21	83	92	26	70	16	97	84	82	40	47	46	42	85	15	68	33	26	86	56	64	9	26	70	54	39	97	1	81	68	1	29	25	44	49	26	43	61	23	10	69	62	82	
2	97	33	100	100	60	3	87	14	79	76	10	48	31	93	6	12	13	90	64	84	34	20	39	96	3	49	4	42	2	64	20	46	78	31	92	15	63	26	61	24	37	68	29	51	96	-1	15	48	75	94	72	69	73	14	22	16	88	29	49	6	60	29	63	98	57	48	43	91	2	99	19	3	12	23	64	35	82	37	38	69	40	6	10	42	1	80	70	82	9	28	81	64	7	24	3	99	65	19	96	
2	31	15	17	91	60	34	90	22	17	15	75	1	85	34	40	62	38	48	61	4	54	55	89	77	4	53	69	28	27	65	76	25	3	98	9	96	11	37	22	9	17	39	65	55	88	15	-1	53	77	74	74	65	20	98	11	80	2	3	37	63	77	19	67	72	49	87	3	82	35	57	16	94	84	99	89	96	85	71	38	13	61	60	93	89	63	51	62	96	24	93	2	97	66	12	30	39	26	72	82	
75	82	22	8	90	62	10	47	99	81	60	68	14	51	53	69	12	13	53	45	50	30	9	91	40	56	62	7	95	78	29	69	41	26	72	28	23	41	7	5	32	23	45	38	15	100	48	53	-1	52	52	56	88	91	65	98	19	48	57	35	68	69	14	66	67	19	63	95	69	47	57	42	8	23	79	1	72	28	80	55	33	76	26	10	41	14	88	84	23	33	9	84	27	87	31	63	53	16	1	17	
37	30	49	75	87	96	60	64	33	93	42	46	43	81	64	76	36	77	7	49	64	24	81	39	84	40	74	87	70	68	80	11	42	59	98	51	70	74	85	57	65	77	64	100	4	14	75	77	52	-1	32	61	77	15	100	9	4	48	40	17	23	47	75	22	14	43	29	25	67	50	88	10	93	30	37	30	81	73	65	86	77	78	64	63	63	96	13	39	81	51	26	55	7	89	56	75	60	50	86	83	
20	79	70	56	26	73	85	26	62	47	25	100	34	5	96	68	75	17	62	2	46	80	25	14	32	34	68	19	69	49	23	36	82	66	68	37	98	21	98	1	55	95	8	52	62	14	94	74	52	32	-1	84	7	99	87	72	60	62	94	32	12	17	22	11	77	84	43	33	92	43	45	5	50	2	54	87	72	17	65	91	4	55	12	56	28	66	52	40	34	44	74	92	21	49	96	6	23	28	94	5	
50	77	63	39	16	55	23	32	45	48	15	78	53	81	42	61	82	96	44	13	43	81	56	93	84	99	42	56	13	54	42	80	96	52	1	21	45	91	1	1	18	39	34	52	48	100	72	74	56	61	84	-1	72	50	75	93	26	17	27	88	17	61	5	93	16	29	36	70	41	96	13	67	53	41	32	69	64	91	97	55	32	73	73	36	91	55	25	77	2	30	80	38	63	89	96	96	71	71	43	52	
98	66	58	99	66	26	36	70	76	61	16	72	30	72	59	17	35	67	71	17	43	66	30	52	82	19	49	59	4	65	42	74	34	4	72	88	4	58	3	16	75	37	96	15	27	35	69	65	88	77	7	72	-1	97	90	59	50	61	16	27	42	92	77	63	70	27	10	66	86	98	73	75	13	39	81	59	33	79	23	12	25	65	29	21	28	8	46	56	68	6	82	52	28	86	95	48	51	37	7	95	
82	31	27	28	74	42	7	46	98	16	78	24	48	9	41	69	79	90	93	50	3	71	62	49	9	25	54	86	31	72	96	64	52	14	73	8	3	94	98	38	38	23	83	10	22	17	73	20	91	15	99	50	97	-1	15	64	49	86	9	73	19	70	9	21	89	51	88	61	27	26	95	39	19	93	23	75	93	97	11	81	31	86	14	33	9	15	90	18	17	68	56	47	7	55	33	36	35	87	12	3	
92	36	100	79	18	73	96	53	77	44	91	99	50	53	11	69	47	1	78	67	93	56	67	80	93	46	3	86	9	52	20	38	70	95	95	83	77	43	65	19	25	9	18	48	14	63	14	98	65	100	87	75	90	15	-1	66	42	89	82	61	71	69	68	19	51	47	2	31	63	31	60	7	9	13	48	47	14	3	46	17	53	46	28	3	14	47	72	93	53	10	52	21	40	11	90	4	70	28	100	39	
39	100	33	68	4	79	67	81	48	48	67	99	99	28	52	28	59	46	23	59	37	89	25	67	32	5	9	98	92	96	29	65	53	16	67	23	86	8	72	98	67	28	61	88	57	95	22	11	98	9	72	93	59	64	66	-1	78	25	37	5	63	54	61	67	1	50	93	33	36	61	26	35	7	23	24	100	80	33	86	74	34	45	17	71	10	81	48	21	15	9	89	16	92	22	93	31	15	17	89	52	
54	70	17	16	47	59	77	33	20	36	71	21	11	1	29	84	22	93	17	58	35	15	32	85	83	3	55	75	15	58	35	17	82	15	13	100	53	34	39	81	82	64	32	76	5	8	16	80	19	4	60	26	50	49	42	78	-1	40	88	18	62	90	65	54	56	37	68	83	88	67	15	68	88	24	72	46	11	37	79	84	31	48	61	70	89	34	44	6	81	68	11	80	81	67	45	67	76	37	93	60	
74	48	74	26	71	40	39	3	35	17	83	8	38	31	87	73	61	35	47	93	27	13	33	99	40	69	28	76	79	27	30	92	18	65	7	72	49	34	45	2	98	80	1	79	3	21	88	2	48	48	62	17	61	86	89	25	40	-1	64	69	89	3	35	30	67	81	68	26	19	61	54	43	86	37	57	9	23	23	5	58	48	42	83	93	23	39	85	65	25	65	93	54	86	24	37	14	71	65	45	45	
75	49	35	49	8	15	46	50	53	8	62	94	74	3	23	21	38	43	34	85	64	63	16	14	73	4	90	20	7	64	64	84	50	71	90	79	95	79	80	54	26	16	31	53	20	83	29	3	57	40	94	27	16	9	82	37	88	64	-1	33	69	1	25	15	5	37	79	65	92	55	42	89	67	16	74	46	57	53	100	16	61	95	84	11	37	97	90	92	36	25	70	76	95	97	6	34	31	35	66	39	
46	77	16	93	11	97	85	96	2	4	52	32	60	94	23	14	36	50	82	82	81	82	66	2	72	13	30	66	54	55	36	63	79	57	97	22	9	100	89	90	67	66	73	76	43	92	49	37	35	17	32	88	27	73	61	5	18	69	33	-1	10	39	54	27	1	96	30	47	77	30	17	21	45	23	70	24	22	95	12	5	19	52	65	25	36	81	66	68	42	46	69	97	13	9	91	22	16	64	59	47	
39	8	80	53	72	90	86	14	42	66	52	88	58	4	95	26	84	55	38	51	4	44	29	89	47	72	39	70	84	35	10	55	84	44	88	90	99	51	70	80	49	16	84	84	13	26	6	63	68	23	12	17	42	19	71	63	62	89	69	10	-1	100	75	98	66	28	83	4	37	4	23	59	60	1	62	2	44	95	34	13	9	12	27	72	75	40	98	85	42	10	87	14	84	66	29	50	45	87	50	30	
30	32	98	75	62	60	15	97	75	78	82	63	34	67	48	15	93	2	48	77	46	35	90	62	11	62	79	68	96	79	45	100	80	57	49	84	86	78	37	70	83	34	47	49	1	70	60	77	69	47	17	61	92	70	69	54	90	3	1	39	100	-1	14	43	86	79	71	56	92	78	49	81	18	92	20	77	65	11	100	44	49	68	19	68	66	95	50	54	39	16	91	85	89	72	42	10	32	83	59	48	
89	92	6	88	64	5	62	87	41	44	85	48	91	7	17	11	68	60	13	21	40	93	68	70	31	24	5	28	90	16	44	99	61	23	59	33	61	58	77	77	29	12	11	99	38	16	29	19	14	75	22	5	77	9	68	61	65	35	25	54	75	14	-1	1	63	8	14	39	77	3	31	8	34	50	12	15	33	92	37	55	50	59	89	1	6	72	75	98	34	91	81	19	85	12	2	45	14	44	17	13	
35	17	1	42	83	23	30	45	53	18	17	82	93	6	12	48	13	84	13	10	81	4	59	29	2	100	57	44	88	59	44	23	55	60	76	33	28	17	68	66	1	91	80	31	1	97	63	67	66	22	11	93	63	21	19	67	54	30	15	27	98	43	1	-1	41	92	55	96	37	23	45	62	42	34	82	44	44	9	62	88	91	24	36	96	76	19	77	89	28	25	98	77	72	99	22	34	93	60	23	70	
95	26	97	7	69	52	20	7	27	37	79	66	55	4	61	70	86	78	23	19	17	100	87	10	44	36	94	26	31	77	37	7	90	3	26	40	17	23	40	86	54	2	65	40	39	84	98	72	67	14	77	16	70	89	51	1	56	67	5	1	66	86	63	41	-1	68	36	79	100	57	93	98	81	23	85	78	82	79	22	37	71	66	71	54	21	88	60	39	40	23	35	2	44	35	51	67	93	91	29	25	
100	49	12	27	97	6	94	32	24	35	5	23	36	8	29	64	76	30	71	96	78	78	7	95	57	66	90	61	61	79	46	38	50	70	73	95	53	67	49	77	6	20	75	63	90	82	57	49	19	43	84	29	27	51	47	50	37	81	37	96	28	79	8	92	68	-1	53	68	13	99	76	49	27	12	82	6	43	6	68	93	78	12	12	9	47	54	10	5	65	5	95	41	77	75	26	83	89	39	19	69	
1	22	74	35	86	71	64	63	34	23	17	12	19	40	78	68	42	24	17	65	100	8	9	5	53	79	80	29	31	21	85	96	20	41	36	71	22	53	69	89	90	88	39	88	43	40	48	87	63	29	43	36	10	88	2	93	68	68	79	30	83	71	14	55	36	53	-1	14	93	99	100	91	49	25	76	36	26	26	91	90	90	32	63	91	62	56	68	92	18	13	14	17	26	55	70	30	79	76	14	79	
1	2	12	25	97	45	1	21	18	14	88	88	49	92	11	43	93	35	86	89	100	45	8	64	10	77	19	51	76	63	7	22	52	69	15	30	55	52	2	90	73	41	18	64	27	47	43	3	95	25	33	70	66	61	31	33	83	26	65	47	4	56	39	96	79	68	14	-1	77	18	70	57	13	65	94	83	2	50	45	77	68	67	59	96	72	73	82	6	34	8	53	93	88	66	61	14	78	15	61	70	
33	75	54	82	12	75	10	65	31	5	86	48	76	7	27	22	69	33	32	86	30	52	5	7	67	52	78	89	72	19	39	52	97	95	25	10	28	23	59	63	39	28	68	56	25	46	91	82	69	67	92	41	86	27	63	36	88	19	92	77	37	92	77	37	100	13	93	77	-1	7	91	34	88	35	97	26	36	69	2	92	64	35	13	99	70	83	53	30	77	25	100	96	59	58	35	85	58	47	69	33	
20	44	23	38	4	26	40	69	67	57	2	52	72	80	75	79	46	25	1	23	40	15	70	21	11	62	49	24	33	19	42	21	38	100	55	28	20	55	51	67	94	98	8	54	66	42	2	35	47	50	43	96	98	26	31	61	67	61	55	30	4	78	3	23	57	99	99	18	7	-1	41	26	44	83	2	88	65	73	89	80	8	78	27	19	41	24	92	88	17	43	70	30	51	74	72	16	68	44	66	32	
1	54	97	10	42	27	14	17	49	30	22	95	56	45	76	84	41	61	57	96	45	10	64	15	81	86	69	1	67	51	3	32	99	92	10	5	30	78	77	84	37	51	53	18	5	85	99	57	57	88	45	13	73	95	60	26	15	54	42	17	23	49	31	45	93	76	100	70	91	41	-1	53	82	93	39	24	59	37	51	54	68	64	82	88	69	62	55	71	71	75	67	12	71	29	33	3	55	27	73	67	
16	83	17	18	2	73	100	21	50	100	75	25	65	68	23	31	17	74	72	67	91	79	29	46	62	60	89	26	52	78	72	91	8	51	17	28	9	13	80	14	59	52	33	16	53	15	19	16	42	10	5	67	75	39	7	35	68	43	89	21	59	81	8	62	98	49	91	57	34	26	53	-1	64	94	57	55	28	57	37	80	17	82	13	27	77	58	12	56	79	53	19	31	6	72	59	14	45	90	27	11	
67	69	39	1	12	57	31	74	47	54	4	43	67	27	11	90	45	41	32	24	95	19	43	95	84	14	99	44	60	44	74	59	34	73	36	20	23	65	51	27	45	34	41	64	56	68	3	94	8	93	50	53	13	19	9	7	88	86	67	45	60	18	34	42	81	27	49	13	88	44	82	64	-1	67	22	94	60	16	49	51	12	55	35	5	15	29	48	65	28	29	39	98	22	6	67	29	98	67	36	25	
23	99	7	66	39	84	10	2	80	28	24	1	64	68	56	4	40	36	1	95	35	56	87	7	84	31	49	63	12	91	77	38	40	19	69	96	21	76	34	37	93	27	1	63	35	33	12	84	23	30	2	41	39	93	13	23	24	37	16	23	1	92	50	34	23	12	25	65	35	83	93	94	67	-1	60	77	5	8	72	78	91	34	69	87	64	18	70	83	1	18	65	47	65	76	78	89	75	55	57	93	
69	19	74	90	72	5	11	27	5	15	32	52	74	50	3	62	65	46	10	51	89	72	49	26	18	4	96	17	95	57	55	83	32	35	43	97	57	32	91	48	96	34	99	52	55	26	23	99	79	37	54	32	81	23	48	24	72	57	74	70	62	20	12	82	85	82	76	94	97	2	39	57	22	60	-1	97	75	23	84	58	20	48	27	81	47	28	80	72	6	48	15	87	69	87	28	96	41	27	43	51	
82	42	76	73	33	32	49	66	90	93	84	70	87	40	56	15	55	74	42	78	50	55	50	96	71	43	14	4	42	57	22	61	33	1	91	37	44	13	85	27	53	19	26	76	60	86	64	89	1	30	87	69	59	75	47	100	46	9	46	24	2	77	15	44	78	6	36	83	26	88	24	55	94	77	97	-1	90	8	52	70	96	94	68	15	89	70	95	65	21	8	7	12	57	70	37	3	49	76	51	86	
85	9	71	46	75	65	96	43	66	54	46	30	83	100	24	6	87	4	4	17	1	35	26	78	74	79	69	41	63	6	37	70	37	32	64	91	94	7	16	43	88	72	54	44	94	56	35	96	72	81	72	64	33	93	14	80	11	23	57	22	44	65	33	44	82	43	26	2	36	65	59	28	60	5	75	90	-1	56	35	38	32	30	91	33	7	22	62	77	35	84	60	75	85	8	16	27	52	27	60	77	
98	64	25	11	41	31	15	15	15	68	42	94	21	28	30	23	42	16	19	48	37	71	5	58	76	77	95	66	5	77	44	79	7	10	47	85	45	79	42	2	47	95	17	65	85	64	82	85	28	73	17	91	79	97	3	33	37	23	53	95	95	11	92	9	79	6	26	50	69	73	37	57	16	8	23	8	56	-1	44	25	27	41	96	56	62	63	17	5	61	93	25	96	11	53	89	60	61	94	79	76	
19	86	39	74	1	43	16	88	91	20	45	29	91	85	95	81	87	80	90	58	29	28	72	18	60	91	31	77	54	81	99	20	49	57	83	16	49	42	47	45	54	78	70	52	23	9	37	71	80	65	65	97	23	11	46	86	79	5	100	12	34	100	37	62	22	68	91	45	2	89	51	37	49	72	84	52	35	44	-1	43	38	23	79	79	11	56	31	87	46	73	44	13	53	65	47	73	99	88	81	57	
49	25	58	60	46	49	77	63	2	4	17	94	47	75	91	89	30	39	90	21	71	100	95	39	79	26	31	23	63	16	70	38	27	91	88	10	25	93	54	63	74	68	73	71	9	26	38	38	55	86	91	55	12	81	17	74	84	58	16	5	13	44	55	88	37	93	90	77	92	80	54	80	51	78	58	70	38	25	43	-1	10	59	12	67	19	9	38	40	94	87	19	60	33	28	24	94	13	45	16	1	
56	15	80	47	57	58	94	15	41	34	15	61	69	39	89	64	63	31	16	24	65	90	59	5	54	53	62	83	87	7	51	49	57	80	32	77	36	67	82	49	83	65	47	3	66	70	69	13	33	77	4	32	25	31	53	34	31	48	61	19	9	49	50	91	71	78	90	68	64	8	68	17	12	91	20	96	32	27	38	10	-1	36	57	50	47	31	25	29	9	27	94	27	27	63	89	37	34	64	27	57	
19	93	51	76	32	30	23	21	35	31	45	17	65	69	1	82	34	19	7	63	24	85	16	65	75	18	65	33	81	55	44	49	18	37	93	48	72	66	42	46	12	81	90	23	93	54	40	61	76	78	55	73	65	86	46	45	48	42	95	52	12	68	59	24	66	12	32	67	35	78	64	82	55	34	48	94	30	41	23	59	36	-1	75	1	72	18	89	84	58	100	34	92	91	55	74	56	31	82	65	32	
97	35	63	37	54	87	68	19	92	34	14	84	2	82	56	83	15	41	91	85	60	24	28	64	32	11	71	60	14	93	82	99	16	73	38	4	99	38	55	27	2	71	72	54	76	39	6	60	26	64	12	73	29	14	28	17	61	83	84	65	27	19	89	36	71	12	63	59	13	27	82	13	35	69	27	68	91	96	79	12	57	75	-1	95	71	62	95	16	53	56	1	72	24	16	66	58	32	22	71	93	
48	19	74	73	56	89	96	68	6	44	7	1	90	31	71	75	53	24	9	74	14	89	78	85	39	11	99	78	100	22	11	70	41	20	18	12	63	70	13	23	44	43	50	39	22	97	10	93	10	63	56	36	21	33	3	71	70	93	11	25	72	68	1	96	54	9	91	96	99	19	88	27	5	87	81	15	33	56	79	67	50	1	95	-1	68	72	27	19	9	57	76	38	44	75	59	22	56	12	13	100	
15	39	45	74	58	53	7	43	87	74	85	88	44	53	88	75	98	51	3	89	67	9	43	60	96	79	59	74	71	7	32	94	73	96	27	59	9	28	8	17	18	95	21	64	9	1	42	89	41	63	28	91	28	9	14	10	89	23	37	36	75	66	6	76	21	47	62	72	70	41	69	77	15	64	47	89	7	62	11	19	47	72	71	68	-1	28	85	31	90	51	67	65	4	80	45	91	71	81	50	28	
4	33	21	60	86	89	28	17	17	74	47	23	60	6	36	82	32	85	87	36	69	9	98	3	11	40	54	78	91	45	20	7	22	42	33	11	5	42	2	1	81	74	16	77	58	81	1	63	14	96	66	55	8	15	47	81	34	39	97	81	40	95	72	19	88	54	56	73	83	24	62	58	29	18	28	70	22	63	56	9	31	18	62	72	28	-1	73	54	9	86	72	95	62	25	97	70	31	51	75	30	
63	44	49	10	100	12	100	71	12	85	55	48	46	12	83	27	42	57	48	24	66	12	8	54	78	88	87	35	44	17	52	75	93	44	76	71	42	26	37	67	29	81	71	96	99	68	80	51	88	13	52	25	46	90	72	48	44	85	90	66	98	50	75	77	60	10	68	82	53	92	55	12	48	70	80	95	62	17	31	38	25	89	95	27	85	73	-1	43	96	96	49	93	16	36	14	68	65	81	6	46	
12	71	35	63	10	56	5	1	25	2	41	4	35	40	55	39	86	31	27	10	63	15	93	100	71	53	49	17	13	30	36	66	87	29	20	23	83	81	30	81	5	25	57	35	78	1	70	62	84	39	40	77	56	18	93	21	6	65	92	68	85	54	98	89	39	5	92	6	30	88	71	56	65	83	72	65	77	5	87	40	29	84	16	19	31	54	43	-1	49	22	96	38	60	71	88	95	97	64	74	58	
33	22	83	11	84	27	47	17	29	37	28	84	10	31	64	56	45	53	100	49	22	32	51	4	54	80	52	86	18	50	67	100	29	68	83	15	37	10	85	6	85	4	90	94	53	29	82	96	23	81	34	2	68	17	53	15	81	25	36	42	42	39	34	28	40	65	18	34	77	17	71	79	28	1	6	21	35	61	46	94	9	58	53	9	90	9	96	49	-1	31	86	46	34	86	54	65	94	67	15	37	
83	75	72	9	77	36	96	24	57	15	65	48	6	88	58	6	39	84	76	20	69	99	59	76	23	86	8	64	64	39	13	77	78	86	92	65	65	95	61	70	65	42	95	31	35	25	9	24	33	51	44	30	6	68	10	9	68	65	25	46	10	16	91	25	23	5	13	8	25	43	75	53	29	18	48	8	84	93	73	87	27	100	56	57	51	86	96	22	31	-1	98	44	62	14	76	11	71	26	42	70	
58	58	41	24	53	41	99	71	81	89	42	89	57	72	29	49	59	39	97	80	52	25	4	90	92	52	83	71	34	34	55	62	88	19	97	88	97	75	88	59	15	86	55	13	39	44	28	93	9	26	74	80	82	56	52	89	11	93	70	69	87	91	81	98	35	95	14	53	100	70	67	19	39	65	15	7	60	25	44	19	94	34	1	76	67	72	49	96	86	98	-1	87	46	75	87	20	33	54	81	97	
21	9	18	40	55	27	35	70	7	5	88	69	16	9	56	23	17	80	38	92	86	77	9	47	87	92	44	73	96	4	37	19	91	6	10	5	56	97	16	85	14	2	34	23	49	49	81	2	84	55	92	38	52	47	21	16	80	54	76	97	14	85	19	77	2	41	17	93	96	30	12	31	98	47	87	12	75	96	13	60	27	92	72	38	65	95	93	38	46	44	87	-1	32	35	18	55	7	37	30	79	
51	37	32	55	51	79	41	31	38	74	71	90	49	29	5	75	77	72	14	60	41	42	28	59	65	57	77	44	29	80	59	88	48	19	30	19	79	17	11	88	82	24	88	78	95	26	64	97	27	7	21	63	28	7	40	92	81	86	95	13	84	89	85	72	44	77	26	88	59	51	71	6	22	65	69	57	85	11	53	33	27	91	24	44	4	62	16	60	34	62	46	32	-1	100	78	81	20	57	69	92	
45	40	78	19	39	13	15	28	71	74	53	98	79	46	37	32	99	18	36	95	45	63	37	52	6	43	70	19	93	63	64	86	23	75	60	38	90	92	64	68	96	54	35	3	68	43	7	66	87	89	49	89	86	55	11	22	67	24	97	9	66	72	12	99	35	75	55	66	58	74	29	72	6	76	87	70	8	53	65	28	63	55	16	75	80	25	36	71	86	14	75	35	100	-1	27	58	18	74	9	87	
34	1	29	92	60	56	60	73	89	77	50	33	33	11	70	1	56	54	3	44	38	19	69	85	44	28	76	32	66	47	15	50	43	67	74	85	89	20	64	76	61	96	62	3	98	61	24	12	31	56	96	96	95	33	90	93	45	37	6	91	29	42	2	22	51	26	70	61	35	72	33	59	67	78	28	37	16	89	47	24	89	74	66	59	45	97	14	88	54	76	87	18	78	27	-1	81	28	58	39	64	
33	36	73	18	98	46	92	33	32	90	68	97	45	18	93	56	89	40	48	93	14	24	99	61	20	61	50	61	10	13	34	58	90	15	45	81	12	75	82	75	3	53	62	36	50	23	3	30	63	75	6	96	48	36	4	31	67	14	34	22	50	10	45	34	67	83	30	14	85	16	3	14	29	89	96	3	27	60	73	94	37	56	58	22	91	70	68	95	65	11	20	55	81	58	81	-1	61	84	50	6	
67	91	16	55	77	13	27	80	67	18	69	78	78	45	90	98	90	40	85	30	89	38	17	99	37	98	35	51	84	57	5	72	20	40	65	20	85	54	72	47	21	60	10	22	60	10	99	39	53	60	23	71	51	35	70	15	76	71	31	16	45	32	14	93	93	89	79	78	58	68	55	45	98	75	41	49	52	61	99	13	34	31	32	56	71	31	65	97	94	71	33	7	20	18	28	61	-1	36	25	36	
39	45	3	84	79	54	78	53	16	94	49	85	80	89	27	90	12	36	52	85	96	35	59	64	31	76	74	66	18	22	16	10	57	23	79	2	54	7	1	48	96	31	55	73	75	69	65	26	16	50	28	71	37	87	28	17	37	65	35	64	87	83	44	60	91	39	76	15	47	44	27	90	67	55	27	76	27	94	88	45	64	82	22	12	81	51	81	64	67	26	54	37	57	74	58	84	36	-1	96	10	
19	50	74	39	91	42	18	4	79	55	20	21	65	23	32	52	28	75	98	54	83	4	48	42	85	44	62	98	40	22	63	92	50	46	95	17	25	40	55	60	10	40	83	12	34	62	19	72	1	86	94	43	7	12	100	89	93	45	66	59	50	59	17	23	29	19	14	61	69	66	73	27	36	57	43	51	60	79	81	16	27	65	71	13	50	75	6	74	15	42	81	30	69	9	39	50	25	96	-1	93	
20	80	85	40	24	93	97	24	73	41	34	76	79	7	28	96	62	41	2	51	40	81	18	11	72	98	26	33	96	83	13	61	48	2	72	85	6	46	20	61	11	66	46	65	86	82	96	82	17	83	5	52	95	3	39	52	60	45	39	47	30	48	13	70	25	69	79	70	33	32	67	11	25	93	51	86	77	76	57	1	57	32	93	100	28	30	46	58	37	70	97	79	92	87	64	6	36	10	93	-1	
