100
-1	15	30	77	32	35	97	11	20	3	30	40	3	36	90	38	26	86	64	32	99	86	54	37	70	20	99	41	73	81	55	35	70	98	99	66	71	18	90	75	78	92	12	38	65	37	59	81	88	65	95	51	57	59	74	98	77	30	52	58	4	20	3	6	41	66	82	32	51	74	63	5	30	64	55	64	11	9	49	76	41	31	77	70	29	45	98	16	73	98	89	50	10	83	69	74	15	46	28	23	
15	-1	16	16	67	2	32	11	77	9	51	77	16	47	67	67	29	55	13	5	73	4	59	49	23	13	7	54	87	54	70	3	28	19	21	16	51	80	24	96	80	65	34	20	12	38	33	91	83	1	78	86	11	50	18	86	41	4	74	40	56	78	64	44	23	33	52	33	21	40	6	56	7	24	12	11	46	37	62	64	48	4	100	61	84	30	92	82	44	13	1	78	1	62	14	50	91	75	35	52	
30	16	-1	51	30	89	70	83	74	37	77	93	16	95	53	46	24	19	62	29	97	71	89	10	30	42	55	44	71	88	77	30	23	63	16	37	11	10	91	39	7	68	71	54	31	92	67	12	21	82	8	73	89	68	58	97	77	90	20	32	79	74	52	76	51	100	90	6	97	25	79	91	43	99	69	92	18	69	89	19	19	38	12	40	28	47	58	4	44	72	44	9	19	44	11	79	37	14	34	46	
77	16	51	-1	82	42	33	59	70	28	38	95	98	25	8	61	78	71	41	83	80	60	88	12	13	90	24	80	32	93	100	69	52	8	91	73	77	21	29	48	40	20	35	51	37	81	55	69	86	5	56	49	99	78	97	12	6	42	11	44	12	35	100	17	3	55	2	63	5	45	80	69	37	78	43	41	53	78	68	55	68	64	72	78	84	59	100	72	6	37	50	97	32	36	6	76	96	68	94	57	
32	67	30	82	-1	76	80	78	83	13	12	99	40	12	74	24	12	74	75	30	7	51	81	58	41	65	47	9	60	53	17	12	73	34	88	87	23	81	80	50	56	85	28	34	48	96	17	9	71	61	4	30	34	63	73	39	42	63	84	11	84	78	17	26	84	53	70	59	87	92	54	1	38	99	75	1	2	35	41	83	48	82	85	59	86	70	19	82	47	16	96	5	81	62	62	29	94	21	29	76	
35	2	89	42	76	-1	75	97	93	75	89	5	33	44	56	43	96	13	100	51	23	30	48	67	90	68	36	4	66	98	60	11	98	73	65	74	56	94	2	32	79	55	43	81	90	30	1	15	56	72	62	90	90	78	38	66	44	52	38	7	15	87	20	44	90	53	7	44	44	98	17	53	78	69	18	73	66	19	86	95	47	43	50	77	97	32	31	59	87	63	88	69	35	92	93	29	26	37	40	31	
97	32	70	33	80	75	-1	53	92	26	24	43	14	41	60	20	93	21	43	13	79	89	30	93	75	68	59	84	4	3	34	50	56	36	86	10	3	95	31	15	39	100	33	46	98	49	49	81	25	77	34	56	12	14	96	59	16	79	88	19	20	77	78	60	15	99	10	33	64	48	9	34	60	68	12	15	68	93	18	82	46	23	26	91	77	9	87	49	54	94	55	60	95	48	10	28	30	69	24	41	
11	11	83	59	78	97	53	-1	79	19	59	45	98	56	41	26	13	33	42	88	78	54	27	89	19	35	15	52	46	37	16	94	52	36	36	91	49	51	53	64	46	9	10	57	90	83	21	14	60	10	25	38	29	90	23	43	21	27	24	95	4	90	44	66	91	100	98	57	79	15	46	87	33	93	23	14	27	33	62	96	78	6	43	7	40	51	55	65	76	69	90	40	67	99	25	36	85	80	66	66	
20	77	74	70	83	93	92	79	-1	85	96	31	50	89	27	57	64	58	15	62	44	78	52	32	38	67	50	75	51	15	89	89	85	96	40	65	20	14	28	78	66	22	18	88	72	34	80	67	91	90	100	31	82	77	21	28	44	93	62	19	84	47	60	29	99	42	47	46	86	65	40	4	37	35	70	78	3	91	59	47	14	88	88	95	58	99	31	3	45	63	19	40	70	83	65	82	90	50	82	6	
3	9	37	28	13	75	26	19	85	-1	22	67	25	14	98	28	35	7	69	97	24	20	91	40	72	65	99	75	13	58	57	4	22	4	31	12	100	88	62	84	73	28	67	88	67	7	38	60	25	69	55	59	76	37	16	57	75	64	58	78	7	59	39	41	94	93	44	30	38	52	30	70	70	76	18	71	96	19	13	15	45	70	97	26	57	56	82	76	81	34	71	55	34	7	85	53	23	73	72	4	
30	51	77	38	12	89	24	59	96	22	-1	98	8	39	55	23	65	87	64	22	46	87	3	30	68	19	54	30	96	24	56	34	62	98	91	25	99	89	9	22	58	33	11	77	61	9	45	39	61	42	60	32	88	55	53	40	33	28	38	92	41	80	14	43	88	47	81	88	1	84	5	2	79	61	34	13	80	60	69	59	75	3	23	23	9	55	92	68	87	58	82	93	43	52	94	7	100	82	94	12	
40	77	93	95	99	5	43	45	31	67	98	-1	75	38	56	67	11	46	30	28	96	84	78	46	35	9	24	5	69	53	62	97	33	87	99	24	50	17	23	59	98	18	6	28	16	58	6	50	84	98	66	53	76	73	53	60	53	53	76	1	100	58	3	75	55	52	41	21	46	55	61	86	2	60	96	12	51	54	88	10	41	10	79	29	86	22	25	57	21	51	30	8	26	14	8	43	89	8	31	33	
3	16	16	98	40	33	14	98	50	25	8	75	-1	80	46	85	76	80	64	24	21	10	68	58	71	42	97	49	43	89	68	55	54	16	99	83	4	7	1	64	35	51	65	70	19	94	42	67	77	81	6	20	54	16	49	96	81	59	65	27	95	13	79	23	62	92	85	35	44	4	66	13	86	73	49	97	16	5	30	34	62	71	13	21	55	93	49	72	21	16	64	78	94	21	63	4	53	58	12	25	
36	47	95	25	12	44	41	56	89	14	39	38	80	-1	96	71	66	52	85	3	77	29	6	22	3	71	38	63	3	74	12	33	55	85	94	53	39	65	95	43	60	26	64	3	74	37	73	66	21	76	86	5	81	86	51	55	21	86	33	54	10	97	30	92	93	17	73	59	82	33	62	2	17	78	54	29	49	29	62	11	91	62	40	91	85	31	23	14	16	14	76	90	55	82	52	22	21	13	48	68	
90	67	53	8	74	56	60	41	27	98	55	56	46	96	-1	41	97	43	90	83	4	15	26	70	94	99	60	4	85	55	89	61	64	36	41	20	43	54	33	14	98	35	79	4	4	13	1	83	14	91	68	79	75	100	60	52	39	97	100	60	39	36	76	68	31	88	42	36	54	83	57	82	85	82	83	10	50	88	59	30	79	41	22	22	48	88	17	69	41	47	14	94	8	18	78	24	81	19	24	74	
38	67	46	61	24	43	20	26	57	28	23	67	85	71	41	-1	87	76	24	73	58	37	50	75	33	52	60	20	65	6	9	7	7	87	32	11	19	17	24	43	73	93	5	59	41	75	59	8	1	68	41	21	74	28	33	71	23	13	1	82	16	8	85	29	59	34	16	55	31	55	77	15	66	18	11	94	41	58	82	19	85	63	64	79	60	24	46	9	84	75	35	27	51	49	35	51	36	60	7	65	
26	29	24	78	12	96	93	13	64	35	65	11	76	66	97	87	-1	77	54	57	90	78	44	38	68	53	71	99	54	46	53	100	23	89	4	38	34	37	2	89	89	31	9	45	42	59	57	80	93	35	50	44	47	58	15	73	75	26	35	9	3	53	31	71	13	36	28	26	30	57	55	42	54	87	78	1	38	76	82	67	75	46	57	86	72	13	40	55	61	12	80	16	84	97	49	80	60	54	69	52	
86	55	19	71	74	13	21	33	58	7	87	46	80	52	43	76	77	-1	49	13	22	92	96	28	94	85	47	54	45	80	66	36	37	95	83	72	54	70	23	6	81	85	26	27	49	47	34	2	6	66	11	65	49	82	5	1	37	47	80	22	28	11	43	1	57	83	73	22	17	85	17	8	91	14	89	47	77	73	17	78	67	75	11	28	50	72	26	63	65	70	51	63	35	72	39	77	37	26	66	8	
64	13	62	41	75	100	43	42	15	69	64	30	64	85	90	24	54	49	-1	57	20	11	96	8	100	73	56	64	76	86	23	25	91	42	7	28	38	26	42	84	97	42	86	65	20	31	38	70	69	61	66	27	7	32	19	75	75	78	71	78	89	64	51	27	89	36	1	52	36	91	41	5	46	6	91	14	29	26	39	27	86	24	55	38	62	26	100	44	36	43	39	44	60	33	82	37	11	61	99	49	
32	5	29	83	30	51	13	88	62	97	22	28	24	3	83	73	57	13	57	-1	74	23	73	93	60	67	33	2	56	11	70	92	50	57	24	3	17	55	37	52	41	41	61	13	22	55	47	59	96	89	9	43	8	47	53	83	15	16	92	50	74	29	96	94	2	65	12	57	16	72	2	38	52	85	28	69	53	52	79	78	84	59	70	50	42	43	74	91	23	51	73	69	69	73	56	40	12	60	20	32	
99	73	97	80	7	23	79	78	44	24	46	96	21	77	4	58	90	22	20	74	-1	91	81	72	94	27	88	57	21	15	26	90	57	47	17	6	51	96	7	35	13	92	70	72	99	79	27	99	14	54	86	67	88	87	5	3	85	60	33	56	40	54	37	63	69	21	41	3	53	7	22	9	54	62	74	72	9	54	59	76	13	63	58	66	46	62	58	18	90	37	43	20	26	28	63	54	32	75	84	66	
86	4	71	60	51	30	89	54	78	20	87	84	10	29	15	37	78	92	11	23	91	-1	24	93	62	43	97	74	71	50	30	32	88	84	76	74	62	20	25	93	66	54	65	52	5	5	40	15	67	65	45	79	97	62	97	20	13	58	39	66	33	74	86	96	23	58	23	89	52	23	33	73	14	50	11	92	80	25	37	5	68	65	13	98	6	12	95	38	20	50	18	43	39	99	98	41	93	39	19	7	
54	59	89	88	81	48	30	27	52	91	3	78	68	6	26	50	44	96	96	73	81	24	-1	53	92	11	40	74	55	7	77	32	45	1	73	3	69	90	100	1	63	38	13	46	86	88	10	39	73	44	21	44	47	39	96	61	1	26	52	66	60	77	27	93	28	45	7	96	94	75	18	80	17	75	91	9	11	13	33	47	37	71	95	8	69	35	84	71	18	6	48	1	26	57	26	98	23	40	11	23	
37	49	10	12	58	67	93	89	32	40	30	46	58	22	70	75	38	28	8	93	72	93	53	-1	39	76	46	41	2	49	70	75	72	63	82	20	19	80	79	7	37	39	71	53	62	76	47	41	93	28	94	88	73	90	41	15	2	14	50	20	3	64	93	38	30	60	23	13	38	37	33	15	57	96	17	9	82	55	87	36	36	13	79	4	8	55	65	89	59	88	57	23	96	85	56	36	48	36	90	56	
70	23	30	13	41	90	75	19	38	72	68	35	71	3	94	33	68	94	100	60	94	62	92	39	-1	39	37	1	58	74	57	86	80	50	87	19	55	40	17	29	92	52	96	3	14	27	6	62	92	44	75	35	98	31	65	82	11	21	1	43	14	75	59	70	42	57	80	11	17	32	18	28	64	83	64	87	11	62	60	59	5	8	86	53	75	27	1	26	44	45	11	36	84	54	8	30	10	55	7	79	
20	13	42	90	65	68	68	35	67	65	19	9	42	71	99	52	53	85	73	67	27	43	11	76	39	-1	68	13	14	21	10	6	40	69	59	27	47	39	76	31	70	56	1	19	75	88	93	59	81	66	51	43	62	56	34	57	63	23	34	86	73	86	48	48	98	46	85	95	47	62	58	54	72	32	62	72	32	95	62	70	15	78	25	19	57	73	64	59	41	91	97	68	78	68	4	26	44	32	72	77	
99	7	55	24	47	36	59	15	50	99	54	24	97	38	60	60	71	47	56	33	88	97	40	46	37	68	-1	14	16	70	37	99	19	3	17	59	75	29	38	16	25	28	98	99	38	25	20	60	79	91	47	21	80	72	19	42	93	89	26	50	57	6	99	84	38	16	63	56	88	72	89	44	77	41	35	50	5	9	21	4	100	4	18	42	60	81	57	50	3	56	2	34	41	56	16	57	61	49	61	67	
41	54	44	80	9	4	84	52	75	75	30	5	49	63	4	20	99	54	64	2	57	74	74	41	1	13	14	-1	26	9	64	91	56	60	59	42	96	12	65	49	48	10	49	25	54	66	64	58	28	17	4	23	20	53	89	76	72	37	32	81	45	22	34	42	64	5	9	21	30	65	17	100	68	35	54	63	33	65	21	50	42	32	40	51	82	65	10	61	8	66	7	65	37	68	56	43	19	11	30	13	
73	87	71	32	60	66	4	46	51	13	96	69	43	3	85	65	54	45	76	56	21	71	55	2	58	14	16	26	-1	26	70	29	56	85	29	46	32	4	16	100	100	39	48	59	100	11	92	58	90	51	42	59	32	91	38	17	5	19	72	73	86	2	33	44	45	73	90	20	14	5	64	28	82	26	67	85	94	92	77	74	73	3	26	64	72	25	94	87	61	82	98	63	54	9	27	94	24	26	71	38	
81	54	88	93	53	98	3	37	15	58	24	53	89	74	55	6	46	80	86	11	15	50	7	49	74	21	70	9	26	-1	39	7	89	26	31	58	43	77	35	39	94	54	46	42	65	41	19	96	34	66	77	7	86	36	75	95	64	9	76	46	11	40	14	46	39	69	8	13	49	8	6	1	57	49	7	34	25	83	53	89	59	43	80	6	20	31	52	8	59	66	13	91	72	7	24	58	33	26	68	74	
55	70	77	100	17	60	34	16	89	57	56	62	68	12	89	9	53	66	23	70	26	30	77	70	57	10	37	64	70	39	-1	12	21	64	95	15	39	82	26	92	57	32	54	73	30	23	75	35	29	70	28	61	8	44	64	32	27	68	75	29	21	99	81	14	69	46	32	20	57	95	45	72	72	94	77	16	30	21	94	57	17	83	35	27	29	68	84	56	59	18	33	49	69	77	86	85	76	37	23	95	
35	3	30	69	12	11	50	94	89	4	34	97	55	33	61	7	100	36	25	92	90	32	32	75	86	6	99	91	29	7	12	-1	31	24	37	23	39	51	73	100	36	18	55	28	60	2	41	11	17	49	89	64	71	30	96	26	74	47	25	14	41	97	14	98	40	15	61	26	51	93	21	36	67	54	2	77	93	4	22	42	85	11	94	96	41	1	29	88	1	76	15	73	73	60	48	23	25	7	25	76	
70	28	23	52	73	98	56	52	85	22	62	33	54	55	64	7	23	37	91	50	57	88	45	72	80	40	19	56	56	89	21	31	-1	68	62	71	77	32	94	59	20	61	87	55	47	33	43	67	39	82	6	94	38	70	61	54	54	83	48	100	3	85	1	21	95	61	37	70	7	95	65	3	61	79	54	14	96	20	24	24	43	89	33	20	82	92	28	59	5	60	84	12	6	5	55	89	85	7	11	94	
98	19	63	8	34	73	36	36	96	4	98	87	16	85	36	87	89	95	42	57	47	84	1	63	50	69	3	60	85	26	64	24	68	-1	50	79	60	88	87	8	89	40	55	62	63	61	70	56	83	72	58	36	63	27	53	99	45	23	36	33	64	85	39	57	91	55	66	64	93	87	75	12	89	74	33	69	63	26	73	55	31	72	47	25	50	72	55	5	46	41	32	36	9	14	1	36	57	29	82	56	
99	21	16	91	88	65	86	36	40	31	91	99	99	94	41	32	4	83	7	24	17	76	73	82	87	59	17	59	29	31	95	37	62	50	-1	46	21	53	30	25	86	38	34	24	16	88	31	33	82	61	44	64	55	47	17	83	2	75	74	36	94	35	75	37	92	99	48	91	92	1	11	49	50	82	84	6	41	38	40	22	60	83	1	76	21	89	88	28	10	10	64	88	30	24	51	40	84	85	27	30	
66	16	37	73	87	74	10	91	65	12	25	24	83	53	20	11	38	72	28	3	6	74	3	20	19	27	59	42	46	58	15	23	71	79	46	-1	54	23	6	58	33	80	61	30	94	37	37	77	96	3	23	53	65	57	42	38	70	86	14	65	39	74	7	13	45	80	35	61	42	7	12	27	70	17	69	79	52	79	27	86	45	75	35	88	94	50	78	4	48	26	55	32	55	7	100	53	15	56	4	75	
71	51	11	77	23	56	3	49	20	100	99	50	4	39	43	19	34	54	38	17	51	62	69	19	55	47	75	96	32	43	39	39	77	60	21	54	-1	3	24	97	72	31	18	1	97	73	49	49	86	30	60	12	3	66	17	33	39	77	85	76	48	27	100	58	66	99	61	27	25	7	3	4	25	15	69	41	25	99	83	20	20	5	22	26	18	24	98	22	57	94	22	56	97	88	16	48	38	31	6	83	
18	80	10	21	81	94	95	51	14	88	89	17	7	65	54	17	37	70	26	55	96	20	90	80	40	39	29	12	4	77	82	51	32	88	53	23	3	-1	58	33	60	81	95	22	34	32	62	84	5	59	48	57	93	71	75	20	49	30	28	93	34	100	64	17	5	15	33	17	12	46	18	13	27	21	37	16	11	71	4	34	22	67	70	70	40	29	16	62	14	52	92	39	53	68	24	45	69	42	89	55	
90	24	91	29	80	2	31	53	28	62	9	23	1	95	33	24	2	23	42	37	7	25	100	79	17	76	38	65	16	35	26	73	94	87	30	6	24	58	-1	31	77	10	91	24	20	80	93	34	81	8	4	100	12	67	28	73	40	76	70	89	57	35	65	15	43	13	18	66	18	60	47	55	30	96	63	58	85	35	17	73	43	93	30	85	73	98	47	30	73	16	12	57	53	91	30	60	70	32	95	2	
75	96	39	48	50	32	15	64	78	84	22	59	64	43	14	43	89	6	84	52	35	93	1	7	29	31	16	49	100	39	92	100	59	8	25	58	97	33	31	-1	10	46	59	43	49	7	73	54	93	22	16	2	60	71	95	82	67	100	12	60	80	94	40	55	23	4	29	27	12	39	20	74	55	85	89	61	2	28	81	28	31	41	50	29	93	50	37	10	53	52	69	75	44	32	90	39	55	60	56	97	
78	80	7	40	56	79	39	46	66	73	58	98	35	60	98	73	89	81	97	41	13	66	63	37	92	70	25	48	100	94	57	36	20	89	86	33	72	60	77	10	-1	94	61	85	97	1	67	68	39	11	45	95	44	60	37	12	72	62	35	71	47	64	82	63	94	66	74	10	85	83	61	70	50	95	43	98	73	67	23	92	50	63	1	40	54	48	65	60	10	74	21	29	19	75	94	74	7	41	31	33	
92	65	68	20	85	55	100	9	22	28	33	18	51	26	35	93	31	85	42	41	92	54	38	39	52	56	28	10	39	54	32	18	61	40	38	80	31	81	10	46	94	-1	88	76	50	95	38	20	67	15	56	46	30	89	98	60	68	22	65	2	57	19	30	98	69	59	76	99	37	83	4	54	39	5	66	13	52	55	49	32	4	76	55	73	43	87	26	35	51	62	35	70	94	78	89	21	66	26	84	92	
12	34	71	35	28	43	33	10	18	67	11	6	65	64	79	5	9	26	86	61	70	65	13	71	96	1	98	49	48	46	54	55	87	55	34	61	18	95	91	59	61	88	-1	70	96	78	48	62	91	17	80	98	38	7	48	22	1	30	57	26	46	80	75	9	33	10	77	63	59	79	60	92	40	31	81	33	91	61	88	29	4	98	37	36	32	39	80	86	62	29	13	59	90	10	56	66	85	19	19	68	
38	20	54	51	34	81	46	57	88	88	77	28	70	3	4	59	45	27	65	13	72	52	46	53	3	19	99	25	59	42	73	28	55	62	24	30	1	22	24	43	85	76	70	-1	84	96	86	91	30	59	70	11	43	52	97	59	2	85	17	22	93	74	27	51	12	19	98	63	11	1	84	75	92	49	99	22	4	71	28	36	40	94	37	95	91	57	92	36	63	37	28	25	5	16	46	70	17	22	75	73	
65	12	31	37	48	90	98	90	72	67	61	16	19	74	4	41	42	49	20	22	99	5	86	62	14	75	38	54	100	65	30	60	47	63	16	94	97	34	20	49	97	50	96	84	-1	65	41	49	83	69	6	30	80	6	5	6	26	63	18	95	61	9	82	9	37	82	4	85	24	20	65	52	89	95	76	49	2	8	22	35	30	15	44	64	46	8	7	95	21	73	61	7	25	36	36	43	68	30	20	44	
37	38	92	81	96	30	49	83	34	7	9	58	94	37	13	75	59	47	31	55	79	5	88	76	27	88	25	66	11	41	23	2	33	61	88	37	73	32	80	7	1	95	78	96	65	-1	79	91	96	18	18	12	42	100	37	29	3	15	89	48	76	92	1	93	46	31	78	28	80	2	84	8	99	47	96	65	70	35	59	64	51	7	61	18	99	43	82	46	53	89	87	99	66	14	36	77	5	71	48	35	
59	33	67	55	17	1	49	21	80	38	45	6	42	73	1	59	57	34	38	47	27	40	10	47	6	93	20	64	92	19	75	41	43	70	31	37	49	62	93	73	67	38	48	86	41	79	-1	78	87	45	61	87	64	82	62	30	28	43	89	44	72	80	7	49	7	49	12	5	44	20	48	30	39	55	8	63	31	43	13	85	40	61	31	88	95	84	73	60	31	27	80	88	89	37	61	42	91	31	80	61	
81	91	12	69	9	15	81	14	67	60	39	50	67	66	83	8	80	2	70	59	99	15	39	41	62	59	60	58	58	96	35	11	67	56	33	77	49	84	34	54	68	20	62	91	49	91	78	-1	60	72	91	40	47	38	98	35	50	4	36	11	17	27	18	21	32	53	70	39	33	12	51	39	29	19	43	52	4	95	33	29	7	96	40	83	25	14	95	46	25	30	55	89	80	19	90	79	22	70	5	69	
88	83	21	86	71	56	25	60	91	25	61	84	77	21	14	1	93	6	69	96	14	67	73	93	92	81	79	28	90	34	29	17	39	83	82	96	86	5	81	93	39	67	91	30	83	96	87	60	-1	57	81	12	84	81	75	61	5	25	89	18	55	10	67	23	4	38	86	43	16	44	53	6	71	26	57	79	26	37	6	14	68	36	62	9	81	28	16	43	78	11	73	53	49	56	90	48	68	21	71	86	
65	1	82	5	61	72	77	10	90	69	42	98	81	76	91	68	35	66	61	89	54	65	44	28	44	66	91	17	51	66	70	49	82	72	61	3	30	59	8	22	11	15	17	59	69	18	45	72	57	-1	41	50	97	40	29	70	74	81	26	42	33	81	9	78	92	53	60	79	46	64	38	58	84	17	64	19	63	7	20	19	27	1	17	79	83	91	22	89	9	28	46	57	47	39	84	62	22	83	50	61	
95	78	8	56	4	62	34	25	100	55	60	66	6	86	68	41	50	11	66	9	86	45	21	94	75	51	47	4	42	77	28	89	6	58	44	23	60	48	4	16	45	56	80	70	6	18	61	91	81	41	-1	34	50	35	69	70	21	52	31	85	77	31	48	96	94	43	56	90	75	28	46	87	81	60	25	9	2	72	77	44	77	55	31	6	41	43	21	89	15	37	49	9	44	92	99	94	42	89	65	95	
51	86	73	49	30	90	56	38	31	59	32	53	20	5	79	21	44	65	27	43	67	79	44	88	35	43	21	23	59	7	61	64	94	36	64	53	12	57	100	2	95	46	98	11	30	12	87	40	12	50	34	-1	54	45	67	70	2	6	15	2	35	74	18	35	74	78	100	20	23	83	65	83	6	43	53	21	49	74	73	15	50	93	13	1	9	90	92	4	85	65	19	78	19	7	86	41	46	61	37	28	
57	11	89	99	34	90	12	29	82	76	88	76	54	81	75	74	47	49	7	8	88	97	47	73	98	62	80	20	32	86	8	71	38	63	55	65	3	93	12	60	44	30	38	43	80	42	64	47	84	97	50	54	-1	37	3	94	31	38	33	46	32	13	10	41	33	88	100	65	40	4	35	66	77	88	81	20	78	48	9	93	61	97	46	2	41	35	99	71	98	87	41	25	50	38	12	51	100	98	53	40	
59	50	68	78	63	78	14	90	77	37	55	73	16	86	100	28	58	82	32	47	87	62	39	90	31	56	72	53	91	36	44	30	70	27	47	57	66	71	67	71	60	89	7	52	6	100	82	38	81	40	35	45	37	-1	72	83	71	77	55	69	74	90	41	68	73	22	68	99	82	10	67	53	54	73	18	94	33	73	44	78	16	57	78	79	70	87	86	7	8	16	52	87	95	30	67	5	74	29	80	89	
74	18	58	97	73	38	96	23	21	16	53	53	49	51	60	33	15	5	19	53	5	97	96	41	65	34	19	89	38	75	64	96	61	53	17	42	17	75	28	95	37	98	48	97	5	37	62	98	75	29	69	67	3	72	-1	85	6	74	44	74	11	13	97	50	35	9	100	9	85	41	2	33	6	97	50	76	52	87	29	69	24	81	1	14	15	60	65	43	17	95	6	13	6	11	69	99	42	5	87	1	
98	86	97	12	39	66	59	43	28	57	40	60	96	55	52	71	73	1	75	83	3	20	61	15	82	57	42	76	17	95	32	26	54	99	83	38	33	20	73	82	12	60	22	59	6	29	30	35	61	70	70	70	94	83	85	-1	39	77	1	99	60	17	6	92	92	65	53	56	87	42	15	7	84	84	96	44	68	53	25	84	22	83	50	26	87	52	5	50	28	80	43	60	30	19	13	92	85	97	10	52	
77	41	77	6	42	44	16	21	44	75	33	53	81	21	39	23	75	37	75	15	85	13	1	2	11	63	93	72	5	64	27	74	54	45	2	70	39	49	40	67	72	68	1	2	26	3	28	50	5	74	21	2	31	71	6	39	-1	20	98	87	58	83	37	51	15	70	68	63	14	58	49	9	77	18	63	37	37	36	60	60	76	27	70	97	68	86	7	88	57	50	61	5	59	65	18	24	85	28	89	70	
30	4	90	42	63	52	79	27	93	64	28	53	59	86	97	13	26	47	78	16	60	58	26	14	21	23	89	37	19	9	68	47	83	23	75	86	77	30	76	100	62	22	30	85	63	15	43	4	25	81	52	6	38	77	74	77	20	-1	89	59	37	12	37	38	49	79	97	18	72	84	11	47	66	60	27	92	96	39	7	62	72	8	86	58	35	49	54	70	91	73	75	40	92	33	94	11	47	11	16	6	
52	74	20	11	84	38	88	24	62	58	38	76	65	33	100	1	35	80	71	92	33	39	52	50	1	34	26	32	72	76	75	25	48	36	74	14	85	28	70	12	35	65	57	17	18	89	89	36	89	26	31	15	33	55	44	1	98	89	-1	45	43	100	48	96	92	67	75	46	79	5	95	66	50	34	29	77	20	58	79	14	19	98	62	29	66	40	91	88	93	1	74	89	37	80	44	78	28	34	10	47	
58	40	32	44	11	7	19	95	19	78	92	1	27	54	60	82	9	22	78	50	56	66	66	20	43	86	50	81	73	46	29	14	100	33	36	65	76	93	89	60	71	2	26	22	95	48	44	11	18	42	85	2	46	69	74	99	87	59	45	-1	60	64	82	72	3	56	22	75	35	1	95	54	2	64	52	48	49	67	51	100	37	79	31	95	90	91	3	95	20	33	18	39	62	92	47	81	81	53	18	5	
4	56	79	12	84	15	20	4	84	7	41	100	95	10	39	16	3	28	89	74	40	33	60	3	14	73	57	45	86	11	21	41	3	64	94	39	48	34	57	80	47	57	46	93	61	76	72	17	55	33	77	35	32	74	11	60	58	37	43	60	-1	20	26	56	8	65	38	51	57	77	38	98	71	35	95	32	24	98	77	54	52	4	19	90	33	1	41	33	45	21	15	41	56	69	10	47	63	100	31	7	
20	78	74	35	78	87	77	90	47	59	80	58	13	97	36	8	53	11	64	29	54	74	77	64	75	86	6	22	2	40	99	97	85	85	35	74	27	100	35	94	64	19	80	74	9	92	80	27	10	81	31	74	13	90	13	17	83	12	100	64	20	-1	77	81	86	86	18	63	49	71	90	22	50	17	87	28	66	59	89	90	95	13	80	71	50	54	95	41	37	51	36	15	49	35	40	59	51	99	20	13	
3	64	52	100	17	20	78	44	60	39	14	3	79	30	76	85	31	43	51	96	37	86	27	93	59	48	99	34	33	14	81	14	1	39	75	7	100	64	65	40	82	30	75	27	82	1	7	18	67	9	48	18	10	41	97	6	37	37	48	82	26	77	-1	92	80	48	84	61	31	95	92	36	32	11	7	73	46	59	31	56	98	66	60	23	38	6	66	78	100	88	38	69	10	14	90	66	36	98	9	64	
6	44	76	17	26	44	60	66	29	41	43	75	23	92	68	29	71	1	27	94	63	96	93	38	70	48	84	42	44	46	14	98	21	57	37	13	58	17	15	55	63	98	9	51	9	93	49	21	23	78	96	35	41	68	50	92	51	38	96	72	56	81	92	-1	32	5	76	79	90	84	98	68	85	21	82	47	80	25	50	24	4	13	93	59	1	43	78	84	15	2	16	93	87	53	22	13	78	35	44	93	
41	23	51	3	84	90	15	91	99	94	88	55	62	93	31	59	13	57	89	2	69	23	28	30	42	98	38	64	45	39	69	40	95	91	92	45	66	5	43	23	94	69	33	12	37	46	7	32	4	92	94	74	33	73	35	92	15	49	92	3	8	86	80	32	-1	21	67	5	8	5	62	86	92	57	41	67	95	34	89	85	88	47	72	7	7	69	82	29	54	56	68	41	33	14	68	76	66	88	96	6	
66	33	100	55	53	53	99	100	42	93	47	52	92	17	88	34	36	83	36	65	21	58	45	60	57	46	16	5	73	69	46	15	61	55	99	80	99	15	13	4	66	59	10	19	82	31	49	53	38	53	43	78	88	22	9	65	70	79	67	56	65	86	48	5	21	-1	89	39	79	57	79	20	57	31	34	72	67	76	45	53	52	17	23	17	42	15	13	40	11	24	55	47	81	100	8	59	92	7	79	11	
82	52	90	2	70	7	10	98	47	44	81	41	85	73	42	16	28	73	1	12	41	23	7	23	80	85	63	9	90	8	32	61	37	66	48	35	61	33	18	29	74	76	77	98	4	78	12	70	86	60	56	100	100	68	100	53	68	97	75	22	38	18	84	76	67	89	-1	23	21	16	70	66	98	67	49	2	87	97	76	5	64	16	26	100	12	22	10	95	90	77	3	12	93	77	11	14	50	49	68	10	
32	33	6	63	59	44	33	57	46	30	88	21	35	59	36	55	26	22	52	57	3	89	96	13	11	95	56	21	20	13	20	26	70	64	91	61	27	17	66	27	10	99	63	63	85	28	5	39	43	79	90	20	65	99	9	56	63	18	46	75	51	63	61	79	5	39	23	-1	56	99	47	35	52	63	26	47	19	98	47	34	73	74	25	6	34	84	43	79	90	1	38	60	13	55	96	2	74	4	14	21	
51	21	97	5	87	44	64	79	86	38	1	46	44	82	54	31	30	17	36	16	53	52	94	38	17	47	88	30	14	49	57	51	7	93	92	42	25	12	18	12	85	37	59	11	24	80	44	33	16	46	75	23	40	82	85	87	14	72	79	35	57	49	31	90	8	79	21	56	-1	53	75	34	44	45	25	82	48	90	22	3	80	98	57	61	100	19	93	90	31	42	64	61	53	70	8	38	41	50	89	79	
74	40	25	45	92	98	48	15	65	52	84	55	4	33	83	55	57	85	91	72	7	23	75	37	32	62	72	65	5	8	95	93	95	87	1	7	7	46	60	39	83	83	79	1	20	2	20	12	44	64	28	83	4	10	41	42	58	84	5	1	77	71	95	84	5	57	16	99	53	-1	91	55	78	20	85	30	95	90	83	65	94	24	37	28	24	43	16	46	23	80	63	97	42	40	48	54	89	67	93	16	
63	6	79	80	54	17	9	46	40	30	5	61	66	62	57	77	55	17	41	2	22	33	18	33	18	58	89	17	64	6	45	21	65	75	11	12	3	18	47	20	61	4	60	84	65	84	48	51	53	38	46	65	35	67	2	15	49	11	95	95	38	90	92	98	62	79	70	47	75	91	-1	49	80	56	84	62	100	27	53	79	13	20	61	61	93	72	84	9	3	88	15	39	45	4	3	47	98	28	71	5	
5	56	91	69	1	53	34	87	4	70	2	86	13	2	82	15	42	8	5	38	9	73	80	15	28	54	44	100	28	1	72	36	3	12	49	27	4	13	55	74	70	54	92	75	52	8	30	39	6	58	87	83	66	53	33	7	9	47	66	54	98	22	36	68	86	20	66	35	34	55	49	-1	58	65	75	35	64	45	15	68	11	85	32	58	72	89	73	25	3	97	16	78	28	75	6	93	92	21	76	59	
30	7	43	37	38	78	60	33	37	70	79	2	86	17	85	66	54	91	46	52	54	14	17	57	64	72	77	68	82	57	72	67	61	89	50	70	25	27	30	55	50	39	40	92	89	99	39	29	71	84	81	6	77	54	6	84	77	66	50	2	71	50	32	85	92	57	98	52	44	78	80	58	-1	52	37	76	82	57	10	95	98	60	13	100	55	64	19	13	16	43	52	48	4	89	5	78	68	31	66	15	
64	24	99	78	99	69	68	93	35	76	61	60	73	78	82	18	87	14	6	85	62	50	75	96	83	32	41	35	26	49	94	54	79	74	82	17	15	21	96	85	95	5	31	49	95	47	55	19	26	17	60	43	88	73	97	84	18	60	34	64	35	17	11	21	57	31	67	63	45	20	56	65	52	-1	20	2	99	96	61	41	20	72	98	84	58	12	61	31	80	79	5	12	98	42	37	93	96	48	36	92	
55	12	69	43	75	18	12	23	70	18	34	96	49	54	83	11	78	89	91	28	74	11	91	17	64	62	35	54	67	7	77	2	54	33	84	69	69	37	63	89	43	66	81	99	76	96	8	43	57	64	25	53	81	18	50	96	63	27	29	52	95	87	7	82	41	34	49	26	25	85	84	75	37	20	-1	63	84	87	83	72	86	78	62	61	7	74	62	39	81	54	1	84	90	49	55	90	36	84	79	37	
64	11	92	41	1	73	15	14	78	71	13	12	97	29	10	94	1	47	14	69	72	92	9	9	87	72	50	63	85	34	16	77	14	69	6	79	41	16	58	61	98	13	33	22	49	65	63	52	79	19	9	21	20	94	76	44	37	92	77	48	32	28	73	47	67	72	2	47	82	30	62	35	76	2	63	-1	33	77	82	70	52	15	91	55	52	46	9	41	15	9	37	79	57	90	2	97	38	2	41	8	
11	46	18	53	2	66	68	27	3	96	80	51	16	49	50	41	38	77	29	53	9	80	11	82	11	32	5	33	94	25	30	93	96	63	41	52	25	11	85	2	73	52	91	4	2	70	31	4	26	63	2	49	78	33	52	68	37	96	20	49	24	66	46	80	95	67	87	19	48	95	100	64	82	99	84	33	-1	29	26	72	52	7	77	32	32	28	27	27	85	52	18	43	38	96	91	60	41	10	10	62	
9	37	69	78	35	19	93	33	91	19	60	54	5	29	88	58	76	73	26	52	54	25	13	55	62	95	9	65	92	83	21	4	20	26	38	79	99	71	35	28	67	55	61	71	8	35	43	95	37	7	72	74	48	73	87	53	36	39	58	67	98	59	59	25	34	76	97	98	90	90	27	45	57	96	87	77	29	-1	69	86	1	38	15	59	46	82	27	94	88	80	69	76	24	76	52	6	85	100	13	56	
49	62	89	68	41	86	18	62	59	13	69	88	30	62	59	82	82	17	39	79	59	37	33	87	60	62	21	21	77	53	94	22	24	73	40	27	83	4	17	81	23	49	88	28	22	59	13	33	6	20	77	73	9	44	29	25	60	7	79	51	77	89	31	50	89	45	76	47	22	83	53	15	10	61	83	82	26	69	-1	44	12	14	98	72	81	9	63	29	14	92	75	71	74	79	80	45	72	52	47	71	
76	64	19	55	83	95	82	96	47	15	59	10	34	11	30	19	67	78	27	78	76	5	47	36	59	70	4	50	74	89	57	42	24	55	22	86	20	34	73	28	92	32	29	36	35	64	85	29	14	19	44	15	93	78	69	84	60	62	14	100	54	90	56	24	85	53	5	34	3	65	79	68	95	41	72	70	72	86	44	-1	64	5	43	85	26	15	75	45	65	86	56	47	65	70	37	10	67	4	82	70	
41	48	19	68	48	47	46	78	14	45	75	41	62	91	79	85	75	67	86	84	13	68	37	36	5	15	100	42	73	59	17	85	43	31	60	45	20	22	43	31	50	4	4	40	30	51	40	7	68	27	77	50	61	16	24	22	76	72	19	37	52	95	98	4	88	52	64	73	80	94	13	11	98	20	86	52	52	1	12	64	-1	44	55	62	99	33	4	81	45	3	36	17	46	3	85	57	72	3	16	42	
31	4	38	64	82	43	23	6	88	70	3	10	71	62	41	63	46	75	24	59	63	65	71	13	8	78	4	32	3	43	83	11	89	72	83	75	5	67	93	41	63	76	98	94	15	7	61	96	36	1	55	93	97	57	81	83	27	8	98	79	4	13	66	13	47	17	16	74	98	24	20	85	60	72	78	15	7	38	14	5	44	-1	43	8	1	92	29	15	27	25	93	43	50	92	88	77	38	89	22	100	
77	100	12	72	85	50	26	43	88	97	23	79	13	40	22	64	57	11	55	70	58	13	95	79	86	25	18	40	26	80	35	94	33	47	1	35	22	70	30	50	1	55	37	37	44	61	31	40	62	17	31	13	46	78	1	50	70	86	62	31	19	80	60	93	72	23	26	25	57	37	61	32	13	98	62	91	77	15	98	43	55	43	-1	67	26	76	70	45	1	54	30	28	80	84	2	60	81	85	44	13	
70	61	40	78	59	77	91	7	95	26	23	29	21	91	22	79	86	28	38	50	66	98	8	4	53	19	42	51	64	6	27	96	20	25	76	88	26	70	85	29	40	73	36	95	64	18	88	83	9	79	6	1	2	79	14	26	97	58	29	95	90	71	23	59	7	17	100	6	61	28	61	58	100	84	61	55	32	59	72	85	62	8	67	-1	20	83	13	59	38	48	57	64	95	92	45	74	94	13	82	2	
29	84	28	84	86	97	77	40	58	57	9	86	55	85	48	60	72	50	62	42	46	6	69	8	75	57	60	82	72	20	29	41	82	50	21	94	18	40	73	93	54	43	32	91	46	99	95	25	81	83	41	9	41	70	15	87	68	35	66	90	33	50	38	1	7	42	12	34	100	24	93	72	55	58	7	52	32	46	81	26	99	1	26	20	-1	31	23	13	57	89	39	8	19	62	6	60	65	99	78	7	
45	30	47	59	70	32	9	51	99	56	55	22	93	31	88	24	13	72	26	43	62	12	35	55	27	73	81	65	25	31	68	1	92	72	89	50	24	29	98	50	48	87	39	57	8	43	84	14	28	91	43	90	35	87	60	52	86	49	40	91	1	54	6	43	69	15	22	84	19	43	72	89	64	12	74	46	28	82	9	15	33	92	76	83	31	-1	75	44	85	16	49	20	37	44	93	13	42	55	66	19	
98	92	58	100	19	31	87	55	31	82	92	25	49	23	17	46	40	26	100	74	58	95	84	65	1	64	57	10	94	52	84	29	28	55	88	78	98	16	47	37	65	26	80	92	7	82	73	95	16	22	21	92	99	86	65	5	7	54	91	3	41	95	66	78	82	13	10	43	93	16	84	73	19	61	62	9	27	27	63	75	4	29	70	13	23	75	-1	45	76	11	56	58	77	60	11	17	15	96	29	42	
16	82	4	72	82	59	49	65	3	76	68	57	72	14	69	9	55	63	44	91	18	38	71	89	26	59	50	61	87	8	56	88	59	5	28	4	22	62	30	10	60	35	86	36	95	46	60	46	43	89	89	4	71	7	43	50	88	70	88	95	33	41	78	84	29	40	95	79	90	46	9	25	13	31	39	41	27	94	29	45	81	15	45	59	13	44	45	-1	84	26	32	65	90	98	52	67	23	58	79	26	
73	44	44	6	47	87	54	76	45	81	87	21	21	16	41	84	61	65	36	23	90	20	18	59	44	41	3	8	61	59	59	1	5	46	10	48	57	14	73	53	10	51	62	63	21	53	31	25	78	9	15	85	98	8	17	28	57	91	93	20	45	37	100	15	54	11	90	90	31	23	3	3	16	80	81	15	85	88	14	65	45	27	1	38	57	85	76	84	-1	33	41	84	90	20	66	98	1	37	86	82	
98	13	72	37	16	63	94	69	63	34	58	51	16	14	47	75	12	70	43	51	37	50	6	88	45	91	56	66	82	66	18	76	60	41	10	26	94	52	16	52	74	62	29	37	73	89	27	30	11	28	37	65	87	16	95	80	50	73	1	33	21	51	88	2	56	24	77	1	42	80	88	97	43	79	54	9	52	80	92	86	3	25	54	48	89	16	11	26	33	-1	36	82	52	21	4	59	69	27	52	95	
89	1	44	50	96	88	55	90	19	71	82	30	64	76	14	35	80	51	39	73	43	18	48	57	11	97	2	7	98	13	33	15	84	32	64	55	22	92	12	69	21	35	13	28	61	87	80	55	73	46	49	19	41	52	6	43	61	75	74	18	15	36	38	16	68	55	3	38	64	63	15	16	52	5	1	37	18	69	75	56	36	93	30	57	39	49	56	32	41	36	-1	84	21	27	76	90	45	80	75	24	
50	78	9	97	5	69	60	40	40	55	93	8	78	90	94	27	16	63	44	69	20	43	1	23	36	68	34	65	63	91	49	73	12	36	88	32	56	39	57	75	29	70	59	25	7	99	88	89	53	57	9	78	25	87	13	60	5	40	89	39	41	15	69	93	41	47	12	60	61	97	39	78	48	12	84	79	43	76	71	47	17	43	28	64	8	20	58	65	84	82	84	-1	91	84	11	81	26	68	59	39	
10	1	19	32	81	35	95	67	70	34	43	26	94	55	8	51	84	35	60	69	26	39	26	96	84	78	41	37	54	72	69	73	6	9	30	55	97	53	53	44	19	94	90	5	25	66	89	80	49	47	44	19	50	95	6	30	59	92	37	62	56	49	10	87	33	81	93	13	53	42	45	28	4	98	90	57	38	24	74	65	46	50	80	95	19	37	77	90	90	52	21	91	-1	37	60	78	14	67	3	87	
83	62	44	36	62	92	48	99	83	7	52	14	21	82	18	49	97	72	33	73	28	99	57	85	54	68	56	68	9	7	77	60	5	14	24	7	88	68	91	32	75	78	10	16	36	14	37	19	56	39	92	7	38	30	11	19	65	33	80	92	69	35	14	53	14	100	77	55	70	40	4	75	89	42	49	90	96	76	79	70	3	92	84	92	62	44	60	98	20	21	27	84	37	-1	15	45	19	73	2	82	
69	14	11	6	62	93	10	25	65	85	94	8	63	52	78	35	49	39	82	56	63	98	26	56	8	4	16	56	27	24	86	48	55	1	51	100	16	24	30	90	94	89	56	46	36	36	61	90	90	84	99	86	12	67	69	13	18	94	44	47	10	40	90	22	68	8	11	96	8	48	3	6	5	37	55	2	91	52	80	37	85	88	2	45	6	93	11	52	66	4	76	11	60	15	-1	48	49	57	96	48	
74	50	79	76	29	29	28	36	82	53	7	43	4	22	24	51	80	77	37	40	54	41	98	36	30	26	57	43	94	58	85	23	89	36	40	53	48	45	60	39	74	21	66	70	43	77	42	79	48	62	94	41	51	5	99	92	24	11	78	81	47	59	66	13	76	59	14	2	38	54	47	93	78	93	90	97	60	6	45	10	57	77	60	74	60	13	17	67	98	59	90	81	78	45	48	-1	73	19	9	94	
15	91	37	96	94	26	30	85	90	23	100	89	53	21	81	36	60	37	11	12	32	93	23	48	10	44	61	19	24	33	76	25	85	57	84	15	38	69	70	55	7	66	85	17	68	5	91	22	68	22	42	46	100	74	42	85	85	47	28	81	63	51	36	78	66	92	50	74	41	89	98	92	68	96	36	38	41	85	72	67	72	38	81	94	65	42	15	23	1	69	45	26	14	19	49	73	-1	19	66	60	
46	75	14	68	21	37	69	80	50	73	82	8	58	13	19	60	54	26	61	60	75	39	40	36	55	32	49	11	26	26	37	7	7	29	85	56	31	42	32	60	41	26	19	22	30	71	31	70	21	83	89	61	98	29	5	97	28	11	34	53	100	99	98	35	88	7	49	4	50	67	28	21	31	48	84	2	10	100	52	4	3	89	85	13	99	55	96	58	37	27	80	68	67	73	57	19	19	-1	15	19	
28	35	34	94	29	40	24	66	82	72	94	31	12	48	24	7	69	66	99	20	84	19	11	90	7	72	61	30	71	68	23	25	11	82	27	4	6	89	95	56	31	84	19	75	20	48	80	5	71	50	65	37	53	80	87	10	89	16	10	18	31	20	9	44	96	79	68	14	89	93	71	76	66	36	79	41	10	13	47	82	16	22	44	82	78	66	29	79	86	52	75	59	3	2	96	9	66	15	-1	40	
23	52	46	57	76	31	41	66	6	4	12	33	25	68	74	65	52	8	49	32	66	7	23	56	79	77	67	13	38	74	95	76	94	56	30	75	83	55	2	97	33	92	68	73	44	35	61	69	86	61	95	28	40	89	1	52	70	6	47	5	7	13	64	93	6	11	10	21	79	16	5	59	15	92	37	8	62	56	71	70	42	100	13	2	7	19	42	26	82	95	24	39	87	82	48	94	60	19	40	-1	
