100
-1	73	32	69	24	71	41	67	47	20	21	61	37	74	88	77	21	4	57	9	43	30	48	47	18	78	99	76	77	95	95	56	78	11	21	17	73	31	33	67	61	34	75	43	84	60	1	50	84	84	68	84	82	55	82	19	10	66	72	6	67	98	35	15	80	3	96	48	51	23	60	58	29	83	1	50	38	91	23	93	6	93	81	85	29	40	12	36	15	75	8	80	51	6	16	44	61	33	73	10	
73	-1	33	42	18	85	86	89	23	37	54	86	53	1	68	25	24	65	12	79	32	100	82	15	93	7	93	56	91	14	65	29	52	26	39	20	71	12	92	91	48	1	37	99	29	91	41	83	37	19	75	6	43	39	54	52	93	70	70	14	45	54	60	71	53	97	33	21	50	62	39	76	74	46	29	81	53	71	61	19	20	16	39	15	13	6	67	97	34	26	65	50	69	83	47	55	47	58	60	41	
32	33	-1	96	16	80	82	83	83	61	81	70	72	56	5	52	64	3	72	13	41	21	78	22	74	10	27	26	46	53	25	95	22	7	76	81	10	59	92	44	29	66	13	24	50	87	25	6	78	43	68	21	43	45	71	54	19	14	44	75	10	99	5	45	44	39	51	49	71	18	42	44	79	26	26	31	18	5	48	38	82	79	30	79	37	26	99	45	41	64	67	53	68	68	7	29	49	34	60	80	
69	42	96	-1	51	27	48	61	30	100	100	43	80	23	20	88	41	48	52	4	34	49	8	29	59	24	23	96	35	40	19	99	41	14	60	89	27	17	42	53	89	60	48	11	63	83	42	87	59	94	57	48	75	57	86	96	34	38	8	76	84	51	50	26	23	15	44	97	67	81	72	6	73	87	12	64	20	91	63	85	48	3	69	63	20	90	71	19	1	95	50	69	11	6	86	4	15	11	34	60	
24	18	16	51	-1	58	69	2	18	2	76	6	94	58	43	77	48	58	45	44	40	88	16	84	26	33	94	41	54	71	64	32	43	38	28	52	70	49	35	44	9	3	99	36	33	78	65	98	65	20	99	70	8	55	100	97	65	49	80	41	81	9	17	77	76	56	2	84	23	79	19	27	89	48	5	80	13	4	15	52	80	64	21	67	63	91	97	62	3	2	8	6	68	60	18	88	54	72	43	20	
71	85	80	27	58	-1	51	9	28	93	84	78	89	8	5	47	73	85	16	67	48	55	73	49	59	48	62	91	78	60	4	17	46	16	83	99	77	43	21	27	26	4	76	13	91	30	51	48	49	19	27	8	91	19	74	79	35	69	80	21	2	59	12	95	9	63	17	21	71	36	6	8	41	98	63	76	96	81	25	2	85	100	75	43	11	9	74	89	32	95	50	36	5	92	90	71	43	44	37	65	
41	86	82	48	69	51	-1	42	53	14	21	98	69	98	100	99	1	8	25	81	15	85	38	74	74	12	39	54	72	87	55	54	9	100	9	81	23	39	63	13	41	57	89	80	87	88	57	8	90	47	99	95	4	61	94	30	99	37	16	66	98	57	71	61	32	11	28	83	79	7	56	88	48	46	97	63	42	27	26	7	20	32	22	21	23	99	22	39	94	33	96	27	20	78	83	87	11	27	77	99	
67	89	83	61	2	9	42	-1	78	45	92	16	54	3	80	91	73	93	27	61	55	17	50	10	8	10	8	35	41	16	84	25	65	24	100	67	32	56	91	15	31	40	26	55	39	78	39	65	63	19	89	13	31	60	100	7	79	96	8	4	18	42	4	9	11	21	37	13	73	73	99	38	31	74	55	11	47	64	57	81	50	57	48	80	80	91	12	86	4	75	91	38	71	70	3	90	53	46	47	86	
47	23	83	30	18	28	53	78	-1	20	60	48	76	88	37	46	100	91	53	83	97	17	79	79	28	30	6	13	85	67	88	29	7	75	29	90	40	99	98	62	89	20	99	51	62	27	81	44	49	9	9	17	31	32	76	31	99	82	43	60	100	68	27	37	29	6	51	28	91	5	63	17	70	49	11	3	23	88	44	69	62	14	31	50	34	75	62	28	17	62	4	60	58	24	3	68	99	72	36	38	
20	37	61	100	2	93	14	45	20	-1	72	79	11	57	57	23	52	97	84	64	45	8	91	79	56	66	79	46	99	33	77	99	67	18	43	29	50	17	22	12	88	32	74	77	35	65	87	81	13	45	91	89	95	29	65	74	24	7	36	25	40	86	91	54	6	25	71	32	86	89	17	100	82	45	82	4	79	34	43	5	60	50	62	20	87	6	23	9	75	34	39	73	21	64	15	17	69	98	87	30	
21	54	81	100	76	84	21	92	60	72	-1	16	92	44	76	64	37	6	46	7	63	86	35	55	9	1	62	37	16	49	18	57	6	48	36	1	55	13	82	74	8	94	97	64	77	79	6	44	93	56	72	34	25	23	77	3	73	10	66	81	82	8	39	17	33	50	7	90	18	34	72	76	89	24	63	9	100	39	95	7	85	100	35	2	99	2	72	40	19	55	31	38	65	39	7	41	51	29	63	50	
61	86	70	43	6	78	98	16	48	79	16	-1	54	66	42	62	26	74	35	17	94	55	11	41	80	69	33	29	42	87	92	10	79	92	43	18	100	94	57	51	53	61	94	34	38	75	82	61	33	30	5	2	99	68	54	1	31	19	51	96	14	51	42	56	44	75	1	79	97	37	55	4	59	87	42	10	51	75	79	1	78	11	80	37	26	64	93	80	54	6	54	30	50	13	92	60	62	50	85	38	
37	53	72	80	94	89	69	54	76	11	92	54	-1	4	45	68	28	76	73	29	2	48	57	85	50	56	94	50	46	64	41	90	43	16	10	21	17	95	1	11	72	6	96	26	27	47	37	60	54	1	18	61	85	94	90	20	75	16	21	86	5	73	43	11	20	45	8	83	23	96	24	68	81	4	82	38	65	55	46	27	52	25	7	93	57	61	53	100	18	34	59	76	77	20	20	18	47	94	72	18	
74	1	56	23	58	8	98	3	88	57	44	66	4	-1	74	14	69	61	10	75	7	16	94	2	47	33	88	29	62	25	64	56	38	9	85	73	5	20	79	13	42	73	30	71	100	21	76	44	64	92	21	32	31	36	40	100	60	38	39	80	62	44	11	100	49	63	89	57	50	74	16	37	16	39	11	75	18	68	58	59	22	92	8	6	10	91	16	1	53	39	81	43	16	52	85	84	67	43	45	99	
88	68	5	20	43	5	100	80	37	57	76	42	45	74	-1	78	2	42	16	99	39	36	95	17	19	3	7	26	57	41	26	93	91	54	100	35	58	93	34	91	64	96	77	51	27	39	35	37	89	65	77	90	3	51	78	46	46	13	39	76	82	54	72	59	57	73	61	97	56	93	64	87	48	70	82	5	96	57	60	4	65	51	29	65	86	9	97	84	73	42	15	48	33	19	83	80	33	79	97	71	
77	25	52	88	77	47	99	91	46	23	64	62	68	14	78	-1	90	99	98	28	16	25	16	46	95	93	59	82	47	78	79	17	12	97	79	3	8	99	5	99	33	82	91	57	72	98	88	2	82	68	27	35	33	59	99	33	98	5	8	35	96	51	84	44	37	73	77	71	3	76	50	60	46	54	81	21	44	75	57	81	22	92	32	91	9	60	62	6	19	26	38	92	58	58	67	61	49	63	35	85	
21	24	64	41	48	73	1	73	100	52	37	26	28	69	2	90	-1	62	57	65	76	60	50	1	60	39	74	33	76	64	67	84	5	9	38	37	14	28	87	41	4	95	39	65	89	68	32	84	36	74	5	8	2	36	23	18	27	23	47	55	32	94	92	80	15	41	83	5	52	35	62	30	23	50	58	50	98	14	48	49	8	69	46	7	6	28	93	25	69	82	65	100	40	31	1	72	55	66	13	82	
4	65	3	48	58	85	8	93	91	97	6	74	76	61	42	99	62	-1	60	11	21	45	26	82	26	37	67	40	79	13	82	1	50	3	100	25	87	6	94	83	86	55	4	58	32	3	53	90	58	59	23	96	9	45	84	65	13	51	56	28	32	81	1	68	10	4	73	83	99	100	39	74	88	77	37	29	62	41	63	39	7	1	36	93	38	51	33	58	5	51	66	27	17	48	1	52	73	65	28	23	
57	12	72	52	45	16	25	27	53	84	46	35	73	10	16	98	57	60	-1	95	39	67	86	100	34	30	23	67	11	3	52	63	80	39	72	60	6	33	65	11	42	12	22	80	35	47	83	41	11	45	27	40	12	6	69	74	65	55	88	94	29	21	16	56	11	84	68	90	11	41	74	22	3	86	23	70	54	30	43	64	41	13	17	6	31	8	50	45	86	24	40	29	67	87	37	96	46	4	49	22	
9	79	13	4	44	67	81	61	83	64	7	17	29	75	99	28	65	11	95	-1	89	44	57	88	51	61	80	7	36	74	91	16	32	71	75	69	67	90	9	39	19	66	23	58	87	39	34	84	46	38	15	78	57	19	66	39	78	16	35	78	10	60	7	55	95	31	83	37	13	95	38	30	25	52	49	6	44	4	43	4	15	7	31	87	87	9	37	96	83	79	70	77	23	31	15	94	23	86	24	89	
43	32	41	34	40	48	15	55	97	45	63	94	2	7	39	16	76	21	39	89	-1	52	96	82	15	75	31	63	65	84	43	47	96	60	10	27	49	42	14	86	99	74	23	92	98	16	27	26	96	76	39	77	78	29	92	31	78	79	61	39	98	39	7	80	84	98	87	68	31	75	66	81	40	97	63	77	38	52	48	30	15	57	6	24	56	40	11	94	19	53	52	86	7	38	44	25	79	53	94	83	
30	100	21	49	88	55	85	17	17	8	86	55	48	16	36	25	60	45	67	44	52	-1	71	97	26	2	31	73	27	33	33	20	55	35	89	10	48	40	47	76	41	59	29	58	52	13	58	29	30	47	14	55	64	98	11	77	77	82	71	33	87	100	55	63	39	95	75	89	99	73	75	49	3	67	81	58	55	90	28	87	34	24	73	75	72	42	28	6	3	99	13	43	64	18	43	18	17	15	85	15	
48	82	78	8	16	73	38	50	79	91	35	11	57	94	95	16	50	26	86	57	96	71	-1	14	95	3	32	40	36	8	92	71	27	89	41	91	53	60	27	74	40	2	1	81	51	61	47	49	91	74	13	35	83	83	91	50	18	96	85	60	40	19	41	48	90	89	15	58	46	99	96	39	51	52	2	14	12	39	98	19	23	65	95	67	99	84	87	81	82	59	27	100	61	53	24	16	85	75	19	25	
47	15	22	29	84	49	74	10	79	79	55	41	85	2	17	46	1	82	100	88	82	97	14	-1	96	1	41	10	98	64	8	34	80	95	84	25	50	30	41	17	52	30	51	90	28	61	35	87	37	97	6	85	47	1	24	74	77	63	99	75	3	60	3	6	62	56	4	95	40	89	14	79	40	39	4	73	94	45	9	81	83	58	18	70	75	85	56	17	19	1	41	38	89	69	37	81	13	75	31	73	
18	93	74	59	26	59	74	8	28	56	9	80	50	47	19	95	60	26	34	51	15	26	95	96	-1	61	100	71	47	45	92	42	71	49	22	72	3	30	97	5	40	7	56	100	92	24	19	52	44	44	19	43	11	79	57	76	12	46	21	23	41	33	17	100	67	33	39	72	31	28	94	51	66	38	5	31	69	18	73	19	16	52	10	16	77	79	23	96	75	25	49	75	75	86	29	87	93	47	81	14	
78	7	10	24	33	48	12	10	30	66	1	69	56	33	3	93	39	37	30	61	75	2	3	1	61	-1	12	8	85	11	4	68	98	46	8	71	38	39	91	33	45	37	81	85	52	82	38	32	84	87	59	99	34	86	22	93	4	62	79	14	54	18	51	93	69	36	31	5	80	84	48	3	30	17	30	85	75	71	22	93	62	10	97	83	18	22	73	37	96	67	66	10	76	43	49	9	56	14	60	91	
99	93	27	23	94	62	39	8	6	79	62	33	94	88	7	59	74	67	23	80	31	31	32	41	100	12	-1	45	97	79	82	39	54	49	15	39	2	94	74	87	20	55	100	58	26	78	46	52	42	100	72	44	31	20	12	97	83	6	45	70	63	20	82	85	69	64	59	81	29	94	66	66	83	27	93	50	71	14	51	70	86	38	60	70	69	100	95	5	72	78	35	10	41	88	51	84	9	62	85	93	
76	56	26	96	41	91	54	35	13	46	37	29	50	29	26	82	33	40	67	7	63	73	40	10	71	8	45	-1	5	47	64	80	20	68	22	41	69	64	50	80	92	26	15	54	18	28	84	23	33	79	13	39	32	74	5	51	10	55	78	15	28	84	94	46	50	63	59	1	39	96	6	55	8	78	63	16	77	28	4	5	73	5	43	87	75	15	21	12	70	20	100	10	38	17	79	9	39	54	96	84	
77	91	46	35	54	78	72	41	85	99	16	42	46	62	57	47	76	79	11	36	65	27	36	98	47	85	97	5	-1	9	19	79	67	41	34	41	59	24	68	80	1	60	16	41	68	51	93	77	53	2	60	68	28	10	34	11	28	83	84	37	99	49	87	65	23	19	60	74	45	72	93	66	68	20	33	35	84	47	38	51	39	53	8	43	3	33	40	10	94	35	86	7	38	64	3	88	73	68	87	64	
95	14	53	40	71	60	87	16	67	33	49	87	64	25	41	78	64	13	3	74	84	33	8	64	45	11	79	47	9	-1	84	11	58	88	98	63	71	5	19	29	86	17	66	53	54	39	56	99	42	100	98	7	90	72	85	5	40	76	63	93	36	33	73	5	99	28	55	97	7	79	19	62	87	85	2	58	88	50	31	7	69	1	73	62	19	85	3	94	56	53	46	69	28	15	99	57	29	12	34	15	
95	65	25	19	64	4	55	84	88	77	18	92	41	64	26	79	67	82	52	91	43	33	92	8	92	4	82	64	19	84	-1	11	70	74	92	71	62	82	85	94	86	87	33	52	65	51	61	25	50	18	95	86	7	10	17	76	96	100	80	71	55	72	40	17	100	34	35	77	51	47	70	46	5	6	59	39	77	4	83	57	84	32	81	74	63	15	56	88	43	98	58	61	8	10	13	21	79	29	50	22	
56	29	95	99	32	17	54	25	29	99	57	10	90	56	93	17	84	1	63	16	47	20	71	34	42	68	39	80	79	11	11	-1	62	41	76	54	18	22	38	54	87	3	1	22	17	74	28	77	39	20	28	34	3	7	50	47	89	18	2	9	97	48	2	69	62	76	88	81	45	56	37	70	12	94	10	24	67	24	55	30	24	59	61	44	42	20	24	54	81	76	66	35	96	30	31	58	55	36	17	92	
78	52	22	41	43	46	9	65	7	67	6	79	43	38	91	12	5	50	80	32	96	55	27	80	71	98	54	20	67	58	70	62	-1	61	16	89	30	1	19	67	96	29	13	55	45	3	30	12	45	75	92	85	85	32	34	86	43	95	1	48	42	77	73	96	42	20	94	9	30	68	63	12	61	50	63	63	83	94	6	61	26	30	90	17	57	86	6	1	39	65	7	41	51	28	42	17	83	93	37	11	
11	26	7	14	38	16	100	24	75	18	48	92	16	9	54	97	9	3	39	71	60	35	89	95	49	46	49	68	41	88	74	41	61	-1	39	59	46	16	75	60	12	84	43	15	26	43	34	87	5	39	61	59	14	8	93	60	81	71	27	8	36	95	27	32	79	55	40	53	87	35	87	2	85	69	41	48	36	19	45	70	15	16	1	95	48	63	68	83	75	42	90	49	83	34	51	74	6	74	25	25	
21	39	76	60	28	83	9	100	29	43	36	43	10	85	100	79	38	100	72	75	10	89	41	84	22	8	15	22	34	98	92	76	16	39	-1	80	87	7	4	62	3	70	7	14	40	99	59	14	83	93	71	100	40	21	50	61	93	71	15	15	99	22	1	91	76	35	57	87	77	42	38	6	86	33	7	78	15	29	43	50	49	66	61	4	78	39	61	31	9	46	71	67	78	5	46	26	40	16	88	5	
17	20	81	89	52	99	81	67	90	29	1	18	21	73	35	3	37	25	60	69	27	10	91	25	72	71	39	41	41	63	71	54	89	59	80	-1	4	57	32	39	53	10	28	14	76	30	64	29	34	91	10	22	67	70	100	96	14	35	11	45	78	90	93	90	87	67	26	70	54	82	58	95	12	30	14	78	78	58	79	6	29	20	91	28	92	54	95	53	2	39	65	87	72	99	71	49	80	57	11	17	
73	71	10	27	70	77	23	32	40	50	55	100	17	5	58	8	14	87	6	67	49	48	53	50	3	38	2	69	59	71	62	18	30	46	87	4	-1	39	72	4	35	85	63	9	96	70	30	93	88	30	46	10	24	24	64	30	22	16	33	23	74	15	48	94	21	20	72	83	24	28	11	10	3	61	60	57	98	55	93	60	4	15	76	5	87	96	99	97	7	66	73	15	18	92	79	92	79	87	7	46	
31	12	59	17	49	43	39	56	99	17	13	94	95	20	93	99	28	6	33	90	42	40	60	30	30	39	94	64	24	5	82	22	1	16	7	57	39	-1	33	49	48	96	63	7	14	66	82	61	20	18	70	93	62	14	96	63	84	45	64	5	28	95	3	43	62	7	47	60	71	72	57	17	22	63	30	97	31	44	18	74	13	17	86	87	33	75	1	70	73	64	4	24	73	25	16	63	33	1	68	99	
33	92	92	42	35	21	63	91	98	22	82	57	1	79	34	5	87	94	65	9	14	47	27	41	97	91	74	50	68	19	85	38	19	75	4	32	72	33	-1	46	61	48	40	2	97	78	75	62	31	43	36	2	27	7	90	64	55	84	53	52	31	24	28	32	56	82	77	50	16	76	69	30	17	58	84	50	32	61	98	35	99	32	15	46	63	75	73	39	90	70	7	97	39	8	88	73	79	26	28	3	
67	91	44	53	44	27	13	15	62	12	74	51	11	13	91	99	41	83	11	39	86	76	74	17	5	33	87	80	80	29	94	54	67	60	62	39	4	49	46	-1	10	21	10	99	41	11	71	28	50	24	26	91	53	31	100	98	92	16	10	59	11	83	80	46	94	60	21	9	16	77	20	75	22	40	33	72	63	66	45	20	49	63	30	81	95	54	6	5	96	79	17	94	52	83	50	37	86	68	82	64	
61	48	29	89	9	26	41	31	89	88	8	53	72	42	64	33	4	86	42	19	99	41	40	52	40	45	20	92	1	86	86	87	96	12	3	53	35	48	61	10	-1	18	70	79	79	44	89	59	45	16	20	11	8	11	61	51	70	63	18	7	43	6	96	87	35	12	34	14	62	86	75	68	72	69	40	55	22	12	48	15	62	33	5	96	2	66	88	72	96	55	79	28	17	98	54	16	11	87	71	95	
34	1	66	60	3	4	57	40	20	32	94	61	6	73	96	82	95	55	12	66	74	59	2	30	7	37	55	26	60	17	87	3	29	84	70	10	85	96	48	21	18	-1	11	49	79	83	15	57	90	88	4	14	76	70	12	8	57	86	73	57	98	86	13	9	93	59	25	4	27	43	100	5	31	38	6	45	26	38	84	94	33	47	90	54	94	100	89	39	80	54	54	80	36	56	52	55	20	44	62	100	
75	37	13	48	99	76	89	26	99	74	97	94	96	30	77	91	39	4	22	23	23	29	1	51	56	81	100	15	16	66	33	1	13	43	7	28	63	63	40	10	70	11	-1	9	81	89	31	22	50	90	25	21	86	47	32	13	52	34	48	3	20	8	17	85	34	4	78	62	55	90	91	91	83	49	78	77	50	78	55	20	57	72	57	83	50	89	20	78	82	26	64	93	19	22	38	81	50	47	9	91	
43	99	24	11	36	13	80	55	51	77	64	34	26	71	51	57	65	58	80	58	92	58	81	90	100	85	58	54	41	53	52	22	55	15	14	14	9	7	2	99	79	49	9	-1	95	78	16	39	66	68	15	99	40	44	38	5	11	23	25	58	31	1	100	12	42	46	86	4	96	97	57	84	14	32	48	93	63	16	58	100	44	66	33	94	22	42	4	60	22	71	61	36	36	88	21	38	91	33	47	2	
84	29	50	63	33	91	87	39	62	35	77	38	27	100	27	72	89	32	35	87	98	52	51	28	92	52	26	18	68	54	65	17	45	26	40	76	96	14	97	41	79	79	81	95	-1	88	12	4	14	64	69	20	22	51	81	12	82	23	47	73	100	38	73	14	71	87	44	45	3	78	96	60	13	50	27	25	33	74	56	66	23	63	68	95	19	97	60	40	93	100	80	92	43	1	15	86	28	100	95	9	
60	91	87	83	78	30	88	78	27	65	79	75	47	21	39	98	68	3	47	39	16	13	61	61	24	82	78	28	51	39	51	74	3	43	99	30	70	66	78	11	44	83	89	78	88	-1	57	80	55	27	97	26	92	85	35	39	96	67	2	29	61	94	12	74	53	69	44	62	60	92	68	2	58	46	88	41	7	97	86	71	5	100	90	20	21	40	94	10	44	59	13	38	79	89	49	33	4	56	20	53	
1	41	25	42	65	51	57	39	81	87	6	82	37	76	35	88	32	53	83	34	27	58	47	35	19	38	46	84	93	56	61	28	30	34	59	64	30	82	75	71	89	15	31	16	12	57	-1	79	27	7	5	38	80	82	14	89	74	100	87	24	17	56	87	37	17	86	56	92	66	18	60	78	32	97	60	70	59	73	11	54	99	12	80	65	74	76	82	79	78	89	71	46	88	34	77	52	59	5	49	41	
50	83	6	87	98	48	8	65	44	81	44	61	60	44	37	2	84	90	41	84	26	29	49	87	52	32	52	23	77	99	25	77	12	87	14	29	93	61	62	28	59	57	22	39	4	80	79	-1	5	86	48	78	92	10	55	50	67	23	26	100	94	86	37	65	15	4	97	11	7	3	40	6	84	98	91	15	92	33	36	38	62	84	53	92	51	26	55	24	4	62	82	57	10	87	64	41	19	3	4	45	
84	37	78	59	65	49	90	63	49	13	93	33	54	64	89	82	36	58	11	46	96	30	91	37	44	84	42	33	53	42	50	39	45	5	83	34	88	20	31	50	45	90	50	66	14	55	27	5	-1	99	8	85	93	45	90	27	60	91	72	10	40	86	22	80	63	43	42	72	81	90	86	88	62	65	93	18	6	37	17	3	71	80	89	71	66	39	55	5	26	11	72	98	17	29	74	92	59	82	2	25	
84	19	43	94	20	19	47	19	9	45	56	30	1	92	65	68	74	59	45	38	76	47	74	97	44	87	100	79	2	100	18	20	75	39	93	91	30	18	43	24	16	88	90	68	64	27	7	86	99	-1	24	46	58	8	14	90	1	67	19	51	22	17	39	20	21	6	33	5	44	32	38	94	10	37	51	72	22	75	13	34	5	39	98	58	47	29	37	65	95	18	16	44	66	31	96	13	30	69	47	77	
68	75	68	57	99	27	99	89	9	91	72	5	18	21	77	27	5	23	27	15	39	14	13	6	19	59	72	13	60	98	95	28	92	61	71	10	46	70	36	26	20	4	25	15	69	97	5	48	8	24	-1	11	77	22	95	13	70	2	61	44	73	52	10	41	81	61	76	57	31	19	18	78	83	13	28	100	16	15	58	26	44	70	22	10	32	93	82	27	18	4	78	96	87	28	73	44	92	83	18	96	
84	6	21	48	70	8	95	13	17	89	34	2	61	32	90	35	8	96	40	78	77	55	35	85	43	99	44	39	68	7	86	34	85	59	100	22	10	93	2	91	11	14	21	99	20	26	38	78	85	46	11	-1	52	9	97	8	56	3	15	77	37	63	42	46	64	81	9	66	44	100	43	50	73	75	66	100	45	57	33	11	55	12	34	71	17	86	94	59	26	89	86	57	45	4	3	38	61	61	68	43	
82	43	43	75	8	91	4	31	31	95	25	99	85	31	3	33	2	9	12	57	78	64	83	47	11	34	31	32	28	90	7	3	85	14	40	67	24	62	27	53	8	76	86	40	22	92	80	92	93	58	77	52	-1	85	82	14	39	98	75	72	46	94	52	85	50	23	6	71	100	45	19	85	96	68	88	15	96	53	31	24	10	10	80	96	5	20	43	44	30	1	74	70	64	7	16	69	28	60	35	9	
55	39	45	57	55	19	61	60	32	29	23	68	94	36	51	59	36	45	6	19	29	98	83	1	79	86	20	74	10	72	10	7	32	8	21	70	24	14	7	31	11	70	47	44	51	85	82	10	45	8	22	9	85	-1	97	10	42	62	67	24	95	79	94	97	95	5	54	96	9	25	20	1	79	99	51	64	90	39	52	47	18	77	99	69	82	95	15	12	17	2	76	42	14	54	82	36	76	94	45	74	
82	54	71	86	100	74	94	100	76	65	77	54	90	40	78	99	23	84	69	66	92	11	91	24	57	22	12	5	34	85	17	50	34	93	50	100	64	96	90	100	61	12	32	38	81	35	14	55	90	14	95	97	82	97	-1	72	16	91	39	51	28	14	40	18	83	11	39	85	49	97	94	72	75	46	40	100	91	10	51	61	81	98	51	86	91	84	77	2	31	95	71	10	63	82	60	63	78	44	91	73	
19	52	54	96	97	79	30	7	31	74	3	1	20	100	46	33	18	65	74	39	31	77	50	74	76	93	97	51	11	5	76	47	86	60	61	96	30	63	64	98	51	8	13	5	12	39	89	50	27	90	13	8	14	10	72	-1	41	83	53	12	92	45	42	42	2	78	83	1	30	12	17	26	40	87	9	74	64	76	21	72	85	44	90	76	96	61	6	34	58	33	3	50	90	46	53	55	92	45	41	5	
10	93	19	34	65	35	99	79	99	24	73	31	75	60	46	98	27	13	65	78	78	77	18	77	12	4	83	10	28	40	96	89	43	81	93	14	22	84	55	92	70	57	52	11	82	96	74	67	60	1	70	56	39	42	16	41	-1	11	69	99	63	6	94	81	44	5	82	4	82	52	36	6	53	9	4	44	81	86	79	79	46	77	79	70	47	27	88	74	25	58	80	84	89	99	61	14	13	16	61	28	
66	70	14	38	49	69	37	96	82	7	10	19	16	38	13	5	23	51	55	16	79	82	96	63	46	62	6	55	83	76	100	18	95	71	71	35	16	45	84	16	63	86	34	23	23	67	100	23	91	67	2	3	98	62	91	83	11	-1	75	46	50	29	34	85	54	90	21	94	4	19	41	93	45	12	19	29	78	69	58	9	27	85	61	80	31	99	92	51	68	90	19	26	98	47	4	96	63	16	23	34	
72	70	44	8	80	80	16	8	43	36	66	51	21	39	39	8	47	56	88	35	61	71	85	99	21	79	45	78	84	63	80	2	1	27	15	11	33	64	53	10	18	73	48	25	47	2	87	26	72	19	61	15	75	67	39	53	69	75	-1	46	3	18	47	52	20	2	65	70	87	42	67	96	5	94	58	69	41	69	68	61	14	7	99	11	27	94	42	83	89	49	75	95	88	74	77	72	61	20	18	35	
6	14	75	76	41	21	66	4	60	25	81	96	86	80	76	35	55	28	94	78	39	33	60	75	23	14	70	15	37	93	71	9	48	8	15	45	23	5	52	59	7	57	3	58	73	29	24	100	10	51	44	77	72	24	51	12	99	46	46	-1	63	100	64	40	37	33	91	91	43	81	54	98	7	62	59	6	5	44	60	69	30	61	63	60	66	47	52	52	60	93	54	70	42	25	67	19	33	16	53	1	
67	45	10	84	81	2	98	18	100	40	82	14	5	62	82	96	32	32	29	10	98	87	40	3	41	54	63	28	99	36	55	97	42	36	99	78	74	28	31	11	43	98	20	31	100	61	17	94	40	22	73	37	46	95	28	92	63	50	3	63	-1	90	39	65	76	10	68	45	88	31	75	12	51	19	43	100	73	40	55	45	5	33	70	56	55	4	63	78	61	100	77	34	55	37	67	85	94	46	69	13	
98	54	99	51	9	59	57	42	68	86	8	51	73	44	54	51	94	81	21	60	39	100	19	60	33	18	20	84	49	33	72	48	77	95	22	90	15	95	24	83	6	86	8	1	38	94	56	86	86	17	52	63	94	79	14	45	6	29	18	100	90	-1	78	55	18	31	87	91	77	97	81	87	98	90	84	15	58	52	58	8	65	92	30	71	47	40	28	81	33	66	90	100	74	35	23	73	82	18	14	74	
35	60	5	50	17	12	71	4	27	91	39	42	43	11	72	84	92	1	16	7	7	55	41	3	17	51	82	94	87	73	40	2	73	27	1	93	48	3	28	80	96	13	17	100	73	12	87	37	22	39	10	42	52	94	40	42	94	34	47	64	39	78	-1	73	17	22	22	46	57	7	70	98	90	31	19	64	41	25	33	15	90	86	26	54	60	66	47	82	31	86	54	53	32	32	21	2	74	50	38	21	
15	71	45	26	77	95	61	9	37	54	17	56	11	100	59	44	80	68	56	55	80	63	48	6	100	93	85	46	65	5	17	69	96	32	91	90	94	43	32	46	87	9	85	12	14	74	37	65	80	20	41	46	85	97	18	42	81	85	52	40	65	55	73	-1	76	34	20	85	98	13	40	35	21	51	3	32	88	7	15	85	51	35	52	58	5	14	37	97	68	12	8	97	95	42	98	87	85	91	38	15	
80	53	44	23	76	9	32	11	29	6	33	44	20	49	57	37	15	10	11	95	84	39	90	62	67	69	69	50	23	99	100	62	42	79	76	87	21	62	56	94	35	93	34	42	71	53	17	15	63	21	81	64	50	95	83	2	44	54	20	37	76	18	17	76	-1	52	33	52	66	93	16	49	46	85	96	1	31	19	73	71	93	73	80	75	25	24	32	30	17	56	94	43	18	11	40	95	76	12	35	6	
3	97	39	15	56	63	11	21	6	25	50	75	45	63	73	73	41	4	84	31	98	95	89	56	33	36	64	63	19	28	34	76	20	55	35	67	20	7	82	60	12	59	4	46	87	69	86	4	43	6	61	81	23	5	11	78	5	90	2	33	10	31	22	34	52	-1	89	83	96	98	98	51	40	75	38	12	96	83	3	71	72	56	26	59	2	80	86	49	53	17	36	85	50	49	85	54	87	99	85	52	
96	33	51	44	2	17	28	37	51	71	7	1	8	89	61	77	83	73	68	83	87	75	15	4	39	31	59	59	60	55	35	88	94	40	57	26	72	47	77	21	34	25	78	86	44	44	56	97	42	33	76	9	6	54	39	83	82	21	65	91	68	87	22	20	33	89	-1	71	38	23	1	17	6	68	79	88	25	72	83	66	11	31	28	71	5	52	82	89	7	72	73	57	80	85	71	41	94	5	24	24	
48	21	49	97	84	21	83	13	28	32	90	79	83	57	97	71	5	83	90	37	68	89	58	95	72	5	81	1	74	97	77	81	9	53	87	70	83	60	50	9	14	4	62	4	45	62	92	11	72	5	57	66	71	96	85	1	4	94	70	91	45	91	46	85	52	83	71	-1	42	85	67	53	97	57	30	4	92	9	6	57	45	52	61	91	42	28	79	88	73	3	34	1	97	85	97	100	4	85	92	8	
51	50	71	67	23	71	79	73	91	86	18	97	23	50	56	3	52	99	11	13	31	99	46	40	31	80	29	39	45	7	51	45	30	87	77	54	24	71	16	16	62	27	55	96	3	60	66	7	81	44	31	44	100	9	49	30	82	4	87	43	88	77	57	98	66	96	38	42	-1	46	12	97	30	65	87	10	37	69	81	54	95	69	14	45	14	87	21	44	27	85	84	64	90	96	83	25	94	41	70	42	
23	62	18	81	79	36	7	73	5	89	34	37	96	74	93	76	35	100	41	95	75	73	99	89	28	84	94	96	72	79	47	56	68	35	42	82	28	72	76	77	86	43	90	97	78	92	18	3	90	32	19	100	45	25	97	12	52	19	42	81	31	97	7	13	93	98	23	85	46	-1	12	5	89	24	14	65	20	64	80	63	56	24	14	36	47	4	99	59	64	1	66	48	47	87	35	96	9	60	65	96	
60	39	42	72	19	6	56	99	63	17	72	55	24	16	64	50	62	39	74	38	66	75	96	14	94	48	66	6	93	19	70	37	63	87	38	58	11	57	69	20	75	100	91	57	96	68	60	40	86	38	18	43	19	20	94	17	36	41	67	54	75	81	70	40	16	98	1	67	12	12	-1	83	100	29	68	67	22	61	58	28	66	94	75	59	29	71	6	66	58	7	98	88	50	85	49	4	31	90	46	23	
58	76	44	6	27	8	88	38	17	100	76	4	68	37	87	60	30	74	22	30	81	49	39	79	51	3	66	55	66	62	46	70	12	2	6	95	10	17	30	75	68	5	91	84	60	2	78	6	88	94	78	50	85	1	72	26	6	93	96	98	12	87	98	35	49	51	17	53	97	5	83	-1	52	78	66	92	16	54	38	86	56	13	80	25	58	18	97	13	95	6	46	28	95	35	9	49	48	19	74	44	
29	74	79	73	89	41	48	31	70	82	89	59	81	16	48	46	23	88	3	25	40	3	51	40	66	30	83	8	68	87	5	12	61	85	86	12	3	22	17	22	72	31	83	14	13	58	32	84	62	10	83	73	96	79	75	40	53	45	5	7	51	98	90	21	46	40	6	97	30	89	100	52	-1	84	69	77	39	7	84	54	10	80	86	80	87	34	28	42	9	15	87	72	98	68	47	28	35	36	48	80	
83	46	26	87	48	98	46	74	49	45	24	87	4	39	70	54	50	77	86	52	97	67	52	39	38	17	27	78	20	85	6	94	50	69	33	30	61	63	58	40	69	38	49	32	50	46	97	98	65	37	13	75	68	99	46	87	9	12	94	62	19	90	31	51	85	75	68	57	65	24	29	78	84	-1	67	93	22	87	66	6	29	18	7	40	57	73	60	11	60	78	69	85	56	61	84	8	72	8	95	39	
1	29	26	12	5	63	97	55	11	82	63	42	82	11	82	81	58	37	23	49	63	81	2	4	5	30	93	63	33	2	59	10	63	41	7	14	60	30	84	33	40	6	78	48	27	88	60	91	93	51	28	66	88	51	40	9	4	19	58	59	43	84	19	3	96	38	79	30	87	14	68	66	69	67	-1	9	5	66	95	53	26	55	71	100	93	51	50	29	84	34	86	19	6	46	57	81	43	92	15	27	
50	81	31	64	80	76	63	11	3	4	9	10	38	75	5	21	50	29	70	6	77	58	14	73	31	85	50	16	35	58	39	24	63	48	78	78	57	97	50	72	55	45	77	93	25	41	70	15	18	72	100	100	15	64	100	74	44	29	69	6	100	15	64	32	1	12	88	4	10	65	67	92	77	93	9	-1	28	36	11	86	67	39	83	25	29	45	25	21	20	56	12	14	72	53	38	63	16	57	27	16	
38	53	18	20	13	96	42	47	23	79	100	51	65	18	96	44	98	62	54	44	38	55	12	94	69	75	71	77	84	88	77	67	83	36	15	78	98	31	32	63	22	26	50	63	33	7	59	92	6	22	16	45	96	90	91	64	81	78	41	5	73	58	41	88	31	96	25	92	37	20	22	16	39	22	5	28	-1	14	49	69	25	75	81	50	30	8	27	59	41	66	34	22	51	31	45	11	27	58	38	34	
91	71	5	91	4	81	27	64	88	34	39	75	55	68	57	75	14	41	30	4	52	90	39	45	18	71	14	28	47	50	4	24	94	19	29	58	55	44	61	66	12	38	78	16	74	97	73	33	37	75	15	57	53	39	10	76	86	69	69	44	40	52	25	7	19	83	72	9	69	64	61	54	7	87	66	36	14	-1	76	75	10	23	61	46	7	62	42	97	91	65	100	100	51	60	36	9	96	88	53	52	
23	61	48	63	15	25	26	57	44	43	95	79	46	58	60	57	48	63	43	43	48	28	98	9	73	22	51	4	38	31	83	55	6	45	43	79	93	18	98	45	48	84	55	58	56	86	11	36	17	13	58	33	31	52	51	21	79	58	68	60	55	58	33	15	73	3	83	6	81	80	58	38	84	66	95	11	49	76	-1	73	99	27	48	77	31	52	26	34	99	85	27	2	26	92	29	44	3	49	94	47	
93	19	38	85	52	2	7	81	69	5	7	1	27	59	4	81	49	39	64	4	30	87	19	81	19	93	70	5	51	7	57	30	61	70	50	6	60	74	35	20	15	94	20	100	66	71	54	38	3	34	26	11	24	47	61	72	79	9	61	69	45	8	15	85	71	71	66	57	54	63	28	86	54	6	53	86	69	75	73	-1	92	57	99	14	35	7	74	32	70	41	54	46	98	13	24	1	2	80	35	3	
6	20	82	48	80	85	20	50	62	60	85	78	52	22	65	22	8	7	41	15	15	34	23	83	16	62	86	73	39	69	84	24	26	15	49	29	4	13	99	49	62	33	57	44	23	5	99	62	71	5	44	55	10	18	81	85	46	27	14	30	5	65	90	51	93	72	11	45	95	56	66	56	10	29	26	67	25	10	99	92	-1	21	63	63	83	29	28	78	21	14	43	54	94	62	78	47	79	14	21	91	
93	16	79	3	64	100	32	57	14	50	100	11	25	92	51	92	69	1	13	7	57	24	65	58	52	10	38	5	53	1	32	59	30	16	66	20	15	17	32	63	33	47	72	66	63	100	12	84	80	39	70	12	10	77	98	44	77	85	7	61	33	92	86	35	73	56	31	52	69	24	94	13	80	18	55	39	75	23	27	57	21	-1	30	69	94	35	8	59	88	10	90	69	27	87	33	95	48	56	91	18	
81	39	30	69	21	75	22	48	31	62	35	80	7	8	29	32	46	36	17	31	6	73	95	18	10	97	60	43	8	73	81	61	90	1	61	91	76	86	15	30	5	90	57	33	68	90	80	53	89	98	22	34	80	99	51	90	79	61	99	63	70	30	26	52	80	26	28	61	14	14	75	80	86	7	71	83	81	61	48	99	63	30	-1	9	28	52	7	10	32	94	23	85	37	81	81	43	57	98	53	73	
85	15	79	63	67	43	21	80	50	20	2	37	93	6	65	91	7	93	6	87	24	75	67	70	16	83	70	87	43	62	74	44	17	95	4	28	5	87	46	81	96	54	83	94	95	20	65	92	71	58	10	71	96	69	86	76	70	80	11	60	56	71	54	58	75	59	71	91	45	36	59	25	80	40	100	25	50	46	77	14	63	69	9	-1	5	100	34	86	30	55	79	85	75	72	33	65	21	42	8	10	
29	13	37	20	63	11	23	80	34	87	99	26	57	10	86	9	6	38	31	87	56	72	99	75	77	18	69	75	3	19	63	42	57	48	78	92	87	33	63	95	2	94	50	22	19	21	74	51	66	47	32	17	5	82	91	96	47	31	27	66	55	47	60	5	25	2	5	42	14	47	29	58	87	57	93	29	30	7	31	35	83	94	28	5	-1	40	52	74	64	57	86	20	67	92	48	72	93	72	88	86	
40	6	26	90	91	9	99	91	75	6	2	64	61	91	9	60	28	51	8	9	40	42	84	85	79	22	100	15	33	85	15	20	86	63	39	54	96	75	75	54	66	100	89	42	97	40	76	26	39	29	93	86	20	95	84	61	27	99	94	47	4	40	66	14	24	80	52	28	87	4	71	18	34	73	51	45	8	62	52	7	29	35	52	100	40	-1	36	41	100	91	61	53	60	7	9	78	33	58	26	47	
12	67	99	71	97	74	22	12	62	23	72	93	53	16	97	62	93	33	50	37	11	28	87	56	23	73	95	21	40	3	56	24	6	68	61	95	99	1	73	6	88	89	20	4	60	94	82	55	55	37	82	94	43	15	77	6	88	92	42	52	63	28	47	37	32	86	82	79	21	99	6	97	28	60	50	25	27	42	26	74	28	8	7	34	52	36	-1	26	46	13	33	22	27	31	64	82	27	52	90	5	
36	97	45	19	62	89	39	86	28	9	40	80	100	1	84	6	25	58	45	96	94	6	81	17	96	37	5	12	10	94	88	54	1	83	31	53	97	70	39	5	72	39	78	60	40	10	79	24	5	65	27	59	44	12	2	34	74	51	83	52	78	81	82	97	30	49	89	88	44	59	66	13	42	11	29	21	59	97	34	32	78	59	10	86	74	41	26	-1	38	43	11	1	69	51	70	43	82	18	51	42	
15	34	41	1	3	32	94	4	17	75	19	54	18	53	73	19	69	5	86	83	19	3	82	19	75	96	72	70	94	56	43	81	39	75	9	2	7	73	90	96	96	80	82	22	93	44	78	4	26	95	18	26	30	17	31	58	25	68	89	60	61	33	31	68	17	53	7	73	27	64	58	95	9	60	84	20	41	91	99	70	21	88	32	30	64	100	46	38	-1	99	96	5	19	84	30	98	81	14	68	80	
75	26	64	95	2	95	33	75	62	34	55	6	34	39	42	26	82	51	24	79	53	99	59	1	25	67	78	20	35	53	98	76	65	42	46	39	66	64	70	79	55	54	26	71	100	59	89	62	11	18	4	89	1	2	95	33	58	90	49	93	100	66	86	12	56	17	72	3	85	1	7	6	15	78	34	56	66	65	85	41	14	10	94	55	57	91	13	43	99	-1	64	90	59	66	47	57	36	31	6	13	
8	65	67	50	8	50	96	91	4	39	31	54	59	81	15	38	65	66	40	70	52	13	27	41	49	66	35	100	86	46	58	66	7	90	71	65	73	4	7	17	79	54	64	61	80	13	71	82	72	16	78	86	74	76	71	3	80	19	75	54	77	90	54	8	94	36	73	34	84	66	98	46	87	69	86	12	34	100	27	54	43	90	23	79	86	61	33	11	96	64	-1	17	91	12	96	20	12	25	72	49	
80	50	53	69	6	36	27	38	60	73	38	30	76	43	48	92	100	27	29	77	86	43	100	38	75	10	10	10	7	69	61	35	41	49	67	87	15	24	97	94	28	80	93	36	92	38	46	57	98	44	96	57	70	42	10	50	84	26	95	70	34	100	53	97	43	85	57	1	64	48	88	28	72	85	19	14	22	100	2	46	54	69	85	85	20	53	22	1	5	90	17	-1	71	52	30	78	19	99	98	63	
51	69	68	11	68	5	20	71	58	21	65	50	77	16	33	58	40	17	67	23	7	64	61	89	75	76	41	38	38	28	8	96	51	83	78	72	18	73	39	52	17	36	19	36	43	79	88	10	17	66	87	45	64	14	63	90	89	98	88	42	55	74	32	95	18	50	80	97	90	47	50	95	98	56	6	72	51	51	26	98	94	27	37	75	67	60	27	69	19	59	91	71	-1	41	54	59	28	48	37	72	
6	83	68	6	60	92	78	70	24	64	39	13	20	52	19	58	31	48	87	31	38	18	53	69	86	43	88	17	64	15	10	30	28	34	5	99	92	25	8	83	98	56	22	88	1	89	34	87	29	31	28	4	7	54	82	46	99	47	74	25	37	35	32	42	11	49	85	85	96	87	85	35	68	61	46	53	31	60	92	13	62	87	81	72	92	7	31	51	84	66	12	52	41	-1	90	79	84	51	18	77	
16	47	7	86	18	90	83	3	3	15	7	92	20	85	83	67	1	1	37	15	44	43	24	37	29	49	51	79	3	99	13	31	42	51	46	71	79	16	88	50	54	52	38	21	15	49	77	64	74	96	73	3	16	82	60	53	61	4	77	67	67	23	21	98	40	85	71	97	83	35	49	9	47	84	57	38	45	36	29	24	78	33	81	33	48	9	64	70	30	47	96	30	54	90	-1	98	12	94	3	41	
44	55	29	4	88	71	87	90	68	17	41	60	18	84	80	61	72	52	96	94	25	18	16	81	87	9	84	9	88	57	21	58	17	74	26	49	92	63	73	37	16	55	81	38	86	33	52	41	92	13	44	38	69	36	63	55	14	96	72	19	85	73	2	87	95	54	41	100	25	96	4	49	28	8	81	63	11	9	44	1	47	95	43	65	72	78	82	43	98	57	20	78	59	79	98	-1	96	45	81	7	
61	47	49	15	54	43	11	53	99	69	51	62	47	67	33	49	55	73	46	23	79	17	85	13	93	56	9	39	73	29	79	55	83	6	40	80	79	33	79	86	11	20	50	91	28	4	59	19	59	30	92	61	28	76	78	92	13	63	61	33	94	82	74	85	76	87	94	4	94	9	31	48	35	72	43	16	27	96	3	2	79	48	57	21	93	33	27	82	81	36	12	19	28	84	12	96	-1	43	1	2	
33	58	34	11	72	44	27	46	72	98	29	50	94	43	79	63	66	65	4	86	53	15	75	75	47	14	62	54	68	12	29	36	93	74	16	57	87	1	26	68	87	44	47	33	100	56	5	3	82	69	83	61	60	94	44	45	16	16	20	16	46	18	50	91	12	99	5	85	41	60	90	19	36	8	92	57	58	88	49	80	14	56	98	42	72	58	52	18	14	31	25	99	48	51	94	45	43	-1	82	40	
73	60	60	34	43	37	77	47	36	87	63	85	72	45	97	35	13	28	49	24	94	85	19	31	81	60	85	96	87	34	50	17	37	25	88	11	7	68	28	82	71	62	9	47	95	20	49	4	2	47	18	68	35	45	91	41	61	23	18	53	69	14	38	38	35	85	24	92	70	65	46	74	48	95	15	27	38	53	94	35	21	91	53	8	88	26	90	51	68	6	72	98	37	18	3	81	1	82	-1	55	
10	41	80	60	20	65	99	86	38	30	50	38	18	99	71	85	82	23	22	89	83	15	25	73	14	91	93	84	64	15	22	92	11	25	5	17	46	99	3	64	95	100	91	2	9	53	41	45	25	77	96	43	9	74	73	5	28	34	35	1	13	74	21	15	6	52	24	8	42	96	23	44	80	39	27	16	34	52	47	3	91	18	73	10	86	47	5	42	80	13	49	63	72	77	41	7	2	40	55	-1	
