100
-1	9	46	15	51	18	50	98	9	82	88	1	35	35	15	30	66	98	51	89	11	85	73	1	49	70	94	69	6	71	99	90	55	40	39	40	58	30	77	27	86	69	59	48	62	20	36	48	69	75	65	44	46	93	38	69	6	23	55	90	46	40	75	100	47	43	56	10	75	87	40	21	6	49	9	77	53	71	24	72	61	23	51	67	99	49	6	99	23	81	2	30	90	80	77	34	93	86	81	72	
9	-1	78	49	25	89	93	12	67	21	76	42	43	9	19	3	48	26	87	99	12	51	55	74	79	56	63	80	70	91	16	58	46	51	60	72	14	70	100	56	20	83	75	51	88	53	81	59	86	67	4	13	59	36	50	44	45	8	99	90	22	96	68	57	70	42	84	48	96	53	6	3	39	40	11	20	96	56	82	84	43	71	57	33	86	58	21	85	82	35	44	31	1	28	66	69	62	18	99	97	
46	78	-1	30	25	19	84	47	11	84	32	8	31	79	84	20	65	31	62	70	83	39	4	24	93	26	87	46	96	81	92	14	23	91	76	46	91	44	82	89	57	76	3	94	10	97	21	37	78	88	72	59	92	4	93	60	45	12	39	71	27	17	44	74	8	99	3	38	51	76	63	29	10	45	17	34	84	21	29	34	53	35	99	33	100	44	88	94	60	50	37	50	42	75	51	73	2	68	32	43	
15	49	30	-1	24	43	6	51	9	26	22	10	70	63	34	2	68	25	11	47	37	20	12	90	17	32	95	36	53	46	31	33	36	88	13	65	91	65	7	59	71	72	30	72	39	61	39	22	43	21	8	22	95	11	71	91	33	31	91	81	91	50	43	92	87	29	64	44	55	91	46	40	83	38	21	74	56	85	96	27	40	31	26	51	23	2	49	66	68	26	7	72	84	4	31	7	66	74	99	23	
51	25	25	24	-1	77	32	15	7	42	96	39	38	40	66	40	34	60	7	61	96	61	64	48	68	53	13	18	3	82	19	22	26	30	44	36	84	72	93	58	88	83	30	96	92	4	93	57	82	46	18	13	53	4	33	85	3	29	28	67	100	90	99	58	13	43	81	22	9	53	73	68	67	83	1	68	34	16	21	14	98	79	3	11	28	72	73	28	27	43	56	32	96	39	12	66	87	40	97	33	
18	89	19	43	77	-1	19	15	100	83	12	93	80	64	63	67	62	91	25	86	50	17	55	11	45	57	58	84	92	20	59	83	19	82	85	66	86	85	70	15	30	28	78	6	83	22	14	42	60	89	28	29	92	92	12	54	100	5	90	79	41	71	92	66	11	99	99	4	86	85	86	69	16	8	43	86	75	52	60	80	84	18	59	12	40	65	41	96	54	50	45	65	86	89	5	93	5	51	41	47	
50	93	84	6	32	19	-1	80	11	98	12	69	45	65	40	27	56	77	46	69	43	22	16	82	26	54	83	84	22	25	49	59	82	8	56	79	95	75	94	97	75	71	73	29	41	29	81	23	40	44	95	72	40	41	93	51	1	73	23	61	99	90	20	64	18	46	38	43	31	17	18	7	79	41	3	33	82	66	96	28	6	11	72	15	6	91	2	26	81	49	49	17	7	18	98	22	1	71	79	65	
98	12	47	51	15	15	80	-1	12	38	98	28	32	80	47	76	70	2	14	81	92	28	81	16	47	73	80	95	53	5	13	81	89	7	82	60	100	71	81	7	4	27	91	24	74	96	36	50	20	75	3	2	97	16	81	51	88	68	30	95	75	2	94	8	68	7	13	91	13	34	62	63	25	64	57	34	42	100	63	44	67	47	5	88	21	35	24	94	6	13	5	37	34	68	97	46	54	56	2	29	
9	67	11	9	7	100	11	12	-1	9	51	70	53	5	9	31	42	6	74	8	100	57	32	71	81	64	13	83	11	56	31	92	45	14	39	45	12	34	11	70	8	85	55	74	91	26	13	58	44	67	68	42	1	89	94	91	36	58	46	58	66	73	33	88	87	3	14	91	41	48	47	44	72	71	78	37	19	83	78	85	49	30	71	62	12	7	91	30	14	31	69	73	13	83	78	65	12	49	35	43	
82	21	84	26	42	83	98	38	9	-1	37	48	98	93	71	65	88	41	77	55	94	73	44	25	71	55	3	75	93	59	29	47	19	38	6	53	19	98	11	4	8	32	96	38	78	25	7	29	57	63	95	4	70	17	57	54	31	30	97	69	62	91	32	34	36	60	92	35	88	8	21	16	14	46	43	2	24	55	56	57	60	1	35	5	34	58	100	48	80	22	19	81	76	45	91	52	64	65	12	97	
88	76	32	22	96	12	12	98	51	37	-1	77	18	21	34	100	66	29	8	24	75	72	8	10	47	52	18	2	8	58	3	87	56	83	88	67	50	51	61	83	5	33	23	93	97	39	36	20	96	2	40	90	15	57	10	55	12	31	83	41	86	31	14	18	15	3	80	57	38	31	22	76	57	23	77	98	16	11	35	25	95	71	63	50	12	86	19	11	69	14	24	40	53	93	47	14	72	83	30	17	
1	42	8	10	39	93	69	28	70	48	77	-1	84	68	21	97	53	70	75	38	24	22	76	42	84	7	23	83	13	84	58	2	46	44	13	7	44	2	93	18	23	26	27	38	36	4	84	32	84	99	13	50	77	31	69	32	70	7	18	62	36	18	17	83	62	86	6	38	100	89	80	44	55	92	9	65	87	97	65	10	31	57	71	54	2	42	24	23	54	97	26	7	41	32	20	84	25	38	72	45	
35	43	31	70	38	80	45	32	53	98	18	84	-1	4	99	64	38	81	73	62	98	65	83	86	58	66	53	9	57	35	40	47	18	92	67	77	26	61	18	17	99	73	23	97	96	13	86	73	21	68	22	88	21	73	40	65	10	83	25	40	21	54	20	48	55	63	33	45	15	4	45	61	97	59	61	82	10	22	20	28	81	77	49	73	37	24	58	56	32	69	75	86	24	8	54	98	4	8	37	24	
35	9	79	63	40	64	65	80	5	93	21	68	4	-1	85	53	92	72	13	34	65	12	96	72	45	51	42	91	1	84	8	70	8	10	97	2	63	93	35	24	94	69	78	54	53	21	73	28	52	66	89	35	10	85	14	71	84	31	67	51	75	68	40	2	71	11	13	15	43	15	6	31	69	32	89	54	80	27	68	95	91	28	67	93	32	51	76	74	73	21	85	21	73	91	98	88	70	39	92	99	
15	19	84	34	66	63	40	47	9	71	34	21	99	85	-1	69	26	77	4	19	89	85	51	83	48	39	88	27	4	61	26	32	41	81	6	24	7	100	56	54	68	34	1	77	10	14	71	85	48	75	89	30	43	53	46	49	7	17	19	52	76	17	14	33	98	51	34	30	7	80	69	3	27	51	57	72	72	62	2	29	19	77	38	32	94	51	62	30	4	81	73	68	90	23	22	91	88	56	99	58	
30	3	20	2	40	67	27	76	31	65	100	97	64	53	69	-1	3	1	63	39	12	39	75	48	69	25	89	39	90	52	49	100	10	1	84	6	95	30	41	25	60	1	46	23	54	89	48	56	81	7	31	2	87	40	88	12	81	59	87	78	33	49	87	54	88	100	48	18	48	85	24	50	61	9	65	35	20	30	70	85	20	9	92	32	24	51	95	45	84	92	73	71	96	43	62	27	94	12	85	69	
66	48	65	68	34	62	56	70	42	88	66	53	38	92	26	3	-1	48	18	94	16	36	77	20	38	98	43	29	79	67	92	55	30	19	88	41	73	54	20	83	69	47	57	90	58	89	40	16	56	25	21	66	70	31	67	42	29	12	79	28	57	4	76	84	23	77	54	46	70	100	42	8	20	34	2	31	72	38	22	84	37	96	73	93	8	17	16	52	70	66	11	76	8	74	17	2	68	88	71	65	
98	26	31	25	60	91	77	2	6	41	29	70	81	72	77	1	48	-1	20	96	96	64	100	89	11	44	31	67	64	90	34	26	8	6	3	2	27	62	52	52	63	92	6	21	75	89	47	58	13	98	50	16	52	29	14	92	36	37	49	37	11	29	95	93	76	38	5	58	42	39	91	74	79	69	66	57	77	50	42	41	77	19	100	30	55	29	93	39	45	23	78	9	79	14	94	94	50	69	77	25	
51	87	62	11	7	25	46	14	74	77	8	75	73	13	4	63	18	20	-1	3	11	100	84	91	70	17	54	24	13	93	74	43	5	22	44	48	88	30	75	66	86	20	38	83	20	5	74	54	46	92	71	27	95	22	55	15	36	97	56	85	65	66	42	15	47	12	92	49	51	79	26	38	53	53	15	77	13	28	60	100	93	36	100	62	99	58	33	22	14	57	35	29	79	95	48	45	71	11	80	76	
89	99	70	47	61	86	69	81	8	55	24	38	62	34	19	39	94	96	3	-1	21	26	69	62	25	32	98	19	10	21	91	51	79	72	49	28	86	70	24	69	93	26	64	67	91	35	7	8	13	39	39	82	59	47	29	87	77	94	42	34	93	74	29	92	40	8	80	16	81	52	6	32	33	10	45	78	24	75	85	65	14	58	5	59	49	80	12	82	58	50	99	18	30	39	13	95	55	65	30	52	
11	12	83	37	96	50	43	92	100	94	75	24	98	65	89	12	16	96	11	21	-1	28	24	81	75	37	28	83	73	58	94	65	96	93	78	74	71	30	95	76	38	23	56	89	7	48	26	31	16	13	38	64	98	98	32	95	81	14	76	83	5	66	36	43	37	40	18	14	46	71	20	24	30	1	17	32	32	32	9	23	99	42	39	44	19	83	54	10	52	15	95	75	62	44	38	31	71	84	11	53	
85	51	39	20	61	17	22	28	57	73	72	22	65	12	85	39	36	64	100	26	28	-1	51	59	9	11	21	32	43	44	71	54	23	9	7	73	53	68	87	36	61	41	78	29	72	97	68	79	98	25	76	100	31	55	91	75	52	75	60	91	97	9	62	81	65	25	58	18	47	98	5	1	18	12	100	23	3	80	82	48	79	69	74	97	69	80	74	55	92	67	83	31	44	43	18	1	57	55	18	26	
73	55	4	12	64	55	16	81	32	44	8	76	83	96	51	75	77	100	84	69	24	51	-1	97	28	83	73	20	66	82	34	33	87	70	50	34	55	14	98	22	24	44	62	38	87	46	11	70	26	87	95	21	35	80	53	92	85	31	45	55	33	4	42	44	84	62	46	13	59	28	61	68	11	45	12	93	19	88	96	30	38	56	99	37	13	20	62	31	61	66	96	8	16	1	34	7	34	63	84	27	
1	74	24	90	48	11	82	16	71	25	10	42	86	72	83	48	20	89	91	62	81	59	97	-1	74	68	86	30	34	60	50	21	63	75	61	64	60	11	40	12	90	97	26	58	48	4	31	53	75	30	3	95	65	81	3	16	2	5	18	40	83	78	76	14	31	17	87	89	34	10	39	18	12	29	56	97	2	1	46	68	15	31	84	30	37	87	67	49	68	68	5	11	16	88	77	61	23	51	62	96	
49	79	93	17	68	45	26	47	81	71	47	84	58	45	48	69	38	11	70	25	75	9	28	74	-1	38	14	36	87	8	18	73	49	79	80	92	53	22	64	86	79	10	99	97	53	9	66	34	66	19	79	38	9	15	65	13	57	14	55	30	44	59	85	100	93	99	2	45	35	33	13	24	19	44	63	5	20	11	64	70	73	82	50	62	35	72	98	44	25	72	33	45	44	91	6	6	86	18	32	6	
70	56	26	32	53	57	54	73	64	55	52	7	66	51	39	25	98	44	17	32	37	11	83	68	38	-1	74	4	42	55	73	95	64	58	35	44	81	84	45	23	32	10	77	100	80	100	59	83	83	62	3	82	72	99	95	88	67	67	54	100	38	74	41	87	26	85	77	27	56	21	73	28	92	38	1	28	21	97	99	22	14	53	34	91	37	94	68	61	82	7	24	39	10	22	67	77	73	34	90	91	
94	63	87	95	13	58	83	80	13	3	18	23	53	42	88	89	43	31	54	98	28	21	73	86	14	74	-1	44	64	25	16	71	21	3	97	58	59	30	27	34	13	71	25	63	80	29	54	80	67	91	55	18	43	44	83	32	12	75	86	58	42	81	3	41	59	37	65	75	84	46	1	59	27	21	42	39	52	83	49	36	42	91	94	6	20	39	94	69	83	63	11	26	87	70	5	50	46	89	70	80	
69	80	46	36	18	84	84	95	83	75	2	83	9	91	27	39	29	67	24	19	83	32	20	30	36	4	44	-1	15	58	80	69	6	41	13	41	47	9	95	67	53	25	22	9	82	32	95	18	72	82	46	36	38	92	2	41	27	71	35	64	94	15	68	52	51	89	62	61	44	99	73	85	44	16	86	81	28	80	4	16	55	16	87	88	12	97	42	36	45	21	63	40	77	15	65	95	17	84	25	10	
6	70	96	53	3	92	22	53	11	93	8	13	57	1	4	90	79	64	13	10	73	43	66	34	87	42	64	15	-1	60	26	97	46	82	52	77	92	99	54	7	70	71	18	46	5	96	43	37	85	61	9	8	77	26	1	3	91	57	39	22	26	55	5	45	2	60	17	77	67	10	66	82	26	45	63	83	32	87	69	67	49	98	98	5	57	6	90	82	36	7	61	53	91	28	60	60	80	25	88	45	
71	91	81	46	82	20	25	5	56	59	58	84	35	84	61	52	67	90	93	21	58	44	82	60	8	55	25	58	60	-1	54	82	77	15	62	96	56	74	65	52	91	40	84	98	13	38	52	63	16	98	94	62	86	38	14	84	32	21	41	54	5	89	85	79	22	85	96	65	63	11	52	4	70	100	90	29	73	75	56	45	53	84	100	47	10	42	86	38	4	2	85	74	98	33	75	4	17	4	46	52	
99	16	92	31	19	59	49	13	31	29	3	58	40	8	26	49	92	34	74	91	94	71	34	50	18	73	16	80	26	54	-1	47	3	65	26	77	56	98	21	26	64	79	76	57	34	60	69	94	79	53	10	36	78	44	74	65	85	65	34	22	52	68	12	97	72	55	43	97	82	45	19	48	69	86	19	26	42	48	97	57	82	81	66	68	57	58	33	61	65	79	20	42	5	24	25	63	23	36	55	56	
90	58	14	33	22	83	59	81	92	47	87	2	47	70	32	100	55	26	43	51	65	54	33	21	73	95	71	69	97	82	47	-1	84	3	65	8	38	29	14	70	2	73	90	47	64	56	4	85	43	99	52	70	81	29	87	28	7	9	97	92	45	66	33	64	32	16	59	73	100	44	38	13	8	19	33	9	87	80	68	82	8	46	27	41	18	43	34	5	66	22	21	56	40	94	58	36	100	28	21	35	
55	46	23	36	26	19	82	89	45	19	56	46	18	8	41	10	30	8	5	79	96	23	87	63	49	64	21	6	46	77	3	84	-1	65	91	79	53	82	34	30	14	61	81	11	32	56	12	5	45	46	9	2	80	22	96	52	60	94	55	17	37	23	23	62	51	94	77	96	36	18	5	80	58	48	69	89	22	23	49	95	19	14	26	2	69	51	39	95	31	10	71	39	74	36	16	18	68	64	68	90	
40	51	91	88	30	82	8	7	14	38	83	44	92	10	81	1	19	6	22	72	93	9	70	75	79	58	3	41	82	15	65	3	65	-1	18	3	89	3	74	22	42	65	80	78	41	28	93	27	55	59	36	57	58	53	29	35	16	91	99	9	64	86	99	65	14	100	65	24	15	13	13	10	18	16	14	87	79	61	25	31	4	65	54	45	99	16	6	3	52	18	77	73	59	14	82	7	83	79	59	71	
39	60	76	13	44	85	56	82	39	6	88	13	67	97	6	84	88	3	44	49	78	7	50	61	80	35	97	13	52	62	26	65	91	18	-1	76	43	27	16	67	17	13	83	57	37	71	92	37	23	74	17	8	32	79	97	89	68	15	96	29	9	19	76	1	46	23	31	7	24	28	64	46	57	72	99	69	29	9	57	69	10	92	11	70	6	55	13	31	32	33	74	69	40	37	46	11	66	26	20	43	
40	72	46	65	36	66	79	60	45	53	67	7	77	2	24	6	41	2	48	28	74	73	34	64	92	44	58	41	77	96	77	8	79	3	76	-1	2	57	94	98	95	35	65	16	65	49	89	38	41	17	93	41	2	39	95	64	75	63	71	17	26	29	72	72	75	47	22	55	53	13	90	57	36	55	11	65	92	98	34	98	41	68	65	9	3	62	75	26	100	50	83	7	84	78	21	1	52	46	57	88	
58	14	91	91	84	86	95	100	12	19	50	44	26	63	7	95	73	27	88	86	71	53	55	60	53	81	59	47	92	56	56	38	53	89	43	2	-1	10	29	56	1	20	31	100	58	23	53	87	26	41	9	25	70	90	20	61	47	56	13	38	48	81	64	47	2	14	91	37	86	29	28	12	35	62	7	23	2	89	41	56	50	82	49	39	19	62	65	13	5	26	85	64	48	14	96	17	31	20	99	11	
30	70	44	65	72	85	75	71	34	98	51	2	61	93	100	30	54	62	30	70	30	68	14	11	22	84	30	9	99	74	98	29	82	3	27	57	10	-1	97	21	94	90	83	86	71	10	8	79	86	33	18	8	75	38	57	44	82	7	65	7	76	22	22	67	9	47	59	71	61	25	41	90	75	74	21	57	24	20	57	8	36	94	33	38	19	50	88	52	50	100	46	31	44	34	88	83	35	5	84	74	
77	100	82	7	93	70	94	81	11	11	61	93	18	35	56	41	20	52	75	24	95	87	98	40	64	45	27	95	54	65	21	14	34	74	16	94	29	97	-1	81	60	37	66	16	96	9	47	42	9	69	13	4	95	16	100	89	2	16	93	42	98	22	73	21	57	28	63	98	3	88	74	44	25	10	30	84	5	30	32	15	1	63	89	29	8	75	64	10	92	85	95	88	58	83	49	17	84	35	94	55	
27	56	89	59	58	15	97	7	70	4	83	18	17	24	54	25	83	52	66	69	76	36	22	12	86	23	34	67	7	52	26	70	30	22	67	98	56	21	81	-1	5	36	63	41	98	88	29	79	27	21	66	77	20	65	57	80	21	70	35	45	11	74	16	22	17	10	16	58	1	33	93	17	92	84	100	12	89	35	25	94	12	2	8	75	86	1	57	52	38	17	32	7	20	32	29	100	93	99	70	80	
86	20	57	71	88	30	75	4	8	8	5	23	99	94	68	60	69	63	86	93	38	61	24	90	79	32	13	53	70	91	64	2	14	42	17	95	1	94	60	5	-1	98	18	31	64	22	39	21	6	4	19	10	16	18	81	60	98	19	36	92	69	80	16	77	19	5	11	41	72	92	70	14	57	26	21	37	1	8	31	39	86	85	43	65	61	23	54	26	48	39	2	51	51	45	86	98	45	27	99	9	
69	83	76	72	83	28	71	27	85	32	33	26	73	69	34	1	47	92	20	26	23	41	44	97	10	10	71	25	71	40	79	73	61	65	13	35	20	90	37	36	98	-1	88	96	58	61	51	4	12	62	59	43	2	2	56	71	81	94	42	54	68	60	39	98	71	17	11	19	36	36	33	6	56	84	87	39	25	95	98	50	29	87	67	33	21	69	37	2	7	92	62	82	25	79	95	81	83	27	24	68	
59	75	3	30	30	78	73	91	55	96	23	27	23	78	1	46	57	6	38	64	56	78	62	26	99	77	25	22	18	84	76	90	81	80	83	65	31	83	66	63	18	88	-1	58	35	72	30	10	72	6	4	45	43	8	15	13	44	47	4	76	73	88	46	70	80	57	1	43	50	87	34	77	12	94	6	100	46	65	88	56	37	44	55	83	5	11	15	8	56	49	94	39	18	85	38	85	33	88	82	98	
48	51	94	72	96	6	29	24	74	38	93	38	97	54	77	23	90	21	83	67	89	29	38	58	97	100	63	9	46	98	57	47	11	78	57	16	100	86	16	41	31	96	58	-1	6	27	42	70	25	86	31	25	30	24	62	63	5	25	8	23	86	6	62	29	40	88	93	69	51	80	52	6	52	77	81	16	94	43	86	10	10	91	57	23	86	74	74	71	17	38	55	100	70	46	40	94	3	1	4	79	
62	88	10	39	92	83	41	74	91	78	97	36	96	53	10	54	58	75	20	91	7	72	87	48	53	80	80	82	5	13	34	64	32	41	37	65	58	71	96	98	64	58	35	6	-1	24	38	51	87	61	11	66	12	32	72	76	81	2	65	11	64	55	50	6	52	11	65	12	40	44	53	25	89	74	59	15	2	2	98	72	21	43	35	93	85	76	60	94	74	57	56	37	41	52	68	40	81	83	49	3	
20	53	97	61	4	22	29	96	26	25	39	4	13	21	14	89	89	89	5	35	48	97	46	4	9	100	29	32	96	38	60	56	56	28	71	49	23	10	9	88	22	61	72	27	24	-1	85	5	34	97	71	73	90	25	56	85	81	9	36	2	91	62	20	63	6	51	47	29	77	30	66	66	85	91	76	49	95	72	64	20	70	32	36	79	87	88	45	48	85	63	32	3	14	57	57	29	43	87	62	87	
36	81	21	39	93	14	81	36	13	7	36	84	86	73	71	48	40	47	74	7	26	68	11	31	66	59	54	95	43	52	69	4	12	93	92	89	53	8	47	29	39	51	30	42	38	85	-1	31	64	39	93	40	75	83	83	5	79	61	2	91	75	43	92	100	35	31	8	21	30	77	98	100	79	24	57	57	13	16	98	87	98	75	36	45	67	91	20	38	96	43	35	32	32	30	73	48	50	56	89	6	
48	59	37	22	57	42	23	50	58	29	20	32	73	28	85	56	16	58	54	8	31	79	70	53	34	83	80	18	37	63	94	85	5	27	37	38	87	79	42	79	21	4	10	70	51	5	31	-1	39	6	66	78	42	64	68	75	39	77	48	4	4	15	71	96	17	56	46	50	48	68	42	13	44	95	38	68	97	85	54	10	84	96	8	67	43	11	57	70	68	85	49	6	7	83	52	98	100	69	46	94	
69	86	78	43	82	60	40	20	44	57	96	84	21	52	48	81	56	13	46	13	16	98	26	75	66	83	67	72	85	16	79	43	45	55	23	41	26	86	9	27	6	12	72	25	87	34	64	39	-1	5	10	55	63	20	47	26	34	57	38	7	40	27	91	15	80	31	15	93	61	8	11	2	45	41	23	68	98	60	28	19	81	57	98	84	85	94	62	38	77	24	51	97	20	58	39	72	95	100	17	52	
75	67	88	21	46	89	44	75	67	63	2	99	68	66	75	7	25	98	92	39	13	25	87	30	19	62	91	82	61	98	53	99	46	59	74	17	41	33	69	21	4	62	6	86	61	97	39	6	5	-1	40	31	69	3	34	95	67	54	61	5	63	29	19	6	12	38	67	76	84	25	89	43	48	40	83	3	24	19	50	28	73	85	83	5	37	67	12	5	31	80	22	43	11	30	77	38	56	8	38	65	
65	4	72	8	18	28	95	3	68	95	40	13	22	89	89	31	21	50	71	39	38	76	95	3	79	3	55	46	9	94	10	52	9	36	17	93	9	18	13	66	19	59	4	31	11	71	93	66	10	40	-1	28	36	95	43	40	31	7	20	97	51	45	41	95	48	75	3	32	35	83	56	18	62	33	47	76	28	50	87	18	51	37	96	48	39	74	98	57	71	15	31	84	93	38	49	14	42	47	23	41	
44	13	59	22	13	29	72	2	42	4	90	50	88	35	30	2	66	16	27	82	64	100	21	95	38	82	18	36	8	62	36	70	2	57	8	41	25	8	4	77	10	43	45	25	66	73	40	78	55	31	28	-1	6	44	82	53	21	90	55	2	91	30	71	69	74	52	7	98	93	6	33	49	67	8	91	11	20	55	43	15	39	40	34	22	1	18	65	80	85	66	40	64	76	6	21	6	83	11	29	35	
46	59	92	95	53	92	40	97	1	70	15	77	21	10	43	87	70	52	95	59	98	31	35	65	9	72	43	38	77	86	78	81	80	58	32	2	70	75	95	20	16	2	43	30	12	90	75	42	63	69	36	6	-1	50	32	57	52	100	32	20	7	37	11	31	2	50	4	69	33	99	61	3	27	89	80	39	80	99	57	21	41	62	59	94	87	20	15	25	24	61	78	6	39	35	19	100	31	64	41	58	
93	36	4	11	4	92	41	16	89	17	57	31	73	85	53	40	31	29	22	47	98	55	80	81	15	99	44	92	26	38	44	29	22	53	79	39	90	38	16	65	18	2	8	24	32	25	83	64	20	3	95	44	50	-1	3	73	54	78	45	10	60	18	64	31	91	31	10	37	47	2	53	64	87	8	40	47	15	33	9	67	18	92	46	41	59	34	100	15	72	53	36	63	83	15	73	100	48	67	64	1	
38	50	93	71	33	12	93	81	94	57	10	69	40	14	46	88	67	14	55	29	32	91	53	3	65	95	83	2	1	14	74	87	96	29	97	95	20	57	100	57	81	56	15	62	72	56	83	68	47	34	43	82	32	3	-1	8	49	67	9	5	28	63	94	22	85	55	40	76	90	10	47	76	94	92	76	87	71	22	41	100	96	62	96	25	57	13	96	85	63	31	32	52	56	42	13	91	46	23	19	89	
69	44	60	91	85	54	51	51	91	54	55	32	65	71	49	12	42	92	15	87	95	75	92	16	13	88	32	41	3	84	65	28	52	35	89	64	61	44	89	80	60	71	13	63	76	85	5	75	26	95	40	53	57	73	8	-1	66	9	61	94	65	83	64	64	30	80	7	75	27	61	24	85	9	47	34	98	40	54	72	76	8	13	89	26	64	87	60	18	5	9	97	21	74	84	80	98	37	38	34	17	
6	45	45	33	3	100	1	88	36	31	12	70	10	84	7	81	29	36	36	77	81	52	85	2	57	67	12	27	91	32	85	7	60	16	68	75	47	82	2	21	98	81	44	5	81	81	79	39	34	67	31	21	52	54	49	66	-1	39	64	23	81	19	79	35	47	8	12	23	86	52	64	81	8	87	31	42	78	41	35	12	47	51	5	48	9	84	12	2	81	95	72	51	96	27	77	57	9	60	52	69	
23	8	12	31	29	5	73	68	58	30	31	7	83	31	17	59	12	37	97	94	14	75	31	5	14	67	75	71	57	21	65	9	94	91	15	63	56	7	16	70	19	94	47	25	2	9	61	77	57	54	7	90	100	78	67	9	39	-1	48	40	70	90	64	64	41	70	86	55	95	37	70	51	28	80	17	47	1	30	31	61	89	20	42	25	93	3	7	18	24	56	97	36	61	87	62	69	35	3	48	15	
55	99	39	91	28	90	23	30	46	97	83	18	25	67	19	87	79	49	56	42	76	60	45	18	55	54	86	35	39	41	34	97	55	99	96	71	13	65	93	35	36	42	4	8	65	36	2	48	38	61	20	55	32	45	9	61	64	48	-1	52	9	37	2	37	46	31	82	30	78	44	96	87	7	91	86	30	15	41	75	46	13	22	88	83	89	55	51	75	94	38	34	88	7	69	92	22	77	58	61	39	
90	90	71	81	67	79	61	95	58	69	41	62	40	51	52	78	28	37	85	34	83	91	55	40	30	100	58	64	22	54	22	92	17	9	29	17	38	7	42	45	92	54	76	23	11	2	91	4	7	5	97	2	20	10	5	94	23	40	52	-1	16	74	28	10	40	12	64	17	74	24	88	75	98	13	60	37	15	34	19	19	18	84	42	5	84	1	77	38	91	35	72	88	49	88	85	1	74	68	33	31	
46	22	27	91	100	41	99	75	66	62	86	36	21	75	76	33	57	11	65	93	5	97	33	83	44	38	42	94	26	5	52	45	37	64	9	26	48	76	98	11	69	68	73	86	64	91	75	4	40	63	51	91	7	60	28	65	81	70	9	16	-1	35	43	11	3	95	49	64	79	63	71	47	31	8	48	85	92	99	77	45	80	97	20	20	93	96	31	91	46	54	47	75	2	31	34	66	94	72	42	28	
40	96	17	50	90	71	90	2	73	91	31	18	54	68	17	49	4	29	66	74	66	9	4	78	59	74	81	15	55	89	68	66	23	86	19	29	81	22	22	74	80	60	88	6	55	62	43	15	27	29	45	30	37	18	63	83	19	90	37	74	35	-1	80	66	51	13	13	56	16	57	89	53	21	84	45	30	8	23	86	79	57	2	27	15	70	64	50	97	78	72	11	60	65	97	6	38	1	88	36	73	
75	68	44	43	99	92	20	94	33	32	14	17	20	40	14	87	76	95	42	29	36	62	42	76	85	41	3	68	5	85	12	33	23	99	76	72	64	22	73	16	16	39	46	62	50	20	92	71	91	19	41	71	11	64	94	64	79	64	2	28	43	80	-1	8	68	91	54	38	46	1	46	16	82	22	94	1	78	1	50	16	14	81	46	30	48	24	11	81	29	99	59	61	79	3	31	30	44	48	49	71	
100	57	74	92	58	66	64	8	88	34	18	83	48	2	33	54	84	93	15	92	43	81	44	14	100	87	41	52	45	79	97	64	62	65	1	72	47	67	21	22	77	98	70	29	6	63	100	96	15	6	95	69	31	31	22	64	35	64	37	10	11	66	8	-1	83	16	95	26	50	74	14	7	40	59	74	93	95	49	29	94	44	71	2	86	66	60	56	16	92	27	59	56	59	58	95	80	80	65	47	77	
47	70	8	87	13	11	18	68	87	36	15	62	55	71	98	88	23	76	47	40	37	65	84	31	93	26	59	51	2	22	72	32	51	14	46	75	2	9	57	17	19	71	80	40	52	6	35	17	80	12	48	74	2	91	85	30	47	41	46	40	3	51	68	83	-1	89	70	83	68	74	31	64	5	22	99	39	51	47	93	1	37	98	45	94	93	98	88	45	89	72	10	87	34	51	90	34	41	85	54	52	
43	42	99	29	43	99	46	7	3	60	3	86	63	11	51	100	77	38	12	8	40	25	62	17	99	85	37	89	60	85	55	16	94	100	23	47	14	47	28	10	5	17	57	88	11	51	31	56	31	38	75	52	50	31	55	80	8	70	31	12	95	13	91	16	89	-1	51	69	11	84	49	91	31	76	92	69	33	31	17	67	90	13	68	65	34	96	54	87	44	30	48	13	37	73	83	33	61	82	68	10	
56	84	3	64	81	99	38	13	14	92	80	6	33	13	34	48	54	5	92	80	18	58	46	87	2	77	65	62	17	96	43	59	77	65	31	22	91	59	63	16	11	11	1	93	65	47	8	46	15	67	3	7	4	10	40	7	12	86	82	64	49	13	54	95	70	51	-1	4	53	53	18	61	47	21	26	9	77	70	91	90	24	93	61	84	81	10	60	88	67	15	79	55	11	93	12	77	40	44	15	78	
10	48	38	44	22	4	43	91	91	35	57	38	45	15	30	18	46	58	49	16	14	18	13	89	45	27	75	61	77	65	97	73	96	24	7	55	37	71	98	58	41	19	43	69	12	29	21	50	93	76	32	98	69	37	76	75	23	55	30	17	64	56	38	26	83	69	4	-1	19	35	31	57	32	18	98	35	42	73	76	58	15	65	90	95	24	41	95	53	51	69	64	64	81	30	52	40	99	82	2	9	
75	96	51	55	9	86	31	13	41	88	38	100	15	43	7	48	70	42	51	81	46	47	59	34	35	56	84	44	67	63	82	100	36	15	24	53	86	61	3	1	72	36	50	51	40	77	30	48	61	84	35	93	33	47	90	27	86	95	78	74	79	16	46	50	68	11	53	19	-1	20	45	10	10	21	12	65	1	59	57	77	59	47	59	48	92	40	28	76	41	6	96	43	51	75	7	32	43	74	30	18	
87	53	76	91	53	85	17	34	48	8	31	89	4	15	80	85	100	39	79	52	71	98	28	10	33	21	46	99	10	11	45	44	18	13	28	13	29	25	88	33	92	36	87	80	44	30	77	68	8	25	83	6	99	2	10	61	52	37	44	24	63	57	1	74	74	84	53	35	20	-1	41	13	94	47	97	43	6	71	29	79	22	26	79	24	28	3	37	1	41	7	38	31	87	30	78	76	2	8	98	54	
40	6	63	46	73	86	18	62	47	21	22	80	45	6	69	24	42	91	26	6	20	5	61	39	13	73	1	73	66	52	19	38	5	13	64	90	28	41	74	93	70	33	34	52	53	66	98	42	11	89	56	33	61	53	47	24	64	70	96	88	71	89	46	14	31	49	18	31	45	41	-1	45	46	17	85	18	54	82	1	49	60	11	15	25	43	54	85	35	20	94	5	54	72	49	66	83	68	71	25	86	
21	3	29	40	68	69	7	63	44	16	76	44	61	31	3	50	8	74	38	32	24	1	68	18	24	28	59	85	82	4	48	13	80	10	46	57	12	90	44	17	14	6	77	6	25	66	100	13	2	43	18	49	3	64	76	85	81	51	87	75	47	53	16	7	64	91	61	57	10	13	45	-1	92	5	3	34	68	58	78	54	87	45	37	35	9	81	35	84	60	46	47	92	93	1	37	63	3	1	61	31	
6	39	10	83	67	16	79	25	72	14	57	55	97	69	27	61	20	79	53	33	30	18	11	12	19	92	27	44	26	70	69	8	58	18	57	36	35	75	25	92	57	56	12	52	89	85	79	44	45	48	62	67	27	87	94	9	8	28	7	98	31	21	82	40	5	31	47	32	10	94	46	92	-1	32	27	49	60	40	79	56	41	27	16	88	61	54	58	71	70	92	70	98	50	93	65	70	19	19	92	75	
49	40	45	38	83	8	41	64	71	46	23	92	59	32	51	9	34	69	53	10	1	12	45	29	44	38	21	16	45	100	86	19	48	16	72	55	62	74	10	84	26	84	94	77	74	91	24	95	41	40	33	8	89	8	92	47	87	80	91	13	8	84	22	59	22	76	21	18	21	47	17	5	32	-1	27	49	72	33	27	64	50	73	87	60	61	89	31	71	79	40	96	48	40	92	6	18	13	21	28	6	
9	11	17	21	1	43	3	57	78	43	77	9	61	89	57	65	2	66	15	45	17	100	12	56	63	1	42	86	63	90	19	33	69	14	99	11	7	21	30	100	21	87	6	81	59	76	57	38	23	83	47	91	80	40	76	34	31	17	86	60	48	45	94	74	99	92	26	98	12	97	85	3	27	27	-1	76	80	81	27	45	23	98	8	96	81	76	3	76	41	87	40	7	56	70	76	75	82	9	3	37	
77	20	34	74	68	86	33	34	37	2	98	65	82	54	72	35	31	57	77	78	32	23	93	97	5	28	39	81	83	29	26	9	89	87	69	65	23	57	84	12	37	39	100	16	15	49	57	68	68	3	76	11	39	47	87	98	42	47	30	37	85	30	1	93	39	69	9	35	65	43	18	34	49	49	76	-1	68	1	92	51	43	24	47	31	52	57	75	2	37	92	93	23	39	96	89	12	88	80	84	97	
53	96	84	56	34	75	82	42	19	24	16	87	10	80	72	20	72	77	13	24	32	3	19	2	20	21	52	28	32	73	42	87	22	79	29	92	2	24	5	89	1	25	46	94	2	95	13	97	98	24	28	20	80	15	71	40	78	1	15	15	92	8	78	95	51	33	77	42	1	6	54	68	60	72	80	68	-1	46	13	86	31	49	46	76	7	38	97	52	92	97	37	12	66	64	99	25	44	100	86	33	
71	56	21	85	16	52	66	100	83	55	11	97	22	27	62	30	38	50	28	75	32	80	88	1	11	97	83	80	87	75	48	80	23	61	9	98	89	20	30	35	8	95	65	43	2	72	16	85	60	19	50	55	99	33	22	54	41	30	41	34	99	23	1	49	47	31	70	73	59	71	82	58	40	33	81	1	46	-1	59	83	18	94	71	6	79	48	27	62	17	41	48	38	83	4	67	47	14	4	48	70	
24	82	29	96	21	60	96	63	78	56	35	65	20	68	2	70	22	42	60	85	9	82	96	46	64	99	49	4	69	56	97	68	49	25	57	34	41	57	32	25	31	98	88	86	98	64	98	54	28	50	87	43	57	9	41	72	35	31	75	19	77	86	50	29	93	17	91	76	57	29	1	78	79	27	27	92	13	59	-1	91	77	5	69	44	99	54	20	83	39	28	98	79	86	97	81	23	33	49	6	24	
72	84	34	27	14	80	28	44	85	57	25	10	28	95	29	85	84	41	100	65	23	48	30	68	70	22	36	16	67	45	57	82	95	31	69	98	56	8	15	94	39	50	56	10	72	20	87	10	19	28	18	15	21	67	100	76	12	61	46	19	45	79	16	94	1	67	90	58	77	79	49	54	56	64	45	51	86	83	91	-1	85	94	32	86	38	85	50	78	83	2	75	11	39	27	26	35	23	22	94	51	
61	43	53	40	98	84	6	67	49	60	95	31	81	91	19	20	37	77	93	14	99	79	38	15	73	14	42	55	49	53	82	8	19	4	10	41	50	36	1	12	86	29	37	10	21	70	98	84	81	73	51	39	41	18	96	8	47	89	13	18	80	57	14	44	37	90	24	15	59	22	60	87	41	50	23	43	31	18	77	85	-1	70	44	8	1	38	78	18	16	57	30	94	81	22	41	76	85	13	48	76	
23	71	35	31	79	18	11	47	30	1	71	57	77	28	77	9	96	19	36	58	42	69	56	31	82	53	91	16	98	84	81	46	14	65	92	68	82	94	63	2	85	87	44	91	43	32	75	96	57	85	37	40	62	92	62	13	51	20	22	84	97	2	81	71	98	13	93	65	47	26	11	45	27	73	98	24	49	94	5	94	70	-1	31	24	39	47	12	4	62	4	60	52	2	10	83	4	2	44	11	16	
51	57	99	26	3	59	72	5	71	35	63	71	49	67	38	92	73	100	100	5	39	74	99	84	50	34	94	87	98	100	66	27	26	54	11	65	49	33	89	8	43	67	55	57	35	36	36	8	98	83	96	34	59	46	96	89	5	42	88	42	20	27	46	2	45	68	61	90	59	79	15	37	16	87	8	47	46	71	69	32	44	31	-1	30	52	55	22	31	47	20	24	97	69	8	47	97	60	61	65	48	
67	33	33	51	11	12	15	88	62	5	50	54	73	93	32	32	93	30	62	59	44	97	37	30	62	91	6	88	5	47	68	41	2	45	70	9	39	38	29	75	65	33	83	23	93	79	45	67	84	5	48	22	94	41	25	26	48	25	83	5	20	15	30	86	94	65	84	95	48	24	25	35	88	60	96	31	76	6	44	86	8	24	30	-1	47	38	66	92	42	23	42	23	47	1	32	53	78	17	53	45	
99	86	100	23	28	40	6	21	12	34	12	2	37	32	94	24	8	55	99	49	19	69	13	37	35	37	20	12	57	10	57	18	69	99	6	3	19	19	8	86	61	21	5	86	85	87	67	43	85	37	39	1	87	59	57	64	9	93	89	84	93	70	48	66	93	34	81	24	92	28	43	9	61	61	81	52	7	79	99	38	1	39	52	47	-1	100	31	42	60	61	46	32	41	36	5	71	29	43	62	69	
49	58	44	2	72	65	91	35	7	58	86	42	24	51	51	51	17	29	58	80	83	80	20	87	72	94	39	97	6	42	58	43	51	16	55	62	62	50	75	1	23	69	11	74	76	88	91	11	94	67	74	18	20	34	13	87	84	3	55	1	96	64	24	60	98	96	10	41	40	3	54	81	54	89	76	57	38	48	54	85	38	47	55	38	100	-1	19	27	30	63	53	57	69	44	45	74	24	25	2	60	
6	21	88	49	73	41	2	24	91	100	19	24	58	76	62	95	16	93	33	12	54	74	62	67	98	68	94	42	90	86	33	34	39	6	13	75	65	88	64	57	54	37	15	74	60	45	20	57	62	12	98	65	15	100	96	60	12	7	51	77	31	50	11	56	88	54	60	95	28	37	85	35	58	31	3	75	97	27	20	50	78	12	22	66	31	19	-1	76	18	14	81	96	51	13	35	78	80	87	57	58	
99	85	94	66	28	96	26	94	30	48	11	23	56	74	30	45	52	39	22	82	10	55	31	49	44	61	69	36	82	38	61	5	95	3	31	26	13	52	10	52	26	2	8	71	94	48	38	70	38	5	57	80	25	15	85	18	2	18	75	38	91	97	81	16	45	87	88	53	76	1	35	84	71	71	76	2	52	62	83	78	18	4	31	92	42	27	76	-1	1	54	77	44	4	80	26	19	53	71	4	90	
23	82	60	68	27	54	81	6	14	80	69	54	32	73	4	84	70	45	14	58	52	92	61	68	25	82	83	45	36	4	65	66	31	52	32	100	5	50	92	38	48	7	56	17	74	85	96	68	77	31	71	85	24	72	63	5	81	24	94	91	46	78	29	92	89	44	67	51	41	41	20	60	70	79	41	37	92	17	39	83	16	62	47	42	60	30	18	1	-1	48	36	18	29	41	5	72	15	41	34	93	
81	35	50	26	43	50	49	13	31	22	14	97	69	21	81	92	66	23	57	50	15	67	66	68	72	7	63	21	7	2	79	22	10	18	33	50	26	100	85	17	39	92	49	38	57	63	43	85	24	80	15	66	61	53	31	9	95	56	38	35	54	72	99	27	72	30	15	69	6	7	94	46	92	40	87	92	97	41	28	2	57	4	20	23	61	63	14	54	48	-1	35	27	41	82	12	6	85	71	10	32	
2	44	37	7	56	45	49	5	69	19	24	26	75	85	73	73	11	78	35	99	95	83	96	5	33	24	11	63	61	85	20	21	71	77	74	83	85	46	95	32	2	62	94	55	56	32	35	49	51	22	31	40	78	36	32	97	72	97	34	72	47	11	59	59	10	48	79	64	96	38	5	47	70	96	40	93	37	48	98	75	30	60	24	42	46	53	81	77	36	35	-1	40	85	94	66	29	45	69	43	53	
30	31	50	72	32	65	17	37	73	81	40	7	86	21	68	71	76	9	29	18	75	31	8	11	45	39	26	40	53	74	42	56	39	73	69	7	64	31	88	7	51	82	39	100	37	3	32	6	97	43	84	64	6	63	52	21	51	36	88	88	75	60	61	56	87	13	55	64	43	31	54	92	98	48	7	23	12	38	79	11	94	52	97	23	32	57	96	44	18	27	40	-1	80	84	5	99	28	90	19	73	
90	1	42	84	96	86	7	34	13	76	53	41	24	73	90	96	8	79	79	30	62	44	16	16	44	10	87	77	91	98	5	40	74	59	40	84	48	44	58	20	51	25	18	70	41	14	32	7	20	11	93	76	39	83	56	74	96	61	7	49	2	65	79	59	34	37	11	81	51	87	72	93	50	40	56	39	66	83	86	39	81	2	69	47	41	69	51	4	29	41	85	80	-1	42	10	20	73	100	55	68	
80	28	75	4	39	89	18	68	83	45	93	32	8	91	23	43	74	14	95	39	44	43	1	88	91	22	70	15	28	33	24	94	36	14	37	78	14	34	83	32	45	79	85	46	52	57	30	83	58	30	38	6	35	15	42	84	27	87	69	88	31	97	3	58	51	73	93	30	75	30	49	1	93	92	70	96	64	4	97	27	22	10	8	1	36	44	13	80	41	82	94	84	42	-1	46	49	57	8	56	74	
77	66	51	31	12	5	98	97	78	91	47	20	54	98	22	62	17	94	48	13	38	18	34	77	6	67	5	65	60	75	25	58	16	82	46	21	96	88	49	29	86	95	38	40	68	57	73	52	39	77	49	21	19	73	13	80	77	62	92	85	34	6	31	95	90	83	12	52	7	78	66	37	65	6	76	89	99	67	81	26	41	83	47	32	5	45	35	26	5	12	66	5	10	46	-1	66	46	9	64	77	
34	69	73	7	66	93	22	46	65	52	14	84	98	88	91	27	2	94	45	95	31	1	7	61	6	77	50	95	60	4	63	36	18	7	11	1	17	83	17	100	98	81	85	94	40	29	48	98	72	38	14	6	100	100	91	98	57	69	22	1	66	38	30	80	34	33	77	40	32	76	83	63	70	18	75	12	25	47	23	35	76	4	97	53	71	74	78	19	72	6	29	99	20	49	66	-1	87	100	71	37	
93	62	2	66	87	5	1	54	12	64	72	25	4	70	88	94	68	50	71	55	71	57	34	23	86	73	46	17	80	17	23	100	68	83	66	52	31	35	84	93	45	83	33	3	81	43	50	100	95	56	42	83	31	48	46	37	9	35	77	74	94	1	44	80	41	61	40	99	43	2	68	3	19	13	82	88	44	14	33	23	85	2	60	78	29	24	80	53	15	85	45	28	73	57	46	87	-1	16	30	89	
86	18	68	74	40	51	71	56	49	65	83	38	8	39	56	12	88	69	11	65	84	55	63	51	18	34	89	84	25	4	36	28	64	79	26	46	20	5	35	99	27	27	88	1	83	87	56	69	100	8	47	11	64	67	23	38	60	3	58	68	72	88	48	65	85	82	44	82	74	8	71	1	19	21	9	80	100	4	49	22	13	44	61	17	43	25	87	71	41	71	69	90	100	8	9	100	16	-1	69	31	
81	99	32	99	97	41	79	2	35	12	30	72	37	92	99	85	71	77	80	30	11	18	84	62	32	90	70	25	88	46	55	21	68	59	20	57	99	84	94	70	99	24	82	4	49	62	89	46	17	38	23	29	41	64	19	34	52	48	61	33	42	36	49	47	54	68	15	2	30	98	25	61	92	28	3	84	86	48	6	94	48	11	65	53	62	2	57	4	34	10	43	19	55	56	64	71	30	69	-1	72	
72	97	43	23	33	47	65	29	43	97	17	45	24	99	58	69	65	25	76	52	53	26	27	96	6	91	80	10	45	52	56	35	90	71	43	88	11	74	55	80	9	68	98	79	3	87	6	94	52	65	41	35	58	1	89	17	69	15	39	31	28	73	71	77	52	10	78	9	18	54	86	31	75	6	37	97	33	70	24	51	76	16	48	45	69	60	58	90	93	32	53	73	68	74	77	37	89	31	72	-1	
