100
-1	41	12	79	100	14	74	54	70	89	100	51	95	100	83	97	75	78	48	8	47	63	30	84	92	59	80	38	23	2	52	29	80	11	20	12	59	92	55	65	46	20	8	53	61	34	23	34	54	37	8	33	24	77	72	18	18	81	89	92	4	81	61	89	6	90	14	94	44	3	72	31	52	79	84	69	9	24	40	47	52	86	54	2	86	80	58	9	10	22	98	93	87	23	36	54	11	73	22	1	
41	-1	53	44	97	54	36	75	48	73	89	25	26	17	95	10	19	9	13	48	91	39	24	1	83	77	85	46	16	94	13	37	49	73	55	66	32	88	2	67	61	99	48	14	70	34	93	35	82	77	60	78	71	30	71	6	97	48	18	55	5	26	82	62	14	86	90	78	7	100	1	80	66	85	69	62	55	44	76	97	99	62	85	58	58	60	85	70	67	75	70	85	32	87	75	99	46	76	30	47	
12	53	-1	81	41	43	17	47	30	9	31	25	69	26	3	39	19	14	99	9	88	48	33	70	56	64	21	24	23	36	12	48	16	22	30	7	9	54	20	36	34	92	2	53	51	48	2	13	70	8	38	40	86	97	74	56	60	62	14	65	100	93	38	76	8	79	43	32	19	83	5	74	97	14	17	6	12	97	50	45	66	2	2	97	10	24	46	27	84	58	30	40	1	98	17	90	89	22	57	32	
79	44	81	-1	3	30	65	49	51	3	76	80	26	51	10	3	59	98	8	86	31	5	45	23	26	85	65	88	85	18	100	99	28	1	33	80	5	46	96	23	24	62	34	32	12	4	50	36	69	2	95	42	39	3	69	98	16	47	36	49	66	10	80	90	56	8	26	70	53	41	69	42	80	28	40	13	73	73	51	35	76	55	32	62	2	35	97	18	48	79	19	56	39	50	85	59	40	5	13	69	
100	97	41	3	-1	27	73	65	93	15	41	94	3	95	26	65	5	64	37	39	68	38	6	43	27	52	27	13	67	80	34	90	14	46	54	61	26	19	55	36	40	21	45	27	10	13	87	15	57	14	64	95	83	80	70	64	11	19	1	7	41	81	42	71	12	37	88	63	95	69	87	40	64	58	20	55	71	75	96	2	51	72	52	73	52	80	35	23	72	77	82	16	91	82	9	17	17	76	11	66	
14	54	43	30	27	-1	51	69	20	84	84	19	81	23	17	49	80	34	27	51	56	64	17	2	99	61	21	14	22	45	31	75	93	56	3	57	63	11	2	60	96	70	37	58	49	63	5	47	56	89	66	96	1	89	49	27	76	53	47	90	9	54	100	64	32	87	28	43	20	62	17	96	37	51	97	69	12	66	58	1	92	26	27	81	47	55	12	85	35	20	85	93	66	30	67	37	55	87	55	26	
74	36	17	65	73	51	-1	25	38	55	83	56	14	90	38	30	45	24	24	40	3	18	20	94	63	35	90	33	21	79	11	54	49	26	66	41	3	33	98	32	52	76	71	85	56	51	87	99	71	11	42	44	25	88	83	74	69	69	32	75	25	53	64	5	44	3	4	28	60	12	84	55	39	97	66	76	16	93	34	51	9	92	32	95	35	32	48	90	88	66	93	92	4	44	4	51	7	18	49	98	
54	75	47	49	65	69	25	-1	22	30	6	51	92	33	50	64	71	71	1	53	11	2	23	74	18	22	18	84	56	3	96	62	41	63	19	96	17	13	54	96	24	99	53	79	26	24	25	11	72	57	3	78	20	65	53	81	29	42	33	30	71	19	48	23	25	70	90	80	51	2	52	46	46	74	13	33	18	75	6	59	80	96	24	66	68	6	16	4	69	57	28	77	82	46	75	25	51	34	35	78	
70	48	30	51	93	20	38	22	-1	1	53	90	96	41	91	7	11	64	81	57	37	95	15	48	97	85	76	14	15	77	6	77	73	36	48	16	45	24	2	67	71	54	96	99	10	1	62	53	14	87	70	94	65	88	50	55	50	48	19	73	73	66	42	11	37	99	82	91	74	19	35	71	75	22	93	61	43	93	80	37	14	32	30	45	10	43	49	25	11	32	76	96	60	56	60	66	58	95	31	72	
89	73	9	3	15	84	55	30	1	-1	62	25	35	21	74	74	63	35	32	58	80	41	83	34	74	54	98	82	73	38	98	67	50	35	38	42	4	11	97	5	44	11	71	98	84	67	92	66	23	32	5	76	74	83	100	90	49	49	71	98	57	38	4	73	1	57	60	93	26	40	48	37	92	76	58	37	77	52	52	49	84	46	6	38	58	10	43	15	24	74	26	98	54	37	21	95	89	84	33	16	
100	89	31	76	41	84	83	6	53	62	-1	91	86	7	86	79	19	95	82	19	19	51	96	50	20	35	4	1	1	98	18	34	21	11	88	22	44	45	1	35	47	15	96	42	45	12	4	37	72	74	83	93	10	53	70	22	78	75	79	51	6	82	66	39	62	30	88	67	65	11	50	18	62	16	88	100	50	33	73	23	52	7	25	91	68	26	92	94	60	32	7	34	100	87	48	63	90	70	23	41	
51	25	25	80	94	19	56	51	90	25	91	-1	77	20	26	47	93	70	25	63	23	80	91	24	21	25	71	90	97	42	42	25	54	64	39	56	63	37	44	23	7	8	25	71	53	12	3	93	21	59	42	41	62	27	50	56	61	49	23	36	5	8	55	96	33	48	100	100	3	95	57	66	3	5	33	28	63	31	10	88	40	55	57	26	57	90	35	96	66	83	25	64	96	34	23	89	15	47	21	59	
95	26	69	26	3	81	14	92	96	35	86	77	-1	96	62	52	96	80	42	60	35	13	53	38	24	63	16	83	80	2	87	85	47	14	19	26	75	74	34	31	11	5	15	11	7	82	70	76	86	24	90	61	17	6	29	97	58	50	52	82	85	51	37	65	41	99	69	86	91	7	93	19	30	20	54	50	27	70	27	10	63	37	68	97	84	41	77	23	73	78	93	58	96	30	63	95	43	63	28	68	
100	17	26	51	95	23	90	33	41	21	7	20	96	-1	75	100	95	18	11	26	53	57	80	30	41	17	19	69	83	3	56	24	51	45	77	37	57	14	14	58	26	22	4	65	49	44	67	83	99	53	77	9	24	28	76	67	55	22	74	19	96	88	27	86	76	47	47	69	45	3	18	91	22	47	76	76	37	96	56	25	30	99	84	63	63	32	30	86	19	9	77	35	23	4	75	27	48	68	14	29	
83	95	3	10	26	17	38	50	91	74	86	26	62	75	-1	48	45	32	13	51	29	40	22	13	42	37	91	85	97	13	6	86	45	6	53	15	13	4	81	96	6	19	43	62	9	74	56	76	3	25	12	48	89	98	74	56	10	86	43	62	39	39	33	96	18	13	6	32	31	57	69	3	59	24	66	88	25	52	4	91	81	43	4	87	99	89	16	29	1	60	79	97	76	66	55	14	8	2	75	62	
97	10	39	3	65	49	30	64	7	74	79	47	52	100	48	-1	50	70	95	15	2	32	24	28	29	31	76	10	24	81	5	74	90	74	88	15	58	54	62	96	85	94	34	84	79	5	30	96	47	2	3	93	80	34	81	91	92	59	24	33	52	4	31	22	86	79	74	83	31	80	83	1	29	84	13	2	38	31	33	31	89	9	85	85	80	59	61	85	43	44	83	84	88	98	30	14	32	87	7	25	
75	19	19	59	5	80	45	71	11	63	19	93	96	95	45	50	-1	41	59	40	90	1	92	16	48	61	66	50	4	1	76	49	55	95	53	93	57	66	55	35	3	65	86	15	68	100	14	37	13	54	26	88	45	12	32	87	57	5	77	76	81	66	10	55	55	92	71	67	25	36	55	47	53	58	72	32	38	17	69	29	46	42	89	87	83	3	86	46	87	62	5	7	3	26	88	8	92	48	81	40	
78	9	14	98	64	34	24	71	64	35	95	70	80	18	32	70	41	-1	75	22	73	68	47	48	41	26	50	68	55	100	38	80	40	61	59	65	57	1	8	67	40	35	45	6	8	62	92	11	60	37	28	79	60	24	89	23	52	74	62	60	36	76	91	57	80	30	31	55	81	40	85	29	13	56	21	96	68	90	65	36	31	12	44	88	32	64	31	78	9	50	7	62	41	38	94	33	52	50	25	13	
48	13	99	8	37	27	24	1	81	32	82	25	42	11	13	95	59	75	-1	23	100	29	95	37	26	45	76	92	13	76	20	30	19	51	88	33	16	81	82	65	64	52	30	89	47	55	39	17	9	6	6	70	99	10	58	66	37	38	45	30	98	44	2	70	45	16	8	100	57	66	46	79	23	99	11	64	14	33	83	74	59	74	59	43	38	14	46	35	13	20	64	96	28	7	59	74	41	41	100	68	
8	48	9	86	39	51	40	53	57	58	19	63	60	26	51	15	40	22	23	-1	77	99	19	91	98	90	42	43	62	14	51	35	84	33	87	88	70	14	30	89	43	82	85	66	41	23	43	10	61	28	75	29	22	16	28	54	63	34	54	65	69	28	60	28	5	54	95	15	25	70	90	18	13	54	11	42	16	2	13	62	20	22	33	8	78	1	70	26	21	11	64	30	90	64	8	22	32	83	46	60	
47	91	88	31	68	56	3	11	37	80	19	23	35	53	29	2	90	73	100	77	-1	21	30	43	25	44	34	42	90	53	74	69	19	66	31	67	20	55	30	84	54	8	5	83	35	97	62	67	64	18	30	93	21	52	26	49	54	89	55	35	33	63	23	84	20	15	38	25	45	39	58	51	19	60	31	12	35	14	50	13	46	44	12	48	56	68	77	75	98	66	21	66	96	12	55	42	46	47	61	78	
63	39	48	5	38	64	18	2	95	41	51	80	13	57	40	32	1	68	29	99	21	-1	92	36	35	59	19	77	51	74	82	9	39	65	73	88	49	78	56	28	88	30	92	25	8	74	58	11	56	62	88	42	86	59	91	65	91	99	97	59	51	86	88	70	67	79	60	96	60	8	34	44	87	94	84	17	92	52	63	21	72	41	86	76	2	20	77	94	79	76	38	6	64	52	62	65	48	24	99	79	
30	24	33	45	6	17	20	23	15	83	96	91	53	80	22	24	92	47	95	19	30	92	-1	75	21	69	76	18	22	67	53	52	83	83	16	65	14	88	61	73	72	39	75	38	97	40	47	54	3	39	10	91	40	99	81	52	90	65	100	81	42	44	51	5	44	19	89	83	26	23	42	58	51	63	40	26	47	13	48	20	60	52	73	56	6	39	9	56	46	22	72	91	27	95	54	39	35	66	80	64	
84	1	70	23	43	2	94	74	48	34	50	24	38	30	13	28	16	48	37	91	43	36	75	-1	29	62	57	27	82	64	73	21	81	45	34	4	98	23	3	86	43	83	73	91	10	37	100	90	53	16	10	10	75	44	82	31	78	89	15	46	17	51	70	57	96	66	38	44	54	74	62	15	82	35	12	25	25	65	72	100	71	44	27	10	80	74	97	55	41	65	89	24	27	26	79	48	99	22	50	53	
92	83	56	26	27	99	63	18	97	74	20	21	24	41	42	29	48	41	26	98	25	35	21	29	-1	87	21	99	29	56	80	66	1	64	91	28	34	74	62	17	66	87	67	14	1	23	97	17	69	77	92	96	66	35	37	64	11	78	38	75	97	77	81	39	29	51	62	20	87	25	31	88	47	92	95	38	85	72	37	5	93	22	70	65	37	56	5	70	1	3	31	68	47	28	11	35	55	69	82	17	
59	77	64	85	52	61	35	22	85	54	35	25	63	17	37	31	61	26	45	90	44	59	69	62	87	-1	13	65	90	80	22	78	31	52	39	7	14	88	11	43	86	15	35	89	44	26	45	57	68	4	54	65	88	91	64	27	23	5	78	10	23	1	92	58	34	23	86	57	3	1	77	40	55	52	94	35	6	23	65	96	39	94	20	89	79	41	75	88	82	17	43	11	58	55	4	96	32	5	100	58	
80	85	21	65	27	21	90	18	76	98	4	71	16	19	91	76	66	50	76	42	34	19	76	57	21	13	-1	88	46	77	8	53	38	28	1	93	80	54	65	2	62	91	4	53	18	14	77	50	70	84	32	4	15	33	83	10	29	7	85	34	58	36	64	89	43	42	4	19	87	44	100	8	47	40	57	100	23	3	5	47	95	29	6	76	83	26	99	83	42	24	54	84	33	81	83	62	93	91	32	7	
38	46	24	88	13	14	33	84	14	82	1	90	83	69	85	10	50	68	92	43	42	77	18	27	99	65	88	-1	27	99	29	2	39	59	69	83	54	7	41	22	39	62	13	6	29	36	85	59	42	15	58	22	71	46	97	100	90	53	80	26	56	54	66	91	77	56	31	46	8	26	49	82	100	18	32	35	87	83	37	10	8	35	25	48	68	97	96	28	92	54	88	23	54	19	22	7	81	94	48	74	
23	16	23	85	67	22	21	56	15	73	1	97	80	83	97	24	4	55	13	62	90	51	22	82	29	90	46	27	-1	82	28	44	35	21	22	24	50	91	59	74	69	36	90	62	39	88	4	58	64	34	47	65	22	41	64	27	50	87	58	28	2	7	85	2	77	29	14	53	11	7	55	5	95	2	74	14	82	91	73	55	55	100	64	31	27	98	38	69	9	47	85	18	70	6	72	57	37	38	90	90	
2	94	36	18	80	45	79	3	77	38	98	42	2	3	13	81	1	100	76	14	53	74	67	64	56	80	77	99	82	-1	99	1	5	33	45	67	100	68	10	37	17	16	42	58	97	45	19	71	89	66	3	61	61	11	2	9	35	62	70	3	66	15	97	68	71	15	66	5	32	17	33	23	79	57	27	60	86	4	25	9	100	15	81	14	98	2	99	7	88	36	93	100	9	81	5	40	94	35	38	73	
52	13	12	100	34	31	11	96	6	98	18	42	87	56	6	5	76	38	20	51	74	82	53	73	80	22	8	29	28	99	-1	25	29	73	35	13	89	9	2	58	51	81	56	29	82	17	36	58	64	37	92	15	13	17	53	9	48	67	77	10	64	65	79	49	79	66	66	1	44	81	68	30	67	72	25	30	83	82	8	55	8	38	88	6	21	50	66	40	19	36	7	30	66	52	44	98	16	54	41	68	
29	37	48	99	90	75	54	62	77	67	34	25	85	24	86	74	49	80	30	35	69	9	52	21	66	78	53	2	44	1	25	-1	48	93	86	2	72	89	90	100	62	41	95	27	19	4	15	84	81	24	28	95	67	47	22	68	62	58	74	49	95	95	46	74	78	31	36	62	29	72	97	35	50	20	7	28	92	14	97	76	37	4	9	21	43	9	82	70	32	75	87	2	12	57	3	79	77	3	47	18	
80	49	16	28	14	93	49	41	73	50	21	54	47	51	45	90	55	40	19	84	19	39	83	81	1	31	38	39	35	5	29	48	-1	7	38	53	3	3	6	74	30	92	93	54	79	20	13	94	88	68	13	79	89	43	88	53	73	9	86	99	82	3	48	61	29	49	82	97	7	38	51	38	31	63	39	70	61	55	71	88	82	42	91	33	49	88	44	90	2	60	40	85	52	44	66	71	76	71	8	71	
11	73	22	1	46	56	26	63	36	35	11	64	14	45	6	74	95	61	51	33	66	65	83	45	64	52	28	59	21	33	73	93	7	-1	20	91	63	25	45	84	2	65	58	25	91	37	76	100	55	36	38	83	83	65	12	17	55	47	30	45	49	86	59	3	69	78	54	57	83	10	6	44	74	92	9	67	80	43	98	54	30	9	87	3	78	26	80	73	77	100	86	38	90	96	66	71	28	22	53	57	
20	55	30	33	54	3	66	19	48	38	88	39	19	77	53	88	53	59	88	87	31	73	16	34	91	39	1	69	22	45	35	86	38	20	-1	11	49	100	74	21	29	92	44	78	20	60	57	51	2	94	12	23	4	38	64	32	28	32	14	4	75	1	51	57	7	1	66	9	50	36	11	61	93	85	9	14	66	62	69	30	4	57	99	81	49	2	93	23	11	86	58	3	78	59	88	44	1	18	53	99	
12	66	7	80	61	57	41	96	16	42	22	56	26	37	15	15	93	65	33	88	67	88	65	4	28	7	93	83	24	67	13	2	53	91	11	-1	65	5	30	86	1	37	42	47	60	55	89	92	68	17	44	37	56	75	76	67	97	62	73	95	40	18	70	18	4	91	41	68	34	25	20	30	96	36	42	1	65	48	58	40	72	77	14	73	69	83	3	86	98	82	24	49	83	44	24	86	84	13	11	29	
59	32	9	5	26	63	3	17	45	4	44	63	75	57	13	58	57	57	16	70	20	49	14	98	34	14	80	54	50	100	89	72	3	63	49	65	-1	41	58	69	79	57	1	1	89	91	97	92	54	38	87	6	68	48	100	35	23	58	36	98	93	10	90	18	5	73	80	39	52	90	25	12	25	30	94	36	22	65	50	78	27	77	21	35	27	6	55	43	23	89	16	72	53	69	59	30	1	67	56	84	
92	88	54	46	19	11	33	13	24	11	45	37	74	14	4	54	66	1	81	14	55	78	88	23	74	88	54	7	91	68	9	89	3	25	100	5	41	-1	80	29	34	53	6	58	73	19	40	63	71	44	62	5	1	46	80	97	100	1	16	68	88	50	15	96	13	74	88	66	76	35	70	94	9	78	72	48	39	82	43	41	79	31	75	65	9	35	25	98	35	29	73	1	51	55	58	71	94	74	86	63	
55	2	20	96	55	2	98	54	2	97	1	44	34	14	81	62	55	8	82	30	30	56	61	3	62	11	65	41	59	10	2	90	6	45	74	30	58	80	-1	14	3	20	97	30	68	18	10	92	11	24	7	44	47	90	7	69	25	18	65	83	52	78	29	40	72	95	94	68	95	26	52	8	89	45	7	60	58	17	51	3	53	42	17	92	75	16	38	43	32	41	71	21	2	60	61	28	8	92	77	53	
65	67	36	23	36	60	32	96	67	5	35	23	31	58	96	96	35	67	65	89	84	28	73	86	17	43	2	22	74	37	58	100	74	84	21	86	69	29	14	-1	40	52	63	3	52	97	66	88	14	52	43	82	42	14	7	100	44	100	2	57	58	76	34	42	50	58	99	91	92	51	16	85	90	52	86	47	9	85	4	50	44	19	90	35	39	18	34	31	49	71	75	45	32	95	28	95	45	56	49	8	
46	61	34	24	40	96	52	24	71	44	47	7	11	26	6	85	3	40	64	43	54	88	72	43	66	86	62	39	69	17	51	62	30	2	29	1	79	34	3	40	-1	15	64	24	90	65	95	47	56	32	80	67	38	1	26	96	47	59	65	64	39	67	100	66	9	73	100	35	15	74	19	14	61	54	54	59	10	88	91	69	85	20	14	81	64	77	90	98	98	78	20	50	58	42	71	45	86	22	89	93	
20	99	92	62	21	70	76	99	54	11	15	8	5	22	19	94	65	35	52	82	8	30	39	83	87	15	91	62	36	16	81	41	92	65	92	37	57	53	20	52	15	-1	89	30	54	29	36	13	1	99	11	64	63	75	23	25	16	21	91	35	42	62	44	94	81	61	13	29	12	85	19	82	54	17	60	84	45	96	87	19	85	34	75	64	12	87	99	97	73	46	4	79	91	25	41	28	75	75	80	24	
8	48	2	34	45	37	71	53	96	71	96	25	15	4	43	34	86	45	30	85	5	92	75	73	67	35	4	13	90	42	56	95	93	58	44	42	1	6	97	63	64	89	-1	100	58	54	75	45	38	53	77	56	82	71	88	79	6	39	5	52	92	6	33	37	62	76	27	55	52	48	95	54	62	23	28	50	69	69	81	12	74	16	93	32	51	51	29	82	37	58	11	38	10	11	64	20	60	60	60	32	
53	14	53	32	27	58	85	79	99	98	42	71	11	65	62	84	15	6	89	66	83	25	38	91	14	89	53	6	62	58	29	27	54	25	78	47	1	58	30	3	24	30	100	-1	73	94	97	99	32	58	85	58	84	85	9	98	20	85	55	24	35	90	74	90	65	78	9	7	93	53	72	95	76	35	45	66	22	79	94	20	83	20	10	1	41	54	19	40	56	44	28	65	98	23	46	27	13	25	71	6	
61	70	51	12	10	49	56	26	10	84	45	53	7	49	9	79	68	8	47	41	35	8	97	10	1	44	18	29	39	97	82	19	79	91	20	60	89	73	68	52	90	54	58	73	-1	57	99	65	97	66	32	44	75	93	39	71	56	62	66	96	98	70	100	30	69	10	68	51	62	4	87	26	78	80	16	74	59	54	62	76	55	98	66	37	93	16	78	72	36	61	72	75	77	73	19	55	81	26	14	69	
34	34	48	4	13	63	51	24	1	67	12	12	82	44	74	5	100	62	55	23	97	74	40	37	23	26	14	36	88	45	17	4	20	37	60	55	91	19	18	97	65	29	54	94	57	-1	39	45	22	50	91	56	87	70	70	64	86	25	28	24	74	37	64	85	39	60	58	24	66	82	51	81	38	93	28	64	66	69	60	17	40	45	72	40	26	86	88	71	87	27	100	12	44	36	74	26	67	60	9	43	
23	93	2	50	87	5	87	25	62	92	4	3	70	67	56	30	14	92	39	43	62	58	47	100	97	45	77	85	4	19	36	15	13	76	57	89	97	40	10	66	95	36	75	97	99	39	-1	64	65	71	57	26	37	31	1	20	44	38	45	85	63	91	48	9	87	36	20	49	18	19	79	88	65	93	66	10	51	6	26	65	45	69	99	51	35	97	91	96	61	92	55	8	81	11	12	63	12	22	21	59	
34	35	13	36	15	47	99	11	53	66	37	93	76	83	76	96	37	11	17	10	67	11	54	90	17	57	50	59	58	71	58	84	94	100	51	92	92	63	92	88	47	13	45	99	65	45	64	-1	60	62	55	33	93	28	29	20	6	60	61	95	82	21	34	21	94	34	75	33	29	58	36	95	99	61	48	37	78	59	23	10	71	64	21	29	99	72	71	17	21	11	24	24	75	84	90	12	11	11	10	57	
54	82	70	69	57	56	71	72	14	23	72	21	86	99	3	47	13	60	9	61	64	56	3	53	69	68	70	42	64	89	64	81	88	55	2	68	54	71	11	14	56	1	38	32	97	22	65	60	-1	32	81	81	36	72	91	20	31	5	74	67	94	59	57	10	10	4	24	16	92	11	27	67	49	69	58	59	35	5	55	98	78	89	84	8	88	17	19	5	1	88	7	96	11	57	34	64	33	100	96	84	
37	77	8	2	14	89	11	57	87	32	74	59	24	53	25	2	54	37	6	28	18	62	39	16	77	4	84	15	34	66	37	24	68	36	94	17	38	44	24	52	32	99	53	58	66	50	71	62	32	-1	7	88	5	94	17	79	49	1	39	56	91	61	97	1	67	7	82	38	21	65	87	32	43	17	61	88	18	13	70	54	12	63	24	86	68	26	62	26	19	40	44	66	37	33	29	35	11	65	16	29	
8	60	38	95	64	66	42	3	70	5	83	42	90	77	12	3	26	28	6	75	30	88	10	10	92	54	32	58	47	3	92	28	13	38	12	44	87	62	7	43	80	11	77	85	32	91	57	55	81	7	-1	36	45	16	44	73	40	79	69	57	99	85	6	9	5	44	62	68	29	38	10	63	1	6	61	7	100	48	4	7	65	92	45	28	70	1	76	5	36	75	68	96	16	57	73	98	62	70	31	54	
33	78	40	42	95	96	44	78	94	76	93	41	61	9	48	93	88	79	70	29	93	42	91	10	96	65	4	22	65	61	15	95	79	83	23	37	6	5	44	82	67	64	56	58	44	56	26	33	81	88	36	-1	88	18	66	97	2	81	57	8	29	76	59	23	93	47	96	93	82	10	54	24	8	23	48	6	71	55	11	71	19	76	98	65	36	30	74	10	100	65	95	13	67	27	61	8	100	25	15	88	
24	71	86	39	83	1	25	20	65	74	10	62	17	24	89	80	45	60	99	22	21	86	40	75	66	88	15	71	22	61	13	67	89	83	4	56	68	1	47	42	38	63	82	84	75	87	37	93	36	5	45	88	-1	71	95	40	25	98	36	30	87	88	67	47	33	90	72	26	73	20	18	19	37	16	21	74	49	48	95	10	85	34	2	93	27	43	32	10	16	5	97	21	4	38	65	86	63	25	36	37	
77	30	97	3	80	89	88	65	88	83	53	27	6	28	98	34	12	24	10	16	52	59	99	44	35	91	33	46	41	11	17	47	43	65	38	75	48	46	90	14	1	75	71	85	93	70	31	28	72	94	16	18	71	-1	43	71	18	93	58	100	86	48	44	19	64	45	26	43	26	15	93	88	76	9	49	65	60	90	11	11	77	72	53	38	18	71	66	71	13	31	30	73	96	62	87	40	40	47	11	7	
72	71	74	69	70	49	83	53	50	100	70	50	29	76	74	81	32	89	58	28	26	91	81	82	37	64	83	97	64	2	53	22	88	12	64	76	100	80	7	7	26	23	88	9	39	70	1	29	91	17	44	66	95	43	-1	80	16	23	9	77	57	21	14	79	29	27	78	82	24	8	43	2	33	98	79	44	74	56	16	59	54	56	59	77	39	33	6	53	29	87	26	97	49	39	84	47	85	65	91	14	
18	6	56	98	64	27	74	81	55	90	22	56	97	67	56	91	87	23	66	54	49	65	52	31	64	27	10	100	27	9	9	68	53	17	32	67	35	97	69	100	96	25	79	98	71	64	20	20	20	79	73	97	40	71	80	-1	98	11	82	14	47	88	6	71	2	16	48	50	52	65	68	21	50	99	84	69	41	48	6	25	53	60	7	60	62	99	19	27	63	54	37	8	28	79	14	70	37	71	80	19	
18	97	60	16	11	76	69	29	50	49	78	61	58	55	10	92	57	52	37	63	54	91	90	78	11	23	29	90	50	35	48	62	73	55	28	97	23	100	25	44	47	16	6	20	56	86	44	6	31	49	40	2	25	18	16	98	-1	72	86	11	98	15	90	53	20	29	31	3	65	47	11	48	82	61	32	44	26	59	42	83	50	85	43	10	41	10	24	62	48	88	50	81	93	79	32	22	70	97	55	48	
81	48	62	47	19	53	69	42	48	49	75	49	50	22	86	59	5	74	38	34	89	99	65	89	78	5	7	53	87	62	67	58	9	47	32	62	58	1	18	100	59	21	39	85	62	25	38	60	5	1	79	81	98	93	23	11	72	-1	40	77	36	1	49	98	60	35	3	97	26	28	2	45	48	86	3	23	55	73	22	35	53	16	41	26	99	97	18	100	68	25	99	35	91	99	64	20	44	72	37	2	
89	18	14	36	1	47	32	33	19	71	79	23	52	74	43	24	77	62	45	54	55	97	100	15	38	78	85	80	58	70	77	74	86	30	14	73	36	16	65	2	65	91	5	55	66	28	45	61	74	39	69	57	36	58	9	82	86	40	-1	66	79	33	65	23	82	94	53	93	25	33	35	83	73	64	47	75	55	34	58	78	98	71	18	73	35	36	28	3	88	62	33	3	46	46	57	55	54	36	19	40	
92	55	65	49	7	90	75	30	73	98	51	36	82	19	62	33	76	60	30	65	35	59	81	46	75	10	34	26	28	3	10	49	99	45	4	95	98	68	83	57	64	35	52	24	96	24	85	95	67	56	57	8	30	100	77	14	11	77	66	-1	62	4	1	93	61	72	6	86	1	24	77	90	48	74	65	93	35	9	13	53	61	96	27	51	100	51	88	65	39	10	78	83	60	1	4	62	30	26	80	74	
4	5	100	66	41	9	25	71	73	57	6	5	85	96	39	52	81	36	98	69	33	51	42	17	97	23	58	56	2	66	64	95	82	49	75	40	93	88	52	58	39	42	92	35	98	74	63	82	94	91	99	29	87	86	57	47	98	36	79	62	-1	41	65	54	35	1	44	21	7	93	31	60	35	21	76	27	77	13	90	86	95	91	79	29	79	27	54	72	62	18	74	13	91	13	32	80	74	38	43	74	
81	26	93	10	81	54	53	19	66	38	82	8	51	88	39	4	66	76	44	28	63	86	44	51	77	1	36	54	7	15	65	95	3	86	1	18	10	50	78	76	67	62	6	90	70	37	91	21	59	61	85	76	88	48	21	88	15	1	33	4	41	-1	48	99	18	41	56	78	94	50	18	22	44	100	23	47	93	81	2	71	32	91	30	11	84	92	31	52	79	97	93	51	78	47	27	11	57	19	80	94	
61	82	38	80	42	100	64	48	42	4	66	55	37	27	33	31	10	91	2	60	23	88	51	70	81	92	64	66	85	97	79	46	48	59	51	70	90	15	29	34	100	44	33	74	100	64	48	34	57	97	6	59	67	44	14	6	90	49	65	1	65	48	-1	61	20	28	61	97	6	85	24	90	45	3	100	7	71	29	79	11	14	36	93	20	9	78	85	12	9	100	52	74	51	4	43	11	36	2	99	69	
89	62	76	90	71	64	5	23	11	73	39	96	65	86	96	22	55	57	70	28	84	70	5	57	39	58	89	91	2	68	49	74	61	3	57	18	18	96	40	42	66	94	37	90	30	85	9	21	10	1	9	23	47	19	79	71	53	98	23	93	54	99	61	-1	67	7	88	27	11	10	87	55	76	83	69	97	79	25	6	80	77	41	62	30	3	3	10	91	48	47	83	58	71	16	72	15	40	51	57	80	
6	14	8	56	12	32	44	25	37	1	62	33	41	76	18	86	55	80	45	5	20	67	44	96	29	34	43	77	77	71	79	78	29	69	7	4	5	13	72	50	9	81	62	65	69	39	87	94	10	67	5	93	33	64	29	2	20	60	82	61	35	18	20	67	-1	4	64	66	19	67	13	80	68	30	95	58	15	85	16	24	36	42	81	72	9	79	61	57	7	36	23	45	97	37	37	29	13	62	48	42	
90	86	79	8	37	87	3	70	99	57	30	48	99	47	13	79	92	30	16	54	15	79	19	66	51	23	42	56	29	15	66	31	49	78	1	91	73	74	95	58	73	61	76	78	10	60	36	34	4	7	44	47	90	45	27	16	29	35	94	72	1	41	28	7	4	-1	16	56	34	30	37	83	89	45	53	40	41	61	17	50	57	92	23	71	59	17	50	52	86	16	77	29	11	18	42	29	94	20	95	82	
14	90	43	26	88	28	4	90	82	60	88	100	69	47	6	74	71	31	8	95	38	60	89	38	62	86	4	31	14	66	66	36	82	54	66	41	80	88	94	99	100	13	27	9	68	58	20	75	24	82	62	96	72	26	78	48	31	3	53	6	44	56	61	88	64	16	-1	54	46	8	63	59	35	26	75	12	11	87	22	36	53	7	41	80	71	63	14	81	51	20	8	51	87	34	52	43	98	78	41	77	
94	78	32	70	63	43	28	80	91	93	67	100	86	69	32	83	67	55	100	15	25	96	83	44	20	57	19	46	53	5	1	62	97	57	9	68	39	66	68	91	35	29	55	7	51	24	49	33	16	38	68	93	26	43	82	50	3	97	93	86	21	78	97	27	66	56	54	-1	44	96	34	38	56	1	13	83	29	4	62	29	43	95	96	24	71	9	23	97	76	62	59	29	47	82	24	14	46	53	87	36	
44	7	19	53	95	20	60	51	74	26	65	3	91	45	31	31	25	81	57	25	45	60	26	54	87	3	87	8	11	32	44	29	7	83	50	34	52	76	95	92	15	12	52	93	62	66	18	29	92	21	29	82	73	26	24	52	65	26	25	1	7	94	6	11	19	34	46	44	-1	16	47	67	100	72	47	67	8	83	53	83	28	75	1	37	23	21	38	87	65	57	42	94	7	60	26	9	3	27	18	29	
3	100	83	41	69	62	12	2	19	40	11	95	7	3	57	80	36	40	66	70	39	8	23	74	25	1	44	26	7	17	81	72	38	10	36	25	90	35	26	51	74	85	48	53	4	82	19	58	11	65	38	10	20	15	8	65	47	28	33	24	93	50	85	10	67	30	8	96	16	-1	90	42	83	43	35	43	40	40	66	93	34	69	37	99	66	84	34	5	52	89	61	20	70	8	15	69	62	45	87	40	
72	1	5	69	87	17	84	52	35	48	50	57	93	18	69	83	55	85	46	90	58	34	42	62	31	77	100	49	55	33	68	97	51	6	11	20	25	70	52	16	19	19	95	72	87	51	79	36	27	87	10	54	18	93	43	68	11	2	35	77	31	18	24	87	13	37	63	34	47	90	-1	99	70	64	46	17	13	43	65	56	29	66	26	39	11	37	96	9	52	8	91	76	54	42	59	88	26	76	66	6	
31	80	74	42	40	96	55	46	71	37	18	66	19	91	3	1	47	29	79	18	51	44	58	15	88	40	8	82	5	23	30	35	38	44	61	30	12	94	8	85	14	82	54	95	26	81	88	95	67	32	63	24	19	88	2	21	48	45	83	90	60	22	90	55	80	83	59	38	67	42	99	-1	79	53	51	65	100	4	4	85	6	99	63	75	50	43	32	8	78	87	46	45	42	62	63	85	77	39	65	13	
52	66	97	80	64	37	39	46	75	92	62	3	30	22	59	29	53	13	23	13	19	87	51	82	47	55	47	100	95	79	67	50	31	74	93	96	25	9	89	90	61	54	62	76	78	38	65	99	49	43	1	8	37	76	33	50	82	48	73	48	35	44	45	76	68	89	35	56	100	83	70	79	-1	95	71	59	25	65	33	55	20	35	24	41	2	54	27	27	80	46	61	78	68	73	92	30	29	17	2	18	
79	85	14	28	58	51	97	74	22	76	16	5	20	47	24	84	58	56	99	54	60	94	63	35	92	52	40	18	2	57	72	20	63	92	85	36	30	78	45	52	54	17	23	35	80	93	93	61	69	17	6	23	16	9	98	99	61	86	64	74	21	100	3	83	30	45	26	1	72	43	64	53	95	-1	41	62	32	30	29	20	47	4	41	28	36	80	68	48	96	95	10	100	59	19	56	18	80	77	36	81	
84	69	17	40	20	97	66	13	93	58	88	33	54	76	66	13	72	21	11	11	31	84	40	12	95	94	57	32	74	27	25	7	39	9	9	42	94	72	7	86	54	60	28	45	16	28	66	48	58	61	61	48	21	49	79	84	32	3	47	65	76	23	100	69	95	53	75	13	47	35	46	51	71	41	-1	34	22	55	62	66	38	58	91	41	78	24	96	8	41	96	71	84	54	21	71	55	24	67	92	8	
69	62	6	13	55	69	76	33	61	37	100	28	50	76	88	2	32	96	64	42	12	17	26	25	38	35	100	35	14	60	30	28	70	67	14	1	36	48	60	47	59	84	50	66	74	64	10	37	59	88	7	6	74	65	44	69	44	23	75	93	27	47	7	97	58	40	12	83	67	43	17	65	59	62	34	-1	89	28	21	21	27	44	22	7	36	13	84	86	52	42	14	71	65	89	9	58	58	83	35	44	
9	55	12	73	71	12	16	18	43	77	50	63	27	37	25	38	38	68	14	16	35	92	47	25	85	6	23	87	82	86	83	92	61	80	66	65	22	39	58	9	10	45	69	22	59	66	51	78	35	18	100	71	49	60	74	41	26	55	55	35	77	93	71	79	15	41	11	29	8	40	13	100	25	32	22	89	-1	69	54	55	61	30	50	88	97	99	53	4	31	5	16	91	83	78	3	52	88	41	11	91	
24	44	97	73	75	66	93	75	93	52	33	31	70	96	52	31	17	90	33	2	14	52	13	65	72	23	3	83	91	4	82	14	55	43	62	48	65	82	17	85	88	96	69	79	54	69	6	59	5	13	48	55	48	90	56	48	59	73	34	9	13	81	29	25	85	61	87	4	83	40	43	4	65	30	55	28	69	-1	97	11	17	32	58	24	17	3	57	85	21	13	74	66	59	49	26	31	94	6	55	7	
40	76	50	51	96	58	34	6	80	52	73	10	27	56	4	33	69	65	83	13	50	63	48	72	37	65	5	37	73	25	8	97	71	98	69	58	50	43	51	4	91	87	81	94	62	60	26	23	55	70	4	11	95	11	16	6	42	22	58	13	90	2	79	6	16	17	22	62	53	66	65	4	33	29	62	21	54	97	-1	24	24	44	58	59	54	26	64	41	23	44	4	73	3	99	93	32	64	17	58	36	
47	97	45	35	2	1	51	59	37	49	23	88	10	25	91	31	29	36	74	62	13	21	20	100	5	96	47	10	55	9	55	76	88	54	30	40	78	41	3	50	69	19	12	20	76	17	65	10	98	54	7	71	10	11	59	25	83	35	78	53	86	71	11	80	24	50	36	29	83	93	56	85	55	20	66	21	55	11	24	-1	80	79	5	78	14	44	75	50	88	95	78	95	99	20	82	52	5	52	64	94	
52	99	66	76	51	92	9	80	14	84	52	40	63	30	81	89	46	31	59	20	46	72	60	71	93	39	95	8	55	100	8	37	82	30	4	72	27	79	53	44	85	85	74	83	55	40	45	71	78	12	65	19	85	77	54	53	50	53	98	61	95	32	14	77	36	57	53	43	28	34	29	6	20	47	38	27	61	17	24	80	-1	50	15	96	90	78	1	98	14	49	55	80	24	17	54	94	79	60	74	14	
86	62	2	55	72	26	92	96	32	46	7	55	37	99	43	9	42	12	74	22	44	41	52	44	22	94	29	35	100	15	38	4	42	9	57	77	77	31	42	19	20	34	16	20	98	45	69	64	89	63	92	76	34	72	56	60	85	16	71	96	91	91	36	41	42	92	7	95	75	69	66	99	35	4	58	44	30	32	44	79	50	-1	56	70	21	8	42	97	82	92	53	41	40	35	84	55	22	40	71	72	
54	85	2	32	52	27	32	24	30	6	25	57	68	84	4	85	89	44	59	33	12	86	73	27	70	20	6	25	64	81	88	9	91	87	99	14	21	75	17	90	14	75	93	10	66	72	99	21	84	24	45	98	2	53	59	7	43	41	18	27	79	30	93	62	81	23	41	96	1	37	26	63	24	41	91	22	50	58	58	5	15	56	-1	77	92	72	95	83	71	76	39	10	68	85	6	16	35	17	95	93	
2	58	97	62	73	81	95	66	45	38	91	26	97	63	87	85	87	88	43	8	48	76	56	10	65	89	76	48	31	14	6	21	33	3	81	73	35	65	92	35	81	64	32	1	37	40	51	29	8	86	28	65	93	38	77	60	10	26	73	51	29	11	20	30	72	71	80	24	37	99	39	75	41	28	41	7	88	24	59	78	96	70	77	-1	75	69	13	51	91	39	27	32	52	45	27	57	86	91	90	2	
86	58	10	2	52	47	35	68	10	58	68	57	84	63	99	80	83	32	38	78	56	2	6	80	37	79	83	68	27	98	21	43	49	78	49	69	27	9	75	39	64	12	51	41	93	26	35	99	88	68	70	36	27	18	39	62	41	99	35	100	79	84	9	3	9	59	71	71	23	66	11	50	2	36	78	36	97	17	54	14	90	21	92	75	-1	5	98	82	58	88	86	87	80	9	41	46	54	20	41	31	
80	60	24	35	80	55	32	6	43	10	26	90	41	32	89	59	3	64	14	1	68	20	39	74	56	41	26	97	98	2	50	9	88	26	2	83	6	35	16	18	77	87	51	54	16	86	97	72	17	26	1	30	43	71	33	99	10	97	36	51	27	92	78	3	79	17	63	9	21	84	37	43	54	80	24	13	99	3	26	44	78	8	72	69	5	-1	65	33	92	77	86	83	58	15	59	70	31	61	57	83	
58	85	46	97	35	12	48	16	49	43	92	35	77	30	16	61	86	31	46	70	77	77	9	97	5	75	99	96	38	99	66	82	44	80	93	3	55	25	38	34	90	99	29	19	78	88	91	71	19	62	76	74	32	66	6	19	24	18	28	88	54	31	85	10	61	50	14	23	38	34	96	32	27	68	96	84	53	57	64	75	1	42	95	13	98	65	-1	57	27	12	55	40	93	83	17	52	61	66	84	11	
9	70	27	18	23	85	90	4	25	15	94	96	23	86	29	85	46	78	35	26	75	94	56	55	70	88	83	28	69	7	40	70	90	73	23	86	43	98	43	31	98	97	82	40	72	71	96	17	5	26	5	10	10	71	53	27	62	100	3	65	72	52	12	91	57	52	81	97	87	5	9	8	27	48	8	86	4	85	41	50	98	97	83	51	82	33	57	-1	44	45	52	72	3	91	92	19	29	63	4	58	
10	67	84	48	72	35	88	69	11	24	60	66	73	19	1	43	87	9	13	21	98	79	46	41	1	82	42	92	9	88	19	32	2	77	11	98	23	35	32	49	98	73	37	56	36	87	61	21	1	19	36	100	16	13	29	63	48	68	88	39	62	79	9	48	7	86	51	76	65	52	52	78	80	96	41	52	31	21	23	88	14	82	71	91	58	92	27	44	-1	81	86	63	83	94	1	80	50	72	40	4	
22	75	58	79	77	20	66	57	32	74	32	83	78	9	60	44	62	50	20	11	66	76	22	65	3	17	24	54	47	36	36	75	60	100	86	82	89	29	41	71	78	46	58	44	61	27	92	11	88	40	75	65	5	31	87	54	88	25	62	10	18	97	100	47	36	16	20	62	57	89	8	87	46	95	96	42	5	13	44	95	49	92	76	39	88	77	12	45	81	-1	62	57	71	76	43	12	91	37	79	42	
98	70	30	19	82	85	93	28	76	26	7	25	93	77	79	83	5	7	64	64	21	38	72	89	31	43	54	88	85	93	7	87	40	86	58	24	16	73	71	75	20	4	11	28	72	100	55	24	7	44	68	95	97	30	26	37	50	99	33	78	74	93	52	83	23	77	8	59	42	61	91	46	61	10	71	14	16	74	4	78	55	53	39	27	86	86	55	52	86	62	-1	60	11	57	59	47	70	9	14	35	
93	85	40	56	16	93	92	77	96	98	34	64	58	35	97	84	7	62	96	30	66	6	91	24	68	11	84	23	18	100	30	2	85	38	3	49	72	1	21	45	50	79	38	65	75	12	8	24	96	66	96	13	21	73	97	8	81	35	3	83	13	51	74	58	45	29	51	29	94	20	76	45	78	100	84	71	91	66	73	95	80	41	10	32	87	83	40	72	63	57	60	-1	90	26	23	68	86	28	37	49	
87	32	1	39	91	66	4	82	60	54	100	96	96	23	76	88	3	41	28	90	96	64	27	27	47	58	33	54	70	9	66	12	52	90	78	83	53	51	2	32	58	91	10	98	77	44	81	75	11	37	16	67	4	96	49	28	93	91	46	60	91	78	51	71	97	11	87	47	7	70	54	42	68	59	54	65	83	59	3	99	24	40	68	52	80	58	93	3	83	71	11	90	-1	91	86	69	45	98	83	5	
23	87	98	50	82	30	44	46	56	37	87	34	30	4	66	98	26	38	7	64	12	52	95	26	28	55	81	19	6	81	52	57	44	96	59	44	69	55	60	95	42	25	11	23	73	36	11	84	57	33	57	27	38	62	39	79	79	99	46	1	13	47	4	16	37	18	34	82	60	8	42	62	73	19	21	89	78	49	99	20	17	35	85	45	9	15	83	91	94	76	57	26	91	-1	76	83	63	56	44	100	
36	75	17	85	9	67	4	75	60	21	48	23	63	75	55	30	88	94	59	8	55	62	54	79	11	4	83	22	72	5	44	3	66	66	88	24	59	58	61	28	71	41	64	46	19	74	12	90	34	29	73	61	65	87	84	14	32	64	57	4	32	27	43	72	37	42	52	24	26	15	59	63	92	56	71	9	3	26	93	82	54	84	6	27	41	59	17	92	1	43	59	23	86	76	-1	48	21	80	45	50	
54	99	90	59	17	37	51	25	66	95	63	89	95	27	14	14	8	33	74	22	42	65	39	48	35	96	62	7	57	40	98	79	71	71	44	86	30	71	28	95	45	28	20	27	55	26	63	12	64	35	98	8	86	40	47	70	22	20	55	62	80	11	11	15	29	29	43	14	9	69	88	85	30	18	55	58	52	31	32	52	94	55	16	57	46	70	52	19	80	12	47	68	69	83	48	-1	7	7	41	76	
11	46	89	40	17	55	7	51	58	89	90	15	43	48	8	32	92	52	41	32	46	48	35	99	55	32	93	81	37	94	16	77	76	28	1	84	1	94	8	45	86	75	60	13	81	67	12	11	33	11	62	100	63	40	85	37	70	44	54	30	74	57	36	40	13	94	98	46	3	62	26	77	29	80	24	58	88	94	64	5	79	22	35	86	54	31	61	29	50	91	70	86	45	63	21	7	-1	88	96	9	
73	76	22	5	76	87	18	34	95	84	70	47	63	68	2	87	48	50	41	83	47	24	66	22	69	5	91	94	38	35	54	3	71	22	18	13	67	74	92	56	22	75	60	25	26	60	22	11	100	65	70	25	25	47	65	71	97	72	36	26	38	19	2	51	62	20	78	53	27	45	76	39	17	77	67	83	41	6	17	52	60	40	17	91	20	61	66	63	72	37	9	28	98	56	80	7	88	-1	83	4	
22	30	57	13	11	55	49	35	31	33	23	21	28	14	75	7	81	25	100	46	61	99	80	50	82	100	32	48	90	38	41	47	8	53	53	11	56	86	77	49	89	80	60	71	14	9	21	10	96	16	31	15	36	11	91	80	55	37	19	80	43	80	99	57	48	95	41	87	18	87	66	65	2	36	92	35	11	55	58	64	74	71	95	90	41	57	84	4	40	79	14	37	83	44	45	41	96	83	-1	89	
1	47	32	69	66	26	98	78	72	16	41	59	68	29	62	25	40	13	68	60	78	79	64	53	17	58	7	74	90	73	68	18	71	57	99	29	84	63	53	8	93	24	32	6	69	43	59	57	84	29	54	88	37	7	14	19	48	2	40	74	74	94	69	80	42	82	77	36	29	40	6	13	18	81	8	44	91	7	36	94	14	72	93	2	31	83	11	58	4	42	35	49	5	100	50	76	9	4	89	-1	
