100
-1	65	63	52	63	70	76	91	28	11	90	29	98	18	100	89	67	77	35	80	58	97	86	91	77	74	41	80	79	18	75	86	90	40	40	100	16	19	99	24	52	99	64	28	48	4	81	89	61	89	34	36	34	50	51	74	28	48	93	42	10	84	24	5	20	39	15	85	69	9	16	6	73	93	29	33	84	68	79	57	57	16	67	19	10	3	6	41	84	100	65	91	66	9	92	34	65	53	71	77	
65	-1	62	44	99	41	75	69	82	79	14	15	73	71	72	79	28	63	54	17	99	45	14	17	80	70	95	100	86	55	4	63	56	2	54	71	68	29	9	25	78	24	98	88	55	81	18	89	47	47	17	23	55	3	20	47	63	43	71	37	51	83	91	76	75	95	59	42	88	38	33	24	1	71	84	40	30	97	51	48	11	99	72	30	9	34	10	28	93	22	16	78	49	63	44	21	31	75	75	22	
63	62	-1	66	36	37	44	99	40	35	63	45	69	91	13	1	94	79	85	9	85	62	49	14	99	40	16	83	5	20	53	52	80	87	11	55	55	50	25	13	99	40	88	28	71	29	66	96	30	50	77	80	6	54	33	30	54	5	90	37	22	47	49	30	93	35	16	53	91	72	65	78	33	71	55	20	81	62	83	100	46	49	70	93	76	39	18	78	76	28	42	4	22	88	13	86	46	42	90	70	
52	44	66	-1	8	2	13	59	40	88	14	32	42	22	59	14	34	95	99	96	42	69	4	17	7	76	56	55	14	77	68	67	23	90	89	94	71	46	20	14	69	34	50	96	94	9	83	32	34	94	8	49	82	32	80	4	36	75	57	11	4	48	99	82	20	73	8	56	70	46	15	29	85	79	94	84	45	27	99	45	2	36	83	25	75	56	62	21	36	31	45	62	1	74	77	34	54	44	87	100	
63	99	36	8	-1	3	79	93	56	34	5	80	45	99	83	10	70	43	98	13	71	97	36	85	50	93	5	91	18	42	67	3	55	51	7	39	82	92	25	4	33	78	85	84	78	96	91	8	21	43	79	1	84	88	38	78	31	13	81	44	31	98	3	64	5	56	53	48	2	31	68	52	2	63	11	91	20	4	61	79	37	71	29	17	67	25	64	60	98	46	27	23	27	4	97	5	73	29	60	77	
70	41	37	2	3	-1	5	43	95	38	27	47	58	93	58	95	46	60	22	80	18	9	72	46	51	40	49	62	62	57	16	66	3	29	42	83	90	91	47	51	31	82	70	8	28	53	56	37	97	54	5	68	3	98	27	56	42	85	7	75	64	13	49	15	75	66	56	72	28	97	62	77	100	27	85	68	35	44	86	63	72	78	45	53	96	80	41	95	83	52	29	87	23	68	59	87	38	61	88	38	
76	75	44	13	79	5	-1	42	80	96	40	34	46	91	70	52	45	37	39	97	83	62	33	57	22	29	32	20	89	58	45	88	74	53	77	52	60	5	71	23	27	40	28	65	30	33	2	35	45	72	99	70	3	5	90	38	1	23	69	38	35	74	13	27	18	51	55	48	59	35	9	81	3	63	93	61	64	18	36	28	3	67	37	53	98	49	50	74	100	64	76	25	19	46	3	59	33	17	48	96	
91	69	99	59	93	43	42	-1	17	71	75	78	76	12	51	29	87	78	92	94	20	11	19	50	89	98	63	54	44	71	51	5	60	72	11	58	58	64	53	98	11	96	1	63	93	79	54	78	68	46	6	51	40	67	71	67	48	52	20	54	64	8	28	69	3	47	13	82	70	43	64	27	13	22	42	4	71	32	82	20	59	44	30	33	10	79	91	46	10	72	65	70	33	84	38	51	15	92	69	80	
28	82	40	40	56	95	80	17	-1	56	55	74	95	18	93	32	25	69	20	83	35	75	26	32	65	22	4	70	33	64	14	90	50	63	86	12	49	21	25	23	16	45	11	79	13	10	10	22	34	20	70	6	10	53	40	28	54	5	72	100	74	57	92	3	29	73	78	12	100	4	57	64	78	36	31	36	99	98	72	8	90	63	86	93	99	20	93	51	98	99	30	72	54	94	88	28	29	23	72	1	
11	79	35	88	34	38	96	71	56	-1	44	69	92	30	1	71	51	67	39	50	4	75	78	15	49	26	60	61	89	79	43	48	67	12	28	3	5	69	24	51	89	39	89	48	67	46	14	99	48	29	22	89	93	17	30	64	54	79	86	51	60	77	95	70	49	7	54	3	79	82	7	94	28	86	82	28	9	17	93	42	13	47	8	96	87	79	2	69	73	62	77	91	99	26	72	28	91	13	58	2	
90	14	63	14	5	27	40	75	55	44	-1	39	72	61	39	66	34	4	86	10	93	6	64	14	40	25	42	30	25	66	2	23	49	97	37	61	16	50	52	14	83	5	37	44	21	20	8	94	7	43	57	23	12	69	36	95	27	4	56	95	32	85	72	31	50	85	36	94	61	59	18	88	3	95	64	79	34	70	61	44	30	51	70	59	25	86	3	17	94	83	26	13	90	36	31	37	68	14	92	79	
29	15	45	32	80	47	34	78	74	69	39	-1	20	78	76	60	90	32	30	22	60	52	7	96	89	56	72	26	31	16	17	80	60	64	27	12	76	23	2	26	42	61	3	50	65	74	79	87	64	87	8	51	97	58	90	39	73	49	72	97	48	36	69	98	73	24	60	49	15	30	18	93	10	71	86	78	87	68	58	39	6	6	30	70	31	4	93	76	71	32	2	67	39	42	27	65	17	38	16	7	
98	73	69	42	45	58	46	76	95	92	72	20	-1	10	65	51	46	75	95	52	24	60	36	82	31	66	99	79	73	88	54	45	19	65	71	81	96	84	54	32	48	71	24	79	98	52	19	48	69	5	52	67	10	71	2	98	87	90	83	99	90	18	59	77	93	9	3	58	72	15	40	96	32	54	64	87	31	11	74	29	95	68	29	91	23	92	49	20	48	24	78	95	40	80	96	98	33	85	36	68	
18	71	91	22	99	93	91	12	18	30	61	78	10	-1	76	8	91	10	8	39	12	70	72	74	92	55	31	64	87	37	8	7	74	76	25	50	3	23	8	54	21	23	55	43	45	4	87	91	48	3	80	75	26	48	20	9	62	94	98	25	22	45	40	20	66	99	14	75	88	98	1	32	46	41	16	65	80	85	42	40	43	42	64	70	31	66	96	100	20	57	59	16	30	78	87	48	94	61	19	78	
100	72	13	59	83	58	70	51	93	1	39	76	65	76	-1	91	29	27	22	71	80	55	33	23	52	7	47	24	40	89	68	58	28	90	15	93	25	22	31	15	88	13	89	89	77	25	1	77	79	18	16	47	43	52	90	27	4	13	53	95	49	26	78	41	57	13	34	59	90	11	35	12	57	79	60	26	100	92	51	50	1	3	22	12	42	68	84	48	98	45	48	75	56	59	6	14	69	10	57	48	
89	79	1	14	10	95	52	29	32	71	66	60	51	8	91	-1	46	91	89	98	83	36	57	72	61	26	4	78	43	73	60	24	95	41	23	45	14	25	37	78	29	17	94	18	74	83	64	13	36	5	19	17	58	100	29	12	93	77	96	4	4	45	2	28	91	54	19	16	55	96	9	94	10	71	44	61	1	67	83	90	2	41	19	49	67	48	2	18	76	76	99	37	12	30	36	87	1	100	80	91	
67	28	94	34	70	46	45	87	25	51	34	90	46	91	29	46	-1	18	66	98	40	8	9	62	91	5	51	58	70	65	68	11	78	81	51	58	82	57	27	85	26	84	4	31	19	59	53	46	39	86	4	26	83	14	24	18	19	100	93	54	99	84	29	89	91	33	41	52	48	28	19	22	52	28	3	37	94	49	96	25	100	4	73	60	81	53	27	14	34	86	40	41	71	60	80	40	46	11	15	63	
77	63	79	95	43	60	37	78	69	67	4	32	75	10	27	91	18	-1	47	22	79	47	38	7	56	55	37	24	25	90	82	71	97	15	4	96	66	85	25	92	40	81	71	68	57	20	33	58	24	81	97	43	84	58	39	46	22	70	56	80	13	43	60	76	32	25	49	85	42	31	46	34	30	80	3	57	5	49	85	79	56	81	68	6	52	88	14	89	21	44	83	84	79	21	19	71	23	5	96	36	
35	54	85	99	98	22	39	92	20	39	86	30	95	8	22	89	66	47	-1	29	16	93	55	77	28	54	14	47	46	33	65	19	19	17	28	81	6	28	6	34	27	66	81	51	29	43	91	13	19	45	6	14	40	32	20	77	95	38	72	88	33	47	69	90	31	55	72	15	70	77	60	72	14	40	86	6	33	84	33	75	79	16	27	94	99	61	52	55	39	13	67	39	57	33	99	36	5	80	7	72	
80	17	9	96	13	80	97	94	83	50	10	22	52	39	71	98	98	22	29	-1	82	33	33	71	17	30	24	63	67	2	16	40	13	48	70	47	89	22	96	61	27	96	42	60	3	32	50	86	13	38	73	86	68	100	34	31	63	44	94	50	98	89	53	100	33	70	48	60	38	17	23	10	11	91	18	19	53	56	14	31	3	70	21	33	90	53	30	13	62	10	33	12	21	40	75	11	63	95	49	65	
58	99	85	42	71	18	83	20	35	4	93	60	24	12	80	83	40	79	16	82	-1	74	90	62	7	27	86	18	65	20	89	36	91	11	28	40	35	7	37	78	4	41	12	21	36	38	92	43	58	47	84	95	7	89	91	65	58	23	89	43	25	20	47	88	46	21	92	93	26	79	68	57	57	72	49	45	18	76	81	4	84	10	96	25	9	76	35	7	58	31	27	32	36	30	85	97	5	97	54	53	
97	45	62	69	97	9	62	11	75	75	6	52	60	70	55	36	8	47	93	33	74	-1	81	29	30	72	15	15	11	97	71	63	11	100	30	22	66	13	4	57	5	21	36	35	49	34	12	28	28	80	71	20	65	31	61	83	11	50	18	38	72	15	13	27	26	92	94	40	53	40	2	90	62	98	42	95	91	4	83	92	36	81	44	20	26	48	29	28	34	80	66	34	93	4	15	28	5	2	42	37	
86	14	49	4	36	72	33	19	26	78	64	7	36	72	33	57	9	38	55	33	90	81	-1	70	29	61	97	94	51	27	27	5	4	53	96	9	30	49	11	25	27	65	20	61	70	92	69	21	83	50	58	30	42	62	95	81	76	17	64	1	87	100	24	67	35	36	18	11	22	41	51	38	5	61	12	22	19	83	64	58	6	76	41	87	47	40	88	6	87	80	45	10	99	67	28	36	75	98	28	13	
91	17	14	17	85	46	57	50	32	15	14	96	82	74	23	72	62	7	77	71	62	29	70	-1	99	36	18	93	54	18	90	18	20	27	88	90	37	28	33	64	42	90	31	12	40	44	94	26	43	27	68	93	76	10	36	57	70	79	39	37	57	15	7	17	52	37	23	58	81	14	58	87	47	87	91	29	51	8	26	22	94	40	85	38	93	57	77	85	94	41	53	71	71	45	11	94	24	88	71	54	
77	80	99	7	50	51	22	89	65	49	40	89	31	92	52	61	91	56	28	17	7	30	29	99	-1	50	63	69	83	65	100	86	63	49	89	93	35	52	31	33	91	95	66	23	42	92	90	54	15	55	10	55	59	95	16	10	26	95	38	20	83	96	28	11	47	66	78	43	80	10	15	90	60	18	81	78	79	39	87	77	45	82	92	17	90	54	54	74	74	77	56	97	56	29	95	82	64	9	11	92	
74	70	40	76	93	40	29	98	22	26	25	56	66	55	7	26	5	55	54	30	27	72	61	36	50	-1	4	84	40	75	1	77	19	42	82	4	90	46	53	63	83	15	36	45	93	73	81	27	39	50	38	76	90	95	52	58	36	84	22	45	10	91	29	24	42	83	73	78	50	65	87	15	85	91	16	3	89	5	56	22	25	65	5	40	27	26	65	71	14	35	23	90	62	60	9	88	28	69	78	74	
41	95	16	56	5	49	32	63	4	60	42	72	99	31	47	4	51	37	14	24	86	15	97	18	63	4	-1	12	86	78	98	16	95	88	85	91	81	91	9	93	56	32	82	53	39	17	41	16	21	31	7	60	17	61	5	29	96	58	68	86	77	47	43	35	70	43	74	42	25	30	9	4	73	33	53	69	74	66	7	91	54	6	7	26	46	89	82	44	32	12	87	7	90	66	90	83	23	40	11	14	
80	100	83	55	91	62	20	54	70	61	30	26	79	64	24	78	58	24	47	63	18	15	94	93	69	84	12	-1	49	5	86	93	95	26	94	45	59	65	43	65	42	12	90	82	79	52	36	13	38	75	52	71	26	63	89	39	100	12	91	75	41	35	43	76	2	96	5	40	98	13	1	13	62	12	17	7	100	28	58	60	76	18	74	39	63	81	57	99	8	95	39	86	9	26	56	46	6	99	41	78	
79	86	5	14	18	62	89	44	33	89	25	31	73	87	40	43	70	25	46	67	65	11	51	54	83	40	86	49	-1	52	4	74	16	52	48	72	46	73	15	45	82	75	83	54	62	34	22	61	72	19	92	62	70	9	100	79	42	50	62	82	44	55	8	94	4	22	86	26	65	46	98	69	90	96	80	19	25	20	68	99	37	41	45	33	80	45	70	33	12	13	15	33	49	33	90	64	16	6	7	80	
18	55	20	77	42	57	58	71	64	79	66	16	88	37	89	73	65	90	33	2	20	97	27	18	65	75	78	5	52	-1	34	79	81	41	72	29	89	50	34	15	92	83	94	10	96	76	58	6	31	21	84	68	88	58	33	84	98	1	36	46	54	85	45	85	87	82	97	68	96	23	63	97	86	30	47	30	94	42	83	58	5	81	99	24	18	4	33	98	100	24	96	76	9	90	85	90	30	83	8	36	
75	4	53	68	67	16	45	51	14	43	2	17	54	8	68	60	68	82	65	16	89	71	27	90	100	1	98	86	4	34	-1	20	33	44	60	93	64	17	5	23	72	52	54	58	93	72	53	77	52	80	73	83	62	69	66	58	31	70	71	36	81	61	20	84	68	71	14	47	16	99	4	35	97	67	95	15	46	31	27	73	66	62	95	89	82	7	83	90	99	80	21	90	15	25	46	81	9	34	82	30	
86	63	52	67	3	66	88	5	90	48	23	80	45	7	58	24	11	71	19	40	36	63	5	18	86	77	16	93	74	79	20	-1	58	69	25	86	74	51	63	20	68	53	87	49	69	36	63	44	29	40	27	61	15	52	11	64	34	10	33	43	56	48	4	47	40	80	69	3	14	56	92	69	94	21	99	23	77	13	57	97	51	78	98	35	50	89	64	78	61	11	33	34	5	94	3	54	12	27	69	83	
90	56	80	23	55	3	74	60	50	67	49	60	19	74	28	95	78	97	19	13	91	11	4	20	63	19	95	95	16	81	33	58	-1	54	99	92	46	33	32	68	9	63	5	41	48	39	8	60	40	4	51	22	43	93	93	98	57	70	43	53	31	34	90	19	58	90	54	29	18	68	92	95	64	55	80	63	16	58	27	77	11	67	62	68	88	34	38	80	85	62	31	5	37	43	86	53	96	37	96	14	
40	2	87	90	51	29	53	72	63	12	97	64	65	76	90	41	81	15	17	48	11	100	53	27	49	42	88	26	52	41	44	69	54	-1	42	60	55	78	43	72	7	15	75	79	78	77	53	53	75	41	97	59	5	95	27	11	22	63	58	14	50	97	36	39	86	75	62	36	52	87	76	27	45	77	19	15	17	24	6	98	70	27	70	57	63	23	93	5	5	12	96	96	90	13	56	62	22	20	70	37	
40	54	11	89	7	42	77	11	86	28	37	27	71	25	15	23	51	4	28	70	28	30	96	88	89	82	85	94	48	72	60	25	99	42	-1	92	85	57	51	15	73	93	85	8	42	46	63	53	25	63	51	58	17	99	94	67	86	8	13	95	60	30	59	23	77	18	43	62	36	56	5	68	47	97	50	96	27	53	36	62	19	84	74	52	51	99	11	57	34	2	28	32	98	43	17	74	86	73	5	26	
100	71	55	94	39	83	52	58	12	3	61	12	81	50	93	45	58	96	81	47	40	22	9	90	93	4	91	45	72	29	93	86	92	60	92	-1	35	39	5	80	55	83	9	36	36	78	88	60	9	96	1	49	74	11	87	13	56	41	14	45	19	11	2	86	3	89	51	61	12	46	54	59	38	90	7	96	59	39	55	8	75	12	13	31	31	29	71	41	33	74	14	90	11	90	10	67	36	8	51	90	
16	68	55	71	82	90	60	58	49	5	16	76	96	3	25	14	82	66	6	89	35	66	30	37	35	90	81	59	46	89	64	74	46	55	85	35	-1	94	23	84	6	50	43	92	21	86	26	95	56	13	100	29	24	96	11	6	41	59	38	81	36	98	3	94	49	37	91	78	77	41	81	85	16	97	22	51	34	7	32	53	90	72	16	14	36	83	90	26	3	16	51	43	26	68	44	98	97	10	85	15	
19	29	50	46	92	91	5	64	21	69	50	23	84	23	22	25	57	85	28	22	7	13	49	28	52	46	91	65	73	50	17	51	33	78	57	39	94	-1	2	77	67	98	13	97	91	49	35	8	84	4	18	10	100	36	81	94	65	19	17	30	58	31	53	41	11	53	66	76	92	52	18	95	34	94	50	88	2	57	73	75	84	74	79	72	79	38	89	75	42	34	99	79	50	21	84	69	37	20	44	69	
99	9	25	20	25	47	71	53	25	24	52	2	54	8	31	37	27	25	6	96	37	4	11	33	31	53	9	43	15	34	5	63	32	43	51	5	23	2	-1	30	85	28	17	38	98	6	52	91	20	3	30	30	83	5	19	98	5	32	97	91	75	91	53	45	62	99	72	57	10	12	38	76	19	77	32	70	61	89	59	85	90	61	88	63	8	92	89	61	28	60	96	57	5	35	30	41	10	90	98	81	
24	25	13	14	4	51	23	98	23	51	14	26	32	54	15	78	85	92	34	61	78	57	25	64	33	63	93	65	45	15	23	20	68	72	15	80	84	77	30	-1	32	9	52	54	66	87	28	60	57	3	56	25	58	95	33	23	85	61	76	52	72	71	11	20	9	30	65	95	92	26	68	83	13	39	89	12	45	28	58	70	82	13	75	11	24	98	81	22	37	31	50	11	45	4	80	96	30	5	98	11	
52	78	99	69	33	31	27	11	16	89	83	42	48	21	88	29	26	40	27	27	4	5	27	42	91	83	56	42	82	92	72	68	9	7	73	55	6	67	85	32	-1	81	90	92	76	74	3	51	82	81	12	8	69	93	11	96	27	97	6	80	8	13	78	69	66	90	80	70	4	37	15	17	53	53	38	88	76	27	24	81	83	9	29	32	93	2	83	15	41	57	65	10	64	52	46	36	60	95	62	81	
99	24	40	34	78	82	40	96	45	39	5	61	71	23	13	17	84	81	66	96	41	21	65	90	95	15	32	12	75	83	52	53	63	15	93	83	50	98	28	9	81	-1	34	85	80	26	64	59	43	98	3	71	90	75	88	2	85	8	86	80	79	12	76	59	37	83	43	51	100	2	26	89	22	81	76	91	81	77	45	59	20	40	45	98	18	76	89	7	60	58	88	52	10	79	77	100	93	79	5	97	
64	98	88	50	85	70	28	1	11	89	37	3	24	55	89	94	4	71	81	42	12	36	20	31	66	36	82	90	83	94	54	87	5	75	85	9	43	13	17	52	90	34	-1	39	73	52	40	16	35	27	95	88	6	85	18	61	21	93	25	19	46	34	49	76	93	14	37	80	92	40	15	49	74	42	35	88	64	74	23	9	73	19	92	39	29	85	44	7	84	77	60	97	60	51	56	7	28	81	44	58	
28	88	28	96	84	8	65	63	79	48	44	50	79	43	89	18	31	68	51	60	21	35	61	12	23	45	53	82	54	10	58	49	41	79	8	36	92	97	38	54	92	85	39	-1	79	81	81	66	76	50	1	98	75	51	23	76	60	51	35	34	82	76	48	73	39	95	99	52	74	27	31	100	9	9	5	35	44	36	50	47	98	28	18	17	22	97	27	5	25	65	3	96	78	1	55	19	29	79	60	13	
48	55	71	94	78	28	30	93	13	67	21	65	98	45	77	74	19	57	29	3	36	49	70	40	42	93	39	79	62	96	93	69	48	78	42	36	21	91	98	66	76	80	73	79	-1	64	68	50	84	15	54	7	4	80	24	13	13	42	81	39	53	37	6	36	61	94	99	97	77	15	59	92	53	58	3	26	71	18	96	67	26	58	8	66	47	57	59	34	22	86	14	3	79	1	99	86	55	96	66	8	
4	81	29	9	96	53	33	79	10	46	20	74	52	4	25	83	59	20	43	32	38	34	92	44	92	73	17	52	34	76	72	36	39	77	46	78	86	49	6	87	74	26	52	81	64	-1	61	39	3	28	92	34	42	31	75	41	24	71	46	78	34	88	10	97	99	22	16	64	36	7	26	72	80	56	43	56	78	89	25	80	37	38	31	93	3	68	39	51	47	65	36	19	97	30	69	2	93	21	46	82	
81	18	66	83	91	56	2	54	10	14	8	79	19	87	1	64	53	33	91	50	92	12	69	94	90	81	41	36	22	58	53	63	8	53	63	88	26	35	52	28	3	64	40	81	68	61	-1	26	6	87	99	4	99	90	33	86	76	72	16	53	44	79	7	35	52	37	53	19	51	37	21	33	15	22	94	76	54	9	78	67	81	16	74	85	42	75	82	80	36	34	5	95	63	19	12	90	27	5	32	42	
89	89	96	32	8	37	35	78	22	99	94	87	48	91	77	13	46	58	13	86	43	28	21	26	54	27	16	13	61	6	77	44	60	53	53	60	95	8	91	60	51	59	16	66	50	39	26	-1	77	64	93	14	48	3	3	38	14	44	86	42	100	31	42	17	86	22	61	78	89	8	93	94	33	15	77	52	23	6	86	73	32	82	37	16	68	36	83	49	5	71	41	40	22	76	57	17	70	64	25	45	
61	47	30	34	21	97	45	68	34	48	7	64	69	48	79	36	39	24	19	13	58	28	83	43	15	39	21	38	72	31	52	29	40	75	25	9	56	84	20	57	82	43	35	76	84	3	6	77	-1	81	80	35	4	90	7	100	12	30	31	1	88	12	29	26	83	61	39	33	74	34	55	43	21	99	89	97	57	79	48	26	41	81	37	38	91	81	52	82	64	24	35	39	19	16	23	65	94	75	94	33	
89	47	50	94	43	54	72	46	20	29	43	87	5	3	18	5	86	81	45	38	47	80	50	27	55	50	31	75	19	21	80	40	4	41	63	96	13	4	3	3	81	98	27	50	15	28	87	64	81	-1	25	85	3	24	77	40	40	48	93	100	30	20	34	16	88	60	16	59	77	88	2	46	99	50	14	89	96	20	2	19	12	46	2	83	35	16	7	77	89	52	32	98	46	23	23	68	75	4	86	19	
34	17	77	8	79	5	99	6	70	22	57	8	52	80	16	19	4	97	6	73	84	71	58	68	10	38	7	52	92	84	73	27	51	97	51	1	100	18	30	56	12	3	95	1	54	92	99	93	80	25	-1	26	16	59	87	65	28	8	14	86	60	95	85	62	86	93	24	51	83	45	97	26	28	39	9	77	87	86	81	97	26	67	62	88	64	39	68	73	87	26	16	83	54	97	28	43	16	69	47	92	
36	23	80	49	1	68	70	51	6	89	23	51	67	75	47	17	26	43	14	86	95	20	30	93	55	76	60	71	62	68	83	61	22	59	58	49	29	10	30	25	8	71	88	98	7	34	4	14	35	85	26	-1	85	61	49	5	12	30	44	14	28	61	84	87	26	41	96	26	91	45	29	85	54	8	58	15	33	67	93	15	45	28	33	81	86	96	37	37	23	5	55	94	62	61	69	68	24	45	72	84	
34	55	6	82	84	3	3	40	10	93	12	97	10	26	43	58	83	84	40	68	7	65	42	76	59	90	17	26	70	88	62	15	43	5	17	74	24	100	83	58	69	90	6	75	4	42	99	48	4	3	16	85	-1	92	55	1	99	37	18	13	56	28	3	12	34	99	44	65	83	14	94	88	31	63	56	68	31	37	34	47	24	89	67	79	51	61	79	77	34	64	4	61	64	5	71	43	17	87	85	72	
50	3	54	32	88	98	5	67	53	17	69	58	71	48	52	100	14	58	32	100	89	31	62	10	95	95	61	63	9	58	69	52	93	95	99	11	96	36	5	95	93	75	85	51	80	31	90	3	90	24	59	61	92	-1	8	25	67	86	90	47	55	49	51	65	99	22	71	35	19	48	25	25	98	36	43	75	33	21	34	91	8	37	75	33	5	22	46	48	98	8	10	75	97	38	94	95	78	56	18	27	
51	20	33	80	38	27	90	71	40	30	36	90	2	20	90	29	24	39	20	34	91	61	95	36	16	52	5	89	100	33	66	11	93	27	94	87	11	81	19	33	11	88	18	23	24	75	33	3	7	77	87	49	55	8	-1	61	16	21	72	32	83	69	26	63	53	79	50	86	100	80	78	75	22	97	37	40	22	51	96	99	16	39	33	61	99	100	81	8	62	24	62	33	46	84	25	64	27	50	74	48	
74	47	30	4	78	56	38	67	28	64	95	39	98	9	27	12	18	46	77	31	65	83	81	57	10	58	29	39	79	84	58	64	98	11	67	13	6	94	98	23	96	2	61	76	13	41	86	38	100	40	65	5	1	25	61	-1	29	1	76	86	88	40	18	17	15	2	72	93	38	14	61	9	27	17	26	97	39	72	83	60	76	24	24	1	48	83	91	76	43	65	64	19	10	31	77	53	4	42	48	3	
28	63	54	36	31	42	1	48	54	54	27	73	87	62	4	93	19	22	95	63	58	11	76	70	26	36	96	100	42	98	31	34	57	22	86	56	41	65	5	85	27	85	21	60	13	24	76	14	12	40	28	12	99	67	16	29	-1	33	59	85	86	41	30	8	16	6	8	55	6	85	86	28	85	3	54	93	80	54	64	99	70	17	70	4	12	61	84	52	33	37	22	47	59	28	90	21	73	64	57	34	
48	43	5	75	13	85	23	52	5	79	4	49	90	94	13	77	100	70	38	44	23	50	17	79	95	84	58	12	50	1	70	10	70	63	8	41	59	19	32	61	97	8	93	51	42	71	72	44	30	48	8	30	37	86	21	1	33	-1	3	7	61	23	54	78	20	4	17	100	51	80	59	48	5	49	58	12	30	65	46	93	100	22	34	73	49	76	96	89	53	4	51	95	65	42	58	37	80	80	7	71	
93	71	90	57	81	7	69	20	72	86	56	72	83	98	53	96	93	56	72	94	89	18	64	39	38	22	68	91	62	36	71	33	43	58	13	14	38	17	97	76	6	86	25	35	81	46	16	86	31	93	14	44	18	90	72	76	59	3	-1	5	58	21	13	61	34	26	12	82	41	87	86	33	49	81	44	52	64	32	92	10	85	86	4	47	6	6	53	15	10	42	51	66	35	18	64	38	10	89	39	100	
42	37	37	11	44	75	38	54	100	51	95	97	99	25	95	4	54	80	88	50	43	38	1	37	20	45	86	75	82	46	36	43	53	14	95	45	81	30	91	52	80	80	19	34	39	78	53	42	1	100	86	14	13	47	32	86	85	7	5	-1	57	92	39	35	98	45	4	2	27	50	66	88	94	48	99	50	77	90	38	79	16	49	81	7	26	24	26	18	25	87	58	6	6	45	85	72	76	38	6	67	
10	51	22	4	31	64	35	64	74	60	32	48	90	22	49	4	99	13	33	98	25	72	87	57	83	10	77	41	44	54	81	56	31	50	60	19	36	58	75	72	8	79	46	82	53	34	44	100	88	30	60	28	56	55	83	88	86	61	58	57	-1	56	70	38	22	13	12	83	74	5	58	75	42	51	94	92	91	63	36	3	59	63	32	28	18	59	22	64	51	83	12	93	43	23	100	13	24	23	59	38	
84	83	47	48	98	13	74	8	57	77	85	36	18	45	26	45	84	43	47	89	20	15	100	15	96	91	47	35	55	85	61	48	34	97	30	11	98	31	91	71	13	12	34	76	37	88	79	31	12	20	95	61	28	49	69	40	41	23	21	92	56	-1	88	88	10	57	52	100	43	74	42	25	73	30	32	4	71	98	16	3	79	87	57	23	83	98	87	16	32	66	22	9	5	8	15	72	29	87	63	49	
24	91	49	99	3	49	13	28	92	95	72	69	59	40	78	2	29	60	69	53	47	13	24	7	28	29	43	43	8	45	20	4	90	36	59	2	3	53	53	11	78	76	49	48	6	10	7	42	29	34	85	84	3	51	26	18	30	54	13	39	70	88	-1	69	4	84	10	5	59	18	96	90	39	38	44	31	42	85	96	42	81	82	7	14	18	21	13	2	98	43	52	56	70	13	16	11	52	98	29	23	
5	76	30	82	64	15	27	69	3	70	31	98	77	20	41	28	89	76	90	100	88	27	67	17	11	24	35	76	94	85	84	47	19	39	23	86	94	41	45	20	69	59	76	73	36	97	35	17	26	16	62	87	12	65	63	17	8	78	61	35	38	88	69	-1	44	43	51	7	84	54	1	43	58	47	2	14	89	77	80	45	61	67	49	6	64	57	40	51	53	18	79	47	14	59	42	66	78	46	81	79	
20	75	93	20	5	75	18	3	29	49	50	73	93	66	57	91	91	32	31	33	46	26	35	52	47	42	70	2	4	87	68	40	58	86	77	3	49	11	62	9	66	37	93	39	61	99	52	86	83	88	86	26	34	99	53	15	16	20	34	98	22	10	4	44	-1	52	27	10	67	35	59	73	27	26	11	71	78	26	23	28	8	21	63	60	58	29	100	92	23	6	76	26	67	36	8	62	2	20	14	55	
39	95	35	73	56	66	51	47	73	7	85	24	9	99	13	54	33	25	55	70	21	92	36	37	66	83	43	96	22	82	71	80	90	75	18	89	37	53	99	30	90	83	14	95	94	22	37	22	61	60	93	41	99	22	79	2	6	4	26	45	13	57	84	43	52	-1	75	84	22	41	81	25	20	64	53	53	26	25	69	46	72	56	9	90	97	66	56	3	80	39	42	24	91	7	71	92	70	36	26	86	
15	59	16	8	53	56	55	13	78	54	36	60	3	14	34	19	41	49	72	48	92	94	18	23	78	73	74	5	86	97	14	69	54	62	43	51	91	66	72	65	80	43	37	99	99	16	53	61	39	16	24	96	44	71	50	72	8	17	12	4	12	52	10	51	27	75	-1	11	35	43	6	68	59	62	92	58	86	89	98	13	20	23	75	60	13	35	37	31	22	58	26	66	86	52	59	7	1	98	32	14	
85	42	53	56	48	72	48	82	12	3	94	49	58	75	59	16	52	85	15	60	93	40	11	58	43	78	42	40	26	68	47	3	29	36	62	61	78	76	57	95	70	51	80	52	97	64	19	78	33	59	51	26	65	35	86	93	55	100	82	2	83	100	5	7	10	84	11	-1	49	19	44	48	5	52	60	82	82	68	2	84	56	6	92	14	81	77	33	21	31	73	3	17	44	83	37	1	50	89	19	96	
69	88	91	70	2	28	59	70	100	79	61	15	72	88	90	55	48	42	70	38	26	53	22	81	80	50	25	98	65	96	16	14	18	52	36	12	77	92	10	92	4	100	92	74	77	36	51	89	74	77	83	91	83	19	100	38	6	51	41	27	74	43	59	84	67	22	35	49	-1	49	47	76	79	32	21	56	71	21	78	34	72	88	12	95	62	78	81	35	67	7	93	87	41	18	1	68	25	27	84	87	
9	38	72	46	31	97	35	43	4	82	59	30	15	98	11	96	28	31	77	17	79	40	41	14	10	65	30	13	46	23	99	56	68	87	56	46	41	52	12	26	37	2	40	27	15	7	37	8	34	88	45	45	14	48	80	14	85	80	87	50	5	74	18	54	35	41	43	19	49	-1	68	57	8	62	77	53	87	13	8	75	58	65	98	20	90	73	56	48	5	50	48	68	83	49	9	14	50	82	74	96	
16	33	65	15	68	62	9	64	57	7	18	18	40	1	35	9	19	46	60	23	68	2	51	58	15	87	9	1	98	63	4	92	92	76	5	54	81	18	38	68	15	26	15	31	59	26	21	93	55	2	97	29	94	25	78	61	86	59	86	66	58	42	96	1	59	81	6	44	47	68	-1	87	47	18	35	82	80	19	33	55	78	89	84	22	19	72	40	67	29	56	67	51	71	36	20	55	70	73	38	74	
6	24	78	29	52	77	81	27	64	94	88	93	96	32	12	94	22	34	72	10	57	90	38	87	90	15	4	13	69	97	35	69	95	27	68	59	85	95	76	83	17	89	49	100	92	72	33	94	43	46	26	85	88	25	75	9	28	48	33	88	75	25	90	43	73	25	68	48	76	57	87	-1	99	77	69	21	52	47	73	85	9	8	46	85	97	54	16	48	81	36	17	29	33	35	75	85	49	4	13	13	
73	1	33	85	2	100	3	13	78	28	3	10	32	46	57	10	52	30	14	11	57	62	5	47	60	85	73	62	90	86	97	94	64	45	47	38	16	34	19	13	53	22	74	9	53	80	15	33	21	99	28	54	31	98	22	27	85	5	49	94	42	73	39	58	27	20	59	5	79	8	47	99	-1	5	30	25	24	68	88	7	64	93	98	29	4	11	12	54	52	63	56	76	53	59	26	69	46	65	76	12	
93	71	71	79	63	27	63	22	36	86	95	71	54	41	79	71	28	80	40	91	72	98	61	87	18	91	33	12	96	30	67	21	55	77	97	90	97	94	77	39	53	81	42	9	58	56	22	15	99	50	39	8	63	36	97	17	3	49	81	48	51	30	38	47	26	64	62	52	32	62	18	77	5	-1	48	97	11	49	76	79	19	42	18	56	57	16	14	74	63	26	64	39	24	100	90	75	90	30	25	16	
29	84	55	94	11	85	93	42	31	82	64	86	64	16	60	44	3	3	86	18	49	42	12	91	81	16	53	17	80	47	95	99	80	19	50	7	22	50	32	89	38	76	35	5	3	43	94	77	89	14	9	58	56	43	37	26	54	58	44	99	94	32	44	2	11	53	92	60	21	77	35	69	30	48	-1	4	29	75	82	8	50	79	78	17	47	54	31	60	27	42	92	96	58	52	69	75	19	57	40	99	
33	40	20	84	91	68	61	4	36	28	79	78	87	65	26	61	37	57	6	19	45	95	22	29	78	3	69	7	19	30	15	23	63	15	96	96	51	88	70	12	88	91	88	35	26	56	76	52	97	89	77	15	68	75	40	97	93	12	52	50	92	4	31	14	71	53	58	82	56	53	82	21	25	97	4	-1	7	49	37	33	47	19	77	64	14	60	44	5	30	60	85	43	3	73	34	85	11	89	92	75	
84	30	81	45	20	35	64	71	99	9	34	87	31	80	100	1	94	5	33	53	18	91	19	51	79	89	74	100	25	94	46	77	16	17	27	59	34	2	61	45	76	81	64	44	71	78	54	23	57	96	87	33	31	33	22	39	80	30	64	77	91	71	42	89	78	26	86	82	71	87	80	52	24	11	29	7	-1	71	18	92	81	94	79	51	21	85	66	63	35	59	28	54	58	22	97	86	86	18	1	66	
68	97	62	27	4	44	18	32	98	17	70	68	11	85	92	67	49	49	84	56	76	4	83	8	39	5	66	28	20	42	31	13	58	24	53	39	7	57	89	28	27	77	74	36	18	89	9	6	79	20	86	67	37	21	51	72	54	65	32	90	63	98	85	77	26	25	89	68	21	13	19	47	68	49	75	49	71	-1	67	32	46	40	67	62	87	63	64	81	32	99	37	6	98	63	71	53	65	6	30	99	
79	51	83	99	61	86	36	82	72	93	61	58	74	42	51	83	96	85	33	14	81	83	64	26	87	56	7	58	68	83	27	57	27	6	36	55	32	73	59	58	24	45	23	50	96	25	78	86	48	2	81	93	34	34	96	83	64	46	92	38	36	16	96	80	23	69	98	2	78	8	33	73	88	76	82	37	18	67	-1	17	82	68	67	2	85	12	52	23	92	36	100	9	72	61	8	67	6	59	22	5	
57	48	100	45	79	63	28	20	8	42	44	39	29	40	50	90	25	79	75	31	4	92	58	22	77	22	91	60	99	58	73	97	77	98	62	8	53	75	85	70	81	59	9	47	67	80	67	73	26	19	97	15	47	91	99	60	99	93	10	79	3	3	42	45	28	46	13	84	34	75	55	85	7	79	8	33	92	32	17	-1	87	11	39	82	61	19	51	90	61	26	29	16	89	36	80	78	24	25	98	46	
57	11	46	2	37	72	3	59	90	13	30	6	95	43	1	2	100	56	79	3	84	36	6	94	45	25	54	76	37	5	66	51	11	70	19	75	90	84	90	82	83	20	73	98	26	37	81	32	41	12	26	45	24	8	16	76	70	100	85	16	59	79	81	61	8	72	20	56	72	58	78	9	64	19	50	47	81	46	82	87	-1	91	51	86	13	95	32	49	63	76	46	84	98	28	20	77	2	20	36	67	
16	99	49	36	71	78	67	44	63	47	51	6	68	42	3	41	4	81	16	70	10	81	76	40	82	65	6	18	41	81	62	78	67	27	84	12	72	74	61	13	9	40	19	28	58	38	16	82	81	46	67	28	89	37	39	24	17	22	86	49	63	87	82	67	21	56	23	6	88	65	89	8	93	42	79	19	94	40	68	11	91	-1	36	30	9	47	61	60	2	37	46	28	11	26	94	85	78	50	100	12	
67	72	70	83	29	45	37	30	86	8	70	30	29	64	22	19	73	68	27	21	96	44	41	85	92	5	7	74	45	99	95	98	62	70	74	13	16	79	88	75	29	45	92	18	8	31	74	37	37	2	62	33	67	75	33	24	70	34	4	81	32	57	7	49	63	9	75	92	12	98	84	46	98	18	78	77	79	67	67	39	51	36	-1	23	45	45	86	15	38	63	97	19	4	35	37	15	1	89	85	45	
19	30	93	25	17	53	53	33	93	96	59	70	91	70	12	49	60	6	94	33	25	20	87	38	17	40	26	39	33	24	89	35	68	57	52	31	14	72	63	11	32	98	39	17	66	93	85	16	38	83	88	81	79	33	61	1	4	73	47	7	28	23	14	6	60	90	60	14	95	20	22	85	29	56	17	64	51	62	2	82	86	30	23	-1	16	26	71	96	1	50	60	69	66	95	83	44	4	96	72	86	
10	9	76	75	67	96	98	10	99	87	25	31	23	31	42	67	81	52	99	90	9	26	47	93	90	27	46	63	80	18	82	50	88	63	51	31	36	79	8	24	93	18	29	22	47	3	42	68	91	35	64	86	51	5	99	48	12	49	6	26	18	83	18	64	58	97	13	81	62	90	19	97	4	57	47	14	21	87	85	61	13	9	45	16	-1	60	54	7	77	100	100	46	81	69	61	36	50	41	83	79	
3	34	39	56	25	80	49	79	20	79	86	4	92	66	68	48	53	88	61	53	76	48	40	57	54	26	89	81	45	4	7	89	34	23	99	29	83	38	92	98	2	76	85	97	57	68	75	36	81	16	39	96	61	22	100	83	61	76	6	24	59	98	21	57	29	66	35	77	78	73	72	54	11	16	54	60	85	63	12	19	95	47	45	26	60	-1	14	27	17	53	12	14	86	61	72	84	76	88	38	41	
6	10	18	62	64	41	50	91	93	2	3	93	49	96	84	2	27	14	52	30	35	29	88	77	54	65	82	57	70	33	83	64	38	93	11	71	90	89	89	81	83	89	44	27	59	39	82	83	52	7	68	37	79	46	81	91	84	96	53	26	22	87	13	40	100	56	37	33	81	56	40	16	12	14	31	44	66	64	52	51	32	61	86	71	54	14	-1	46	58	57	54	34	100	73	6	65	37	85	18	92	
41	28	78	21	60	95	74	46	51	69	17	76	20	100	48	18	14	89	55	13	7	28	6	85	74	71	44	99	33	98	90	78	80	5	57	41	26	75	61	22	15	7	7	5	34	51	80	49	82	77	73	37	77	48	8	76	52	89	15	18	64	16	2	51	92	3	31	21	35	48	67	48	54	74	60	5	63	81	23	90	49	60	15	96	7	27	46	-1	96	60	87	75	68	66	78	48	31	41	3	2	
84	93	76	36	98	83	100	10	98	73	94	71	48	20	98	76	34	21	39	62	58	34	87	94	74	14	32	8	12	100	99	61	85	5	34	33	3	42	28	37	41	60	84	25	22	47	36	5	64	89	87	23	34	98	62	43	33	53	10	25	51	32	98	53	23	80	22	31	67	5	29	81	52	63	27	30	35	32	92	61	63	2	38	1	77	17	58	96	-1	43	42	11	6	90	10	35	18	99	45	52	
100	22	28	31	46	52	64	72	99	62	83	32	24	57	45	76	86	44	13	10	31	80	80	41	77	35	12	95	13	24	80	11	62	12	2	74	16	34	60	31	57	58	77	65	86	65	34	71	24	52	26	5	64	8	24	65	37	4	42	87	83	66	43	18	6	39	58	73	7	50	56	36	63	26	42	60	59	99	36	26	76	37	63	50	100	53	57	60	43	-1	96	85	6	40	34	100	23	32	16	54	
65	16	42	45	27	29	76	65	30	77	26	2	78	59	48	99	40	83	67	33	27	66	45	53	56	23	87	39	15	96	21	33	31	96	28	14	51	99	96	50	65	88	60	3	14	36	5	41	35	32	16	55	4	10	62	64	22	51	51	58	12	22	52	79	76	42	26	3	93	48	67	17	56	64	92	85	28	37	100	29	46	46	97	60	100	12	54	87	42	96	-1	57	88	41	47	39	24	33	84	64	
91	78	4	62	23	87	25	70	72	91	13	67	95	16	75	37	41	84	39	12	32	34	10	71	97	90	7	86	33	76	90	34	5	96	32	90	43	79	57	11	10	52	97	96	3	19	95	40	39	98	83	94	61	75	33	19	47	95	66	6	93	9	56	47	26	24	66	17	87	68	51	29	76	39	96	43	54	6	9	16	84	28	19	69	46	14	34	75	11	85	57	-1	40	65	25	11	43	21	37	70	
66	49	22	1	27	23	19	33	54	99	90	39	40	30	56	12	71	79	57	21	36	93	99	71	56	62	90	9	49	9	15	5	37	90	98	11	26	50	5	45	64	10	60	78	79	97	63	22	19	46	54	62	64	97	46	10	59	65	35	6	43	5	70	14	67	91	86	44	41	83	71	33	53	24	58	3	58	98	72	89	98	11	4	66	81	86	100	68	6	6	88	40	-1	11	96	62	5	80	26	69	
9	63	88	74	4	68	46	84	94	26	36	42	80	78	59	30	60	21	33	40	30	4	67	45	29	60	66	26	33	90	25	94	43	13	43	90	68	21	35	4	52	79	51	1	1	30	19	76	16	23	97	61	5	38	84	31	28	42	18	45	23	8	13	59	36	7	52	83	18	49	36	35	59	100	52	73	22	63	61	36	28	26	35	95	69	61	73	66	90	40	41	65	11	-1	8	98	66	43	67	23	
92	44	13	77	97	59	3	38	88	72	31	27	96	87	6	36	80	19	99	75	85	15	28	11	95	9	90	56	90	85	46	3	86	56	17	10	44	84	30	80	46	77	56	55	99	69	12	57	23	23	28	69	71	94	25	77	90	58	64	85	100	15	16	42	8	71	59	37	1	9	20	75	26	90	69	34	97	71	8	80	20	94	37	83	61	72	6	78	10	34	47	25	96	8	-1	52	37	18	10	76	
34	21	86	34	5	87	59	51	28	28	37	65	98	48	14	87	40	71	36	11	97	28	36	94	82	88	83	46	64	90	81	54	53	62	74	67	98	69	41	96	36	100	7	19	86	2	90	17	65	68	43	68	43	95	64	53	21	37	38	72	13	72	11	66	62	92	7	1	68	14	55	85	69	75	75	85	86	53	67	78	77	85	15	44	36	84	65	48	35	100	39	11	62	98	52	-1	57	40	25	57	
65	31	46	54	73	38	33	15	29	91	68	17	33	94	69	1	46	23	5	63	5	5	75	24	64	28	23	6	16	30	9	12	96	22	86	36	97	37	10	30	60	93	28	29	55	93	27	70	94	75	16	24	17	78	27	4	73	80	10	76	24	29	52	78	2	70	1	50	25	50	70	49	46	90	19	11	86	65	6	24	2	78	1	4	50	76	37	31	18	23	24	43	5	66	37	57	-1	17	27	17	
53	75	42	44	29	61	17	92	23	13	14	38	85	61	10	100	11	5	80	95	97	2	98	88	9	69	40	99	6	83	34	27	37	20	73	8	10	20	90	5	95	79	81	79	96	21	5	64	75	4	69	45	87	56	50	42	64	80	89	38	23	87	98	46	20	36	98	89	27	82	73	4	65	30	57	89	18	6	59	25	20	50	89	96	41	88	85	41	99	32	33	21	80	43	18	40	17	-1	65	67	
71	75	90	87	60	88	48	69	72	58	92	16	36	19	57	80	15	96	7	49	54	42	28	71	11	78	11	41	7	8	82	69	96	70	5	51	85	44	98	98	62	5	44	60	66	46	32	25	94	86	47	72	85	18	74	48	57	7	39	6	59	63	29	81	14	26	32	19	84	74	38	13	76	25	40	92	1	30	22	98	36	100	85	72	83	38	18	3	45	16	84	37	26	67	10	25	27	65	-1	21	
77	22	70	100	77	38	96	80	1	2	79	7	68	78	48	91	63	36	72	65	53	37	13	54	92	74	14	78	80	36	30	83	14	37	26	90	15	69	81	11	81	97	58	13	8	82	42	45	33	19	92	84	72	27	48	3	34	71	100	67	38	49	23	79	55	86	14	96	87	96	74	13	12	16	99	75	66	99	5	46	67	12	45	86	79	41	92	2	52	54	64	70	69	23	76	57	17	67	21	-1	
