100
-1	75	61	38	94	9	19	56	5	27	42	85	3	64	10	47	2	4	25	98	46	66	30	41	62	69	39	26	37	6	8	6	62	33	2	21	12	18	80	97	58	86	33	92	80	34	70	99	51	17	63	44	74	89	5	20	36	48	5	94	95	96	23	82	65	80	23	9	90	8	91	72	51	75	59	3	86	20	30	96	54	72	98	76	60	53	54	86	42	82	49	1	63	89	57	11	75	5	5	11	
75	-1	84	33	16	14	20	52	48	57	66	51	66	74	28	75	62	18	26	24	21	6	72	91	68	44	32	70	12	84	14	34	36	30	44	27	75	58	46	68	99	15	22	69	5	8	36	36	58	49	88	76	65	20	59	95	30	83	54	76	6	29	84	56	36	27	20	12	4	49	52	42	82	65	24	35	92	51	14	94	27	41	24	35	36	45	18	46	3	65	10	57	48	51	29	59	65	49	20	51	
61	84	-1	94	74	6	60	99	50	64	58	31	58	82	85	82	23	72	44	100	37	73	61	26	95	75	79	98	30	40	67	14	73	78	96	22	90	89	69	27	2	32	92	38	98	37	49	65	15	99	59	78	23	61	22	13	4	53	56	68	17	85	65	53	95	60	74	88	33	28	21	10	83	46	47	89	75	86	53	92	93	70	52	78	8	61	78	6	77	41	86	58	4	76	71	12	38	25	71	72	
38	33	94	-1	74	91	64	27	38	18	10	76	68	46	35	85	55	4	10	60	4	2	78	90	94	66	15	87	61	6	39	96	46	94	46	82	30	94	42	100	42	86	16	10	65	48	63	66	64	89	7	3	94	18	1	49	86	16	41	28	26	10	51	81	93	50	79	69	88	98	71	79	56	88	55	92	27	68	67	92	98	69	27	40	70	27	90	38	82	72	71	41	79	68	57	42	100	1	30	14	
94	16	74	74	-1	77	38	27	21	71	87	94	6	90	90	80	59	29	53	72	28	33	88	59	19	61	44	33	70	13	40	72	93	58	87	75	45	100	31	54	22	29	72	85	60	61	15	34	67	23	44	59	1	55	6	83	50	100	75	71	47	20	31	8	52	37	9	75	78	34	39	97	77	98	66	60	9	25	18	25	84	97	39	56	87	83	32	5	64	26	94	73	23	39	21	80	36	37	94	100	
9	14	6	91	77	-1	17	31	32	94	52	72	13	35	67	37	88	50	45	66	96	43	100	6	26	99	29	28	99	47	72	46	36	66	5	83	30	75	13	82	30	22	85	100	89	74	64	62	19	35	27	27	69	53	70	19	61	40	49	85	77	17	16	94	50	77	14	87	70	41	48	51	91	54	13	88	67	93	85	40	61	42	74	43	6	96	50	91	19	32	31	66	48	51	68	39	10	21	29	20	
19	20	60	64	38	17	-1	93	48	44	79	25	60	80	4	78	84	2	14	66	29	34	28	17	38	12	65	67	15	88	31	57	6	23	49	45	10	48	43	71	70	54	14	48	46	66	32	15	96	70	4	100	22	23	54	8	21	80	58	42	57	33	95	79	16	35	63	25	48	72	75	9	57	77	7	90	15	82	87	100	19	35	4	77	43	28	22	11	7	66	94	30	63	80	35	83	98	38	93	4	
56	52	99	27	27	31	93	-1	44	41	61	2	79	35	55	25	34	18	37	15	98	27	47	84	50	7	52	52	71	33	40	62	99	85	46	31	57	57	28	78	36	63	64	74	83	2	26	41	41	60	43	72	90	95	44	26	30	18	87	21	68	35	33	10	2	6	53	49	3	36	64	50	29	81	77	46	4	39	63	64	99	33	57	9	69	11	5	78	39	26	100	69	76	6	52	31	69	65	67	93	
5	48	50	38	21	32	48	44	-1	6	71	36	40	92	12	48	33	56	94	14	40	76	64	18	96	25	63	90	32	61	94	14	41	50	71	86	52	98	95	93	73	44	78	52	12	95	73	80	43	38	99	72	20	36	19	59	93	97	26	28	25	48	28	50	76	26	73	94	85	22	60	91	35	15	92	30	39	40	17	38	49	26	10	33	5	43	64	35	90	72	65	55	35	52	66	79	10	28	78	45	
27	57	64	18	71	94	44	41	6	-1	83	38	64	12	50	30	70	28	8	93	3	41	13	84	98	4	1	25	5	63	41	52	28	50	56	89	17	2	40	88	100	15	45	73	11	65	83	17	88	10	83	20	90	66	97	88	25	62	67	78	80	42	57	24	19	97	56	7	25	7	20	94	76	19	47	86	76	81	61	52	74	81	73	20	9	48	25	98	1	94	64	30	33	37	47	56	58	90	18	22	
42	66	58	10	87	52	79	61	71	83	-1	74	73	8	14	30	13	78	75	72	53	40	27	12	88	64	56	93	44	44	91	26	61	6	6	78	32	14	28	53	26	66	15	80	5	48	28	2	31	5	63	48	24	5	50	33	85	23	58	46	37	66	89	54	31	80	64	98	2	54	76	67	48	72	28	66	30	15	5	24	6	72	42	85	3	30	45	95	29	91	21	72	100	31	65	24	11	22	61	44	
85	51	31	76	94	72	25	2	36	38	74	-1	48	27	80	81	70	53	74	21	33	81	55	75	21	67	100	74	81	25	16	72	58	58	73	83	65	8	76	27	49	9	22	9	25	22	36	95	44	100	98	41	57	42	80	92	26	27	29	6	47	58	87	57	12	23	6	90	83	56	24	8	71	96	1	49	50	18	57	65	67	21	74	58	99	95	86	63	81	63	49	72	9	24	26	65	43	31	80	43	
3	66	58	68	6	13	60	79	40	64	73	48	-1	67	35	99	99	70	87	20	60	26	27	5	99	11	97	12	36	19	91	39	64	87	32	48	5	34	47	54	98	69	68	51	92	52	30	35	52	21	95	98	41	50	54	89	88	15	91	51	14	96	14	13	23	52	69	10	5	47	11	37	42	25	73	11	94	99	20	82	70	97	75	86	61	73	30	70	81	100	43	30	66	34	8	70	19	23	54	23	
64	74	82	46	90	35	80	35	92	12	8	27	67	-1	8	95	33	60	70	13	87	81	40	55	81	43	47	21	31	70	93	8	52	54	79	21	70	55	66	31	46	49	53	57	11	36	53	51	20	56	42	46	68	15	92	97	82	97	57	83	43	33	75	87	74	35	31	79	66	97	63	36	96	5	50	49	45	31	86	78	76	7	6	7	19	66	48	89	22	78	33	83	4	59	87	1	14	83	16	46	
10	28	85	35	90	67	4	55	12	50	14	80	35	8	-1	10	92	5	96	16	16	11	4	3	58	17	29	98	43	94	24	52	23	41	18	25	33	91	31	49	60	43	35	83	88	89	1	83	40	11	77	68	33	67	65	9	63	95	48	45	11	25	99	92	100	43	65	79	90	66	4	63	84	93	24	58	53	65	64	83	45	38	67	99	28	65	17	36	28	8	2	73	39	4	70	74	51	62	65	1	
47	75	82	85	80	37	78	25	48	30	30	81	99	95	10	-1	29	52	60	1	43	59	69	38	97	41	64	85	71	11	19	58	53	68	19	99	63	43	51	30	70	59	85	46	23	73	79	34	10	23	27	71	17	31	22	19	58	5	37	77	18	92	69	51	76	65	5	90	46	26	45	61	34	2	69	1	63	58	26	83	41	76	9	21	14	33	26	62	19	93	90	56	19	77	48	49	50	96	12	50	
2	62	23	55	59	88	84	34	33	70	13	70	99	33	92	29	-1	56	19	21	5	70	29	13	41	89	99	79	14	51	59	48	12	47	67	85	50	80	32	40	65	100	72	76	81	73	85	90	26	64	19	14	27	70	27	27	17	44	17	37	89	10	43	63	15	54	27	24	99	57	68	10	57	58	79	99	41	94	79	59	46	16	94	74	90	74	34	48	86	40	100	57	64	43	82	12	82	12	55	27	
4	18	72	4	29	50	2	18	56	28	78	53	70	60	5	52	56	-1	17	14	63	65	98	90	40	83	80	10	76	15	18	83	83	13	50	38	40	98	54	89	75	55	58	23	86	60	74	26	85	33	9	64	2	77	34	86	65	20	14	35	62	24	59	37	60	4	91	35	58	1	72	67	40	98	47	36	48	46	98	66	62	7	6	37	25	57	85	8	2	95	88	30	42	1	64	18	67	3	94	15	
25	26	44	10	53	45	14	37	94	8	75	74	87	70	96	60	19	17	-1	83	57	33	50	89	15	7	20	20	19	38	74	65	4	68	78	19	25	17	46	1	79	5	76	40	60	42	62	21	61	66	15	69	4	44	10	95	93	7	93	34	30	59	49	8	37	84	79	98	75	44	58	85	37	97	64	35	25	7	6	70	87	7	56	50	25	53	23	62	41	9	57	77	76	32	62	45	74	37	85	56	
98	24	100	60	72	66	66	15	14	93	72	21	20	13	16	1	21	14	83	-1	72	54	67	73	93	93	1	57	62	62	84	34	44	18	68	52	38	56	26	98	90	40	94	27	24	77	15	29	10	4	18	46	27	81	93	94	54	48	49	92	76	76	29	5	89	54	37	16	40	62	25	14	1	17	6	42	19	59	39	52	93	91	56	36	54	39	91	44	61	46	47	9	82	71	10	74	1	3	25	73	
46	21	37	4	28	96	29	98	40	3	53	33	60	87	16	43	5	63	57	72	-1	66	54	21	60	54	90	72	35	9	53	2	42	69	100	85	18	41	83	47	23	37	31	83	32	97	46	89	70	49	14	82	74	24	96	87	50	52	34	24	10	17	79	100	31	99	58	79	31	53	86	48	66	67	12	97	73	84	41	32	93	29	94	2	86	100	29	53	41	60	54	74	50	75	1	97	50	10	90	57	
66	6	73	2	33	43	34	27	76	41	40	81	26	81	11	59	70	65	33	54	66	-1	40	26	22	42	47	27	56	9	59	77	45	69	47	24	51	99	98	84	72	57	57	97	49	50	65	25	96	57	40	11	47	23	62	71	90	81	40	80	60	87	44	52	89	94	68	10	14	100	23	40	57	29	89	40	11	96	13	40	19	8	5	9	9	96	62	40	87	14	90	82	79	19	94	90	17	69	99	52	
30	72	61	78	88	100	28	47	64	13	27	55	27	40	4	69	29	98	50	67	54	40	-1	46	81	50	73	25	35	70	24	28	72	39	43	3	42	57	30	85	10	99	27	99	87	12	46	69	69	66	51	85	88	85	42	35	2	34	30	95	6	1	6	53	54	11	28	90	20	76	26	9	48	48	29	81	81	60	12	42	89	4	62	58	42	42	92	29	35	5	65	35	70	48	38	29	99	49	27	70	
41	91	26	90	59	6	17	84	18	84	12	75	5	55	3	38	13	90	89	73	21	26	46	-1	100	77	75	48	10	68	89	41	41	52	3	7	12	67	96	16	23	86	40	77	72	89	71	53	23	19	55	29	45	88	85	79	39	14	6	91	77	8	85	60	13	50	40	35	48	9	32	45	55	41	49	50	85	56	14	6	93	92	57	19	49	57	14	91	62	9	13	96	11	4	73	97	38	44	99	90	
62	68	95	94	19	26	38	50	96	98	88	21	99	81	58	97	41	40	15	93	60	22	81	100	-1	98	28	55	15	58	94	69	49	62	71	6	57	72	78	65	65	16	1	73	32	55	55	44	74	25	76	82	92	29	67	10	33	39	13	25	5	24	75	45	37	40	45	95	87	52	24	23	55	32	49	23	70	40	47	35	37	47	64	48	30	25	18	100	51	65	40	9	3	69	46	44	38	37	80	35	
69	44	75	66	61	99	12	7	25	4	64	67	11	43	17	41	89	83	7	93	54	42	50	77	98	-1	83	25	83	66	7	99	88	3	83	4	51	49	58	90	63	82	70	65	3	47	60	22	36	15	14	49	76	54	72	90	98	93	45	79	79	87	3	36	57	90	97	98	1	38	68	76	18	33	52	59	60	24	73	33	83	24	17	48	100	61	84	48	37	71	53	6	35	38	50	74	43	71	80	8	
39	32	79	15	44	29	65	52	63	1	56	100	97	47	29	64	99	80	20	1	90	47	73	75	28	83	-1	70	47	95	82	34	60	61	10	66	26	25	6	15	92	37	83	60	34	85	77	90	82	64	59	81	90	53	31	59	3	46	17	98	44	96	33	24	28	60	54	69	38	20	32	85	82	8	4	62	4	75	27	40	77	13	56	79	75	75	6	37	54	21	73	65	52	54	100	99	8	89	63	49	
26	70	98	87	33	28	67	52	90	25	93	74	12	21	98	85	79	10	20	57	72	27	25	48	55	25	70	-1	71	19	85	1	31	80	93	56	57	23	60	50	16	12	86	98	82	8	11	93	31	8	24	51	88	49	38	86	17	32	37	61	58	44	84	23	50	45	96	56	69	51	90	7	1	86	66	10	91	73	42	63	15	88	18	71	23	86	53	60	39	90	12	59	58	82	69	98	24	73	95	46	
37	12	30	61	70	99	15	71	32	5	44	81	36	31	43	71	14	76	19	62	35	56	35	10	15	83	47	71	-1	77	50	80	84	70	38	79	87	37	20	79	70	61	87	35	82	54	36	96	90	69	34	20	69	52	10	24	59	77	82	100	52	73	33	6	42	39	16	8	41	49	60	14	91	66	11	51	40	36	59	71	60	76	53	93	88	80	70	85	27	76	96	57	96	72	14	28	54	29	77	35	
6	84	40	6	13	47	88	33	61	63	44	25	19	70	94	11	51	15	38	62	9	9	70	68	58	66	95	19	77	-1	83	10	62	91	90	97	76	78	5	46	16	94	10	35	77	95	12	37	33	36	40	62	53	9	76	79	28	54	91	71	60	7	66	61	28	34	83	99	9	25	41	20	25	33	31	63	16	58	76	44	95	78	22	46	71	64	86	61	12	44	35	35	13	4	74	70	85	20	38	23	
8	14	67	39	40	72	31	40	94	41	91	16	91	93	24	19	59	18	74	84	53	59	24	89	94	7	82	85	50	83	-1	14	34	79	17	1	36	69	83	58	43	54	44	81	89	23	53	45	97	31	3	93	70	92	30	28	1	99	92	57	3	10	62	43	79	25	86	85	67	86	60	34	44	84	42	78	38	5	42	80	82	46	53	59	88	52	74	78	48	65	39	61	88	77	80	57	66	49	34	15	
6	34	14	96	72	46	57	62	14	52	26	72	39	8	52	58	48	83	65	34	2	77	28	41	69	99	34	1	80	10	14	-1	74	3	98	56	23	79	93	3	2	21	50	95	58	9	10	30	2	28	27	78	84	3	84	76	32	97	16	63	1	28	26	90	53	88	76	44	70	19	82	62	11	12	52	82	29	26	2	51	100	15	21	57	85	42	55	42	69	55	51	13	54	73	49	2	48	68	46	66	
62	36	73	46	93	36	6	99	41	28	61	58	64	52	23	53	12	83	4	44	42	45	72	41	49	88	60	31	84	62	34	74	-1	79	87	49	97	75	31	1	85	100	14	47	97	51	99	94	54	60	23	3	64	53	50	72	68	95	2	84	76	20	85	38	67	41	5	25	71	56	93	21	89	73	89	50	36	73	50	29	17	15	11	37	1	51	72	8	71	26	97	66	91	43	69	81	3	75	95	62	
33	30	78	94	58	66	23	85	50	50	6	58	87	54	41	68	47	13	68	18	69	69	39	52	62	3	61	80	70	91	79	3	79	-1	13	28	28	75	89	49	39	78	65	31	58	12	78	87	53	93	13	14	95	27	6	17	15	56	59	79	5	54	8	39	18	9	46	50	22	4	94	64	51	52	11	46	100	3	42	16	92	94	89	40	45	4	37	99	48	38	21	98	29	3	96	52	70	34	18	62	
2	44	96	46	87	5	49	46	71	56	6	73	32	79	18	19	67	50	78	68	100	47	43	3	71	83	10	93	38	90	17	98	87	13	-1	77	19	90	15	87	19	58	12	71	76	28	39	75	52	40	12	3	55	73	4	88	51	44	26	97	84	90	70	83	65	78	88	50	41	7	36	41	49	23	79	90	68	32	90	55	8	10	94	4	73	69	100	35	64	88	65	52	62	59	41	60	48	29	96	52	
21	27	22	82	75	83	45	31	86	89	78	83	48	21	25	99	85	38	19	52	85	24	3	7	6	4	66	56	79	97	1	56	49	28	77	-1	65	25	57	82	2	81	42	24	34	63	71	84	90	35	30	35	22	22	47	88	64	14	5	23	4	50	85	75	62	7	10	13	24	58	72	42	63	36	13	30	27	72	84	54	53	84	16	67	5	7	9	84	32	69	49	27	60	87	50	2	37	8	98	83	
12	75	90	30	45	30	10	57	52	17	32	65	5	70	33	63	50	40	25	38	18	51	42	12	57	51	26	57	87	76	36	23	97	28	19	65	-1	30	44	15	96	8	89	19	85	82	23	59	24	6	48	96	62	71	48	14	99	72	69	49	97	43	74	88	18	61	25	12	99	62	90	9	18	68	67	38	46	37	93	63	28	16	16	62	98	3	41	91	9	11	55	37	92	16	60	43	75	84	9	20	
18	58	89	94	100	75	48	57	98	2	14	8	34	55	91	43	80	98	17	56	41	99	57	67	72	49	25	23	37	78	69	79	75	75	90	25	30	-1	49	44	53	49	86	68	22	61	68	36	69	59	28	44	70	58	7	30	99	62	26	1	29	33	51	8	36	64	88	71	41	70	77	10	32	29	17	87	74	96	81	68	15	77	29	70	25	41	11	52	77	56	33	19	90	33	69	30	6	29	15	89	
80	46	69	42	31	13	43	28	95	40	28	76	47	66	31	51	32	54	46	26	83	98	30	96	78	58	6	60	20	5	83	93	31	89	15	57	44	49	-1	95	62	43	93	3	4	59	30	68	67	11	25	75	12	71	1	50	49	81	12	75	30	51	97	95	53	27	60	55	84	10	51	77	45	98	76	59	66	36	93	43	46	28	10	38	24	29	33	15	39	8	90	6	70	36	26	34	57	29	86	74	
97	68	27	100	54	82	71	78	93	88	53	27	54	31	49	30	40	89	1	98	47	84	85	16	65	90	15	50	79	46	58	3	1	49	87	82	15	44	95	-1	71	70	36	51	13	11	9	31	3	3	27	68	22	29	64	67	73	17	56	15	16	37	43	25	70	12	19	86	89	27	5	3	100	91	42	43	12	2	84	99	71	57	8	69	97	61	2	11	19	49	79	6	30	68	3	68	80	11	83	63	
58	99	2	42	22	30	70	36	73	100	26	49	98	46	60	70	65	75	79	90	23	72	10	23	65	63	92	16	70	16	43	2	85	39	19	2	96	53	62	71	-1	46	29	21	59	45	41	93	7	4	47	38	87	22	59	37	40	56	58	81	89	18	78	5	9	55	53	6	80	22	61	11	2	70	62	41	37	48	23	2	95	67	6	11	64	44	10	6	1	4	74	33	69	95	92	59	3	37	27	94	
86	15	32	86	29	22	54	63	44	15	66	9	69	49	43	59	100	55	5	40	37	57	99	86	16	82	37	12	61	94	54	21	100	78	58	81	8	49	43	70	46	-1	52	47	33	59	38	54	39	50	41	80	78	9	49	24	62	82	9	22	49	62	63	87	83	93	63	36	51	60	96	14	16	90	20	74	32	2	63	7	97	7	92	80	82	41	75	50	80	43	14	38	79	10	34	75	42	73	28	98	
33	22	92	16	72	85	14	64	78	45	15	22	68	53	35	85	72	58	76	94	31	57	27	40	1	70	83	86	87	10	44	50	14	65	12	42	89	86	93	36	29	52	-1	14	14	24	33	98	52	65	85	98	40	34	19	49	77	17	86	15	51	40	3	85	56	16	9	11	82	86	82	2	27	67	2	47	85	52	58	2	44	46	31	11	35	2	96	42	31	56	1	93	50	41	90	46	59	94	52	26	
92	69	38	10	85	100	48	74	52	73	80	9	51	57	83	46	76	23	40	27	83	97	99	77	73	65	60	98	35	35	81	95	47	31	71	24	19	68	3	51	21	47	14	-1	61	15	38	94	80	56	30	84	62	7	5	80	43	31	92	50	96	11	61	31	18	97	93	68	3	33	31	26	60	76	45	4	27	18	21	69	99	24	4	30	25	42	2	35	29	36	48	33	2	38	17	63	90	69	62	95	
80	5	98	65	60	89	46	83	12	11	5	25	92	11	88	23	81	86	60	24	32	49	87	72	32	3	34	82	82	77	89	58	97	58	76	34	85	22	4	13	59	33	14	61	-1	69	100	98	72	12	99	2	33	81	79	97	68	57	38	70	56	77	40	61	89	57	90	79	14	79	14	50	71	42	47	76	35	65	90	75	15	74	10	69	33	47	48	41	52	5	78	50	44	11	9	42	20	56	60	29	
34	8	37	48	61	74	66	2	95	65	48	22	52	36	89	73	73	60	42	77	97	50	12	89	55	47	85	8	54	95	23	9	51	12	28	63	82	61	59	11	45	59	24	15	69	-1	50	83	39	63	75	75	84	100	16	27	44	98	44	79	37	92	63	76	35	13	94	29	73	87	36	78	57	89	25	29	31	11	69	23	1	8	11	32	79	64	2	54	29	51	63	67	53	78	20	73	47	57	65	25	
70	36	49	63	15	64	32	26	73	83	28	36	30	53	1	79	85	74	62	15	46	65	46	71	55	60	77	11	36	12	53	10	99	78	39	71	23	68	30	9	41	38	33	38	100	50	-1	22	96	86	87	17	26	84	53	29	31	99	71	89	49	38	30	40	33	96	31	46	35	32	17	5	71	100	69	17	61	80	98	77	59	44	70	48	61	68	80	28	66	39	82	82	70	2	92	55	35	68	69	18	
99	36	65	66	34	62	15	41	80	17	2	95	35	51	83	34	90	26	21	29	89	25	69	53	44	22	90	93	96	37	45	30	94	87	75	84	59	36	68	31	93	54	98	94	98	83	22	-1	64	30	86	89	10	39	53	72	33	78	92	63	19	34	50	75	19	99	33	44	57	62	8	25	35	1	47	57	99	60	37	65	3	23	1	46	5	41	68	4	29	84	22	18	20	82	7	48	2	51	45	71	
51	58	15	64	67	19	96	41	43	88	31	44	52	20	40	10	26	85	61	10	70	96	69	23	74	36	82	31	90	33	97	2	54	53	52	90	24	69	67	3	7	39	52	80	72	39	96	64	-1	42	4	91	53	24	52	71	89	51	49	62	3	65	29	31	90	59	45	51	61	21	42	17	61	6	18	79	13	68	21	23	51	95	77	24	30	33	27	71	7	17	51	57	41	44	53	20	87	81	65	62	
17	49	99	89	23	35	70	60	38	10	5	100	21	56	11	23	64	33	66	4	49	57	66	19	25	15	64	8	69	36	31	28	60	93	40	35	6	59	11	3	4	50	65	56	12	63	86	30	42	-1	60	62	84	72	49	85	8	27	46	51	25	79	36	86	25	34	52	75	49	3	44	56	14	98	18	54	87	51	41	69	47	16	72	54	25	64	56	65	18	38	45	37	95	35	84	85	96	31	40	8	
63	88	59	7	44	27	4	43	99	83	63	98	95	42	77	27	19	9	15	18	14	40	51	55	76	14	59	24	34	40	3	27	23	13	12	30	48	28	25	27	47	41	85	30	99	75	87	86	4	60	-1	96	93	79	55	25	48	66	85	74	16	7	64	40	90	65	82	70	5	33	18	89	85	76	28	18	85	41	27	9	83	9	41	98	74	100	8	9	95	13	83	48	12	45	30	64	47	40	47	44	
44	76	78	3	59	27	100	72	72	20	48	41	98	46	68	71	14	64	69	46	82	11	85	29	82	49	81	51	20	62	93	78	3	14	3	35	96	44	75	68	38	80	98	84	2	75	17	89	91	62	96	-1	82	76	53	28	71	63	74	40	97	90	79	53	51	71	35	72	89	75	2	59	53	48	39	91	79	31	71	10	76	20	31	21	23	90	4	81	18	60	74	51	48	64	11	52	55	67	96	54	
74	65	23	94	1	69	22	90	20	90	24	57	41	68	33	17	27	2	4	27	74	47	88	45	92	76	90	88	69	53	70	84	64	95	55	22	62	70	12	22	87	78	40	62	33	84	26	10	53	84	93	82	-1	19	85	57	36	87	55	57	8	96	54	20	71	56	57	68	65	66	62	76	94	74	81	44	32	22	2	18	34	66	28	46	68	87	85	24	43	28	44	28	23	16	41	39	76	92	68	68	
89	20	61	18	55	53	23	95	36	66	5	42	50	15	67	31	70	77	44	81	24	23	85	88	29	54	53	49	52	9	92	3	53	27	73	22	71	58	71	29	22	9	34	7	81	100	84	39	24	72	79	76	19	-1	94	84	52	6	20	13	1	12	51	42	92	68	30	85	50	92	89	55	80	25	47	58	57	90	80	3	36	62	91	44	28	65	42	64	5	60	79	96	93	26	95	4	67	57	42	67	
5	59	22	1	6	70	54	44	19	97	50	80	54	92	65	22	27	34	10	93	96	62	42	85	67	72	31	38	10	76	30	84	50	6	4	47	48	7	1	64	59	49	19	5	79	16	53	53	52	49	55	53	85	94	-1	26	85	14	27	81	44	19	17	61	98	6	88	60	83	84	63	9	2	67	59	72	40	63	9	20	14	70	82	33	13	4	61	39	31	92	17	48	95	4	38	21	20	55	47	12	
20	95	13	49	83	19	8	26	59	88	33	92	89	97	9	19	27	86	95	94	87	71	35	79	10	90	59	86	24	79	28	76	72	17	88	88	14	30	50	67	37	24	49	80	97	27	29	72	71	85	25	28	57	84	26	-1	100	29	58	76	39	75	72	49	45	64	96	78	20	70	21	16	64	93	34	1	81	24	38	49	95	46	45	59	77	61	97	68	72	1	28	55	88	30	5	81	38	45	93	87	
36	30	4	86	50	61	21	30	93	25	85	26	88	82	63	58	17	65	93	54	50	90	2	39	33	98	3	17	59	28	1	32	68	15	51	64	99	99	49	73	40	62	77	43	68	44	31	33	89	8	48	71	36	52	85	100	-1	36	40	8	12	7	85	83	56	3	33	21	1	92	61	81	62	99	81	62	17	26	43	62	37	73	14	38	19	85	7	90	64	38	80	69	100	32	91	92	5	81	94	63	
48	83	53	16	100	40	80	18	97	62	23	27	15	97	95	5	44	20	7	48	52	81	34	14	39	93	46	32	77	54	99	97	95	56	44	14	72	62	81	17	56	82	17	31	57	98	99	78	51	27	66	63	87	6	14	29	36	-1	95	98	33	86	11	71	23	5	58	88	4	75	71	2	62	92	31	81	86	70	88	82	42	72	100	64	65	4	79	11	2	71	36	94	49	86	80	93	50	31	3	49	
5	54	56	41	75	49	58	87	26	67	58	29	91	57	48	37	17	14	93	49	34	40	30	6	13	45	17	37	82	91	92	16	2	59	26	5	69	26	12	56	58	9	86	92	38	44	71	92	49	46	85	74	55	20	27	58	40	95	-1	4	72	3	99	61	27	58	22	90	39	31	45	65	58	48	96	89	20	39	77	38	27	6	90	2	67	8	78	12	51	8	33	94	80	72	36	20	10	54	36	27	
94	76	68	28	71	85	42	21	28	78	46	6	51	83	45	77	37	35	34	92	24	80	95	91	25	79	98	61	100	71	57	63	84	79	97	23	49	1	75	15	81	22	15	50	70	79	89	63	62	51	74	40	57	13	81	76	8	98	4	-1	94	94	45	42	11	21	82	88	27	4	75	70	83	99	96	52	69	91	56	75	86	74	96	68	52	47	33	67	18	22	47	8	22	40	56	18	18	10	12	54	
95	6	17	26	47	77	57	68	25	80	37	47	14	43	11	18	89	62	30	76	10	60	6	77	5	79	44	58	52	60	3	1	76	5	84	4	97	29	30	16	89	49	51	96	56	37	49	19	3	25	16	97	8	1	44	39	12	33	72	94	-1	10	22	86	54	72	87	22	63	61	58	73	64	59	80	58	52	64	54	30	82	98	3	83	18	67	25	96	22	12	15	72	83	4	69	100	94	94	20	42	
96	29	85	10	20	17	33	35	48	42	66	58	96	33	25	92	10	24	59	76	17	87	1	8	24	87	96	44	73	7	10	28	20	54	90	50	43	33	51	37	18	62	40	11	77	92	38	34	65	79	7	90	96	12	19	75	7	86	3	94	10	-1	71	98	28	55	51	7	83	7	43	83	87	44	32	75	55	100	41	35	70	35	9	60	17	84	38	6	54	98	53	92	92	30	75	61	17	48	31	38	
23	84	65	51	31	16	95	33	28	57	89	87	14	75	99	69	43	59	49	29	79	44	6	85	75	3	33	84	33	66	62	26	85	8	70	85	74	51	97	43	78	63	3	61	40	63	30	50	29	36	64	79	54	51	17	72	85	11	99	45	22	71	-1	50	63	9	2	66	9	70	45	77	22	33	48	86	23	50	11	39	99	25	3	72	5	44	19	78	60	21	90	6	42	22	31	97	11	18	32	33	
82	56	53	81	8	94	79	10	50	24	54	57	13	87	92	51	63	37	8	5	100	52	53	60	45	36	24	23	6	61	43	90	38	39	83	75	88	8	95	25	5	87	85	31	61	76	40	75	31	86	40	53	20	42	61	49	83	71	61	42	86	98	50	-1	78	41	11	49	37	18	58	49	62	32	80	85	100	78	5	19	63	68	98	27	35	47	44	30	15	54	43	12	65	46	14	2	16	99	53	60	
65	36	95	93	52	50	16	2	76	19	31	12	23	74	100	76	15	60	37	89	31	89	54	13	37	57	28	50	42	28	79	53	67	18	65	62	18	36	53	70	9	83	56	18	89	35	33	19	90	25	90	51	71	92	98	45	56	23	27	11	54	28	63	78	-1	2	92	38	96	67	4	28	99	73	74	77	20	62	42	94	70	95	2	44	25	54	16	37	36	46	32	11	73	37	60	57	13	67	18	88	
80	27	60	50	37	77	35	6	26	97	80	23	52	35	43	65	54	4	84	54	99	94	11	50	40	90	60	45	39	34	25	88	41	9	78	7	61	64	27	12	55	93	16	97	57	13	96	99	59	34	65	71	56	68	6	64	3	5	58	21	72	55	9	41	2	-1	90	2	94	55	10	1	25	13	22	8	9	14	79	40	1	65	51	99	48	50	12	67	25	76	12	7	58	48	52	86	97	27	91	15	
23	20	74	79	9	14	63	53	73	56	64	6	69	31	65	5	27	91	79	37	58	68	28	40	45	97	54	96	16	83	86	76	5	46	88	10	25	88	60	19	53	63	9	93	90	94	31	33	45	52	82	35	57	30	88	96	33	58	22	82	87	51	2	11	92	90	-1	86	100	53	28	42	29	73	23	60	3	75	74	98	44	1	74	78	93	36	74	41	53	45	5	43	61	38	45	1	35	19	70	84	
9	12	88	69	75	87	25	49	94	7	98	90	10	79	79	90	24	35	98	16	79	10	90	35	95	98	69	56	8	99	85	44	25	50	50	13	12	71	55	86	6	36	11	68	79	29	46	44	51	75	70	72	68	85	60	78	21	88	90	88	22	7	66	49	38	2	86	-1	80	77	38	79	28	46	78	42	17	20	97	47	69	90	79	85	83	77	17	32	77	60	59	57	1	6	26	38	49	59	43	43	
90	4	33	88	78	70	48	3	85	25	2	83	5	66	90	46	99	58	75	40	31	14	20	48	87	1	38	69	41	9	67	70	71	22	41	24	99	41	84	89	80	51	82	3	14	73	35	57	61	49	5	89	65	50	83	20	1	4	39	27	63	83	9	37	96	94	100	80	-1	14	41	43	22	43	8	60	20	15	56	41	41	91	67	70	2	80	50	70	85	73	39	12	90	51	68	11	83	97	18	62	
8	49	28	98	34	41	72	36	22	7	54	56	47	97	66	26	57	1	44	62	53	100	76	9	52	38	20	51	49	25	86	19	56	4	7	58	62	70	10	27	22	60	86	33	79	87	32	62	21	3	33	75	66	92	84	70	92	75	31	4	61	7	70	18	67	55	53	77	14	-1	76	67	49	19	28	94	91	3	46	34	71	74	76	46	71	47	50	15	83	83	94	24	92	26	54	33	85	50	18	63	
91	52	21	71	39	48	75	64	60	20	76	24	11	63	4	45	68	72	58	25	86	23	26	32	24	68	32	90	60	41	60	82	93	94	36	72	90	77	51	5	61	96	82	31	14	36	17	8	42	44	18	2	62	89	63	21	61	71	45	75	58	43	45	58	4	10	28	38	41	76	-1	37	3	43	6	85	79	25	56	51	26	60	81	60	92	16	99	6	62	35	97	13	95	53	34	26	76	83	43	28	
72	42	10	79	97	51	9	50	91	94	67	8	37	36	63	61	10	67	85	14	48	40	9	45	23	76	85	7	14	20	34	62	21	64	41	42	9	10	77	3	11	14	2	26	50	78	5	25	17	56	89	59	76	55	9	16	81	2	65	70	73	83	77	49	28	1	42	79	43	67	37	-1	58	25	54	47	26	28	44	42	65	40	1	77	61	85	73	35	60	97	38	68	79	81	5	58	50	95	5	74	
51	82	83	56	77	91	57	29	35	76	48	71	42	96	84	34	57	40	37	1	66	57	48	55	55	18	82	1	91	25	44	11	89	51	49	63	18	32	45	100	2	16	27	60	71	57	71	35	61	14	85	53	94	80	2	64	62	62	58	83	64	87	22	62	99	25	29	28	22	49	3	58	-1	54	28	50	9	11	57	70	12	3	67	96	59	18	43	86	80	92	3	1	16	4	90	6	50	51	2	28	
75	65	46	88	98	54	77	81	15	19	72	96	25	5	93	2	58	98	97	17	67	29	48	41	32	33	8	86	66	33	84	12	73	52	23	36	68	29	98	91	70	90	67	76	42	89	100	1	6	98	76	48	74	25	67	93	99	92	48	99	59	44	33	32	73	13	73	46	43	19	43	25	54	-1	45	56	52	87	62	64	60	34	25	57	6	100	52	27	47	55	52	79	100	63	5	15	8	94	36	21	
59	24	47	55	66	13	7	77	92	47	28	1	73	50	24	69	79	47	64	6	12	89	29	49	49	52	4	66	11	31	42	52	89	11	79	13	67	17	76	42	62	20	2	45	47	25	69	47	18	18	28	39	81	47	59	34	81	31	96	96	80	32	48	80	74	22	23	78	8	28	6	54	28	45	-1	68	4	39	4	96	93	47	85	64	60	17	98	36	42	11	72	27	92	20	100	46	21	86	22	20	
3	35	89	92	60	88	90	46	30	86	66	49	11	49	58	1	99	36	35	42	97	40	81	50	23	59	62	10	51	63	78	82	50	46	90	30	38	87	59	43	41	74	47	4	76	29	17	57	79	54	18	91	44	58	72	1	62	81	89	52	58	75	86	85	77	8	60	42	60	94	85	47	50	56	68	-1	3	55	78	85	60	70	72	43	60	15	55	17	37	82	77	38	61	88	25	36	3	19	32	54	
86	92	75	27	9	67	15	4	39	76	30	50	94	45	53	63	41	48	25	19	73	11	81	85	70	60	4	91	40	16	38	29	36	100	68	27	46	74	66	12	37	32	85	27	35	31	61	99	13	87	85	79	32	57	40	81	17	86	20	69	52	55	23	100	20	9	3	17	20	91	79	26	9	52	4	3	-1	49	27	11	90	65	32	85	11	39	94	78	74	42	10	47	31	20	91	97	67	3	45	72	
20	51	86	68	25	93	82	39	40	81	15	18	99	31	65	58	94	46	7	59	84	96	60	56	40	24	75	73	36	58	5	26	73	3	32	72	37	96	36	2	48	2	52	18	65	11	80	60	68	51	41	31	22	90	63	24	26	70	39	91	64	100	50	78	62	14	75	20	15	3	25	28	11	87	39	55	49	-1	52	82	21	67	56	80	41	81	49	100	81	65	96	68	74	38	85	58	82	57	30	60	
30	14	53	67	18	85	87	63	17	61	5	57	20	86	64	26	79	98	6	39	41	13	12	14	47	73	27	42	59	76	42	2	50	42	90	84	93	81	93	84	23	63	58	21	90	69	98	37	21	41	27	71	2	80	9	38	43	88	77	56	54	41	11	5	42	79	74	97	56	46	56	44	57	62	4	78	27	52	-1	53	72	80	27	2	77	6	8	9	70	84	6	23	25	79	14	86	91	49	64	19	
96	94	92	92	25	40	100	64	38	52	24	65	82	78	83	83	59	66	70	52	32	40	42	6	35	33	40	63	71	44	80	51	29	16	55	54	63	68	43	99	2	7	2	69	75	23	77	65	23	69	9	10	18	3	20	49	62	82	38	75	30	35	39	19	94	40	98	47	41	34	51	42	70	64	96	85	11	82	53	-1	13	31	49	9	19	57	73	44	76	99	7	46	6	9	43	16	86	12	76	60	
54	27	93	98	84	61	19	99	49	74	6	67	70	76	45	41	46	62	87	93	93	19	89	93	37	83	77	15	60	95	82	100	17	92	8	53	28	15	46	71	95	97	44	99	15	1	59	3	51	47	83	76	34	36	14	95	37	42	27	86	82	70	99	63	70	1	44	69	41	71	26	65	12	60	93	60	90	21	72	13	-1	43	19	74	98	52	10	85	1	70	94	82	68	54	17	73	12	63	13	88	
72	41	70	69	97	42	35	33	26	81	72	21	97	7	38	76	16	7	7	91	29	8	4	92	47	24	13	88	76	78	46	15	15	94	10	84	16	77	28	57	67	7	46	24	74	8	44	23	95	16	9	20	66	62	70	46	73	72	6	74	98	35	25	68	95	65	1	90	91	74	60	40	3	34	47	70	65	67	80	31	43	-1	59	12	11	51	77	100	80	25	26	34	15	6	96	27	44	17	43	14	
98	24	52	27	39	74	4	57	10	73	42	74	75	6	67	9	94	6	56	56	94	5	62	57	64	17	56	18	53	22	53	21	11	89	94	16	16	29	10	8	6	92	31	4	10	11	70	1	77	72	41	31	28	91	82	45	14	100	90	96	3	9	3	98	2	51	74	79	67	76	81	1	67	25	85	72	32	56	27	49	19	59	-1	74	48	50	90	56	89	88	42	28	71	67	69	75	94	7	23	47	
76	35	78	40	56	43	77	9	33	20	85	58	86	7	99	21	74	37	50	36	2	9	58	19	48	48	79	71	93	46	59	57	37	40	4	67	62	70	38	69	11	80	11	30	69	32	48	46	24	54	98	21	46	44	33	59	38	64	2	68	83	60	72	27	44	99	78	85	70	46	60	77	96	57	64	43	85	80	2	9	74	12	74	-1	68	15	48	47	16	55	80	1	71	57	86	49	60	81	61	45	
60	36	8	70	87	6	43	69	5	9	3	99	61	19	28	14	90	25	25	54	86	9	42	49	30	100	75	23	88	71	88	85	1	45	73	5	98	25	24	97	64	82	35	25	33	79	61	5	30	25	74	23	68	28	13	77	19	65	67	52	18	17	5	35	25	48	93	83	2	71	92	61	59	6	60	60	11	41	77	19	98	11	48	68	-1	31	6	56	14	42	31	8	58	88	7	75	32	43	93	83	
53	45	61	27	83	96	28	11	43	48	30	95	73	66	65	33	74	57	53	39	100	96	42	57	25	61	75	86	80	64	52	42	51	4	69	7	3	41	29	61	44	41	2	42	47	64	68	41	33	64	100	90	87	65	4	61	85	4	8	47	67	84	44	47	54	50	36	77	80	47	16	85	18	100	17	15	39	81	6	57	52	51	50	15	31	-1	79	36	70	69	43	53	19	95	72	14	62	89	60	46	
54	18	78	90	32	50	22	5	64	25	45	86	30	48	17	26	34	85	23	91	29	62	92	14	18	84	6	53	70	86	74	55	72	37	100	9	41	11	33	2	10	75	96	2	48	2	80	68	27	56	8	4	85	42	61	97	7	79	78	33	25	38	19	44	16	12	74	17	50	50	99	73	43	52	98	55	94	49	8	73	10	77	90	48	6	79	-1	100	91	87	36	88	70	49	89	46	100	21	8	71	
86	46	6	38	5	91	11	78	35	98	95	63	70	89	36	62	48	8	62	44	53	40	29	91	100	48	37	60	85	61	78	42	8	99	35	84	91	52	15	11	6	50	42	35	41	54	28	4	71	65	9	81	24	64	39	68	90	11	12	67	96	6	78	30	37	67	41	32	70	15	6	35	86	27	36	17	78	100	9	44	85	100	56	47	56	36	100	-1	76	47	45	52	14	31	82	37	47	67	63	99	
42	3	77	82	64	19	7	39	90	1	29	81	81	22	28	19	86	2	41	61	41	87	35	62	51	37	54	39	27	12	48	69	71	48	64	32	9	77	39	19	1	80	31	29	52	29	66	29	7	18	95	18	43	5	31	72	64	2	51	18	22	54	60	15	36	25	53	77	85	83	62	60	80	47	42	37	74	81	70	76	1	80	89	16	14	70	91	76	-1	5	53	92	43	66	74	12	49	86	18	72	
82	65	41	72	26	32	66	26	72	94	91	63	100	78	8	93	40	95	9	46	60	14	5	9	65	71	21	90	76	44	65	55	26	38	88	69	11	56	8	49	4	43	56	36	5	51	39	84	17	38	13	60	28	60	92	1	38	71	8	22	12	98	21	54	46	76	45	60	73	83	35	97	92	55	11	82	42	65	84	99	70	25	88	55	42	69	87	47	5	-1	25	69	14	69	77	13	49	54	15	40	
49	10	86	71	94	31	94	100	65	64	21	49	43	33	2	90	100	88	57	47	54	90	65	13	40	53	73	12	96	35	39	51	97	21	65	49	55	33	90	79	74	14	1	48	78	63	82	22	51	45	83	74	44	79	17	28	80	36	33	47	15	53	90	43	32	12	5	59	39	94	97	38	3	52	72	77	10	96	6	7	94	26	42	80	31	43	36	45	53	25	-1	18	61	44	90	10	32	81	2	21	
1	57	58	41	73	66	30	69	55	30	72	72	30	83	73	56	57	30	77	9	74	82	35	96	9	6	65	59	57	35	61	13	66	98	52	27	37	19	6	6	33	38	93	33	50	67	82	18	57	37	48	51	28	96	48	55	69	94	94	8	72	92	6	12	11	7	43	57	12	24	13	68	1	79	27	38	47	68	23	46	82	34	28	1	8	53	88	52	92	69	18	-1	63	65	13	87	64	76	83	55	
63	48	4	79	23	48	63	76	35	33	100	9	66	4	39	19	64	42	76	82	50	79	70	11	3	35	52	58	96	13	88	54	91	29	62	60	92	90	70	30	69	79	50	2	44	53	70	20	41	95	12	48	23	93	95	88	100	49	80	22	83	92	42	65	73	58	61	1	90	92	95	79	16	100	92	61	31	74	25	6	68	15	71	71	58	19	70	14	43	14	61	63	-1	22	3	40	72	90	91	54	
89	51	76	68	39	51	80	6	52	37	31	24	34	59	4	77	43	1	32	71	75	19	48	4	69	38	54	82	72	4	77	73	43	3	59	87	16	33	36	68	95	10	41	38	11	78	2	82	44	35	45	64	16	26	4	30	32	86	72	40	4	30	22	46	37	48	38	6	51	26	53	81	4	63	20	88	20	38	79	9	54	6	67	57	88	95	49	31	66	69	44	65	22	-1	95	42	58	97	100	23	
57	29	71	57	21	68	35	52	66	47	65	26	8	87	70	48	82	64	62	10	1	94	38	73	46	50	100	69	14	74	80	49	69	96	41	50	60	69	26	3	92	34	90	17	9	20	92	7	53	84	30	11	41	95	38	5	91	80	36	56	69	75	31	14	60	52	45	26	68	54	34	5	90	5	100	25	91	85	14	43	17	96	69	86	7	72	89	82	74	77	90	13	3	95	-1	35	27	79	86	62	
11	59	12	42	80	39	83	31	79	56	24	65	70	1	74	49	12	18	45	74	97	90	29	97	44	74	99	98	28	70	57	2	81	52	60	2	43	30	34	68	59	75	46	63	42	73	55	48	20	85	64	52	39	4	21	81	92	93	20	18	100	61	97	2	57	86	1	38	11	33	26	58	6	15	46	36	97	58	86	16	73	27	75	49	75	14	46	37	12	13	10	87	40	42	35	-1	62	13	58	52	
75	65	38	100	36	10	98	69	10	58	11	43	19	14	51	50	82	67	74	1	50	17	99	38	38	43	8	24	54	85	66	48	3	70	48	37	75	6	57	80	3	42	59	90	20	47	35	2	87	96	47	55	76	67	20	38	5	50	10	18	94	17	11	16	13	97	35	49	83	85	76	50	50	8	21	3	67	82	91	86	12	44	94	60	32	62	100	47	49	49	32	64	72	58	27	62	-1	86	11	60	
5	49	25	1	37	21	38	65	28	90	22	31	23	83	62	96	12	3	37	3	10	69	49	44	37	71	89	73	29	20	49	68	75	34	29	8	84	29	29	11	37	73	94	69	56	57	68	51	81	31	40	67	92	57	55	45	81	31	54	10	94	48	18	99	67	27	19	59	97	50	83	95	51	94	86	19	3	57	49	12	63	17	7	81	43	89	21	67	86	54	81	76	90	97	79	13	86	-1	88	7	
5	20	71	30	94	29	93	67	78	18	61	80	54	16	65	12	55	94	85	25	90	99	27	99	80	80	63	95	77	38	34	46	95	18	96	98	9	15	86	83	27	28	52	62	60	65	69	45	65	40	47	96	68	42	47	93	94	3	36	12	20	31	32	53	18	91	70	43	18	18	43	5	2	36	22	32	45	30	64	76	13	43	23	61	93	60	8	63	18	15	2	83	91	100	86	58	11	88	-1	72	
11	51	72	14	100	20	4	93	45	22	44	43	23	46	1	50	27	15	56	73	57	52	70	90	35	8	49	46	35	23	15	66	62	62	52	83	20	89	74	63	94	98	26	95	29	25	18	71	62	8	44	54	68	67	12	87	63	49	27	54	42	38	33	60	88	15	84	43	62	63	28	74	28	21	20	54	72	60	19	60	88	14	47	45	83	46	71	99	72	40	21	55	54	23	62	52	60	7	72	-1	
