100
-1	38	2	81	69	72	19	31	90	86	96	99	94	60	3	3	75	68	35	52	43	83	48	31	11	57	9	72	56	90	52	63	40	50	90	26	31	78	80	19	54	54	6	42	47	61	5	78	54	40	11	68	80	75	86	7	46	6	13	30	8	87	28	47	78	35	93	14	95	94	22	21	37	10	33	73	16	63	98	57	10	57	95	13	2	22	22	14	99	67	6	56	20	84	39	96	50	22	19	79	
38	-1	9	100	29	11	50	5	69	4	60	18	12	98	91	27	26	65	2	39	93	88	87	55	28	86	7	54	87	87	90	62	5	43	9	54	63	56	43	56	71	64	21	17	61	92	52	83	68	50	91	86	53	66	58	79	15	5	43	44	26	58	71	32	46	5	46	14	34	91	66	63	54	27	97	97	32	26	82	45	50	78	67	28	65	14	100	70	64	79	82	7	84	82	100	31	34	16	66	16	
2	9	-1	26	54	76	21	62	19	37	29	30	26	41	24	27	8	80	37	37	33	69	49	2	26	69	75	100	63	23	84	89	42	27	69	69	76	29	79	36	46	45	66	98	43	93	57	83	12	35	24	90	60	24	31	13	8	31	47	94	6	22	7	60	98	10	25	73	57	89	12	75	66	45	27	92	97	70	3	30	46	56	46	19	21	30	85	14	43	22	100	26	77	46	35	54	80	14	71	57	
81	100	26	-1	93	84	20	75	49	12	77	85	40	8	15	41	81	87	95	68	18	83	39	80	58	8	17	41	82	51	32	44	68	29	7	54	84	49	93	93	17	76	20	87	56	46	64	19	39	55	6	58	77	55	76	15	32	47	23	90	83	93	20	61	58	94	39	38	90	21	41	79	73	51	67	24	29	93	51	25	24	13	55	20	64	50	72	51	59	13	49	69	50	68	72	65	26	32	44	100	
69	29	54	93	-1	7	76	4	84	69	42	35	68	7	61	32	18	18	98	23	98	37	43	29	85	50	35	100	22	46	3	27	44	64	60	77	69	63	54	43	45	5	68	83	98	38	98	18	50	90	64	70	49	58	79	32	36	29	28	24	70	34	99	7	51	84	42	96	59	83	39	10	68	65	39	80	6	3	24	14	1	88	19	23	36	86	74	32	89	72	62	4	77	12	60	28	93	6	97	69	
72	11	76	84	7	-1	57	25	42	12	48	49	17	29	32	12	58	15	48	80	61	55	39	9	12	99	55	35	23	5	53	75	58	63	47	7	67	73	63	46	21	17	46	69	84	47	57	47	25	70	94	47	72	77	46	55	81	93	74	90	88	90	52	51	5	44	11	73	6	56	58	39	30	51	80	25	6	22	8	46	53	90	35	83	21	10	26	76	36	35	14	26	49	72	9	64	76	22	15	78	
19	50	21	20	76	57	-1	95	73	29	22	94	23	69	93	3	49	57	23	74	8	68	70	28	13	58	96	43	1	4	45	22	30	33	74	88	78	51	4	66	21	12	85	8	76	18	69	53	64	89	16	20	80	80	98	69	51	31	67	28	58	35	68	6	89	46	5	61	79	1	57	71	71	20	15	74	4	37	66	46	76	63	35	62	53	51	49	72	36	48	77	92	31	60	28	23	12	19	82	51	
31	5	62	75	4	25	95	-1	86	15	87	45	36	44	27	90	59	57	38	32	5	87	19	73	31	62	46	84	79	89	42	6	99	25	11	79	36	93	59	14	14	1	96	82	99	52	43	97	86	38	99	9	7	78	3	30	80	16	96	75	37	78	15	76	3	72	14	35	9	94	89	45	72	93	63	56	53	24	78	35	53	37	35	98	80	66	29	46	81	81	57	63	73	52	10	12	6	5	54	2	
90	69	19	49	84	42	73	86	-1	46	89	29	10	56	25	56	68	66	89	48	16	15	5	88	38	31	58	64	4	81	54	4	89	24	26	77	59	93	54	94	82	8	58	29	43	89	20	55	34	77	46	1	88	57	86	13	23	74	71	44	23	77	90	21	12	33	24	30	1	76	13	13	93	30	94	7	13	84	35	20	89	67	80	17	66	50	89	45	31	61	39	69	58	64	73	48	50	53	51	15	
86	4	37	12	69	12	29	15	46	-1	58	22	37	9	41	17	64	81	64	76	85	99	59	59	82	76	39	91	80	74	27	22	33	7	2	88	83	5	65	44	22	10	82	91	7	57	52	52	16	1	3	94	78	52	18	82	56	22	31	35	26	67	99	22	9	54	83	89	29	24	78	69	65	61	100	64	2	85	39	56	43	13	12	21	54	87	31	71	86	99	2	59	48	76	51	39	32	79	1	97	
96	60	29	77	42	48	22	87	89	58	-1	14	25	29	69	17	11	42	49	58	1	97	61	47	99	41	66	14	64	46	71	1	84	16	31	100	65	42	57	9	8	56	97	66	8	10	91	28	68	38	10	11	29	16	66	47	6	75	60	85	91	99	65	36	83	36	78	97	86	50	64	29	38	87	36	46	54	1	92	61	39	20	33	22	77	98	52	64	10	6	28	55	57	45	46	43	74	35	49	80	
99	18	30	85	35	49	94	45	29	22	14	-1	35	5	59	90	30	67	47	73	93	33	63	53	34	98	97	14	65	100	34	8	91	25	50	45	100	61	46	19	59	86	19	87	92	60	46	38	78	8	57	64	7	91	77	90	56	75	72	72	1	2	5	58	57	62	29	66	10	7	36	67	48	62	17	16	21	51	70	93	76	58	48	93	22	15	41	99	45	30	51	75	69	100	64	11	84	47	94	90	
94	12	26	40	68	17	23	36	10	37	25	35	-1	21	99	65	75	7	10	98	63	99	37	19	89	78	1	92	66	20	61	8	89	38	44	17	63	74	45	52	5	80	85	28	22	87	73	52	4	42	13	43	47	20	96	84	4	46	88	22	83	23	77	2	10	69	33	42	72	66	43	48	91	17	48	12	57	74	81	94	61	56	54	20	84	93	22	34	62	99	13	26	2	77	90	18	28	75	17	96	
60	98	41	8	7	29	69	44	56	9	29	5	21	-1	67	79	80	73	30	36	8	41	19	36	66	90	34	48	22	56	18	11	100	44	61	61	98	15	81	5	21	33	83	88	19	96	71	63	69	23	96	7	12	8	97	36	53	85	52	52	9	3	58	12	34	95	51	52	76	26	71	14	38	22	94	77	1	93	40	16	5	65	8	99	41	29	70	22	26	95	58	35	43	34	3	22	12	42	19	23	
3	91	24	15	61	32	93	27	25	41	69	59	99	67	-1	46	50	49	62	1	42	25	72	89	53	87	84	38	44	62	17	80	39	82	58	49	75	36	93	56	81	81	44	45	82	38	96	10	40	90	52	18	20	20	71	52	4	87	33	38	75	99	59	14	71	69	24	78	94	54	58	79	35	16	65	63	55	50	86	6	36	94	4	53	89	32	36	22	99	80	6	95	51	38	95	2	8	32	16	84	
3	27	27	41	32	12	3	90	56	17	17	90	65	79	46	-1	19	21	58	17	9	93	23	12	68	18	46	79	37	57	22	57	93	28	97	74	14	98	31	83	67	11	24	39	63	30	42	28	99	24	89	78	7	28	69	97	42	7	54	5	31	4	90	31	47	16	81	50	44	34	52	31	64	59	9	20	3	52	30	90	17	64	44	6	56	91	39	5	68	3	59	68	99	22	45	99	7	84	15	60	
75	26	8	81	18	58	49	59	68	64	11	30	75	80	50	19	-1	50	79	92	54	54	69	48	78	85	13	56	2	38	15	49	81	40	88	81	46	79	97	9	84	45	24	33	69	38	1	25	53	11	14	29	22	24	41	72	85	60	93	8	84	26	35	97	50	4	82	95	14	82	25	49	76	28	84	87	72	12	79	2	81	64	18	51	21	35	15	9	45	33	96	63	39	24	92	45	34	80	34	61	
68	65	80	87	18	15	57	57	66	81	42	67	7	73	49	21	50	-1	91	26	72	57	1	1	76	24	90	41	36	70	32	5	31	64	92	86	84	51	2	36	59	39	29	80	28	47	57	59	94	11	43	99	97	43	19	39	28	70	89	7	10	49	93	85	53	89	99	54	43	26	35	20	77	77	64	83	69	29	43	54	80	89	26	60	72	49	30	75	2	39	94	41	12	31	29	48	17	30	22	54	
35	2	37	95	98	48	23	38	89	64	49	47	10	30	62	58	79	91	-1	73	94	26	34	38	62	9	33	83	41	56	4	36	92	14	49	14	85	66	1	84	93	45	9	66	32	36	96	10	39	92	11	29	43	93	9	99	97	15	97	80	73	60	6	65	62	33	39	50	89	98	28	26	74	69	84	41	76	14	50	52	53	67	52	43	65	93	74	35	65	88	88	54	76	90	44	35	25	33	18	88	
52	39	37	68	23	80	74	32	48	76	58	73	98	36	1	17	92	26	73	-1	3	32	29	70	8	16	81	16	12	67	92	24	86	17	50	27	48	81	44	90	36	18	58	72	33	51	29	38	55	76	41	13	98	78	31	22	37	52	56	16	90	67	30	1	40	3	17	74	81	23	28	100	57	50	66	83	30	19	30	67	46	87	9	52	10	17	22	18	84	98	7	11	27	57	60	19	61	72	4	51	
43	93	33	18	98	61	8	5	16	85	1	93	63	8	42	9	54	72	94	3	-1	50	81	90	30	60	48	12	10	82	38	2	69	100	1	26	45	75	28	80	16	89	94	35	83	40	18	33	11	15	58	72	70	41	56	85	40	24	28	69	25	69	87	30	24	43	48	71	48	97	69	35	10	40	68	87	56	39	30	93	68	81	79	20	56	4	52	26	48	47	94	21	77	71	20	85	40	42	38	100	
83	88	69	83	37	55	68	87	15	99	97	33	99	41	25	93	54	57	26	32	50	-1	54	76	26	79	15	73	99	45	68	42	49	9	78	54	9	89	80	25	45	48	72	40	1	19	56	36	23	64	18	52	72	6	74	44	25	29	80	76	89	1	1	91	27	41	26	12	70	94	86	18	42	80	55	64	63	28	68	8	85	86	22	75	34	25	61	1	28	25	43	17	56	24	83	32	23	36	19	82	
48	87	49	39	43	39	70	19	5	59	61	63	37	19	72	23	69	1	34	29	81	54	-1	79	56	71	33	93	5	69	61	38	51	97	32	34	32	42	62	64	32	45	79	99	26	42	12	5	18	84	8	34	3	65	72	63	7	34	49	80	32	47	24	10	97	2	14	66	70	32	13	85	44	36	7	8	89	41	29	64	98	22	27	56	69	28	6	44	14	27	14	56	92	16	25	85	86	23	99	48	
31	55	2	80	29	9	28	73	88	59	47	53	19	36	89	12	48	1	38	70	90	76	79	-1	91	39	76	79	85	22	79	25	89	31	17	44	53	56	65	93	91	73	92	92	22	74	4	77	78	69	25	82	73	76	60	49	11	72	83	40	18	2	24	60	31	100	38	11	42	95	93	13	81	55	18	32	82	48	30	70	34	52	58	76	58	22	35	9	72	33	82	89	47	52	71	87	38	96	73	83	
11	28	26	58	85	12	13	31	38	82	99	34	89	66	53	68	78	76	62	8	30	26	56	91	-1	2	54	21	59	74	59	57	8	19	64	38	97	31	47	13	64	83	4	34	4	71	24	34	94	53	60	78	22	59	96	19	33	45	97	17	41	62	63	59	52	100	19	36	56	98	62	95	26	57	70	55	46	63	5	49	14	88	62	35	51	69	3	18	53	86	96	19	73	62	41	97	79	30	16	62	
57	86	69	8	50	99	58	62	31	76	41	98	78	90	87	18	85	24	9	16	60	79	71	39	2	-1	84	54	31	55	98	71	85	40	82	94	95	56	95	11	35	1	57	34	17	100	18	81	72	64	4	18	65	88	63	24	7	57	85	8	84	28	67	18	88	56	66	32	78	32	63	91	3	63	99	71	67	4	62	99	52	84	90	57	30	30	90	35	52	29	3	60	13	64	75	1	67	2	52	6	
9	7	75	17	35	55	96	46	58	39	66	97	1	34	84	46	13	90	33	81	48	15	33	76	54	84	-1	98	99	71	67	64	47	70	94	7	90	67	76	81	83	18	72	60	76	73	59	60	47	45	33	4	62	16	62	50	80	65	100	96	67	55	24	100	36	66	7	88	97	6	27	41	94	49	7	43	91	39	31	50	81	97	75	39	70	35	17	82	89	33	53	2	90	71	81	2	18	87	1	55	
72	54	100	41	100	35	43	84	64	91	14	14	92	48	38	79	56	41	83	16	12	73	93	79	21	54	98	-1	83	35	37	34	79	80	65	27	86	42	60	82	68	73	27	93	19	36	92	14	61	19	66	51	42	62	39	3	45	68	61	50	51	98	2	100	72	41	6	21	92	48	97	33	9	30	17	71	55	70	48	47	92	25	94	96	10	58	98	86	69	83	95	4	89	90	21	93	67	36	51	65	
56	87	63	82	22	23	1	79	4	80	64	65	66	22	44	37	2	36	41	12	10	99	5	85	59	31	99	83	-1	23	47	67	54	70	55	96	4	73	11	59	20	78	89	18	55	62	73	37	7	70	6	34	18	33	96	38	79	94	71	40	89	70	49	65	45	85	14	45	20	49	85	5	57	47	16	73	43	17	44	41	70	100	82	34	79	35	53	2	1	48	20	72	87	45	47	100	79	85	65	95	
90	87	23	51	46	5	4	89	81	74	46	100	20	56	62	57	38	70	56	67	82	45	69	22	74	55	71	35	23	-1	7	12	73	38	22	28	50	24	1	45	26	69	24	72	94	76	7	95	15	69	16	20	97	72	82	40	92	16	11	34	78	39	50	68	39	17	96	11	6	19	32	61	61	22	60	32	60	96	50	98	26	70	55	72	80	51	91	95	18	100	5	27	55	93	24	10	70	10	30	21	
52	90	84	32	3	53	45	42	54	27	71	34	61	18	17	22	15	32	4	92	38	68	61	79	59	98	67	37	47	7	-1	66	69	32	97	43	71	50	61	34	53	85	6	48	78	62	27	22	82	57	34	79	44	5	62	68	96	37	42	72	26	60	19	48	75	93	1	22	65	43	68	42	36	47	36	95	68	30	41	78	60	56	97	52	54	100	30	95	44	58	21	3	49	99	91	77	24	72	38	64	
63	62	89	44	27	75	22	6	4	22	1	8	8	11	80	57	49	5	36	24	2	42	38	25	57	71	64	34	67	12	66	-1	92	34	31	10	85	100	85	72	29	21	38	6	70	20	36	29	99	21	27	47	94	46	17	8	98	34	95	45	33	16	18	89	15	91	60	3	99	73	95	99	52	86	38	64	56	14	91	58	34	49	9	7	22	93	20	19	6	69	49	80	73	2	70	75	34	3	29	20	
40	5	42	68	44	58	30	99	89	33	84	91	89	100	39	93	81	31	92	86	69	49	51	89	8	85	47	79	54	73	69	92	-1	34	53	32	84	38	46	29	85	17	61	47	74	45	35	69	60	63	20	60	20	76	49	43	13	73	32	38	44	62	93	12	99	7	88	35	55	63	3	31	1	46	13	70	63	64	83	61	94	78	70	27	50	85	97	60	82	85	44	15	82	83	37	48	14	54	59	99	
50	43	27	29	64	63	33	25	24	7	16	25	38	44	82	28	40	64	14	17	100	9	97	31	19	40	70	80	70	38	32	34	34	-1	27	74	4	29	84	22	83	14	99	60	37	10	36	51	87	84	67	20	17	51	57	88	62	43	51	20	52	9	74	38	1	98	2	92	41	5	5	86	82	41	43	81	22	36	12	53	8	83	13	74	90	2	79	46	44	12	8	38	33	98	27	44	50	23	98	16	
90	9	69	7	60	47	74	11	26	2	31	50	44	61	58	97	88	92	49	50	1	78	32	17	64	82	94	65	55	22	97	31	53	27	-1	83	76	42	65	78	37	6	10	5	60	88	16	28	19	21	79	7	92	28	20	72	61	88	45	56	53	53	15	66	78	56	47	77	59	73	48	36	96	22	8	98	32	97	65	75	10	7	42	4	5	47	58	94	45	89	20	37	9	7	20	42	87	71	64	83	
26	54	69	54	77	7	88	79	77	88	100	45	17	61	49	74	81	86	14	27	26	54	34	44	38	94	7	27	96	28	43	10	32	74	83	-1	32	15	79	83	100	45	74	62	6	11	76	69	15	6	43	97	53	26	100	48	2	53	47	9	66	11	82	29	18	57	84	6	77	20	57	39	44	13	49	96	64	70	20	27	14	12	8	79	16	15	40	4	19	49	59	79	56	55	50	4	27	44	67	93	
31	63	76	84	69	67	78	36	59	83	65	100	63	98	75	14	46	84	85	48	45	9	32	53	97	95	90	86	4	50	71	85	84	4	76	32	-1	4	75	43	21	4	84	48	84	24	86	90	24	67	99	94	21	6	39	69	25	64	93	88	68	16	4	96	78	46	89	12	4	27	42	52	72	40	39	28	83	33	2	5	1	51	96	76	40	100	58	29	68	88	93	77	39	4	54	83	83	27	28	59	
78	56	29	49	63	73	51	93	93	5	42	61	74	15	36	98	79	51	66	81	75	89	42	56	31	56	67	42	73	24	50	100	38	29	42	15	4	-1	80	21	47	57	64	95	73	49	64	70	39	6	89	24	87	28	94	72	67	56	20	25	5	75	36	21	8	100	19	70	89	22	68	94	23	89	65	27	76	82	75	17	81	25	16	27	40	66	25	99	36	75	61	22	8	74	11	28	4	22	79	91	
80	43	79	93	54	63	4	59	54	65	57	46	45	81	93	31	97	2	1	44	28	80	62	65	47	95	76	60	11	1	61	85	46	84	65	79	75	80	-1	84	54	64	22	70	69	68	44	82	71	77	85	84	53	38	16	78	19	49	90	31	70	35	48	67	68	33	87	16	18	14	19	12	86	72	77	92	8	32	32	84	2	40	50	76	34	76	64	42	83	92	15	93	48	11	77	34	100	45	23	89	
19	56	36	93	43	46	66	14	94	44	9	19	52	5	56	83	9	36	84	90	80	25	64	93	13	11	81	82	59	45	34	72	29	22	78	83	43	21	84	-1	47	40	36	90	52	13	67	32	43	6	96	94	96	15	24	52	41	5	25	97	65	96	80	98	74	88	42	45	12	67	97	3	58	2	36	58	96	14	28	31	66	36	92	40	24	95	15	9	70	1	69	20	78	81	23	90	68	27	55	60	
54	71	46	17	45	21	21	14	82	22	8	59	5	21	81	67	84	59	93	36	16	45	32	91	64	35	83	68	20	26	53	29	85	83	37	100	21	47	54	47	-1	57	100	68	73	27	35	97	40	3	16	32	6	28	32	20	41	56	86	63	20	4	65	14	82	9	73	82	20	76	82	41	18	30	23	23	25	49	7	13	16	61	70	47	39	2	94	1	3	72	7	77	18	20	28	30	38	55	14	24	
54	64	45	76	5	17	12	1	8	10	56	86	80	33	81	11	45	39	45	18	89	48	45	73	83	1	18	73	78	69	85	21	17	14	6	45	4	57	64	40	57	-1	38	69	35	42	88	64	92	88	77	44	11	27	13	37	72	9	50	55	52	33	12	93	50	59	82	86	14	32	27	15	23	16	66	5	66	20	50	66	39	50	58	62	70	94	52	4	98	18	29	40	100	34	81	83	92	50	23	57	
6	21	66	20	68	46	85	96	58	82	97	19	85	83	44	24	24	29	9	58	94	72	79	92	4	57	72	27	89	24	6	38	61	99	10	74	84	64	22	36	100	38	-1	12	87	78	34	33	28	29	37	13	45	76	21	81	29	64	100	68	92	38	73	69	75	2	4	58	66	38	9	16	50	88	81	32	9	71	28	15	23	54	4	10	75	54	48	73	81	27	89	50	40	24	65	80	10	98	52	4	
42	17	98	87	83	69	8	82	29	91	66	87	28	88	45	39	33	80	66	72	35	40	99	92	34	34	60	93	18	72	48	6	47	60	5	62	48	95	70	90	68	69	12	-1	47	66	48	86	32	62	31	21	29	74	52	93	33	75	7	53	48	95	12	16	54	50	10	22	46	57	7	75	21	85	76	84	4	3	83	43	62	65	71	80	27	39	7	96	54	22	1	32	18	61	17	93	68	75	74	55	
47	61	43	56	98	84	76	99	43	7	8	92	22	19	82	63	69	28	32	33	83	1	26	22	4	17	76	19	55	94	78	70	74	37	60	6	84	73	69	52	73	35	87	47	-1	94	100	68	7	38	63	95	2	16	71	71	38	74	21	84	43	63	5	96	34	18	69	99	65	56	34	74	60	71	72	11	74	56	100	23	43	23	40	17	56	45	43	43	71	35	57	51	69	81	1	32	97	17	54	72	
61	92	93	46	38	47	18	52	89	57	10	60	87	96	38	30	38	47	36	51	40	19	42	74	71	100	73	36	62	76	62	20	45	10	88	11	24	49	68	13	27	42	78	66	94	-1	99	14	83	100	21	47	58	42	73	16	30	90	59	71	87	76	8	66	51	40	83	40	39	3	15	9	7	34	49	80	54	49	43	24	63	22	57	76	45	82	71	74	46	54	76	41	53	93	45	39	42	74	61	23	
5	52	57	64	98	57	69	43	20	52	91	46	73	71	96	42	1	57	96	29	18	56	12	4	24	18	59	92	73	7	27	36	35	36	16	76	86	64	44	67	35	88	34	48	100	99	-1	97	33	95	56	19	31	1	65	16	46	64	38	84	73	95	6	52	67	48	83	88	17	61	59	19	51	20	4	18	96	37	47	68	25	23	44	93	22	41	65	58	74	62	88	72	60	72	14	1	59	13	37	87	
78	83	83	19	18	47	53	97	55	52	28	38	52	63	10	28	25	59	10	38	33	36	5	77	34	81	60	14	37	95	22	29	69	51	28	69	90	70	82	32	97	64	33	86	68	14	97	-1	83	26	16	34	52	7	53	1	2	88	4	60	82	71	46	64	17	37	5	30	33	61	22	45	96	70	46	82	75	37	53	25	95	59	36	89	92	17	22	64	26	100	90	48	36	5	19	62	61	2	71	57	
54	68	12	39	50	25	64	86	34	16	68	78	4	69	40	99	53	94	39	55	11	23	18	78	94	72	47	61	7	15	82	99	60	87	19	15	24	39	71	43	40	92	28	32	7	83	33	83	-1	13	82	36	1	36	83	80	56	58	85	28	36	6	29	75	39	24	15	36	3	9	76	65	78	9	24	33	29	48	91	89	63	60	8	42	28	78	51	22	23	42	15	72	77	12	47	53	11	24	31	29	
40	50	35	55	90	70	89	38	77	1	38	8	42	23	90	24	11	11	92	76	15	64	84	69	53	64	45	19	70	69	57	21	63	84	21	6	67	6	77	6	3	88	29	62	38	100	95	26	13	-1	66	2	25	21	32	10	49	10	98	74	4	77	12	14	48	36	68	55	88	82	47	47	49	83	88	76	38	58	38	59	56	54	84	27	69	82	63	10	33	16	52	74	58	57	67	4	40	63	47	45	
11	91	24	6	64	94	16	99	46	3	10	57	13	96	52	89	14	43	11	41	58	18	8	25	60	4	33	66	6	16	34	27	20	67	79	43	99	89	85	96	16	77	37	31	63	21	56	16	82	66	-1	24	35	99	90	39	67	64	42	69	10	84	86	42	47	47	80	43	4	91	66	89	37	97	61	40	80	33	49	18	45	15	32	66	84	20	75	59	86	87	24	88	94	89	20	38	25	61	34	91	
68	86	90	58	70	47	20	9	1	94	11	64	43	7	18	78	29	99	29	13	72	52	34	82	78	18	4	51	34	20	79	47	60	20	7	97	94	24	84	94	32	44	13	21	95	47	19	34	36	2	24	-1	76	76	97	61	8	91	87	86	97	47	26	10	28	34	7	63	3	86	65	83	79	23	43	19	60	56	34	83	86	19	33	38	20	45	77	15	8	12	43	12	58	15	3	70	66	61	3	46	
80	53	60	77	49	72	80	7	88	78	29	7	47	12	20	7	22	97	43	98	70	72	3	73	22	65	62	42	18	97	44	94	20	17	92	53	21	87	53	96	6	11	45	29	2	58	31	52	1	25	35	76	-1	63	77	77	10	6	61	98	99	57	31	23	81	80	1	96	51	89	64	34	17	71	53	97	43	14	17	3	16	1	67	24	87	32	9	22	5	70	73	90	75	34	24	8	65	38	74	48	
75	66	24	55	58	77	80	78	57	52	16	91	20	8	20	28	24	43	93	78	41	6	65	76	59	88	16	62	33	72	5	46	76	51	28	26	6	28	38	15	28	27	76	74	16	42	1	7	36	21	99	76	63	-1	78	4	67	61	94	12	37	90	14	77	67	11	96	20	14	85	75	46	2	1	23	61	55	98	39	5	20	33	26	3	56	24	76	79	23	34	67	91	31	70	42	95	15	30	80	26	
86	58	31	76	79	46	98	3	86	18	66	77	96	97	71	69	41	19	9	31	56	74	72	60	96	63	62	39	96	82	62	17	49	57	20	100	39	94	16	24	32	13	21	52	71	73	65	53	83	32	90	97	77	78	-1	44	38	36	73	43	6	80	50	18	40	64	52	3	65	52	41	21	65	48	100	7	24	83	20	58	24	86	48	83	25	38	41	26	80	80	45	25	16	92	21	64	40	29	50	96	
7	79	13	15	32	55	69	30	13	82	47	90	84	36	52	97	72	39	99	22	85	44	63	49	19	24	50	3	38	40	68	8	43	88	72	48	69	72	78	52	20	37	81	93	71	16	16	1	80	10	39	61	77	4	44	-1	64	28	95	94	50	74	17	97	92	86	95	96	81	82	80	93	84	1	100	44	43	63	62	44	39	32	79	11	99	30	78	25	12	60	57	19	4	47	44	39	21	16	56	39	
46	15	8	32	36	81	51	80	23	56	6	56	4	53	4	42	85	28	97	37	40	25	7	11	33	7	80	45	79	92	96	98	13	62	61	2	25	67	19	41	41	72	29	33	38	30	46	2	56	49	67	8	10	67	38	64	-1	12	82	36	73	81	26	87	38	38	80	88	100	4	3	38	100	57	4	82	16	14	59	71	63	23	70	96	51	88	38	32	71	94	11	58	53	23	32	34	32	82	7	20	
6	5	31	47	29	93	31	16	74	22	75	75	46	85	87	7	60	70	15	52	24	29	34	72	45	57	65	68	94	16	37	34	73	43	88	53	64	56	49	5	56	9	64	75	74	90	64	88	58	10	64	91	6	61	36	28	12	-1	24	99	70	99	55	93	1	1	2	69	86	25	12	74	91	17	51	57	15	93	62	43	44	19	31	100	99	25	37	63	32	20	90	99	55	10	55	96	16	11	51	99	
13	43	47	23	28	74	67	96	71	31	60	72	88	52	33	54	93	89	97	56	28	80	49	83	97	85	100	61	71	11	42	95	32	51	45	47	93	20	90	25	86	50	100	7	21	59	38	4	85	98	42	87	61	94	73	95	82	24	-1	7	63	68	69	39	87	95	51	67	32	35	18	61	64	13	61	39	24	86	79	88	82	72	9	16	72	2	29	54	84	34	12	77	37	24	94	16	50	77	51	15	
30	44	94	90	24	90	28	75	44	35	85	72	22	52	38	5	8	7	80	16	69	76	80	40	17	8	96	50	40	34	72	45	38	20	56	9	88	25	31	97	63	55	68	53	84	71	84	60	28	74	69	86	98	12	43	94	36	99	7	-1	54	61	51	27	95	1	81	53	11	63	37	18	100	47	52	65	27	78	93	1	28	25	81	80	55	24	38	41	82	59	28	70	77	73	84	81	22	8	25	76	
8	26	6	83	70	88	58	37	23	26	91	1	83	9	75	31	84	10	73	90	25	89	32	18	41	84	67	51	89	78	26	33	44	52	53	66	68	5	70	65	20	52	92	48	43	87	73	82	36	4	10	97	99	37	6	50	73	70	63	54	-1	82	4	79	78	68	63	45	12	73	88	64	52	47	2	98	29	1	100	36	71	59	75	74	73	75	83	26	7	11	77	12	65	50	69	62	1	8	4	96	
87	58	22	93	34	90	35	78	77	67	99	2	23	3	99	4	26	49	60	67	69	1	47	2	62	28	55	98	70	39	60	16	62	9	53	11	16	75	35	96	4	33	38	95	63	76	95	71	6	77	84	47	57	90	80	74	81	99	68	61	82	-1	63	20	60	61	80	77	78	78	99	80	99	94	16	21	91	79	58	98	95	68	2	68	58	23	42	5	1	9	66	46	57	100	18	30	1	72	3	22	
28	71	7	20	99	52	68	15	90	99	65	5	77	58	59	90	35	93	6	30	87	1	24	24	63	67	24	2	49	50	19	18	93	74	15	82	4	36	48	80	65	12	73	12	5	8	6	46	29	12	86	26	31	14	50	17	26	55	69	51	4	63	-1	37	97	59	42	63	24	91	76	80	17	23	48	28	35	73	28	1	94	25	92	29	89	61	37	11	14	67	77	13	66	19	82	99	21	3	21	46	
47	32	60	61	7	51	6	76	21	22	36	58	2	12	14	31	97	85	65	1	30	91	10	60	59	18	100	100	65	68	48	89	12	38	66	29	96	21	67	98	14	93	69	16	96	66	52	64	75	14	42	10	23	77	18	97	87	93	39	27	79	20	37	-1	83	92	60	49	20	91	76	24	66	72	27	63	84	26	36	37	9	54	36	27	49	4	19	78	79	36	94	20	36	93	67	25	63	92	82	12	
78	46	98	58	51	5	89	3	12	9	83	57	10	34	71	47	50	53	62	40	24	27	97	31	52	88	36	72	45	39	75	15	99	1	78	18	78	8	68	74	82	50	75	54	34	51	67	17	39	48	47	28	81	67	40	92	38	1	87	95	78	60	97	83	-1	13	19	45	77	67	64	28	36	45	79	43	29	18	26	65	34	73	44	31	33	58	41	88	27	22	49	78	64	35	10	8	15	11	18	73	
35	5	10	94	84	44	46	72	33	54	36	62	69	95	69	16	4	89	33	3	43	41	2	100	100	56	66	41	85	17	93	91	7	98	56	57	46	100	33	88	9	59	2	50	18	40	48	37	24	36	47	34	80	11	64	86	38	1	95	1	68	61	59	92	13	-1	68	90	55	33	12	19	90	39	29	7	33	75	99	48	32	1	70	24	62	97	81	84	17	68	78	8	43	44	11	20	32	23	97	24	
93	46	25	39	42	11	5	14	24	83	78	29	33	51	24	81	82	99	39	17	48	26	14	38	19	66	7	6	14	96	1	60	88	2	47	84	89	19	87	42	73	82	4	10	69	83	83	5	15	68	80	7	1	96	52	95	80	2	51	81	63	80	42	60	19	68	-1	4	73	23	3	87	59	44	37	77	54	57	24	75	69	65	36	11	86	18	81	7	67	37	65	29	88	52	33	98	39	83	1	36	
14	14	73	38	96	73	61	35	30	89	97	66	42	52	78	50	95	54	50	74	71	12	66	11	36	32	88	21	45	11	22	3	35	92	77	6	12	70	16	45	82	86	58	22	99	40	88	30	36	55	43	63	96	20	3	96	88	69	67	53	45	77	63	49	45	90	4	-1	44	4	88	92	58	72	12	72	50	15	41	41	87	81	31	9	49	38	67	58	86	31	31	90	42	30	72	14	53	36	92	65	
95	34	57	90	59	6	79	9	1	29	86	10	72	76	94	44	14	43	89	81	48	70	70	42	56	78	97	92	20	6	65	99	55	41	59	77	4	89	18	12	20	14	66	46	65	39	17	33	3	88	4	3	51	14	65	81	100	86	32	11	12	78	24	20	77	55	73	44	-1	42	24	19	23	6	27	11	77	47	46	32	27	91	35	17	18	84	13	15	35	21	1	69	57	72	5	49	11	5	46	78	
94	91	89	21	83	56	1	94	76	24	50	7	66	26	54	34	82	26	98	23	97	94	32	95	98	32	6	48	49	19	43	73	63	5	73	20	27	22	14	67	76	32	38	57	56	3	61	61	9	82	91	86	89	85	52	82	4	25	35	63	73	78	91	91	67	33	23	4	42	-1	78	32	91	35	95	90	46	19	60	61	98	21	55	33	32	9	85	18	18	23	65	79	43	20	39	76	72	96	38	91	
22	66	12	41	39	58	57	89	13	78	64	36	43	71	58	52	25	35	28	28	69	86	13	93	62	63	27	97	85	32	68	95	3	5	48	57	42	68	19	97	82	27	9	7	34	15	59	22	76	47	66	65	64	75	41	80	3	12	18	37	88	99	76	76	64	12	3	88	24	78	-1	26	11	39	68	49	30	49	42	16	59	38	41	51	51	47	49	58	64	63	43	66	51	36	22	4	28	55	85	68	
21	63	75	79	10	39	71	45	13	69	29	67	48	14	79	31	49	20	26	100	35	18	85	13	95	91	41	33	5	61	42	99	31	86	36	39	52	94	12	3	41	15	16	75	74	9	19	45	65	47	89	83	34	46	21	93	38	74	61	18	64	80	80	24	28	19	87	92	19	32	26	-1	3	17	52	44	49	29	15	10	20	88	46	15	68	2	97	25	27	51	87	89	81	54	18	5	79	1	57	90	
37	54	66	73	68	30	71	72	93	65	38	48	91	38	35	64	76	77	74	57	10	42	44	81	26	3	94	9	57	61	36	52	1	82	96	44	72	23	86	58	18	23	50	21	60	7	51	96	78	49	37	79	17	2	65	84	100	91	64	100	52	99	17	66	36	90	59	58	23	91	11	3	-1	48	37	95	93	57	23	10	83	63	67	29	57	19	8	2	1	49	57	10	39	76	6	80	91	29	33	37	
10	27	45	51	65	51	20	93	30	61	87	62	17	22	16	59	28	77	69	50	40	80	36	55	57	63	49	30	47	22	47	86	46	41	22	13	40	89	72	2	30	16	88	85	71	34	20	70	9	83	97	23	71	1	48	1	57	17	13	47	47	94	23	72	45	39	44	72	6	35	39	17	48	-1	19	41	34	73	51	72	30	33	55	60	96	74	85	59	22	35	12	56	1	22	92	19	85	25	86	19	
33	97	27	67	39	80	15	63	94	100	36	17	48	94	65	9	84	64	84	66	68	55	7	18	70	99	7	17	16	60	36	38	13	43	8	49	39	65	77	36	23	66	81	76	72	49	4	46	24	88	61	43	53	23	100	100	4	51	61	52	2	16	48	27	79	29	37	12	27	95	68	52	37	19	-1	16	74	42	87	93	87	96	36	13	76	64	38	53	29	30	45	5	33	40	54	36	87	61	89	24	
73	97	92	24	80	25	74	56	7	64	46	16	12	77	63	20	87	83	41	83	87	64	8	32	55	71	43	71	73	32	95	64	70	81	98	96	28	27	92	58	23	5	32	84	11	80	18	82	33	76	40	19	97	61	7	44	82	57	39	65	98	21	28	63	43	7	77	72	11	90	49	44	95	41	16	-1	6	54	65	80	52	94	95	49	66	48	76	65	60	59	14	70	87	57	83	74	74	29	99	77	
16	32	97	29	6	6	4	53	13	2	54	21	57	1	55	3	72	69	76	30	56	63	89	82	46	67	91	55	43	60	68	56	63	22	32	64	83	76	8	96	25	66	9	4	74	54	96	75	29	38	80	60	43	55	24	43	16	15	24	27	29	91	35	84	29	33	54	50	77	46	30	49	93	34	74	6	-1	57	93	3	3	11	33	34	24	30	7	16	82	33	91	5	62	69	27	87	61	8	38	19	
63	26	70	93	3	22	37	24	84	85	1	51	74	93	50	52	12	29	14	19	39	28	41	48	63	4	39	70	17	96	30	14	64	36	97	70	33	82	32	14	49	20	71	3	56	49	37	37	48	58	33	56	14	98	83	63	14	93	86	78	1	79	73	26	18	75	57	15	47	19	49	29	57	73	42	54	57	-1	100	10	10	26	69	29	69	98	4	32	44	2	23	57	19	95	10	59	61	76	37	10	
98	82	3	51	24	8	66	78	35	39	92	70	81	40	86	30	79	43	50	30	30	68	29	30	5	62	31	48	44	50	41	91	83	12	65	20	2	75	32	28	7	50	28	83	100	43	47	53	91	38	49	34	17	39	20	62	59	62	79	93	100	58	28	36	26	99	24	41	46	60	42	15	23	51	87	65	93	100	-1	81	72	10	78	55	21	41	19	95	53	95	97	90	89	95	16	2	80	39	28	77	
57	45	30	25	14	46	46	35	20	56	61	93	94	16	6	90	2	54	52	67	93	8	64	70	49	99	50	47	41	98	78	58	61	53	75	27	5	17	84	31	13	66	15	43	23	24	68	25	89	59	18	83	3	5	58	44	71	43	88	1	36	98	1	37	65	48	75	41	32	61	16	10	10	72	93	80	3	10	81	-1	25	6	15	89	67	88	67	42	52	11	57	31	78	77	68	62	86	38	14	31	
10	50	46	24	1	53	76	53	89	43	39	76	61	5	36	17	81	80	53	46	68	85	98	34	14	52	81	92	70	26	60	34	94	8	10	14	1	81	2	66	16	39	23	62	43	63	25	95	63	56	45	86	16	20	24	39	63	44	82	28	71	95	94	9	34	32	69	87	27	98	59	20	83	30	87	52	3	10	72	25	-1	69	75	85	19	36	19	92	16	71	93	31	95	14	14	36	77	2	24	16	
57	78	56	13	88	90	63	37	67	13	20	58	56	65	94	64	64	89	67	87	81	86	22	52	88	84	97	25	100	70	56	49	78	83	7	12	51	25	40	36	61	50	54	65	23	22	23	59	60	54	15	19	1	33	86	32	23	19	72	25	59	68	25	54	73	1	65	81	91	21	38	88	63	33	96	94	11	26	10	6	69	-1	64	65	75	45	83	92	72	1	26	97	99	75	81	54	85	88	35	72	
95	67	46	55	19	35	35	35	80	12	33	48	54	8	4	44	18	26	52	9	79	22	27	58	62	90	75	94	82	55	97	9	70	13	42	8	96	16	50	92	70	58	4	71	40	57	44	36	8	84	32	33	67	26	48	79	70	31	9	81	75	2	92	36	44	70	36	31	35	55	41	46	67	55	36	95	33	69	78	15	75	64	-1	53	13	35	19	42	3	92	21	46	4	52	13	14	44	93	70	46	
13	28	19	20	23	83	62	98	17	21	22	93	20	99	53	6	51	60	43	52	20	75	56	76	35	57	39	96	34	72	52	7	27	74	4	79	76	27	76	40	47	62	10	80	17	76	93	89	42	27	66	38	24	3	83	11	96	100	16	80	74	68	29	27	31	24	11	9	17	33	51	15	29	60	13	49	34	29	55	89	85	65	53	-1	82	47	12	69	48	85	11	17	55	87	9	68	8	99	41	22	
2	65	21	64	36	21	53	80	66	54	77	22	84	41	89	56	21	72	65	10	56	34	69	58	51	30	70	10	79	80	54	22	50	90	5	16	40	40	34	24	39	70	75	27	56	45	22	92	28	69	84	20	87	56	25	99	51	99	72	55	73	58	89	49	33	62	86	49	18	32	51	68	57	96	76	66	24	69	21	67	19	75	13	82	-1	67	91	33	23	66	10	7	51	2	26	32	44	77	82	68	
22	14	30	50	86	10	51	66	50	87	98	15	93	29	32	91	35	49	93	17	4	25	28	22	69	30	35	58	35	51	100	93	85	2	47	15	100	66	76	95	2	94	54	39	45	82	41	17	78	82	20	45	32	24	38	30	88	25	2	24	75	23	61	4	58	97	18	38	84	9	47	2	19	74	64	48	30	98	41	88	36	45	35	47	67	-1	55	36	36	22	35	68	89	87	26	2	23	1	28	59	
22	100	85	72	74	26	49	29	89	31	52	41	22	70	36	39	15	30	74	22	52	61	6	35	3	90	17	98	53	91	30	20	97	79	58	40	58	25	64	15	94	52	48	7	43	71	65	22	51	63	75	77	9	76	41	78	38	37	29	38	83	42	37	19	41	81	81	67	13	85	49	97	8	85	38	76	7	4	19	67	19	83	19	12	91	55	-1	59	94	25	75	43	45	99	15	14	4	88	80	7	
14	70	14	51	32	76	72	46	45	71	64	99	34	22	22	5	9	75	35	18	26	1	44	9	18	35	82	86	2	95	95	19	60	46	94	4	29	99	42	9	1	4	73	96	43	74	58	64	22	10	59	15	22	79	26	25	32	63	54	41	26	5	11	78	88	84	7	58	15	18	58	25	2	59	53	65	16	32	95	42	92	92	42	69	33	36	59	-1	18	100	21	38	63	42	10	97	33	31	67	15	
99	64	43	59	89	36	36	81	31	86	10	45	62	26	99	68	45	2	65	84	48	28	14	72	53	52	89	69	1	18	44	6	82	44	45	19	68	36	83	70	3	98	81	54	71	46	74	26	23	33	86	8	5	23	80	12	71	32	84	82	7	1	14	79	27	17	67	86	35	18	64	27	1	22	29	60	82	44	53	52	16	72	3	48	23	36	94	18	-1	66	8	33	39	12	62	39	78	28	11	87	
67	79	22	13	72	35	48	81	61	99	6	30	99	95	80	3	33	39	88	98	47	25	27	33	86	29	33	83	48	100	58	69	85	12	89	49	88	75	92	1	72	18	27	22	35	54	62	100	42	16	87	12	70	34	80	60	94	20	34	59	11	9	67	36	22	68	37	31	21	23	63	51	49	35	30	59	33	2	95	11	71	1	92	85	66	22	25	100	66	-1	96	74	98	30	20	19	25	85	11	52	
6	82	100	49	62	14	77	57	39	2	28	51	13	58	6	59	96	94	88	7	94	43	14	82	96	3	53	95	20	5	21	49	44	8	20	59	93	61	15	69	7	29	89	1	57	76	88	90	15	52	24	43	73	67	45	57	11	90	12	28	77	66	77	94	49	78	65	31	1	65	43	87	57	12	45	14	91	23	97	57	93	26	21	11	10	35	75	21	8	96	-1	61	66	87	2	92	42	20	78	47	
56	7	26	69	4	26	92	63	69	59	55	75	26	35	95	68	63	41	54	11	21	17	56	89	19	60	2	4	72	27	3	80	15	38	37	79	77	22	93	20	77	40	50	32	51	41	72	48	72	74	88	12	90	91	25	19	58	99	77	70	12	46	13	20	78	8	29	90	69	79	66	89	10	56	5	70	5	57	90	31	31	97	46	17	7	68	43	38	33	74	61	-1	32	86	23	91	94	13	22	29	
20	84	77	50	77	49	31	73	58	48	57	69	2	43	51	99	39	12	76	27	77	56	92	47	73	13	90	89	87	55	49	73	82	33	9	56	39	8	48	78	18	100	40	18	69	53	60	36	77	58	94	58	75	31	16	4	53	55	37	77	65	57	66	36	64	43	88	42	57	43	51	81	39	1	33	87	62	19	89	78	95	99	4	55	51	89	45	63	39	98	66	32	-1	59	46	38	34	57	54	68	
84	82	46	68	12	72	60	52	64	76	45	100	77	34	38	22	24	31	90	57	71	24	16	52	62	64	71	90	45	93	99	2	83	98	7	55	4	74	11	81	20	34	24	61	81	93	72	5	12	57	89	15	34	70	92	47	23	10	24	73	50	100	19	93	35	44	52	30	72	20	36	54	76	22	40	57	69	95	95	77	14	75	52	87	2	87	99	42	12	30	87	86	59	-1	72	7	31	32	78	33	
39	100	35	72	60	9	28	10	73	51	46	64	90	3	95	45	92	29	44	60	20	83	25	71	41	75	81	21	47	24	91	70	37	27	20	50	54	11	77	23	28	81	65	17	1	45	14	19	47	67	20	3	24	42	21	44	32	55	94	84	69	18	82	67	10	11	33	72	5	39	22	18	6	92	54	83	27	10	16	68	14	81	13	9	26	26	15	10	62	20	2	23	46	72	-1	89	41	68	15	75	
96	31	54	65	28	64	23	12	48	39	43	11	18	22	2	99	45	48	35	19	85	32	85	87	97	1	2	93	100	10	77	75	48	44	42	4	83	28	34	90	30	83	80	93	32	39	1	62	53	4	38	70	8	95	64	39	34	96	16	81	62	30	99	25	8	20	98	14	49	76	4	5	80	19	36	74	87	59	2	62	36	54	14	68	32	2	14	97	39	19	92	91	38	7	89	-1	5	67	63	23	
50	34	80	26	93	76	12	6	50	32	74	84	28	12	8	7	34	17	25	61	40	23	86	38	79	67	18	67	79	70	24	34	14	50	87	27	83	4	100	68	38	92	10	68	97	42	59	61	11	40	25	66	65	15	40	21	32	16	50	22	1	1	21	63	15	32	39	53	11	72	28	79	91	85	87	74	61	61	80	86	77	85	44	8	44	23	4	33	78	25	42	94	34	31	41	5	-1	49	2	35	
22	16	14	32	6	22	19	5	53	79	35	47	75	42	32	84	80	30	33	72	42	36	23	96	30	2	87	36	85	10	72	3	54	23	71	44	27	22	45	27	55	50	98	75	17	74	13	2	24	63	61	61	38	30	29	16	82	11	77	8	8	72	3	92	11	23	83	36	5	96	55	1	29	25	61	29	8	76	39	38	2	88	93	99	77	1	88	31	28	85	20	13	57	32	68	67	49	-1	20	43	
19	66	71	44	97	15	82	54	51	1	49	94	17	19	16	15	34	22	18	4	38	19	99	73	16	52	1	51	65	30	38	29	59	98	64	67	28	79	23	55	14	23	52	74	54	61	37	71	31	47	34	3	74	80	50	56	7	51	51	25	4	3	21	82	18	97	1	92	46	38	85	57	33	86	89	99	38	37	28	14	24	35	70	41	82	28	80	67	11	11	78	22	54	78	15	63	2	20	-1	41	
79	16	57	100	69	78	51	2	15	97	80	90	96	23	84	60	61	54	88	51	100	82	48	83	62	6	55	65	95	21	64	20	99	16	83	93	59	91	89	60	24	57	4	55	72	23	87	57	29	45	91	46	48	26	96	39	20	99	15	76	96	22	46	12	73	24	36	65	78	91	68	90	37	19	24	77	19	10	77	31	16	72	46	22	68	59	7	15	87	52	47	29	68	33	75	23	35	43	41	-1	
