100
-1	30	61	36	86	82	29	71	8	92	17	4	1	18	99	45	53	10	12	37	59	86	77	39	50	77	42	82	13	31	77	82	68	93	46	31	12	28	33	60	80	44	73	30	73	92	48	30	91	4	27	49	13	50	64	47	67	81	48	71	85	3	2	32	79	41	93	66	95	4	29	91	26	42	73	40	99	97	55	8	45	92	52	87	47	32	17	62	81	96	87	39	4	55	16	71	25	77	10	79	
30	-1	83	49	75	35	54	27	29	80	92	86	14	74	78	99	35	69	30	87	99	27	40	61	94	98	54	35	63	85	36	82	17	37	63	100	65	14	92	38	69	64	36	3	87	7	12	60	33	81	66	59	27	74	18	93	86	64	50	82	20	48	54	44	43	76	93	81	14	67	83	64	62	6	51	15	29	5	17	48	17	5	95	54	19	47	69	79	53	13	13	93	85	11	80	90	63	60	27	7	
61	83	-1	3	78	65	61	90	20	89	15	21	11	54	78	31	59	29	29	18	74	71	48	70	93	35	88	25	10	66	21	98	90	30	82	6	84	88	64	16	13	77	18	42	17	35	72	4	58	79	39	29	63	86	3	82	80	8	46	29	29	52	12	78	28	33	71	26	99	93	78	41	64	44	65	28	67	23	26	71	13	30	90	18	75	63	89	19	82	96	99	51	100	94	16	14	7	6	94	60	
36	49	3	-1	60	4	50	19	15	23	51	47	17	40	77	48	6	34	14	47	16	5	89	20	12	98	76	70	75	71	52	91	88	51	94	34	47	100	69	73	41	43	1	96	75	88	69	95	16	83	36	72	75	34	28	33	4	51	61	31	82	48	21	11	97	78	76	35	25	83	30	48	14	47	22	30	97	92	85	49	51	33	68	12	93	92	6	23	4	27	57	68	37	9	95	49	63	29	96	43	
86	75	78	60	-1	72	35	2	23	42	42	87	66	19	64	86	61	91	83	81	11	56	8	94	61	46	2	65	84	68	26	49	93	79	53	69	3	54	29	28	30	61	3	88	51	29	68	35	92	8	62	4	9	2	30	73	99	4	88	72	68	20	23	39	80	36	33	71	18	77	57	25	9	43	79	40	93	32	87	41	13	78	42	20	11	81	94	30	34	80	1	91	10	19	43	91	17	89	91	99	
82	35	65	4	72	-1	56	7	62	53	77	24	18	20	92	42	59	16	76	42	27	42	43	63	51	94	5	76	92	58	61	42	83	38	64	64	81	41	10	14	78	39	33	5	44	23	81	29	74	15	41	2	57	33	68	31	47	33	32	59	50	32	29	82	27	23	53	48	32	8	3	60	19	60	18	52	76	42	51	7	9	66	85	99	79	54	67	84	72	90	79	65	99	66	23	9	79	59	97	29	
29	54	61	50	35	56	-1	72	37	83	52	58	59	82	66	44	52	54	10	60	39	23	70	7	17	26	36	75	13	55	58	35	99	42	17	27	5	55	91	69	87	98	10	19	57	59	80	74	26	7	16	10	7	19	81	59	61	52	54	56	95	48	2	53	63	82	9	82	55	28	22	90	11	89	74	78	49	93	56	67	24	85	59	29	25	82	70	88	82	50	46	34	100	52	61	91	84	67	72	6	
71	27	90	19	2	7	72	-1	13	63	38	77	12	87	64	98	36	66	92	59	97	92	46	71	46	63	35	18	2	19	44	19	31	81	99	15	40	14	44	81	25	84	55	36	27	25	16	97	94	48	83	53	21	60	41	81	37	94	78	44	94	51	24	1	37	54	76	2	67	39	8	76	40	95	57	80	76	26	82	9	70	15	88	95	62	18	19	19	36	84	61	96	29	34	46	61	69	71	20	28	
8	29	20	15	23	62	37	13	-1	94	80	68	79	53	45	56	57	38	42	30	27	56	53	37	27	41	21	74	100	23	52	50	72	97	21	50	31	20	9	24	73	41	43	4	33	29	25	68	86	18	21	8	22	18	32	21	98	41	86	45	62	83	98	40	45	14	55	97	30	94	91	78	52	15	55	84	68	43	8	38	89	43	72	85	28	89	27	96	60	32	56	56	23	80	31	59	51	53	77	57	
92	80	89	23	42	53	83	63	94	-1	32	62	49	7	86	48	13	56	94	73	8	8	88	98	98	71	91	52	95	22	32	10	39	48	60	45	73	3	69	78	17	87	59	8	96	36	63	34	67	48	16	43	19	92	12	58	31	31	81	57	71	19	40	92	3	39	33	87	23	64	77	76	9	92	60	21	55	51	11	18	67	8	54	14	13	96	93	24	64	78	52	32	67	43	78	90	45	34	90	57	
17	92	15	51	42	77	52	38	80	32	-1	26	34	57	60	9	22	63	33	62	42	58	7	57	97	15	90	40	98	30	52	52	39	12	42	39	82	43	3	20	53	30	76	4	37	62	29	67	51	56	79	94	60	35	95	8	57	93	14	62	37	61	89	11	89	91	63	56	52	35	56	48	97	43	44	24	97	80	12	97	26	43	40	10	24	44	34	20	50	34	35	86	16	24	7	18	58	68	10	65	
4	86	21	47	87	24	58	77	68	62	26	-1	41	90	96	78	16	99	28	98	35	3	24	42	82	79	64	46	20	91	37	53	14	7	80	61	45	64	68	80	17	10	3	58	34	16	64	81	44	95	8	51	41	90	74	39	69	77	14	15	63	17	36	32	11	64	46	18	59	61	57	29	57	6	76	4	9	88	19	65	95	75	6	50	32	10	58	51	18	1	86	44	37	66	90	4	43	44	72	97	
1	14	11	17	66	18	59	12	79	49	34	41	-1	62	63	85	94	52	64	63	50	19	19	86	91	67	6	75	7	97	28	99	70	9	67	57	33	22	85	48	85	100	41	39	50	54	57	86	65	57	75	40	57	77	93	5	54	39	74	22	15	18	13	42	17	38	79	7	66	66	28	81	79	21	33	67	74	3	65	16	29	40	21	28	59	61	94	79	74	6	85	16	77	49	76	58	42	17	28	91	
18	74	54	40	19	20	82	87	53	7	57	90	62	-1	4	13	45	54	23	89	21	51	44	77	13	60	63	57	68	18	42	53	78	32	68	46	32	8	5	69	60	40	56	6	55	6	82	11	61	86	13	10	57	24	81	40	62	54	9	40	69	43	97	28	36	49	79	54	59	52	60	93	44	39	28	49	24	19	85	68	4	58	7	99	77	65	16	24	44	29	2	10	96	75	97	98	97	2	79	2	
99	78	78	77	64	92	66	64	45	86	60	96	63	4	-1	65	76	77	71	77	64	28	70	19	43	71	29	69	2	91	24	77	87	89	26	62	5	74	97	77	97	25	2	93	55	68	50	36	21	40	14	15	46	47	46	40	62	82	32	58	45	12	33	64	49	24	40	86	60	50	50	56	62	41	18	92	26	43	38	42	27	74	34	46	10	45	63	10	99	66	22	37	36	47	90	39	80	86	96	90	
45	99	31	48	86	42	44	98	56	48	9	78	85	13	65	-1	95	17	1	64	65	86	85	66	66	91	54	8	13	17	75	62	68	3	94	7	55	53	36	15	50	98	11	18	88	18	52	19	37	56	63	22	43	42	75	86	73	65	70	46	72	88	81	26	91	36	96	89	1	81	80	100	84	31	89	41	16	76	2	21	68	77	98	34	72	8	60	66	8	43	75	20	67	44	92	72	8	16	3	73	
53	35	59	6	61	59	52	36	57	13	22	16	94	45	76	95	-1	17	70	92	72	93	42	70	64	16	93	4	12	28	86	84	92	35	21	76	84	22	67	67	13	7	27	84	66	70	80	69	26	93	14	43	10	90	50	15	98	17	48	16	47	46	46	16	8	56	35	96	93	87	73	67	31	72	52	97	49	54	23	61	70	55	23	64	36	43	71	65	72	19	29	25	47	14	22	65	77	68	13	50	
10	69	29	34	91	16	54	66	38	56	63	99	52	54	77	17	17	-1	76	37	56	76	60	49	83	3	60	59	37	94	47	71	49	61	36	47	17	46	70	30	4	54	8	7	33	61	53	43	95	7	59	26	76	76	81	98	93	39	13	10	11	38	82	86	54	33	3	18	93	100	64	64	54	25	58	30	31	75	38	28	2	35	68	34	53	65	22	25	33	43	54	55	56	72	91	48	16	44	97	65	
12	30	29	14	83	76	10	92	42	94	33	28	64	23	71	1	70	76	-1	2	13	42	12	3	89	65	42	61	63	57	8	65	31	33	98	35	90	98	3	100	17	36	65	16	60	74	80	18	26	49	20	36	59	79	36	17	66	29	60	30	97	85	79	60	93	84	77	31	82	15	51	68	27	11	37	27	14	51	82	29	43	61	6	55	93	73	40	46	40	57	92	38	65	88	8	8	83	57	24	13	
37	87	18	47	81	42	60	59	30	73	62	98	63	89	77	64	92	37	2	-1	51	91	58	91	11	39	22	58	30	61	92	55	91	35	36	76	50	38	2	13	59	58	37	49	67	48	3	72	32	94	15	79	28	39	23	64	31	43	33	100	52	65	55	55	66	12	82	46	16	11	7	22	8	44	15	88	59	34	49	64	99	1	81	91	53	87	52	32	21	57	37	10	72	75	58	90	92	4	35	74	
59	99	74	16	11	27	39	97	27	8	42	35	50	21	64	65	72	56	13	51	-1	58	80	13	22	65	63	43	74	5	70	34	73	78	24	47	36	18	82	21	46	44	47	91	2	34	59	27	74	66	54	83	27	60	20	88	4	79	66	89	20	89	32	89	98	28	77	24	99	67	26	55	6	96	14	78	23	27	33	30	94	42	16	35	5	54	61	72	73	94	43	80	36	43	16	87	83	73	45	85	
86	27	71	5	56	42	23	92	56	8	58	3	19	51	28	86	93	76	42	91	58	-1	91	20	9	78	57	5	66	39	78	57	72	8	86	13	40	23	64	88	81	12	11	91	16	37	24	16	1	3	52	37	15	58	52	85	4	25	50	66	79	70	1	81	66	13	59	4	15	38	61	59	17	96	12	76	82	31	84	2	92	26	38	76	13	30	82	50	71	5	21	73	64	90	23	36	29	64	72	33	
77	40	48	89	8	43	70	46	53	88	7	24	19	44	70	85	42	60	12	58	80	91	-1	69	61	11	45	57	85	48	95	69	67	74	83	77	15	20	78	65	41	46	83	94	33	78	50	6	48	32	8	90	26	57	90	30	64	23	75	72	19	69	55	13	65	84	17	64	3	23	31	68	61	67	73	4	66	14	87	21	75	49	35	69	70	63	94	61	41	67	93	60	37	37	95	49	72	30	50	13	
39	61	70	20	94	63	7	71	37	98	57	42	86	77	19	66	70	49	3	91	13	20	69	-1	66	82	19	90	79	97	86	91	68	60	9	65	100	53	32	37	73	13	64	68	15	45	24	31	92	91	57	18	29	54	73	7	83	9	94	35	78	49	8	25	10	28	72	98	70	84	34	83	54	75	18	53	92	85	78	54	75	16	44	65	95	30	93	79	79	96	9	6	27	34	1	35	36	43	29	79	
50	94	93	12	61	51	17	46	27	98	97	82	91	13	43	66	64	83	89	11	22	9	61	66	-1	30	14	23	56	6	97	7	25	9	41	77	49	51	7	28	67	91	25	36	17	49	80	10	17	61	52	51	1	32	40	34	42	8	8	98	14	97	72	79	27	89	99	95	87	59	72	77	75	92	100	41	29	30	8	82	10	62	4	20	54	91	64	72	85	27	57	39	77	98	3	14	77	49	71	54	
77	98	35	98	46	94	26	63	41	71	15	79	67	60	71	91	16	3	65	39	65	78	11	82	30	-1	62	12	64	94	40	67	14	28	7	65	72	38	38	42	49	54	16	80	73	96	81	100	82	42	83	58	39	28	89	28	95	57	88	66	77	14	53	39	15	1	31	7	77	57	17	2	39	84	57	72	5	88	70	62	66	19	54	32	3	33	85	55	41	24	62	12	90	2	71	25	19	48	36	16	
42	54	88	76	2	5	36	35	21	91	90	64	6	63	29	54	93	60	42	22	63	57	45	19	14	62	-1	38	18	70	70	27	18	38	50	72	66	95	42	85	62	100	17	3	73	55	17	40	59	4	55	20	91	58	29	99	69	39	87	15	67	91	25	20	15	3	36	100	9	69	55	11	83	15	48	87	92	60	27	49	9	54	34	33	45	78	82	90	48	48	65	81	79	38	8	58	89	51	58	59	
82	35	25	70	65	76	75	18	74	52	40	46	75	57	69	8	4	59	61	58	43	5	57	90	23	12	38	-1	1	45	46	45	74	52	2	48	35	27	85	87	12	100	34	4	28	67	37	93	54	23	61	51	29	12	50	9	59	36	53	32	17	41	10	14	7	10	62	61	40	26	86	34	47	57	46	21	69	60	5	63	65	7	96	53	27	13	72	34	69	92	65	80	39	45	9	43	75	15	89	6	
13	63	10	75	84	92	13	2	100	95	98	20	7	68	2	13	12	37	63	30	74	66	85	79	56	64	18	1	-1	16	59	42	34	47	54	99	17	94	34	87	20	82	2	33	27	12	81	54	88	40	12	13	38	78	19	84	78	12	5	15	48	72	63	99	92	58	11	33	35	33	33	42	48	50	58	41	90	56	19	95	24	42	8	54	90	74	58	9	69	44	45	11	26	42	50	51	3	41	64	59	
31	85	66	71	68	58	55	19	23	22	30	91	97	18	91	17	28	94	57	61	5	39	48	97	6	94	70	45	16	-1	63	76	5	55	24	31	12	63	5	31	8	55	20	96	44	87	64	39	25	12	24	5	83	58	56	100	64	54	32	44	5	29	70	49	98	29	83	3	92	16	45	41	29	87	86	38	35	53	33	46	93	44	73	81	19	75	71	49	88	53	61	92	77	4	67	74	35	66	93	60	
77	36	21	52	26	61	58	44	52	32	52	37	28	42	24	75	86	47	8	92	70	78	95	86	97	40	70	46	59	63	-1	41	92	28	23	95	31	22	21	55	100	80	33	98	82	18	74	40	27	42	56	39	83	12	27	77	52	74	77	38	83	14	12	25	22	21	43	97	18	58	75	26	79	2	9	15	94	83	66	24	13	57	91	74	41	93	42	89	81	96	45	1	94	3	14	58	11	93	2	90	
82	82	98	91	49	42	35	19	50	10	52	53	99	53	77	62	84	71	65	55	34	57	69	91	7	67	27	45	42	76	41	-1	37	20	22	57	86	69	42	58	67	86	92	29	10	45	53	83	43	10	10	49	37	75	98	53	3	76	10	81	38	34	69	65	68	96	88	12	59	3	5	5	85	9	64	36	34	49	74	26	96	33	90	13	79	6	56	25	33	11	19	82	92	75	6	87	46	32	23	6	
68	17	90	88	93	83	99	31	72	39	39	14	70	78	87	68	92	49	31	91	73	72	67	68	25	14	18	74	34	5	92	37	-1	71	100	64	41	85	95	82	45	76	89	54	37	33	22	49	92	69	54	71	91	5	50	15	41	100	24	11	88	99	6	90	45	41	98	57	54	99	81	22	43	1	29	53	14	77	99	45	48	43	69	59	53	59	60	17	17	95	2	82	4	12	54	100	15	58	19	82	
93	37	30	51	79	38	42	81	97	48	12	7	9	32	89	3	35	61	33	35	78	8	74	60	9	28	38	52	47	55	28	20	71	-1	36	10	66	48	72	80	46	71	63	73	86	13	95	14	74	72	20	58	38	97	64	21	8	13	7	29	42	15	61	57	27	5	47	31	10	4	90	26	95	100	90	60	94	5	38	66	6	58	40	26	6	72	16	93	18	98	4	45	32	78	75	72	64	93	14	61	
46	63	82	94	53	64	17	99	21	60	42	80	67	68	26	94	21	36	98	36	24	86	83	9	41	7	50	2	54	24	23	22	100	36	-1	1	82	42	90	9	68	71	99	32	21	65	58	79	65	25	44	19	8	30	67	88	67	8	21	79	81	8	51	16	41	6	93	92	58	64	69	62	68	88	74	35	81	15	91	87	74	95	48	90	22	81	76	51	75	67	100	32	64	62	15	50	47	27	11	90	
31	100	6	34	69	64	27	15	50	45	39	61	57	46	62	7	76	47	35	76	47	13	77	65	77	65	72	48	99	31	95	57	64	10	1	-1	88	72	95	80	26	56	28	35	13	54	37	2	95	37	97	29	14	99	56	19	14	1	23	69	19	23	56	75	38	17	18	71	81	5	43	63	63	94	62	56	1	60	43	2	73	44	12	71	65	66	87	78	76	94	17	33	50	100	77	46	42	16	78	68	
12	65	84	47	3	81	5	40	31	73	82	45	33	32	5	55	84	17	90	50	36	40	15	100	49	72	66	35	17	12	31	86	41	66	82	88	-1	23	24	61	53	40	59	99	55	41	2	65	85	53	8	69	16	37	84	19	34	49	73	68	89	45	89	19	95	19	71	80	44	88	73	42	44	75	11	52	11	45	100	100	23	77	93	31	89	76	75	15	62	53	64	85	67	77	2	97	66	61	31	68	
28	14	88	100	54	41	55	14	20	3	43	64	22	8	74	53	22	46	98	38	18	23	20	53	51	38	95	27	94	63	22	69	85	48	42	72	23	-1	55	26	84	46	68	90	9	60	69	9	29	48	62	87	35	22	13	8	79	73	87	44	65	70	58	28	74	36	84	92	17	45	22	43	41	12	39	40	23	20	99	10	51	20	100	22	37	59	36	47	58	1	11	74	9	79	14	35	59	32	80	68	
33	92	64	69	29	10	91	44	9	69	3	68	85	5	97	36	67	70	3	2	82	64	78	32	7	38	42	85	34	5	21	42	95	72	90	95	24	55	-1	46	36	56	53	16	17	47	40	83	84	3	6	44	33	77	21	5	78	3	15	95	49	80	95	100	27	16	83	63	88	35	46	13	93	33	26	100	81	28	12	98	95	41	39	9	46	43	26	81	42	85	90	89	70	54	24	9	19	71	34	79	
60	38	16	73	28	14	69	81	24	78	20	80	48	69	77	15	67	30	100	13	21	88	65	37	28	42	85	87	87	31	55	58	82	80	9	80	61	26	46	-1	84	71	80	81	87	58	77	2	95	96	3	8	21	67	99	66	24	60	4	14	68	18	27	93	63	67	43	49	86	51	42	55	6	90	55	77	50	58	70	54	27	77	65	57	19	35	28	54	38	3	59	51	35	94	66	83	29	1	2	97	
80	69	13	41	30	78	87	25	73	17	53	17	85	60	97	50	13	4	17	59	46	81	41	73	67	49	62	12	20	8	100	67	45	46	68	26	53	84	36	84	-1	81	53	66	90	11	72	60	38	39	29	53	8	50	74	10	61	73	89	12	67	37	25	27	14	76	74	27	19	15	16	47	3	48	4	21	70	2	7	77	68	66	55	54	32	12	68	86	35	55	67	57	83	73	53	8	89	82	5	82	
44	64	77	43	61	39	98	84	41	87	30	10	100	40	25	98	7	54	36	58	44	12	46	13	91	54	100	100	82	55	80	86	76	71	71	56	40	46	56	71	81	-1	80	3	14	92	19	54	56	37	33	84	1	24	7	66	89	53	49	68	85	5	100	27	75	14	3	41	99	70	5	2	4	83	67	53	45	15	35	92	62	89	40	40	98	84	98	68	6	10	36	47	32	79	16	12	40	87	11	10	
73	36	18	1	3	33	10	55	43	59	76	3	41	56	2	11	27	8	65	37	47	11	83	64	25	16	17	34	2	20	33	92	89	63	99	28	59	68	53	80	53	80	-1	47	9	54	76	10	34	64	98	37	62	42	77	28	5	35	92	24	4	91	55	79	1	57	20	54	52	39	52	23	92	79	55	30	26	36	31	59	15	47	10	60	8	67	50	65	61	17	68	85	34	32	36	7	18	28	28	49	
30	3	42	96	88	5	19	36	4	8	4	58	39	6	93	18	84	7	16	49	91	91	94	68	36	80	3	4	33	96	98	29	54	73	32	35	99	90	16	81	66	3	47	-1	1	69	83	39	97	99	25	23	15	87	56	15	30	8	72	64	96	11	74	34	13	72	73	60	85	10	43	50	69	49	59	88	100	37	98	72	18	50	11	14	5	42	94	3	92	91	37	44	100	6	70	1	69	70	51	78	
73	87	17	75	51	44	57	27	33	96	37	34	50	55	55	88	66	33	60	67	2	16	33	15	17	73	73	28	27	44	82	10	37	86	21	13	55	9	17	87	90	14	9	1	-1	1	81	99	32	11	11	100	87	22	13	81	30	83	61	10	36	61	78	82	78	99	95	32	5	95	91	17	21	17	36	85	42	94	36	84	38	46	24	19	43	76	3	3	50	76	20	62	32	5	72	43	20	65	73	30	
92	7	35	88	29	23	59	25	29	36	62	16	54	6	68	18	70	61	74	48	34	37	78	45	49	96	55	67	12	87	18	45	33	13	65	54	41	60	47	58	11	92	54	69	1	-1	34	85	8	84	10	29	82	100	68	8	73	35	79	100	46	58	27	64	84	65	99	57	95	10	90	67	37	94	6	16	29	71	23	10	31	31	17	93	4	63	52	83	90	16	63	39	62	58	59	60	99	87	2	7	
48	12	72	69	68	81	80	16	25	63	29	64	57	82	50	52	80	53	80	3	59	24	50	24	80	81	17	37	81	64	74	53	22	95	58	37	2	69	40	77	72	19	76	83	81	34	-1	46	74	79	1	24	11	75	34	23	6	80	39	77	73	49	78	53	47	99	27	56	11	27	85	71	78	68	99	66	80	81	48	48	83	74	1	56	21	59	9	31	27	26	74	62	87	7	66	67	32	92	48	43	
30	60	4	95	35	29	74	97	68	34	67	81	86	11	36	19	69	43	18	72	27	16	6	31	10	100	40	93	54	39	40	83	49	14	79	2	65	9	83	2	60	54	10	39	99	85	46	-1	94	66	4	63	43	93	16	35	48	18	61	98	1	67	90	52	80	19	19	52	31	56	52	74	36	21	27	36	5	96	19	91	36	4	46	44	24	22	81	27	52	93	35	48	39	59	20	41	2	10	55	4	
91	33	58	16	92	74	26	94	86	67	51	44	65	61	21	37	26	95	26	32	74	1	48	92	17	82	59	54	88	25	27	43	92	74	65	95	85	29	84	95	38	56	34	97	32	8	74	94	-1	26	11	5	32	9	17	43	69	62	13	74	47	23	61	78	43	63	51	93	70	8	44	44	66	10	61	46	19	20	16	56	89	23	77	34	34	53	83	80	98	72	33	86	25	39	54	48	72	8	57	16	
4	81	79	83	8	15	7	48	18	48	56	95	57	86	40	56	93	7	49	94	66	3	32	91	61	42	4	23	40	12	42	10	69	72	25	37	53	48	3	96	39	37	64	99	11	84	79	66	26	-1	56	59	5	46	44	38	65	22	86	97	50	12	32	75	20	37	6	37	65	16	2	43	16	92	75	89	91	20	67	85	91	50	17	70	72	44	21	18	39	99	9	47	50	62	76	78	16	12	81	89	
27	66	39	36	62	41	16	83	21	16	79	8	75	13	14	63	14	59	20	15	54	52	8	57	52	83	55	61	12	24	56	10	54	20	44	97	8	62	6	3	29	33	98	25	11	10	1	4	11	56	-1	41	49	55	94	36	90	18	69	42	37	80	23	54	91	52	28	67	93	31	22	64	29	97	46	87	26	19	98	15	53	63	28	46	26	43	14	15	82	45	98	73	66	18	96	53	35	66	50	44	
49	59	29	72	4	2	10	53	8	43	94	51	40	10	15	22	43	26	36	79	83	37	90	18	51	58	20	51	13	5	39	49	71	58	19	29	69	87	44	8	53	84	37	23	100	29	24	63	5	59	41	-1	63	20	27	31	61	91	59	54	72	11	46	87	26	23	27	49	39	43	3	17	34	18	53	11	80	74	16	44	78	67	71	14	73	57	85	45	77	69	42	45	88	53	36	8	89	3	53	9	
13	27	63	75	9	57	7	21	22	19	60	41	57	57	46	43	10	76	59	28	27	15	26	29	1	39	91	29	38	83	83	37	91	38	8	14	16	35	33	21	8	1	62	15	87	82	11	43	32	5	49	63	-1	63	51	64	80	12	31	69	76	8	61	35	59	12	31	52	54	23	98	87	84	58	11	42	43	7	69	93	64	4	81	31	82	28	46	77	30	11	54	71	89	22	44	48	75	66	38	13	
50	74	86	34	2	33	19	60	18	92	35	90	77	24	47	42	90	76	79	39	60	58	57	54	32	28	58	12	78	58	12	75	5	97	30	99	37	22	77	67	50	24	42	87	22	100	75	93	9	46	55	20	63	-1	99	97	18	2	11	52	7	27	32	43	3	80	57	62	6	4	17	5	34	63	94	63	53	75	57	50	78	87	83	62	71	29	13	27	79	2	27	36	39	27	85	97	15	2	98	87	
64	18	3	28	30	68	81	41	32	12	95	74	93	81	46	75	50	81	36	23	20	52	90	73	40	89	29	50	19	56	27	98	50	64	67	56	84	13	21	99	74	7	77	56	13	68	34	16	17	44	94	27	51	99	-1	62	81	60	18	33	82	53	60	36	20	57	29	66	29	47	25	16	33	88	61	95	34	50	56	37	59	73	18	88	70	8	71	37	53	49	8	52	1	58	66	81	2	51	49	35	
47	93	82	33	73	31	59	81	21	58	8	39	5	40	40	86	15	98	17	64	88	85	30	7	34	28	99	9	84	100	77	53	15	21	88	19	19	8	5	66	10	66	28	15	81	8	23	35	43	38	36	31	64	97	62	-1	90	48	12	63	48	13	95	35	54	7	22	91	34	60	32	91	37	58	2	22	9	56	93	19	97	77	5	30	11	41	47	62	57	41	78	37	91	67	77	19	23	2	76	34	
67	86	80	4	99	47	61	37	98	31	57	69	54	62	62	73	98	93	66	31	4	4	64	83	42	95	69	59	78	64	52	3	41	8	67	14	34	79	78	24	61	89	5	30	30	73	6	48	69	65	90	61	80	18	81	90	-1	14	75	88	44	30	56	68	11	57	40	46	82	17	54	37	69	56	47	44	47	95	62	10	65	97	31	100	86	45	20	28	65	59	37	79	59	82	94	57	34	64	93	51	
81	64	8	51	4	33	52	94	41	31	93	77	39	54	82	65	17	39	29	43	79	25	23	9	8	57	39	36	12	54	74	76	100	13	8	1	49	73	3	60	73	53	35	8	83	35	80	18	62	22	18	91	12	2	60	48	14	-1	72	86	46	18	80	8	87	75	74	7	56	62	17	63	71	74	34	95	20	48	90	50	62	48	60	69	77	21	24	23	67	45	15	100	84	40	88	24	11	91	14	74	
48	50	46	61	88	32	54	78	86	81	14	14	74	9	32	70	48	13	60	33	66	50	75	94	8	88	87	53	5	32	77	10	24	7	21	23	73	87	15	4	89	49	92	72	61	79	39	61	13	86	69	59	31	11	18	12	75	72	-1	14	52	59	76	25	92	73	26	10	46	47	91	63	22	30	38	80	44	52	45	75	42	13	30	17	91	48	55	59	26	24	43	72	66	28	45	85	63	72	93	42	
71	82	29	31	72	59	56	44	45	57	62	15	22	40	58	46	16	10	30	100	89	66	72	35	98	66	15	32	15	44	38	81	11	29	79	69	68	44	95	14	12	68	24	64	10	100	77	98	74	97	42	54	69	52	33	63	88	86	14	-1	25	13	9	11	7	2	78	31	79	60	39	28	12	27	88	99	60	58	43	33	63	17	11	11	19	68	6	41	78	83	97	77	57	68	93	38	30	32	84	99	
85	20	29	82	68	50	95	94	62	71	37	63	15	69	45	72	47	11	97	52	20	79	19	78	14	77	67	17	48	5	83	38	88	42	81	19	89	65	49	68	67	85	4	96	36	46	73	1	47	50	37	72	76	7	82	48	44	46	52	25	-1	40	86	32	26	33	5	59	33	65	48	84	99	66	55	10	22	95	55	14	43	8	13	77	22	10	28	50	77	27	60	29	99	45	47	45	70	39	46	3	
3	48	52	48	20	32	48	51	83	19	61	17	18	43	12	88	46	38	85	65	89	70	69	49	97	14	91	41	72	29	14	34	99	15	8	23	45	70	80	18	37	5	91	11	61	58	49	67	23	12	80	11	8	27	53	13	30	18	59	13	40	-1	64	28	51	35	16	14	22	47	9	74	37	54	71	11	88	46	98	20	44	49	47	22	46	88	87	4	23	90	19	41	36	19	86	63	7	40	5	73	
2	54	12	21	23	29	2	24	98	40	89	36	13	97	33	81	46	82	79	55	32	1	55	8	72	53	25	10	63	70	12	69	6	61	51	56	89	58	95	27	25	100	55	74	78	27	78	90	61	32	23	46	61	32	60	95	56	80	76	9	86	64	-1	56	2	20	4	65	97	63	22	54	24	68	87	42	14	68	83	2	14	72	67	2	66	25	66	13	84	97	24	88	70	81	86	79	65	16	29	92	
32	44	78	11	39	82	53	1	40	92	11	32	42	28	64	26	16	86	60	55	89	81	13	25	79	39	20	14	99	49	25	65	90	57	16	75	19	28	100	93	27	27	79	34	82	64	53	52	78	75	54	87	35	43	36	35	68	8	25	11	32	28	56	-1	40	57	60	76	38	4	79	12	60	52	98	63	31	65	44	4	33	40	96	38	10	84	57	6	86	20	82	1	97	100	29	10	71	48	63	42	
79	43	28	97	80	27	63	37	45	3	89	11	17	36	49	91	8	54	93	66	98	66	65	10	27	15	15	7	92	98	22	68	45	27	41	38	95	74	27	63	14	75	1	13	78	84	47	80	43	20	91	26	59	3	20	54	11	87	92	7	26	51	2	40	-1	25	30	28	15	59	76	35	14	74	62	81	88	41	73	54	55	20	100	80	72	72	30	35	52	37	21	49	79	33	61	14	88	92	75	98	
41	76	33	78	36	23	82	54	14	39	91	64	38	49	24	36	56	33	84	12	28	13	84	28	89	1	3	10	58	29	21	96	41	5	6	17	19	36	16	67	76	14	57	72	99	65	99	19	63	37	52	23	12	80	57	7	57	75	73	2	33	35	20	57	25	-1	19	8	39	78	95	47	100	53	84	27	31	84	95	10	19	40	71	34	8	70	81	59	41	95	95	62	15	13	6	24	82	86	55	95	
93	93	71	76	33	53	9	76	55	33	63	46	79	79	40	96	35	3	77	82	77	59	17	72	99	31	36	62	11	83	43	88	98	47	93	18	71	84	83	43	74	3	20	73	95	99	27	19	51	6	28	27	31	57	29	22	40	74	26	78	5	16	4	60	30	19	-1	42	27	66	100	30	4	22	58	79	42	80	49	89	81	91	7	17	63	23	15	98	12	57	51	58	76	75	76	39	86	65	63	7	
66	81	26	35	71	48	82	2	97	87	56	18	7	54	86	89	96	18	31	46	24	4	64	98	95	7	100	61	33	3	97	12	57	31	92	71	80	92	63	49	27	41	54	60	32	57	56	52	93	37	67	49	52	62	66	91	46	7	10	31	59	14	65	76	28	8	42	-1	31	38	50	12	73	2	20	80	36	44	49	68	82	52	81	45	70	36	30	76	73	2	84	98	67	60	81	11	27	87	13	56	
95	14	99	25	18	32	55	67	30	23	52	59	66	59	60	1	93	93	82	16	99	15	3	70	87	77	9	40	35	92	18	59	54	10	58	81	44	17	88	86	19	99	52	85	5	95	11	31	70	65	93	39	54	6	29	34	82	56	46	79	33	22	97	38	15	39	27	31	-1	20	45	32	87	2	98	25	22	54	48	61	30	89	82	1	13	64	26	36	69	16	3	32	8	66	45	74	9	70	66	72	
4	67	93	83	77	8	28	39	94	64	35	61	66	52	50	81	87	100	15	11	67	38	23	84	59	57	69	26	33	16	58	3	99	4	64	5	88	45	35	51	15	70	39	10	95	10	27	56	8	16	31	43	23	4	47	60	17	62	47	60	65	47	63	4	59	78	66	38	20	-1	5	7	37	76	37	30	17	42	57	36	100	10	22	77	76	38	96	63	90	40	19	15	1	28	51	38	34	5	90	41	
29	83	78	30	57	3	22	8	91	77	56	57	28	60	50	80	73	64	51	7	26	61	31	34	72	17	55	86	33	45	75	5	81	90	69	43	73	22	46	42	16	5	52	43	91	90	85	52	44	2	22	3	98	17	25	32	54	17	91	39	48	9	22	79	76	95	100	50	45	5	-1	18	89	60	89	19	94	61	61	34	99	66	35	68	27	9	23	99	20	70	73	8	55	78	72	43	59	87	57	19	
91	64	41	48	25	60	90	76	78	76	48	29	81	93	56	100	67	64	68	22	55	59	68	83	77	2	11	34	42	41	26	5	22	26	62	63	42	43	13	55	47	2	23	50	17	67	71	74	44	43	64	17	87	5	16	91	37	63	63	28	84	74	54	12	35	47	30	12	32	7	18	-1	55	84	30	58	4	31	76	19	3	28	100	98	11	56	17	99	53	57	65	55	69	72	12	84	100	4	61	44	
26	62	64	14	9	19	11	40	52	9	97	57	79	44	62	84	31	54	27	8	6	17	61	54	75	39	83	47	48	29	79	85	43	95	68	63	44	41	93	6	3	4	92	69	21	37	78	36	66	16	29	34	84	34	33	37	69	71	22	12	99	37	24	60	14	100	4	73	87	37	89	55	-1	38	73	52	43	54	37	96	8	48	14	62	44	95	28	49	93	19	28	71	67	36	56	44	48	91	61	82	
42	6	44	47	43	60	89	95	15	92	43	6	21	39	41	31	72	25	11	44	96	96	67	75	92	84	15	57	50	87	2	9	1	100	88	94	75	12	33	90	48	83	79	49	17	94	68	21	10	92	97	18	58	63	88	58	56	74	30	27	66	54	68	52	74	53	22	2	2	76	60	84	38	-1	69	72	43	81	23	69	56	68	35	2	40	26	22	42	35	90	28	33	20	41	71	22	44	30	26	63	
73	51	65	22	79	18	74	57	55	60	44	76	33	28	18	89	52	58	37	15	14	12	73	18	100	57	48	46	58	86	9	64	29	90	74	62	11	39	26	55	4	67	55	59	36	6	99	27	61	75	46	53	11	94	61	2	47	34	38	88	55	71	87	98	62	84	58	20	98	37	89	30	73	69	-1	66	100	86	86	33	34	41	38	78	99	33	43	17	91	15	74	26	10	29	97	88	15	21	58	48	
40	15	28	30	40	52	78	80	84	21	24	4	67	49	92	41	97	30	27	88	78	76	4	53	41	72	87	21	41	38	15	36	53	60	35	56	52	40	100	77	21	53	30	88	85	16	66	36	46	89	87	11	42	63	95	22	44	95	80	99	10	11	42	63	81	27	79	80	25	30	19	58	52	72	66	-1	80	55	41	34	8	53	94	26	69	81	47	5	64	26	43	74	85	34	12	58	67	83	51	42	
99	29	67	97	93	76	49	76	68	55	97	9	74	24	26	16	49	31	14	59	23	82	66	92	29	5	92	69	90	35	94	34	14	94	81	1	11	23	81	50	70	45	26	100	42	29	80	5	19	91	26	80	43	53	34	9	47	20	44	60	22	88	14	31	88	31	42	36	22	17	94	4	43	43	100	80	-1	3	93	18	52	15	60	81	33	31	7	23	14	39	12	66	56	24	80	85	92	55	37	35	
97	5	23	92	32	42	93	26	43	51	80	88	3	19	43	76	54	75	51	34	27	31	14	85	30	88	60	60	56	53	83	49	77	5	15	60	45	20	28	58	2	15	36	37	94	71	81	96	20	20	19	74	7	75	50	56	95	48	52	58	95	46	68	65	41	84	80	44	54	42	61	31	54	81	86	55	3	-1	6	2	54	86	49	50	31	57	12	89	10	96	8	9	69	91	70	24	21	73	34	2	
55	17	26	85	87	51	56	82	8	11	12	19	65	85	38	2	23	38	82	49	33	84	87	78	8	70	27	5	19	33	66	74	99	38	91	43	100	99	12	70	7	35	31	98	36	23	48	19	16	67	98	16	69	57	56	93	62	90	45	43	55	98	83	44	73	95	49	49	48	57	61	76	37	23	86	41	93	6	-1	86	55	84	99	68	10	38	73	42	37	26	82	88	94	85	78	34	19	36	88	19	
8	48	71	49	41	7	67	9	38	18	97	65	16	68	42	21	61	28	29	64	30	2	21	54	82	62	49	63	95	46	24	26	45	66	87	2	100	10	98	54	77	92	59	72	84	10	48	91	56	85	15	44	93	50	37	19	10	50	75	33	14	20	2	4	54	10	89	68	61	36	34	19	96	69	33	34	18	2	86	-1	84	63	37	60	79	35	93	30	14	36	60	77	44	19	28	1	47	11	61	92	
45	17	13	51	13	9	24	70	89	67	26	95	29	4	27	68	70	2	43	99	94	92	75	75	10	66	9	65	24	93	13	96	48	6	74	73	23	51	95	27	68	62	15	18	38	31	83	36	89	91	53	78	64	78	59	97	65	62	42	63	43	44	14	33	55	19	81	82	30	100	99	3	8	56	34	8	52	54	55	84	-1	82	3	89	74	95	91	6	22	77	63	16	58	53	17	87	60	50	17	32	
92	5	30	33	78	66	85	15	43	8	43	75	40	58	74	77	55	35	61	1	42	26	49	16	62	19	54	7	42	44	57	33	43	58	95	44	77	20	41	77	66	89	47	50	46	31	74	4	23	50	63	67	4	87	73	77	97	48	13	17	8	49	72	40	20	40	91	52	89	10	66	28	48	68	41	53	15	86	84	63	82	-1	70	36	59	27	75	26	48	45	67	18	80	83	65	41	75	19	46	98	
52	95	90	68	42	85	59	88	72	54	40	6	21	7	34	98	23	68	6	81	16	38	35	44	4	54	34	96	8	73	91	90	69	40	48	12	93	100	39	65	55	40	10	11	24	17	1	46	77	17	28	71	81	83	18	5	31	60	30	11	13	47	67	96	100	71	7	81	82	22	35	100	14	35	38	94	60	49	99	37	3	70	-1	50	37	9	8	52	25	1	72	66	27	55	43	79	71	12	44	100	
87	54	18	12	20	99	29	95	85	14	10	50	28	99	46	34	64	34	55	91	35	76	69	65	20	32	33	53	54	81	74	13	59	26	90	71	31	22	9	57	54	40	60	14	19	93	56	44	34	70	46	14	31	62	88	30	100	69	17	11	77	22	2	38	80	34	17	45	1	77	68	98	62	2	78	26	81	50	68	60	89	36	50	-1	62	89	29	99	52	93	67	36	47	51	27	32	100	13	78	74	
47	19	75	93	11	79	25	62	28	13	24	32	59	77	10	72	36	53	93	53	5	13	70	95	54	3	45	27	90	19	41	79	53	6	22	65	89	37	46	19	32	98	8	5	43	4	21	24	34	72	26	73	82	71	70	11	86	77	91	19	22	46	66	10	72	8	63	70	13	76	27	11	44	40	99	69	33	31	10	79	74	59	37	62	-1	89	100	96	4	95	29	61	71	41	47	12	1	37	66	4	
32	47	63	92	81	54	82	18	89	96	44	10	61	65	45	8	43	65	73	87	54	30	63	30	91	33	78	13	74	75	93	6	59	72	81	66	76	59	43	35	12	84	67	42	76	63	59	22	53	44	43	57	28	29	8	41	45	21	48	68	10	88	25	84	72	70	23	36	64	38	9	56	95	26	33	81	31	57	38	35	95	27	9	89	89	-1	22	9	47	28	16	44	45	94	36	82	31	91	42	61	
17	69	89	6	94	67	70	19	27	93	34	58	94	16	63	60	71	22	40	52	61	82	94	93	64	85	82	72	58	71	42	56	60	16	76	87	75	36	26	28	68	98	50	94	3	52	9	81	83	21	14	85	46	13	71	47	20	24	55	6	28	87	66	57	30	81	15	30	26	96	23	17	28	22	43	47	7	12	73	93	91	75	8	29	100	22	-1	51	61	8	97	15	68	2	11	22	67	47	33	57	
62	79	19	23	30	84	88	19	96	24	20	51	79	24	10	66	65	25	46	32	72	50	61	79	72	55	90	34	9	49	89	25	17	93	51	78	15	47	81	54	86	68	65	3	3	83	31	27	80	18	15	45	77	27	37	62	28	23	59	41	50	4	13	6	35	59	98	76	36	63	99	99	49	42	17	5	23	89	42	30	6	26	52	99	96	9	51	-1	74	36	89	42	8	45	60	64	67	52	53	53	
81	53	82	4	34	72	82	36	60	64	50	18	74	44	99	8	72	33	40	21	73	71	41	79	85	41	48	69	69	88	81	33	17	18	75	76	62	58	42	38	35	6	61	92	50	90	27	52	98	39	82	77	30	79	53	57	65	67	26	78	77	23	84	86	52	41	12	73	69	90	20	53	93	35	91	64	14	10	37	14	22	48	25	52	4	47	61	74	-1	58	63	62	69	62	80	24	40	99	87	45	
96	13	96	27	80	90	50	84	32	78	34	1	6	29	66	43	19	43	57	57	94	5	67	96	27	24	48	92	44	53	96	11	95	98	67	94	53	1	85	3	55	10	17	91	76	16	26	93	72	99	45	69	11	2	49	41	59	45	24	83	27	90	97	20	37	95	57	2	16	40	70	57	19	90	15	26	39	96	26	36	77	45	1	93	95	28	8	36	58	-1	29	89	38	47	99	27	11	84	96	31	
87	13	99	57	1	79	46	61	56	52	35	86	85	2	22	75	29	54	92	37	43	21	93	9	57	62	65	65	45	61	45	19	2	4	100	17	64	11	90	59	67	36	68	37	20	63	74	35	33	9	98	42	54	27	8	78	37	15	43	97	60	19	24	82	21	95	51	84	3	19	73	65	28	28	74	43	12	8	82	60	63	67	72	67	29	16	97	89	63	29	-1	83	89	57	68	21	23	10	99	75	
39	93	51	68	91	65	34	96	56	32	86	44	16	10	37	20	25	55	38	10	80	73	60	6	39	12	81	80	11	92	1	82	82	45	32	33	85	74	89	51	57	47	85	44	62	39	62	48	86	47	73	45	71	36	52	37	79	100	72	77	29	41	88	1	49	62	58	98	32	15	8	55	71	33	26	74	66	9	88	77	16	18	66	36	61	44	15	42	62	89	83	-1	6	90	39	93	44	53	7	34	
4	85	100	37	10	99	100	29	23	67	16	37	77	96	36	67	47	56	65	72	36	64	37	27	77	90	79	39	26	77	94	92	4	32	64	50	67	9	70	35	83	32	34	100	32	62	87	39	25	50	66	88	89	39	1	91	59	84	66	57	99	36	70	97	79	15	76	67	8	1	55	69	67	20	10	85	56	69	94	44	58	80	27	47	71	45	68	8	69	38	89	6	-1	50	95	2	39	97	72	35	
55	11	94	9	19	66	52	34	80	43	24	66	49	75	47	44	14	72	88	75	43	90	37	34	98	2	38	45	42	4	3	75	12	78	62	100	77	79	54	94	73	79	32	6	5	58	7	59	39	62	18	53	22	27	58	67	82	40	28	68	45	19	81	100	33	13	75	60	66	28	78	72	36	41	29	34	24	91	85	19	53	83	55	51	41	94	2	45	62	47	57	90	50	-1	16	20	82	36	69	60	
16	80	16	95	43	23	61	46	31	78	7	90	76	97	90	92	22	91	8	58	16	23	95	1	3	71	8	9	50	67	14	6	54	75	15	77	2	14	24	66	53	16	36	70	72	59	66	20	54	76	96	36	44	85	66	77	94	88	45	93	47	86	86	29	61	6	76	81	45	51	72	12	56	71	97	12	80	70	78	28	17	65	43	27	47	36	11	60	80	99	68	39	95	16	-1	94	19	22	92	95	
71	90	14	49	91	9	91	61	59	90	18	4	58	98	39	72	65	48	8	90	87	36	49	35	14	25	58	43	51	74	58	87	100	72	50	46	97	35	9	83	8	12	7	1	43	60	67	41	48	78	53	8	48	97	81	19	57	24	85	38	45	63	79	10	14	24	39	11	74	38	43	84	44	22	88	58	85	24	34	1	87	41	79	32	12	82	22	64	24	27	21	93	2	20	94	-1	22	27	54	71	
25	63	7	63	17	79	84	69	51	45	58	43	42	97	80	8	77	16	83	92	83	29	72	36	77	19	89	75	3	35	11	46	15	64	47	42	66	59	19	29	89	40	18	69	20	99	32	2	72	16	35	89	75	15	2	23	34	11	63	30	70	7	65	71	88	82	86	27	9	34	59	100	48	44	15	67	92	21	19	47	60	75	71	100	1	31	67	67	40	11	23	44	39	82	19	22	-1	20	23	69	
77	60	6	29	89	59	67	71	53	34	68	44	17	2	86	16	68	44	57	4	73	64	30	43	49	48	51	15	41	66	93	32	58	93	27	16	61	32	71	1	82	87	28	70	65	87	92	10	8	12	66	3	66	2	51	2	64	91	72	32	39	40	16	48	92	86	65	87	70	5	87	4	91	30	21	83	55	73	36	11	50	19	12	13	37	91	47	52	99	84	10	53	97	36	22	27	20	-1	60	14	
10	27	94	96	91	97	72	20	77	90	10	72	28	79	96	3	13	97	24	35	45	72	50	29	71	36	58	89	64	93	2	23	19	14	11	78	31	80	34	2	5	11	28	51	73	2	48	55	57	81	50	53	38	98	49	76	93	14	93	84	46	5	29	63	75	55	63	13	66	90	57	61	61	26	58	51	37	34	88	61	17	46	44	78	66	42	33	53	87	96	99	7	72	69	92	54	23	60	-1	34	
79	7	60	43	99	29	6	28	57	57	65	97	91	2	90	73	50	65	13	74	85	33	13	79	54	16	59	6	59	60	90	6	82	61	90	68	68	68	79	97	82	10	49	78	30	7	43	4	16	89	44	9	13	87	35	34	51	74	42	99	3	73	92	42	98	95	7	56	72	41	19	44	82	63	48	42	35	2	19	92	32	98	100	74	4	61	57	53	45	31	75	34	35	60	95	71	69	14	34	-1	
