100
-1	68	54	35	40	64	5	67	60	69	90	84	53	7	61	11	96	6	65	17	41	90	44	33	2	25	56	97	22	33	6	11	19	91	97	94	75	20	90	20	35	90	52	59	8	50	65	27	85	23	11	78	9	71	59	19	83	92	61	71	3	94	10	17	79	47	94	7	30	8	78	9	47	6	78	22	53	27	22	53	98	21	54	94	69	23	69	89	65	91	98	25	79	40	50	77	70	94	45	71	
68	-1	5	82	97	6	72	78	43	42	73	76	35	76	58	94	3	100	82	34	6	78	72	43	34	16	68	99	47	94	45	98	66	89	81	96	47	38	83	18	9	30	27	43	74	46	77	52	17	36	79	24	2	42	88	46	91	40	40	92	57	61	83	45	97	74	81	1	59	25	79	19	86	35	23	63	45	32	3	89	46	84	76	10	61	99	30	22	75	36	75	9	36	93	92	34	93	10	73	48	
54	5	-1	42	44	21	19	43	16	45	75	25	64	73	12	24	33	29	42	23	50	37	65	79	80	96	3	47	99	77	49	67	56	41	87	36	63	63	12	100	6	90	17	94	62	23	45	4	46	11	37	95	62	13	61	51	93	35	31	87	11	32	85	83	80	74	69	53	41	91	36	97	8	98	60	68	1	79	60	26	92	33	44	94	53	91	4	22	67	8	7	93	48	88	60	89	55	43	74	72	
35	82	42	-1	91	84	81	93	39	19	36	98	50	99	44	86	18	55	77	32	99	62	44	14	1	72	53	99	90	62	1	25	29	65	82	79	20	83	82	33	83	87	49	10	65	34	71	63	74	50	82	65	37	14	40	97	72	30	51	13	75	72	20	78	57	63	73	60	93	87	95	17	3	41	31	58	29	97	25	22	84	97	37	45	59	63	72	64	60	62	19	81	96	25	77	25	68	9	91	40	
40	97	44	91	-1	61	28	19	97	100	1	47	75	14	62	8	52	81	24	56	99	80	54	63	95	20	61	36	81	4	98	84	98	65	87	81	11	37	31	8	45	49	100	95	57	49	100	37	22	41	36	46	56	73	58	91	85	48	97	49	30	41	85	30	77	25	90	17	4	57	46	93	21	67	45	72	39	22	40	12	63	75	83	51	80	1	76	47	24	13	85	40	16	39	84	57	66	100	57	76	
64	6	21	84	61	-1	53	44	92	90	100	77	61	6	27	44	8	49	50	40	60	11	71	21	35	71	14	95	86	52	27	87	19	22	52	13	72	99	24	51	6	32	83	44	42	94	27	16	23	45	50	95	72	33	69	77	59	52	12	9	70	65	55	33	72	30	81	64	96	24	94	49	30	97	86	39	34	94	52	98	1	46	80	45	37	23	81	4	32	28	98	16	20	19	31	48	90	67	11	58	
5	72	19	81	28	53	-1	36	25	3	71	59	82	81	7	61	32	14	5	87	50	48	66	18	21	17	94	35	52	36	79	65	58	21	25	78	7	91	11	44	4	63	4	21	31	60	36	85	35	65	77	16	31	10	41	88	61	91	1	39	92	41	7	43	22	91	51	41	32	56	75	49	67	89	61	5	5	30	85	56	22	92	11	88	19	46	94	97	80	20	94	16	37	87	80	5	51	14	3	8	
67	78	43	93	19	44	36	-1	12	96	44	26	13	3	45	26	46	56	55	93	55	16	31	100	21	51	58	79	14	23	75	95	17	60	17	12	86	33	44	71	62	81	57	91	45	23	81	96	79	90	85	33	85	1	80	3	96	11	37	74	95	26	100	35	50	73	46	6	61	26	3	48	49	76	52	45	29	74	57	88	13	100	60	55	68	7	27	85	18	96	46	33	60	51	13	88	66	22	40	38	
60	43	16	39	97	92	25	12	-1	49	71	24	21	55	93	13	95	32	52	44	1	35	10	68	47	56	34	67	22	10	31	70	56	35	100	85	39	47	22	71	36	19	57	14	1	43	100	1	61	50	20	43	99	84	64	72	82	1	18	49	55	8	91	4	83	90	67	76	59	24	79	58	45	37	36	1	57	93	49	76	75	15	80	41	71	50	21	8	2	87	66	16	51	68	74	17	71	83	88	71	
69	42	45	19	100	90	3	96	49	-1	56	72	11	58	80	73	64	7	88	33	15	13	46	23	2	87	4	100	66	89	70	98	51	97	43	26	30	17	83	80	5	46	63	21	63	3	73	90	37	5	54	39	55	89	29	34	59	85	42	54	67	67	87	82	21	84	18	66	28	19	31	40	24	32	71	14	63	64	69	55	18	2	79	39	86	91	57	77	63	94	94	12	48	33	35	87	56	56	64	88	
90	73	75	36	1	100	71	44	71	56	-1	92	80	35	90	59	22	36	11	94	53	19	98	72	52	44	42	37	80	40	10	57	34	30	58	48	20	5	93	8	82	61	44	30	99	96	56	56	59	10	16	90	91	55	14	3	71	60	38	63	24	100	58	95	14	81	24	97	35	69	13	64	57	18	67	38	45	25	29	100	16	38	57	5	6	21	67	19	100	35	32	35	62	73	46	95	34	4	90	9	
84	76	25	98	47	77	59	26	24	72	92	-1	59	44	57	17	66	6	67	31	65	11	65	78	57	91	2	48	65	38	49	28	35	70	81	44	79	1	64	78	49	89	56	85	48	89	3	95	84	21	10	46	44	89	88	84	97	38	75	15	9	73	88	41	31	60	23	3	62	74	66	72	44	51	98	13	97	76	93	26	12	92	74	3	41	71	18	76	48	9	81	50	89	3	8	43	65	62	44	12	
53	35	64	50	75	61	82	13	21	11	80	59	-1	75	64	6	5	54	30	80	100	7	90	69	46	38	6	21	10	57	45	43	51	43	95	2	56	26	83	1	50	40	94	46	87	24	45	74	76	76	35	11	8	57	90	69	58	45	79	93	31	68	84	83	77	74	45	75	87	20	49	23	54	81	38	15	31	19	79	85	19	30	97	49	15	96	84	71	35	69	56	52	9	21	99	55	58	20	77	17	
7	76	73	99	14	6	81	3	55	58	35	44	75	-1	49	38	77	31	43	39	33	50	6	12	65	90	40	91	44	72	22	15	89	42	22	8	76	37	49	5	47	77	65	90	98	94	35	60	60	43	80	55	52	66	86	96	20	75	80	27	33	2	17	15	67	54	28	11	3	4	71	15	66	98	76	44	76	56	93	7	97	16	31	61	58	97	4	3	35	55	51	64	79	45	72	99	61	11	8	25	
61	58	12	44	62	27	7	45	93	80	90	57	64	49	-1	70	28	15	56	70	67	37	37	79	30	86	35	36	67	62	76	43	22	7	8	78	10	32	83	30	23	46	16	88	13	77	48	63	63	41	39	51	98	97	45	64	99	4	47	2	82	78	81	28	37	69	59	66	88	77	91	91	74	52	86	78	96	26	4	5	12	97	49	79	37	8	37	55	57	85	16	30	43	51	79	95	86	45	10	25	
11	94	24	86	8	44	61	26	13	73	59	17	6	38	70	-1	69	4	18	65	85	90	68	74	92	12	78	37	63	46	10	72	30	57	5	30	47	86	58	100	100	60	31	23	65	10	58	93	29	70	16	48	24	44	67	29	33	99	6	37	16	45	89	22	55	74	96	3	65	55	92	73	3	19	20	81	82	29	38	86	49	3	98	65	7	54	22	5	51	19	19	72	24	98	58	99	55	17	87	13	
96	3	33	18	52	8	32	46	95	64	22	66	5	77	28	69	-1	51	55	82	84	31	10	23	71	98	50	96	31	67	98	31	2	70	44	18	48	43	72	37	42	17	33	67	89	38	51	73	25	97	72	33	17	96	86	3	20	51	76	12	32	60	57	77	74	61	25	78	46	71	29	38	36	12	25	1	51	80	12	75	2	75	12	21	96	78	71	85	84	98	97	15	9	37	82	49	54	44	98	99	
6	100	29	55	81	49	14	56	32	7	36	6	54	31	15	4	51	-1	61	28	99	23	77	6	44	59	94	21	4	72	32	9	32	97	94	53	56	49	48	12	87	37	55	36	78	90	16	99	11	20	39	43	94	19	77	13	40	39	65	65	34	65	67	71	76	86	94	33	7	66	91	47	7	81	45	31	21	29	23	90	4	54	4	74	26	8	49	63	50	53	28	52	79	50	88	45	8	87	57	90	
65	82	42	77	24	50	5	55	52	88	11	67	30	43	56	18	55	61	-1	18	29	53	73	41	64	95	88	59	89	35	94	33	53	18	47	79	94	96	30	34	18	91	86	88	74	34	4	79	41	22	68	62	25	3	8	89	37	2	17	3	16	9	37	41	8	63	85	40	46	18	12	3	26	39	35	42	14	41	62	27	28	5	39	75	31	72	90	6	29	41	81	75	78	60	96	93	24	95	76	35	
17	34	23	32	56	40	87	93	44	33	94	31	80	39	70	65	82	28	18	-1	16	8	15	55	40	67	67	64	33	74	57	74	67	2	43	33	78	16	97	66	43	96	51	29	36	32	64	73	72	12	11	54	83	57	97	40	100	51	18	9	20	56	67	65	22	54	17	47	59	24	67	63	88	99	93	90	74	98	79	17	69	64	8	62	16	13	1	63	52	44	53	68	54	7	62	28	94	80	63	66	
41	6	50	99	99	60	50	55	1	15	53	65	100	33	67	85	84	99	29	16	-1	54	43	79	78	80	59	6	17	67	25	67	81	39	38	90	22	42	89	47	80	50	77	70	74	40	12	20	14	59	40	18	7	34	81	29	11	10	27	54	44	80	77	31	9	41	7	73	8	78	60	75	3	54	27	35	23	6	10	71	25	36	79	19	23	96	10	65	49	75	72	69	69	36	75	90	28	15	14	41	
90	78	37	62	80	11	48	16	35	13	19	11	7	50	37	90	31	23	53	8	54	-1	22	32	58	37	27	1	44	42	87	67	73	94	51	46	80	29	73	27	95	15	66	14	33	11	66	16	6	18	55	38	19	46	41	3	47	37	70	62	98	21	70	68	2	49	33	57	75	83	84	4	31	55	20	40	34	44	73	55	82	30	94	30	58	68	45	11	20	27	34	58	96	67	47	72	88	79	67	72	
44	72	65	44	54	71	66	31	10	46	98	65	90	6	37	68	10	77	73	15	43	22	-1	73	79	19	26	39	13	60	4	39	29	66	82	11	30	97	14	80	56	46	73	60	39	8	77	63	39	63	4	55	78	68	3	61	48	43	54	33	97	82	35	93	56	27	49	30	66	75	59	44	56	64	57	16	93	36	14	62	63	66	43	19	53	6	71	3	18	28	35	95	64	42	100	51	18	39	99	2	
33	43	79	14	63	21	18	100	68	23	72	78	69	12	79	74	23	6	41	55	79	32	73	-1	38	22	36	86	81	54	90	62	18	13	78	73	30	8	30	93	60	35	72	11	52	14	10	97	20	75	8	13	40	53	97	56	26	52	62	91	8	73	25	36	96	20	76	85	64	77	56	48	40	28	37	38	76	9	43	38	54	42	39	92	76	26	2	75	94	34	89	18	15	81	69	38	24	62	65	64	
2	34	80	1	95	35	21	21	47	2	52	57	46	65	30	92	71	44	64	40	78	58	79	38	-1	53	97	10	21	11	81	11	51	53	92	53	82	39	55	52	11	52	50	59	43	22	88	48	39	44	78	91	58	47	57	69	25	53	95	100	38	46	74	41	95	71	13	85	53	93	46	8	38	50	89	75	36	71	89	40	71	69	64	79	18	59	50	23	89	84	68	61	93	29	42	16	25	91	90	10	
25	16	96	72	20	71	17	51	56	87	44	91	38	90	86	12	98	59	95	67	80	37	19	22	53	-1	36	86	99	78	18	96	6	79	27	83	31	76	9	32	6	48	70	6	32	99	94	66	16	82	38	97	71	36	73	67	11	85	9	1	18	75	10	37	38	90	47	87	60	40	25	4	82	3	88	43	21	14	51	16	43	78	51	32	35	4	55	56	70	61	51	73	62	50	82	60	22	18	92	56	
56	68	3	53	61	14	94	58	34	4	42	2	6	40	35	78	50	94	88	67	59	27	26	36	97	36	-1	77	90	4	93	66	71	14	82	83	24	52	52	88	90	10	68	95	96	92	46	26	11	95	84	40	96	15	15	100	64	51	81	34	92	9	66	71	73	79	42	71	24	34	91	29	45	51	19	63	1	19	90	10	3	75	33	84	45	35	17	16	86	7	1	39	50	80	61	12	52	48	33	93	
97	99	47	99	36	95	35	79	67	100	37	48	21	91	36	37	96	21	59	64	6	1	39	86	10	86	77	-1	51	44	46	44	64	36	83	70	43	16	6	59	88	14	100	78	72	45	82	20	32	40	38	83	45	37	81	79	41	8	10	77	85	74	67	82	59	95	39	74	89	8	48	41	47	69	13	58	58	58	22	58	77	23	31	47	97	9	58	90	31	79	41	2	73	97	32	63	29	80	82	9	
22	47	99	90	81	86	52	14	22	66	80	65	10	44	67	63	31	4	89	33	17	44	13	81	21	99	90	51	-1	48	30	30	100	83	87	52	79	58	4	17	55	82	91	31	95	1	71	61	7	39	73	46	1	43	60	88	42	34	41	58	36	68	98	38	75	57	12	77	54	1	18	80	68	35	8	8	15	25	44	20	24	69	99	29	95	28	23	10	45	24	56	26	35	36	69	51	84	20	16	64	
33	94	77	62	4	52	36	23	10	89	40	38	57	72	62	46	67	72	35	74	67	42	60	54	11	78	4	44	48	-1	11	90	17	85	86	15	98	13	11	79	58	100	37	84	24	38	22	100	59	44	98	36	28	62	69	80	14	16	41	45	32	73	66	34	27	77	76	54	14	78	75	45	24	65	20	73	49	42	74	74	15	65	2	5	26	22	92	41	49	47	67	68	55	77	23	21	22	64	4	81	
6	45	49	1	98	27	79	75	31	70	10	49	45	22	76	10	98	32	94	57	25	87	4	90	81	18	93	46	30	11	-1	3	87	50	47	27	44	39	11	28	19	33	39	55	81	57	81	44	14	6	27	98	23	18	76	74	98	1	38	86	87	40	12	42	36	37	14	69	63	72	35	52	38	61	54	51	64	34	44	73	26	4	89	70	20	85	49	7	77	78	53	13	84	54	86	34	41	52	53	25	
11	98	67	25	84	87	65	95	70	98	57	28	43	15	43	72	31	9	33	74	67	67	39	62	11	96	66	44	30	90	3	-1	52	93	36	34	76	79	56	20	22	75	63	30	98	98	52	44	50	34	92	100	67	16	39	9	29	91	68	11	63	67	9	51	33	86	31	84	95	91	56	25	91	22	66	61	83	84	83	17	85	27	33	61	38	28	76	94	92	62	13	65	12	38	2	48	68	33	59	41	
19	66	56	29	98	19	58	17	56	51	34	35	51	89	22	30	2	32	53	67	81	73	29	18	51	6	71	64	100	17	87	52	-1	9	89	3	7	75	56	68	73	15	45	55	92	69	69	91	56	44	49	51	94	11	17	34	21	17	76	91	27	79	89	86	69	9	17	89	49	46	29	78	2	47	55	80	89	7	64	43	19	84	69	25	87	85	6	67	26	87	46	45	76	56	77	97	96	70	6	45	
91	89	41	65	65	22	21	60	35	97	30	70	43	42	7	57	70	97	18	2	39	94	66	13	53	79	14	36	83	85	50	93	9	-1	83	36	93	91	45	80	100	81	68	5	20	21	37	41	26	34	24	86	86	71	24	80	64	35	63	86	22	6	47	86	10	44	49	14	72	100	29	28	93	18	70	100	48	16	67	85	17	53	2	9	13	30	24	70	66	14	37	25	56	17	38	96	95	65	68	78	
97	81	87	82	87	52	25	17	100	43	58	81	95	22	8	5	44	94	47	43	38	51	82	78	92	27	82	83	87	86	47	36	89	83	-1	57	48	70	93	62	28	14	65	98	8	56	27	22	66	96	24	83	54	57	79	76	2	85	25	11	53	11	88	54	29	3	61	45	8	21	86	58	19	28	98	52	70	44	99	73	62	94	94	60	40	19	81	70	62	12	38	54	35	44	70	62	27	30	28	4	
94	96	36	79	81	13	78	12	85	26	48	44	2	8	78	30	18	53	79	33	90	46	11	73	53	83	83	70	52	15	27	34	3	36	57	-1	4	21	2	51	10	89	37	31	66	72	13	26	9	92	83	43	79	35	95	43	98	97	80	95	3	68	26	53	32	6	73	66	23	42	91	27	90	48	48	94	15	70	97	52	42	3	87	5	17	56	24	44	55	64	3	40	20	16	60	41	84	58	94	7	
75	47	63	20	11	72	7	86	39	30	20	79	56	76	10	47	48	56	94	78	22	80	30	30	82	31	24	43	79	98	44	76	7	93	48	4	-1	73	85	44	31	91	69	65	67	26	33	63	45	42	78	67	86	90	94	22	77	53	85	55	34	10	42	24	95	30	34	18	66	88	40	5	91	84	61	82	80	34	14	3	19	28	86	17	62	27	25	88	30	15	73	84	60	86	69	86	39	31	19	37	
20	38	63	83	37	99	91	33	47	17	5	1	26	37	32	86	43	49	96	16	42	29	97	8	39	76	52	16	58	13	39	79	75	91	70	21	73	-1	88	21	34	66	22	49	79	69	35	64	99	93	70	93	2	30	81	80	86	6	42	74	87	3	36	52	74	94	81	14	16	10	57	55	80	35	94	7	19	85	66	100	31	90	88	73	50	30	22	24	40	8	79	5	67	58	84	35	3	48	85	84	
90	83	12	82	31	24	11	44	22	83	93	64	83	49	83	58	72	48	30	97	89	73	14	30	55	9	52	6	4	11	11	56	56	45	93	2	85	88	-1	33	63	89	28	24	100	93	18	94	58	45	13	82	32	76	7	94	78	11	59	80	42	87	89	94	26	94	88	23	97	66	88	94	19	40	68	41	37	28	49	22	84	18	67	89	44	93	79	83	92	98	43	25	73	99	14	27	52	60	51	66	
20	18	100	33	8	51	44	71	71	80	8	78	1	5	30	100	37	12	34	66	47	27	80	93	52	32	88	59	17	79	28	20	68	80	62	51	44	21	33	-1	67	25	79	68	34	65	92	63	98	59	9	6	23	64	83	79	63	52	79	72	98	12	89	59	43	39	75	7	10	47	59	61	8	18	80	98	28	94	80	87	87	2	81	55	31	62	73	44	75	17	68	61	14	80	4	90	17	78	41	16	
35	9	6	83	45	6	4	62	36	5	82	49	50	47	23	100	42	87	18	43	80	95	56	60	11	6	90	88	55	58	19	22	73	100	28	10	31	34	63	67	-1	78	54	100	27	10	53	28	77	57	89	63	4	93	56	54	59	36	33	4	1	82	72	53	99	62	4	14	91	3	46	55	16	27	55	23	48	87	58	63	39	6	51	33	67	78	43	91	17	58	65	5	65	3	56	44	40	93	82	7	
90	30	90	87	49	32	63	81	19	46	61	89	40	77	46	60	17	37	91	96	50	15	46	35	52	48	10	14	82	100	33	75	15	81	14	89	91	66	89	25	78	-1	29	30	21	69	46	96	52	32	1	30	80	32	31	93	15	72	54	32	1	66	9	54	49	24	76	37	95	93	23	59	87	60	96	36	72	41	91	27	58	22	57	46	20	60	10	35	91	50	43	17	91	20	92	46	15	68	39	2	
52	27	17	49	100	83	4	57	57	63	44	56	94	65	16	31	33	55	86	51	77	66	73	72	50	70	68	100	91	37	39	63	45	68	65	37	69	22	28	79	54	29	-1	63	25	93	7	95	73	17	15	83	69	14	87	85	14	52	93	34	74	46	48	85	31	2	51	61	75	33	51	93	69	85	93	25	7	76	91	50	5	75	37	30	93	55	80	17	83	46	10	94	47	22	49	46	36	29	28	42	
59	43	94	10	95	44	21	91	14	21	30	85	46	90	88	23	67	36	88	29	70	14	60	11	59	6	95	78	31	84	55	30	55	5	98	31	65	49	24	68	100	30	63	-1	55	80	26	84	16	70	94	33	49	43	90	32	5	14	92	36	58	66	42	37	30	32	85	60	86	94	84	22	8	86	30	88	95	90	85	92	21	18	97	22	60	75	84	92	44	11	51	82	52	44	5	71	78	25	90	48	
8	74	62	65	57	42	31	45	1	63	99	48	87	98	13	65	89	78	74	36	74	33	39	52	43	32	96	72	95	24	81	98	92	20	8	66	67	79	100	34	27	21	25	55	-1	12	35	67	65	49	92	52	37	36	66	82	25	87	78	18	50	34	31	85	83	19	33	66	68	2	32	5	41	12	6	9	21	17	60	77	31	84	96	38	50	58	88	96	27	75	93	13	59	63	83	74	65	85	8	40	
50	46	23	34	49	94	60	23	43	3	96	89	24	94	77	10	38	90	34	32	40	11	8	14	22	99	92	45	1	38	57	98	69	21	56	72	26	69	93	65	10	69	93	80	12	-1	78	44	15	74	12	36	82	78	100	100	61	89	11	27	9	47	3	83	17	10	77	68	100	62	46	19	79	25	62	87	28	23	52	88	24	41	48	45	57	81	93	65	78	49	35	22	71	57	95	42	88	6	92	43	
65	77	45	71	100	27	36	81	100	73	56	3	45	35	48	58	51	16	4	64	12	66	77	10	88	94	46	82	71	22	81	52	69	37	27	13	33	35	18	92	53	46	7	26	35	78	-1	2	89	27	77	16	15	38	25	82	50	14	15	71	4	16	96	59	87	56	97	28	32	33	97	47	23	48	37	49	63	92	32	23	34	37	89	29	52	60	26	81	1	75	16	40	24	22	96	17	6	4	48	71	
27	52	4	63	37	16	85	96	1	90	56	95	74	60	63	93	73	99	79	73	20	16	63	97	48	66	26	20	61	100	44	44	91	41	22	26	63	64	94	63	28	96	95	84	67	44	2	-1	46	73	38	99	53	96	13	29	57	33	90	23	90	66	80	38	13	97	39	70	77	100	89	32	98	8	50	82	7	35	82	13	31	61	60	17	4	64	85	30	68	43	97	51	91	88	50	36	68	90	39	84	
85	17	46	74	22	23	35	79	61	37	59	84	76	60	63	29	25	11	41	72	14	6	39	20	39	16	11	32	7	59	14	50	56	26	66	9	45	99	58	98	77	52	73	16	65	15	89	46	-1	88	9	70	58	84	83	49	2	67	99	97	72	59	4	97	53	78	32	82	71	72	81	27	86	95	32	2	98	23	44	55	55	31	38	8	38	76	95	42	22	16	5	8	43	2	77	9	86	96	96	67	
23	36	11	50	41	45	65	90	50	5	10	21	76	43	41	70	97	20	22	12	59	18	63	75	44	82	95	40	39	44	6	34	44	34	96	92	42	93	45	59	57	32	17	70	49	74	27	73	88	-1	77	77	48	37	36	36	14	85	8	48	10	78	43	86	11	87	41	32	27	69	13	100	41	29	35	64	97	14	56	94	7	81	90	91	13	50	70	36	2	86	95	49	99	17	5	78	71	34	78	42	
11	79	37	82	36	50	77	85	20	54	16	10	35	80	39	16	72	39	68	11	40	55	4	8	78	38	84	38	73	98	27	92	49	24	24	83	78	70	13	9	89	1	15	94	92	12	77	38	9	77	-1	69	61	7	9	86	52	30	13	12	17	31	25	3	71	57	54	13	71	83	93	15	66	34	25	98	12	56	49	83	82	37	61	75	74	65	21	6	43	26	53	10	85	12	55	38	58	10	38	59	
78	24	95	65	46	95	16	33	43	39	90	46	11	55	51	48	33	43	62	54	18	38	55	13	91	97	40	83	46	36	98	100	51	86	83	43	67	93	82	6	63	30	83	33	52	36	16	99	70	77	69	-1	71	35	93	31	60	77	80	60	54	40	92	63	74	86	12	6	18	10	95	83	71	67	49	46	39	54	66	25	70	54	48	26	72	78	35	8	45	21	45	13	59	30	48	83	59	6	17	58	
9	2	62	37	56	72	31	85	99	55	91	44	8	52	98	24	17	94	25	83	7	19	78	40	58	71	96	45	1	28	23	67	94	86	54	79	86	2	32	23	4	80	69	49	37	82	15	53	58	48	61	71	-1	30	58	35	90	19	35	35	50	94	77	24	92	42	8	86	97	54	93	99	27	5	8	86	17	72	61	40	63	57	21	59	63	37	21	32	15	72	33	76	80	84	98	11	90	51	68	58	
71	42	13	14	73	33	10	1	84	89	55	89	57	66	97	44	96	19	3	57	34	46	68	53	47	36	15	37	43	62	18	16	11	71	57	35	90	30	76	64	93	32	14	43	36	78	38	96	84	37	7	35	30	-1	57	90	92	17	88	95	93	70	68	57	93	71	15	67	65	94	92	89	40	92	70	25	98	37	5	5	92	54	21	80	43	94	58	12	9	1	46	79	5	25	69	69	51	31	66	57	
59	88	61	40	58	69	41	80	64	29	14	88	90	86	45	67	86	77	8	97	81	41	3	97	57	73	15	81	60	69	76	39	17	24	79	95	94	81	7	83	56	31	87	90	66	100	25	13	83	36	9	93	58	57	-1	52	2	83	94	83	34	18	80	19	13	93	6	63	32	7	54	84	64	60	35	78	79	7	99	22	47	21	57	54	55	33	40	73	35	78	49	12	94	9	77	97	99	15	99	11	
19	46	51	97	91	77	88	3	72	34	3	84	69	96	64	29	3	13	89	40	29	3	61	56	69	67	100	79	88	80	74	9	34	80	76	43	22	80	94	79	54	93	85	32	82	100	82	29	49	36	86	31	35	90	52	-1	7	25	4	23	66	86	72	26	95	97	64	31	33	68	89	14	95	52	68	100	10	22	46	53	25	45	1	40	25	81	79	29	90	3	35	1	66	38	58	73	9	29	29	32	
83	91	93	72	85	59	61	96	82	59	71	97	58	20	99	33	20	40	37	100	11	47	48	26	25	11	64	41	42	14	98	29	21	64	2	98	77	86	78	63	59	15	14	5	25	61	50	57	2	14	52	60	90	92	2	7	-1	41	18	28	39	19	79	32	46	37	99	96	89	61	83	8	70	50	37	7	73	37	88	59	73	95	46	50	72	29	35	20	2	32	51	90	66	11	85	33	70	33	24	35	
92	40	35	30	48	52	91	11	1	85	60	38	45	75	4	99	51	39	2	51	10	37	43	52	53	85	51	8	34	16	1	91	17	35	85	97	53	6	11	52	36	72	52	14	87	89	14	33	67	85	30	77	19	17	83	25	41	-1	4	83	99	93	21	97	28	94	93	24	86	31	3	81	47	64	66	47	3	5	64	62	50	88	26	35	4	42	45	10	87	61	71	91	88	65	4	28	42	45	67	75	
61	40	31	51	97	12	1	37	18	42	38	75	79	80	47	6	76	65	17	18	27	70	54	62	95	9	81	10	41	41	38	68	76	63	25	80	85	42	59	79	33	54	93	92	78	11	15	90	99	8	13	80	35	88	94	4	18	4	-1	47	44	36	20	81	7	28	36	4	25	51	60	68	18	44	39	46	44	17	45	46	55	29	34	100	99	8	98	99	56	2	94	48	65	59	72	23	7	24	50	95	
71	92	87	13	49	9	39	74	49	54	63	15	93	27	2	37	12	65	3	9	54	62	33	91	100	1	34	77	58	45	86	11	91	86	11	95	55	74	80	72	4	32	34	36	18	27	71	23	97	48	12	60	35	95	83	23	28	83	47	-1	64	73	44	29	7	6	55	48	91	16	48	94	96	74	6	69	48	100	63	22	10	66	69	17	71	4	97	87	22	52	95	25	9	56	72	57	100	31	27	98	
3	57	11	75	30	70	92	95	55	67	24	9	31	33	82	16	32	34	16	20	44	98	97	8	38	18	92	85	36	32	87	63	27	22	53	3	34	87	42	98	1	1	74	58	50	9	4	90	72	10	17	54	50	93	34	66	39	99	44	64	-1	78	14	29	63	14	35	89	84	40	60	11	72	87	88	73	34	9	83	55	87	93	36	89	55	57	68	62	16	36	92	51	67	41	57	63	52	65	31	73	
94	61	32	72	41	65	41	26	8	67	100	73	68	2	78	45	60	65	9	56	80	21	82	73	46	75	9	74	68	73	40	67	79	6	11	68	10	3	87	12	82	66	46	66	34	47	16	66	59	78	31	40	94	70	18	86	19	93	36	73	78	-1	21	74	76	62	81	84	59	56	98	4	85	2	44	59	26	70	72	47	19	72	2	12	63	4	53	94	11	89	67	34	46	40	71	58	21	69	81	29	
10	83	85	20	85	55	7	100	91	87	58	88	84	17	81	89	57	67	37	67	77	70	35	25	74	10	66	67	98	66	12	9	89	47	88	26	42	36	89	89	72	9	48	42	31	3	96	80	4	43	25	92	77	68	80	72	79	21	20	44	14	21	-1	64	87	67	19	77	62	78	41	4	88	47	56	3	17	86	80	75	44	66	50	47	49	46	57	25	44	20	41	38	50	76	33	17	83	11	91	39	
17	45	83	78	30	33	43	35	4	82	95	41	83	15	28	22	77	71	41	65	31	68	93	36	41	37	71	82	38	34	42	51	86	86	54	53	24	52	94	59	53	54	85	37	85	83	59	38	97	86	3	63	24	57	19	26	32	97	81	29	29	74	64	-1	23	81	62	78	77	3	3	87	17	5	83	56	49	75	36	50	78	66	61	71	31	98	11	88	90	74	37	60	42	59	100	92	74	48	24	50	
79	97	80	57	77	72	22	50	83	21	14	31	77	67	37	55	74	76	8	22	9	2	56	96	95	38	73	59	75	27	36	33	69	10	29	32	95	74	26	43	99	49	31	30	83	17	87	13	53	11	71	74	92	93	13	95	46	28	7	7	63	76	87	23	-1	52	53	81	20	20	67	90	31	5	32	82	83	16	7	67	20	88	62	31	37	6	14	37	65	50	23	29	7	69	45	27	18	45	93	90	
47	74	74	63	25	30	91	73	90	84	81	60	74	54	69	74	61	86	63	54	41	49	27	20	71	90	79	95	57	77	37	86	9	44	3	6	30	94	94	39	62	24	2	32	19	10	56	97	78	87	57	86	42	71	93	97	37	94	28	6	14	62	67	81	52	-1	93	9	84	56	15	54	45	28	18	99	85	50	1	23	84	6	35	76	45	52	58	34	34	7	29	57	70	28	9	4	39	69	42	34	
94	81	69	73	90	81	51	46	67	18	24	23	45	28	59	96	25	94	85	17	7	33	49	76	13	47	42	39	12	76	14	31	17	49	61	73	34	81	88	75	4	76	51	85	33	77	97	39	32	41	54	12	8	15	6	64	99	93	36	55	35	81	19	62	53	93	-1	3	65	88	18	5	55	76	27	20	47	69	56	92	12	42	18	83	26	5	73	82	65	48	95	96	3	44	57	31	67	15	6	42	
7	1	53	60	17	64	41	6	76	66	97	3	75	11	66	3	78	33	40	47	73	57	30	85	85	87	71	74	77	54	69	84	89	14	45	66	18	14	23	7	14	37	61	60	66	68	28	70	82	32	13	6	86	67	63	31	96	24	4	48	89	84	77	78	81	9	3	-1	59	23	35	93	15	19	4	99	14	8	59	65	67	92	42	80	96	89	65	37	12	2	62	62	91	70	48	88	71	41	74	87	
30	59	41	93	4	96	32	61	59	28	35	62	87	3	88	65	46	7	46	59	8	75	66	64	53	60	24	89	54	14	63	95	49	72	8	23	66	16	97	10	91	95	75	86	68	100	32	77	71	27	71	18	97	65	32	33	89	86	25	91	84	59	62	77	20	84	65	59	-1	96	54	24	74	71	90	26	83	98	34	16	4	98	3	30	92	18	95	53	24	95	38	9	14	85	99	41	23	46	55	12	
8	25	91	87	57	24	56	26	24	19	69	74	20	4	77	55	71	66	18	24	78	83	75	77	93	40	34	8	1	78	72	91	46	100	21	42	88	10	66	47	3	93	33	94	2	62	33	100	72	69	83	10	54	94	7	68	61	31	51	16	40	56	78	3	20	56	88	23	96	-1	63	100	80	53	65	23	74	61	32	7	20	31	62	3	3	24	42	43	66	97	91	3	49	18	30	69	35	76	32	59	
78	79	36	95	46	94	75	3	79	31	13	66	49	71	91	92	29	91	12	67	60	84	59	56	46	25	91	48	18	75	35	56	29	29	86	91	40	57	88	59	46	23	51	84	32	46	97	89	81	13	93	95	93	92	54	89	83	3	60	48	60	98	41	3	67	15	18	35	54	63	-1	42	33	30	16	58	74	41	81	5	73	14	2	1	88	45	55	94	2	59	76	74	5	2	68	70	68	96	17	79	
9	19	97	17	93	49	49	48	58	40	64	72	23	15	91	73	38	47	3	63	75	4	44	48	8	4	29	41	80	45	52	25	78	28	58	27	5	55	94	61	55	59	93	22	5	19	47	32	27	100	15	83	99	89	84	14	8	81	68	94	11	4	4	87	90	54	5	93	24	100	42	-1	13	63	23	29	13	52	44	6	19	93	94	22	26	60	39	42	51	77	69	94	7	43	48	19	69	8	89	17	
47	86	8	3	21	30	67	49	45	24	57	44	54	66	74	3	36	7	26	88	3	31	56	40	38	82	45	47	68	24	38	91	2	93	19	90	91	80	19	8	16	87	69	8	41	79	23	98	86	41	66	71	27	40	64	95	70	47	18	96	72	85	88	17	31	45	55	15	74	80	33	13	-1	6	62	96	58	60	20	53	52	29	92	43	7	72	32	53	49	81	12	61	33	5	72	66	98	11	62	48	
6	35	98	41	67	97	89	76	37	32	18	51	81	98	52	19	12	81	39	99	54	55	64	28	50	3	51	69	35	65	61	22	47	18	28	48	84	35	40	18	27	60	85	86	12	25	48	8	95	29	34	67	5	92	60	52	50	64	44	74	87	2	47	5	5	28	76	19	71	53	30	63	6	-1	30	29	14	79	51	78	52	96	96	6	90	43	31	51	23	97	70	97	55	56	51	100	76	69	32	12	
78	23	60	31	45	86	61	52	36	71	67	98	38	76	86	20	25	45	35	93	27	20	57	37	89	88	19	13	8	20	54	66	55	70	98	48	61	94	68	80	55	96	93	30	6	62	37	50	32	35	25	49	8	70	35	68	37	66	39	6	88	44	56	83	32	18	27	4	90	65	16	23	62	30	-1	96	41	11	22	52	20	30	41	12	21	75	95	60	98	10	21	83	22	27	20	17	48	97	74	82	
22	63	68	58	72	39	5	45	1	14	38	13	15	44	78	81	1	31	42	90	35	40	16	38	75	43	63	58	8	73	51	61	80	100	52	94	82	7	41	98	23	36	25	88	9	87	49	82	2	64	98	46	86	25	78	100	7	47	46	69	73	59	3	56	82	99	20	99	26	23	58	29	96	29	96	-1	39	71	77	29	90	51	53	34	63	52	12	20	99	36	41	46	76	73	65	80	69	79	30	61	
53	45	1	29	39	34	5	29	57	63	45	97	31	76	96	82	51	21	14	74	23	34	93	76	36	21	1	58	15	49	64	83	89	48	70	15	80	19	37	28	48	72	7	95	21	28	63	7	98	97	12	39	17	98	79	10	73	3	44	48	34	26	17	49	83	85	47	14	83	74	74	13	58	14	41	39	-1	32	79	77	82	57	55	31	17	15	97	70	19	73	32	57	90	75	81	21	80	13	63	85	
27	32	79	97	22	94	30	74	93	64	25	76	19	56	26	29	80	29	41	98	6	44	36	9	71	14	19	58	25	42	34	84	7	16	44	70	34	85	28	94	87	41	76	90	17	23	92	35	23	14	56	54	72	37	7	22	37	5	17	100	9	70	86	75	16	50	69	8	98	61	41	52	60	79	11	71	32	-1	80	7	5	64	46	41	43	34	37	21	39	25	66	15	69	49	16	72	98	5	30	58	
22	3	60	25	40	52	85	57	49	69	29	93	79	93	4	38	12	23	62	79	10	73	14	43	89	51	90	22	44	74	44	83	64	67	99	97	14	66	49	80	58	91	91	85	60	52	32	82	44	56	49	66	61	5	99	46	88	64	45	63	83	72	80	36	7	1	56	59	34	32	81	44	20	51	22	77	79	80	-1	49	35	24	62	6	17	42	11	15	10	98	23	12	1	60	32	7	20	82	72	4	
53	89	26	22	12	98	56	88	76	55	100	26	85	7	5	86	75	90	27	17	71	55	62	38	40	16	10	58	20	74	73	17	43	85	73	52	3	100	22	87	63	27	50	92	77	88	23	13	55	94	83	25	40	5	22	53	59	62	46	22	55	47	75	50	67	23	92	65	16	7	5	6	53	78	52	29	77	7	49	-1	31	80	32	97	18	22	69	85	5	81	8	34	46	12	80	80	72	59	1	64	
98	46	92	84	63	1	22	13	75	18	16	12	19	97	12	49	2	4	28	69	25	82	63	54	71	43	3	77	24	15	26	85	19	17	62	42	19	31	84	87	39	58	5	21	31	24	34	31	55	7	82	70	63	92	47	25	73	50	55	10	87	19	44	78	20	84	12	67	4	20	73	19	52	52	20	90	82	5	35	31	-1	30	71	35	77	14	91	84	30	19	82	50	12	1	14	12	18	83	68	39	
21	84	33	97	75	46	92	100	15	2	38	92	30	16	97	3	75	54	5	64	36	30	66	42	69	78	75	23	69	65	4	27	84	53	94	3	28	90	18	2	6	22	75	18	84	41	37	61	31	81	37	54	57	54	21	45	95	88	29	66	93	72	66	66	88	6	42	92	98	31	14	93	29	96	30	51	57	64	24	80	30	-1	78	25	97	80	45	68	53	96	66	18	83	14	39	15	88	32	29	76	
54	76	44	37	83	80	11	60	80	79	57	74	97	31	49	98	12	4	39	8	79	94	43	39	64	51	33	31	99	2	89	33	69	2	94	87	86	88	67	81	51	57	37	97	96	48	89	60	38	90	61	48	21	21	57	1	46	26	34	69	36	2	50	61	62	35	18	42	3	62	2	94	92	96	41	53	55	46	62	32	71	78	-1	50	29	72	53	11	23	54	2	86	16	12	69	71	89	82	23	38	
94	10	94	45	51	45	88	55	41	39	5	3	49	61	79	65	21	74	75	62	19	30	19	92	79	32	84	47	29	5	70	61	25	9	60	5	17	73	89	55	33	46	30	22	38	45	29	17	8	91	75	26	59	80	54	40	50	35	100	17	89	12	47	71	31	76	83	80	30	3	1	22	43	6	12	34	31	41	6	97	35	25	50	-1	17	76	56	65	47	4	92	69	7	31	47	61	10	6	91	15	
69	61	53	59	80	37	19	68	71	86	6	41	15	58	37	7	96	26	31	16	23	58	53	76	18	35	45	97	95	26	20	38	87	13	40	17	62	50	44	31	67	20	93	60	50	57	52	4	38	13	74	72	63	43	55	25	72	4	99	71	55	63	49	31	37	45	26	96	92	3	88	26	7	90	21	63	17	43	17	18	77	97	29	17	-1	60	22	85	98	66	55	34	89	28	52	82	32	4	7	18	
23	99	91	63	1	23	46	7	50	91	21	71	96	97	8	54	78	8	72	13	96	68	6	26	59	4	35	9	28	22	85	28	85	30	19	56	27	30	93	62	78	60	55	75	58	81	60	64	76	50	65	78	37	94	33	81	29	42	8	4	57	4	46	98	6	52	5	89	18	24	45	60	72	43	75	52	15	34	42	22	14	80	72	76	60	-1	32	24	74	53	50	80	83	24	14	92	28	92	18	36	
69	30	4	72	76	81	94	27	21	57	67	18	84	4	37	22	71	49	90	1	10	45	71	2	50	55	17	58	23	92	49	76	6	24	81	24	25	22	79	73	43	10	80	84	88	93	26	85	95	70	21	35	21	58	40	79	35	45	98	97	68	53	57	11	14	58	73	65	95	42	55	39	32	31	95	12	97	37	11	69	91	45	53	56	22	32	-1	62	64	100	24	91	63	23	63	61	60	51	55	5	
89	22	22	64	47	4	97	85	8	77	19	76	71	3	55	5	85	63	6	63	65	11	3	75	23	56	16	90	10	41	7	94	67	70	70	44	88	24	83	44	91	35	17	92	96	65	81	30	42	36	6	8	32	12	73	29	20	10	99	87	62	94	25	88	37	34	82	37	53	43	94	42	53	51	60	20	70	21	15	85	84	68	11	65	85	24	62	-1	80	74	71	12	62	15	24	52	81	33	48	98	
65	75	67	60	24	32	80	18	2	63	100	48	35	35	57	51	84	50	29	52	49	20	18	94	89	70	86	31	45	49	77	92	26	66	62	55	30	40	92	75	17	91	83	44	27	78	1	68	22	2	43	45	15	9	35	90	2	87	56	22	16	11	44	90	65	34	65	12	24	66	2	51	49	23	98	99	19	39	10	5	30	53	23	47	98	74	64	80	-1	48	11	71	79	28	42	55	93	29	90	95	
91	36	8	62	13	28	20	96	87	94	35	9	69	55	85	19	98	53	41	44	75	27	28	34	84	61	7	79	24	47	78	62	87	14	12	64	15	8	98	17	58	50	46	11	75	49	75	43	16	86	26	21	72	1	78	3	32	61	2	52	36	89	20	74	50	7	48	2	95	97	59	77	81	97	10	36	73	25	98	81	19	96	54	4	66	53	100	74	48	-1	23	18	54	71	23	82	35	30	31	34	
98	75	7	19	85	98	94	46	66	94	32	81	56	51	16	19	97	28	81	53	72	34	35	89	68	51	1	41	56	67	53	13	46	37	38	3	73	79	43	68	65	43	10	51	93	35	16	97	5	95	53	45	33	46	49	35	51	71	94	95	92	67	41	37	23	29	95	62	38	91	76	69	12	70	21	41	32	66	23	8	82	66	2	92	55	50	24	71	11	23	-1	76	55	98	75	19	38	17	11	25	
25	9	93	81	40	16	16	33	16	12	35	50	52	64	30	72	15	52	75	68	69	58	95	18	61	73	39	2	26	68	13	65	45	25	54	40	84	5	25	61	5	17	94	82	13	22	40	51	8	49	10	13	76	79	12	1	90	91	48	25	51	34	38	60	29	57	96	62	9	3	74	94	61	97	83	46	57	15	12	34	50	18	86	69	34	80	91	12	71	18	76	-1	46	25	94	94	7	91	89	71	
79	36	48	96	16	20	37	60	51	48	62	89	9	79	43	24	9	79	78	54	69	96	64	15	93	62	50	73	35	55	84	12	76	56	35	20	60	67	73	14	65	91	47	52	59	71	24	91	43	99	85	59	80	5	94	66	66	88	65	9	67	46	50	42	7	70	3	91	14	49	5	7	33	55	22	76	90	69	1	46	12	83	16	7	89	83	63	62	79	54	55	46	-1	82	73	88	37	98	22	96	
40	93	88	25	39	19	87	51	68	33	73	3	21	45	51	98	37	50	60	7	36	67	42	81	29	50	80	97	36	77	54	38	56	17	44	16	86	58	99	80	3	20	22	44	63	57	22	88	2	17	12	30	84	25	9	38	11	65	59	56	41	40	76	59	69	28	44	70	85	18	2	43	5	56	27	73	75	49	60	12	1	14	12	31	28	24	23	15	28	71	98	25	82	-1	43	54	74	27	11	8	
50	92	60	77	84	31	80	13	74	35	46	8	99	72	79	58	82	88	96	62	75	47	100	69	42	82	61	32	69	23	86	2	77	38	70	60	69	84	14	4	56	92	49	5	83	95	96	50	77	5	55	48	98	69	77	58	85	4	72	72	57	71	33	100	45	9	57	48	99	30	68	48	72	51	20	65	81	16	32	80	14	39	69	47	52	14	63	24	42	23	75	94	73	43	-1	90	63	97	92	79	
77	34	89	25	57	48	5	88	17	87	95	43	55	99	95	99	49	45	93	28	90	72	51	38	16	60	12	63	51	21	34	48	97	96	62	41	86	35	27	90	44	46	46	71	74	42	17	36	9	78	38	83	11	69	97	73	33	28	23	57	63	58	17	92	27	4	31	88	41	69	70	19	66	100	17	80	21	72	7	80	12	15	71	61	82	92	61	52	55	82	19	94	88	54	90	-1	41	19	5	69	
70	93	55	68	66	90	51	66	71	56	34	65	58	61	86	55	54	8	24	94	28	88	18	24	25	22	52	29	84	22	41	68	96	95	27	84	39	3	52	17	40	15	36	78	65	88	6	68	86	71	58	59	90	51	99	9	70	42	7	100	52	21	83	74	18	39	67	71	23	35	68	69	98	76	48	69	80	98	20	72	18	88	89	10	32	28	60	81	93	35	38	7	37	74	63	41	-1	63	56	43	
94	10	43	9	100	67	14	22	83	56	4	62	20	11	45	17	44	87	95	80	15	79	39	62	91	18	48	80	20	64	52	33	70	65	30	58	31	48	60	78	93	68	29	25	85	6	4	90	96	34	10	6	51	31	15	29	33	45	24	31	65	69	11	48	45	69	15	41	46	76	96	8	11	69	97	79	13	5	82	59	83	32	82	6	4	92	51	33	29	30	17	91	98	27	97	19	63	-1	53	92	
45	73	74	91	57	11	3	40	88	64	90	44	77	8	10	87	98	57	76	63	14	67	99	65	90	92	33	82	16	4	53	59	6	68	28	94	19	85	51	41	82	39	28	90	8	92	48	39	96	78	38	17	68	66	99	29	24	67	50	27	31	81	91	24	93	42	6	74	55	32	17	89	62	32	74	30	63	30	72	1	68	29	23	91	7	18	55	48	90	31	11	89	22	11	92	5	56	53	-1	63	
71	48	72	40	76	58	8	38	71	88	9	12	17	25	25	13	99	90	35	66	41	72	2	64	10	56	93	9	64	81	25	41	45	78	4	7	37	84	66	16	7	2	42	48	40	43	71	84	67	42	59	58	58	57	11	32	35	75	95	98	73	29	39	50	90	34	42	87	12	59	79	17	48	12	82	61	85	58	4	64	39	76	38	15	18	36	5	98	95	34	25	71	96	8	79	69	43	92	63	-1	
