100
-1	47	1	56	21	64	97	40	97	53	18	14	19	89	60	64	95	44	75	13	32	85	83	66	45	60	8	11	69	4	4	43	12	83	41	21	43	59	68	45	16	57	90	98	60	42	27	22	66	29	36	71	44	64	73	14	82	35	58	21	17	87	85	45	58	49	73	34	84	4	29	87	15	37	53	12	2	65	68	77	10	6	53	76	27	66	7	27	24	3	95	4	74	43	5	44	26	58	81	33	
47	-1	56	22	76	40	50	13	41	79	28	98	53	11	87	89	3	64	62	12	64	39	58	70	89	4	44	62	33	62	52	97	62	88	74	59	60	33	100	11	100	22	60	4	49	82	43	2	68	71	30	42	41	67	83	51	95	26	63	14	32	34	87	63	23	34	91	15	65	75	95	32	85	67	20	40	85	100	73	47	14	33	86	51	4	48	60	100	38	8	7	3	26	39	76	55	16	6	96	87	
1	56	-1	3	24	17	19	65	33	69	81	80	56	96	25	49	51	21	32	80	96	65	46	92	55	88	50	4	15	12	50	6	70	79	23	47	90	71	18	51	40	3	100	86	58	81	87	24	23	94	97	85	77	26	56	44	40	85	7	45	41	73	100	68	93	100	34	64	91	12	85	35	44	54	88	16	26	88	82	3	14	66	13	4	38	27	74	54	61	51	9	25	81	95	60	54	39	25	49	14	
56	22	3	-1	69	50	85	18	61	25	30	9	99	93	73	30	57	37	76	11	74	71	50	99	56	6	52	48	47	32	26	96	4	88	59	57	11	15	54	14	43	90	33	65	67	23	62	94	46	11	71	13	99	79	42	30	23	42	26	15	35	22	8	39	52	27	77	42	52	56	3	50	6	55	62	16	98	99	57	89	11	60	74	39	72	63	46	79	96	50	36	17	89	95	47	2	43	80	74	53	
21	76	24	69	-1	46	41	84	59	66	1	41	19	42	22	7	30	47	23	16	19	5	15	71	55	73	64	89	11	1	93	66	86	74	91	11	60	60	26	23	91	71	76	49	93	68	81	36	2	45	13	54	40	22	87	92	76	52	14	39	79	47	17	91	33	67	42	72	69	10	18	85	5	33	63	23	87	92	19	75	7	67	14	35	87	31	78	67	45	28	5	2	68	51	86	54	33	83	16	68	
64	40	17	50	46	-1	75	28	15	13	73	33	52	22	39	46	99	61	56	36	74	32	71	56	9	53	35	97	9	19	47	86	74	100	22	79	96	32	39	62	95	85	76	13	33	67	23	79	68	5	38	8	17	36	32	69	25	52	68	87	1	22	54	74	3	9	6	77	7	19	47	44	95	57	41	19	35	33	3	85	63	28	52	7	30	4	2	90	83	40	11	22	63	94	48	21	22	72	47	35	
97	50	19	85	41	75	-1	9	46	49	51	35	58	8	25	54	85	37	78	72	90	46	21	79	76	82	91	66	65	41	62	9	84	89	77	59	18	45	3	61	16	89	45	22	24	26	41	57	47	83	84	71	90	76	2	22	87	91	25	41	17	81	31	24	91	62	48	2	18	78	71	65	58	1	3	50	30	90	6	50	34	89	49	52	36	79	38	64	94	85	58	95	27	31	21	64	76	46	16	86	
40	13	65	18	84	28	9	-1	49	4	90	55	60	24	86	33	97	72	27	71	82	97	32	98	77	66	14	5	44	77	75	1	33	3	85	53	22	17	15	5	98	26	12	68	97	47	32	72	80	25	42	97	88	49	4	43	1	62	12	20	78	74	77	87	12	54	45	54	70	43	96	33	58	25	84	48	37	96	35	51	12	43	54	40	4	44	59	41	39	5	49	18	91	80	11	65	51	87	54	96	
97	41	33	61	59	15	46	49	-1	84	57	87	3	93	92	92	71	5	53	33	46	32	37	35	52	73	11	36	65	60	41	42	80	36	60	72	35	74	46	33	84	87	19	72	99	46	31	83	85	49	65	48	48	53	88	85	16	64	73	55	42	8	30	69	20	93	41	10	48	83	24	32	84	23	79	79	56	30	90	37	73	44	5	51	3	63	62	72	90	1	82	20	54	69	42	80	22	93	43	52	
53	79	69	25	66	13	49	4	84	-1	13	52	56	1	72	98	91	52	32	68	62	66	24	83	75	62	45	21	66	28	32	63	50	19	31	34	27	50	80	97	15	41	54	29	22	23	94	69	62	19	69	21	18	83	62	90	70	48	91	32	21	21	3	58	86	84	62	69	45	58	81	52	36	7	83	35	51	45	92	23	64	24	64	92	75	30	11	8	51	63	12	35	25	47	71	16	57	35	87	15	
18	28	81	30	1	73	51	90	57	13	-1	66	82	56	35	42	89	100	33	10	17	87	34	66	23	1	26	92	84	71	5	69	38	70	15	20	3	67	90	64	73	62	19	8	97	2	5	1	79	20	61	15	18	31	34	27	60	80	6	9	53	73	74	4	89	75	95	94	19	65	90	30	76	3	2	98	43	55	87	42	85	52	28	26	24	12	80	72	24	24	26	10	46	55	99	100	80	24	72	13	
14	98	80	9	41	33	35	55	87	52	66	-1	21	39	20	75	9	5	91	9	28	50	24	88	28	85	52	16	15	58	52	15	85	42	47	56	1	87	19	94	28	69	86	87	71	66	72	15	89	57	91	60	56	65	53	56	46	28	93	32	99	64	53	38	33	30	47	86	92	46	99	17	23	82	48	72	27	94	93	59	74	95	77	11	35	74	34	60	92	84	83	71	52	96	48	49	2	68	2	20	
19	53	56	99	19	52	58	60	3	56	82	21	-1	53	11	95	98	14	19	42	66	47	7	23	46	78	11	34	70	33	26	82	6	70	32	92	36	82	88	84	14	82	92	35	87	90	32	49	87	61	23	66	83	57	24	63	8	59	17	86	90	86	5	6	98	97	11	71	79	61	13	42	31	3	90	39	93	38	91	68	6	5	60	49	79	44	2	65	5	27	76	96	98	30	63	37	30	75	78	6	
89	11	96	93	42	22	8	24	93	1	56	39	53	-1	28	29	46	85	92	51	1	18	93	65	45	10	63	72	12	70	20	63	69	8	94	41	41	73	6	34	56	64	64	86	9	26	24	59	65	6	83	25	22	47	48	70	86	28	64	36	16	7	20	4	21	29	59	73	48	60	31	60	79	66	20	60	68	66	86	17	52	85	18	73	65	42	36	19	42	93	11	20	27	52	2	18	90	87	78	46	
60	87	25	73	22	39	25	86	92	72	35	20	11	28	-1	21	46	72	9	93	80	76	47	39	34	42	9	56	61	40	59	98	60	8	11	9	74	32	27	91	34	3	89	80	99	57	66	4	90	70	46	98	34	10	42	21	16	1	1	33	30	22	95	41	1	65	10	54	58	17	15	34	25	2	37	94	72	99	52	93	29	47	65	62	79	62	24	39	2	14	27	7	78	59	77	65	68	14	76	50	
64	89	49	30	7	46	54	33	92	98	42	75	95	29	21	-1	26	52	51	41	32	91	10	77	7	33	8	39	71	1	96	92	23	94	87	69	56	81	21	70	83	47	81	67	74	11	74	69	81	16	87	12	11	6	93	73	60	49	86	43	31	43	2	30	100	68	74	7	83	43	13	21	45	6	67	91	38	88	62	55	52	50	58	71	52	96	64	30	74	34	19	97	33	94	39	86	31	7	45	33	
95	3	51	57	30	99	85	97	71	91	89	9	98	46	46	26	-1	98	87	34	25	57	89	11	37	21	90	33	88	59	25	14	57	88	20	36	67	22	69	57	41	75	21	2	77	99	28	72	82	19	77	48	86	66	71	69	57	91	72	79	51	41	5	23	36	94	82	57	6	63	28	65	6	94	100	81	19	6	41	15	43	7	25	15	76	13	60	50	22	23	66	25	30	98	14	95	18	84	31	4	
44	64	21	37	47	61	37	72	5	52	100	5	14	85	72	52	98	-1	69	50	82	92	74	69	24	35	68	16	21	10	25	96	52	62	39	62	57	40	94	97	53	93	47	92	73	95	40	78	62	87	53	26	63	100	79	86	23	84	79	46	33	13	53	30	89	51	54	32	57	13	83	39	88	5	63	65	33	3	90	5	79	16	54	88	64	35	10	69	80	16	50	40	43	61	10	89	17	74	2	36	
75	62	32	76	23	56	78	27	53	32	33	91	19	92	9	51	87	69	-1	16	19	86	10	7	15	5	57	35	15	7	37	99	97	40	96	40	91	43	23	16	87	7	33	74	40	63	63	23	53	35	77	55	96	22	49	55	45	39	65	17	72	53	81	17	40	46	61	39	78	37	52	1	82	87	46	10	51	99	83	7	13	77	12	21	94	97	65	23	46	67	40	13	68	74	22	5	84	81	55	74	
13	12	80	11	16	36	72	71	33	68	10	9	42	51	93	41	34	50	16	-1	22	42	39	14	19	25	30	100	79	91	87	81	42	52	92	86	47	1	81	47	34	94	27	19	45	71	19	16	33	22	76	16	33	24	72	79	15	95	90	19	54	67	20	70	97	87	58	23	38	11	51	76	60	28	94	53	93	96	69	45	23	46	73	65	98	72	17	69	87	39	53	3	94	71	33	9	60	16	42	27	
32	64	96	74	19	74	90	82	46	62	17	28	66	1	80	32	25	82	19	22	-1	99	91	79	64	74	13	96	37	18	25	79	64	25	4	25	17	25	58	40	95	49	70	76	17	62	39	86	42	20	69	31	26	42	93	70	86	91	65	86	15	42	13	62	29	9	83	66	61	2	78	21	17	82	72	35	20	37	22	81	30	30	55	6	40	30	85	72	87	23	99	99	93	3	10	38	1	75	2	84	
85	39	65	71	5	32	46	97	32	66	87	50	47	18	76	91	57	92	86	42	99	-1	84	65	75	77	40	35	97	97	68	49	25	23	40	36	10	34	18	9	58	8	29	50	36	68	41	20	46	2	55	21	90	64	31	2	87	35	11	51	65	54	42	41	8	95	88	24	81	12	3	39	21	39	47	85	36	12	54	29	74	55	12	48	75	46	9	81	96	93	26	41	3	92	52	73	51	51	31	41	
83	58	46	50	15	71	21	32	37	24	34	24	7	93	47	10	89	74	10	39	91	84	-1	14	55	36	30	39	37	93	2	55	44	25	14	65	40	2	52	21	89	22	18	43	24	54	83	73	12	5	21	18	87	8	35	59	72	80	7	25	8	60	46	93	64	5	75	13	6	4	97	96	49	98	13	87	10	14	84	5	49	34	77	60	40	31	17	1	30	99	78	50	7	87	25	81	99	42	28	28	
66	70	92	99	71	56	79	98	35	83	66	88	23	65	39	77	11	69	7	14	79	65	14	-1	44	35	48	39	72	66	51	42	39	98	20	67	21	1	45	82	22	64	1	32	18	81	32	37	24	59	48	88	98	12	69	76	51	97	95	91	55	45	58	38	38	14	31	33	76	61	49	45	16	8	30	43	84	11	75	25	92	34	85	23	36	52	14	7	99	65	68	96	29	15	51	29	76	79	57	74	
45	89	55	56	55	9	76	77	52	75	23	28	46	45	34	7	37	24	15	19	64	75	55	44	-1	47	35	61	54	15	82	80	32	95	68	60	79	82	22	10	59	42	29	91	57	67	63	25	2	40	21	91	85	65	88	34	69	62	97	33	80	50	47	95	61	84	92	60	79	74	7	25	75	71	68	12	20	39	56	92	25	28	34	56	99	88	82	34	63	4	93	70	2	62	74	79	35	66	20	58	
60	4	88	6	73	53	82	66	73	62	1	85	78	10	42	33	21	35	5	25	74	77	36	35	47	-1	93	26	51	36	22	4	23	70	38	45	22	91	52	26	18	72	46	1	80	25	76	13	23	86	59	63	47	77	58	86	15	89	76	28	28	78	83	77	12	7	9	50	52	80	9	54	38	50	28	38	78	43	60	91	85	86	8	76	94	23	6	43	33	3	38	84	25	51	47	49	79	17	15	29	
8	44	50	52	64	35	91	14	11	45	26	52	11	63	9	8	90	68	57	30	13	40	30	48	35	93	-1	79	46	86	23	13	46	27	68	84	57	70	56	69	51	25	61	24	90	22	94	63	35	1	71	39	22	38	36	30	38	61	31	85	77	48	70	95	67	12	41	51	29	68	88	31	12	74	88	88	83	55	55	83	97	18	37	45	57	52	84	99	28	2	79	57	25	58	22	61	71	43	41	10	
11	62	4	48	89	97	66	5	36	21	92	16	34	72	56	39	33	16	35	100	96	35	39	39	61	26	79	-1	60	16	92	49	16	3	66	14	36	89	97	8	52	84	41	63	87	84	86	82	58	48	35	100	10	90	64	85	61	64	32	5	83	79	27	37	29	83	46	79	51	80	49	3	50	25	11	57	76	72	37	1	15	61	3	93	16	14	68	38	25	2	13	21	25	93	47	62	26	3	49	66	
69	33	15	47	11	9	65	44	65	66	84	15	70	12	61	71	88	21	15	79	37	97	37	72	54	51	46	60	-1	94	16	98	70	50	44	89	72	20	50	46	42	37	58	97	28	91	39	33	45	31	42	92	25	13	97	25	25	70	71	78	75	67	93	21	68	96	100	52	27	48	27	20	52	75	75	30	41	19	9	15	32	67	21	54	93	13	1	27	53	3	51	35	15	65	38	85	86	49	74	55	
4	62	12	32	1	19	41	77	60	28	71	58	33	70	40	1	59	10	7	91	18	97	93	66	15	36	86	16	94	-1	91	18	79	17	40	29	32	33	81	80	8	27	54	65	92	55	14	80	15	77	2	52	23	100	5	19	88	83	6	15	66	88	71	59	18	25	73	51	4	67	39	23	20	41	55	42	2	58	87	9	20	54	21	57	90	26	77	95	11	62	42	87	27	55	59	27	63	86	15	5	
4	52	50	26	93	47	62	75	41	32	5	52	26	20	59	96	25	25	37	87	25	68	2	51	82	22	23	92	16	91	-1	89	11	55	90	32	16	12	96	78	36	24	58	68	99	88	74	5	41	76	52	47	31	66	37	31	97	19	15	31	97	94	7	65	75	42	62	37	5	28	8	35	64	13	50	15	4	78	12	45	80	20	18	72	18	44	22	36	30	32	77	46	52	31	85	1	83	63	48	95	
43	97	6	96	66	86	9	1	42	63	69	15	82	63	98	92	14	96	99	81	79	49	55	42	80	4	13	49	98	18	89	-1	47	4	43	74	99	91	41	16	56	24	21	35	16	12	53	97	78	6	44	19	41	21	71	68	31	5	87	85	96	22	22	2	79	62	11	87	65	1	19	100	31	24	74	58	100	61	81	40	56	44	93	80	31	86	48	57	38	29	74	24	18	36	30	62	57	92	42	78	
12	62	70	4	86	74	84	33	80	50	38	85	6	69	60	23	57	52	97	42	64	25	44	39	32	23	46	16	70	79	11	47	-1	97	68	4	63	31	33	23	81	89	57	62	51	87	8	67	3	99	40	63	81	36	5	88	80	24	32	43	74	92	45	11	79	99	26	49	73	9	3	37	91	11	67	84	86	64	12	88	27	94	41	70	39	77	35	90	31	99	18	32	16	25	30	9	33	24	58	72	
83	88	79	88	74	100	89	3	36	19	70	42	70	8	8	94	88	62	40	52	25	23	25	98	95	70	27	3	50	17	55	4	97	-1	66	52	51	98	93	5	35	72	71	71	32	87	42	31	60	84	4	6	79	89	78	34	79	39	62	51	86	14	46	60	17	90	50	61	16	8	51	83	54	76	33	47	2	48	58	39	74	89	84	23	27	39	41	94	42	67	25	55	81	49	36	34	45	88	32	35	
41	74	23	59	91	22	77	85	60	31	15	47	32	94	11	87	20	39	96	92	4	40	14	20	68	38	68	66	44	40	90	43	68	66	-1	70	13	41	63	23	53	3	92	56	66	8	18	77	100	23	19	29	50	28	18	15	84	88	80	44	18	76	19	85	12	25	60	42	79	31	38	90	88	50	59	17	27	40	39	72	67	36	11	97	9	62	55	50	26	5	95	30	45	61	90	33	12	81	12	27	
21	59	47	57	11	79	59	53	72	34	20	56	92	41	9	69	36	62	40	86	25	36	65	67	60	45	84	14	89	29	32	74	4	52	70	-1	17	40	43	80	31	10	96	10	22	25	51	8	37	9	70	5	19	25	89	12	61	30	55	91	98	37	68	90	98	84	28	45	22	41	15	60	68	59	70	46	99	53	77	44	55	92	93	55	34	47	83	8	89	89	45	7	65	38	77	7	84	90	32	44	
43	60	90	11	60	96	18	22	35	27	3	1	36	41	74	56	67	57	91	47	17	10	40	21	79	22	57	36	72	32	16	99	63	51	13	17	-1	8	58	73	78	14	4	78	37	50	34	46	52	31	10	67	10	57	49	38	59	74	11	37	19	14	17	16	44	80	22	7	37	66	39	71	63	16	63	3	23	20	97	25	12	10	91	37	95	4	2	29	96	49	27	58	30	61	46	58	37	32	77	26	
59	33	71	15	60	32	45	17	74	50	67	87	82	73	32	81	22	40	43	1	25	34	2	1	82	91	70	89	20	33	12	91	31	98	41	40	8	-1	64	4	48	37	14	56	82	86	69	99	26	27	21	36	98	39	29	43	64	73	27	76	40	97	5	42	85	18	39	79	87	52	87	82	36	76	15	13	82	95	70	28	89	35	82	18	97	64	60	22	81	61	40	52	53	65	98	37	14	17	10	97	
68	100	18	54	26	39	3	15	46	80	90	19	88	6	27	21	69	94	23	81	58	18	52	45	22	52	56	97	50	81	96	41	33	93	63	43	58	64	-1	20	74	4	72	76	64	27	67	87	17	82	31	41	42	15	26	90	29	96	5	19	22	36	70	76	63	35	11	28	50	88	26	12	36	70	30	25	52	20	26	56	32	90	81	59	12	13	37	18	41	42	40	92	64	90	24	83	82	28	42	16	
45	11	51	14	23	62	61	5	33	97	64	94	84	34	91	70	57	97	16	47	40	9	21	82	10	26	69	8	46	80	78	16	23	5	23	80	73	4	20	-1	86	59	38	38	9	5	60	60	1	77	34	51	13	73	96	3	52	83	88	89	65	29	24	40	62	58	8	58	75	87	96	82	68	18	73	76	49	54	51	80	6	59	67	70	20	3	50	57	43	9	18	83	56	86	99	21	4	41	12	83	
16	100	40	43	91	95	16	98	84	15	73	28	14	56	34	83	41	53	87	34	95	58	89	22	59	18	51	52	42	8	36	56	81	35	53	31	78	48	74	86	-1	46	50	79	50	81	6	99	72	77	24	37	68	44	72	33	50	72	85	25	21	36	56	94	79	91	31	26	77	84	82	94	81	26	85	57	100	81	73	20	11	65	52	35	27	27	99	4	63	14	14	91	83	28	63	54	67	41	82	50	
57	22	3	90	71	85	89	26	87	41	62	69	82	64	3	47	75	93	7	94	49	8	22	64	42	72	25	84	37	27	24	24	89	72	3	10	14	37	4	59	46	-1	74	35	73	9	71	71	50	1	27	35	85	4	44	12	32	82	82	42	4	21	17	42	82	31	82	54	50	65	65	67	19	93	94	32	78	13	50	58	3	38	84	80	82	52	65	7	26	92	77	85	92	86	55	83	42	77	15	23	
90	60	100	33	76	76	45	12	19	54	19	86	92	64	89	81	21	47	33	27	70	29	18	1	29	46	61	41	58	54	58	21	57	71	92	96	4	14	72	38	50	74	-1	46	27	98	53	44	97	6	56	14	25	46	91	59	74	7	63	82	30	96	62	86	31	40	58	82	4	95	17	9	44	62	19	61	71	62	38	27	84	33	98	69	67	27	29	99	32	88	37	19	4	35	80	26	14	23	70	38	
98	4	86	65	49	13	22	68	72	29	8	87	35	86	80	67	2	92	74	19	76	50	43	32	91	1	24	63	97	65	68	35	62	71	56	10	78	56	76	38	79	35	46	-1	44	51	49	91	30	91	65	50	31	20	23	95	28	21	88	45	22	92	57	94	84	3	97	1	68	48	89	56	100	25	72	33	72	80	43	92	46	86	58	74	70	74	31	41	80	64	26	24	10	82	83	80	50	16	44	14	
60	49	58	67	93	33	24	97	99	22	97	71	87	9	99	74	77	73	40	45	17	36	24	18	57	80	90	87	28	92	99	16	51	32	66	22	37	82	64	9	50	73	27	44	-1	24	3	42	15	71	71	53	86	58	37	18	13	56	22	5	79	17	26	7	48	79	43	62	29	80	74	70	85	34	10	22	92	62	74	11	100	22	69	48	97	100	84	51	13	36	92	51	52	66	85	23	28	43	62	9	
42	82	81	23	68	67	26	47	46	23	2	66	90	26	57	11	99	95	63	71	62	68	54	81	67	25	22	84	91	55	88	12	87	87	8	25	50	86	27	5	81	9	98	51	24	-1	32	46	46	74	70	52	54	10	79	80	67	31	74	93	83	91	39	96	51	41	81	78	76	15	25	78	27	38	26	39	9	29	46	57	10	45	86	40	4	100	61	37	64	91	89	12	93	98	67	77	72	17	100	27	
27	43	87	62	81	23	41	32	31	94	5	72	32	24	66	74	28	40	63	19	39	41	83	32	63	76	94	86	39	14	74	53	8	42	18	51	34	69	67	60	6	71	53	49	3	32	-1	6	58	43	13	99	72	9	51	59	22	98	93	88	48	46	47	4	90	72	25	43	38	65	19	34	22	13	7	49	27	14	37	34	48	61	96	83	2	41	43	42	28	25	99	66	81	93	39	81	17	91	67	89	
22	2	24	94	36	79	57	72	83	69	1	15	49	59	4	69	72	78	23	16	86	20	73	37	25	13	63	82	33	80	5	97	67	31	77	8	46	99	87	60	99	71	44	91	42	46	6	-1	45	79	70	95	23	86	78	86	74	63	49	67	92	80	49	33	60	82	99	36	26	9	53	38	96	63	29	53	60	39	57	25	4	38	73	85	68	41	54	97	58	48	20	63	6	10	97	38	69	53	47	78	
66	68	23	46	2	68	47	80	85	62	79	89	87	65	90	81	82	62	53	33	42	46	12	24	2	23	35	58	45	15	41	78	3	60	100	37	52	26	17	1	72	50	97	30	15	46	58	45	-1	72	12	100	94	33	56	82	86	37	19	14	41	70	43	80	29	34	78	59	93	32	32	84	100	47	77	97	90	78	1	68	56	63	38	81	67	59	97	76	37	76	75	94	63	83	57	63	10	68	73	53	
29	71	94	11	45	5	83	25	49	19	20	57	61	6	70	16	19	87	35	22	20	2	5	59	40	86	1	48	31	77	76	6	99	84	23	9	31	27	82	77	77	1	6	91	71	74	43	79	72	-1	21	76	71	99	43	11	13	100	85	58	70	88	9	67	37	71	24	30	9	5	46	10	63	86	24	12	36	75	95	95	51	60	2	89	86	63	11	69	32	93	22	38	33	84	31	59	71	45	35	95	
36	30	97	71	13	38	84	42	65	69	61	91	23	83	46	87	77	53	77	76	69	55	21	48	21	59	71	35	42	2	52	44	40	4	19	70	10	21	31	34	24	27	56	65	71	70	13	70	12	21	-1	72	79	8	47	88	40	56	49	100	50	3	11	11	36	56	100	20	98	42	66	92	30	35	38	21	85	4	60	79	41	74	58	98	24	73	34	61	41	63	41	30	37	75	87	33	5	42	25	85	
71	42	85	13	54	8	71	97	48	21	15	60	66	25	98	12	48	26	55	16	31	21	18	88	91	63	39	100	92	52	47	19	63	6	29	5	67	36	41	51	37	35	14	50	53	52	99	95	100	76	72	-1	35	58	86	96	94	30	33	63	29	93	57	14	98	50	46	28	83	39	95	75	73	16	93	33	5	71	67	6	20	22	3	82	89	40	56	89	69	48	59	81	42	86	87	3	20	11	48	62	
44	41	77	99	40	17	90	88	48	18	18	56	83	22	34	11	86	63	96	33	26	90	87	98	85	47	22	10	25	23	31	41	81	79	50	19	10	98	42	13	68	85	25	31	86	54	72	23	94	71	79	35	-1	44	95	60	64	89	29	69	13	1	39	73	65	35	94	66	9	26	16	8	98	71	1	74	93	30	55	17	86	43	5	39	58	14	49	30	78	99	44	19	3	88	11	94	23	36	91	3	
64	67	26	79	22	36	76	49	53	83	31	65	57	47	10	6	66	100	22	24	42	64	8	12	65	77	38	90	13	100	66	21	36	89	28	25	57	39	15	73	44	4	46	20	58	10	9	86	33	99	8	58	44	-1	93	61	38	51	59	47	68	59	10	47	59	32	52	35	51	20	10	15	25	52	77	21	78	26	94	80	38	1	38	5	53	94	87	90	74	33	20	12	35	21	73	32	80	16	95	32	
73	83	56	42	87	32	2	4	88	62	34	53	24	48	42	93	71	79	49	72	93	31	35	69	88	58	36	64	97	5	37	71	5	78	18	89	49	29	26	96	72	44	91	23	37	79	51	78	56	43	47	86	95	93	-1	7	14	69	50	38	8	27	33	51	20	74	40	93	63	80	64	52	6	73	89	83	73	42	11	56	89	85	5	48	32	26	66	95	38	80	71	22	26	14	49	18	62	59	43	4	
14	51	44	30	92	69	22	43	85	90	27	56	63	70	21	73	69	86	55	79	70	2	59	76	34	86	30	85	25	19	31	68	88	34	15	12	38	43	90	3	33	12	59	95	18	80	59	86	82	11	88	96	60	61	7	-1	99	96	91	32	4	30	86	7	4	28	21	52	18	6	65	48	13	94	1	80	64	85	83	95	3	98	43	5	67	26	51	15	63	79	4	72	35	27	25	76	25	63	22	87	
82	95	40	23	76	25	87	1	16	70	60	46	8	86	16	60	57	23	45	15	86	87	72	51	69	15	38	61	25	88	97	31	80	79	84	61	59	64	29	52	50	32	74	28	13	67	22	74	86	13	40	94	64	38	14	99	-1	86	65	66	87	2	1	5	58	55	19	68	98	15	49	29	38	8	14	39	58	51	64	50	25	8	66	99	70	49	37	54	20	93	45	7	23	16	54	39	32	64	47	91	
35	26	85	42	52	52	91	62	64	48	80	28	59	28	1	49	91	84	39	95	91	35	80	97	62	89	61	64	70	83	19	5	24	39	88	30	74	73	96	83	72	82	7	21	56	31	98	63	37	100	56	30	89	51	69	96	86	-1	23	41	85	46	50	16	24	31	84	32	35	73	75	91	41	78	63	92	93	62	89	1	26	4	34	78	9	65	8	70	27	68	81	2	33	38	77	12	51	35	98	86	
58	63	7	26	14	68	25	12	73	91	6	93	17	64	1	86	72	79	65	90	65	11	7	95	97	76	31	32	71	6	15	87	32	62	80	55	11	27	5	88	85	82	63	88	22	74	93	49	19	85	49	33	29	59	50	91	65	23	-1	17	52	46	39	76	23	74	81	12	16	60	91	20	21	86	53	63	12	24	6	14	100	73	61	34	77	87	7	15	72	93	60	49	33	30	96	86	3	46	12	24	
21	14	45	15	39	87	41	20	55	32	9	32	86	36	33	43	79	46	17	19	86	51	25	91	33	28	85	5	78	15	31	85	43	51	44	91	37	76	19	89	25	42	82	45	5	93	88	67	14	58	100	63	69	47	38	32	66	41	17	-1	25	6	69	96	7	61	45	95	73	61	31	20	29	84	19	3	35	23	38	4	80	10	83	47	59	90	72	19	8	40	27	68	62	71	3	53	20	31	33	93	
17	32	41	35	79	1	17	78	42	21	53	99	90	16	30	31	51	33	72	54	15	65	8	55	80	28	77	83	75	66	97	96	74	86	18	98	19	40	22	65	21	4	30	22	79	83	48	92	41	70	50	29	13	68	8	4	87	85	52	25	-1	74	63	30	58	53	84	88	36	52	62	65	63	12	16	18	71	71	91	56	15	40	4	71	96	62	99	13	51	41	22	37	90	41	49	43	31	82	66	15	
87	34	73	22	47	22	81	74	8	21	73	64	86	7	22	43	41	13	53	67	42	54	60	45	50	78	48	79	67	88	94	22	92	14	76	37	14	97	36	29	36	21	96	92	17	91	46	80	70	88	3	93	1	59	27	30	2	46	46	6	74	-1	41	96	53	3	99	72	62	74	62	75	69	71	42	17	42	67	68	28	5	10	79	30	8	82	65	29	73	97	39	78	41	60	71	39	42	61	48	45	
85	87	100	8	17	54	31	77	30	3	74	53	5	20	95	2	5	53	81	20	13	42	46	58	47	83	70	27	93	71	7	22	45	46	19	68	17	5	70	24	56	17	62	57	26	39	47	49	43	9	11	57	39	10	33	86	1	50	39	69	63	41	-1	83	63	3	80	96	90	97	9	73	73	97	98	11	30	84	64	55	4	6	29	25	84	43	47	7	56	21	14	85	70	7	97	36	72	23	90	48	
45	63	68	39	91	74	24	87	69	58	4	38	6	4	41	30	23	30	17	70	62	41	93	38	95	77	95	37	21	59	65	2	11	60	85	90	16	42	76	40	94	42	86	94	7	96	4	33	80	67	11	14	73	47	51	7	5	16	76	96	30	96	83	-1	84	40	99	39	93	31	39	67	34	14	65	13	11	50	95	30	82	98	83	14	39	99	55	72	19	35	78	33	97	28	77	1	39	21	18	66	
58	23	93	52	33	3	91	12	20	86	89	33	98	21	1	100	36	89	40	97	29	8	64	38	61	12	67	29	68	18	75	79	79	17	12	98	44	85	63	62	79	82	31	84	48	51	90	60	29	37	36	98	65	59	20	4	58	24	23	7	58	53	63	84	-1	4	36	51	34	42	6	11	83	49	39	82	52	24	20	25	67	24	26	63	29	87	52	86	70	8	36	46	70	3	58	16	35	53	86	98	
49	34	100	27	67	9	62	54	93	84	75	30	97	29	65	68	94	51	46	87	9	95	5	14	84	7	12	83	96	25	42	62	99	90	25	84	80	18	35	58	91	31	40	3	79	41	72	82	34	71	56	50	35	32	74	28	55	31	74	61	53	3	3	40	4	-1	39	25	27	21	24	77	36	42	59	41	57	97	90	64	65	35	17	79	71	3	95	78	47	63	40	85	90	56	81	34	68	80	48	16	
73	91	34	77	42	6	48	45	41	62	95	47	11	59	10	74	82	54	61	58	83	88	75	31	92	9	41	46	100	73	62	11	26	50	60	28	22	39	11	8	31	82	58	97	43	81	25	99	78	24	100	46	94	52	40	21	19	84	81	45	84	99	80	99	36	39	-1	41	2	78	57	70	95	50	15	14	3	59	87	92	69	72	87	71	24	11	62	63	98	99	45	58	18	90	8	15	93	59	6	37	
34	15	64	42	72	77	2	54	10	69	94	86	71	73	54	7	57	32	39	23	66	24	13	33	60	50	51	79	52	51	37	87	49	61	42	45	7	79	28	58	26	54	82	1	62	78	43	36	59	30	20	28	66	35	93	52	68	32	12	95	88	72	96	39	51	25	41	-1	76	7	25	27	57	67	18	26	63	37	92	28	63	94	30	20	60	75	45	74	17	3	70	25	62	37	49	2	33	78	40	34	
84	65	91	52	69	7	18	70	48	45	19	92	79	48	58	83	6	57	78	38	61	81	6	76	79	52	29	51	27	4	5	65	73	16	79	22	37	87	50	75	77	50	4	68	29	76	38	26	93	9	98	83	9	51	63	18	98	35	16	73	36	62	90	93	34	27	2	76	-1	10	60	27	62	44	84	19	90	81	41	91	40	75	55	17	87	41	63	30	12	22	79	5	19	68	45	69	17	96	11	89	
4	75	12	56	10	19	78	43	83	58	65	46	61	60	17	43	63	13	37	11	2	12	4	61	74	80	68	80	48	67	28	1	9	8	31	41	66	52	88	87	84	65	95	48	80	15	65	9	32	5	42	39	26	20	80	6	15	73	60	61	52	74	97	31	42	21	78	7	10	-1	44	92	41	48	12	40	46	6	97	73	76	97	68	71	98	79	63	42	35	87	47	8	25	81	60	92	63	88	92	74	
29	95	85	3	18	47	71	96	24	81	90	99	13	31	15	13	28	83	52	51	78	3	97	49	7	9	88	49	27	39	8	19	3	51	38	15	39	87	26	96	82	65	17	89	74	25	19	53	32	46	66	95	16	10	64	65	49	75	91	31	62	62	9	39	6	24	57	25	60	44	-1	34	14	44	21	70	78	59	25	37	90	31	43	96	70	37	42	100	41	72	55	75	60	5	7	75	27	1	47	23	
87	32	35	50	85	44	65	33	32	52	30	17	42	60	34	21	65	39	1	76	21	39	96	45	25	54	31	3	20	23	35	100	37	83	90	60	71	82	12	82	94	67	9	56	70	78	34	38	84	10	92	75	8	15	52	48	29	91	20	20	65	75	73	67	11	77	70	27	27	92	34	-1	65	72	27	97	35	68	47	22	53	61	80	72	43	8	39	9	37	78	12	77	50	62	56	50	6	81	46	30	
15	85	44	6	5	95	58	58	84	36	76	23	31	79	25	45	6	88	82	60	17	21	49	16	75	38	12	50	52	20	64	31	91	54	88	68	63	36	36	68	81	19	44	100	85	27	22	96	100	63	30	73	98	25	6	13	38	41	21	29	63	69	73	34	83	36	95	57	62	41	14	65	-1	23	85	87	76	68	80	16	47	59	15	37	95	13	26	83	9	27	69	94	81	39	3	8	81	75	14	33	
37	67	54	55	33	57	1	25	23	7	3	82	3	66	2	6	94	5	87	28	82	39	98	8	71	50	74	25	75	41	13	24	11	76	50	59	16	76	70	18	26	93	62	25	34	38	13	63	47	86	35	16	71	52	73	94	8	78	86	84	12	71	97	14	49	42	50	67	44	48	44	72	23	-1	49	85	88	91	30	76	53	85	96	74	80	27	3	55	10	40	99	37	64	80	70	91	85	54	58	87	
53	20	88	62	63	41	3	84	79	83	2	48	90	20	37	67	100	63	46	94	72	47	13	30	68	28	88	11	75	55	50	74	67	33	59	70	63	15	30	73	85	94	19	72	10	26	7	29	77	24	38	93	1	77	89	1	14	63	53	19	16	42	98	65	39	59	15	18	84	12	21	27	85	49	-1	69	52	32	47	67	26	13	28	45	1	18	14	3	66	41	95	21	54	22	10	7	50	39	13	73	
12	40	16	16	23	19	50	48	79	35	98	72	39	60	94	91	81	65	10	53	35	85	87	43	12	38	88	57	30	42	15	58	84	47	17	46	3	13	25	76	57	32	61	33	22	39	49	53	97	12	21	33	74	21	83	80	39	92	63	3	18	17	11	13	82	41	14	26	19	40	70	97	87	85	69	-1	45	16	46	88	17	77	66	42	35	54	83	22	91	35	48	52	36	8	63	33	32	56	90	90	
2	85	26	98	87	35	30	37	56	51	43	27	93	68	72	38	19	33	51	93	20	36	10	84	20	78	83	76	41	2	4	100	86	2	27	99	23	82	52	49	100	78	71	72	92	9	27	60	90	36	85	5	93	78	73	64	58	93	12	35	71	42	30	11	52	57	3	63	90	46	78	35	76	88	52	45	-1	83	64	41	53	12	35	6	25	56	79	58	3	93	58	35	69	77	74	95	41	97	66	24	
65	100	88	99	92	33	90	96	30	45	55	94	38	66	99	88	6	3	99	96	37	12	14	11	39	43	55	72	19	58	78	61	64	48	40	53	20	95	20	54	81	13	62	80	62	29	14	39	78	75	4	71	30	26	42	85	51	62	24	23	71	67	84	50	24	97	59	37	81	6	59	68	68	91	32	16	83	-1	53	20	14	28	67	5	41	88	23	4	89	51	60	58	26	16	34	87	26	15	53	80	
68	73	82	57	19	3	6	35	90	92	87	93	91	86	52	62	41	90	83	69	22	54	84	75	56	60	55	37	9	87	12	81	12	58	39	77	97	70	26	51	73	50	38	43	74	46	37	57	1	95	60	67	55	94	11	83	64	89	6	38	91	68	64	95	20	90	87	92	41	97	25	47	80	30	47	46	64	53	-1	77	63	39	99	57	14	83	62	37	81	5	45	89	84	55	51	12	60	33	67	64	
77	47	3	89	75	85	50	51	37	23	42	59	68	17	93	55	15	5	7	45	81	29	5	25	92	91	83	1	15	9	45	40	88	39	72	44	25	28	56	80	20	58	27	92	11	57	34	25	68	95	79	6	17	80	56	95	50	1	14	4	56	28	55	30	25	64	92	28	91	73	37	22	16	76	67	88	41	20	77	-1	5	1	29	74	54	98	48	27	34	86	84	62	58	54	19	35	1	65	55	35	
10	14	14	11	7	63	34	12	73	64	85	74	6	52	29	52	43	79	13	23	30	74	49	92	25	85	97	15	32	20	80	56	27	74	67	55	12	89	32	6	11	3	84	46	100	10	48	4	56	51	41	20	86	38	89	3	25	26	100	80	15	5	4	82	67	65	69	63	40	76	90	53	47	53	26	17	53	14	63	5	-1	15	7	68	53	53	79	24	8	83	43	26	58	86	39	51	93	5	21	74	
6	33	66	60	67	28	89	43	44	24	52	95	5	85	47	50	7	16	77	46	30	55	34	34	28	86	18	61	67	54	20	44	94	89	36	92	10	35	90	59	65	38	33	86	22	45	61	38	63	60	74	22	43	1	85	98	8	4	73	10	40	10	6	98	24	35	72	94	75	97	31	61	59	85	13	77	12	28	39	1	15	-1	56	19	47	35	60	67	61	90	80	99	69	61	1	65	40	43	34	19	
53	86	13	74	14	52	49	54	5	64	28	77	60	18	65	58	25	54	12	73	55	12	77	85	34	8	37	3	21	21	18	93	41	84	11	93	91	82	81	67	52	84	98	58	69	86	96	73	38	2	58	3	5	38	5	43	66	34	61	83	4	79	29	83	26	17	87	30	55	68	43	80	15	96	28	66	35	67	99	29	7	56	-1	46	22	19	76	89	32	8	7	70	34	16	24	53	72	54	29	75	
76	51	4	39	35	7	52	40	51	92	26	11	49	73	62	71	15	88	21	65	6	48	60	23	56	76	45	93	54	57	72	80	70	23	97	55	37	18	59	70	35	80	69	74	48	40	83	85	81	89	98	82	39	5	48	5	99	78	34	47	71	30	25	14	63	79	71	20	17	71	96	72	37	74	45	42	6	5	57	74	68	19	46	-1	72	73	47	52	96	31	85	2	78	63	7	58	59	23	91	29	
27	4	38	72	87	30	36	4	3	75	24	35	79	65	79	52	76	64	94	98	40	75	40	36	99	94	57	16	93	90	18	31	39	27	9	34	95	97	12	20	27	82	67	70	97	4	2	68	67	86	24	89	58	53	32	67	70	9	77	59	96	8	84	39	29	71	24	60	87	98	70	43	95	80	1	35	25	41	14	54	53	47	22	72	-1	63	91	100	20	69	56	100	83	100	63	80	60	80	37	21	
66	48	27	63	31	4	79	44	63	30	12	74	44	42	62	96	13	35	97	72	30	46	31	52	88	23	52	14	13	26	44	86	77	39	62	47	4	64	13	3	27	52	27	74	100	100	41	41	59	63	73	40	14	94	26	26	49	65	87	90	62	82	43	99	87	3	11	75	41	79	37	8	13	27	18	54	56	88	83	98	53	35	19	73	63	-1	70	18	87	25	64	54	98	86	68	56	33	63	99	37	
7	60	74	46	78	2	38	59	62	11	80	34	2	36	24	64	60	10	65	17	85	9	17	14	82	6	84	68	1	77	22	48	35	41	55	83	2	60	37	50	99	65	29	31	84	61	43	54	97	11	34	56	49	87	66	51	37	8	7	72	99	65	47	55	52	95	62	45	63	63	42	39	26	3	14	83	79	23	62	48	79	60	76	47	91	70	-1	22	64	55	78	85	87	26	85	78	92	97	91	74	
27	100	54	79	67	90	64	41	72	8	72	60	65	19	39	30	50	69	23	69	72	81	1	7	34	43	99	38	27	95	36	57	90	94	50	8	29	22	18	57	4	7	99	41	51	37	42	97	76	69	61	89	30	90	95	15	54	70	15	19	13	29	7	72	86	78	63	74	30	42	100	9	83	55	3	22	58	4	37	27	24	67	89	52	100	18	22	-1	76	81	1	53	2	61	47	11	74	76	10	59	
24	38	61	96	45	83	94	39	90	51	24	92	5	42	2	74	22	80	46	87	87	96	30	99	63	33	28	25	53	11	30	38	31	42	26	89	96	81	41	43	63	26	32	80	13	64	28	58	37	32	41	69	78	74	38	63	20	27	72	8	51	73	56	19	70	47	98	17	12	35	41	37	9	10	66	91	3	89	81	34	8	61	32	96	20	87	64	76	-1	23	100	58	43	22	7	95	29	64	84	79	
3	8	51	50	28	40	85	5	1	63	24	84	27	93	14	34	23	16	67	39	23	93	99	65	4	3	2	2	3	62	32	29	99	67	5	89	49	61	42	9	14	92	88	64	36	91	25	48	76	93	63	48	99	33	80	79	93	68	93	40	41	97	21	35	8	63	99	3	22	87	72	78	27	40	41	35	93	51	5	86	83	90	8	31	69	25	55	81	23	-1	21	44	78	96	92	96	88	25	8	61	
95	7	9	36	5	11	58	49	82	12	26	83	76	11	27	19	66	50	40	53	99	26	78	68	93	38	79	13	51	42	77	74	18	25	95	45	27	40	40	18	14	77	37	26	92	89	99	20	75	22	41	59	44	20	71	4	45	81	60	27	22	39	14	78	36	40	45	70	79	47	55	12	69	99	95	48	58	60	45	84	43	80	7	85	56	64	78	1	100	21	-1	1	35	22	41	70	14	36	69	48	
4	3	25	17	2	22	95	18	20	35	10	71	96	20	7	97	25	40	13	3	99	41	50	96	70	84	57	21	35	87	46	24	32	55	30	7	58	52	92	83	91	85	19	24	51	12	66	63	94	38	30	81	19	12	22	72	7	2	49	68	37	78	85	33	46	85	58	25	5	8	75	77	94	37	21	52	35	58	89	62	26	99	70	2	100	54	85	53	58	44	1	-1	46	63	8	88	95	80	55	40	
74	26	81	89	68	63	27	91	54	25	46	52	98	27	78	33	30	43	68	94	93	3	7	29	2	25	25	25	15	27	52	18	16	81	45	65	30	53	64	56	83	92	4	10	52	93	81	6	63	33	37	42	3	35	26	35	23	33	33	62	90	41	70	97	70	90	18	62	19	25	60	50	81	64	54	36	69	26	84	58	58	69	34	78	83	98	87	2	43	78	35	46	-1	51	49	100	73	98	34	51	
43	39	95	95	51	94	31	80	69	47	55	96	30	52	59	94	98	61	74	71	3	92	87	15	62	51	58	93	65	55	31	36	25	49	61	38	61	65	90	86	28	86	35	82	66	98	93	10	83	84	75	86	88	21	14	27	16	38	30	71	41	60	7	28	3	56	90	37	68	81	5	62	39	80	22	8	77	16	55	54	86	61	16	63	100	86	26	61	22	96	22	63	51	-1	57	14	12	19	65	76	
5	76	60	47	86	48	21	11	42	71	99	48	63	2	77	39	14	10	22	33	10	52	25	51	74	47	22	47	38	59	85	30	30	36	90	77	46	98	24	99	63	55	80	83	85	67	39	97	57	31	87	87	11	73	49	25	54	77	96	3	49	71	97	77	58	81	8	49	45	60	7	56	3	70	10	63	74	34	51	19	39	1	24	7	63	68	85	47	7	92	41	8	49	57	-1	11	87	51	86	31	
44	55	54	2	54	21	64	65	80	16	100	49	37	18	65	86	95	89	5	9	38	73	81	29	79	49	61	62	85	27	1	62	9	34	33	7	58	37	83	21	54	83	26	80	23	77	81	38	63	59	33	3	94	32	18	76	39	12	86	53	43	39	36	1	16	34	15	2	69	92	75	50	8	91	7	33	95	87	12	35	51	65	53	58	80	56	78	11	95	96	70	88	100	14	11	-1	62	52	23	12	
26	16	39	43	33	22	76	51	22	57	80	2	30	90	68	31	18	17	84	60	1	51	99	76	35	79	71	26	86	63	83	57	33	45	12	84	37	14	82	4	67	42	14	50	28	72	17	69	10	71	5	20	23	80	62	25	32	51	3	20	31	42	72	39	35	68	93	33	17	63	27	6	81	85	50	32	41	26	60	1	93	40	72	59	60	33	92	74	29	88	14	95	73	12	87	62	-1	63	85	76	
58	6	25	80	83	72	46	87	93	35	24	68	75	87	14	7	84	74	81	16	75	51	42	79	66	17	43	3	49	86	63	92	24	88	81	90	32	17	28	41	41	77	23	16	43	17	91	53	68	45	42	11	36	16	59	63	64	35	46	31	82	61	23	21	53	80	59	78	96	88	1	81	75	54	39	56	97	15	33	65	5	43	54	23	80	63	97	76	64	25	36	80	98	19	51	52	63	-1	66	72	
81	96	49	74	16	47	16	54	43	87	72	2	78	78	76	45	31	2	55	42	2	31	28	57	20	15	41	49	74	15	48	42	58	32	12	32	77	10	42	12	82	15	70	44	62	100	67	47	73	35	25	48	91	95	43	22	47	98	12	33	66	48	90	18	86	48	6	40	11	92	47	46	14	58	13	90	66	53	67	55	21	34	29	91	37	99	91	10	84	8	69	55	34	65	86	23	85	66	-1	55	
33	87	14	53	68	35	86	96	52	15	13	20	6	46	50	33	4	36	74	27	84	41	28	74	58	29	10	66	55	5	95	78	72	35	27	44	26	97	16	83	50	23	38	14	9	27	89	78	53	95	85	62	3	32	4	87	91	86	24	93	15	45	48	66	98	16	37	34	89	74	23	30	33	87	73	90	24	80	64	35	74	19	75	29	21	37	74	59	79	61	48	40	51	76	31	12	76	72	55	-1	
