100
-1	33	17	99	36	55	89	10	68	11	82	66	57	19	27	26	95	63	81	81	39	50	41	12	16	58	69	16	34	78	19	43	50	47	78	73	7	57	27	54	48	46	7	15	81	55	62	1	42	22	39	48	85	96	80	63	4	23	28	91	23	63	16	3	83	97	11	95	79	72	77	84	82	47	38	70	45	2	6	91	99	69	56	27	54	86	12	48	87	35	97	97	57	74	19	25	93	59	80	61	
33	-1	90	47	21	38	72	38	59	40	46	32	94	96	48	4	90	35	21	85	40	19	61	60	32	13	51	21	93	40	81	25	68	44	87	28	45	55	13	28	6	44	19	58	56	77	8	11	87	63	74	53	2	87	51	79	81	27	69	11	38	2	74	99	16	20	99	94	73	85	93	71	66	71	85	50	30	50	84	86	45	76	46	55	72	53	12	92	75	37	47	52	25	55	96	73	81	40	29	89	
17	90	-1	31	45	65	8	16	57	34	50	86	22	82	77	14	78	48	13	95	76	25	44	99	77	6	48	64	4	63	15	72	29	93	89	81	38	40	92	84	37	76	28	69	90	1	80	30	48	100	25	83	73	100	97	25	55	73	71	29	41	24	49	24	18	51	2	57	92	26	61	86	28	31	58	90	41	65	39	55	70	3	46	56	84	7	29	13	56	89	25	37	81	18	76	52	16	12	4	25	
99	47	31	-1	61	24	33	90	49	89	74	99	24	99	15	63	73	36	99	65	72	13	35	39	40	5	14	36	1	81	14	59	3	91	67	58	19	65	43	48	29	96	46	78	7	18	50	20	25	87	42	67	94	47	22	34	2	85	39	14	96	10	96	70	98	85	64	31	66	73	74	3	35	3	41	52	17	66	2	40	65	93	62	58	25	96	16	83	83	37	98	27	59	64	39	93	97	64	65	90	
36	21	45	61	-1	27	69	92	16	12	75	27	45	2	16	13	28	10	97	15	98	38	44	56	90	94	14	60	66	65	95	42	28	37	50	75	81	50	100	12	67	8	51	68	17	76	35	5	39	16	91	85	23	56	36	66	79	24	47	90	64	55	52	52	55	26	39	63	57	38	42	98	24	14	87	96	68	32	51	17	51	78	43	92	65	100	47	50	94	32	12	18	85	53	46	31	77	47	37	95	
55	38	65	24	27	-1	70	23	31	30	39	95	79	75	29	29	57	68	58	100	2	20	99	9	77	96	63	55	62	42	65	46	45	58	51	93	30	41	12	91	36	68	19	22	40	1	5	13	36	64	77	27	91	85	66	48	90	40	5	1	32	88	76	74	50	28	85	60	18	32	43	51	48	56	57	8	21	2	4	88	100	88	44	11	47	35	46	73	43	66	21	17	94	86	25	71	88	83	75	87	
89	72	8	33	69	70	-1	7	31	94	6	24	22	1	72	91	38	2	15	94	76	47	11	84	86	19	31	55	42	35	95	9	95	93	26	47	50	37	86	19	72	30	46	78	74	15	75	92	69	79	45	84	76	94	60	64	18	5	59	7	52	23	100	71	7	60	54	79	69	70	46	85	50	55	19	25	69	19	85	47	88	18	56	36	88	80	66	23	76	23	84	41	61	12	68	95	14	78	25	61	
10	38	16	90	92	23	7	-1	64	31	59	50	61	9	2	34	13	84	9	89	17	73	13	10	60	54	40	76	38	66	91	95	15	88	79	2	39	35	67	32	8	29	60	1	29	68	55	75	95	72	95	64	46	98	7	25	56	16	38	51	82	62	23	33	79	49	51	94	4	54	33	29	87	21	58	2	18	43	33	75	88	25	68	95	97	54	83	29	88	54	57	52	14	7	45	13	98	20	11	82	
68	59	57	49	16	31	31	64	-1	33	65	35	78	38	58	68	1	84	51	49	94	42	8	92	82	60	68	84	66	17	44	33	64	80	69	81	93	66	73	93	91	44	94	68	73	49	75	47	51	51	44	70	17	63	40	2	73	17	74	36	41	21	9	41	13	50	51	46	89	61	71	69	55	90	78	60	98	21	55	59	55	11	78	89	55	66	59	11	25	58	6	59	21	57	66	34	42	66	95	8	
11	40	34	89	12	30	94	31	33	-1	7	74	28	25	56	23	52	61	67	36	7	7	90	52	77	89	84	18	23	71	74	98	69	62	34	70	15	67	32	31	75	100	25	80	78	46	50	59	58	5	22	28	59	35	46	63	68	79	8	37	9	73	66	89	71	49	1	14	8	41	49	17	4	6	74	5	10	99	8	51	70	24	67	79	55	32	25	94	85	23	92	86	81	17	95	11	24	75	41	31	
82	46	50	74	75	39	6	59	65	7	-1	85	27	64	60	33	70	51	84	28	49	10	77	70	71	64	87	63	22	75	35	26	8	59	13	23	12	28	80	8	57	30	76	5	6	30	96	48	58	43	9	96	11	16	87	3	57	43	63	2	72	18	100	64	14	34	14	71	6	18	44	74	66	13	84	50	66	46	57	71	61	38	16	57	35	95	91	92	51	56	2	77	91	92	43	71	47	96	33	48	
66	32	86	99	27	95	24	50	35	74	85	-1	18	19	47	43	35	21	45	82	66	84	11	27	29	80	89	81	45	98	39	24	9	85	18	48	59	77	10	26	28	89	98	100	13	74	1	71	15	18	58	22	75	64	90	44	34	78	100	18	10	17	6	58	50	76	2	27	31	31	19	43	48	53	85	53	26	28	50	86	51	64	75	41	68	87	26	90	38	67	97	77	2	24	35	56	11	100	30	46	
57	94	22	24	45	79	22	61	78	28	27	18	-1	35	92	49	36	45	53	86	23	34	11	38	52	47	76	64	65	30	60	48	97	62	80	49	82	100	4	36	48	91	90	26	56	12	75	80	26	51	52	10	16	57	62	6	100	94	37	5	72	16	3	18	4	84	39	2	44	61	48	16	71	43	9	98	63	2	41	24	37	91	71	11	19	50	29	28	100	41	88	30	28	59	85	97	52	72	67	21	
19	96	82	99	2	75	1	9	38	25	64	19	35	-1	65	12	65	83	60	15	45	66	89	24	93	57	60	77	28	62	7	45	77	10	26	63	100	87	15	94	81	14	85	18	9	87	95	90	6	41	93	38	50	70	15	71	15	23	93	80	37	52	41	52	77	90	18	57	37	4	5	71	79	59	19	5	79	62	7	71	63	30	44	76	5	31	36	74	67	98	66	29	38	83	37	80	13	74	90	78	
27	48	77	15	16	29	72	2	58	56	60	47	92	65	-1	95	26	56	71	80	58	2	5	80	56	25	6	80	86	94	11	81	15	38	6	22	54	16	43	97	41	31	52	18	64	25	71	27	79	10	24	63	2	21	19	76	95	92	83	74	13	27	16	82	75	55	15	31	67	47	63	48	93	42	29	63	62	6	7	16	9	1	30	16	47	2	31	63	25	10	71	76	44	31	58	73	80	48	88	23	
26	4	14	63	13	29	91	34	68	23	33	43	49	12	95	-1	9	35	56	14	90	80	14	100	71	90	80	74	70	75	96	8	80	3	56	98	1	25	74	95	81	93	58	77	44	25	53	37	17	91	15	48	66	3	49	29	55	33	71	74	72	5	71	50	55	53	63	97	99	78	3	13	89	43	63	82	33	82	47	25	93	96	52	33	100	60	82	23	82	63	90	15	69	78	79	34	27	19	43	70	
95	90	78	73	28	57	38	13	1	52	70	35	36	65	26	9	-1	71	25	15	32	69	7	75	69	94	35	78	83	42	35	74	41	24	19	38	38	48	80	37	93	3	40	83	96	48	71	81	59	92	10	70	60	83	86	54	81	90	55	97	20	97	62	42	81	50	63	17	36	85	15	99	33	25	17	83	81	66	47	52	99	48	28	34	83	61	48	21	54	67	63	61	55	61	33	43	47	6	70	22	
63	35	48	36	10	68	2	84	84	61	51	21	45	83	56	35	71	-1	95	89	41	25	18	6	94	28	16	33	56	89	87	11	64	50	67	65	32	84	57	84	3	70	84	29	10	22	70	4	98	98	2	20	98	51	96	64	39	2	38	29	10	12	77	95	55	36	24	57	48	6	48	53	35	59	51	35	23	78	3	68	92	1	89	6	94	4	75	2	40	96	26	39	25	68	92	69	55	13	40	96	
81	21	13	99	97	58	15	9	51	67	84	45	53	60	71	56	25	95	-1	74	80	18	98	43	76	9	78	37	72	64	42	52	53	69	39	13	36	24	68	73	43	40	73	85	62	45	85	40	12	17	42	23	85	80	27	26	74	58	17	92	83	96	50	97	61	97	80	66	92	6	94	65	19	84	44	45	53	10	71	8	6	30	51	47	26	84	32	42	81	72	50	24	52	39	65	1	95	6	83	10	
81	85	95	65	15	100	94	89	49	36	28	82	86	15	80	14	15	89	74	-1	36	50	28	33	34	75	65	62	62	26	80	73	70	72	83	2	31	33	49	97	64	41	36	77	11	62	41	54	40	6	74	33	91	75	2	9	47	40	10	32	28	89	70	36	61	74	90	11	19	96	34	20	32	96	3	30	79	60	52	1	51	23	39	95	42	61	61	49	52	83	57	83	52	96	23	54	2	16	96	67	
39	40	76	72	98	2	76	17	94	7	49	66	23	45	58	90	32	41	80	36	-1	66	35	91	22	68	50	43	1	1	89	48	42	25	24	68	24	56	52	99	93	18	89	80	19	58	30	65	32	94	22	21	2	73	8	73	41	93	25	13	4	80	2	99	61	65	22	79	52	98	89	25	68	88	85	21	7	93	11	74	69	13	61	17	84	32	35	46	95	7	87	35	32	41	14	23	29	84	40	26	
50	19	25	13	38	20	47	73	42	7	10	84	34	66	2	80	69	25	18	50	66	-1	14	20	3	36	55	47	43	83	57	61	48	9	43	6	12	36	13	22	94	95	25	45	16	66	40	67	97	22	4	1	82	92	15	33	54	2	54	86	83	74	75	92	48	77	24	62	67	63	33	84	95	21	91	19	3	94	58	67	56	11	96	73	29	93	63	69	67	85	17	70	34	29	78	71	43	36	30	12	
41	61	44	35	44	99	11	13	8	90	77	11	11	89	5	14	7	18	98	28	35	14	-1	63	12	15	14	42	71	73	82	80	40	84	5	22	86	70	68	4	81	70	22	57	19	20	38	35	86	46	41	61	25	70	57	47	100	76	63	65	8	71	94	95	86	51	36	19	63	10	61	79	100	83	73	72	98	86	3	7	80	66	4	95	100	35	76	44	8	64	43	58	14	36	54	41	54	31	5	3	
12	60	99	39	56	9	84	10	92	52	70	27	38	24	80	100	75	6	43	33	91	20	63	-1	38	51	96	2	34	20	61	17	57	29	21	45	79	59	16	28	29	43	54	92	14	99	23	8	16	41	71	17	26	64	83	91	87	51	67	98	27	67	84	95	16	15	51	25	48	54	26	41	100	56	83	73	32	1	95	64	25	14	25	7	52	61	63	90	74	52	31	6	91	49	94	34	42	29	62	99	
16	32	77	40	90	77	86	60	82	77	71	29	52	93	56	71	69	94	76	34	22	3	12	38	-1	53	9	42	73	81	31	62	82	5	29	74	5	67	31	39	67	47	36	96	41	39	19	27	43	2	26	36	94	21	42	61	100	59	24	23	28	56	4	63	88	44	80	33	67	53	92	73	38	22	3	59	43	42	32	33	67	73	94	46	60	20	48	1	3	94	69	25	2	25	3	4	10	23	50	35	
58	13	6	5	94	96	19	54	60	89	64	80	47	57	25	90	94	28	9	75	68	36	15	51	53	-1	19	39	48	100	32	95	19	47	24	91	63	97	52	42	52	83	47	55	57	37	97	91	46	94	56	37	72	34	40	53	75	37	87	65	5	64	43	73	4	21	40	75	31	80	50	50	37	63	64	22	3	34	12	40	65	28	41	54	78	20	87	70	59	83	30	87	85	48	9	4	18	25	76	100	
69	51	48	14	14	63	31	40	68	84	87	89	76	60	6	80	35	16	78	65	50	55	14	96	9	19	-1	81	46	52	6	57	60	82	70	100	63	94	39	68	87	73	26	38	96	65	50	9	8	65	10	69	77	13	28	24	30	43	20	74	34	33	12	84	71	65	25	20	70	31	10	3	56	29	47	60	70	41	29	71	72	70	20	84	50	84	21	87	65	49	37	23	93	80	42	34	87	5	68	89	
16	21	64	36	60	55	55	76	84	18	63	81	64	77	80	74	78	33	37	62	43	47	42	2	42	39	81	-1	40	21	47	88	6	48	27	100	27	84	79	55	92	88	54	52	76	92	59	43	49	31	73	99	42	86	99	86	50	27	91	81	67	78	72	10	2	26	60	2	27	16	68	82	76	87	65	39	99	56	15	64	23	16	26	21	42	93	82	94	64	46	39	98	19	57	43	92	32	60	24	65	
34	93	4	1	66	62	42	38	66	23	22	45	65	28	86	70	83	56	72	62	1	43	71	34	73	48	46	40	-1	97	64	65	36	55	64	15	38	42	37	59	58	22	32	82	32	96	21	61	44	90	6	34	18	35	95	47	95	75	73	74	6	13	4	4	40	18	10	26	25	65	77	96	36	3	95	72	57	13	32	3	29	12	80	86	82	100	67	40	79	100	45	85	98	21	25	50	23	44	13	92	
78	40	63	81	65	42	35	66	17	71	75	98	30	62	94	75	42	89	64	26	1	83	73	20	81	100	52	21	97	-1	64	37	91	99	80	14	90	12	12	9	4	40	77	37	35	82	9	70	1	38	48	66	25	47	94	7	54	4	46	70	54	63	3	70	11	34	8	26	93	98	97	43	20	36	51	98	99	61	45	72	30	29	33	58	51	63	41	63	35	28	75	92	76	34	45	11	46	71	5	36	
19	81	15	14	95	65	95	91	44	74	35	39	60	7	11	96	35	87	42	80	89	57	82	61	31	32	6	47	64	64	-1	38	78	32	44	49	23	53	18	65	13	84	10	100	97	44	52	26	89	34	62	57	20	78	57	83	84	79	53	47	8	99	63	59	44	56	51	97	29	53	10	16	5	43	97	74	90	19	43	11	25	56	75	83	7	29	78	7	7	49	60	10	15	13	52	51	8	30	77	23	
43	25	72	59	42	46	9	95	33	98	26	24	48	45	81	8	74	11	52	73	48	61	80	17	62	95	57	88	65	37	38	-1	14	92	77	32	89	58	85	17	92	7	55	100	59	12	20	57	84	34	86	77	14	15	3	48	18	80	2	66	30	66	41	88	42	46	16	21	100	49	97	79	51	55	1	8	92	90	54	68	13	43	70	81	29	61	62	43	19	33	6	57	86	32	36	38	70	62	43	20	
50	68	29	3	28	45	95	15	64	69	8	9	97	77	15	80	41	64	53	70	42	48	40	57	82	19	60	6	36	91	78	14	-1	56	60	2	19	12	81	53	19	38	66	39	83	49	98	77	1	28	54	90	98	13	74	79	35	32	44	65	96	24	90	1	92	88	50	39	9	89	7	2	74	62	35	83	78	20	88	12	51	99	16	83	86	28	76	63	5	9	77	69	62	61	16	23	30	45	36	89	
47	44	93	91	37	58	93	88	80	62	59	85	62	10	38	3	24	50	69	72	25	9	84	29	5	47	82	48	55	99	32	92	56	-1	30	91	91	69	44	81	47	61	77	82	32	38	2	82	53	40	65	24	82	51	33	3	21	96	81	38	61	100	89	21	18	8	77	31	59	29	93	57	4	94	49	23	88	72	90	65	62	70	66	61	38	33	85	55	90	69	76	9	21	81	49	97	52	23	86	83	
78	87	89	67	50	51	26	79	69	34	13	18	80	26	6	56	19	67	39	83	24	43	5	21	29	24	70	27	64	80	44	77	60	30	-1	76	47	14	67	27	42	69	99	18	26	44	53	22	56	34	99	94	21	85	18	13	85	15	96	88	1	54	69	10	71	78	57	9	15	30	76	24	4	66	62	83	31	87	96	3	87	23	62	67	82	47	27	9	47	11	86	29	25	9	46	19	27	44	92	96	
73	28	81	58	75	93	47	2	81	70	23	48	49	63	22	98	38	65	13	2	68	6	22	45	74	91	100	100	15	14	49	32	2	91	76	-1	12	21	91	90	88	3	100	19	48	40	31	55	27	4	38	13	77	89	65	84	36	55	30	14	5	81	86	60	12	92	59	43	43	68	71	7	12	64	65	30	88	81	7	55	47	86	52	55	54	51	34	28	68	15	46	45	84	30	67	1	13	7	100	59	
7	45	38	19	81	30	50	39	93	15	12	59	82	100	54	1	38	32	36	31	24	12	86	79	5	63	63	27	38	90	23	89	19	91	47	12	-1	71	74	26	41	93	5	6	19	24	88	90	27	91	59	90	59	56	3	17	19	2	7	17	31	30	13	43	94	99	83	18	92	81	39	79	81	65	31	73	32	87	29	98	87	12	26	5	19	79	75	10	87	38	88	27	84	100	81	56	47	41	63	81	
57	55	40	65	50	41	37	35	66	67	28	77	100	87	16	25	48	84	24	33	56	36	70	59	67	97	94	84	42	12	53	58	12	69	14	21	71	-1	90	84	28	70	99	96	21	47	47	98	2	57	99	38	99	18	4	12	62	28	48	85	61	56	51	46	10	60	83	52	64	25	40	45	28	51	91	66	67	45	81	65	1	17	82	100	71	79	18	3	49	1	8	91	11	52	50	3	45	93	84	52	
27	13	92	43	100	12	86	67	73	32	80	10	4	15	43	74	80	57	68	49	52	13	68	16	31	52	39	79	37	12	18	85	81	44	67	91	74	90	-1	84	18	64	91	91	62	100	90	10	77	86	23	13	5	77	39	9	74	1	19	87	40	21	75	93	59	67	72	48	74	48	4	30	60	20	3	97	55	64	60	61	57	49	33	55	33	8	39	29	82	33	21	84	74	33	2	15	25	27	37	90	
54	28	84	48	12	91	19	32	93	31	8	26	36	94	97	95	37	84	73	97	99	22	4	28	39	42	68	55	59	9	65	17	53	81	27	90	26	84	84	-1	7	60	41	23	15	5	53	23	98	65	45	16	28	64	42	2	93	55	51	56	86	57	28	80	9	70	39	57	90	90	77	56	40	27	6	61	16	83	4	100	43	12	17	80	2	93	23	94	61	50	7	93	68	90	13	8	6	84	99	48	
48	6	37	29	67	36	72	8	91	75	57	28	48	81	41	81	93	3	43	64	93	94	81	29	67	52	87	92	58	4	13	92	19	47	42	88	41	28	18	7	-1	67	19	92	68	9	39	48	86	25	89	77	97	54	97	55	36	18	33	75	31	61	44	44	56	39	88	12	63	5	77	66	27	62	80	11	73	94	42	26	54	39	29	15	68	16	31	16	44	54	52	51	42	33	75	6	37	79	39	44	
46	44	76	96	8	68	30	29	44	100	30	89	91	14	31	93	3	70	40	41	18	95	70	43	47	83	73	88	22	40	84	7	38	61	69	3	93	70	64	60	67	-1	33	31	4	31	10	16	43	50	48	95	2	69	95	51	41	55	3	91	80	27	44	81	54	62	50	1	1	76	9	64	3	89	39	86	8	90	26	38	81	80	95	24	1	48	87	55	6	20	50	60	30	57	89	7	14	13	72	1	
7	19	28	46	51	19	46	60	94	25	76	98	90	85	52	58	40	84	73	36	89	25	22	54	36	47	26	54	32	77	10	55	66	77	99	100	5	99	91	41	19	33	-1	35	79	55	38	7	88	56	27	82	20	82	62	2	34	81	77	43	44	54	45	36	95	51	52	86	18	38	68	10	96	55	21	4	50	68	9	52	1	60	91	78	1	62	30	86	67	31	66	54	9	58	11	82	52	44	77	40	
15	58	69	78	68	22	78	1	68	80	5	100	26	18	18	77	83	29	85	77	80	45	57	92	96	55	38	52	82	37	100	100	39	82	18	19	6	96	91	23	92	31	35	-1	57	100	36	88	26	39	30	62	26	55	53	7	79	88	29	60	84	95	77	48	24	35	52	44	2	49	43	98	90	65	29	67	34	25	48	33	80	60	46	11	55	32	74	9	67	67	8	19	98	24	70	6	77	8	9	11	
81	56	90	7	17	40	74	29	73	78	6	13	56	9	64	44	96	10	62	11	19	16	19	14	41	57	96	76	32	35	97	59	83	32	26	48	19	21	62	15	68	4	79	57	-1	92	47	32	6	61	36	51	69	14	80	2	28	21	15	2	8	92	27	12	33	97	89	14	61	47	65	79	82	81	94	31	37	18	54	65	35	14	83	35	60	69	2	67	35	38	95	83	97	97	17	40	26	92	43	78	
55	77	1	18	76	1	15	68	49	46	30	74	12	87	25	25	48	22	45	62	58	66	20	99	39	37	65	92	96	82	44	12	49	38	44	40	24	47	100	5	9	31	55	100	92	-1	48	6	19	3	1	25	34	88	91	97	48	64	13	49	57	84	13	78	81	44	8	78	88	20	42	75	17	92	67	100	8	47	25	23	25	42	90	48	95	42	64	53	88	48	8	94	35	92	52	62	80	63	48	78	
62	8	80	50	35	5	75	55	75	50	96	1	75	95	71	53	71	70	85	41	30	40	38	23	19	97	50	59	21	9	52	20	98	2	53	31	88	47	90	53	39	10	38	36	47	48	-1	43	92	91	66	91	6	41	62	60	55	96	23	3	60	15	82	5	59	34	45	43	69	19	31	56	30	53	48	7	89	51	30	67	97	47	21	48	48	36	38	3	45	44	6	53	21	74	85	21	97	59	13	92	
1	11	30	20	5	13	92	75	47	59	48	71	80	90	27	37	81	4	40	54	65	67	35	8	27	91	9	43	61	70	26	57	77	82	22	55	90	98	10	23	48	16	7	88	32	6	43	-1	43	88	3	24	82	11	37	51	19	21	21	64	46	99	65	39	20	8	15	38	13	11	7	84	21	41	35	61	91	92	34	27	22	57	8	99	20	11	73	43	48	30	91	70	66	91	30	96	20	52	6	56	
42	87	48	25	39	36	69	95	51	58	58	15	26	6	79	17	59	98	12	40	32	97	86	16	43	46	8	49	44	1	89	84	1	53	56	27	27	2	77	98	86	43	88	26	6	19	92	43	-1	3	91	7	83	20	54	36	40	61	1	60	84	55	3	34	42	96	58	3	27	35	85	42	42	35	83	51	60	82	98	74	14	76	61	25	51	14	58	17	31	39	42	50	80	88	42	31	4	42	6	52	
22	63	100	87	16	64	79	72	51	5	43	18	51	41	10	91	92	98	17	6	94	22	46	41	2	94	65	31	90	38	34	34	28	40	34	4	91	57	86	65	25	50	56	39	61	3	91	88	3	-1	91	10	100	27	39	12	59	44	86	1	80	48	27	70	89	22	30	96	96	30	72	77	55	37	38	34	93	64	66	11	95	83	68	64	21	29	42	37	18	62	6	73	99	76	7	46	26	98	78	88	
39	74	25	42	91	77	45	95	44	22	9	58	52	93	24	15	10	2	42	74	22	4	41	71	26	56	10	73	6	48	62	86	54	65	99	38	59	99	23	45	89	48	27	30	36	1	66	3	91	91	-1	90	82	58	39	35	28	30	41	10	63	2	65	59	1	38	21	32	18	62	34	18	65	28	94	63	97	94	8	46	96	27	83	54	41	50	41	31	4	41	86	83	48	51	85	44	17	87	5	59	
48	53	83	67	85	27	84	64	70	28	96	22	10	38	63	48	70	20	23	33	21	1	61	17	36	37	69	99	34	66	57	77	90	24	94	13	90	38	13	16	77	95	82	62	51	25	91	24	7	10	90	-1	22	7	75	97	88	41	24	47	7	89	81	7	97	87	38	49	33	34	11	11	53	94	11	9	59	10	72	52	52	85	4	21	62	45	49	84	72	12	91	65	95	87	35	86	24	52	39	63	
85	2	73	94	23	91	76	46	17	59	11	75	16	50	2	66	60	98	85	91	2	82	25	26	94	72	77	42	18	25	20	14	98	82	21	77	59	99	5	28	97	2	20	26	69	34	6	82	83	100	82	22	-1	67	92	65	95	2	29	94	16	31	5	32	73	97	43	74	81	46	37	58	94	32	86	19	31	73	12	88	51	73	22	44	28	86	36	28	59	24	31	42	40	84	59	31	79	53	54	3	
96	87	100	47	56	85	94	98	63	35	16	64	57	70	21	3	83	51	80	75	73	92	70	64	21	34	13	86	35	47	78	15	13	51	85	89	56	18	77	64	54	69	82	55	14	88	41	11	20	27	58	7	67	-1	36	9	10	55	61	93	50	32	98	76	85	78	18	50	7	36	75	16	37	78	94	26	59	62	16	35	20	43	100	64	48	7	86	40	80	9	3	19	72	22	54	29	49	55	59	65	
80	51	97	22	36	66	60	7	40	46	87	90	62	15	19	49	86	96	27	2	8	15	57	83	42	40	28	99	95	94	57	3	74	33	18	65	3	4	39	42	97	95	62	53	80	91	62	37	54	39	39	75	92	36	-1	1	2	5	45	91	8	49	60	21	28	85	88	100	30	50	41	43	42	67	54	96	70	97	45	64	41	91	16	48	54	29	70	40	60	91	82	30	27	56	84	2	11	91	38	4	
63	79	25	34	66	48	64	25	2	63	3	44	6	71	76	29	54	64	26	9	73	33	47	91	61	53	24	86	47	7	83	48	79	3	13	84	17	12	9	2	55	51	2	7	2	97	60	51	36	12	35	97	65	9	1	-1	63	31	41	63	89	86	92	65	4	35	51	83	82	4	44	51	23	9	58	34	61	7	63	75	57	71	64	97	15	46	38	32	2	29	27	42	98	21	81	59	25	29	90	32	
4	81	55	2	79	90	18	56	73	68	57	34	100	15	95	55	81	39	74	47	41	54	100	87	100	75	30	50	95	54	84	18	35	21	85	36	19	62	74	93	36	41	34	79	28	48	55	19	40	59	28	88	95	10	2	63	-1	27	91	77	88	25	63	29	13	85	97	11	77	72	98	36	46	8	66	63	14	51	85	36	30	18	82	10	7	99	47	54	55	97	18	40	22	10	39	90	44	48	11	75	
23	27	73	85	24	40	5	16	17	79	43	78	94	23	92	33	90	2	58	40	93	2	76	51	59	37	43	27	75	4	79	80	32	96	15	55	2	28	1	55	18	55	81	88	21	64	96	21	61	44	30	41	2	55	5	31	27	-1	48	27	96	17	1	62	71	50	72	66	26	79	87	30	86	55	4	5	40	42	45	77	58	9	2	41	40	21	44	98	63	94	60	93	47	59	27	41	16	54	57	83	
28	69	71	39	47	5	59	38	74	8	63	100	37	93	83	71	55	38	17	10	25	54	63	67	24	87	20	91	73	46	53	2	44	81	96	30	7	48	19	51	33	3	77	29	15	13	23	21	1	86	41	24	29	61	45	41	91	48	-1	98	73	79	13	53	51	70	38	49	63	69	49	50	87	82	94	60	80	3	11	43	33	18	56	13	57	99	81	94	24	18	22	35	46	60	46	2	22	22	76	98	
91	11	29	14	90	1	7	51	36	37	2	18	5	80	74	74	97	29	92	32	13	86	65	98	23	65	74	81	74	70	47	66	65	38	88	14	17	85	87	56	75	91	43	60	2	49	3	64	60	1	10	47	94	93	91	63	77	27	98	-1	65	11	99	40	71	1	97	5	92	96	3	73	43	18	51	83	11	2	78	33	68	93	19	22	61	54	75	63	85	35	78	67	3	28	6	38	8	68	95	40	
23	38	41	96	64	32	52	82	41	9	72	10	72	37	13	72	20	10	83	28	4	83	8	27	28	5	34	67	6	54	8	30	96	61	1	5	31	61	40	86	31	80	44	84	8	57	60	46	84	80	63	7	16	50	8	89	88	96	73	65	-1	64	4	14	13	5	82	98	60	67	2	32	65	13	53	58	35	26	67	7	94	48	49	20	20	5	91	18	98	43	81	78	13	70	53	89	29	87	32	61	
63	2	24	10	55	88	23	62	21	73	18	17	16	52	27	5	97	12	96	89	80	74	71	67	56	64	33	78	13	63	99	66	24	100	54	81	30	56	21	57	61	27	54	95	92	84	15	99	55	48	2	89	31	32	49	86	25	17	79	11	64	-1	38	71	41	39	25	48	95	71	30	23	81	53	28	7	64	26	76	44	80	46	70	8	34	19	60	30	50	2	84	80	47	56	27	15	7	96	51	16	
16	74	49	96	52	76	100	23	9	66	100	6	3	41	16	71	62	77	50	70	2	75	94	84	4	43	12	72	4	3	63	41	90	89	69	86	13	51	75	28	44	44	45	77	27	13	82	65	3	27	65	81	5	98	60	92	63	1	13	99	4	38	-1	77	74	87	37	59	87	33	48	9	36	41	28	91	4	78	90	19	10	36	33	11	94	49	1	4	15	93	96	67	61	17	18	86	32	5	99	6	
3	99	24	70	52	74	71	33	41	89	64	58	18	52	82	50	42	95	97	36	99	92	95	95	63	73	84	10	4	70	59	88	1	21	10	60	43	46	93	80	44	81	36	48	12	78	5	39	34	70	59	7	32	76	21	65	29	62	53	40	14	71	77	-1	16	12	18	39	74	5	76	61	3	16	37	18	56	86	47	33	38	97	57	73	18	18	85	29	32	68	81	38	23	69	43	73	12	75	87	75	
83	16	18	98	55	50	7	79	13	71	14	50	4	77	75	55	81	55	61	61	61	48	86	16	88	4	71	2	40	11	44	42	92	18	71	12	94	10	59	9	56	54	95	24	33	81	59	20	42	89	1	97	73	85	28	4	13	71	51	71	13	41	74	16	-1	76	45	13	5	19	10	23	45	43	3	11	55	40	4	45	20	93	74	95	49	63	84	54	10	77	51	81	88	15	96	12	91	31	60	70	
97	20	51	85	26	28	60	49	50	49	34	76	84	90	55	53	50	36	97	74	65	77	51	15	44	21	65	26	18	34	56	46	88	8	78	92	99	60	67	70	39	62	51	35	97	44	34	8	96	22	38	87	97	78	85	35	85	50	70	1	5	39	87	12	76	-1	20	60	62	37	40	77	100	70	93	70	13	88	5	21	87	46	60	84	49	77	5	72	43	94	59	25	92	12	34	73	100	56	77	67	
11	99	2	64	39	85	54	51	51	1	14	2	39	18	15	63	63	24	80	90	22	24	36	51	80	40	25	60	10	8	51	16	50	77	57	59	83	83	72	39	88	50	52	52	89	8	45	15	58	30	21	38	43	18	88	51	97	72	38	97	82	25	37	18	45	20	-1	6	70	37	8	48	79	80	99	10	99	15	92	99	97	8	82	50	81	23	34	89	42	39	83	79	59	1	87	35	83	92	14	15	
95	94	57	31	63	60	79	94	46	14	71	27	2	57	31	97	17	57	66	11	79	62	19	25	33	75	20	2	26	26	97	21	39	31	9	43	18	52	48	57	12	1	86	44	14	78	43	38	3	96	32	49	74	50	100	83	11	66	49	5	98	48	59	39	13	60	6	-1	27	34	6	2	67	87	94	77	46	34	52	8	49	84	80	44	54	25	74	20	56	23	19	77	55	26	42	90	6	61	38	28	
79	73	92	66	57	18	69	4	89	8	6	31	44	37	67	99	36	48	92	19	52	67	63	48	67	31	70	27	25	93	29	100	9	59	15	43	92	64	74	90	63	1	18	2	61	88	69	13	27	96	18	33	81	7	30	82	77	26	63	92	60	95	87	74	5	62	70	27	-1	79	91	54	33	1	2	57	72	88	38	23	96	77	85	68	92	74	34	47	53	40	20	70	42	85	100	84	73	85	25	79	
72	85	26	73	38	32	70	54	61	41	18	31	61	4	47	78	85	6	6	96	98	63	10	54	53	80	31	16	65	98	53	49	89	29	30	68	81	25	48	90	5	76	38	49	47	20	19	11	35	30	62	34	46	36	50	4	72	79	69	96	67	71	33	5	19	37	37	34	79	-1	27	80	90	83	6	26	53	23	48	77	4	15	68	62	93	65	87	78	98	63	61	44	16	69	33	64	7	15	48	25	
77	93	61	74	42	43	46	33	71	49	44	19	48	5	63	3	15	48	94	34	89	33	61	26	92	50	10	68	77	97	10	97	7	93	76	71	39	40	4	77	77	9	68	43	65	42	31	7	85	72	34	11	37	75	41	44	98	87	49	3	2	30	48	76	10	40	8	6	91	27	-1	3	74	90	78	17	75	65	90	53	56	72	90	95	14	11	28	99	59	32	93	65	9	65	17	41	78	47	62	32	
84	71	86	3	98	51	85	29	69	17	74	43	16	71	48	13	99	53	65	20	25	84	79	41	73	50	3	82	96	43	16	79	2	57	24	7	79	45	30	56	66	64	10	98	79	75	56	84	42	77	18	11	58	16	43	51	36	30	50	73	32	23	9	61	23	77	48	2	54	80	3	-1	13	67	34	55	57	2	14	11	29	78	16	17	20	71	23	7	30	71	70	4	34	62	1	40	25	44	90	7	
82	66	28	35	24	48	50	87	55	4	66	48	71	79	93	89	33	35	19	32	68	95	100	100	38	37	56	76	36	20	5	51	74	4	4	12	81	28	60	40	27	3	96	90	82	17	30	21	42	55	65	53	94	37	42	23	46	86	87	43	65	81	36	3	45	100	79	67	33	90	74	13	-1	99	16	71	49	76	61	95	26	98	51	48	45	21	33	5	82	47	80	99	32	46	10	24	55	42	48	10	
47	71	31	3	14	56	55	21	90	6	13	53	43	59	42	43	25	59	84	96	88	21	83	56	22	63	29	87	3	36	43	55	62	94	66	64	65	51	20	27	62	89	55	65	81	92	53	41	35	37	28	94	32	78	67	9	8	55	82	18	13	53	41	16	43	70	80	87	1	83	90	67	99	-1	58	63	61	97	64	58	44	44	65	83	23	33	67	95	29	35	50	83	1	92	19	33	4	99	55	1	
38	85	58	41	87	57	19	58	78	74	84	85	9	19	29	63	17	51	44	3	85	91	73	83	3	64	47	65	95	51	97	1	35	49	62	65	31	91	3	6	80	39	21	29	94	67	48	35	83	38	94	11	86	94	54	58	66	4	94	51	53	28	28	37	3	93	99	94	2	6	78	34	16	58	-1	41	71	44	31	67	53	84	27	99	78	14	53	35	57	9	94	29	80	74	82	28	84	54	23	43	
70	50	90	52	96	8	25	2	60	5	50	53	98	5	63	82	83	35	45	30	21	19	72	73	59	22	60	39	72	98	74	8	83	23	83	30	73	66	97	61	11	86	4	67	31	100	7	61	51	34	63	9	19	26	96	34	63	5	60	83	58	7	91	18	11	70	10	77	57	26	17	55	71	63	41	-1	58	52	70	83	27	56	13	4	95	75	85	63	86	41	69	27	18	33	10	64	41	43	85	71	
45	30	41	17	68	21	69	18	98	10	66	26	63	79	62	33	81	23	53	79	7	3	98	32	43	3	70	99	57	99	90	92	78	88	31	88	32	67	55	16	73	8	50	34	37	8	89	91	60	93	97	59	31	59	70	61	14	40	80	11	35	64	4	56	55	13	99	46	72	53	75	57	49	61	71	58	-1	39	92	58	11	30	77	69	39	22	13	22	93	42	73	49	51	87	61	16	20	88	13	89	
2	50	65	66	32	2	19	43	21	99	46	28	2	62	6	82	66	78	10	60	93	94	86	1	42	34	41	56	13	61	19	90	20	72	87	81	87	45	64	83	94	90	68	25	18	47	51	92	82	64	94	10	73	62	97	7	51	42	3	2	26	26	78	86	40	88	15	34	88	23	65	2	76	97	44	52	39	-1	1	73	75	91	44	53	90	48	69	58	72	18	79	66	4	62	89	77	47	14	82	64	
6	84	39	2	51	4	85	33	55	8	57	50	41	7	7	47	47	3	71	52	11	58	3	95	32	12	29	15	32	45	43	54	88	90	96	7	29	81	60	4	42	26	9	48	54	25	30	34	98	66	8	72	12	16	45	63	85	45	11	78	67	76	90	47	4	5	92	52	38	48	90	14	61	64	31	70	92	1	-1	80	93	58	48	29	41	54	95	16	4	65	74	74	19	55	40	67	91	86	22	14	
91	86	55	40	17	88	47	75	59	51	71	86	24	71	16	25	52	68	8	1	74	67	7	64	33	40	71	64	3	72	11	68	12	65	3	55	98	65	61	100	26	38	52	33	65	23	67	27	74	11	46	52	88	35	64	75	36	77	43	33	7	44	19	33	45	21	99	8	23	77	53	11	95	58	67	83	58	73	80	-1	28	36	72	46	92	77	26	9	4	97	70	72	45	20	17	83	2	52	37	59	
99	45	70	65	51	100	88	88	55	70	61	51	37	63	9	93	99	92	6	51	69	56	80	25	67	65	72	23	29	30	25	13	51	62	87	47	87	1	57	43	54	81	1	80	35	25	97	22	14	95	96	52	51	20	41	57	30	58	33	68	94	80	10	38	20	87	97	49	96	4	56	29	26	44	53	27	11	75	93	28	-1	12	14	58	41	54	49	75	17	6	48	27	94	47	86	23	75	100	42	42	
69	76	3	93	78	88	18	25	11	24	38	64	91	30	1	96	48	1	30	23	13	11	66	14	73	28	70	16	12	29	56	43	99	70	23	86	12	17	49	12	39	80	60	60	14	42	47	57	76	83	27	85	73	43	91	71	18	9	18	93	48	46	36	97	93	46	8	84	77	15	72	78	98	44	84	56	30	91	58	36	12	-1	31	49	28	92	10	17	18	43	72	12	75	32	45	94	30	4	1	84	
56	46	46	62	43	44	56	68	78	67	16	75	71	44	30	52	28	89	51	39	61	96	4	25	94	41	20	26	80	33	75	70	16	66	62	52	26	82	33	17	29	95	91	46	83	90	21	8	61	68	83	4	22	100	16	64	82	2	56	19	49	70	33	57	74	60	82	80	85	68	90	16	51	65	27	13	77	44	48	72	14	31	-1	82	18	48	29	61	40	1	3	41	48	28	43	78	9	94	6	61	
27	55	56	58	92	11	36	95	89	79	57	41	11	76	16	33	34	6	47	95	17	73	95	7	46	54	84	21	86	58	83	81	83	61	67	55	5	100	55	80	15	24	78	11	35	48	48	99	25	64	54	21	44	64	48	97	10	41	13	22	20	8	11	73	95	84	50	44	68	62	95	17	48	83	99	4	69	53	29	46	58	49	82	-1	53	44	41	20	14	91	16	83	52	38	15	15	65	17	1	41	
54	72	84	25	65	47	88	97	55	55	35	68	19	5	47	100	83	94	26	42	84	29	100	52	60	78	50	42	82	51	7	29	86	38	82	54	19	71	33	2	68	1	1	55	60	95	48	20	51	21	41	62	28	48	54	15	7	40	57	61	20	34	94	18	49	49	81	54	92	93	14	20	45	23	78	95	39	90	41	92	41	28	18	53	-1	20	60	84	18	70	35	24	44	34	64	55	95	14	53	97	
86	53	7	96	100	35	80	54	66	32	95	87	50	31	2	60	61	4	84	61	32	93	35	61	20	20	84	93	100	63	29	61	28	33	47	51	79	79	8	93	16	48	62	32	69	42	36	11	14	29	50	45	86	7	29	46	99	21	99	54	5	19	49	18	63	77	23	25	74	65	11	71	21	33	14	75	22	48	54	77	54	92	48	44	20	-1	57	2	60	30	14	25	76	21	72	34	99	85	90	1	
12	12	29	16	47	46	66	83	59	25	91	26	29	36	31	82	48	75	32	61	35	63	76	63	48	87	21	82	67	41	78	62	76	85	27	34	75	18	39	23	31	87	30	74	2	64	38	73	58	42	41	49	36	86	70	38	47	44	81	75	91	60	1	85	84	5	34	74	34	87	28	23	33	67	53	85	13	69	95	26	49	10	29	41	60	57	-1	5	57	24	93	18	39	2	64	38	34	12	93	76	
48	92	13	83	50	73	23	29	11	94	92	90	28	74	63	23	21	2	42	49	46	69	44	90	1	70	87	94	40	63	7	43	63	55	9	28	10	3	29	94	16	55	86	9	67	53	3	43	17	37	31	84	28	40	40	32	54	98	94	63	18	30	4	29	54	72	89	20	47	78	99	7	5	95	35	63	22	58	16	9	75	17	61	20	84	2	5	-1	58	58	90	44	44	43	43	34	10	8	45	80	
87	75	56	83	94	43	76	88	25	85	51	38	100	67	25	82	54	40	81	52	95	67	8	74	3	59	65	64	79	35	7	19	5	90	47	68	87	49	82	61	44	6	67	67	35	88	45	48	31	18	4	72	59	80	60	2	55	63	24	85	98	50	15	32	10	43	42	56	53	98	59	30	82	29	57	86	93	72	4	4	17	18	40	14	18	60	57	58	-1	2	10	65	51	66	31	11	53	8	93	71	
35	37	89	37	32	66	23	54	58	23	56	67	41	98	10	63	67	96	72	83	7	85	64	52	94	83	49	46	100	28	49	33	9	69	11	15	38	1	33	50	54	20	31	67	38	48	44	30	39	62	41	12	24	9	91	29	97	94	18	35	43	2	93	68	77	94	39	23	40	63	32	71	47	35	9	41	42	18	65	97	6	43	1	91	70	30	24	58	2	-1	77	83	47	47	68	57	65	95	46	54	
97	47	25	98	12	21	84	57	6	92	2	97	88	66	71	90	63	26	50	57	87	17	43	31	69	30	37	39	45	75	60	6	77	76	86	46	88	8	21	7	52	50	66	8	95	8	6	91	42	6	86	91	31	3	82	27	18	60	22	78	81	84	96	81	51	59	83	19	20	61	93	70	80	50	94	69	73	79	74	70	48	72	3	16	35	14	93	90	10	77	-1	86	72	44	98	21	38	37	26	93	
97	52	37	27	18	17	41	52	59	86	77	77	30	29	76	15	61	39	24	83	35	70	58	6	25	87	23	98	85	92	10	57	69	9	29	45	27	91	84	93	51	60	54	19	83	94	53	70	50	73	83	65	42	19	30	42	40	93	35	67	78	80	67	38	81	25	79	77	70	44	65	4	99	83	29	27	49	66	74	72	27	12	41	83	24	25	18	44	65	83	86	-1	17	30	1	68	62	6	68	34	
57	25	81	59	85	94	61	14	21	81	91	2	28	38	44	69	55	25	52	52	32	34	14	91	2	85	93	19	98	76	15	86	62	21	25	84	84	11	74	68	42	30	9	98	97	35	21	66	80	99	48	95	40	72	27	98	22	47	46	3	13	47	61	23	88	92	59	55	42	16	9	34	32	1	80	18	51	4	19	45	94	75	48	52	44	76	39	44	51	47	72	17	-1	3	98	38	81	75	89	14	
74	55	18	64	53	86	12	7	57	17	92	24	59	83	31	78	61	68	39	96	41	29	36	49	25	48	80	57	21	34	13	32	61	81	9	30	100	52	33	90	33	57	58	24	97	92	74	91	88	76	51	87	84	22	56	21	10	59	60	28	70	56	17	69	15	12	1	26	85	69	65	62	46	92	74	33	87	62	55	20	47	32	28	38	34	21	2	43	66	47	44	30	3	-1	39	83	24	18	23	98	
19	96	76	39	46	25	68	45	66	95	43	35	85	37	58	79	33	92	65	23	14	78	54	94	3	9	42	43	25	45	52	36	16	49	46	67	81	50	2	13	75	89	11	70	17	52	85	30	42	7	85	35	59	54	84	81	39	27	46	6	53	27	18	43	96	34	87	42	100	33	17	1	10	19	82	10	61	89	40	17	86	45	43	15	64	72	64	43	31	68	98	1	98	39	-1	92	29	17	5	80	
25	73	52	93	31	71	95	13	34	11	71	56	97	80	73	34	43	69	1	54	23	71	41	34	4	4	34	92	50	11	51	38	23	97	19	1	56	3	15	8	6	7	82	6	40	62	21	96	31	46	44	86	31	29	2	59	90	41	2	38	89	15	86	73	12	73	35	90	84	64	41	40	24	33	28	64	16	77	67	83	23	94	78	15	55	34	38	34	11	57	21	68	38	83	92	-1	78	89	42	33	
93	81	16	97	77	88	14	98	42	24	47	11	52	13	80	27	47	55	95	2	29	43	54	42	10	18	87	32	23	46	8	70	30	52	27	13	47	45	25	6	37	14	52	77	26	80	97	20	4	26	17	24	79	49	11	25	44	16	22	8	29	7	32	12	91	100	83	6	73	7	78	25	55	4	84	41	20	47	91	2	75	30	9	65	95	99	34	10	53	65	38	62	81	24	29	78	-1	71	86	93	
59	40	12	64	47	83	78	20	66	75	96	100	72	74	48	19	6	13	6	16	84	36	31	29	23	25	5	60	44	71	30	62	45	23	44	7	41	93	27	84	79	13	44	8	92	63	59	52	42	98	87	52	53	55	91	29	48	54	22	68	87	96	5	75	31	56	92	61	85	15	47	44	42	99	54	43	88	14	86	52	100	4	94	17	14	85	12	8	8	95	37	6	75	18	17	89	71	-1	98	89	
80	29	4	65	37	75	25	11	95	41	33	30	67	90	88	43	70	40	83	96	40	30	5	62	50	76	68	24	13	5	77	43	36	86	92	100	63	84	37	99	39	72	77	9	43	48	13	6	6	78	5	39	54	59	38	90	11	57	76	95	32	51	99	87	60	77	14	38	25	48	62	90	48	55	23	85	13	82	22	37	42	1	6	1	53	90	93	45	93	46	26	68	89	23	5	42	86	98	-1	52	
61	89	25	90	95	87	61	82	8	31	48	46	21	78	23	70	22	96	10	67	26	12	3	99	35	100	89	65	92	36	23	20	89	83	96	59	81	52	90	48	44	1	40	11	78	78	92	56	52	88	59	63	3	65	4	32	75	83	98	40	61	16	6	75	70	67	15	28	79	25	32	7	10	1	43	71	89	64	14	59	42	84	61	41	97	1	76	80	71	54	93	34	14	98	80	33	93	89	52	-1	
