100
-1	61	45	17	42	26	19	67	59	56	71	17	51	7	86	3	46	86	85	14	73	76	20	70	88	97	86	51	19	31	69	37	72	25	39	20	60	36	40	12	33	19	62	93	79	67	43	69	94	32	98	60	36	42	45	57	26	36	85	60	80	29	74	19	41	39	88	69	8	28	66	55	13	27	66	89	67	80	30	69	98	35	26	65	32	39	78	87	79	86	12	36	73	91	17	2	74	14	21	35	
61	-1	26	7	44	46	45	66	16	68	83	74	95	21	27	17	97	76	13	38	59	76	63	60	50	33	25	34	18	22	93	83	28	40	42	49	66	63	79	80	35	12	10	80	27	78	17	23	32	21	85	88	100	4	61	33	68	90	50	10	10	47	84	38	28	23	67	41	37	56	31	70	47	48	25	75	97	89	44	23	77	80	34	44	30	83	94	34	36	27	46	78	64	9	8	26	66	68	71	71	
45	26	-1	4	35	27	64	33	19	16	39	85	5	83	45	78	13	6	3	52	25	18	82	85	11	98	42	37	8	93	55	84	44	36	76	95	78	57	41	4	55	99	26	52	37	16	41	7	64	95	32	83	6	29	58	40	60	78	80	24	41	71	86	17	69	39	60	15	28	83	42	64	63	70	67	65	71	57	49	63	90	18	44	81	39	23	30	52	9	45	70	69	38	10	7	97	8	36	6	47	
17	7	4	-1	29	3	98	49	67	80	32	40	50	63	4	74	33	78	55	88	94	63	21	69	6	44	72	92	28	81	29	81	77	74	99	19	52	86	98	52	75	3	30	6	86	54	28	64	14	97	24	88	48	23	15	99	15	8	15	94	40	25	53	24	9	19	70	4	7	67	86	64	7	29	48	97	23	89	70	82	42	49	15	39	42	73	22	83	17	51	6	50	32	86	38	74	14	89	20	84	
42	44	35	29	-1	33	56	29	70	4	3	75	100	5	66	97	43	67	31	69	83	78	90	3	16	74	13	22	16	66	80	1	40	90	89	92	26	34	63	55	48	84	20	46	40	40	83	73	19	63	91	34	40	30	17	49	59	63	52	51	25	64	23	82	61	79	11	71	99	47	69	49	72	84	34	66	91	36	9	84	79	80	97	61	36	65	40	70	34	80	11	52	24	20	2	44	69	11	66	81	
26	46	27	3	33	-1	57	42	90	51	46	89	47	82	36	65	48	72	86	88	36	47	49	54	41	70	23	66	21	58	33	53	7	76	93	24	52	53	95	52	46	24	64	65	16	16	71	36	44	69	32	2	50	60	94	31	77	42	6	79	63	12	88	87	64	89	20	48	19	28	57	13	28	93	88	62	85	29	69	83	72	68	6	21	33	75	72	95	72	70	53	29	77	27	2	41	70	20	2	86	
19	45	64	98	56	57	-1	72	49	96	58	62	2	70	78	18	55	81	43	81	49	51	27	98	76	22	46	54	97	66	2	82	63	98	37	56	28	16	62	35	5	7	17	42	22	24	95	95	74	71	89	92	83	79	51	13	20	32	16	87	20	41	72	92	11	45	58	96	98	37	48	52	55	34	24	37	81	60	76	55	65	48	51	55	66	94	73	97	39	67	1	70	94	100	26	1	79	90	56	24	
67	66	33	49	29	42	72	-1	37	65	64	50	4	98	5	15	28	50	64	51	89	95	99	94	88	29	85	60	4	69	97	44	36	97	100	90	76	25	48	18	10	64	46	83	24	98	58	79	75	92	21	95	10	12	32	39	22	43	35	24	28	28	32	13	13	43	46	63	22	86	48	55	41	59	78	85	66	42	41	75	85	80	58	47	30	8	13	84	71	25	79	70	62	76	66	89	22	47	31	76	
59	16	19	67	70	90	49	37	-1	8	22	5	86	41	33	64	13	87	55	52	77	15	69	67	23	100	34	8	98	93	57	61	66	35	56	28	84	47	12	41	69	35	92	31	62	15	71	84	74	82	100	14	70	80	44	88	58	38	58	80	17	68	85	6	95	15	56	72	81	31	2	39	37	42	33	7	2	90	11	39	34	91	25	51	38	85	16	45	74	37	89	89	13	73	17	84	99	9	44	60	
56	68	16	80	4	51	96	65	8	-1	1	7	9	42	29	10	27	75	100	51	59	7	71	92	82	87	1	89	57	42	45	32	13	63	62	4	84	53	100	65	33	78	33	30	54	44	45	95	36	81	14	73	47	53	59	71	76	78	50	14	3	3	64	64	1	62	43	12	50	15	79	9	46	84	34	85	52	58	41	24	64	99	76	57	65	58	48	88	18	80	14	1	83	65	14	84	26	46	6	46	
71	83	39	32	3	46	58	64	22	1	-1	71	59	100	34	15	96	35	7	80	80	89	33	61	39	88	59	71	13	82	8	97	45	22	84	20	78	29	81	46	3	69	5	100	22	47	47	57	36	35	93	8	55	52	68	89	39	53	26	81	61	55	43	16	25	39	87	2	11	27	50	28	93	89	50	51	51	60	57	59	23	33	95	6	5	7	10	55	41	42	30	69	32	81	4	55	41	72	93	74	
17	74	85	40	75	89	62	50	5	7	71	-1	17	85	32	16	68	53	96	99	49	62	19	25	40	70	92	66	8	58	54	76	16	68	32	77	97	30	48	38	75	60	7	11	58	27	71	3	53	95	20	45	98	30	55	3	5	54	48	42	86	89	94	47	100	75	20	72	47	52	38	2	44	78	24	85	52	1	18	88	66	41	18	23	29	28	1	50	33	29	24	88	81	40	6	76	65	15	2	83	
51	95	5	50	100	47	2	4	86	9	59	17	-1	56	92	11	62	29	39	65	93	29	39	66	20	93	96	77	56	90	8	31	5	40	74	68	16	11	38	35	84	43	71	12	65	11	5	10	42	12	59	74	26	35	60	50	53	84	96	45	69	9	5	58	81	38	43	20	64	18	29	69	97	38	100	9	70	84	77	88	15	39	58	18	8	33	37	75	93	25	81	60	73	66	77	4	73	7	54	6	
7	21	83	63	5	82	70	98	41	42	100	85	56	-1	2	53	11	67	94	14	63	7	78	59	70	5	60	88	24	90	88	99	30	92	87	30	63	79	80	53	98	65	49	91	32	53	93	84	37	33	60	39	86	78	30	72	5	56	73	37	48	73	40	61	51	54	60	17	53	89	62	82	1	13	93	3	5	67	62	63	79	77	25	41	33	88	61	8	22	85	59	97	27	72	7	59	64	25	15	97	
86	27	45	4	66	36	78	5	33	29	34	32	92	2	-1	36	96	20	9	66	87	34	49	1	52	28	90	60	44	68	21	10	86	4	65	81	37	100	76	57	18	86	53	20	8	68	50	100	100	13	11	97	7	43	6	19	1	39	13	61	29	73	69	83	55	81	60	26	68	91	49	42	100	7	15	61	80	12	87	65	58	34	42	49	66	36	15	96	62	35	64	15	62	9	18	98	92	82	89	56	
3	17	78	74	97	65	18	15	64	10	15	16	11	53	36	-1	6	5	22	18	29	25	1	73	24	18	22	91	50	29	75	31	28	78	14	40	10	57	55	68	11	51	93	97	92	55	1	56	53	92	2	93	6	93	83	5	69	70	62	41	47	48	99	4	32	4	45	91	10	68	18	60	93	55	52	93	69	75	22	66	20	15	93	10	27	89	81	84	10	28	84	48	10	31	48	18	59	2	42	97	
46	97	13	33	43	48	55	28	13	27	96	68	62	11	96	6	-1	50	29	61	17	24	54	89	37	31	13	98	10	89	83	100	50	39	55	64	64	56	65	26	80	90	12	44	5	96	69	43	38	72	26	49	82	99	27	59	19	43	4	56	100	20	10	57	97	19	59	50	79	54	32	65	9	32	21	86	55	72	44	51	65	51	45	52	50	51	30	85	25	25	73	71	31	43	62	33	71	30	31	72	
86	76	6	78	67	72	81	50	87	75	35	53	29	67	20	5	50	-1	22	57	89	37	11	35	17	57	42	86	79	65	35	77	30	68	38	55	64	57	84	24	78	1	25	63	15	96	95	61	97	83	69	93	13	14	61	56	53	91	27	51	39	87	72	3	19	99	18	60	7	94	24	73	35	21	16	95	20	79	95	59	77	10	16	33	19	1	77	43	44	3	90	15	99	48	36	68	46	3	45	90	
85	13	3	55	31	86	43	64	55	100	7	96	39	94	9	22	29	22	-1	86	16	13	35	22	19	60	24	9	80	1	93	85	36	79	86	72	32	9	35	30	57	99	69	79	48	94	73	7	86	97	72	66	75	86	91	13	67	39	13	90	29	46	59	99	59	93	99	78	77	10	61	20	65	6	77	43	15	44	5	92	2	100	10	65	23	49	84	75	85	80	28	52	24	98	40	54	22	83	1	59	
14	38	52	88	69	88	81	51	52	51	80	99	65	14	66	18	61	57	86	-1	66	4	40	8	87	86	45	4	13	92	13	87	54	39	49	70	40	76	47	41	9	98	77	26	59	28	77	19	84	57	19	11	69	86	85	57	3	96	50	13	70	11	32	71	26	82	9	22	78	48	100	65	59	98	45	88	97	14	5	85	59	43	62	8	49	54	27	88	5	52	15	71	47	77	59	53	54	17	81	31	
73	59	25	94	83	36	49	89	77	59	80	49	93	63	87	29	17	89	16	66	-1	18	45	90	1	67	4	56	62	29	66	12	76	38	57	74	72	70	38	27	19	69	86	30	20	2	37	78	100	54	88	98	27	38	86	22	97	85	56	5	13	49	33	80	41	61	34	42	2	27	43	32	25	84	50	99	18	60	41	32	12	58	54	67	46	51	93	55	60	10	17	97	52	80	31	79	58	84	96	59	
76	76	18	63	78	47	51	95	15	7	89	62	29	7	34	25	24	37	13	4	18	-1	75	18	9	83	82	24	15	95	65	14	75	86	81	46	64	69	70	70	88	42	62	56	37	11	36	14	83	5	70	15	49	28	10	2	11	76	23	78	75	34	71	18	96	31	60	18	86	92	61	69	68	58	67	88	50	100	32	39	15	75	6	75	90	22	75	71	95	66	43	51	40	39	94	30	96	16	32	18	
20	63	82	21	90	49	27	99	69	71	33	19	39	78	49	1	54	11	35	40	45	75	-1	8	31	23	94	97	36	36	83	45	56	52	43	17	1	68	66	30	92	14	53	11	98	66	61	11	7	70	100	3	76	74	7	38	22	38	83	6	32	88	3	30	14	20	46	54	50	75	41	39	27	16	4	76	7	13	46	36	41	41	86	48	44	88	63	67	11	4	78	1	61	75	26	33	14	5	36	94	
70	60	85	69	3	54	98	94	67	92	61	25	66	59	1	73	89	35	22	8	90	18	8	-1	11	83	37	3	58	16	81	14	18	95	57	22	54	69	71	69	71	44	11	12	79	93	86	56	95	6	43	1	37	86	30	41	99	37	100	63	22	91	6	81	82	20	25	26	97	21	38	36	34	34	60	37	85	87	10	12	28	88	61	71	75	56	78	67	55	80	68	79	63	31	100	40	8	61	68	93	
88	50	11	6	16	41	76	88	23	82	39	40	20	70	52	24	37	17	19	87	1	9	31	11	-1	63	78	73	58	33	48	100	98	95	84	56	17	13	21	38	27	87	49	97	47	6	80	51	63	68	6	84	88	24	45	17	85	84	31	91	11	27	4	5	99	13	59	59	87	61	65	81	45	46	15	36	62	41	38	51	15	30	96	76	94	21	100	20	86	35	52	40	78	65	14	30	67	20	29	55	
97	33	98	44	74	70	22	29	100	87	88	70	93	5	28	18	31	57	60	86	67	83	23	83	63	-1	73	70	13	78	17	96	46	9	28	36	45	79	54	16	23	62	27	44	14	5	2	65	54	100	9	86	84	10	16	4	25	44	33	100	16	65	58	19	44	62	65	26	89	62	21	31	57	24	30	96	68	84	87	25	63	83	90	87	84	35	76	24	55	94	57	32	19	62	34	78	27	5	25	35	
86	25	42	72	13	23	46	85	34	1	59	92	96	60	90	22	13	42	24	45	4	82	94	37	78	73	-1	86	46	40	26	82	12	78	38	73	85	19	16	53	1	14	88	41	4	100	16	71	70	10	74	97	37	31	35	55	20	3	49	13	58	23	54	52	9	18	53	2	16	60	37	4	67	5	32	84	37	28	58	74	34	20	85	86	42	22	67	30	82	60	37	10	6	38	47	41	26	35	18	85	
51	34	37	92	22	66	54	60	8	89	71	66	77	88	60	91	98	86	9	4	56	24	97	3	73	70	86	-1	5	59	33	79	87	62	91	28	66	83	95	39	19	58	53	82	10	99	85	6	31	60	66	75	14	32	72	96	13	81	96	21	57	19	55	14	70	83	54	57	7	78	22	18	53	94	60	46	87	41	78	74	11	71	22	38	22	47	42	78	45	12	80	95	62	62	28	61	25	38	41	11	
19	18	8	28	16	21	97	4	98	57	13	8	56	24	44	50	10	79	80	13	62	15	36	58	58	13	46	5	-1	92	46	33	80	97	70	68	29	74	82	41	43	94	33	49	22	54	5	40	90	34	88	82	61	93	98	52	49	90	100	23	63	65	1	68	32	45	63	73	15	16	72	11	28	20	17	20	43	46	19	59	16	24	36	5	30	39	20	30	49	71	45	65	44	58	83	72	66	23	53	24	
31	22	93	81	66	58	66	69	93	42	82	58	90	90	68	29	89	65	1	92	29	95	36	16	33	78	40	59	92	-1	81	75	16	63	93	93	69	91	50	87	52	30	84	23	26	46	10	66	12	79	49	6	85	22	47	16	82	97	47	22	59	60	62	29	74	14	10	85	3	81	14	11	22	94	99	71	56	88	70	64	74	50	42	65	35	7	26	97	77	38	86	65	67	14	26	72	21	24	100	96	
69	93	55	29	80	33	2	97	57	45	8	54	8	88	21	75	83	35	93	13	66	65	83	81	48	17	26	33	46	81	-1	68	30	8	3	99	30	12	76	98	76	73	31	93	40	71	83	81	56	99	79	95	28	7	10	67	38	34	46	59	88	58	30	83	4	58	100	40	27	20	43	30	41	43	53	79	17	20	59	9	28	78	52	89	42	11	44	52	79	41	42	2	15	93	19	42	89	58	12	89	
37	83	84	81	1	53	82	44	61	32	97	76	31	99	10	31	100	77	85	87	12	14	45	14	100	96	82	79	33	75	68	-1	81	25	10	63	76	100	61	58	56	21	31	80	7	65	58	27	61	77	55	86	6	31	68	55	48	23	32	67	1	28	77	42	91	17	46	8	29	61	71	11	41	83	94	54	71	98	19	100	8	29	95	1	78	48	79	42	76	14	99	23	9	82	5	15	2	24	56	86	
72	28	44	77	40	7	63	36	66	13	45	16	5	30	86	28	50	30	36	54	76	75	56	18	98	46	12	87	80	16	30	81	-1	3	65	79	38	29	57	48	94	81	4	41	50	48	35	84	33	80	1	13	75	26	42	50	42	72	98	94	11	97	52	6	17	63	53	97	58	52	44	57	2	96	40	43	7	49	44	6	21	88	58	25	13	99	25	83	60	44	11	55	19	1	23	30	25	60	88	89	
25	40	36	74	90	76	98	97	35	63	22	68	40	92	4	78	39	68	79	39	38	86	52	95	95	9	78	62	97	63	8	25	3	-1	81	13	87	49	16	61	25	96	20	90	79	9	74	97	13	51	78	71	65	60	49	98	90	16	47	77	1	95	37	39	30	31	97	93	38	52	9	83	39	86	57	56	45	77	4	63	92	76	36	25	37	8	16	68	26	21	59	98	92	96	83	99	35	15	87	11	
39	42	76	99	89	93	37	100	56	62	84	32	74	87	65	14	55	38	86	49	57	81	43	57	84	28	38	91	70	93	3	10	65	81	-1	97	63	57	52	55	48	42	38	20	90	27	35	14	66	76	49	98	54	43	78	43	94	3	44	54	35	29	69	88	17	83	28	9	4	7	56	12	62	15	37	34	96	58	49	59	6	9	77	79	56	8	40	89	11	14	34	82	39	80	28	32	29	4	44	97	
20	49	95	19	92	24	56	90	28	4	20	77	68	30	81	40	64	55	72	70	74	46	17	22	56	36	73	28	68	93	99	63	79	13	97	-1	68	77	5	38	64	71	60	23	40	23	32	4	92	65	10	24	41	95	92	45	60	46	29	21	36	8	18	40	56	92	34	25	80	85	28	93	98	91	20	70	32	76	37	52	9	90	63	26	97	30	97	50	49	41	96	58	54	20	32	78	20	1	14	42	
60	66	78	52	26	52	28	76	84	84	78	97	16	63	37	10	64	64	32	40	72	64	1	54	17	45	85	66	29	69	30	76	38	87	63	68	-1	62	20	87	66	64	11	41	67	18	46	72	67	51	22	86	15	80	100	73	37	98	60	44	93	53	66	28	44	95	44	5	35	4	74	26	36	75	51	82	86	72	65	67	10	96	15	7	6	78	100	96	37	43	50	56	70	25	92	18	30	63	89	7	
36	63	57	86	34	53	16	25	47	53	29	30	11	79	100	57	56	57	9	76	70	69	68	69	13	79	19	83	74	91	12	100	29	49	57	77	62	-1	72	24	79	53	15	89	19	47	80	36	65	17	68	74	41	59	88	47	59	68	74	73	13	21	14	26	19	33	50	30	84	56	2	80	30	27	8	19	74	14	7	85	49	68	57	27	66	18	63	3	13	10	32	54	67	70	88	16	99	70	54	78	
40	79	41	98	63	95	62	48	12	100	81	48	38	80	76	55	65	84	35	47	38	70	66	71	21	54	16	95	82	50	76	61	57	16	52	5	20	72	-1	37	62	80	87	65	36	46	90	65	32	10	22	26	89	22	81	37	63	46	67	98	41	28	35	21	40	41	48	28	45	18	9	67	12	42	96	86	57	26	76	24	60	70	89	72	11	2	78	85	50	93	21	53	30	33	53	67	11	27	44	29	
12	80	4	52	55	52	35	18	41	65	46	38	35	53	57	68	26	24	30	41	27	70	30	69	38	16	53	39	41	87	98	58	48	61	55	38	87	24	37	-1	29	8	38	23	32	69	93	38	58	2	71	39	95	85	21	99	19	97	41	99	77	41	82	88	8	87	18	21	66	84	57	4	90	58	97	1	86	20	25	28	62	60	77	82	12	62	22	23	56	36	10	55	14	5	67	49	61	19	32	79	
33	35	55	75	48	46	5	10	69	33	3	75	84	98	18	11	80	78	57	9	19	88	92	71	27	23	1	19	43	52	76	56	94	25	48	64	66	79	62	29	-1	66	56	40	19	81	27	66	17	51	31	8	74	86	43	52	12	89	54	60	32	91	42	73	76	37	77	54	53	33	24	6	28	78	1	43	79	50	36	9	42	7	50	22	58	1	60	67	43	14	24	3	13	79	67	66	12	99	62	57	
19	12	99	3	84	24	7	64	35	78	69	60	43	65	86	51	90	1	99	98	69	42	14	44	87	62	14	58	94	30	73	21	81	96	42	71	64	53	80	8	66	-1	84	93	22	68	9	75	89	52	23	32	32	2	66	41	38	79	2	72	46	5	73	49	12	83	59	37	55	77	29	91	7	23	65	33	29	61	78	40	68	81	97	20	27	41	99	18	98	23	96	86	29	72	55	59	38	100	98	5	
62	10	26	30	20	64	17	46	92	33	5	7	71	49	53	93	12	25	69	77	86	62	53	11	49	27	88	53	33	84	31	31	4	20	38	60	11	15	87	38	56	84	-1	51	6	12	46	72	27	54	100	22	15	51	26	96	80	79	33	57	34	2	5	15	67	64	20	2	51	61	23	3	86	30	78	54	5	1	72	98	47	13	3	40	37	56	65	43	28	87	80	27	73	27	15	79	85	8	10	84	
93	80	52	6	46	65	42	83	31	30	100	11	12	91	20	97	44	63	79	26	30	56	11	12	97	44	41	82	49	23	93	80	41	90	20	23	41	89	65	23	40	93	51	-1	74	14	22	82	2	55	9	64	6	56	80	32	26	75	5	84	51	80	92	92	5	7	93	60	34	42	64	100	86	23	47	23	25	95	15	27	78	44	77	38	94	21	95	70	4	72	27	81	65	29	52	4	23	95	27	48	
79	27	37	86	40	16	22	24	62	54	22	58	65	32	8	92	5	15	48	59	20	37	98	79	47	14	4	10	22	26	40	7	50	79	90	40	67	19	36	32	19	22	6	74	-1	6	2	11	26	79	48	84	27	100	69	64	39	43	6	15	63	95	63	8	16	89	44	81	87	67	57	28	14	26	45	62	8	27	17	21	51	34	20	24	1	16	50	41	61	22	53	18	56	27	67	92	59	53	30	2	
67	78	16	54	40	16	24	98	15	44	47	27	11	53	68	55	96	96	94	28	2	11	66	93	6	5	100	99	54	46	71	65	48	9	27	23	18	47	46	69	81	68	12	14	6	-1	54	62	13	13	6	58	84	71	87	19	81	33	85	93	83	100	76	31	46	27	49	10	29	67	23	48	5	55	90	100	75	82	63	36	24	38	8	59	47	14	89	84	75	27	76	90	49	35	12	26	47	6	36	62	
43	17	41	28	83	71	95	58	71	45	47	71	5	93	50	1	69	95	73	77	37	36	61	86	80	2	16	85	5	10	83	58	35	74	35	32	46	80	90	93	27	9	46	22	2	54	-1	54	70	6	72	1	48	18	34	59	74	85	94	76	44	93	37	99	10	87	76	2	25	22	31	33	38	66	93	96	37	1	72	47	22	69	25	67	59	94	91	34	18	24	85	39	78	44	100	16	36	8	61	16	
69	23	7	64	73	36	95	79	84	95	57	3	10	84	100	56	43	61	7	19	78	14	11	56	51	65	71	6	40	66	81	27	84	97	14	4	72	36	65	38	66	75	72	82	11	62	54	-1	21	97	83	88	48	85	77	24	57	32	59	34	47	6	49	66	26	82	7	84	45	45	43	38	61	58	20	37	24	44	57	59	83	52	81	35	58	81	100	80	37	98	14	37	22	7	3	52	14	90	83	1	
94	32	64	14	19	44	74	75	74	36	36	53	42	37	100	53	38	97	86	84	100	83	7	95	63	54	70	31	90	12	56	61	33	13	66	92	67	65	32	58	17	89	27	2	26	13	70	21	-1	44	71	54	13	89	5	2	8	65	16	31	56	56	20	27	64	52	27	72	68	30	10	23	89	51	55	26	27	41	71	17	44	95	22	44	64	29	8	80	75	7	71	63	23	20	8	84	3	37	90	47	
32	21	95	97	63	69	71	92	82	81	35	95	12	33	13	92	72	83	97	57	54	5	70	6	68	100	10	60	34	79	99	77	80	51	76	65	51	17	10	2	51	52	54	55	79	13	6	97	44	-1	11	55	28	41	21	94	63	76	80	27	56	74	74	1	15	99	39	58	60	59	59	55	85	17	60	34	36	52	86	46	66	99	87	9	84	84	71	65	70	56	90	64	21	87	27	54	57	13	41	91	
98	85	32	24	91	32	89	21	100	14	93	20	59	60	11	2	26	69	72	19	88	70	100	43	6	9	74	66	88	49	79	55	1	78	49	10	22	68	22	71	31	23	100	9	48	6	72	83	71	11	-1	3	40	44	73	94	4	87	62	36	27	11	2	12	15	22	32	95	4	9	43	44	54	55	87	19	82	3	75	20	32	91	89	56	90	90	12	67	23	11	10	17	37	16	18	11	63	1	31	84	
60	88	83	88	34	2	92	95	14	73	8	45	74	39	97	93	49	93	66	11	98	15	3	1	84	86	97	75	82	6	95	86	13	71	98	24	86	74	26	39	8	32	22	64	84	58	1	88	54	55	3	-1	85	12	58	81	38	21	72	17	93	74	72	5	15	33	47	51	40	57	17	95	15	57	55	2	47	75	98	79	95	92	27	56	75	92	30	74	96	61	68	91	43	15	44	3	42	63	6	28	
36	100	6	48	40	50	83	10	70	47	55	98	26	86	7	6	82	13	75	69	27	49	76	37	88	84	37	14	61	85	28	6	75	65	54	41	15	41	89	95	74	32	15	6	27	84	48	48	13	28	40	85	-1	24	40	55	67	73	73	20	56	47	96	69	57	14	83	79	90	55	65	77	6	93	63	67	62	27	7	80	70	1	29	78	44	5	40	19	34	73	23	63	90	66	29	83	79	2	50	52	
42	4	29	23	30	60	79	12	80	53	52	30	35	78	43	93	99	14	86	86	38	28	74	86	24	10	31	32	93	22	7	31	26	60	43	95	80	59	22	85	86	2	51	56	100	71	18	85	89	41	44	12	24	-1	14	71	47	64	94	47	3	64	65	71	62	27	90	36	30	14	63	79	61	25	72	7	63	84	24	60	88	17	12	58	20	53	64	36	93	90	12	55	77	64	76	34	32	58	76	3	
45	61	58	15	17	94	51	32	44	59	68	55	60	30	6	83	27	61	91	85	86	10	7	30	45	16	35	72	98	47	10	68	42	49	78	92	100	88	81	21	43	66	26	80	69	87	34	77	5	21	73	58	40	14	-1	92	11	59	41	75	76	89	12	28	60	94	90	27	3	45	99	10	31	57	95	28	36	30	66	100	46	51	36	73	33	99	42	21	36	90	85	26	72	18	46	12	39	45	74	68	
57	33	40	99	49	31	13	39	88	71	89	3	50	72	19	5	59	56	13	57	22	2	38	41	17	4	55	96	52	16	67	55	50	98	43	45	73	47	37	99	52	41	96	32	64	19	59	24	2	94	94	81	55	71	92	-1	32	36	51	52	6	52	58	48	81	80	42	41	63	59	69	40	39	96	5	10	30	87	38	57	66	22	78	93	76	100	38	4	53	96	95	2	41	89	35	81	55	88	96	56	
26	68	60	15	59	77	20	22	58	76	39	5	53	5	1	69	19	53	67	3	97	11	22	99	85	25	20	13	49	82	38	48	42	90	94	60	37	59	63	19	12	38	80	26	39	81	74	57	8	63	4	38	67	47	11	32	-1	6	79	21	63	84	25	65	6	8	63	24	85	70	25	97	36	4	59	68	30	1	5	27	100	72	85	32	63	82	76	89	85	13	68	12	36	37	17	40	47	63	4	4	
36	90	78	8	63	42	32	43	38	78	53	54	84	56	39	70	43	91	39	96	85	76	38	37	84	44	3	81	90	97	34	23	72	16	3	46	98	68	46	97	89	79	79	75	43	33	85	32	65	76	87	21	73	64	59	36	6	-1	31	51	80	70	93	90	3	18	12	41	100	56	73	9	67	91	29	11	28	32	56	53	92	95	96	54	85	31	51	54	12	64	80	38	66	48	35	83	22	39	52	25	
85	50	80	15	52	6	16	35	58	50	26	48	96	73	13	62	4	27	13	50	56	23	83	100	31	33	49	96	100	47	46	32	98	47	44	29	60	74	67	41	54	2	33	5	6	85	94	59	16	80	62	72	73	94	41	51	79	31	-1	80	8	2	69	7	19	21	46	18	16	84	44	34	52	43	50	79	23	91	90	35	61	27	47	23	33	19	30	19	83	19	96	41	24	87	11	25	52	81	14	88	
60	10	24	94	51	79	87	24	80	14	81	42	45	37	61	41	56	51	90	13	5	78	6	63	91	100	13	21	23	22	59	67	94	77	54	21	44	73	98	99	60	72	57	84	15	93	76	34	31	27	36	17	20	47	75	52	21	51	80	-1	83	70	42	51	4	52	66	6	14	27	47	92	83	31	17	23	8	90	28	75	33	25	22	72	97	80	64	50	62	22	4	38	56	2	74	45	67	100	62	70	
80	10	41	40	25	63	20	28	17	3	61	86	69	48	29	47	100	39	29	70	13	75	32	22	11	16	58	57	63	59	88	1	11	1	35	36	93	13	41	77	32	46	34	51	63	83	44	47	56	56	27	93	56	3	76	6	63	80	8	83	-1	54	7	44	55	51	23	80	31	1	78	9	48	71	46	29	88	98	57	71	89	84	59	23	94	43	20	81	99	54	100	25	4	73	63	74	68	15	72	25	
29	47	71	25	64	12	41	28	68	3	55	89	9	73	73	48	20	87	46	11	49	34	88	91	27	65	23	19	65	60	58	28	97	95	29	8	53	21	28	41	91	5	2	80	95	100	93	6	56	74	11	74	47	64	89	52	84	70	2	70	54	-1	71	95	99	12	41	80	30	62	37	14	73	10	27	56	82	40	50	96	16	70	5	47	66	67	30	17	14	4	56	97	82	64	65	52	59	86	3	72	
74	84	86	53	23	88	72	32	85	64	43	94	5	40	69	99	10	72	59	32	33	71	3	6	4	58	54	55	1	62	30	77	52	37	69	18	66	14	35	82	42	73	5	92	63	76	37	49	20	74	2	72	96	65	12	58	25	93	69	42	7	71	-1	92	32	60	87	46	1	27	77	9	46	21	55	5	94	32	60	82	89	75	49	33	75	90	43	61	100	95	51	80	86	61	27	89	64	56	32	38	
19	38	17	24	82	87	92	13	6	64	16	47	58	61	83	4	57	3	99	71	80	18	30	81	5	19	52	14	68	29	83	42	6	39	88	40	28	26	21	88	73	49	15	92	8	31	99	66	27	1	12	5	69	71	28	48	65	90	7	51	44	95	92	-1	74	65	48	1	22	56	4	21	13	31	4	42	83	16	45	12	34	82	39	84	62	4	21	40	41	51	90	77	49	89	21	2	94	61	99	86	
41	28	69	9	61	64	11	13	95	1	25	100	81	51	55	32	97	19	59	26	41	96	14	82	99	44	9	70	32	74	4	91	17	30	17	56	44	19	40	8	76	12	67	5	16	46	10	26	64	15	15	15	57	62	60	81	6	3	19	4	55	99	32	74	-1	8	93	79	82	90	94	90	68	64	67	33	31	70	24	64	33	65	65	100	65	54	89	3	84	97	20	70	10	40	80	63	96	99	70	64	
39	23	39	19	79	89	45	43	15	62	39	75	38	54	81	4	19	99	93	82	61	31	20	20	13	62	18	83	45	14	58	17	63	31	83	92	95	33	41	87	37	83	64	7	89	27	87	82	52	99	22	33	14	27	94	80	8	18	21	52	51	12	60	65	8	-1	61	2	25	28	22	73	31	21	54	47	89	34	58	18	76	17	40	2	72	11	38	76	63	47	53	25	97	68	67	84	51	91	86	60	
88	67	60	70	11	20	58	46	56	43	87	20	43	60	60	45	59	18	99	9	34	60	46	25	59	65	53	54	63	10	100	46	53	97	28	34	44	50	48	18	77	59	20	93	44	49	76	7	27	39	32	47	83	90	90	42	63	12	46	66	23	41	87	48	93	61	-1	77	61	70	73	45	33	32	100	25	60	44	89	67	12	100	68	35	22	38	80	37	32	45	76	33	47	2	6	27	45	32	53	10	
69	41	15	4	71	48	96	63	72	12	2	72	20	17	26	91	50	60	78	22	42	18	54	26	59	26	2	57	73	85	40	8	97	93	9	25	5	30	28	21	54	37	2	60	81	10	2	84	72	58	95	51	79	36	27	41	24	41	18	6	80	80	46	1	79	2	77	-1	29	45	85	100	9	39	74	22	56	15	65	94	41	35	13	98	77	90	90	15	25	16	55	54	90	42	66	86	20	1	76	62	
8	37	28	7	99	19	98	22	81	50	11	47	64	53	68	10	79	7	77	78	2	86	50	97	87	89	16	7	15	3	27	29	58	38	4	80	35	84	45	66	53	55	51	34	87	29	25	45	68	60	4	40	90	30	3	63	85	100	16	14	31	30	1	22	82	25	61	29	-1	40	50	88	88	73	97	20	54	97	62	26	39	77	87	1	54	14	32	81	3	38	83	66	38	59	99	91	8	65	11	98	
28	56	83	67	47	28	37	86	31	15	27	52	18	89	91	68	54	94	10	48	27	92	75	21	61	62	60	78	16	81	20	61	52	52	7	85	4	56	18	84	33	77	61	42	67	67	22	45	30	59	9	57	55	14	45	59	70	56	84	27	1	62	27	56	90	28	70	45	40	-1	51	66	31	51	93	29	51	63	4	95	51	46	84	6	17	71	78	7	5	50	64	67	18	58	5	80	21	30	38	41	
66	31	42	86	69	57	48	48	2	79	50	38	29	62	49	18	32	24	61	100	43	61	41	38	65	21	37	22	72	14	43	71	44	9	56	28	74	2	9	57	24	29	23	64	57	23	31	43	10	59	43	17	65	63	99	69	25	73	44	47	78	37	77	4	94	22	73	85	50	51	-1	67	62	40	79	94	2	28	29	32	34	33	90	12	50	37	34	73	36	86	26	88	20	26	24	44	47	57	79	56	
55	70	64	64	49	13	52	55	39	9	28	2	69	82	42	60	65	73	20	65	32	69	39	36	81	31	4	18	11	11	30	11	57	83	12	93	26	80	67	4	6	91	3	100	28	48	33	38	23	55	44	95	77	79	10	40	97	9	34	92	9	14	9	21	90	73	45	100	88	66	67	-1	23	47	26	93	53	70	15	88	20	100	78	26	42	79	58	46	25	28	11	91	19	43	41	67	69	78	38	7	
13	47	63	7	72	28	55	41	37	46	93	44	97	1	100	93	9	35	65	59	25	68	27	34	45	57	67	53	28	22	41	41	2	39	62	98	36	30	12	90	28	7	86	86	14	5	38	61	89	85	54	15	6	61	31	39	36	67	52	83	48	73	46	13	68	31	33	9	88	31	62	23	-1	28	4	78	27	1	67	82	68	95	91	10	97	18	45	26	67	98	60	72	61	12	59	7	58	13	56	87	
27	48	70	29	84	93	34	59	42	84	89	78	38	13	7	55	32	21	6	98	84	58	16	34	46	24	5	94	20	94	43	83	96	86	15	91	75	27	42	58	78	23	30	23	26	55	66	58	51	17	55	57	93	25	57	96	4	91	43	31	71	10	21	31	64	21	32	39	73	51	40	47	28	-1	88	65	35	47	1	2	69	67	56	84	59	48	90	19	1	100	41	23	60	6	80	59	72	70	97	14	
66	25	67	48	34	88	24	78	33	34	50	24	100	93	15	52	21	16	77	45	50	67	4	60	15	30	32	60	17	99	53	94	40	57	37	20	51	8	96	97	1	65	78	47	45	90	93	20	55	60	87	55	63	72	95	5	59	29	50	17	46	27	55	4	67	54	100	74	97	93	79	26	4	88	-1	54	37	16	53	9	32	76	37	41	81	79	76	89	69	69	54	45	51	41	98	8	86	7	60	36	
89	75	65	97	66	62	37	85	7	85	51	85	9	3	61	93	86	95	43	88	99	88	76	37	36	96	84	46	20	71	79	54	43	56	34	70	82	19	86	1	43	33	54	23	62	100	96	37	26	34	19	2	67	7	28	10	68	11	79	23	29	56	5	42	33	47	25	22	20	29	94	93	78	65	54	-1	3	41	53	54	89	97	53	31	33	23	16	35	43	23	69	37	10	77	99	7	36	31	8	44	
67	97	71	23	91	85	81	66	2	52	51	52	70	5	80	69	55	20	15	97	18	50	7	85	62	68	37	87	43	56	17	71	7	45	96	32	86	74	57	86	79	29	5	25	8	75	37	24	27	36	82	47	62	63	36	30	30	28	23	8	88	82	94	83	31	89	60	56	54	51	2	53	27	35	37	3	-1	97	62	43	31	66	25	8	61	47	82	47	58	2	47	9	72	78	64	18	40	86	89	68	
80	89	57	89	36	29	60	42	90	58	60	1	84	67	12	75	72	79	44	14	60	100	13	87	41	84	28	41	46	88	20	98	49	77	58	76	72	14	26	20	50	61	1	95	27	82	1	44	41	52	3	75	27	84	30	87	1	32	91	90	98	40	32	16	70	34	44	15	97	63	28	70	1	47	16	41	97	-1	22	92	82	26	15	88	74	13	65	77	73	43	2	73	57	36	16	20	51	18	80	75	
30	44	49	70	9	69	76	41	11	41	57	18	77	62	87	22	44	95	5	5	41	32	46	10	38	87	58	78	19	70	59	19	44	4	49	37	65	7	76	25	36	78	72	15	17	63	72	57	71	86	75	98	7	24	66	38	5	56	90	28	57	50	60	45	24	58	89	65	62	4	29	15	67	1	53	53	62	22	-1	93	23	20	70	3	50	47	24	38	35	92	97	40	22	14	77	65	47	50	27	54	
69	23	63	82	84	83	55	75	39	24	59	88	88	63	65	66	51	59	92	85	32	39	36	12	51	25	74	74	59	64	9	100	6	63	59	52	67	85	24	28	9	40	98	27	21	36	47	59	17	46	20	79	80	60	100	57	27	53	35	75	71	96	82	12	64	18	67	94	26	95	32	88	82	2	9	54	43	92	93	-1	25	29	4	100	72	44	85	15	49	29	46	92	91	12	52	59	77	85	57	37	
98	77	90	42	79	72	65	85	34	64	23	66	15	79	58	20	65	77	2	59	12	15	41	28	15	63	34	11	16	74	28	8	21	92	6	9	10	49	60	62	42	68	47	78	51	24	22	83	44	66	32	95	70	88	46	66	100	92	61	33	89	16	89	34	33	76	12	41	39	51	34	20	68	69	32	89	31	82	23	25	-1	89	72	83	13	23	18	55	45	54	34	35	100	90	33	89	26	67	49	86	
35	80	18	49	80	68	48	80	91	99	33	41	39	77	34	15	51	10	100	43	58	75	41	88	30	83	20	71	24	50	78	29	88	76	9	90	96	68	70	60	7	81	13	44	34	38	69	52	95	99	91	92	1	17	51	22	72	95	27	25	84	70	75	82	65	17	100	35	77	46	33	100	95	67	76	97	66	26	20	29	89	-1	67	33	24	45	67	64	47	56	10	2	32	45	91	79	13	17	82	40	
26	34	44	15	97	6	51	58	25	76	95	18	58	25	42	93	45	16	10	62	54	6	86	61	96	90	85	22	36	42	52	95	58	36	77	63	15	57	89	77	50	97	3	77	20	8	25	81	22	87	89	27	29	12	36	78	85	96	47	22	59	5	49	39	65	40	68	13	87	84	90	78	91	56	37	53	25	15	70	4	72	67	-1	54	38	59	31	46	5	29	14	80	90	70	98	64	50	15	65	61	
65	44	81	39	61	21	55	47	51	57	6	23	18	41	49	10	52	33	65	8	67	75	48	71	76	87	86	38	5	65	89	1	25	25	79	26	7	27	72	82	22	20	40	38	24	59	67	35	44	9	56	56	78	58	73	93	32	54	23	72	23	47	33	84	100	2	35	98	1	6	12	26	10	84	41	31	8	88	3	100	83	33	54	-1	42	80	87	85	90	78	38	75	85	40	76	27	51	83	26	23	
32	30	39	42	36	33	66	30	38	65	5	29	8	33	66	27	50	19	23	49	46	90	44	75	94	84	42	22	30	35	42	78	13	37	56	97	6	66	11	12	58	27	37	94	1	47	59	58	64	84	90	75	44	20	33	76	63	85	33	97	94	66	75	62	65	72	22	77	54	17	50	42	97	59	81	33	61	74	50	72	13	24	38	42	-1	74	81	70	77	53	43	12	81	2	78	28	48	55	87	86	
39	83	23	73	65	75	94	8	85	58	7	28	33	88	36	89	51	1	49	54	51	22	88	56	21	35	22	47	39	7	11	48	99	8	8	30	78	18	2	62	1	41	56	21	16	14	94	81	29	84	90	92	5	53	99	100	82	31	19	80	43	67	90	4	54	11	38	90	14	71	37	79	18	48	79	23	47	13	47	44	23	45	59	80	74	-1	17	32	25	95	82	15	44	40	14	35	28	73	23	53	
78	94	30	22	40	72	73	13	16	48	10	1	37	61	15	81	30	77	84	27	93	75	63	78	100	76	67	42	20	26	44	79	25	16	40	97	100	63	78	22	60	99	65	95	50	89	91	100	8	71	12	30	40	64	42	38	76	51	30	64	20	30	43	21	89	38	80	90	32	78	34	58	45	90	76	16	82	65	24	85	18	67	31	87	81	17	-1	40	4	7	11	27	46	79	15	31	8	21	17	60	
87	34	52	83	70	95	97	84	45	88	55	50	75	8	96	84	85	43	75	88	55	71	67	67	20	24	30	78	30	97	52	42	83	68	89	50	96	3	85	23	67	18	43	70	41	84	34	80	80	65	67	74	19	36	21	4	89	54	19	50	81	17	61	40	3	76	37	15	81	7	73	46	26	19	89	35	47	77	38	15	55	64	46	85	70	32	40	-1	50	25	60	99	8	78	46	72	45	87	37	8	
79	36	9	17	34	72	39	71	74	18	41	33	93	22	62	10	25	44	85	5	60	95	11	55	86	55	82	45	49	77	79	76	60	26	11	49	37	13	50	56	43	98	28	4	61	75	18	37	75	70	23	96	34	93	36	53	85	12	83	62	99	14	100	41	84	63	32	25	3	5	36	25	67	1	69	43	58	73	35	49	45	47	5	90	77	25	4	50	-1	33	26	56	67	90	3	39	93	43	65	30	
86	27	45	51	80	70	67	25	37	80	42	29	25	85	35	28	25	3	80	52	10	66	4	80	35	94	60	12	71	38	41	14	44	21	14	41	43	10	93	36	14	23	87	72	22	27	24	98	7	56	11	61	73	90	90	96	13	64	19	22	54	4	95	51	97	47	45	16	38	50	86	28	98	100	69	23	2	43	92	29	54	56	29	78	53	95	7	25	33	-1	83	67	100	8	68	68	70	26	97	75	
12	46	70	6	11	53	1	79	89	14	30	24	81	59	64	84	73	90	28	15	17	43	78	68	52	57	37	80	45	86	42	99	11	59	34	96	50	32	21	10	24	96	80	27	53	76	85	14	71	90	10	68	23	12	85	95	68	80	96	4	100	56	51	90	20	53	76	55	83	64	26	11	60	41	54	69	47	2	97	46	34	10	14	38	43	82	11	60	26	83	-1	11	5	18	50	11	82	55	21	79	
36	78	69	50	52	29	70	70	89	1	69	88	60	97	15	48	71	15	52	71	97	51	1	79	40	32	10	95	65	65	2	23	55	98	82	58	56	54	53	55	3	86	27	81	18	90	39	37	63	64	17	91	63	55	26	2	12	38	41	38	25	97	80	77	70	25	33	54	66	67	88	91	72	23	45	37	9	73	40	92	35	2	80	75	12	15	27	99	56	67	11	-1	17	22	85	34	72	8	2	34	
73	64	38	32	24	77	94	62	13	83	32	81	73	27	62	10	31	99	24	47	52	40	61	63	78	19	6	62	44	67	15	9	19	92	39	54	70	67	30	14	13	29	73	65	56	49	78	22	23	21	37	43	90	77	72	41	36	66	24	56	4	82	86	49	10	97	47	90	38	18	20	19	61	60	51	10	72	57	22	91	100	32	90	85	81	44	46	8	67	100	5	17	-1	77	37	14	1	9	71	59	
91	9	10	86	20	27	100	76	73	65	81	40	66	72	9	31	43	48	98	77	80	39	75	31	65	62	38	62	58	14	93	82	1	96	80	20	25	70	33	5	79	72	27	29	27	35	44	7	20	87	16	15	66	64	18	89	37	48	87	2	73	64	61	89	40	68	2	42	59	58	26	43	12	6	41	77	78	36	14	12	90	45	70	40	2	40	79	78	90	8	18	22	77	-1	49	62	20	25	71	91	
17	8	7	38	2	2	26	66	17	14	4	6	77	7	18	48	62	36	40	59	31	94	26	100	14	34	47	28	83	26	19	5	23	83	28	32	92	88	53	67	67	55	15	52	67	12	100	3	8	27	18	44	29	76	46	35	17	35	11	74	63	65	27	21	80	67	6	66	99	5	24	41	59	80	98	99	64	16	77	52	33	91	98	76	78	14	15	46	3	68	50	85	37	49	-1	73	76	51	82	34	
2	26	97	74	44	41	1	89	84	84	55	76	4	59	98	18	33	68	54	53	79	30	33	40	30	78	41	61	72	72	42	15	30	99	32	78	18	16	67	49	66	59	79	4	92	26	16	52	84	54	11	3	83	34	12	81	40	83	25	45	74	52	89	2	63	84	27	86	91	80	44	67	7	59	8	7	18	20	65	59	89	79	64	27	28	35	31	72	39	68	11	34	14	62	73	-1	41	57	67	46	
74	66	8	14	69	70	79	22	99	26	41	65	73	64	92	59	71	46	22	54	58	96	14	8	67	27	26	25	66	21	89	2	25	35	29	20	30	99	11	61	12	38	85	23	59	47	36	14	3	57	63	42	79	32	39	55	47	22	52	67	68	59	64	94	96	51	45	20	8	21	47	69	58	72	86	36	40	51	47	77	26	13	50	51	48	28	8	45	93	70	82	72	1	20	76	41	-1	94	62	59	
14	68	36	89	11	20	90	47	9	46	72	15	7	25	82	2	30	3	83	17	84	16	5	61	20	5	35	38	23	24	58	24	60	15	4	1	63	70	27	19	99	100	8	95	53	6	8	90	37	13	1	63	2	58	45	88	63	39	81	100	15	86	56	61	99	91	32	1	65	30	57	78	13	70	7	31	86	18	50	85	67	17	15	83	55	73	21	87	43	26	55	8	9	25	51	57	94	-1	25	39	
21	71	6	20	66	2	56	31	44	6	93	2	54	15	89	42	31	45	1	81	96	32	36	68	29	25	18	41	53	100	12	56	88	87	44	14	89	54	44	32	62	98	10	27	30	36	61	83	90	41	31	6	50	76	74	96	4	52	14	62	72	3	32	99	70	86	53	76	11	38	79	38	56	97	60	8	89	80	27	57	49	82	65	26	87	23	17	37	65	97	21	2	71	71	82	67	62	25	-1	71	
35	71	47	84	81	86	24	76	60	46	74	83	6	97	56	97	72	90	59	31	59	18	94	93	55	35	85	11	24	96	89	86	89	11	97	42	7	78	29	79	57	5	84	48	2	62	16	1	47	91	84	28	52	3	68	56	4	25	88	70	25	72	38	86	64	60	10	62	98	41	56	7	87	14	36	44	68	75	54	37	86	40	61	23	86	53	60	8	30	75	79	34	59	91	34	46	59	39	71	-1	
