100
-1	40	65	37	46	91	17	12	73	32	41	95	45	78	57	72	88	83	1	86	35	12	58	92	12	28	13	6	68	87	40	2	29	44	28	44	48	88	31	37	65	12	2	56	3	97	74	27	93	23	24	69	81	56	17	48	12	41	3	12	14	34	5	36	36	94	81	17	35	41	76	29	98	93	78	67	35	53	35	75	6	17	1	23	43	95	43	31	61	95	41	8	34	45	84	93	9	81	84	77	
40	-1	70	16	17	61	89	21	23	37	37	51	25	90	2	25	32	7	73	57	31	38	55	93	70	52	97	38	44	23	22	75	77	20	97	43	16	25	45	62	71	85	18	89	32	29	86	63	4	17	4	42	87	24	19	90	19	52	18	33	56	66	78	99	23	77	37	20	77	40	38	27	12	100	61	69	12	18	89	91	91	27	78	46	9	38	36	56	5	18	53	44	29	87	38	53	76	92	53	41	
65	70	-1	74	47	69	76	52	81	66	58	93	97	71	21	19	46	17	61	74	15	86	42	61	67	74	20	43	10	92	58	2	82	57	69	14	13	60	53	23	66	42	51	38	2	56	77	1	65	53	84	26	84	45	84	78	94	62	9	14	46	63	80	58	71	38	27	40	27	6	82	7	35	8	50	48	23	25	3	69	74	97	5	76	65	82	30	31	28	8	91	58	67	28	68	20	86	95	45	37	
37	16	74	-1	68	20	39	71	41	64	14	91	11	25	55	11	41	5	17	42	97	28	48	79	48	85	79	30	67	65	22	51	68	72	78	21	77	48	80	2	44	51	39	43	72	92	42	62	75	9	13	10	17	76	50	39	64	7	51	55	64	9	23	33	28	25	50	79	81	97	45	77	79	59	53	44	35	31	82	83	92	22	11	1	12	45	68	79	64	36	17	61	34	60	65	100	51	55	85	5	
46	17	47	68	-1	65	100	54	56	55	55	16	5	55	69	17	55	47	67	5	11	31	51	47	87	45	44	51	12	42	43	98	9	64	9	35	57	73	87	79	87	87	80	20	79	8	30	97	71	5	12	45	32	13	70	49	35	11	45	31	40	79	81	12	100	68	44	56	100	72	84	37	37	32	92	21	50	68	67	60	54	69	38	21	31	19	75	83	18	37	37	95	84	58	54	21	100	39	27	100	
91	61	69	20	65	-1	66	19	75	98	59	54	26	43	38	89	59	88	39	16	100	16	10	36	65	10	17	8	91	17	18	87	43	47	27	88	38	20	27	61	38	11	94	56	58	10	71	91	46	51	17	33	2	81	7	10	100	4	65	79	60	36	84	57	51	68	79	40	69	30	23	7	87	77	36	50	13	75	9	79	69	96	33	45	56	34	63	2	5	23	47	19	39	20	27	57	46	39	45	90	
17	89	76	39	100	66	-1	57	15	61	16	54	10	29	90	26	24	15	53	55	23	19	20	91	58	22	10	95	37	38	99	100	9	98	62	56	68	97	75	49	24	22	9	73	8	43	33	77	79	58	100	64	76	23	97	74	33	67	46	50	40	97	32	32	35	51	73	6	7	31	74	37	3	22	66	2	50	28	14	91	54	10	100	52	55	49	25	54	39	80	49	11	31	3	6	29	66	72	82	79	
12	21	52	71	54	19	57	-1	28	58	4	26	34	81	86	97	32	58	6	35	3	11	22	100	68	88	23	58	56	83	84	45	65	89	48	1	38	22	4	56	51	79	57	31	27	86	94	4	29	23	92	25	72	36	62	51	11	81	24	90	96	65	39	16	12	7	27	68	79	97	75	12	44	47	32	12	60	63	73	5	39	71	26	86	79	35	36	46	60	60	27	98	4	22	89	80	55	61	18	61	
73	23	81	41	56	75	15	28	-1	57	93	96	79	23	36	70	74	12	74	63	67	33	32	4	89	71	22	19	48	39	41	13	79	86	13	38	94	26	78	70	88	33	46	51	25	24	34	50	67	55	16	30	95	39	93	63	82	92	86	43	21	24	24	29	36	19	76	11	69	77	36	42	5	37	27	19	75	60	59	29	86	65	93	24	79	61	57	15	58	22	47	97	53	72	100	4	53	44	77	24	
32	37	66	64	55	98	61	58	57	-1	82	36	65	63	77	30	77	33	80	29	41	34	36	50	73	93	14	55	17	75	56	37	100	65	97	85	11	34	27	99	89	52	36	19	18	5	47	73	76	89	24	12	98	34	3	14	31	6	81	94	49	4	24	49	7	46	96	20	51	26	29	26	24	92	63	55	31	47	39	24	68	65	16	70	36	72	14	97	13	23	94	64	85	33	58	98	66	73	26	14	
41	37	58	14	55	59	16	4	93	82	-1	69	93	11	59	90	99	23	86	95	9	18	9	73	72	95	82	11	33	10	67	29	59	60	66	40	3	95	92	14	61	88	86	32	22	2	4	6	18	5	41	88	16	63	51	42	72	25	39	37	9	9	96	100	23	47	89	87	94	22	39	55	55	13	35	30	10	45	28	22	53	24	65	40	4	30	73	33	86	3	87	76	27	77	84	9	78	88	95	51	
95	51	93	91	16	54	54	26	96	36	69	-1	25	31	43	65	86	25	47	69	56	24	98	92	63	60	12	100	81	20	29	40	61	48	81	50	64	86	31	50	17	6	70	38	92	99	77	19	47	76	53	11	5	4	16	77	100	18	92	8	93	79	42	92	98	80	96	57	31	23	6	45	15	21	12	80	33	41	75	2	86	51	1	2	5	92	49	68	6	97	59	16	99	98	96	88	24	76	54	26	
45	25	97	11	5	26	10	34	79	65	93	25	-1	49	52	71	27	77	82	67	27	21	22	42	99	74	90	22	42	15	8	25	99	10	61	87	3	93	78	11	98	24	42	94	96	77	17	60	92	99	32	33	13	75	16	79	60	39	63	30	21	32	52	76	36	71	67	63	30	79	1	71	60	37	17	4	69	84	3	67	12	96	75	88	64	84	9	85	77	3	4	84	9	27	33	98	17	67	66	23	
78	90	71	25	55	43	29	81	23	63	11	31	49	-1	82	71	90	92	51	64	58	84	23	14	45	54	91	44	44	59	18	47	32	59	80	75	72	65	68	13	6	51	48	70	38	18	24	18	17	22	15	93	27	54	31	14	83	84	4	45	65	58	39	70	94	35	63	90	55	95	8	9	36	32	74	41	91	18	15	46	63	78	36	3	7	83	49	8	41	48	97	52	61	41	45	97	14	76	59	74	
57	2	21	55	69	38	90	86	36	77	59	43	52	82	-1	6	19	98	44	33	31	6	32	94	38	62	55	19	38	62	99	82	85	85	94	20	40	84	80	49	16	67	17	92	9	40	7	100	93	89	18	55	41	62	18	46	78	92	53	58	47	84	40	25	93	35	41	95	51	49	67	39	75	28	22	5	100	78	30	78	58	87	38	34	19	28	31	72	18	54	19	26	86	92	79	39	87	46	32	91	
72	25	19	11	17	89	26	97	70	30	90	65	71	71	6	-1	37	14	41	74	22	69	15	40	40	81	7	6	100	50	20	48	55	25	65	59	55	16	9	53	29	80	59	25	100	91	48	7	22	38	23	18	13	86	69	97	57	96	57	82	60	23	21	87	3	49	65	55	3	34	84	11	86	12	77	41	6	54	52	23	58	12	53	4	85	91	35	52	75	73	61	30	91	6	37	55	85	60	70	4	
88	32	46	41	55	59	24	32	74	77	99	86	27	90	19	37	-1	87	12	48	82	31	22	93	41	71	47	42	95	69	1	66	87	88	51	2	30	87	30	18	32	60	51	39	94	55	89	42	11	88	13	44	60	74	49	86	76	2	62	95	28	71	73	86	88	59	55	34	98	47	20	57	38	86	25	72	98	32	5	33	43	96	83	89	89	18	96	92	91	58	14	90	65	85	64	63	17	83	44	34	
83	7	17	5	47	88	15	58	12	33	23	25	77	92	98	14	87	-1	33	12	70	25	88	35	90	88	2	31	49	88	92	52	56	42	47	71	76	76	89	49	36	51	99	93	13	67	20	90	8	82	25	70	10	99	52	26	88	46	87	70	27	75	51	49	84	100	68	32	33	58	38	98	53	8	100	12	66	94	65	30	95	96	12	74	34	43	96	18	16	46	76	100	15	17	35	26	9	70	91	43	
1	73	61	17	67	39	53	6	74	80	86	47	82	51	44	41	12	33	-1	19	46	67	9	34	62	14	59	65	65	50	33	7	69	38	10	11	76	43	65	26	61	9	1	31	63	88	70	22	65	37	3	17	6	67	74	42	60	37	44	27	23	69	13	26	68	93	96	81	46	18	58	21	7	31	53	89	20	55	19	2	5	32	80	52	65	54	93	56	52	35	17	40	6	9	65	62	66	83	82	48	
86	57	74	42	5	16	55	35	63	29	95	69	67	64	33	74	48	12	19	-1	91	32	77	23	3	4	68	79	85	99	60	82	85	55	75	49	37	8	54	43	98	94	57	55	67	19	65	37	14	20	18	92	36	65	50	10	82	98	26	23	9	20	29	82	74	55	50	2	94	6	25	88	95	6	71	70	60	10	41	31	98	30	19	56	100	21	86	43	11	97	4	81	73	42	42	6	79	2	6	43	
35	31	15	97	11	100	23	3	67	41	9	56	27	58	31	22	82	70	46	91	-1	34	47	58	67	19	9	73	75	57	86	69	10	14	83	64	93	89	33	43	74	35	28	76	19	13	50	67	13	85	35	39	42	42	32	85	36	49	53	70	3	54	16	5	25	67	94	35	23	71	96	94	70	70	95	51	100	84	27	52	81	47	42	78	1	65	15	55	74	6	65	38	90	73	26	57	47	33	92	43	
12	38	86	28	31	16	19	11	33	34	18	24	21	84	6	69	31	25	67	32	34	-1	34	35	34	99	21	43	82	6	95	39	14	61	8	98	56	49	98	100	54	98	83	53	54	81	72	93	42	13	69	63	12	64	86	61	96	95	1	50	86	43	77	17	81	10	79	42	88	81	7	78	29	27	13	59	35	75	24	48	80	45	67	50	38	42	74	20	97	68	7	1	78	72	54	83	95	91	98	90	
58	55	42	48	51	10	20	22	32	36	9	98	22	23	32	15	22	88	9	77	47	34	-1	26	67	77	45	82	7	1	68	4	56	23	98	19	41	73	25	30	85	99	41	41	24	87	5	78	59	6	92	81	52	88	62	3	98	91	41	87	12	7	27	1	96	49	29	35	2	2	29	97	69	61	7	65	81	9	53	47	10	80	89	61	54	95	19	98	97	71	99	76	72	43	96	47	95	54	78	28	
92	93	61	79	47	36	91	100	4	50	73	92	42	14	94	40	93	35	34	23	58	35	26	-1	46	95	42	86	99	100	63	100	73	93	39	28	28	97	78	18	3	81	29	99	54	7	39	7	62	4	8	69	57	58	48	63	42	73	51	62	81	24	76	70	51	46	63	37	13	78	50	64	93	63	63	43	56	56	40	38	5	43	67	43	83	81	56	31	71	46	84	95	20	76	67	28	15	65	2	74	
12	70	67	48	87	65	58	68	89	73	72	63	99	45	38	40	41	90	62	3	67	34	67	46	-1	96	44	25	72	30	45	74	41	59	18	71	20	43	64	52	22	3	86	85	20	99	10	79	39	53	74	88	89	76	30	7	80	47	62	44	73	4	83	82	17	83	57	59	30	31	23	84	37	18	34	37	11	40	51	77	58	14	32	74	61	36	73	68	42	61	59	39	99	53	52	50	39	44	76	21	
28	52	74	85	45	10	22	88	71	93	95	60	74	54	62	81	71	88	14	4	19	99	77	95	96	-1	43	9	32	59	65	25	25	40	47	89	67	61	90	73	7	90	48	38	81	82	25	70	38	65	39	99	49	50	56	94	81	96	59	61	86	8	56	86	27	79	64	94	20	56	57	96	55	55	19	78	96	87	4	2	68	3	11	45	59	91	91	17	14	53	74	27	3	75	80	99	80	94	62	78	
13	97	20	79	44	17	10	23	22	14	82	12	90	91	55	7	47	2	59	68	9	21	45	42	44	43	-1	12	93	23	17	3	78	97	32	8	31	35	54	89	57	62	75	80	61	17	61	20	80	81	55	85	77	12	23	59	20	70	23	43	78	62	98	49	62	39	97	34	66	50	84	13	54	1	25	68	83	44	6	15	88	31	81	21	70	41	18	41	46	43	84	27	55	96	5	91	32	96	43	70	
6	38	43	30	51	8	95	58	19	55	11	100	22	44	19	6	42	31	65	79	73	43	82	86	25	9	12	-1	19	94	85	20	46	62	11	1	58	34	69	82	50	73	90	55	17	66	75	10	51	62	37	67	81	56	69	66	35	76	63	36	22	54	17	57	10	12	97	37	26	27	92	79	25	14	44	82	23	31	56	82	8	42	38	82	80	51	82	82	80	55	97	71	52	66	37	46	78	8	99	93	
68	44	10	67	12	91	37	56	48	17	33	81	42	44	38	100	95	49	65	85	75	82	7	99	72	32	93	19	-1	34	34	88	60	98	58	24	84	67	61	48	45	13	19	59	81	55	72	40	14	95	66	2	100	93	7	67	9	41	36	81	37	70	19	34	22	12	69	63	63	2	86	7	58	81	97	57	60	47	15	3	8	35	4	12	36	64	100	29	71	80	83	55	21	31	18	4	61	100	44	3	
87	23	92	65	42	17	38	83	39	75	10	20	15	59	62	50	69	88	50	99	57	6	1	100	30	59	23	94	34	-1	40	19	57	89	47	92	73	66	31	71	92	27	78	45	61	17	77	98	13	45	95	98	86	50	89	53	15	8	12	86	66	74	59	55	27	46	42	11	34	7	61	84	28	40	45	28	22	51	39	30	59	1	47	60	87	40	32	43	39	53	77	49	87	86	11	82	66	67	44	98	
40	22	58	22	43	18	99	84	41	56	67	29	8	18	99	20	1	92	33	60	86	95	68	63	45	65	17	85	34	40	-1	68	49	39	18	54	62	29	41	34	32	64	41	97	84	61	18	53	86	32	22	98	78	98	93	51	97	14	15	21	66	56	32	56	6	38	76	51	86	90	35	5	95	6	46	27	42	42	15	8	65	55	13	6	21	16	84	31	50	34	11	16	64	52	86	5	80	84	34	73	
2	75	2	51	98	87	100	45	13	37	29	40	25	47	82	48	66	52	7	82	69	39	4	100	74	25	3	20	88	19	68	-1	94	55	19	4	19	10	74	66	26	66	20	45	99	21	49	29	21	79	71	59	1	24	65	88	9	74	24	19	85	57	49	90	11	89	57	29	74	40	25	68	54	9	88	47	94	4	33	38	46	3	65	65	22	60	82	52	50	36	97	63	19	91	77	82	22	93	36	7	
29	77	82	68	9	43	9	65	79	100	59	61	99	32	85	55	87	56	69	85	10	14	56	73	41	25	78	46	60	57	49	94	-1	3	48	70	76	5	87	3	58	73	63	14	54	64	7	68	39	68	34	37	32	33	20	49	64	28	4	85	39	9	4	69	91	70	70	25	99	27	83	39	87	71	9	80	40	11	81	68	32	77	93	83	33	8	10	85	74	74	70	50	99	26	97	59	31	87	93	80	
44	20	57	72	64	47	98	89	86	65	60	48	10	59	85	25	88	42	38	55	14	61	23	93	59	40	97	62	98	89	39	55	3	-1	99	100	50	90	68	10	43	90	4	19	15	82	57	68	71	80	70	50	64	93	10	68	79	84	74	20	15	35	70	14	98	28	15	1	48	12	32	93	49	13	98	88	38	18	20	78	86	91	3	38	72	24	83	70	11	42	58	38	5	80	13	27	45	40	95	40	
28	97	69	78	9	27	62	48	13	97	66	81	61	80	94	65	51	47	10	75	83	8	98	39	18	47	32	11	58	47	18	19	48	99	-1	1	82	68	68	35	92	23	15	18	35	28	21	79	92	5	82	64	19	65	88	32	88	53	98	84	35	26	87	50	94	100	26	41	68	30	3	56	76	54	62	86	21	74	66	9	97	59	25	70	5	56	46	61	59	42	43	4	99	39	64	85	6	69	3	99	
44	43	14	21	35	88	56	1	38	85	40	50	87	75	20	59	2	71	11	49	64	98	19	28	71	89	8	1	24	92	54	4	70	100	1	-1	97	33	82	94	88	43	26	16	22	20	93	54	91	57	75	59	7	17	20	33	31	18	53	89	97	40	51	1	1	19	12	81	17	86	33	43	93	59	36	82	72	17	3	48	73	75	4	34	69	39	30	41	23	52	4	99	41	48	21	12	79	44	23	89	
48	16	13	77	57	38	68	38	94	11	3	64	3	72	40	55	30	76	76	37	93	56	41	28	20	67	31	58	84	73	62	19	76	50	82	97	-1	38	59	72	24	63	9	82	61	63	13	38	9	9	62	52	5	58	39	48	97	92	28	40	61	2	39	24	76	11	18	78	68	21	50	59	73	9	85	62	33	12	21	64	7	43	81	23	14	34	64	95	65	5	38	69	9	9	57	34	42	46	61	11	
88	25	60	48	73	20	97	22	26	34	95	86	93	65	84	16	87	76	43	8	89	49	73	97	43	61	35	34	67	66	29	10	5	90	68	33	38	-1	29	57	87	43	81	51	52	62	17	90	76	55	34	60	5	89	42	50	54	5	60	35	91	67	45	45	2	1	77	3	99	28	22	24	57	46	26	82	21	76	99	98	46	9	4	84	21	18	73	78	77	31	55	62	2	38	73	23	71	95	7	79	
31	45	53	80	87	27	75	4	78	27	92	31	78	68	80	9	30	89	65	54	33	98	25	78	64	90	54	69	61	31	41	74	87	68	68	82	59	29	-1	74	64	65	90	44	13	38	70	16	27	69	56	24	32	11	46	89	78	27	17	66	74	7	41	100	90	35	7	24	31	34	5	41	87	79	84	92	37	66	90	38	66	88	7	33	50	9	19	53	6	59	56	76	16	58	32	59	60	78	87	79	
37	62	23	2	79	61	49	56	70	99	14	50	11	13	49	53	18	49	26	43	43	100	30	18	52	73	89	82	48	71	34	66	3	10	35	94	72	57	74	-1	8	56	94	61	28	88	90	6	56	82	23	66	51	84	24	89	2	68	14	34	32	31	75	63	55	36	72	97	50	13	82	50	76	51	62	77	89	56	47	89	96	74	25	24	1	25	98	72	12	77	20	59	53	37	41	76	5	95	37	78	
65	71	66	44	87	38	24	51	88	89	61	17	98	6	16	29	32	36	61	98	74	54	85	3	22	7	57	50	45	92	32	26	58	43	92	88	24	87	64	8	-1	66	61	26	48	98	87	32	41	33	79	24	1	92	17	59	80	100	11	46	55	84	47	64	40	38	78	18	21	96	1	10	41	38	74	16	10	54	18	69	53	92	56	8	66	67	44	29	83	100	17	44	5	6	76	47	30	14	22	55	
12	85	42	51	87	11	22	79	33	52	88	6	24	51	67	80	60	51	9	94	35	98	99	81	3	90	62	73	13	27	64	66	73	90	23	43	63	43	65	56	66	-1	5	7	12	16	73	4	76	39	35	4	50	44	90	26	60	12	37	23	68	80	56	49	16	23	87	14	46	44	96	8	40	96	93	66	2	19	41	94	62	40	15	92	77	38	39	100	31	7	94	79	59	96	4	32	56	71	24	92	
2	18	51	39	80	94	9	57	46	36	86	70	42	48	17	59	51	99	1	57	28	83	41	29	86	48	75	90	19	78	41	20	63	4	15	26	9	81	90	94	61	5	-1	26	73	78	18	10	40	79	81	67	58	82	74	62	50	6	46	45	34	65	4	13	90	75	71	5	4	6	27	17	37	36	76	40	55	69	35	74	76	18	80	57	45	54	7	74	98	93	7	19	29	79	67	18	77	54	79	48	
56	89	38	43	20	56	73	31	51	19	32	38	94	70	92	25	39	93	31	55	76	53	41	99	85	38	80	55	59	45	97	45	14	19	18	16	82	51	44	61	26	7	26	-1	69	90	83	18	89	35	14	64	88	32	18	17	83	63	67	71	33	20	25	3	64	19	33	18	54	37	45	61	43	26	71	82	67	60	44	13	22	66	39	94	44	79	25	87	2	21	2	32	18	57	20	89	55	57	29	16	
3	32	2	72	79	58	8	27	25	18	22	92	96	38	9	100	94	13	63	67	19	54	24	54	20	81	61	17	81	61	84	99	54	15	35	22	61	52	13	28	48	12	73	69	-1	55	39	99	31	57	84	95	24	8	97	91	28	21	96	97	9	2	66	15	40	60	68	57	81	67	88	19	7	67	41	52	3	9	98	15	85	74	46	79	6	83	96	30	88	30	93	54	82	79	94	40	99	42	4	52	
97	29	56	92	8	10	43	86	24	5	2	99	77	18	40	91	55	67	88	19	13	81	87	7	99	82	17	66	55	17	61	21	64	82	28	20	63	62	38	88	98	16	78	90	55	-1	46	53	9	53	71	21	1	72	92	10	69	83	44	43	98	72	84	22	29	39	93	11	50	20	65	71	10	92	93	92	26	91	75	95	69	43	27	97	61	43	15	86	20	57	7	67	16	100	66	58	13	61	75	91	
74	86	77	42	30	71	33	94	34	47	4	77	17	24	7	48	89	20	70	65	50	72	5	39	10	25	61	75	72	77	18	49	7	57	21	93	13	17	70	90	87	73	18	83	39	46	-1	86	57	34	9	3	55	87	77	25	95	67	14	18	82	96	62	71	99	24	40	32	59	73	11	3	72	43	2	75	99	5	16	85	7	85	69	7	18	11	54	85	30	43	74	62	58	66	9	13	62	54	53	27	
27	63	1	62	97	91	77	4	50	73	6	19	60	18	100	7	42	90	22	37	67	93	78	7	79	70	20	10	40	98	53	29	68	68	79	54	38	90	16	6	32	4	10	18	99	53	86	-1	4	9	27	27	17	65	7	55	31	56	91	92	32	29	33	73	95	69	70	23	13	12	14	77	63	29	22	62	95	99	41	44	80	20	90	80	9	30	28	37	24	72	11	78	71	4	54	54	7	3	66	10	
93	4	65	75	71	46	79	29	67	76	18	47	92	17	93	22	11	8	65	14	13	42	59	62	39	38	80	51	14	13	86	21	39	71	92	91	9	76	27	56	41	76	40	89	31	9	57	4	-1	13	64	10	22	82	44	40	55	81	1	31	60	34	14	36	55	38	58	98	86	18	65	97	43	15	28	31	56	71	55	5	18	8	47	15	61	37	81	63	87	86	25	55	69	52	3	90	99	42	91	56	
23	17	53	9	5	51	58	23	55	89	5	76	99	22	89	38	88	82	37	20	85	13	6	4	53	65	81	62	95	45	32	79	68	80	5	57	9	55	69	82	33	39	79	35	57	53	34	9	13	-1	73	49	87	56	52	70	41	65	26	97	38	4	12	64	63	57	78	45	2	44	86	57	55	90	74	45	34	100	60	47	20	15	19	85	54	25	91	91	73	71	88	38	100	11	19	28	26	67	62	27	
24	4	84	13	12	17	100	92	16	24	41	53	32	15	18	23	13	25	3	18	35	69	92	8	74	39	55	37	66	95	22	71	34	70	82	75	62	34	56	23	79	35	81	14	84	71	9	27	64	73	-1	48	99	41	90	94	80	24	29	93	5	10	88	24	31	19	26	57	91	15	82	3	63	83	71	61	25	91	60	14	54	16	97	90	27	30	29	100	16	78	16	98	2	18	16	36	95	17	40	21	
69	42	26	10	45	33	64	25	30	12	88	11	33	93	55	18	44	70	17	92	39	63	81	69	88	99	85	67	2	98	98	59	37	50	64	59	52	60	24	66	24	4	67	64	95	21	3	27	10	49	48	-1	7	1	95	62	69	58	75	77	71	13	39	17	66	88	41	42	25	100	2	79	27	40	19	74	79	16	37	8	12	97	59	74	77	91	66	39	86	5	61	71	32	60	91	79	58	70	38	82	
81	87	84	17	32	2	76	72	95	98	16	5	13	27	41	13	60	10	6	36	42	12	52	57	89	49	77	81	100	86	78	1	32	64	19	7	5	5	32	51	1	50	58	88	24	1	55	17	22	87	99	7	-1	76	88	85	32	80	26	12	81	79	58	66	12	89	92	47	48	64	88	80	6	90	96	7	40	49	72	91	34	58	99	36	28	89	96	38	71	88	97	72	15	38	66	71	7	75	77	68	
56	24	45	76	13	81	23	36	39	34	63	4	75	54	62	86	74	99	67	65	42	64	88	58	76	50	12	56	93	50	98	24	33	93	65	17	58	89	11	84	92	44	82	32	8	72	87	65	82	56	41	1	76	-1	47	21	88	67	55	92	84	88	16	85	81	31	33	39	91	46	98	28	15	34	67	3	92	75	75	49	55	100	39	29	9	83	38	59	52	12	65	17	61	44	99	61	52	51	47	9	
17	19	84	50	70	7	97	62	93	3	51	16	16	31	18	69	49	52	74	50	32	86	62	48	30	56	23	69	7	89	93	65	20	10	88	20	39	42	46	24	17	90	74	18	97	92	77	7	44	52	90	95	88	47	-1	4	82	48	52	5	95	10	80	95	30	66	28	65	85	2	80	82	54	98	47	99	44	2	56	33	15	61	88	72	7	1	87	44	23	40	5	15	94	6	51	35	39	60	82	1	
48	90	78	39	49	10	74	51	63	14	42	77	79	14	46	97	86	26	42	10	85	61	3	63	7	94	59	66	67	53	51	88	49	68	32	33	48	50	89	89	59	26	62	17	91	10	25	55	40	70	94	62	85	21	4	-1	6	85	67	78	43	71	44	77	77	84	82	18	9	42	3	26	36	7	98	94	41	1	92	24	88	20	26	83	12	33	8	62	92	56	4	17	72	5	99	63	40	84	3	11	
12	19	94	64	35	100	33	11	82	31	72	100	60	83	78	57	76	88	60	82	36	96	98	42	80	81	20	35	9	15	97	9	64	79	88	31	97	54	78	2	80	60	50	83	28	69	95	31	55	41	80	69	32	88	82	6	-1	30	85	98	60	92	61	73	15	48	98	77	72	75	64	82	59	83	29	30	41	21	74	40	97	35	84	20	28	10	26	2	21	14	7	24	16	44	14	21	45	53	64	75	
41	52	62	7	11	4	67	81	92	6	25	18	39	84	92	96	2	46	37	98	49	95	91	73	47	96	70	76	41	8	14	74	28	84	53	18	92	5	27	68	100	12	6	63	21	83	67	56	81	65	24	58	80	67	48	85	30	-1	64	13	42	74	24	58	32	22	92	18	49	37	100	22	59	2	4	82	54	3	30	97	88	90	62	77	3	54	2	90	7	99	27	65	6	63	89	4	25	27	34	64	
3	18	9	51	45	65	46	24	86	81	39	92	63	4	53	57	62	87	44	26	53	1	41	51	62	59	23	63	36	12	15	24	4	74	98	53	28	60	17	14	11	37	46	67	96	44	14	91	1	26	29	75	26	55	52	67	85	64	-1	11	63	13	91	23	33	20	31	67	7	4	15	84	91	29	25	53	27	82	4	34	13	53	18	99	52	2	89	65	67	8	13	45	25	5	61	69	62	31	15	82	
12	33	14	55	31	79	50	90	43	94	37	8	30	45	58	82	95	70	27	23	70	50	87	62	44	61	43	36	81	86	21	19	85	20	84	89	40	35	66	34	46	23	45	71	97	43	18	92	31	97	93	77	12	92	5	78	98	13	11	-1	18	51	37	50	84	41	38	6	68	92	95	23	8	31	2	14	15	64	13	8	27	56	7	51	72	55	20	91	89	21	73	35	15	89	25	48	48	18	78	58	
14	56	46	64	40	60	40	96	21	49	9	93	21	65	47	60	28	27	23	9	3	86	12	81	73	86	78	22	37	66	66	85	39	15	35	97	61	91	74	32	55	68	34	33	9	98	82	32	60	38	5	71	81	84	95	43	60	42	63	18	-1	78	48	4	56	100	72	68	31	4	13	75	18	82	44	68	89	60	87	88	57	74	3	97	86	87	84	81	4	88	8	31	27	69	82	29	50	26	20	44	
34	66	63	9	79	36	97	65	24	4	9	79	32	58	84	23	71	75	69	20	54	43	7	24	4	8	62	54	70	74	56	57	9	35	26	40	2	67	7	31	84	80	65	20	2	72	96	29	34	4	10	13	79	88	10	71	92	74	13	51	78	-1	86	8	8	41	90	65	35	70	66	52	70	17	37	67	80	23	11	25	44	67	19	64	56	55	47	56	35	76	93	50	47	78	98	59	74	74	26	31	
5	78	80	23	81	84	32	39	24	24	96	42	52	39	40	21	73	51	13	29	16	77	27	76	83	56	98	17	19	59	32	49	4	70	87	51	39	45	41	75	47	56	4	25	66	84	62	33	14	12	88	39	58	16	80	44	61	24	91	37	48	86	-1	50	32	79	84	82	23	1	79	24	39	5	34	23	81	29	59	66	32	76	64	26	75	41	91	50	62	73	28	93	71	96	61	79	58	45	69	17	
36	99	58	33	12	57	32	16	29	49	100	92	76	70	25	87	86	49	26	82	5	17	1	70	82	86	49	57	34	55	56	90	69	14	50	1	24	45	100	63	64	49	13	3	15	22	71	73	36	64	24	17	66	85	95	77	73	58	23	50	4	8	50	-1	58	26	4	63	81	54	54	55	49	5	17	100	21	88	25	51	60	90	26	24	76	5	96	16	90	41	90	97	31	30	91	79	70	24	34	54	
36	23	71	28	100	51	35	12	36	7	23	98	36	94	93	3	88	84	68	74	25	81	96	51	17	27	62	10	22	27	6	11	91	98	94	1	76	2	90	55	40	16	90	64	40	29	99	95	55	63	31	66	12	81	30	77	15	32	33	84	56	8	32	58	-1	33	24	100	48	37	57	36	56	66	11	10	55	30	35	22	58	12	39	47	11	28	5	15	49	21	90	77	15	7	43	15	52	99	8	65	
94	77	38	25	68	68	51	7	19	46	47	80	71	35	35	49	59	100	93	55	67	10	49	46	83	79	39	12	12	46	38	89	70	28	100	19	11	1	35	36	38	23	75	19	60	39	24	69	38	57	19	88	89	31	66	84	48	22	20	41	100	41	79	26	33	-1	24	68	63	73	89	59	31	63	88	80	77	72	66	46	43	75	87	9	99	88	2	79	3	24	17	82	3	16	2	59	14	76	17	33	
81	37	27	50	44	79	73	27	76	96	89	96	67	63	41	65	55	68	96	50	94	79	29	63	57	64	97	97	69	42	76	57	70	15	26	12	18	77	7	72	78	87	71	33	68	93	40	70	58	78	26	41	92	33	28	82	98	92	31	38	72	90	84	4	24	24	-1	36	43	48	8	79	41	53	76	52	60	95	35	1	15	35	94	9	48	88	1	27	8	89	73	55	100	46	46	69	74	70	94	96	
17	20	40	79	56	40	6	68	11	20	87	57	63	90	95	55	34	32	81	2	35	42	35	37	59	94	34	37	63	11	51	29	25	1	41	81	78	3	24	97	18	14	5	18	57	11	32	23	98	45	57	42	47	39	65	18	77	18	67	6	68	65	82	63	100	68	36	-1	48	44	1	78	4	23	77	100	21	50	85	20	9	20	5	85	99	31	71	79	75	16	93	60	48	90	74	59	70	8	38	30	
35	77	27	81	100	69	7	79	69	51	94	31	30	55	51	3	98	33	46	94	23	88	2	13	30	20	66	26	63	34	86	74	99	48	68	17	68	99	31	50	21	46	4	54	81	50	59	13	86	2	91	25	48	91	85	9	72	49	7	68	31	35	23	81	48	63	43	48	-1	52	85	14	1	83	88	79	29	55	1	17	58	6	88	31	52	63	88	18	59	48	21	19	78	75	30	40	82	49	98	89	
41	40	6	97	72	30	31	97	77	26	22	23	79	95	49	34	47	58	18	6	71	81	2	78	31	56	50	27	2	7	90	40	27	12	30	86	21	28	34	13	96	44	6	37	67	20	73	12	18	44	15	100	64	46	2	42	75	37	4	92	4	70	1	54	37	73	48	44	52	-1	96	72	71	99	12	91	47	74	86	16	7	72	25	93	61	97	34	86	6	20	55	21	80	25	5	43	60	57	63	70	
76	38	82	45	84	23	74	75	36	29	39	6	1	8	67	84	20	38	58	25	96	7	29	50	23	57	84	92	86	61	35	25	83	32	3	33	50	22	5	82	1	96	27	45	88	65	11	14	65	86	82	2	88	98	80	3	64	100	15	95	13	66	79	54	57	89	8	1	85	96	-1	84	35	88	20	67	61	23	7	45	54	20	81	60	100	22	2	43	90	95	76	94	38	75	31	74	21	45	8	2	
29	27	7	77	37	7	37	12	42	26	55	45	71	9	39	11	57	98	21	88	94	78	97	64	84	96	13	79	7	84	5	68	39	93	56	43	59	24	41	50	10	8	17	61	19	71	3	77	97	57	3	79	80	28	82	26	82	22	84	23	75	52	24	55	36	59	79	78	14	72	84	-1	83	42	70	90	96	3	27	60	18	1	24	68	11	83	21	13	7	100	71	44	93	98	26	58	53	78	21	98	
98	12	35	79	37	87	3	44	5	24	55	15	60	36	75	86	38	53	7	95	70	29	69	93	37	55	54	25	58	28	95	54	87	49	76	93	73	57	87	76	41	40	37	43	7	10	72	63	43	55	63	27	6	15	54	36	59	59	91	8	18	70	39	49	56	31	41	4	1	71	35	83	-1	14	97	87	4	100	46	21	53	25	73	86	38	71	35	2	55	34	63	93	77	40	29	10	90	28	49	91	
93	100	8	59	32	77	22	47	37	92	13	21	37	32	28	12	86	8	31	6	70	27	61	63	18	55	1	14	81	40	6	9	71	13	54	59	9	46	79	51	38	96	36	26	67	92	43	29	15	90	83	40	90	34	98	7	83	2	29	31	82	17	5	5	66	63	53	23	83	99	88	42	14	-1	32	87	46	8	92	8	39	84	44	95	25	6	52	40	38	44	82	73	98	48	47	45	20	48	96	2	
78	61	50	53	92	36	66	32	27	63	35	12	17	74	22	77	25	100	53	71	95	13	7	63	34	19	25	44	97	45	46	88	9	98	62	36	85	26	84	62	74	93	76	71	41	93	2	22	28	74	71	19	96	67	47	98	29	4	25	2	44	37	34	17	11	88	76	77	88	12	20	70	97	32	-1	67	71	16	46	14	12	76	49	45	51	41	10	77	26	28	79	45	46	12	58	2	74	67	22	48	
67	69	48	44	21	50	2	12	19	55	30	80	4	41	5	41	72	12	89	70	51	59	65	43	37	78	68	82	57	28	27	47	80	88	86	82	62	82	92	77	16	66	40	82	52	92	75	62	31	45	61	74	7	3	99	94	30	82	53	14	68	67	23	100	10	80	52	100	79	91	67	90	87	87	67	-1	6	38	33	46	60	6	75	27	15	71	63	38	93	44	32	27	15	7	90	60	2	23	42	27	
35	12	23	35	50	13	50	60	75	31	10	33	69	91	100	6	98	66	20	60	100	35	81	56	11	96	83	23	60	22	42	94	40	38	21	72	33	21	37	89	10	2	55	67	3	26	99	95	56	34	25	79	40	92	44	41	41	54	27	15	89	80	81	21	55	77	60	21	29	47	61	96	4	46	71	6	-1	36	67	96	8	39	61	100	33	29	59	51	8	93	4	90	69	74	10	94	33	57	90	39	
53	18	25	31	68	75	28	63	60	47	45	41	84	18	78	54	32	94	55	10	84	75	9	56	40	87	44	31	47	51	42	4	11	18	74	17	12	76	66	56	54	19	69	60	9	91	5	99	71	100	91	16	49	75	2	1	21	3	82	64	60	23	29	88	30	72	95	50	55	74	23	3	100	8	16	38	36	-1	2	71	65	51	35	51	58	23	79	49	35	36	69	24	97	69	87	9	58	17	39	4	
35	89	3	82	67	9	14	73	59	39	28	75	3	15	30	52	5	65	19	41	27	24	53	40	51	4	6	56	15	39	15	33	81	20	66	3	21	99	90	47	18	41	35	44	98	75	16	41	55	60	60	37	72	75	56	92	74	30	4	13	87	11	59	25	35	66	35	85	1	86	7	27	46	92	46	33	67	2	-1	49	27	81	55	73	21	42	53	26	61	93	100	64	29	92	10	56	10	61	28	40	
75	91	69	83	60	79	91	5	29	24	22	2	67	46	78	23	33	30	2	31	52	48	47	38	77	2	15	82	3	30	8	38	68	78	9	48	64	98	38	89	69	94	74	13	15	95	85	44	5	47	14	8	91	49	33	24	40	97	34	8	88	25	66	51	22	46	1	20	17	16	45	60	21	8	14	46	96	71	49	-1	24	69	9	34	79	28	45	60	16	43	37	98	50	63	38	40	59	55	52	22	
6	91	74	92	54	69	54	39	86	68	53	86	12	63	58	58	43	95	5	98	81	80	10	5	58	68	88	8	8	59	65	46	32	86	97	73	7	46	66	96	53	62	76	22	85	69	7	80	18	20	54	12	34	55	15	88	97	88	13	27	57	44	32	60	58	43	15	9	58	7	54	18	53	39	12	60	8	65	27	24	-1	100	79	58	38	24	49	70	1	7	52	58	20	74	92	25	60	89	30	14	
17	27	97	22	69	96	10	71	65	65	24	51	96	78	87	12	96	96	32	30	47	45	80	43	14	3	31	42	35	1	55	3	77	91	59	75	43	9	88	74	92	40	18	66	74	43	85	20	8	15	16	97	58	100	61	20	35	90	53	56	74	67	76	90	12	75	35	20	6	72	20	1	25	84	76	6	39	51	81	69	100	-1	68	33	96	95	30	71	6	49	4	53	22	87	84	11	61	36	94	36	
1	78	5	11	38	33	100	26	93	16	65	1	75	36	38	53	83	12	80	19	42	67	89	67	32	11	81	38	4	47	13	65	93	3	25	4	81	4	7	25	56	15	80	39	46	27	69	90	47	19	97	59	99	39	88	26	84	62	18	7	3	19	64	26	39	87	94	5	88	25	81	24	73	44	49	75	61	35	55	9	79	68	-1	67	45	73	34	86	99	89	32	94	100	92	79	83	96	62	51	5	
23	46	76	1	21	45	52	86	24	70	40	2	88	3	34	4	89	74	52	56	78	50	61	43	74	45	21	82	12	60	6	65	83	38	70	34	23	84	33	24	8	92	57	94	79	97	7	80	15	85	90	74	36	29	72	83	20	77	99	51	97	64	26	24	47	9	9	85	31	93	60	68	86	95	45	27	100	51	73	34	58	33	67	-1	7	89	82	87	45	4	81	100	9	39	62	91	3	84	97	74	
43	9	65	12	31	56	55	79	79	36	4	5	64	7	19	85	89	34	65	100	1	38	54	83	61	59	70	80	36	87	21	22	33	72	5	69	14	21	50	1	66	77	45	44	6	61	18	9	61	54	27	77	28	9	7	12	28	3	52	72	86	56	75	76	11	99	48	99	52	61	100	11	38	25	51	15	33	58	21	79	38	96	45	7	-1	8	81	59	49	14	43	8	34	84	5	73	67	46	35	49	
95	38	82	45	19	34	49	35	61	72	30	92	84	83	28	91	18	43	54	21	65	42	95	81	36	91	41	51	64	40	16	60	8	24	56	39	34	18	9	25	67	38	54	79	83	43	11	30	37	25	30	91	89	83	1	33	10	54	2	55	87	55	41	5	28	88	88	31	63	97	22	83	71	6	41	71	29	23	42	28	24	95	73	89	8	-1	88	56	47	27	2	33	89	52	85	99	80	37	73	70	
43	36	30	68	75	63	25	36	57	14	73	49	9	49	31	35	96	96	93	86	15	74	19	56	73	91	18	82	100	32	84	82	10	83	46	30	64	73	19	98	44	39	7	25	96	15	54	28	81	91	29	66	96	38	87	8	26	2	89	20	84	47	91	96	5	2	1	71	88	34	2	21	35	52	10	63	59	79	53	45	49	30	34	82	81	88	-1	41	40	70	89	60	66	14	11	16	80	73	82	39	
31	56	31	79	83	2	54	46	15	97	33	68	85	8	72	52	92	18	56	43	55	20	98	31	68	17	41	82	29	43	31	52	85	70	61	41	95	78	53	72	29	100	74	87	30	86	85	37	63	91	100	39	38	59	44	62	2	90	65	91	81	56	50	16	15	79	27	79	18	86	43	13	2	40	77	38	51	49	26	60	70	71	86	87	59	56	41	-1	46	80	60	21	77	91	51	5	98	35	87	18	
61	5	28	64	18	5	39	60	58	13	86	6	77	41	18	75	91	16	52	11	74	97	97	71	42	14	46	80	71	39	50	50	74	11	59	23	65	77	6	12	83	31	98	2	88	20	30	24	87	73	16	86	71	52	23	92	21	7	67	89	4	35	62	90	49	3	8	75	59	6	90	7	55	38	26	93	8	35	61	16	1	6	99	45	49	47	40	46	-1	78	72	89	26	3	66	18	40	91	55	8	
95	18	8	36	37	23	80	60	22	23	3	97	3	48	54	73	58	46	35	97	6	68	71	46	61	53	43	55	80	53	34	36	74	42	42	52	5	31	59	77	100	7	93	21	30	57	43	72	86	71	78	5	88	12	40	56	14	99	8	21	88	76	73	41	21	24	89	16	48	20	95	100	34	44	28	44	93	36	93	43	7	49	89	4	14	27	70	80	78	-1	75	56	40	72	30	23	43	57	26	61	
41	53	91	17	37	47	49	27	47	94	87	59	4	97	19	61	14	76	17	4	65	7	99	84	59	74	84	97	83	77	11	97	70	58	43	4	38	55	56	20	17	94	7	2	93	7	74	11	25	88	16	61	97	65	5	4	7	27	13	73	8	93	28	90	90	17	73	93	21	55	76	71	63	82	79	32	4	69	100	37	52	4	32	81	43	2	89	60	72	75	-1	9	7	7	46	35	24	58	36	86	
8	44	58	61	95	19	11	98	97	64	76	16	84	52	26	30	90	100	40	81	38	1	76	95	39	27	27	71	55	49	16	63	50	38	4	99	69	62	76	59	44	79	19	32	54	67	62	78	55	38	98	71	72	17	15	17	24	65	45	35	31	50	93	97	77	82	55	60	19	21	94	44	93	73	45	27	90	24	64	98	58	53	94	100	8	33	60	21	89	56	9	-1	27	99	100	27	74	57	43	16	
34	29	67	34	84	39	31	4	53	85	27	99	9	61	86	91	65	15	6	73	90	78	72	20	99	3	55	52	21	87	64	19	99	5	99	41	9	2	16	53	5	59	29	18	82	16	58	71	69	100	2	32	15	61	94	72	16	6	25	15	27	47	71	31	15	3	100	48	78	80	38	93	77	98	46	15	69	97	29	50	20	22	100	9	34	89	66	77	26	40	7	27	-1	38	70	15	100	8	48	75	
45	87	28	60	58	20	3	22	72	33	77	98	27	41	92	6	85	17	9	42	73	72	43	76	53	75	96	66	31	86	52	91	26	80	39	48	9	38	58	37	6	96	79	57	79	100	66	4	52	11	18	60	38	44	6	5	44	63	5	89	69	78	96	30	7	16	46	90	75	25	75	98	40	48	12	7	74	69	92	63	74	87	92	39	84	52	14	91	3	72	7	99	38	-1	73	82	8	77	44	99	
84	38	68	65	54	27	6	89	100	58	84	96	33	45	79	37	64	35	65	42	26	54	96	67	52	80	5	37	18	11	86	77	97	13	64	21	57	73	32	41	76	4	67	20	94	66	9	54	3	19	16	91	66	99	51	99	14	89	61	25	82	98	61	91	43	2	46	74	30	5	31	26	29	47	58	90	10	87	10	38	92	84	79	62	5	85	11	51	66	30	46	100	70	73	-1	31	19	57	67	82	
93	53	20	100	21	57	29	80	4	98	9	88	98	97	39	55	63	26	62	6	57	83	47	28	50	99	91	46	4	82	5	82	59	27	85	12	34	23	59	76	47	32	18	89	40	58	13	54	90	28	36	79	71	61	35	63	21	4	69	48	29	59	79	79	15	59	69	59	40	43	74	58	10	45	2	60	94	9	56	40	25	11	83	91	73	99	16	5	18	23	35	27	15	82	31	-1	68	44	30	95	
9	76	86	51	100	46	66	55	53	66	78	24	17	14	87	85	17	9	66	79	47	95	95	15	39	80	32	78	61	66	80	22	31	45	6	79	42	71	60	5	30	56	77	55	99	13	62	7	99	26	95	58	7	52	39	40	45	25	62	48	50	74	58	70	52	14	74	70	82	60	21	53	90	20	74	2	33	58	10	59	60	61	96	3	67	80	80	98	40	43	24	74	100	8	19	68	-1	63	78	10	
81	92	95	55	39	39	72	61	44	73	88	76	67	76	46	60	83	70	83	2	33	91	54	65	44	94	96	8	100	67	84	93	87	40	69	44	46	95	78	95	14	71	54	57	42	61	54	3	42	67	17	70	75	51	60	84	53	27	31	18	26	74	45	24	99	76	70	8	49	57	45	78	28	48	67	23	57	17	61	55	89	36	62	84	46	37	73	35	91	57	58	57	8	77	57	44	63	-1	80	24	
84	53	45	85	27	45	82	18	77	26	95	54	66	59	32	70	44	91	82	6	92	98	78	2	76	62	43	99	44	44	34	36	93	95	3	23	61	7	87	37	22	24	79	29	4	75	53	66	91	62	40	38	77	47	82	3	64	34	15	78	20	26	69	34	8	17	94	38	98	63	8	21	49	96	22	42	90	39	28	52	30	94	51	97	35	73	82	87	55	26	36	43	48	44	67	30	78	80	-1	20	
77	41	37	5	100	90	79	61	24	14	51	26	23	74	91	4	34	43	48	43	43	90	28	74	21	78	70	93	3	98	73	7	80	40	99	89	11	79	79	78	55	92	48	16	52	91	27	10	56	27	21	82	68	9	1	11	75	64	82	58	44	31	17	54	65	33	96	30	89	70	2	98	91	2	48	27	39	4	40	22	14	36	5	74	49	70	39	18	8	61	86	16	75	99	82	95	10	24	20	-1	
