100
-1	3	17	86	53	27	61	41	46	94	70	88	11	40	27	18	16	84	73	77	81	23	20	55	41	85	98	52	21	36	58	91	24	15	75	13	62	24	59	27	73	21	54	44	76	80	2	82	98	17	41	75	61	100	36	83	60	59	49	92	41	44	72	74	15	43	30	88	15	74	20	67	93	74	10	37	2	10	61	77	36	22	9	65	61	97	91	92	63	45	56	17	55	79	6	8	5	74	43	87	
3	-1	67	97	74	83	90	93	9	77	81	83	80	3	76	18	23	83	96	87	92	58	19	98	17	81	99	64	25	64	41	53	68	39	64	52	67	37	51	9	51	26	27	23	44	100	67	9	83	82	71	18	87	89	36	91	98	19	24	60	67	12	45	20	55	86	68	40	91	48	34	75	96	58	3	93	48	68	96	65	51	60	11	77	40	22	86	27	90	46	39	34	55	19	35	30	48	86	64	36	
17	67	-1	44	72	97	38	1	100	60	33	68	40	89	72	89	35	58	92	92	95	80	28	82	96	41	63	14	17	4	3	53	45	88	89	8	96	5	66	50	56	35	25	57	50	36	42	49	37	8	32	26	77	36	10	85	84	40	99	58	73	80	48	72	89	96	55	38	74	22	21	53	18	52	87	46	64	34	12	77	16	79	73	38	41	68	11	75	6	4	29	38	85	94	29	33	20	31	29	71	
86	97	44	-1	57	19	85	52	22	22	79	43	76	15	77	19	99	5	66	5	17	65	92	25	42	55	86	19	85	80	70	58	60	22	83	53	97	33	34	46	23	7	70	37	20	83	23	11	66	44	36	78	75	18	75	33	20	31	41	12	99	8	81	1	80	54	26	11	43	77	97	68	92	25	3	59	22	42	23	19	44	2	79	21	13	21	4	26	52	94	7	69	24	19	37	41	64	25	46	78	
53	74	72	57	-1	9	25	34	72	78	45	59	53	12	67	43	37	11	43	34	11	97	4	11	25	62	54	71	90	20	89	64	87	12	59	66	4	12	93	88	81	50	23	30	8	81	72	7	20	90	17	13	99	58	33	22	48	26	12	58	88	79	65	46	6	76	66	55	16	64	35	64	40	24	35	79	23	89	3	62	85	57	91	37	53	24	46	88	38	36	87	71	82	94	65	60	98	88	72	16	
27	83	97	19	9	-1	50	78	37	21	91	64	77	43	42	27	45	45	78	68	52	2	81	23	79	79	3	65	85	83	8	55	39	6	87	28	58	34	23	64	25	48	5	55	96	1	22	85	85	20	38	63	9	39	40	51	78	28	76	99	96	78	11	51	12	7	94	60	28	29	94	100	25	16	46	55	97	74	29	86	49	70	66	31	22	25	61	100	21	86	20	80	1	11	46	39	76	44	2	64	
61	90	38	85	25	50	-1	34	96	35	28	33	94	43	14	32	86	78	18	63	39	92	6	75	75	89	62	26	33	59	58	64	47	81	74	59	57	88	100	84	72	31	58	87	5	47	90	13	72	90	70	24	29	39	41	31	46	79	29	7	39	78	71	37	53	65	71	92	73	54	13	5	32	77	60	22	30	10	61	64	72	35	56	100	61	27	73	79	2	99	89	89	94	24	1	23	78	53	88	81	
41	93	1	52	34	78	34	-1	12	2	61	11	61	77	44	77	73	77	54	68	3	60	33	95	54	37	84	28	14	61	98	63	50	5	50	48	6	81	40	60	83	28	54	36	50	84	13	97	29	51	8	27	85	21	49	12	41	76	8	36	58	54	13	59	80	58	1	54	27	30	43	38	90	50	14	65	32	25	71	94	51	100	81	59	49	91	21	65	25	80	59	15	55	49	52	71	84	46	18	74	
46	9	100	22	72	37	96	12	-1	12	58	81	94	88	22	83	37	46	44	22	84	50	20	80	73	32	49	63	64	20	50	35	67	65	22	1	36	13	97	81	92	31	4	34	42	62	56	48	82	37	57	34	18	59	100	25	28	78	87	25	26	6	77	82	42	87	2	10	58	83	63	86	75	33	13	18	100	15	58	44	10	61	29	7	90	2	59	20	74	70	10	17	3	52	49	62	50	62	88	33	
94	77	60	22	78	21	35	2	12	-1	45	64	29	45	49	41	47	9	54	12	30	29	54	77	67	9	54	62	10	85	73	68	33	21	50	82	15	86	45	6	28	48	5	81	2	86	56	16	77	87	62	72	3	2	66	54	60	4	7	43	28	56	14	73	16	80	93	79	85	14	75	6	83	41	53	53	91	17	93	29	83	96	48	8	34	47	50	35	70	24	48	10	13	49	69	89	32	69	26	16	
70	81	33	79	45	91	28	61	58	45	-1	66	54	6	90	88	91	6	22	59	98	8	21	30	12	46	56	42	32	33	69	75	66	11	15	97	65	98	99	96	98	82	56	23	98	57	31	91	42	16	52	2	37	72	80	53	76	55	39	75	73	61	47	63	24	2	37	73	50	13	56	36	10	61	56	86	86	95	73	20	41	7	68	76	55	39	29	73	30	42	42	41	66	96	66	97	95	27	77	28	
88	83	68	43	59	64	33	11	81	64	66	-1	37	45	55	24	9	3	92	78	74	49	31	48	66	39	82	66	26	19	32	80	80	48	72	13	59	23	97	89	4	32	27	42	75	47	33	13	3	11	67	15	98	95	66	54	60	39	65	51	4	5	30	84	96	49	26	22	48	14	53	95	77	30	70	60	54	91	33	98	96	66	73	78	15	97	9	3	32	40	14	71	91	81	71	37	52	57	91	61	
11	80	40	76	53	77	94	61	94	29	54	37	-1	78	92	54	47	8	4	46	85	56	1	4	52	92	48	95	74	91	6	1	98	20	78	44	95	41	15	6	65	82	19	16	84	7	3	59	90	52	76	52	17	39	57	6	94	59	41	41	40	79	27	54	23	1	25	68	54	88	27	100	46	56	56	68	41	80	41	69	16	96	68	12	85	81	54	2	20	2	97	42	70	80	49	91	74	11	89	49	
40	3	89	15	12	43	43	77	88	45	6	45	78	-1	4	82	24	53	63	9	89	40	12	22	91	91	23	66	41	1	76	5	77	65	6	51	40	19	58	8	14	4	60	22	81	48	33	22	35	40	49	73	76	20	67	39	57	74	25	49	59	24	74	51	98	42	37	7	29	20	24	65	54	98	28	39	83	45	22	24	8	13	11	16	9	11	40	89	95	10	45	61	86	72	92	42	73	18	44	3	
27	76	72	77	67	42	14	44	22	49	90	55	92	4	-1	93	80	82	93	51	49	78	96	13	79	15	84	75	93	69	66	90	50	63	43	12	58	20	58	25	98	68	84	14	56	71	1	100	95	42	94	75	40	51	63	24	10	46	82	56	48	55	23	17	88	22	52	42	90	97	88	82	9	41	96	49	89	71	67	50	14	75	43	48	28	98	38	40	60	49	78	58	81	78	15	28	42	39	58	63	
18	18	89	19	43	27	32	77	83	41	88	24	54	82	93	-1	51	100	35	67	70	68	14	61	61	43	27	51	81	14	36	12	45	83	55	56	6	19	84	42	5	61	2	29	16	25	76	12	93	97	15	57	37	79	27	55	19	63	11	42	27	18	49	95	62	51	13	34	83	76	60	20	39	69	48	32	1	89	42	12	7	41	9	68	89	89	97	19	88	88	10	36	9	11	73	15	59	53	40	76	
16	23	35	99	37	45	86	73	37	47	91	9	47	24	80	51	-1	81	37	14	24	44	44	9	15	85	34	4	37	94	87	63	83	31	14	9	29	31	48	52	81	42	42	51	39	89	21	67	83	16	81	70	74	88	13	14	96	77	56	62	49	93	7	90	60	90	63	63	80	21	58	93	97	95	89	72	54	80	99	24	95	29	81	69	9	78	37	49	61	77	15	32	29	53	18	35	21	83	7	72	
84	83	58	5	11	45	78	77	46	9	6	3	8	53	82	100	81	-1	90	1	3	56	68	32	26	41	69	67	76	2	55	16	35	65	55	62	66	8	32	8	32	42	13	62	79	40	95	53	74	66	93	24	89	99	21	4	21	14	12	23	51	97	77	64	9	96	54	34	55	9	34	51	22	73	21	47	30	15	78	33	29	91	42	17	91	10	50	87	37	27	63	31	1	33	7	18	59	16	75	19	
73	96	92	66	43	78	18	54	44	54	22	92	4	63	93	35	37	90	-1	36	10	30	77	61	51	93	13	20	2	37	15	55	41	81	81	34	7	17	50	62	100	89	16	49	34	34	81	35	27	33	24	93	61	54	83	90	21	56	35	44	75	46	10	4	94	37	56	20	11	23	81	52	34	79	74	27	57	10	78	87	79	2	59	47	16	4	89	4	76	92	97	74	73	7	90	21	40	60	25	95	
77	87	92	5	34	68	63	68	22	12	59	78	46	9	51	67	14	1	36	-1	74	40	31	52	79	38	76	83	24	95	60	23	74	4	76	70	94	89	2	36	90	67	93	31	99	65	53	77	89	80	41	19	12	3	37	37	37	28	98	6	56	48	100	9	27	84	68	72	75	13	26	36	21	34	85	74	27	100	48	72	32	54	3	27	10	93	63	11	86	25	29	31	74	70	98	47	70	6	2	15	
81	92	95	17	11	52	39	3	84	30	98	74	85	89	49	70	24	3	10	74	-1	11	24	51	94	7	32	13	11	92	96	54	3	73	22	80	99	14	23	59	39	60	99	61	38	64	30	73	60	83	54	52	34	82	2	26	85	6	55	90	62	30	36	36	57	100	44	83	95	74	39	8	48	70	68	25	52	76	94	5	5	61	64	31	78	36	62	58	50	53	49	72	24	73	46	89	22	53	67	29	
23	58	80	65	97	2	92	60	50	29	8	49	56	40	78	68	44	56	30	40	11	-1	20	68	93	40	90	11	6	66	8	60	38	32	29	19	59	30	6	17	61	8	92	35	79	18	72	89	48	91	42	48	25	46	89	42	11	16	81	61	3	96	54	34	40	80	8	14	84	74	90	37	55	99	7	54	65	96	91	11	39	82	26	89	68	65	94	7	15	19	2	15	71	70	15	13	14	33	50	91	
20	19	28	92	4	81	6	33	20	54	21	31	1	12	96	14	44	68	77	31	24	20	-1	67	70	78	8	4	41	52	29	11	52	48	1	51	60	77	60	5	58	75	38	35	86	20	13	44	52	62	8	41	100	52	74	92	60	99	6	72	2	14	92	8	64	83	56	83	10	92	25	27	42	81	81	69	84	40	47	41	11	43	1	9	80	45	71	27	28	92	72	90	44	41	91	38	24	52	8	45	
55	98	82	25	11	23	75	95	80	77	30	48	4	22	13	61	9	32	61	52	51	68	67	-1	79	61	37	16	69	7	7	50	98	53	89	29	91	19	3	74	62	49	39	27	99	5	80	64	12	73	26	63	65	88	82	39	64	74	90	66	3	26	92	17	75	51	63	37	11	60	58	96	62	17	16	2	73	35	36	64	16	83	77	100	22	66	40	14	96	11	65	67	78	21	40	12	84	50	42	41	
41	17	96	42	25	79	75	54	73	67	12	66	52	91	79	61	15	26	51	79	94	93	70	79	-1	96	17	10	70	47	28	23	14	21	21	46	99	88	70	5	21	76	42	40	14	53	14	91	53	5	88	23	77	17	99	8	5	9	15	67	62	14	54	65	76	24	15	48	16	48	58	56	17	47	85	41	91	11	25	47	52	34	35	45	61	25	69	34	80	27	64	69	6	82	32	93	92	37	14	76	
85	81	41	55	62	79	89	37	32	9	46	39	92	91	15	43	85	41	93	38	7	40	78	61	96	-1	97	43	72	55	66	58	70	66	32	67	40	24	42	90	47	42	12	49	65	37	3	61	11	24	43	60	25	74	81	53	57	36	60	73	59	47	30	14	21	5	26	77	53	32	86	36	87	51	86	20	81	51	31	1	52	5	12	47	25	26	52	75	64	27	26	67	32	90	94	54	6	13	1	84	
98	99	63	86	54	3	62	84	49	54	56	82	48	23	84	27	34	69	13	76	32	90	8	37	17	97	-1	54	30	35	12	96	2	70	27	79	25	74	72	28	14	27	68	85	48	66	12	100	49	55	9	61	90	26	27	38	10	53	93	94	57	26	100	60	96	94	17	42	92	28	12	58	56	34	39	52	56	69	80	3	2	7	74	48	37	18	57	8	16	14	27	18	3	51	49	45	66	16	91	55	
52	64	14	19	71	65	26	28	63	62	42	66	95	66	75	51	4	67	20	83	13	11	4	16	10	43	54	-1	99	11	97	70	100	86	95	70	77	29	38	32	82	78	59	56	37	77	71	17	83	88	7	65	7	54	90	27	42	73	13	93	41	57	10	73	80	35	69	7	61	100	14	48	21	71	55	10	77	1	73	12	63	46	73	71	89	62	57	24	54	65	98	92	64	56	76	86	98	73	12	32	
21	25	17	85	90	85	33	14	64	10	32	26	74	41	93	81	37	76	2	24	11	6	41	69	70	72	30	99	-1	67	20	50	29	15	23	43	25	93	4	76	85	4	97	56	32	17	28	58	70	64	63	91	53	63	18	91	5	85	59	1	4	8	51	24	62	92	74	58	81	36	91	32	40	22	53	12	5	11	20	10	9	66	13	55	3	46	35	29	43	40	59	71	44	42	71	20	79	12	100	61	
36	64	4	80	20	83	59	61	20	85	33	19	91	1	69	14	94	2	37	95	92	66	52	7	47	55	35	11	67	-1	23	76	13	32	90	65	98	54	77	72	62	69	27	55	89	47	30	41	93	1	83	93	3	47	3	10	13	67	93	67	49	40	49	96	16	77	30	13	79	54	61	82	62	98	94	87	8	82	50	20	59	29	57	75	64	44	25	4	96	32	91	86	4	2	62	60	26	38	29	79	
58	41	3	70	89	8	58	98	50	73	69	32	6	76	66	36	87	55	15	60	96	8	29	7	28	66	12	97	20	23	-1	22	3	99	6	16	38	17	22	54	97	44	75	20	6	78	46	14	3	50	64	94	24	74	87	83	80	83	16	92	32	69	5	49	22	29	92	7	64	57	84	83	55	83	10	85	99	64	34	61	20	79	79	97	59	20	32	44	65	2	97	14	79	12	5	21	86	83	5	68	
91	53	53	58	64	55	64	63	35	68	75	80	1	5	90	12	63	16	55	23	54	60	11	50	23	58	96	70	50	76	22	-1	97	77	93	50	73	4	81	14	17	18	99	84	82	7	19	50	92	19	39	44	38	98	45	48	42	98	85	70	60	20	55	91	97	25	73	17	63	66	24	23	43	81	33	68	2	58	6	53	20	6	66	46	38	51	57	34	21	5	23	96	36	60	72	48	31	89	76	82	
24	68	45	60	87	39	47	50	67	33	66	80	98	77	50	45	83	35	41	74	3	38	52	98	14	70	2	100	29	13	3	97	-1	56	29	60	11	66	11	60	29	15	85	6	90	46	62	95	16	58	98	10	99	98	67	90	34	61	87	63	67	71	42	22	10	45	45	55	31	17	7	4	91	46	35	73	32	83	74	48	88	21	38	62	57	18	19	93	93	4	45	23	31	2	27	63	72	77	27	27	
15	39	88	22	12	6	81	5	65	21	11	48	20	65	63	83	31	65	81	4	73	32	48	53	21	66	70	86	15	32	99	77	56	-1	28	34	81	54	10	78	48	38	37	82	82	76	35	68	99	22	6	44	50	70	50	64	7	26	74	12	37	83	42	25	18	42	56	94	26	96	49	20	61	53	15	36	63	27	65	35	38	15	3	38	19	60	82	89	41	95	14	64	6	31	94	52	86	82	31	83	
75	64	89	83	59	87	74	50	22	50	15	72	78	6	43	55	14	55	81	76	22	29	1	89	21	32	27	95	23	90	6	93	29	28	-1	41	51	74	36	72	13	31	13	12	53	22	45	38	12	83	72	2	31	40	61	5	70	28	27	52	89	77	43	64	77	19	61	6	40	83	81	8	68	1	84	97	66	54	47	11	36	44	95	16	51	79	10	93	39	7	13	99	39	71	78	78	9	6	27	46	
13	52	8	53	66	28	59	48	1	82	97	13	44	51	12	56	9	62	34	70	80	19	51	29	46	67	79	70	43	65	16	50	60	34	41	-1	45	81	68	54	45	96	66	66	14	76	48	66	25	96	27	59	56	50	96	88	38	1	5	17	91	64	56	83	37	66	58	64	52	44	100	28	24	6	78	80	77	45	45	2	30	4	95	73	78	82	32	71	23	40	31	56	27	76	69	60	73	89	65	72	
62	67	96	97	4	58	57	6	36	15	65	59	95	40	58	6	29	66	7	94	99	59	60	91	99	40	25	77	25	98	38	73	11	81	51	45	-1	7	79	70	73	33	73	85	10	99	17	58	83	55	88	99	78	17	35	26	80	26	45	88	7	90	34	35	87	77	87	5	99	96	35	29	26	13	62	22	5	24	20	30	2	84	20	85	5	69	9	73	22	99	56	52	79	23	31	91	3	56	62	42	
24	37	5	33	12	34	88	81	13	86	98	23	41	19	20	19	31	8	17	89	14	30	77	19	88	24	74	29	93	54	17	4	66	54	74	81	7	-1	80	30	29	54	89	90	53	34	59	28	82	97	9	48	59	34	62	99	72	94	90	42	97	34	87	36	68	4	41	4	29	11	63	57	47	8	88	37	50	37	78	20	2	20	87	34	15	69	5	1	27	32	46	35	84	91	23	36	10	60	64	61	
59	51	66	34	93	23	100	40	97	45	99	97	15	58	58	84	48	32	50	2	23	6	60	3	70	42	72	38	4	77	22	81	11	10	36	68	79	80	-1	59	57	77	53	78	16	15	46	76	90	78	74	85	47	45	3	54	56	99	36	51	56	41	79	44	50	96	31	96	3	92	81	45	63	57	30	81	58	52	22	4	57	22	96	71	85	85	68	93	31	55	1	52	93	59	52	66	80	56	25	1	
27	9	50	46	88	64	84	60	81	6	96	89	6	8	25	42	52	8	62	36	59	17	5	74	5	90	28	32	76	72	54	14	60	78	72	54	70	30	59	-1	38	13	1	99	22	55	32	54	37	13	51	98	47	50	56	100	67	74	93	4	75	61	87	14	24	41	16	54	92	66	90	68	89	4	77	17	65	63	99	27	82	38	71	6	72	78	96	52	44	72	90	42	40	18	49	85	56	94	49	68	
73	51	56	23	81	25	72	83	92	28	98	4	65	14	98	5	81	32	100	90	39	61	58	62	21	47	14	82	85	62	97	17	29	48	13	45	73	29	57	38	-1	3	63	30	78	75	8	77	82	1	22	7	37	12	61	68	28	19	2	82	43	33	100	84	21	85	37	81	52	86	82	45	16	5	37	49	47	69	25	22	100	41	83	96	88	68	48	8	88	49	67	52	56	34	41	53	3	11	6	38	
21	26	35	7	50	48	31	28	31	48	82	32	82	4	68	61	42	42	89	67	60	8	75	49	76	42	27	78	4	69	44	18	15	38	31	96	33	54	77	13	3	-1	41	38	34	79	97	93	15	48	63	2	20	74	93	74	38	70	56	54	23	78	57	66	89	73	16	74	7	55	37	93	62	75	10	55	37	42	64	8	73	25	81	63	52	19	38	28	32	2	84	88	4	74	64	45	98	77	11	37	
54	27	25	70	23	5	58	54	4	5	56	27	19	60	84	2	42	13	16	93	99	92	38	39	42	12	68	59	97	27	75	99	85	37	13	66	73	89	53	1	63	41	-1	3	96	95	48	15	46	88	74	11	76	85	97	64	49	63	99	5	55	98	6	80	94	21	57	73	11	57	34	4	32	37	33	96	66	65	96	60	70	42	86	32	36	84	45	51	53	3	47	64	64	91	17	47	83	19	63	41	
44	23	57	37	30	55	87	36	34	81	23	42	16	22	14	29	51	62	49	31	61	35	35	27	40	49	85	56	56	55	20	84	6	82	12	66	85	90	78	99	30	38	3	-1	87	36	58	94	34	25	91	50	3	90	100	94	67	74	12	41	26	41	15	78	63	34	67	4	73	51	44	71	70	98	3	45	49	21	17	65	47	77	38	86	97	68	32	99	21	58	24	73	2	16	40	98	81	92	10	61	
76	44	50	20	8	96	5	50	42	2	98	75	84	81	56	16	39	79	34	99	38	79	86	99	14	65	48	37	32	89	6	82	90	82	53	14	10	53	16	22	78	34	96	87	-1	61	36	12	42	54	50	96	16	57	83	46	27	35	95	16	91	15	13	37	2	80	67	21	25	64	60	96	10	66	48	52	36	90	52	84	87	70	99	87	14	23	19	94	3	58	20	65	45	77	26	31	71	28	49	23	
80	100	36	83	81	1	47	84	62	86	57	47	7	48	71	25	89	40	34	65	64	18	20	5	53	37	66	77	17	47	78	7	46	76	22	76	99	34	15	55	75	79	95	36	61	-1	20	100	42	66	58	45	80	58	56	3	96	1	19	48	44	75	95	71	73	44	22	12	28	78	89	51	98	9	55	46	52	47	78	74	86	6	63	80	30	20	9	60	83	75	89	19	18	21	44	14	45	25	66	53	
2	67	42	23	72	22	90	13	56	56	31	33	3	33	1	76	21	95	81	53	30	72	13	80	14	3	12	71	28	30	46	19	62	35	45	48	17	59	46	32	8	97	48	58	36	20	-1	35	42	57	85	3	68	45	80	92	29	11	7	68	82	60	30	47	50	11	33	15	57	61	79	57	73	68	38	87	73	86	10	20	99	16	47	3	51	14	75	92	96	32	61	15	95	57	51	83	50	43	46	14	
82	9	49	11	7	85	13	97	48	16	91	13	59	22	100	12	67	53	35	77	73	89	44	64	91	61	100	17	58	41	14	50	95	68	38	66	58	28	76	54	77	93	15	94	12	100	35	-1	12	48	55	1	70	11	84	38	59	18	37	72	14	91	49	79	3	76	44	9	33	8	17	13	60	78	67	25	87	76	39	53	3	37	45	26	8	38	77	92	67	7	60	47	46	36	23	99	80	93	29	39	
98	83	37	66	20	85	72	29	82	77	42	3	90	35	95	93	83	74	27	89	60	48	52	12	53	11	49	83	70	93	3	92	16	99	12	25	83	82	90	37	82	15	46	34	42	42	42	12	-1	48	3	40	60	95	92	2	99	11	47	1	28	75	60	72	11	44	12	51	91	87	76	97	69	40	98	49	51	45	69	40	78	76	14	40	45	92	10	76	31	31	14	66	19	43	29	96	5	54	25	96	
17	82	8	44	90	20	90	51	37	87	16	11	52	40	42	97	16	66	33	80	83	91	62	73	5	24	55	88	64	1	50	19	58	22	83	96	55	97	78	13	1	48	88	25	54	66	57	48	48	-1	68	48	93	74	70	71	89	19	43	98	54	19	26	37	60	47	12	20	57	77	50	14	39	55	93	96	65	42	29	73	94	10	74	89	71	74	46	65	46	46	66	53	78	72	54	48	57	35	20	87	
41	71	32	36	17	38	70	8	57	62	52	67	76	49	94	15	81	93	24	41	54	42	8	26	88	43	9	7	63	83	64	39	98	6	72	27	88	9	74	51	22	63	74	91	50	58	85	55	3	68	-1	100	57	92	52	74	37	72	65	71	32	100	62	98	15	15	19	1	48	64	10	36	20	70	91	13	6	4	81	50	34	51	72	87	68	93	59	30	26	62	55	24	87	13	5	81	10	13	25	19	
75	18	26	78	13	63	24	27	34	72	2	15	52	73	75	57	70	24	93	19	52	48	41	63	23	60	61	65	91	93	94	44	10	44	2	59	99	48	85	98	7	2	11	50	96	45	3	1	40	48	100	-1	18	33	83	87	19	21	71	41	25	82	95	10	15	39	100	74	95	93	41	83	91	88	78	14	31	63	41	80	10	81	33	37	31	93	16	88	65	4	59	28	100	37	11	5	70	5	98	66	
61	87	77	75	99	9	29	85	18	3	37	98	17	76	40	37	74	89	61	12	34	25	100	65	77	25	90	7	53	3	24	38	99	50	31	56	78	59	47	47	37	20	76	3	16	80	68	70	60	93	57	18	-1	84	99	94	37	13	65	17	43	17	45	34	90	81	15	43	16	71	20	36	90	64	94	91	13	69	84	72	63	2	89	39	42	20	28	71	24	23	27	33	91	95	64	73	71	2	67	61	
100	89	36	18	58	39	39	21	59	2	72	95	39	20	51	79	88	99	54	3	82	46	52	88	17	74	26	54	63	47	74	98	98	70	40	50	17	34	45	50	12	74	85	90	57	58	45	11	95	74	92	33	84	-1	92	86	97	92	37	7	17	84	17	31	77	79	9	37	19	66	30	52	60	15	69	32	24	93	16	87	88	6	80	37	5	36	79	88	74	55	38	93	51	58	66	90	70	23	27	78	
36	36	10	75	33	40	41	49	100	66	80	66	57	67	63	27	13	21	83	37	2	89	74	82	99	81	27	90	18	3	87	45	67	50	61	96	35	62	3	56	61	93	97	100	83	56	80	84	92	70	52	83	99	92	-1	6	96	67	22	15	63	28	38	30	38	20	39	93	68	95	98	20	22	71	57	5	22	60	48	29	72	39	43	56	53	95	9	20	88	68	44	81	7	15	84	71	15	51	37	86	
83	91	85	33	22	51	31	12	25	54	53	54	6	39	24	55	14	4	90	37	26	42	92	39	8	53	38	27	91	10	83	48	90	64	5	88	26	99	54	100	68	74	64	94	46	3	92	38	2	71	74	87	94	86	6	-1	52	62	77	21	15	39	5	47	80	67	3	3	94	53	24	63	73	23	67	11	44	25	65	49	94	8	30	92	81	35	60	85	9	53	18	41	87	31	8	60	74	15	10	13	
60	98	84	20	48	78	46	41	28	60	76	60	94	57	10	19	96	21	21	37	85	11	60	64	5	57	10	42	5	13	80	42	34	7	70	38	80	72	56	67	28	38	49	67	27	96	29	59	99	89	37	19	37	97	96	52	-1	70	42	30	91	14	78	34	88	1	47	57	16	65	46	52	24	64	74	23	36	16	67	14	57	44	44	11	75	40	61	37	50	13	13	57	8	97	92	11	6	41	13	99	
59	19	40	31	26	28	79	76	78	4	55	39	59	74	46	63	77	14	56	28	6	16	99	74	9	36	53	73	85	67	83	98	61	26	28	1	26	94	99	74	19	70	63	74	35	1	11	18	11	19	72	21	13	92	67	62	70	-1	46	51	62	6	53	67	51	8	28	37	32	71	8	73	81	88	90	37	48	64	92	82	22	2	17	97	58	46	15	52	19	97	75	5	51	100	17	3	27	90	17	95	
49	24	99	41	12	76	29	8	87	7	39	65	41	25	82	11	56	12	35	98	55	81	6	90	15	60	93	13	59	93	16	85	87	74	27	5	45	90	36	93	2	56	99	12	95	19	7	37	47	43	65	71	65	37	22	77	42	46	-1	72	78	17	100	26	12	75	14	89	91	37	7	34	59	27	19	95	72	77	61	37	26	71	75	37	90	41	19	5	13	94	38	4	44	91	54	8	24	71	10	51	
92	60	58	12	58	99	7	36	25	43	75	51	41	49	56	42	62	23	44	6	90	61	72	66	67	73	94	93	1	67	92	70	63	12	52	17	88	42	51	4	82	54	5	41	16	48	68	72	1	98	71	41	17	7	15	21	30	51	72	-1	30	2	92	92	22	15	86	19	67	14	73	20	58	45	60	36	80	69	12	69	57	57	35	7	87	27	10	34	62	18	26	2	45	27	50	20	49	62	15	71	
41	67	73	99	88	96	39	58	26	28	73	4	40	59	48	27	49	51	75	56	62	3	2	3	62	59	57	41	4	49	32	60	67	37	89	91	7	97	56	75	43	23	55	26	91	44	82	14	28	54	32	25	43	17	63	15	91	62	78	30	-1	61	96	96	95	97	39	20	97	90	65	9	11	94	4	50	21	77	37	81	88	64	64	81	34	13	67	33	83	66	19	46	58	64	47	81	71	47	67	9	
44	12	80	8	79	78	78	54	6	56	61	5	79	24	55	18	93	97	46	48	30	96	14	26	14	47	26	57	8	40	69	20	71	83	77	64	90	34	41	61	33	78	98	41	15	75	60	91	75	19	100	82	17	84	28	39	14	6	17	2	61	-1	91	57	12	87	40	32	36	66	15	68	93	54	99	33	88	88	68	60	68	36	92	63	73	78	12	70	13	84	30	13	78	64	22	99	84	25	39	80	
72	45	48	81	65	11	71	13	77	14	47	30	27	74	23	49	7	77	10	100	36	54	92	92	54	30	100	10	51	49	5	55	42	42	43	56	34	87	79	87	100	57	6	15	13	95	30	49	60	26	62	95	45	17	38	5	78	53	100	92	96	91	-1	61	28	20	26	46	58	10	4	12	50	55	31	24	92	39	30	47	95	26	53	25	75	39	93	95	84	87	82	67	44	69	40	51	100	60	70	5	
74	20	72	1	46	51	37	59	82	73	63	84	54	51	17	95	90	64	4	9	36	34	8	17	65	14	60	73	24	96	49	91	22	25	64	83	35	36	44	14	84	66	80	78	37	71	47	79	72	37	98	10	34	31	30	47	34	67	26	92	96	57	61	-1	60	37	79	22	29	39	83	88	76	57	54	66	15	91	75	66	19	71	56	72	58	77	56	6	40	4	85	85	9	56	31	99	5	13	57	43	
15	55	89	80	6	12	53	80	42	16	24	96	23	98	88	62	60	9	94	27	57	40	64	75	76	21	96	80	62	16	22	97	10	18	77	37	87	68	50	24	21	89	94	63	2	73	50	3	11	60	15	15	90	77	38	80	88	51	12	22	95	12	28	60	-1	38	93	90	96	69	57	91	62	67	23	7	41	35	12	2	71	1	80	87	64	80	62	20	45	67	54	91	6	41	13	6	3	23	84	42	
43	86	96	54	76	7	65	58	87	80	2	49	1	42	22	51	90	96	37	84	100	80	83	51	24	5	94	35	92	77	29	25	45	42	19	66	77	4	96	41	85	73	21	34	80	44	11	76	44	47	15	39	81	79	20	67	1	8	75	15	97	87	20	37	38	-1	4	94	99	93	35	18	67	5	74	40	93	96	86	47	9	21	59	9	7	79	49	47	65	13	94	59	89	54	33	80	40	10	87	48	
30	68	55	26	66	94	71	1	2	93	37	26	25	37	52	13	63	54	56	68	44	8	56	63	15	26	17	69	74	30	92	73	45	56	61	58	87	41	31	16	37	16	57	67	67	22	33	44	12	12	19	100	15	9	39	3	47	28	14	86	39	40	26	79	93	4	-1	51	44	84	45	30	41	9	97	90	100	83	56	75	88	57	74	13	96	82	45	90	45	17	55	73	1	67	100	86	81	11	35	26	
88	40	38	11	55	60	92	54	10	79	73	22	68	7	42	34	63	34	20	72	83	14	83	37	48	77	42	7	58	13	7	17	55	94	6	64	5	4	96	54	81	74	73	4	21	12	15	9	51	20	1	74	43	37	93	3	57	37	89	19	20	32	46	22	90	94	51	-1	64	18	95	80	35	41	72	92	48	98	49	82	35	52	36	98	73	71	80	99	79	81	71	42	75	43	28	73	61	54	98	83	
15	91	74	43	16	28	73	27	58	85	50	48	54	29	90	83	80	55	11	75	95	84	10	11	16	53	92	61	81	79	64	63	31	26	40	52	99	29	3	92	52	7	11	73	25	28	57	33	91	57	48	95	16	19	68	94	16	32	91	67	97	36	58	29	96	99	44	64	-1	33	46	30	13	23	55	41	62	99	5	66	63	54	82	58	30	76	42	97	83	95	48	84	51	36	66	36	81	65	21	90	
74	48	22	77	64	29	54	30	83	14	13	14	88	20	97	76	21	9	23	13	74	74	92	60	48	32	28	100	36	54	57	66	17	96	83	44	96	11	92	66	86	55	57	51	64	78	61	8	87	77	64	93	71	66	95	53	65	71	37	14	90	66	10	39	69	93	84	18	33	-1	91	3	78	6	22	25	20	21	44	80	42	6	45	21	76	45	79	68	57	63	31	85	28	81	65	80	16	19	18	97	
20	34	21	97	35	94	13	43	63	75	56	53	27	24	88	60	58	34	81	26	39	90	25	58	58	86	12	14	91	61	84	24	7	49	81	100	35	63	81	90	82	37	34	44	60	89	79	17	76	50	10	41	20	30	98	24	46	8	7	73	65	15	4	83	57	35	45	95	46	91	-1	99	2	32	86	62	5	90	41	25	36	94	21	59	94	48	63	85	77	71	48	86	71	25	58	54	88	94	68	36	
67	75	53	68	64	100	5	38	86	6	36	95	100	65	82	20	93	51	52	36	8	37	27	96	56	36	58	48	32	82	83	23	4	20	8	28	29	57	45	68	45	93	4	71	96	51	57	13	97	14	36	83	36	52	20	63	52	73	34	20	9	68	12	88	91	18	30	80	30	3	99	-1	25	53	5	66	3	32	31	52	60	34	19	13	13	45	45	66	9	92	22	43	41	33	78	95	1	79	4	13	
93	96	18	92	40	25	32	90	75	83	10	77	46	54	9	39	97	22	34	21	48	55	42	62	17	87	56	21	40	62	55	43	91	61	68	24	26	47	63	89	16	62	32	70	10	98	73	60	69	39	20	91	90	60	22	73	24	81	59	58	11	93	50	76	62	67	41	35	13	78	2	25	-1	73	96	54	12	35	85	21	80	64	63	48	2	2	60	28	47	61	41	44	84	56	86	54	36	30	46	21	
74	58	52	25	24	16	77	50	33	41	61	30	56	98	41	69	95	73	79	34	70	99	81	17	47	51	34	71	22	98	83	81	46	53	1	6	13	8	57	4	5	75	37	98	66	9	68	78	40	55	70	88	64	15	71	23	64	88	27	45	94	54	55	57	67	5	9	41	23	6	32	53	73	-1	92	28	65	96	11	45	3	31	62	45	39	29	59	66	72	82	2	80	6	78	74	55	4	42	32	31	
10	3	87	3	35	46	60	14	13	53	56	70	56	28	96	48	89	21	74	85	68	7	81	16	85	86	39	55	53	94	10	33	35	15	84	78	62	88	30	77	37	10	33	3	48	55	38	67	98	93	91	78	94	69	57	67	74	90	19	60	4	99	31	54	23	74	97	72	55	22	86	5	96	92	-1	5	97	9	79	61	69	87	80	82	91	38	52	93	56	43	14	34	89	1	33	87	46	14	73	4	
37	93	46	59	79	55	22	65	18	53	86	60	68	39	49	32	72	47	27	74	25	54	69	2	41	20	52	10	12	87	85	68	73	36	97	80	22	37	81	17	49	55	96	45	52	46	87	25	49	96	13	14	91	32	5	11	23	37	95	36	50	33	24	66	7	40	90	92	41	25	62	66	54	28	5	-1	3	31	16	4	59	4	85	50	72	54	97	46	50	58	47	94	91	7	85	56	83	47	23	54	
2	48	64	22	23	97	30	32	100	91	86	54	41	83	89	1	54	30	57	27	52	65	84	73	91	81	56	77	5	8	99	2	32	63	66	77	5	50	58	65	47	37	66	49	36	52	73	87	51	65	6	31	13	24	22	44	36	48	72	80	21	88	92	15	41	93	100	48	62	20	5	3	12	65	97	3	-1	50	62	24	80	78	35	11	80	45	38	4	84	87	58	26	15	83	87	31	77	56	55	38	
10	68	34	42	89	74	10	25	15	17	95	91	80	45	71	89	80	15	10	100	76	96	40	35	11	51	69	1	11	82	64	58	83	27	54	45	24	37	52	63	69	42	65	21	90	47	86	76	45	42	4	63	69	93	60	25	16	64	77	69	77	88	39	91	35	96	83	98	99	21	90	32	35	96	9	31	50	-1	25	18	50	5	96	34	2	43	7	70	84	43	67	24	64	50	56	34	39	18	37	10	
61	96	12	23	3	29	61	71	58	93	73	33	41	22	67	42	99	78	78	48	94	91	47	36	25	31	80	73	20	50	34	6	74	65	47	45	20	78	22	99	25	64	96	17	52	78	10	39	69	29	81	41	84	16	48	65	67	92	61	12	37	68	30	75	12	86	56	49	5	44	41	31	85	11	79	16	62	25	-1	91	91	94	18	39	74	47	11	96	24	28	6	51	51	55	96	75	3	34	62	25	
77	65	77	19	62	86	64	94	44	29	20	98	69	24	50	12	24	33	87	72	5	11	41	64	47	1	3	12	10	20	61	53	48	35	11	2	30	20	4	27	22	8	60	65	84	74	20	53	40	73	50	80	72	87	29	49	14	82	37	69	81	60	47	66	2	47	75	82	66	80	25	52	21	45	61	4	24	18	91	-1	68	45	55	7	7	48	12	62	66	61	48	39	36	71	10	100	53	19	71	70	
36	51	16	44	85	49	72	51	10	83	41	96	16	8	14	7	95	29	79	32	5	39	11	16	52	52	2	63	9	59	20	20	88	38	36	30	2	2	57	82	100	73	70	47	87	86	99	3	78	94	34	10	63	88	72	94	57	22	26	57	88	68	95	19	71	9	88	35	63	42	36	60	80	3	69	59	80	50	91	68	-1	30	13	41	81	100	59	84	100	55	66	19	67	80	86	10	70	86	98	73	
22	60	79	2	57	70	35	100	61	96	7	66	96	13	75	41	29	91	2	54	61	82	43	83	34	5	7	46	66	29	79	6	21	15	44	4	84	20	22	38	41	25	42	77	70	6	16	37	76	10	51	81	2	6	39	8	44	2	71	57	64	36	26	71	1	21	57	52	54	6	94	34	64	31	87	4	78	5	94	45	30	-1	18	65	74	21	2	76	92	9	8	41	42	93	68	7	91	89	34	71	
9	11	73	79	91	66	56	81	29	48	68	73	68	11	43	9	81	42	59	3	64	26	1	77	35	12	74	73	13	57	79	66	38	3	95	95	20	87	96	71	83	81	86	38	99	63	47	45	14	74	72	33	89	80	43	30	44	17	75	35	64	92	53	56	80	59	74	36	82	45	21	19	63	62	80	85	35	96	18	55	13	18	-1	80	88	15	78	31	47	76	74	72	63	30	14	16	24	77	35	64	
65	77	38	21	37	31	100	59	7	8	76	78	12	16	48	68	69	17	47	27	31	89	9	100	45	47	48	71	55	75	97	46	62	38	16	73	85	34	71	6	96	63	32	86	87	80	3	26	40	89	87	37	39	37	56	92	11	97	37	7	81	63	25	72	87	9	13	98	58	21	59	13	48	45	82	50	11	34	39	7	41	65	80	-1	78	23	16	67	49	92	50	2	31	52	93	31	68	16	25	60	
61	40	41	13	53	22	61	49	90	34	55	15	85	9	28	89	9	91	16	10	78	68	80	22	61	25	37	89	3	64	59	38	57	19	51	78	5	15	85	72	88	52	36	97	14	30	51	8	45	71	68	31	42	5	53	81	75	58	90	87	34	73	75	58	64	7	96	73	30	76	94	13	2	39	91	72	80	2	74	7	81	74	88	78	-1	55	29	4	86	4	73	80	1	17	99	44	65	88	93	7	
97	22	68	21	24	25	27	91	2	47	39	97	81	11	98	89	78	10	4	93	36	65	45	66	25	26	18	62	46	44	20	51	18	60	79	82	69	69	85	78	68	19	84	68	23	20	14	38	92	74	93	93	20	36	95	35	40	46	41	27	13	78	39	77	80	79	82	71	76	45	48	45	2	29	38	54	45	43	47	48	100	21	15	23	55	-1	1	69	44	88	100	44	95	31	5	70	20	56	99	73	
91	86	11	4	46	61	73	21	59	50	29	9	54	40	38	97	37	50	89	63	62	94	71	40	69	52	57	57	35	25	32	57	19	82	10	32	9	5	68	96	48	38	45	32	19	9	75	77	10	46	59	16	28	79	9	60	61	15	19	10	67	12	93	56	62	49	45	80	42	79	63	45	60	59	52	97	38	7	11	12	59	2	78	16	29	1	-1	28	26	61	1	86	27	14	64	61	70	48	8	93	
92	27	75	26	88	100	79	65	20	35	73	3	2	89	40	19	49	87	4	11	58	7	27	14	34	75	8	24	29	4	44	34	93	89	93	71	73	1	93	52	8	28	51	99	94	60	92	92	76	65	30	88	71	88	20	85	37	52	5	34	33	70	95	6	20	47	90	99	97	68	85	66	28	66	93	46	4	70	96	62	84	76	31	67	4	69	28	-1	55	42	7	7	50	36	75	43	75	53	60	55	
63	90	6	52	38	21	2	25	74	70	30	32	20	95	60	88	61	37	76	86	50	15	28	96	80	64	16	54	43	96	65	21	93	41	39	23	22	27	31	44	88	32	53	21	3	83	96	67	31	46	26	65	24	74	88	9	50	19	13	62	83	13	84	40	45	65	45	79	83	57	77	9	47	72	56	50	84	84	24	66	100	92	47	49	86	44	26	55	-1	77	95	31	73	49	86	20	18	49	18	74	
45	46	4	94	36	86	99	80	70	24	42	40	2	10	49	88	77	27	92	25	53	19	92	11	27	27	14	65	40	32	2	5	4	95	7	40	99	32	55	72	49	2	3	58	58	75	32	7	31	46	62	4	23	55	68	53	13	97	94	18	66	84	87	4	67	13	17	81	95	63	71	92	61	82	43	58	87	43	28	61	55	9	76	92	4	88	61	42	77	-1	33	92	27	49	38	25	30	4	31	44	
56	39	29	7	87	20	89	59	10	48	42	14	97	45	78	10	15	63	97	29	49	2	72	65	64	26	27	98	59	91	97	23	45	14	13	31	56	46	1	90	67	84	47	24	20	89	61	60	14	66	55	59	27	38	44	18	13	75	38	26	19	30	82	85	54	94	55	71	48	31	48	22	41	2	14	47	58	67	6	48	66	8	74	50	73	100	1	7	95	33	-1	38	100	10	75	90	13	37	89	88	
17	34	38	69	71	80	89	15	17	10	41	71	42	61	58	36	32	31	74	31	72	15	90	67	69	67	18	92	71	86	14	96	23	64	99	56	52	35	52	42	52	88	64	73	65	19	15	47	66	53	24	28	33	93	81	41	57	5	4	2	46	13	67	85	91	59	73	42	84	85	86	43	44	80	34	94	26	24	51	39	19	41	72	2	80	44	86	7	31	92	38	-1	8	86	55	62	32	15	52	13	
55	55	85	24	82	1	94	55	3	13	66	91	70	86	81	9	29	1	73	74	24	71	44	78	6	32	3	64	44	4	79	36	31	6	39	27	79	84	93	40	56	4	64	2	45	18	95	46	19	78	87	100	91	51	7	87	8	51	44	45	58	78	44	9	6	89	1	75	51	28	71	41	84	6	89	91	15	64	51	36	67	42	63	31	1	95	27	50	73	27	100	8	-1	37	57	43	16	22	55	42	
79	19	94	19	94	11	24	49	52	49	96	81	80	72	78	11	53	33	7	70	73	70	41	21	82	90	51	56	42	2	12	60	2	31	71	76	23	91	59	18	34	74	91	16	77	21	57	36	43	72	13	37	95	58	15	31	97	100	91	27	64	64	69	56	41	54	67	43	36	81	25	33	56	78	1	7	83	50	55	71	80	93	30	52	17	31	14	36	49	49	10	86	37	-1	66	94	46	65	46	41	
6	35	29	37	65	46	1	52	49	69	66	71	49	92	15	73	18	7	90	98	46	15	91	40	32	94	49	76	71	62	5	72	27	94	78	69	31	23	52	49	41	64	17	40	26	44	51	23	29	54	5	11	64	66	84	8	92	17	54	50	47	22	40	31	13	33	100	28	66	65	58	78	86	74	33	85	87	56	96	10	86	68	14	93	99	5	64	75	86	38	75	55	57	66	-1	39	39	1	71	52	
8	30	33	41	60	39	23	71	62	89	97	37	91	42	28	15	35	18	21	47	89	13	38	12	93	54	45	86	20	60	21	48	63	52	78	60	91	36	66	85	53	45	47	98	31	14	83	99	96	48	81	5	73	90	71	60	11	3	8	20	81	99	51	99	6	80	86	73	36	80	54	95	54	55	87	56	31	34	75	100	10	7	16	31	44	70	61	43	20	25	90	62	43	94	39	-1	35	4	26	78	
5	48	20	64	98	76	78	84	50	32	95	52	74	73	42	59	21	59	40	70	22	14	24	84	92	6	66	98	79	26	86	31	72	86	9	73	3	10	80	56	3	98	83	81	71	45	50	80	5	57	10	70	71	70	15	74	6	27	24	49	71	84	100	5	3	40	81	61	81	16	88	1	36	4	46	83	77	39	3	53	70	91	24	68	65	20	70	75	18	30	13	32	16	46	39	35	-1	99	93	83	
74	86	31	25	88	44	53	46	62	69	27	57	11	18	39	53	83	16	60	6	53	33	52	50	37	13	16	73	12	38	83	89	77	82	6	89	56	60	56	94	11	77	19	92	28	25	43	93	54	35	13	5	2	23	51	15	41	90	71	62	47	25	60	13	23	10	11	54	65	19	94	79	30	42	14	47	56	18	34	19	86	89	77	16	88	56	48	53	49	4	37	15	22	65	1	4	99	-1	66	74	
43	64	29	46	72	2	88	18	88	26	77	91	89	44	58	40	7	75	25	2	67	50	8	42	14	1	91	12	100	29	5	76	27	31	27	65	62	64	25	49	6	11	63	10	49	66	46	29	25	20	25	98	67	27	37	10	13	17	10	15	67	39	70	57	84	87	35	98	21	18	68	4	46	32	73	23	55	37	62	71	98	34	35	25	93	99	8	60	18	31	89	52	55	46	71	26	93	66	-1	44	
87	36	71	78	16	64	81	74	33	16	28	61	49	3	63	76	72	19	95	15	29	91	45	41	76	84	55	32	61	79	68	82	27	83	46	72	42	61	1	68	38	37	41	61	23	53	14	39	96	87	19	66	61	78	86	13	99	95	51	71	9	80	5	43	42	48	26	83	90	97	36	13	21	31	4	54	38	10	25	70	73	71	64	60	7	73	93	55	74	44	88	13	42	41	52	78	83	74	44	-1	
