100
-1	89	37	79	6	25	51	66	90	55	8	57	37	38	34	5	84	48	79	86	84	39	99	77	7	64	4	44	31	86	12	8	24	48	84	65	41	35	76	55	64	6	99	69	70	26	96	13	49	36	45	27	12	36	63	35	42	36	23	64	78	98	7	67	98	59	28	34	68	36	70	61	46	37	40	22	37	75	58	100	86	38	32	79	90	8	97	6	72	85	84	9	82	27	18	79	98	23	52	67	
89	-1	29	17	34	47	67	41	11	37	36	42	43	81	82	63	43	90	100	36	81	45	59	90	40	15	63	6	36	70	84	55	48	10	77	54	91	24	49	85	37	96	40	75	8	84	4	23	95	4	24	59	53	87	81	3	53	18	44	27	45	7	67	69	21	77	28	82	97	90	30	78	53	53	88	73	32	21	43	41	11	37	52	42	83	22	3	21	1	50	82	37	89	10	17	25	86	15	5	93	
37	29	-1	69	88	35	99	39	86	58	33	95	52	77	14	31	33	6	37	34	17	13	12	36	43	73	76	81	84	84	24	67	31	2	37	81	78	44	5	56	81	64	70	33	21	32	9	71	69	78	90	63	24	47	83	21	61	17	41	52	75	9	38	73	7	45	51	76	36	20	92	7	17	24	61	47	21	92	71	24	87	34	36	57	7	33	87	68	69	13	20	35	84	84	46	18	14	99	2	83	
79	17	69	-1	86	85	95	72	6	20	38	32	22	95	52	29	96	72	33	96	18	46	12	29	61	35	20	88	95	88	73	65	28	100	44	100	100	41	58	48	60	12	24	44	85	96	75	70	37	30	98	56	53	19	88	37	99	89	46	65	5	55	78	19	57	51	53	82	70	13	35	1	91	58	32	68	47	34	72	76	48	46	6	42	60	36	90	3	77	20	89	82	92	67	98	30	73	94	34	81	
6	34	88	86	-1	32	45	15	54	7	88	33	47	94	74	53	86	71	29	86	85	67	69	60	15	53	76	66	13	54	65	9	29	80	71	47	10	6	37	65	96	52	100	55	26	100	64	59	52	40	90	61	46	55	42	19	42	53	73	49	64	33	73	62	89	82	99	7	76	97	36	59	1	98	96	52	3	79	4	49	71	61	15	76	79	46	30	26	91	67	30	37	35	59	2	13	60	15	26	54	
25	47	35	85	32	-1	16	19	16	41	20	53	49	30	76	37	81	48	14	69	18	67	66	53	66	50	22	50	40	51	52	70	50	95	8	15	72	90	56	10	31	100	49	89	66	25	4	21	73	59	37	96	24	29	87	33	66	30	35	25	96	2	73	96	35	48	41	15	29	1	26	84	94	100	93	79	93	94	40	98	38	92	69	77	89	10	12	60	66	83	75	46	91	26	13	40	94	83	10	81	
51	67	99	95	45	16	-1	20	99	78	7	65	40	39	89	44	16	31	50	57	95	84	46	41	88	11	92	90	32	2	100	28	85	85	26	51	89	47	78	10	57	58	57	27	65	48	25	36	33	53	40	98	93	5	66	12	60	80	32	45	6	82	71	42	93	28	58	50	57	60	71	31	34	12	68	54	58	62	53	25	38	79	48	80	18	61	1	69	49	5	67	65	9	97	43	72	94	78	92	86	
66	41	39	72	15	19	20	-1	24	6	90	19	16	75	83	96	8	35	75	67	85	3	34	45	41	30	47	49	100	8	35	28	84	70	32	59	85	64	28	76	66	47	97	78	8	48	62	98	82	62	89	22	86	92	10	83	75	99	65	92	20	68	55	71	52	73	22	83	90	76	86	93	98	62	19	19	80	58	48	56	85	88	61	21	41	95	36	75	72	68	49	10	35	26	27	49	36	19	94	92	
90	11	86	6	54	16	99	24	-1	52	36	34	23	77	72	16	51	20	93	35	17	29	32	54	97	40	66	21	21	90	14	92	15	97	53	67	4	5	3	94	38	12	56	20	74	66	11	79	58	76	70	98	19	1	58	32	86	2	80	87	72	36	92	86	22	16	77	75	66	30	94	99	8	29	11	45	80	70	22	70	24	50	67	26	80	93	11	54	96	97	45	75	2	80	3	88	53	57	58	99	
55	37	58	20	7	41	78	6	52	-1	81	60	74	58	27	88	73	55	51	68	30	8	69	41	58	89	9	11	78	18	67	58	30	74	69	39	25	88	62	78	53	3	51	50	5	77	23	64	38	79	93	13	66	85	84	99	11	12	34	24	27	47	14	36	94	22	18	36	48	8	10	27	73	63	28	61	59	34	60	90	35	66	60	96	78	89	31	32	21	63	3	19	66	70	50	43	97	5	81	67	
8	36	33	38	88	20	7	90	36	81	-1	8	2	56	8	31	12	90	97	50	3	38	57	51	7	92	86	22	72	72	78	12	62	15	18	20	41	31	17	56	25	42	38	15	56	70	84	97	56	95	1	44	26	60	47	34	45	51	91	35	55	76	58	4	10	60	17	88	85	41	16	86	100	72	91	95	57	50	7	37	57	25	58	76	74	36	61	97	10	19	58	28	88	10	55	78	25	76	21	50	
57	42	95	32	33	53	65	19	34	60	8	-1	90	76	56	27	64	65	46	51	89	69	22	15	89	10	23	67	19	72	29	10	73	98	44	94	56	52	6	41	73	24	42	95	44	28	78	84	67	27	96	96	99	35	61	49	42	75	97	12	33	49	7	44	57	6	44	35	75	40	42	29	68	16	31	26	36	28	14	52	72	59	41	89	41	60	51	61	22	55	20	51	83	82	34	56	72	52	95	65	
37	43	52	22	47	49	40	16	23	74	2	90	-1	62	56	17	43	76	51	49	56	16	45	19	59	95	77	20	66	94	24	73	26	87	12	35	37	7	61	79	40	37	27	8	12	95	50	39	74	76	19	95	7	70	83	37	25	96	84	81	75	70	10	66	53	72	24	98	32	4	4	34	79	88	81	68	78	88	70	13	42	27	54	78	17	80	82	74	67	23	70	82	45	85	7	95	45	96	92	38	
38	81	77	95	94	30	39	75	77	58	56	76	62	-1	47	43	4	78	86	81	12	35	45	88	10	95	31	43	85	77	2	64	85	55	60	100	45	48	11	16	39	11	62	29	100	55	99	54	25	19	36	48	41	72	9	2	92	68	18	51	24	49	16	69	42	67	45	39	6	86	58	5	66	95	97	90	88	92	22	34	31	54	65	10	72	87	4	12	14	73	42	91	34	58	1	43	67	48	52	64	
34	82	14	52	74	76	89	83	72	27	8	56	56	47	-1	1	70	77	29	16	47	37	43	80	98	23	47	58	35	69	29	1	30	84	57	38	5	36	55	37	3	36	65	13	66	11	52	66	52	76	64	24	26	94	72	87	64	58	58	41	73	41	90	4	18	8	45	33	21	95	83	67	32	82	13	72	10	78	21	24	89	71	51	92	49	12	41	74	87	92	57	89	37	68	89	12	50	17	16	2	
5	63	31	29	53	37	44	96	16	88	31	27	17	43	1	-1	97	43	31	85	95	42	98	99	28	4	80	16	49	91	28	26	91	96	62	93	7	36	42	82	87	30	75	14	92	26	78	55	4	96	4	67	49	68	32	28	23	1	18	7	3	75	69	3	13	9	68	48	99	78	35	64	70	8	6	14	88	99	67	34	34	35	88	45	29	20	87	21	24	77	1	74	32	7	76	66	74	11	33	31	
84	43	33	96	86	81	16	8	51	73	12	64	43	4	70	97	-1	20	19	98	55	26	1	32	68	55	76	87	88	4	67	52	2	73	3	39	83	14	33	51	88	55	20	87	33	83	59	86	49	93	2	85	74	56	13	8	24	53	10	42	33	22	61	16	44	61	36	61	50	6	100	67	36	69	84	5	54	11	100	4	3	87	51	54	11	12	69	13	77	77	64	32	89	19	47	45	57	82	80	59	
48	90	6	72	71	48	31	35	20	55	90	65	76	78	77	43	20	-1	66	63	2	68	25	41	22	62	18	51	15	9	73	77	67	92	92	5	92	37	12	35	10	26	11	52	51	89	54	64	73	2	6	46	59	52	84	48	27	93	17	55	6	79	99	12	97	87	82	8	98	87	34	73	5	54	29	65	93	82	99	42	37	31	87	35	20	34	93	74	45	96	11	30	11	32	1	79	97	59	44	76	
79	100	37	33	29	14	50	75	93	51	97	46	51	86	29	31	19	66	-1	67	87	32	77	44	17	69	29	19	35	39	93	68	44	94	33	60	78	52	6	27	38	100	9	89	10	90	43	35	92	84	98	72	73	17	7	4	80	64	4	75	11	12	32	4	79	45	4	84	64	49	13	6	47	47	79	33	100	96	76	60	38	72	77	48	33	20	32	39	38	18	43	96	24	72	52	67	34	32	70	55	
86	36	34	96	86	69	57	67	35	68	50	51	49	81	16	85	98	63	67	-1	52	55	30	57	87	93	57	26	38	33	85	63	81	85	82	92	71	56	95	47	18	2	86	83	1	96	84	89	11	17	72	69	54	31	70	68	19	78	11	16	7	38	59	81	33	67	1	59	71	62	45	71	18	58	100	63	18	80	65	8	73	62	13	14	62	25	20	71	69	10	68	76	45	30	53	60	46	2	13	5	
84	81	17	18	85	18	95	85	17	30	3	89	56	12	47	95	55	2	87	52	-1	33	94	6	68	29	64	42	56	67	71	43	14	83	100	15	7	52	33	41	79	98	5	16	77	35	23	4	94	65	6	55	74	9	28	73	37	42	37	91	82	56	39	37	38	39	35	30	59	49	11	100	47	30	78	96	83	73	7	83	55	100	66	54	11	96	59	19	22	51	25	20	50	9	38	7	25	68	39	63	
39	45	13	46	67	67	84	3	29	8	38	69	16	35	37	42	26	68	32	55	33	-1	75	91	94	38	7	58	14	40	18	43	32	39	57	32	43	31	51	8	5	55	12	79	52	57	35	98	41	23	94	66	56	78	57	67	12	71	72	36	6	7	71	42	32	59	62	38	30	25	26	42	64	34	9	82	73	53	38	43	12	90	45	25	29	62	35	82	39	54	65	86	7	78	57	80	95	72	74	92	
99	59	12	12	69	66	46	34	32	69	57	22	45	45	43	98	1	25	77	30	94	75	-1	56	37	65	79	61	16	92	12	49	84	22	16	31	27	90	37	12	28	65	22	76	20	86	30	52	24	20	86	95	82	43	36	24	91	19	9	36	68	50	93	81	19	75	2	29	56	18	26	19	75	33	57	6	4	84	54	72	6	97	4	26	64	31	45	37	34	72	14	85	30	53	10	30	14	85	3	32	
77	90	36	29	60	53	41	45	54	41	51	15	19	88	80	99	32	41	44	57	6	91	56	-1	73	96	48	7	32	85	6	3	51	82	45	98	12	87	27	2	71	46	90	34	2	69	49	87	51	48	13	71	52	33	37	74	51	69	28	67	82	96	32	21	80	48	51	39	85	86	97	89	58	2	77	60	61	81	89	11	55	91	87	75	38	58	34	20	34	59	84	29	30	3	53	42	16	63	91	35	
7	40	43	61	15	66	88	41	97	58	7	89	59	10	98	28	68	22	17	87	68	94	37	73	-1	25	51	4	40	26	97	77	59	60	76	28	77	69	87	49	85	68	100	12	14	73	72	5	55	44	37	36	92	95	53	47	30	26	97	86	62	79	6	26	15	78	83	1	93	98	15	13	46	60	88	33	23	29	84	76	82	43	58	25	23	88	21	66	39	33	36	69	81	32	46	92	47	80	24	32	
64	15	73	35	53	50	11	30	40	89	92	10	95	95	23	4	55	62	69	93	29	38	65	96	25	-1	19	86	3	28	10	61	17	11	33	69	53	47	78	8	19	84	73	44	48	64	80	89	77	52	43	37	16	75	12	61	86	57	34	84	88	39	93	37	39	41	50	66	17	72	87	42	2	57	32	50	96	85	39	87	87	59	81	23	88	11	35	31	78	96	40	84	17	25	87	49	38	35	31	35	
4	63	76	20	76	22	92	47	66	9	86	23	77	31	47	80	76	18	29	57	64	7	79	48	51	19	-1	56	30	16	70	18	40	42	71	100	42	41	50	30	90	79	58	18	64	10	67	46	17	55	19	18	97	47	44	91	16	92	65	28	36	47	79	72	73	65	74	76	9	46	56	63	28	45	85	35	99	69	28	89	72	52	29	64	65	70	63	69	98	28	20	71	40	30	10	98	84	85	72	21	
44	6	81	88	66	50	90	49	21	11	22	67	20	43	58	16	87	51	19	26	42	58	61	7	4	86	56	-1	99	82	5	40	75	35	53	18	10	50	70	39	94	91	61	70	72	88	69	41	68	93	67	100	53	18	94	23	46	72	13	38	53	84	59	8	14	60	85	51	62	19	39	89	29	15	4	96	26	69	83	34	35	57	18	8	87	99	88	3	49	13	24	12	77	21	31	8	42	21	46	3	
31	36	84	95	13	40	32	100	21	78	72	19	66	85	35	49	88	15	35	38	56	14	16	32	40	3	30	99	-1	16	22	32	90	10	94	85	50	99	49	84	72	53	45	59	34	54	69	8	91	98	51	37	69	44	65	31	14	5	34	8	17	98	1	12	27	18	10	41	49	31	71	9	71	95	1	47	58	94	87	21	30	82	15	57	19	27	60	55	21	32	3	82	13	2	37	61	6	47	36	15	
86	70	84	88	54	51	2	8	90	18	72	72	94	77	69	91	4	9	39	33	67	40	92	85	26	28	16	82	16	-1	56	94	77	82	12	13	25	81	44	19	54	24	28	35	53	32	46	65	50	59	57	35	20	21	60	18	45	83	1	75	96	56	44	24	49	22	2	43	64	35	65	1	38	68	22	79	65	49	76	57	19	22	11	75	60	52	1	4	83	79	12	28	1	24	64	25	36	34	9	6	
12	84	24	73	65	52	100	35	14	67	78	29	24	2	29	28	67	73	93	85	71	18	12	6	97	10	70	5	22	56	-1	24	53	68	48	79	30	7	80	74	69	87	77	82	44	66	94	88	75	60	83	5	1	97	16	85	50	80	97	26	85	98	32	95	60	86	33	17	77	75	56	54	28	30	56	64	22	98	18	56	100	38	75	72	96	46	98	62	71	68	77	74	64	28	39	86	84	21	90	63	
8	55	67	65	9	70	28	28	92	58	12	10	73	64	1	26	52	77	68	63	43	43	49	3	77	61	18	40	32	94	24	-1	98	47	38	99	1	2	94	21	40	48	85	64	41	14	35	12	1	78	46	37	2	13	27	42	82	51	25	29	24	95	60	67	77	70	10	22	4	46	58	49	37	83	21	4	86	80	17	93	39	70	84	2	96	46	49	24	44	16	4	3	25	72	44	11	49	52	100	91	
24	48	31	28	29	50	85	84	15	30	62	73	26	85	30	91	2	67	44	81	14	32	84	51	59	17	40	75	90	77	53	98	-1	30	82	46	11	14	99	28	51	32	68	72	50	31	29	15	33	80	43	37	53	10	98	7	82	38	22	76	84	47	97	88	93	75	6	21	9	26	85	96	35	19	63	84	57	49	23	61	93	55	25	25	64	31	69	77	52	52	67	58	10	54	74	70	34	78	31	80	
48	10	2	100	80	95	85	70	97	74	15	98	87	55	84	96	73	92	94	85	83	39	22	82	60	11	42	35	10	82	68	47	30	-1	13	86	60	28	38	54	20	69	20	92	48	57	32	33	91	39	31	16	62	76	90	98	39	20	16	83	6	22	8	52	8	17	64	97	4	8	29	57	44	12	52	16	29	24	20	93	17	41	61	32	36	47	92	17	12	96	32	33	18	4	60	80	74	25	70	24	
84	77	37	44	71	8	26	32	53	69	18	44	12	60	57	62	3	92	33	82	100	57	16	45	76	33	71	53	94	12	48	38	82	13	-1	58	4	96	22	81	23	69	34	85	28	14	92	92	90	33	100	15	50	37	21	72	49	56	97	25	92	90	27	36	32	46	15	92	100	82	47	26	51	22	18	65	50	53	29	83	45	28	35	47	57	31	61	54	75	61	58	71	10	17	25	18	95	42	81	37	
65	54	81	100	47	15	51	59	67	39	20	94	35	100	38	93	39	5	60	92	15	32	31	98	28	69	100	18	85	13	79	99	46	86	58	-1	28	80	4	48	77	33	59	7	90	71	9	66	32	98	42	45	28	24	33	31	70	19	53	96	31	47	49	52	72	44	55	50	68	75	10	97	75	92	78	17	65	46	75	97	74	30	16	16	99	61	7	94	94	5	82	69	9	38	47	51	52	73	60	89	
41	91	78	100	10	72	89	85	4	25	41	56	37	45	5	7	83	92	78	71	7	43	27	12	77	53	42	10	50	25	30	1	11	60	4	28	-1	52	97	52	100	90	60	82	95	1	84	80	13	59	50	74	61	59	2	52	7	7	33	64	85	50	3	77	6	92	57	45	65	92	70	59	61	67	69	72	31	12	3	51	25	43	16	96	6	46	95	23	82	33	17	12	100	40	38	68	49	79	92	13	
35	24	44	41	6	90	47	64	5	88	31	52	7	48	36	36	14	37	52	56	52	31	90	87	69	47	41	50	99	81	7	2	14	28	96	80	52	-1	90	48	100	35	33	45	18	4	83	92	79	89	90	47	93	45	81	77	39	74	76	32	42	25	35	49	31	91	29	64	73	93	69	33	50	87	43	31	45	25	31	19	74	2	74	89	49	82	34	56	56	1	20	92	100	32	1	59	18	24	100	1	
76	49	5	58	37	56	78	28	3	62	17	6	61	11	55	42	33	12	6	95	33	51	37	27	87	78	50	70	49	44	80	94	99	38	22	4	97	90	-1	6	40	69	37	63	68	95	31	24	8	53	84	34	37	96	86	20	86	80	32	52	77	63	37	79	16	74	40	22	51	69	9	93	63	82	70	8	69	9	52	96	80	55	94	97	83	41	58	78	30	95	71	20	14	59	88	42	50	90	7	56	
55	85	56	48	65	10	10	76	94	78	56	41	79	16	37	82	51	35	27	47	41	8	12	2	49	8	30	39	84	19	74	21	28	54	81	48	52	48	6	-1	33	45	36	43	30	33	22	73	55	14	30	9	93	4	43	13	3	51	54	34	77	47	55	8	95	11	95	86	66	82	24	84	69	58	97	68	64	5	99	61	66	17	1	79	93	97	34	91	34	69	88	33	80	68	83	15	81	64	15	79	
64	37	81	60	96	31	57	66	38	53	25	73	40	39	3	87	88	10	38	18	79	5	28	71	85	19	90	94	72	54	69	40	51	20	23	77	100	100	40	33	-1	51	74	71	22	1	75	42	15	50	78	55	34	13	3	1	25	46	21	55	58	55	23	10	59	51	19	98	27	39	44	97	61	54	20	12	73	74	45	18	2	91	57	64	70	52	71	30	37	8	96	46	60	15	18	62	96	89	88	98	
6	96	64	12	52	100	58	47	12	3	42	24	37	11	36	30	55	26	100	2	98	55	65	46	68	84	79	91	53	24	87	48	32	69	69	33	90	35	69	45	51	-1	82	42	86	60	36	42	70	91	95	46	95	38	47	52	45	77	2	76	93	56	5	64	35	23	31	74	1	94	67	54	21	26	73	73	38	83	16	76	35	36	98	45	29	12	11	21	38	30	50	21	25	75	26	18	76	90	24	99	
99	40	70	24	100	49	57	97	56	51	38	42	27	62	65	75	20	11	9	86	5	12	22	90	100	73	58	61	45	28	77	85	68	20	34	59	60	33	37	36	74	82	-1	100	48	98	64	32	10	80	53	24	84	80	75	51	23	43	75	95	17	18	73	61	7	18	62	96	87	32	65	93	31	11	94	51	34	83	88	24	90	66	46	85	42	45	12	19	44	14	43	90	97	31	12	32	40	98	16	17	
69	75	33	44	55	89	27	78	20	50	15	95	8	29	13	14	87	52	89	83	16	79	76	34	12	44	18	70	59	35	82	64	72	92	85	7	82	45	63	43	71	42	100	-1	56	90	62	82	78	52	76	75	95	87	93	66	58	53	19	33	5	99	54	2	7	47	69	17	93	20	31	70	13	1	6	9	43	6	16	34	48	59	97	96	39	78	65	85	54	75	52	94	16	30	59	21	1	29	78	60	
70	8	21	85	26	66	65	8	74	5	56	44	12	100	66	92	33	51	10	1	77	52	20	2	14	48	64	72	34	53	44	41	50	48	28	90	95	18	68	30	22	86	48	56	-1	79	51	78	44	90	92	97	70	42	86	32	1	3	31	21	88	38	28	16	37	34	25	62	42	53	66	36	94	32	37	70	16	28	97	28	96	51	23	93	10	15	43	1	67	25	85	82	1	100	8	83	6	70	15	41	
26	84	32	96	100	25	48	48	66	77	70	28	95	55	11	26	83	89	90	96	35	57	86	69	73	64	10	88	54	32	66	14	31	57	14	71	1	4	95	33	1	60	98	90	79	-1	92	27	66	27	67	54	68	48	56	81	2	78	57	60	98	73	53	52	89	72	9	40	29	59	66	61	100	58	41	14	41	21	5	46	32	24	80	69	99	61	64	5	10	83	19	26	41	57	97	15	75	52	98	30	
96	4	9	75	64	4	25	62	11	23	84	78	50	99	52	78	59	54	43	84	23	35	30	49	72	80	67	69	69	46	94	35	29	32	92	9	84	83	31	22	75	36	64	62	51	92	-1	19	66	55	93	82	24	13	3	54	9	19	19	98	14	3	99	69	96	73	39	4	24	71	11	95	71	88	91	91	39	98	85	35	96	53	32	3	90	26	55	92	85	52	16	68	6	98	42	65	14	22	85	2	
13	23	71	70	59	21	36	98	79	64	97	84	39	54	66	55	86	64	35	89	4	98	52	87	5	89	46	41	8	65	88	12	15	33	92	66	80	92	24	73	42	42	32	82	78	27	19	-1	1	96	56	57	48	49	3	23	54	38	15	72	80	59	78	18	87	77	4	45	2	68	10	20	32	25	52	26	50	63	10	26	41	6	22	79	99	81	9	32	75	40	47	83	22	78	68	85	36	57	64	22	
49	95	69	37	52	73	33	82	58	38	56	67	74	25	52	4	49	73	92	11	94	41	24	51	55	77	17	68	91	50	75	1	33	91	90	32	13	79	8	55	15	70	10	78	44	66	66	1	-1	24	38	41	65	19	34	24	81	81	93	14	1	96	6	47	29	38	63	60	50	6	55	84	5	72	32	64	26	84	86	37	87	86	14	78	82	11	43	10	78	23	54	97	87	8	63	89	99	85	51	44	
36	4	78	30	40	59	53	62	76	79	95	27	76	19	76	96	93	2	84	17	65	23	20	48	44	52	55	93	98	59	60	78	80	39	33	98	59	89	53	14	50	91	80	52	90	27	55	96	24	-1	73	6	28	84	27	47	51	68	42	36	81	33	55	96	60	23	56	49	59	38	49	99	69	90	83	74	73	19	28	73	49	45	40	60	65	86	96	10	11	10	29	84	49	86	32	40	17	78	43	97	
45	24	90	98	90	37	40	89	70	93	1	96	19	36	64	4	2	6	98	72	6	94	86	13	37	43	19	67	51	57	83	46	43	31	100	42	50	90	84	30	78	95	53	76	92	67	93	56	38	73	-1	87	20	82	41	31	24	22	53	93	56	50	38	38	47	21	8	69	10	39	95	98	52	23	47	94	39	36	72	4	9	99	38	26	20	48	23	22	92	9	87	42	74	43	91	41	2	26	81	69	
27	59	63	56	61	96	98	22	98	13	44	96	95	48	24	67	85	46	72	69	55	66	95	71	36	37	18	100	37	35	5	37	37	16	15	45	74	47	34	9	55	46	24	75	97	54	82	57	41	6	87	-1	24	39	42	14	24	64	65	85	20	80	60	17	18	83	85	36	82	44	87	25	59	50	84	32	88	12	16	95	22	68	35	87	48	1	4	67	20	59	40	13	36	56	41	100	100	61	37	5	
12	53	24	53	46	24	93	86	19	66	26	99	7	41	26	49	74	59	73	54	74	56	82	52	92	16	97	53	69	20	1	2	53	62	50	28	61	93	37	93	34	95	84	95	70	68	24	48	65	28	20	24	-1	30	46	53	8	17	22	69	71	2	45	75	83	59	59	19	14	51	13	69	11	99	22	93	34	17	15	95	74	86	99	55	50	40	90	18	16	26	72	30	96	96	49	97	61	90	86	1	
36	87	47	19	55	29	5	92	1	85	60	35	70	72	94	68	56	52	17	31	9	78	43	33	95	75	47	18	44	21	97	13	10	76	37	24	59	45	96	4	13	38	80	87	42	48	13	49	19	84	82	39	30	-1	59	11	19	68	48	89	67	7	64	2	59	41	71	74	66	19	50	4	92	45	36	79	50	74	38	70	21	93	37	61	39	76	100	65	46	38	21	77	42	84	84	48	74	7	65	59	
63	81	83	88	42	87	66	10	58	84	47	61	83	9	72	32	13	84	7	70	28	57	36	37	53	12	44	94	65	60	16	27	98	90	21	33	2	81	86	43	3	47	75	93	86	56	3	3	34	27	41	42	46	59	-1	2	36	9	95	59	79	5	30	74	1	90	40	42	41	24	18	72	29	40	58	12	26	87	25	73	52	65	61	69	94	46	1	82	70	64	67	17	36	29	73	1	69	71	2	46	
35	3	21	37	19	33	12	83	32	99	34	49	37	2	87	28	8	48	4	68	73	67	24	74	47	61	91	23	31	18	85	42	7	98	72	31	52	77	20	13	1	52	51	66	32	81	54	23	24	47	31	14	53	11	2	-1	97	17	3	14	36	43	88	83	49	13	52	15	100	76	94	72	78	45	92	88	74	10	25	44	3	70	26	91	91	29	68	53	22	88	26	29	28	38	32	16	3	79	14	95	
42	53	61	99	42	66	60	75	86	11	45	42	25	92	64	23	24	27	80	19	37	12	91	51	30	86	16	46	14	45	50	82	82	39	49	70	7	39	86	3	25	45	23	58	1	2	9	54	81	51	24	24	8	19	36	97	-1	68	79	51	63	75	43	92	66	28	35	90	37	77	60	79	40	74	76	67	5	88	86	61	53	29	44	87	19	19	73	32	78	91	64	20	77	71	26	93	69	67	28	97	
36	18	17	89	53	30	80	99	2	12	51	75	96	68	58	1	53	93	64	78	42	71	19	69	26	57	92	72	5	83	80	51	38	20	56	19	7	74	80	51	46	77	43	53	3	78	19	38	81	68	22	64	17	68	9	17	68	-1	15	97	45	50	43	12	49	9	97	2	74	18	85	20	77	28	52	5	100	24	64	25	19	2	68	69	65	16	53	16	100	29	84	40	51	61	6	25	15	20	40	17	
23	44	41	46	73	35	32	65	80	34	91	97	84	18	58	18	10	17	4	11	37	72	9	28	97	34	65	13	34	1	97	25	22	16	97	53	33	76	32	54	21	2	75	19	31	57	19	15	93	42	53	65	22	48	95	3	79	15	-1	24	32	70	41	50	46	30	10	71	75	57	88	22	79	74	35	1	51	10	59	27	56	66	57	13	27	31	22	34	74	3	56	20	78	48	19	34	19	54	58	79	
64	27	52	65	49	25	45	92	87	24	35	12	81	51	41	7	42	55	75	16	91	36	36	67	86	84	28	38	8	75	26	29	76	83	25	96	64	32	52	34	55	76	95	33	21	60	98	72	14	36	93	85	69	89	59	14	51	97	24	-1	69	60	82	83	85	92	82	92	19	31	3	78	25	7	77	44	32	95	7	31	29	38	52	27	58	67	39	29	70	12	76	58	91	55	39	38	34	98	97	9	
78	45	75	5	64	96	6	20	72	27	55	33	75	24	73	3	33	6	11	7	82	6	68	82	62	88	36	53	17	96	85	24	84	6	92	31	85	42	77	77	58	93	17	5	88	98	14	80	1	81	56	20	71	67	79	36	63	45	32	69	-1	41	86	12	52	36	37	64	71	92	73	35	21	91	84	45	17	11	75	12	31	3	12	69	58	87	16	44	85	92	27	4	28	67	73	43	73	32	72	25	
98	7	9	55	33	2	82	68	36	47	76	49	70	49	41	75	22	79	12	38	56	7	50	96	79	39	47	84	98	56	98	95	47	22	90	47	50	25	63	47	55	56	18	99	38	73	3	59	96	33	50	80	2	7	5	43	75	50	70	60	41	-1	62	55	83	23	84	82	3	46	8	69	60	39	29	74	78	81	39	39	96	8	50	38	65	73	42	51	97	8	97	47	50	9	65	1	39	42	93	41	
7	67	38	78	73	73	71	55	92	14	58	7	10	16	90	69	61	99	32	59	39	71	93	32	6	93	79	59	1	44	32	60	97	8	27	49	3	35	37	55	23	5	73	54	28	53	99	78	6	55	38	60	45	64	30	88	43	43	41	82	86	62	-1	5	75	98	68	9	11	10	55	25	95	67	93	79	69	89	31	18	74	22	43	29	42	5	24	93	71	77	10	31	57	51	51	91	29	62	8	83	
67	69	73	19	62	96	42	71	86	36	4	44	66	69	4	3	16	12	4	81	37	42	81	21	26	37	72	8	12	24	95	67	88	52	36	52	77	49	79	8	10	64	61	2	16	52	69	18	47	96	38	17	75	2	74	83	92	12	50	83	12	55	5	-1	9	19	62	55	39	96	95	20	80	16	53	43	91	12	57	51	74	76	24	47	40	65	26	81	87	86	18	45	76	20	54	74	73	63	67	50	
98	21	7	57	89	35	93	52	22	94	10	57	53	42	18	13	44	97	79	33	38	32	19	80	15	39	73	14	27	49	60	77	93	8	32	72	6	31	16	95	59	35	7	7	37	89	96	87	29	60	47	18	83	59	1	49	66	49	46	85	52	83	75	9	-1	10	17	56	13	59	9	95	88	13	73	44	41	87	79	57	6	19	14	93	49	13	22	89	75	23	5	36	18	98	78	18	19	84	35	51	
59	77	45	51	82	48	28	73	16	22	60	6	72	67	8	9	61	87	45	67	39	59	75	48	78	41	65	60	18	22	86	70	75	17	46	44	92	91	74	11	51	23	18	47	34	72	73	77	38	23	21	83	59	41	90	13	28	9	30	92	36	23	98	19	10	-1	84	82	7	33	84	67	75	15	81	90	17	12	19	17	82	55	33	67	16	68	69	23	56	19	47	73	28	83	54	72	1	58	98	76	
28	28	51	53	99	41	58	22	77	18	17	44	24	45	45	68	36	82	4	1	35	62	2	51	83	50	74	85	10	2	33	10	6	64	15	55	57	29	40	95	19	31	62	69	25	9	39	4	63	56	8	85	59	71	40	52	35	97	10	82	37	84	68	62	17	84	-1	43	91	49	27	33	52	93	83	82	1	89	53	12	53	32	76	11	67	74	95	30	31	32	73	6	11	66	31	7	16	59	98	11	
34	82	76	82	7	15	50	83	75	36	88	35	98	39	33	48	61	8	84	59	30	38	29	39	1	66	76	51	41	43	17	22	21	97	92	50	45	64	22	86	98	74	96	17	62	40	4	45	60	49	69	36	19	74	42	15	90	2	71	92	64	82	9	55	56	82	43	-1	9	21	66	40	66	97	53	30	45	38	53	17	93	81	57	20	86	55	8	25	69	82	35	99	32	57	56	62	1	35	24	70	
68	97	36	70	76	29	57	90	66	48	85	75	32	6	21	99	50	98	64	71	59	30	56	85	93	17	9	62	49	64	77	4	9	4	100	68	65	73	51	66	27	1	87	93	42	29	24	2	50	59	10	82	14	66	41	100	37	74	75	19	71	3	11	39	13	7	91	9	-1	75	93	70	70	1	23	16	14	14	76	46	27	17	21	81	10	37	96	30	51	55	41	18	55	91	77	48	49	17	1	25	
36	90	20	13	97	1	60	76	30	8	41	40	4	86	95	78	6	87	49	62	49	25	18	86	98	72	46	19	31	35	75	46	26	8	82	75	92	93	69	82	39	94	32	20	53	59	71	68	6	38	39	44	51	19	24	76	77	18	57	31	92	46	10	96	59	33	49	21	75	-1	69	30	73	99	2	33	98	41	13	65	96	74	49	27	28	17	49	85	69	8	32	87	57	71	83	21	63	50	96	68	
70	30	92	35	36	26	71	86	94	10	16	42	4	58	83	35	100	34	13	45	11	26	26	97	15	87	56	39	71	65	56	58	85	29	47	10	70	69	9	24	44	67	65	31	66	66	11	10	55	49	95	87	13	50	18	94	60	85	88	3	73	8	55	95	9	84	27	66	93	69	-1	2	93	22	92	61	17	33	38	53	24	99	3	82	17	67	65	46	48	61	72	62	94	66	19	14	34	22	96	75	
61	78	7	1	59	84	31	93	99	27	86	29	34	5	67	64	67	73	6	71	100	42	19	89	13	42	63	89	9	1	54	49	96	57	26	97	59	33	93	84	97	54	93	70	36	61	95	20	84	99	98	25	69	4	72	72	79	20	22	78	35	69	25	20	95	67	33	40	70	30	2	-1	15	11	94	18	46	36	30	40	30	33	56	25	84	9	42	2	94	45	97	90	91	3	27	54	50	31	77	63	
46	53	17	91	1	94	34	98	8	73	100	68	79	66	32	70	36	5	47	18	47	64	75	58	46	2	28	29	71	38	28	37	35	44	51	75	61	50	63	69	61	21	31	13	94	100	71	32	5	69	52	59	11	92	29	78	40	77	79	25	21	60	95	80	88	75	52	66	70	73	93	15	-1	70	4	78	24	31	47	95	33	89	79	96	48	21	89	95	86	30	6	88	7	2	56	29	81	13	58	59	
37	53	24	58	98	100	12	62	29	63	72	16	88	95	82	8	69	54	47	58	30	34	33	2	60	57	45	15	95	68	30	83	19	12	22	92	67	87	82	58	54	26	11	1	32	58	88	25	72	90	23	50	99	45	40	45	74	28	74	7	91	39	67	16	13	15	93	97	1	99	22	11	70	-1	10	73	86	84	97	35	58	10	8	65	99	8	99	57	16	59	7	8	94	60	11	62	82	88	43	9	
40	88	61	32	96	93	68	19	11	28	91	31	81	97	13	6	84	29	79	100	78	9	57	77	88	32	85	4	1	22	56	21	63	52	18	78	69	43	70	97	20	73	94	6	37	41	91	52	32	83	47	84	22	36	58	92	76	52	35	77	84	29	93	53	73	81	83	53	23	2	92	94	4	10	-1	20	92	40	8	2	90	10	42	96	60	77	75	71	47	45	90	75	99	8	35	38	65	62	88	22	
22	73	47	68	52	79	54	19	45	61	95	26	68	90	72	14	5	65	33	63	96	82	6	60	33	50	35	96	47	79	64	4	84	16	65	17	72	31	8	68	12	73	51	9	70	14	91	26	64	74	94	32	93	79	12	88	67	5	1	44	45	74	79	43	44	90	82	30	16	33	61	18	78	73	20	-1	21	10	71	22	10	100	22	99	54	56	93	44	66	94	35	8	93	60	91	27	67	4	49	96	
37	32	21	47	3	93	58	80	80	59	57	36	78	88	10	88	54	93	100	18	83	73	4	61	23	96	99	26	58	65	22	86	57	29	50	65	31	45	69	64	73	38	34	43	16	41	39	50	26	73	39	88	34	50	26	74	5	100	51	32	17	78	69	91	41	17	1	45	14	98	17	46	24	86	92	21	-1	33	83	6	33	16	41	28	92	83	33	37	8	33	27	93	71	47	92	10	15	5	18	44	
75	21	92	34	79	94	62	58	70	34	50	28	88	92	78	99	11	82	96	80	73	53	84	81	29	85	69	69	94	49	98	80	49	24	53	46	12	25	9	5	74	83	83	6	28	21	98	63	84	19	36	12	17	74	87	10	88	24	10	95	11	81	89	12	87	12	89	38	14	41	33	36	31	84	40	10	33	-1	78	70	53	78	7	89	77	99	25	79	57	72	82	91	95	72	100	15	29	33	51	23	
58	43	71	72	4	40	53	48	22	60	7	14	70	22	21	67	100	99	76	65	7	38	54	89	84	39	28	83	87	76	18	17	23	20	29	75	3	31	52	99	45	16	88	16	97	5	85	10	86	28	72	16	15	38	25	25	86	64	59	7	75	39	31	57	79	19	53	53	76	13	38	30	47	97	8	71	83	78	-1	92	79	87	3	47	59	11	81	89	30	11	41	87	18	81	53	40	31	6	63	26	
100	41	24	76	49	98	25	56	70	90	37	52	13	34	24	34	4	42	60	8	83	43	72	11	76	87	89	34	21	57	56	93	61	93	83	97	51	19	96	61	18	76	24	34	28	46	35	26	37	73	4	95	95	70	73	44	61	25	27	31	12	39	18	51	57	17	12	17	46	65	53	40	95	35	2	22	6	70	92	-1	93	60	17	94	38	87	51	54	55	84	59	46	44	48	86	52	27	57	49	5	
86	11	87	48	71	38	38	85	24	35	57	72	42	31	89	34	3	37	38	73	55	12	6	55	82	87	72	35	30	19	100	39	93	17	45	74	25	74	80	66	2	35	90	48	96	32	96	41	87	49	9	22	74	21	52	3	53	19	56	29	31	96	74	74	6	82	53	93	27	96	24	30	33	58	90	10	33	53	79	93	-1	33	85	94	1	87	20	79	56	82	92	87	62	54	39	44	24	48	40	25	
38	37	34	46	61	92	79	88	50	66	25	59	27	54	71	35	87	31	72	62	100	90	97	91	43	59	52	57	82	22	38	70	55	41	28	30	43	2	55	17	91	36	66	59	51	24	53	6	86	45	99	68	86	93	65	70	29	2	66	38	3	8	22	76	19	55	32	81	17	74	99	33	89	10	10	100	16	78	87	60	33	-1	64	22	45	69	99	27	61	24	12	95	72	77	48	28	59	75	40	82	
32	52	36	6	15	69	48	61	67	60	58	41	54	65	51	88	51	87	77	13	66	45	4	87	58	81	29	18	15	11	75	84	25	61	35	16	16	74	94	1	57	98	46	97	23	80	32	22	14	40	38	35	99	37	61	26	44	68	57	52	12	50	43	24	14	33	76	57	21	49	3	56	79	8	42	22	41	7	3	17	85	64	-1	17	3	11	28	82	41	69	99	84	63	98	2	87	36	87	11	89	
79	42	57	42	76	77	80	21	26	96	76	89	78	10	92	45	54	35	48	14	54	25	26	75	25	23	64	8	57	75	72	2	25	32	47	16	96	89	97	79	64	45	85	96	93	69	3	79	78	60	26	87	55	61	69	91	87	69	13	27	69	38	29	47	93	67	11	20	81	27	82	25	96	65	96	99	28	89	47	94	94	22	17	-1	97	41	41	82	45	3	67	32	16	19	67	2	1	48	27	34	
90	83	7	60	79	89	18	41	80	78	74	41	17	72	49	29	11	20	33	62	11	29	64	38	23	88	65	87	19	60	96	96	64	36	57	99	6	49	83	93	70	29	42	39	10	99	90	99	82	65	20	48	50	39	94	91	19	65	27	58	58	65	42	40	49	16	67	86	10	28	17	84	48	99	60	54	92	77	59	38	1	45	3	97	-1	9	71	16	52	55	22	91	57	86	76	37	41	83	86	25	
8	22	33	36	46	10	61	95	93	89	36	60	80	87	12	20	12	34	20	25	96	62	31	58	88	11	70	99	27	52	46	46	31	47	31	61	46	82	41	97	52	12	45	78	15	61	26	81	11	86	48	1	40	76	46	29	19	16	31	67	87	73	5	65	13	68	74	55	37	17	67	9	21	8	77	56	83	99	11	87	87	69	11	41	9	-1	9	4	85	37	43	45	65	38	49	4	42	12	64	20	
97	3	87	90	30	12	1	36	11	31	61	51	82	4	41	87	69	93	32	20	59	35	45	34	21	35	63	88	60	1	98	49	69	92	61	7	95	34	58	34	71	11	12	65	43	64	55	9	43	96	23	4	90	100	1	68	73	53	22	39	16	42	24	26	22	69	95	8	96	49	65	42	89	99	75	93	33	25	81	51	20	99	28	41	71	9	-1	73	1	86	1	61	70	91	24	66	55	13	37	5	
6	21	68	3	26	60	69	75	54	32	97	61	74	12	74	21	13	74	39	71	19	82	37	20	66	31	69	3	55	4	62	24	77	17	54	94	23	56	78	91	30	21	19	85	1	5	92	32	10	10	22	67	18	65	82	53	32	16	34	29	44	51	93	81	89	23	30	25	30	85	46	2	95	57	71	44	37	79	89	54	79	27	82	82	16	4	73	-1	32	53	96	94	53	51	96	67	76	21	48	14	
72	1	69	77	91	66	49	72	96	21	10	22	67	14	87	24	77	45	38	69	22	39	34	34	39	78	98	49	21	83	71	44	52	12	75	94	82	56	30	34	37	38	44	54	67	10	85	75	78	11	92	20	16	46	70	22	78	100	74	70	85	97	71	87	75	56	31	69	51	69	48	94	86	16	47	66	8	57	30	55	56	61	41	45	52	85	1	32	-1	24	24	88	24	24	36	44	67	72	57	60	
85	50	13	20	67	83	5	68	97	63	19	55	23	73	92	77	77	96	18	10	51	54	72	59	33	96	28	13	32	79	68	16	52	96	61	5	33	1	95	69	8	30	14	75	25	83	52	40	23	10	9	59	26	38	64	88	91	29	3	12	92	8	77	86	23	19	32	82	55	8	61	45	30	59	45	94	33	72	11	84	82	24	69	3	55	37	86	53	24	-1	56	56	66	4	17	70	33	24	91	77	
84	82	20	89	30	75	67	49	45	3	58	20	70	42	57	1	64	11	43	68	25	65	14	84	36	40	20	24	3	12	77	4	67	32	58	82	17	20	71	88	96	50	43	52	85	19	16	47	54	29	87	40	72	21	67	26	64	84	56	76	27	97	10	18	5	47	73	35	41	32	72	97	6	7	90	35	27	82	41	59	92	12	99	67	22	43	1	96	24	56	-1	55	38	47	47	29	98	2	94	39	
9	37	35	82	37	46	65	10	75	19	28	51	82	91	89	74	32	30	96	76	20	86	85	29	69	84	71	12	82	28	74	3	58	33	71	69	12	92	20	33	46	21	90	94	82	26	68	83	97	84	42	13	30	77	17	29	20	40	20	58	4	47	31	45	36	73	6	99	18	87	62	90	88	8	75	8	93	91	87	46	87	95	84	32	91	45	61	94	88	56	55	-1	15	65	38	88	36	94	82	22	
82	89	84	92	35	91	9	35	2	66	88	83	45	34	37	32	89	11	24	45	50	7	30	30	81	17	40	77	13	1	64	25	10	18	10	9	100	100	14	80	60	25	97	16	1	41	6	22	87	49	74	36	96	42	36	28	77	51	78	91	28	50	57	76	18	28	11	32	55	57	94	91	7	94	99	93	71	95	18	44	62	72	63	16	57	65	70	53	24	66	38	15	-1	22	85	6	88	84	86	75	
27	10	84	67	59	26	97	26	80	70	10	82	85	58	68	7	19	32	72	30	9	78	53	3	32	25	30	21	2	24	28	72	54	4	17	38	40	32	59	68	15	75	31	30	100	57	98	78	8	86	43	56	96	84	29	38	71	61	48	55	67	9	51	20	98	83	66	57	91	71	66	3	2	60	8	60	47	72	81	48	54	77	98	19	86	38	91	51	24	4	47	65	22	-1	21	55	59	9	67	3	
18	17	46	98	2	13	43	27	3	50	55	34	7	1	89	76	47	1	52	53	38	57	10	53	46	87	10	31	37	64	39	44	74	60	25	47	38	1	88	83	18	26	12	59	8	97	42	68	63	32	91	41	49	84	73	32	26	6	19	39	73	65	51	54	78	54	31	56	77	83	19	27	56	11	35	91	92	100	53	86	39	48	2	67	76	49	24	96	36	17	47	38	85	21	-1	52	61	23	37	53	
79	25	18	30	13	40	72	49	88	43	78	56	95	43	12	66	45	79	67	60	7	80	30	42	92	49	98	8	61	25	86	11	70	80	18	51	68	59	42	15	62	18	32	21	83	15	65	85	89	40	41	100	97	48	1	16	93	25	34	38	43	1	91	74	18	72	7	62	48	21	14	54	29	62	38	27	10	15	40	52	44	28	87	2	37	4	66	67	44	70	29	88	6	55	52	-1	10	15	82	32	
98	86	14	73	60	94	94	36	53	97	25	72	45	67	50	74	57	97	34	46	25	95	14	16	47	38	84	42	6	36	84	49	34	74	95	52	49	18	50	81	96	76	40	1	6	75	14	36	99	17	2	100	61	74	69	3	69	15	19	34	73	39	29	73	19	1	16	1	49	63	34	50	81	82	65	67	15	29	31	27	24	59	36	1	41	42	55	76	67	33	98	36	88	59	61	10	-1	98	97	100	
23	15	99	94	15	83	78	19	57	5	76	52	96	48	17	11	82	59	32	2	68	72	85	63	80	35	85	21	47	34	21	52	78	25	42	73	79	24	90	64	89	90	98	29	70	52	22	57	85	78	26	61	90	7	71	79	67	20	54	98	32	42	62	63	84	58	59	35	17	50	22	31	13	88	62	4	5	33	6	57	48	75	87	48	83	12	13	21	72	24	2	94	84	9	23	15	98	-1	72	44	
52	5	2	34	26	10	92	94	58	81	21	95	92	52	16	33	80	44	70	13	39	74	3	91	24	31	72	46	36	9	90	100	31	70	81	60	92	100	7	15	88	24	16	78	15	98	85	64	51	43	81	37	86	65	2	14	28	40	58	97	72	93	8	67	35	98	98	24	1	96	96	77	58	43	88	49	18	51	63	49	40	40	11	27	86	64	37	48	57	91	94	82	86	67	37	82	97	72	-1	2	
67	93	83	81	54	81	86	92	99	67	50	65	38	64	2	31	59	76	55	5	63	92	32	35	32	35	21	3	15	6	63	91	80	24	37	89	13	1	56	79	98	99	17	60	41	30	2	22	44	97	69	5	1	59	46	95	97	17	79	9	25	41	83	50	51	76	11	70	25	68	75	63	59	9	22	96	44	23	26	5	25	82	89	34	25	20	5	14	60	77	39	22	75	3	53	32	100	44	2	-1	
