100
-1	39	74	11	39	41	30	68	71	27	41	88	65	28	36	10	16	40	71	5	64	91	28	35	68	16	42	8	88	12	34	47	15	54	4	49	23	41	45	7	48	52	99	34	94	14	70	2	66	7	78	69	94	21	65	86	16	38	82	28	44	25	9	93	92	78	13	49	22	92	32	89	72	21	11	4	43	60	77	75	64	39	44	20	14	34	85	5	46	28	51	37	39	6	19	76	95	4	50	55	
39	-1	1	53	40	39	55	86	44	14	87	35	24	77	32	8	49	40	100	93	26	19	71	97	66	42	43	44	95	28	26	84	94	55	79	56	20	15	48	22	62	64	56	79	76	89	20	8	2	26	16	71	99	16	79	86	37	67	74	99	14	77	89	53	18	26	63	46	8	74	69	30	25	34	64	71	19	17	90	56	74	95	9	79	25	88	22	54	74	85	9	70	63	83	30	43	56	86	44	71	
74	1	-1	49	9	76	33	54	88	44	67	44	43	100	31	29	9	16	70	39	91	91	22	77	14	8	34	10	74	27	44	70	8	67	86	66	71	26	80	96	6	52	96	91	73	15	95	60	13	57	35	85	45	16	34	73	95	87	6	31	6	30	97	52	45	96	88	59	83	82	6	64	81	27	62	45	17	2	40	90	36	40	11	23	6	23	53	22	12	45	11	83	39	89	41	84	100	19	16	77	
11	53	49	-1	99	10	44	60	59	99	72	65	13	99	47	99	21	29	70	86	58	49	40	76	66	36	77	33	29	93	97	16	24	3	79	75	69	44	77	18	97	46	47	91	3	44	88	100	59	35	95	21	53	61	42	48	75	66	43	26	64	1	88	56	83	9	64	89	79	57	50	66	4	69	42	75	58	82	90	64	28	95	7	20	44	37	64	13	73	64	85	52	33	75	84	6	60	14	96	68	
39	40	9	99	-1	80	89	31	26	39	56	90	46	82	93	6	27	15	29	37	20	77	15	69	7	6	42	24	14	90	45	49	64	87	80	43	3	52	20	11	16	5	42	62	43	11	25	79	82	28	9	54	68	2	44	78	31	72	31	20	89	53	12	8	57	75	59	44	30	11	62	71	48	60	25	75	55	81	65	78	52	55	99	69	88	33	72	3	76	86	21	72	71	72	48	5	38	58	21	47	
41	39	76	10	80	-1	97	37	66	18	96	7	15	13	77	24	35	27	57	32	75	67	21	52	51	75	62	39	14	89	94	33	93	11	22	79	56	42	33	10	53	81	94	65	13	71	17	76	93	73	9	79	72	8	46	33	5	86	73	13	71	51	41	18	59	51	21	31	74	54	73	74	15	84	5	72	35	18	27	33	36	88	49	32	11	23	91	26	25	90	86	99	4	13	1	9	89	45	71	24	
30	55	33	44	89	97	-1	69	58	2	74	76	66	90	75	89	29	8	95	28	5	80	7	96	52	61	70	5	56	72	41	44	71	48	53	36	31	9	51	94	28	78	16	68	99	32	78	99	21	35	59	36	8	99	72	87	45	39	9	11	83	100	27	45	62	62	62	52	80	26	84	48	48	75	13	90	76	79	61	8	17	60	19	2	8	64	8	95	19	53	82	43	57	97	65	41	98	69	47	61	
68	86	54	60	31	37	69	-1	78	14	15	89	11	77	70	11	45	7	88	17	82	52	36	96	42	97	45	22	5	76	67	7	58	19	79	61	94	75	22	55	6	90	49	91	49	10	93	72	81	21	7	10	19	86	39	31	1	46	64	18	73	58	67	10	87	18	5	13	79	95	94	29	35	65	72	83	33	16	56	46	81	52	15	91	10	19	18	55	34	53	62	88	63	30	86	95	40	39	32	97	
71	44	88	59	26	66	58	78	-1	48	58	40	16	93	15	90	81	12	15	61	48	32	60	54	84	4	49	67	51	49	56	81	24	96	29	97	11	64	25	26	28	10	34	66	52	66	41	85	17	73	65	46	93	83	34	85	64	63	22	9	73	9	23	83	69	60	77	34	74	68	9	8	44	45	77	13	9	96	6	63	82	9	76	46	64	34	89	53	32	55	93	31	43	3	12	75	57	54	1	98	
27	14	44	99	39	18	2	14	48	-1	36	83	89	11	3	72	15	53	95	83	70	71	82	23	35	60	18	12	70	80	68	87	99	91	90	42	81	16	70	19	77	25	56	98	91	17	46	55	19	90	54	52	18	9	11	92	71	26	79	69	83	76	12	8	51	76	74	63	13	48	45	98	26	48	92	60	35	92	5	63	9	97	33	82	97	24	18	32	59	7	75	47	62	27	84	74	73	38	31	57	
41	87	67	72	56	96	74	15	58	36	-1	53	58	42	80	11	97	74	70	67	83	27	4	81	72	53	15	51	82	35	98	87	67	69	75	70	43	27	80	33	29	28	45	8	86	69	92	8	70	35	59	33	53	18	29	44	85	98	44	16	94	81	91	52	38	31	80	96	7	39	98	80	1	39	98	46	84	57	35	38	97	75	9	68	48	32	95	17	70	28	23	61	56	66	82	64	48	63	71	59	
88	35	44	65	90	7	76	89	40	83	53	-1	90	2	5	37	2	38	49	95	88	88	52	100	8	69	29	73	95	78	34	28	61	2	96	9	44	80	48	45	93	6	55	39	46	49	21	9	16	38	22	16	86	100	93	70	30	91	85	7	70	52	85	89	21	18	99	85	87	4	44	95	66	4	26	77	74	72	69	43	56	55	28	60	42	14	11	69	54	19	1	94	65	69	92	21	14	74	87	36	
65	24	43	13	46	15	66	11	16	89	58	90	-1	23	38	63	89	93	69	100	76	58	10	18	31	36	4	72	8	9	73	40	32	42	2	57	14	56	31	44	20	35	7	44	42	45	34	72	51	99	84	91	100	62	61	8	45	1	43	13	34	17	75	52	3	17	92	23	84	31	92	33	64	82	25	43	75	93	63	48	13	9	70	60	9	70	3	49	34	64	94	4	77	79	98	22	70	3	41	30	
28	77	100	99	82	13	90	77	93	11	42	2	23	-1	39	98	93	62	7	14	35	48	36	24	18	71	88	45	83	1	56	79	73	68	25	99	86	88	66	96	16	39	2	56	8	28	16	9	30	72	48	91	19	46	88	4	11	32	99	97	47	94	56	31	91	91	22	52	83	62	63	42	79	95	78	96	54	62	78	36	83	10	100	73	23	14	87	59	6	60	14	51	26	11	85	23	64	55	78	61	
36	32	31	47	93	77	75	70	15	3	80	5	38	39	-1	84	85	23	47	64	57	55	79	75	63	13	32	51	37	17	48	68	23	54	19	23	26	14	29	52	47	84	99	86	3	52	36	63	39	26	21	98	65	68	57	39	23	9	31	24	13	1	77	74	98	68	6	66	75	54	14	24	54	84	52	71	52	84	16	22	25	52	90	31	37	29	15	50	24	47	51	8	77	64	10	69	22	69	87	58	
10	8	29	99	6	24	89	11	90	72	11	37	63	98	84	-1	59	70	57	83	45	14	56	20	61	58	4	42	41	74	61	29	58	98	35	12	71	34	22	28	73	61	72	76	36	62	42	76	37	10	44	37	52	60	69	85	27	71	6	99	71	24	26	45	95	44	2	4	63	6	62	100	54	28	84	64	72	77	2	20	41	67	22	30	66	76	29	6	57	99	57	45	94	96	57	55	13	14	65	3	
16	49	9	21	27	35	29	45	81	15	97	2	89	93	85	59	-1	82	64	1	87	80	45	28	34	17	41	17	38	48	76	7	9	4	41	26	42	64	56	93	31	75	16	73	19	95	36	2	93	8	31	85	11	50	37	26	20	51	7	82	2	70	54	79	92	37	60	31	6	36	76	82	15	74	35	48	48	23	11	63	94	42	63	9	10	73	39	24	98	44	25	41	67	62	92	50	33	30	36	96	
40	40	16	29	15	27	8	7	12	53	74	38	93	62	23	70	82	-1	98	32	98	56	19	38	66	2	11	89	90	90	26	76	8	85	77	97	31	76	14	57	38	22	10	21	62	64	89	2	65	24	70	89	78	16	8	39	47	33	61	94	65	97	48	25	79	4	56	9	42	93	10	73	19	69	27	82	80	34	88	66	72	65	26	14	13	56	78	74	53	94	35	42	9	59	89	30	79	44	14	5	
71	100	70	70	29	57	95	88	15	95	70	49	69	7	47	57	64	98	-1	38	58	7	2	98	7	2	90	39	34	57	90	43	86	26	60	78	9	100	31	9	85	96	16	4	52	81	22	77	28	1	22	38	49	89	40	73	74	3	29	46	73	98	65	93	71	13	46	62	35	76	85	77	54	87	37	13	84	24	54	32	96	23	72	31	13	48	80	100	95	85	90	85	60	13	76	95	49	20	41	95	
5	93	39	86	37	32	28	17	61	83	67	95	100	14	64	83	1	32	38	-1	99	16	41	44	66	7	32	73	26	90	38	36	73	5	6	27	26	40	2	61	11	58	5	49	65	75	94	23	34	31	12	23	91	29	23	22	99	41	38	70	56	86	77	5	93	91	81	5	32	96	41	71	72	16	15	13	62	28	20	40	55	50	8	2	73	31	46	24	51	29	31	99	42	58	31	20	77	77	96	94	
64	26	91	58	20	75	5	82	48	70	83	88	76	35	57	45	87	98	58	99	-1	71	50	94	35	52	76	32	93	21	48	41	6	56	69	81	30	100	38	18	21	32	95	62	1	86	16	82	88	97	82	92	32	87	68	44	90	1	69	44	22	80	18	2	78	34	63	90	53	31	69	36	77	68	83	55	26	61	13	39	77	2	44	17	6	16	55	4	65	21	53	77	71	74	24	6	71	27	65	36	
91	19	91	49	77	67	80	52	32	71	27	88	58	48	55	14	80	56	7	16	71	-1	26	56	17	88	89	70	92	75	72	67	68	32	20	94	17	22	73	35	54	37	20	95	2	70	28	2	20	14	61	96	23	94	18	62	6	53	76	93	72	94	15	36	71	53	72	55	46	71	79	78	11	4	73	90	41	97	22	66	31	10	25	50	41	45	76	5	68	68	58	15	61	59	6	73	16	78	89	15	
28	71	22	40	15	21	7	36	60	82	4	52	10	36	79	56	45	19	2	41	50	26	-1	27	65	71	50	4	17	38	52	54	6	28	33	85	1	26	76	75	81	88	1	67	24	11	55	16	23	77	4	65	46	84	92	43	16	13	88	54	15	26	48	5	58	34	31	13	20	28	45	69	61	91	6	7	6	12	85	12	13	36	63	84	49	68	13	32	39	82	90	13	26	74	22	50	49	4	60	17	
35	97	77	76	69	52	96	96	54	23	81	100	18	24	75	20	28	38	98	44	94	56	27	-1	22	56	79	18	25	31	68	27	89	92	61	83	98	72	12	73	40	45	89	80	91	61	94	5	40	81	2	60	82	15	80	31	56	25	49	71	50	35	71	68	70	84	51	43	54	16	13	42	27	80	50	32	4	50	95	26	98	7	32	96	74	22	55	32	58	51	39	96	88	4	31	10	41	43	39	61	
68	66	14	66	7	51	52	42	84	35	72	8	31	18	63	61	34	66	7	66	35	17	65	22	-1	28	12	29	29	9	68	71	48	17	22	60	3	35	72	40	39	40	90	78	28	87	75	17	85	30	20	28	1	45	89	61	61	13	48	83	48	11	97	44	11	74	100	87	5	77	29	67	18	77	29	7	66	31	99	99	9	77	10	10	25	55	70	33	19	4	57	37	13	44	83	45	23	64	80	39	
16	42	8	36	6	75	61	97	4	60	53	69	36	71	13	58	17	2	2	7	52	88	71	56	28	-1	100	4	89	35	56	85	97	3	64	31	54	85	66	36	10	90	37	62	95	20	31	74	18	82	9	81	7	30	38	15	6	8	64	57	56	53	56	71	26	55	40	23	33	55	2	88	37	10	62	55	99	36	12	66	52	74	55	50	40	71	97	58	35	58	69	68	99	10	77	52	26	85	83	26	
42	43	34	77	42	62	70	45	49	18	15	29	4	88	32	4	41	11	90	32	76	89	50	79	12	100	-1	22	73	18	21	18	48	28	73	82	11	63	1	62	69	13	2	51	88	96	6	30	81	30	88	81	76	32	83	23	51	53	57	4	19	38	62	25	14	99	17	37	91	40	70	92	87	5	49	34	22	15	70	4	69	28	98	59	37	53	60	53	39	46	55	55	53	65	16	7	82	75	11	51	
8	44	10	33	24	39	5	22	67	12	51	73	72	45	51	42	17	89	39	73	32	70	4	18	29	4	22	-1	70	51	10	98	84	32	56	16	87	53	43	12	46	83	97	83	63	56	57	58	35	93	81	48	88	65	26	27	26	59	34	8	58	24	61	85	12	26	83	46	88	100	21	22	36	51	14	35	72	12	84	64	26	96	55	82	46	80	9	89	20	24	58	85	81	74	2	64	56	59	9	74	
88	95	74	29	14	14	56	5	51	70	82	95	8	83	37	41	38	90	34	26	93	92	17	25	29	89	73	70	-1	42	62	75	78	28	88	64	90	31	83	57	74	95	61	20	49	5	11	56	14	67	83	13	21	82	34	26	28	66	34	7	7	47	64	49	37	8	89	88	17	55	75	5	69	60	61	44	42	87	14	32	28	71	13	16	16	49	92	92	79	59	97	41	49	53	54	64	70	65	20	18	
12	28	27	93	90	89	72	76	49	80	35	78	9	1	17	74	48	90	57	90	21	75	38	31	9	35	18	51	42	-1	15	10	53	28	40	4	8	53	44	34	93	44	74	4	97	46	67	21	56	73	31	16	26	62	64	23	63	12	53	84	15	41	8	75	36	97	23	39	49	92	99	64	75	37	37	66	22	69	60	88	86	12	44	19	70	82	13	68	81	92	79	83	11	38	53	46	26	28	35	81	
34	26	44	97	45	94	41	67	56	68	98	34	73	56	48	61	76	26	90	38	48	72	52	68	68	56	21	10	62	15	-1	70	4	48	19	5	67	79	57	43	9	18	53	62	94	20	14	49	70	16	54	10	13	51	12	16	44	28	3	14	11	34	74	89	51	94	82	83	93	11	13	85	15	18	68	15	79	45	11	50	50	55	24	11	23	49	53	5	88	48	6	7	39	58	98	99	53	97	57	29	
47	84	70	16	49	33	44	7	81	87	87	28	40	79	68	29	7	76	43	36	41	67	54	27	71	85	18	98	75	10	70	-1	52	18	30	12	27	2	37	34	30	43	24	35	5	8	2	96	9	66	56	28	85	82	31	38	19	91	98	92	55	86	28	79	51	30	8	20	40	5	77	91	23	52	96	62	8	46	100	28	35	5	68	99	12	64	3	55	57	92	80	63	60	43	27	61	7	93	76	45	
15	94	8	24	64	93	71	58	24	99	67	61	32	73	23	58	9	8	86	73	6	68	6	89	48	97	48	84	78	53	4	52	-1	74	23	86	78	4	90	35	64	22	38	74	29	38	14	1	39	68	21	96	93	5	1	53	82	26	87	70	50	43	59	96	58	43	85	13	42	94	84	81	77	4	11	64	1	94	21	67	72	74	77	67	42	56	34	94	83	2	55	57	47	92	26	29	100	44	10	23	
54	55	67	3	87	11	48	19	96	91	69	2	42	68	54	98	4	85	26	5	56	32	28	92	17	3	28	32	28	28	48	18	74	-1	81	24	7	10	37	29	21	26	37	22	63	78	21	14	17	89	76	74	20	73	39	31	21	32	68	57	8	36	83	40	78	62	13	28	78	94	51	2	52	64	13	79	91	74	52	55	52	80	92	66	66	64	26	74	16	91	85	51	25	43	55	45	66	28	43	14	
4	79	86	79	80	22	53	79	29	90	75	96	2	25	19	35	41	77	60	6	69	20	33	61	22	64	73	56	88	40	19	30	23	81	-1	89	69	32	15	53	34	29	32	98	67	27	94	22	14	38	13	56	69	56	22	100	15	54	26	75	8	64	31	81	27	31	3	16	7	93	19	95	37	32	22	23	29	51	14	32	73	82	34	87	26	44	85	62	62	54	9	72	22	97	99	19	57	20	83	12	
49	56	66	75	43	79	36	61	97	42	70	9	57	99	23	12	26	97	78	27	81	94	85	83	60	31	82	16	64	4	5	12	86	24	89	-1	44	15	55	82	23	96	93	18	100	28	28	9	95	43	58	66	38	76	35	17	41	14	1	40	73	48	69	77	92	76	53	72	16	21	18	43	62	43	68	75	88	34	67	45	26	99	20	45	4	6	97	77	45	18	77	77	16	39	52	42	58	81	85	4	
23	20	71	69	3	56	31	94	11	81	43	44	14	86	26	71	42	31	9	26	30	17	1	98	3	54	11	87	90	8	67	27	78	7	69	44	-1	55	34	1	5	68	82	75	39	30	12	56	29	4	40	29	20	26	59	23	15	80	70	18	97	41	35	85	98	26	40	61	29	62	45	15	20	7	45	15	25	60	11	75	40	72	51	69	4	3	62	20	30	36	58	80	91	31	35	95	26	88	45	99	
41	15	26	44	52	42	9	75	64	16	27	80	56	88	14	34	64	76	100	40	100	22	26	72	35	85	63	53	31	53	79	2	4	10	32	15	55	-1	78	67	51	97	37	93	47	100	29	83	16	31	86	30	96	63	12	31	49	53	18	20	94	94	28	6	9	31	29	48	4	59	92	4	20	75	31	88	58	45	96	100	80	85	7	90	62	76	81	42	18	13	72	83	37	28	55	18	63	69	11	58	
45	48	80	77	20	33	51	22	25	70	80	48	31	66	29	22	56	14	31	2	38	73	76	12	72	66	1	43	83	44	57	37	90	37	15	55	34	78	-1	48	78	25	99	52	32	74	39	32	7	41	46	94	24	68	80	91	79	82	32	75	13	7	63	72	95	96	15	38	72	68	58	95	95	43	18	19	45	99	6	14	54	96	84	85	25	28	44	41	53	39	29	58	56	71	79	35	47	87	13	46	
7	22	96	18	11	10	94	55	26	19	33	45	44	96	52	28	93	57	9	61	18	35	75	73	40	36	62	12	57	34	43	34	35	29	53	82	1	67	48	-1	64	57	96	79	31	57	52	64	77	65	64	64	53	6	48	16	55	12	42	25	49	84	26	11	71	4	31	46	75	45	61	3	58	97	8	57	38	88	28	64	89	28	75	65	20	54	1	56	75	98	50	43	28	94	17	48	10	11	71	48	
48	62	6	97	16	53	28	6	28	77	29	93	20	16	47	73	31	38	85	11	21	54	81	40	39	10	69	46	74	93	9	30	64	21	34	23	5	51	78	64	-1	80	61	69	61	26	37	10	5	83	3	40	3	24	4	78	19	8	40	39	5	64	36	57	47	57	92	59	20	80	55	95	3	33	39	86	39	91	51	35	18	35	78	79	97	23	74	97	80	77	8	89	71	31	30	37	76	45	78	77	
52	64	52	46	5	81	78	90	10	25	28	6	35	39	84	61	75	22	96	58	32	37	88	45	40	90	13	83	95	44	18	43	22	26	29	96	68	97	25	57	80	-1	10	82	29	19	57	19	64	57	30	10	9	61	13	73	38	69	34	45	9	37	89	94	47	49	30	72	47	79	55	8	97	61	43	7	20	7	47	90	59	56	94	54	11	21	91	18	49	30	38	11	78	20	42	36	20	42	93	6	
99	56	96	47	42	94	16	49	34	56	45	55	7	2	99	72	16	10	16	5	95	20	1	89	90	37	2	97	61	74	53	24	38	37	32	93	82	37	99	96	61	10	-1	83	88	64	1	40	33	11	36	76	71	93	9	100	61	31	92	47	60	74	62	58	18	4	97	43	83	51	18	76	28	46	14	62	82	99	89	39	11	42	72	41	40	34	45	68	78	5	48	75	4	3	72	54	21	61	70	94	
34	79	91	91	62	65	68	91	66	98	8	39	44	56	86	76	73	21	4	49	62	95	67	80	78	62	51	83	20	4	62	35	74	22	98	18	75	93	52	79	69	82	83	-1	10	51	29	66	100	3	63	37	31	48	7	43	53	3	80	52	56	100	9	58	17	19	33	11	99	5	20	7	91	77	87	51	6	64	1	26	76	88	46	86	54	79	36	75	42	27	11	44	12	37	49	42	49	51	88	29	
94	76	73	3	43	13	99	49	52	91	86	46	42	8	3	36	19	62	52	65	1	2	24	91	28	95	88	63	49	97	94	5	29	63	67	100	39	47	32	31	61	29	88	10	-1	36	98	59	96	13	56	63	28	53	60	37	68	17	27	14	20	50	51	91	3	61	55	11	77	17	78	27	41	14	7	72	39	23	12	41	45	37	69	3	99	17	36	81	49	7	47	40	40	69	41	1	44	96	93	77	
14	89	15	44	11	71	32	10	66	17	69	49	45	28	52	62	95	64	81	75	86	70	11	61	87	20	96	56	5	46	20	8	38	78	27	28	30	100	74	57	26	19	64	51	36	-1	40	62	43	5	82	79	100	74	4	15	4	97	59	80	62	70	36	12	36	54	36	35	79	56	44	74	13	66	52	62	85	3	84	18	72	23	73	50	81	69	57	22	14	64	17	59	45	85	1	4	27	48	45	19	
70	20	95	88	25	17	78	93	41	46	92	21	34	16	36	42	36	89	22	94	16	28	55	94	75	31	6	57	11	67	14	2	14	21	94	28	12	29	39	52	37	57	1	29	98	40	-1	24	49	59	81	19	57	70	7	81	37	21	43	24	62	98	62	36	58	85	31	2	86	47	84	35	92	56	72	63	30	97	45	54	100	6	86	27	91	39	11	63	18	92	72	12	74	22	83	87	32	72	10	79	
2	8	60	100	79	76	99	72	85	55	8	9	72	9	63	76	2	2	77	23	82	2	16	5	17	74	30	58	56	21	49	96	1	14	22	9	56	83	32	64	10	19	40	66	59	62	24	-1	14	18	37	84	26	21	43	14	41	31	95	9	44	32	65	28	55	25	86	20	11	32	24	36	22	20	78	60	72	66	15	82	40	45	65	47	75	78	63	41	29	59	19	32	10	49	14	31	46	95	45	9	
66	2	13	59	82	93	21	81	17	19	70	16	51	30	39	37	93	65	28	34	88	20	23	40	85	18	81	35	14	56	70	9	39	17	14	95	29	16	7	77	5	64	33	100	96	43	49	14	-1	68	37	37	80	6	13	13	81	86	76	46	96	65	56	75	18	61	5	59	56	49	74	100	5	13	61	41	100	31	2	30	87	68	31	62	16	4	95	85	18	1	69	87	27	93	24	49	23	53	41	39	
7	26	57	35	28	73	35	21	73	90	35	38	99	72	26	10	8	24	1	31	97	14	77	81	30	82	30	93	67	73	16	66	68	89	38	43	4	31	41	65	83	57	11	3	13	5	59	18	68	-1	22	29	47	49	42	98	37	74	83	91	68	86	21	79	35	31	4	30	81	26	5	6	10	7	99	7	96	58	95	50	19	27	61	74	26	48	32	29	68	18	52	42	71	85	41	26	28	92	87	8	
78	16	35	95	9	9	59	7	65	54	59	22	84	48	21	44	31	70	22	12	82	61	4	2	20	9	88	81	83	31	54	56	21	76	13	58	40	86	46	64	3	30	36	63	56	82	81	37	37	22	-1	20	97	80	44	89	84	94	60	100	78	2	38	33	31	7	96	3	8	31	61	47	63	58	7	91	72	53	61	55	45	98	3	14	60	85	52	65	83	10	15	44	17	79	97	42	71	89	10	51	
69	71	85	21	54	79	36	10	46	52	33	16	91	91	98	37	85	89	38	23	92	96	65	60	28	81	81	48	13	16	10	28	96	74	56	66	29	30	94	64	40	10	76	37	63	79	19	84	37	29	20	-1	41	62	42	88	82	47	54	90	49	95	23	19	2	21	86	6	41	62	85	47	21	64	41	45	79	72	96	27	55	15	9	53	87	91	77	73	96	13	20	10	58	8	9	16	60	60	2	52	
94	99	45	53	68	72	8	19	93	18	53	86	100	19	65	52	11	78	49	91	32	23	46	82	1	7	76	88	21	26	13	85	93	20	69	38	20	96	24	53	3	9	71	31	28	100	57	26	80	47	97	41	-1	98	27	64	81	56	96	13	98	36	87	95	38	100	17	24	70	90	16	26	10	75	37	89	35	1	39	74	42	29	7	39	85	93	30	24	70	2	98	16	12	60	73	9	46	44	78	64	
21	16	16	61	2	8	99	86	83	9	18	100	62	46	68	60	50	16	89	29	87	94	84	15	45	30	32	65	82	62	51	82	5	73	56	76	26	63	68	6	24	61	93	48	53	74	70	21	6	49	80	62	98	-1	73	58	38	76	97	37	86	44	59	16	70	99	86	70	69	88	48	12	26	35	82	50	46	42	2	19	14	47	55	4	36	9	14	64	29	36	68	85	18	82	92	38	19	20	95	60	
65	79	34	42	44	46	72	39	34	11	29	93	61	88	57	69	37	8	40	23	68	18	92	80	89	38	83	26	34	64	12	31	1	39	22	35	59	12	80	48	4	13	9	7	60	4	7	43	13	42	44	42	27	73	-1	47	18	33	49	2	46	77	43	39	54	68	13	62	40	62	81	81	78	21	46	33	6	46	66	71	39	85	35	75	28	49	89	89	36	40	55	19	39	12	75	63	93	82	47	9	
86	86	73	48	78	33	87	31	85	92	44	70	8	4	39	85	26	39	73	22	44	62	43	31	61	15	23	27	26	23	16	38	53	31	100	17	23	31	91	16	78	73	100	43	37	15	81	14	13	98	89	88	64	58	47	-1	77	90	25	90	67	67	9	25	41	84	50	74	90	3	38	62	7	85	99	99	91	82	86	9	82	3	17	84	70	33	83	46	5	95	34	59	45	39	58	55	25	65	16	7	
16	37	95	75	31	5	45	1	64	71	85	30	45	11	23	27	20	47	74	99	90	6	16	56	61	6	51	26	28	63	44	19	82	21	15	41	15	49	79	55	19	38	61	53	68	4	37	41	81	37	84	82	81	38	18	77	-1	83	21	17	8	3	6	12	33	39	50	62	36	2	60	25	31	6	16	54	2	93	58	55	71	56	97	59	73	63	29	28	70	79	91	67	45	9	40	66	35	43	13	67	
38	67	87	66	72	86	39	46	63	26	98	91	1	32	9	71	51	33	3	41	1	53	13	25	13	8	53	59	66	12	28	91	26	32	54	14	80	53	82	12	8	69	31	3	17	97	21	31	86	74	94	47	56	76	33	90	83	-1	35	84	93	71	43	28	75	93	45	69	22	83	96	15	18	82	100	51	49	66	19	6	13	52	72	52	44	84	32	7	50	53	48	68	1	43	54	5	99	94	43	84	
82	74	6	43	31	73	9	64	22	79	44	85	43	99	31	6	7	61	29	38	69	76	88	49	48	64	57	34	34	53	3	98	87	68	26	1	70	18	32	42	40	34	92	80	27	59	43	95	76	83	60	54	96	97	49	25	21	35	-1	55	100	88	47	21	61	27	40	55	58	89	3	64	36	94	10	69	65	41	8	53	68	49	85	49	77	78	45	83	19	68	46	94	97	92	16	70	94	48	43	10	
28	99	31	26	20	13	11	18	9	69	16	7	13	97	24	99	82	94	46	70	44	93	54	71	83	57	4	8	7	84	14	92	70	57	75	40	18	20	75	25	39	45	47	52	14	80	24	9	46	91	100	90	13	37	2	90	17	84	55	-1	48	78	51	95	80	51	87	63	99	98	98	26	96	15	91	91	89	52	99	7	31	95	89	29	86	68	29	6	47	25	59	67	28	96	1	43	10	19	12	98	
44	14	6	64	89	71	83	73	73	83	94	70	34	47	13	71	2	65	73	56	22	72	15	50	48	56	19	58	7	15	11	55	50	8	8	73	97	94	13	49	5	9	60	56	20	62	62	44	96	68	78	49	98	86	46	67	8	93	100	48	-1	85	91	4	50	17	97	67	86	83	32	88	24	22	37	2	19	91	31	62	84	50	60	81	44	74	43	14	83	87	14	69	47	39	95	91	84	12	45	17	
25	77	30	1	53	51	100	58	9	76	81	52	17	94	1	24	70	97	98	86	80	94	26	35	11	53	38	24	47	41	34	86	43	36	64	48	41	94	7	84	64	37	74	100	50	70	98	32	65	86	2	95	36	44	77	67	3	71	88	78	85	-1	75	7	62	11	69	83	6	32	45	88	19	72	36	34	55	25	84	79	73	58	3	67	83	1	5	61	40	98	32	59	81	100	4	93	70	5	50	8	
9	89	97	88	12	41	27	67	23	12	91	85	75	56	77	26	54	48	65	77	18	15	48	71	97	56	62	61	64	8	74	28	59	83	31	69	35	28	63	26	36	89	62	9	51	36	62	65	56	21	38	23	87	59	43	9	6	43	47	51	91	75	-1	90	17	53	65	18	51	71	59	14	30	27	13	57	40	39	11	80	72	33	31	72	10	11	3	31	69	8	58	71	81	27	20	9	85	82	30	1	
93	53	52	56	8	18	45	10	83	8	52	89	52	31	74	45	79	25	93	5	2	36	5	68	44	71	25	85	49	75	89	79	96	40	81	77	85	6	72	11	57	94	58	58	91	12	36	28	75	79	33	19	95	16	39	25	12	28	21	95	4	7	90	-1	34	11	85	19	92	10	65	18	44	68	5	95	44	50	82	92	11	48	89	85	32	19	60	66	28	65	39	18	57	100	3	32	30	55	8	77	
92	18	45	83	57	59	62	87	69	51	38	21	3	91	98	95	92	79	71	93	78	71	58	70	11	26	14	12	37	36	51	51	58	78	27	92	98	9	95	71	47	47	18	17	3	36	58	55	18	35	31	2	38	70	54	41	33	75	61	80	50	62	17	34	-1	32	92	8	5	92	13	75	85	94	4	88	56	32	80	23	12	56	30	49	79	69	11	89	15	73	4	20	91	54	48	84	39	30	65	92	
78	26	96	9	75	51	62	18	60	76	31	18	17	91	68	44	37	4	13	91	34	53	34	84	74	55	99	26	8	97	94	30	43	62	31	76	26	31	96	4	57	49	4	19	61	54	85	25	61	31	7	21	100	99	68	84	39	93	27	51	17	11	53	11	32	-1	82	45	42	71	13	29	7	82	3	42	25	83	75	97	64	51	18	5	22	22	62	36	17	70	77	95	12	73	90	53	82	91	33	78	
13	63	88	64	59	21	62	5	77	74	80	99	92	22	6	2	60	56	46	81	63	72	31	51	100	40	17	83	89	23	82	8	85	13	3	53	40	29	15	31	92	30	97	33	55	36	31	86	5	4	96	86	17	86	13	50	50	45	40	87	97	69	65	85	92	82	-1	36	15	13	11	96	4	95	84	77	76	80	36	1	44	43	80	64	27	92	34	92	51	80	52	82	95	54	62	54	52	29	33	17	
49	46	59	89	44	31	52	13	34	63	96	85	23	52	66	4	31	9	62	5	90	55	13	43	87	23	37	46	88	39	83	20	13	28	16	72	61	48	38	46	59	72	43	11	11	35	2	20	59	30	3	6	24	70	62	74	62	69	55	63	67	83	18	19	8	45	36	-1	26	51	24	38	51	78	74	43	37	33	45	54	51	69	73	88	18	8	85	43	49	38	95	34	43	18	73	57	10	96	62	24	
22	8	83	79	30	74	80	79	74	13	7	87	84	83	75	63	6	42	35	32	53	46	20	54	5	33	91	88	17	49	93	40	42	78	7	16	29	4	72	75	20	47	83	99	77	79	86	11	56	81	8	41	70	69	40	90	36	22	58	99	86	6	51	92	5	42	15	26	-1	56	100	81	93	93	85	6	8	76	11	19	62	83	29	73	15	16	84	59	44	62	12	1	61	35	48	93	96	15	76	26	
92	74	82	57	11	54	26	95	68	48	39	4	31	62	54	6	36	93	76	96	31	71	28	16	77	55	40	100	55	92	11	5	94	94	93	21	62	59	68	45	80	79	51	5	17	56	47	32	49	26	31	62	90	88	62	3	2	83	89	98	83	32	71	10	92	71	13	51	56	-1	66	52	100	82	18	92	72	78	67	96	94	11	57	62	47	43	51	1	98	20	67	40	14	24	30	92	6	18	66	98	
32	69	6	50	62	73	84	94	9	45	98	44	92	63	14	62	76	10	85	41	69	79	45	13	29	2	70	21	75	99	13	77	84	51	19	18	45	92	58	61	55	55	18	20	78	44	84	24	74	5	61	85	16	48	81	38	60	96	3	98	32	45	59	65	13	13	11	24	100	66	-1	34	56	73	32	31	18	64	50	43	62	60	65	98	96	35	95	27	88	7	90	59	53	74	45	11	24	21	35	61	
89	30	64	66	71	74	48	29	8	98	80	95	33	42	24	100	82	73	77	71	36	78	69	42	67	88	92	22	5	64	85	91	81	2	95	43	15	4	95	3	95	8	76	7	27	74	35	36	100	6	47	47	26	12	81	62	25	15	64	26	88	88	14	18	75	29	96	38	81	52	34	-1	73	27	71	86	62	80	11	73	38	75	25	57	3	39	19	74	43	53	2	97	51	11	97	87	37	59	59	57	
72	25	81	4	48	15	48	35	44	26	1	66	64	79	54	54	15	19	54	72	77	11	61	27	18	37	87	36	69	75	15	23	77	52	37	62	20	20	95	58	3	97	28	91	41	13	92	22	5	10	63	21	10	26	78	7	31	18	36	96	24	19	30	44	85	7	4	51	93	100	56	73	-1	32	59	78	17	70	67	66	71	89	36	1	9	81	60	20	27	25	37	26	80	75	30	55	5	17	68	68	
21	34	27	69	60	84	75	65	45	48	39	4	82	95	84	28	74	69	87	16	68	4	91	80	77	10	5	51	60	37	18	52	4	64	32	43	7	75	43	97	33	61	46	77	14	66	56	20	13	7	58	64	75	35	21	85	6	82	94	15	22	72	27	68	94	82	95	78	93	82	73	27	32	-1	98	74	45	9	22	57	79	75	14	44	3	59	11	59	32	50	28	44	86	55	53	19	93	18	6	41	
11	64	62	42	25	5	13	72	77	92	98	26	25	78	52	84	35	27	37	15	83	73	6	50	29	62	49	14	61	37	68	96	11	13	22	68	45	31	18	8	39	43	14	87	7	52	72	78	61	99	7	41	37	82	46	99	16	100	10	91	37	36	13	5	4	3	84	74	85	18	32	71	59	98	-1	79	6	14	78	57	50	16	21	45	39	99	15	29	41	96	24	42	46	48	4	40	35	18	14	49	
4	71	45	75	75	72	90	83	13	60	46	77	43	96	71	64	48	82	13	13	55	90	7	32	7	55	34	35	44	66	15	62	64	79	23	75	15	88	19	57	86	7	62	51	72	62	63	60	41	7	91	45	89	50	33	99	54	51	69	91	2	34	57	95	88	42	77	43	6	92	31	86	78	74	79	-1	65	55	21	96	95	49	49	39	91	81	33	74	50	64	60	38	44	36	92	34	23	10	25	93	
43	19	17	58	55	35	76	33	9	35	84	74	75	54	52	72	48	80	84	62	26	41	6	4	66	99	22	72	42	22	79	8	1	91	29	88	25	58	45	38	39	20	82	6	39	85	30	72	100	96	72	79	35	46	6	91	2	49	65	89	19	55	40	44	56	25	76	37	8	72	18	62	17	45	6	65	-1	35	47	24	44	66	75	36	41	68	69	9	41	22	41	58	46	94	10	54	23	82	72	67	
60	17	2	82	81	18	79	16	96	92	57	72	93	62	84	77	23	34	24	28	61	97	12	50	31	36	15	12	87	69	45	46	94	74	51	34	60	45	99	88	91	7	99	64	23	3	97	66	31	58	53	72	1	42	46	82	93	66	41	52	91	25	39	50	32	83	80	33	76	78	64	80	70	9	14	55	35	-1	96	30	28	87	33	3	73	92	19	86	56	30	69	52	95	46	15	31	23	28	40	61	
77	90	40	90	65	27	61	56	6	5	35	69	63	78	16	2	11	88	54	20	13	22	85	95	99	12	70	84	14	60	11	100	21	52	14	67	11	96	6	28	51	47	89	1	12	84	45	15	2	95	61	96	39	2	66	86	58	19	8	99	31	84	11	82	80	75	36	45	11	67	50	11	67	22	78	21	47	96	-1	81	25	100	48	61	26	53	21	6	38	52	92	29	34	38	60	37	89	16	39	78	
75	56	90	64	78	33	8	46	63	63	38	43	48	36	22	20	63	66	32	40	39	66	12	26	99	66	4	64	32	88	50	28	67	55	32	45	75	100	14	64	35	90	39	26	41	18	54	82	30	50	55	27	74	19	71	9	55	6	53	7	62	79	80	92	23	97	1	54	19	96	43	73	66	57	57	96	24	30	81	-1	6	90	37	77	67	86	2	24	41	45	41	43	25	58	99	77	33	96	7	30	
64	74	36	28	52	36	17	81	82	9	97	56	13	83	25	41	94	72	96	55	77	31	13	98	9	52	69	26	28	86	50	35	72	52	73	26	40	80	54	89	18	59	11	76	45	72	100	40	87	19	45	55	42	14	39	82	71	13	68	31	84	73	72	11	12	64	44	51	62	94	62	38	71	79	50	95	44	28	25	6	-1	91	32	66	9	78	46	6	26	71	8	51	35	45	55	94	90	84	95	14	
39	95	40	95	55	88	60	52	9	97	75	55	9	10	52	67	42	65	23	50	2	10	36	7	77	74	28	96	71	12	55	5	74	80	82	99	72	85	96	28	35	56	42	88	37	23	6	45	68	27	98	15	29	47	85	3	56	52	49	95	50	58	33	48	56	51	43	69	83	11	60	75	89	75	16	49	66	87	100	90	91	-1	41	6	57	91	1	63	39	48	96	39	18	80	86	9	30	45	61	2	
44	9	11	7	99	49	19	15	76	33	9	28	70	100	90	22	63	26	72	8	44	25	63	32	10	55	98	55	13	44	24	68	77	92	34	20	51	7	84	75	78	94	72	46	69	73	86	65	31	61	3	9	7	55	35	17	97	72	85	89	60	3	31	89	30	18	80	73	29	57	65	25	36	14	21	49	75	33	48	37	32	41	-1	91	17	32	54	44	92	69	79	93	29	43	4	81	45	58	99	51	
20	79	23	20	69	32	2	91	46	82	68	60	60	73	31	30	9	14	31	2	17	50	84	96	10	50	59	82	16	19	11	99	67	66	87	45	69	90	85	65	79	54	41	86	3	50	27	47	62	74	14	53	39	4	75	84	59	52	49	29	81	67	72	85	49	5	64	88	73	62	98	57	1	44	45	39	36	3	61	77	66	6	91	-1	69	64	94	27	8	64	78	9	80	13	26	30	63	61	35	60	
14	25	6	44	88	11	8	10	64	97	48	42	9	23	37	66	10	13	13	73	6	41	49	74	25	40	37	46	16	70	23	12	42	66	26	4	4	62	25	20	97	11	40	54	99	81	91	75	16	26	60	87	85	36	28	70	73	44	77	86	44	83	10	32	79	22	27	18	15	47	96	3	9	3	39	91	41	73	26	67	9	57	17	69	-1	5	50	8	71	20	9	79	79	48	41	92	40	92	11	97	
34	88	23	37	33	23	64	19	34	24	32	14	70	14	29	76	73	56	48	31	16	45	68	22	55	71	53	80	49	82	49	64	56	64	44	6	3	76	28	54	23	21	34	79	17	69	39	78	4	48	85	91	93	9	49	33	63	84	78	68	74	1	11	19	69	22	92	8	16	43	35	39	81	59	99	81	68	92	53	86	78	91	32	64	5	-1	51	37	16	3	31	5	22	61	96	11	22	66	75	9	
85	22	53	64	72	91	8	18	89	18	95	11	3	87	15	29	39	78	80	46	55	76	13	55	70	97	60	9	92	13	53	3	34	26	85	97	62	81	44	1	74	91	45	36	36	57	11	63	95	32	52	77	30	14	89	83	29	32	45	29	43	5	3	60	11	62	34	85	84	51	95	19	60	11	15	33	69	19	21	2	46	1	54	94	50	51	-1	9	72	10	78	81	26	97	69	3	26	61	53	31	
5	54	22	13	3	26	95	55	53	32	17	69	49	59	50	6	24	74	100	24	4	5	32	32	33	58	53	89	92	68	5	55	94	74	62	77	20	42	41	56	97	18	68	75	81	22	63	41	85	29	65	73	24	64	89	46	28	7	83	6	14	61	31	66	89	36	92	43	59	1	27	74	20	59	29	74	9	86	6	24	6	63	44	27	8	37	9	-1	35	100	99	24	52	90	85	4	98	22	21	30	
46	74	12	73	76	25	19	34	32	59	70	54	34	6	24	57	98	53	95	51	65	68	39	58	19	35	39	20	79	81	88	57	83	16	62	45	30	18	53	75	80	49	78	42	49	14	18	29	18	68	83	96	70	29	36	5	70	50	19	47	83	40	69	28	15	17	51	49	44	98	88	43	27	32	41	50	41	56	38	41	26	39	92	8	71	16	72	35	-1	38	52	77	26	83	41	19	52	54	83	76	
28	85	45	64	86	90	53	53	55	7	28	19	64	60	47	99	44	94	85	29	21	68	82	51	4	58	46	24	59	92	48	92	2	91	54	18	36	13	39	98	77	30	5	27	7	64	92	59	1	18	10	13	2	36	40	95	79	53	68	25	87	98	8	65	73	70	80	38	62	20	7	53	25	50	96	64	22	30	52	45	71	48	69	64	20	3	10	100	38	-1	94	63	23	25	19	75	72	50	64	46	
51	9	11	85	21	86	82	62	93	75	23	1	94	14	51	57	25	35	90	31	53	58	90	39	57	69	55	58	97	79	6	80	55	85	9	77	58	72	29	50	8	38	48	11	47	17	72	19	69	52	15	20	98	68	55	34	91	48	46	59	14	32	58	39	4	77	52	95	12	67	90	2	37	28	24	60	41	69	92	41	8	96	79	78	9	31	78	99	52	94	-1	50	27	76	59	79	71	18	6	100	
37	70	83	52	72	99	43	88	31	47	61	94	4	51	8	45	41	42	85	99	77	15	13	96	37	68	55	85	41	83	7	63	57	51	72	77	80	83	58	43	89	11	75	44	40	59	12	32	87	42	44	10	16	85	19	59	67	68	94	67	69	59	71	18	20	95	82	34	1	40	59	97	26	44	42	38	58	52	29	43	51	39	93	9	79	5	81	24	77	63	50	-1	46	95	33	95	82	9	82	64	
39	63	39	33	71	4	57	63	43	62	56	65	77	26	77	94	67	9	60	42	71	61	26	88	13	99	53	81	49	11	39	60	47	25	22	16	91	37	56	28	71	78	4	12	40	45	74	10	27	71	17	58	12	18	39	45	45	1	97	28	47	81	81	57	91	12	95	43	61	14	53	51	80	86	46	44	46	95	34	25	35	18	29	80	79	22	26	52	26	23	27	46	-1	78	96	96	62	7	58	60	
6	83	89	75	72	13	97	30	3	27	66	69	79	11	64	96	62	59	13	58	74	59	74	4	44	10	65	74	53	38	58	43	92	43	97	39	31	28	71	94	31	20	3	37	69	85	22	49	93	85	79	8	60	82	12	39	9	43	92	96	39	100	27	100	54	73	54	18	35	24	74	11	75	55	48	36	94	46	38	58	45	80	43	13	48	61	97	90	83	25	76	95	78	-1	12	90	44	19	51	74	
19	30	41	84	48	1	65	86	12	84	82	92	98	85	10	57	92	89	76	31	24	6	22	31	83	77	16	2	54	53	98	27	26	55	99	52	35	55	79	17	30	42	72	49	41	1	83	14	24	41	97	9	73	92	75	58	40	54	16	1	95	4	20	3	48	90	62	73	48	30	45	97	30	53	4	92	10	15	60	99	55	86	4	26	41	96	69	85	41	19	59	33	96	12	-1	23	61	5	18	28	
76	43	84	6	5	9	41	95	75	74	64	21	22	23	69	55	50	30	95	20	6	73	50	10	45	52	7	64	64	46	99	61	29	45	19	42	95	18	35	48	37	36	54	42	1	4	87	31	49	26	42	16	9	38	63	55	66	5	70	43	91	93	9	32	84	53	54	57	93	92	11	87	55	19	40	34	54	31	37	77	94	9	81	30	92	11	3	4	19	75	79	95	96	90	23	-1	19	74	50	12	
95	56	100	60	38	89	98	40	57	73	48	14	70	64	22	13	33	79	49	77	71	16	49	41	23	26	82	56	70	26	53	7	100	66	57	58	26	63	47	10	76	20	21	49	44	27	32	46	23	28	71	60	46	19	93	25	35	99	94	10	84	70	85	30	39	82	52	10	96	6	24	37	5	93	35	23	23	23	89	33	90	30	45	63	40	22	26	98	52	72	71	82	62	44	61	19	-1	51	58	90	
4	86	19	14	58	45	69	39	54	38	63	74	3	55	69	14	30	44	20	77	27	78	4	43	64	85	75	59	65	28	97	93	44	28	20	81	88	69	87	11	45	42	61	51	96	48	72	95	53	92	89	60	44	20	82	65	43	94	48	19	12	5	82	55	30	91	29	96	15	18	21	59	17	18	18	10	82	28	16	96	84	45	58	61	92	66	61	22	54	50	18	9	7	19	5	74	51	-1	51	80	
50	44	16	96	21	71	47	32	1	31	71	87	41	78	87	65	36	14	41	96	65	89	60	39	80	83	11	9	20	35	57	76	10	43	83	85	45	11	13	71	78	93	70	88	93	45	10	45	41	87	10	2	78	95	47	16	13	43	43	12	45	50	30	8	65	33	33	62	76	66	35	59	68	6	14	25	72	40	39	7	95	61	99	35	11	75	53	21	83	64	6	82	58	51	18	50	58	51	-1	91	
55	71	77	68	47	24	61	97	98	57	59	36	30	61	58	3	96	5	95	94	36	15	17	61	39	26	51	74	18	81	29	45	23	14	12	4	99	58	46	48	77	6	94	29	77	19	79	9	39	8	51	52	64	60	9	7	67	84	10	98	17	8	1	77	92	78	17	24	26	98	61	57	68	41	49	93	67	61	78	30	14	2	51	60	97	9	31	30	76	46	100	64	60	74	28	12	90	80	91	-1	
