100
-1	26	59	30	73	52	31	51	75	75	84	84	88	14	88	61	50	25	29	39	77	97	100	71	75	77	15	47	87	12	16	48	12	78	63	80	95	59	34	15	63	53	83	93	7	96	77	78	2	70	74	100	39	73	60	32	99	74	23	91	35	52	59	20	12	36	51	47	82	61	1	23	45	75	34	67	82	52	24	18	45	75	54	49	90	1	32	58	66	92	68	82	82	65	4	45	58	65	17	33	
26	-1	15	76	15	84	49	47	58	79	89	10	65	40	70	39	33	22	26	52	92	44	78	19	85	34	1	57	63	22	55	98	26	98	5	63	46	81	84	67	39	25	98	50	51	72	38	90	42	38	40	48	67	94	85	3	48	55	28	47	31	49	24	62	82	63	56	69	48	7	37	5	5	56	43	36	24	56	95	60	22	46	47	92	42	21	42	96	99	10	57	39	26	2	34	20	88	100	32	56	
59	15	-1	98	25	36	59	79	85	15	76	42	69	28	42	45	50	95	68	85	9	21	79	83	23	82	54	82	98	25	34	90	44	30	67	92	8	58	27	95	79	38	30	86	66	1	30	55	9	24	12	52	17	35	34	48	73	86	54	24	61	87	31	30	84	38	58	77	68	58	72	83	63	29	74	88	5	95	17	64	75	39	40	50	78	79	38	45	96	17	92	60	54	86	34	57	99	70	41	23	
30	76	98	-1	92	32	26	48	85	31	32	68	86	97	95	23	93	3	84	77	31	90	7	64	54	52	32	85	14	1	69	55	30	8	68	84	73	93	49	62	52	85	45	29	22	40	89	85	95	9	92	43	93	82	18	95	32	26	91	85	20	53	27	80	69	23	83	1	14	60	69	68	28	57	99	100	57	70	53	38	4	43	60	53	16	49	81	99	5	39	95	90	93	77	64	87	3	15	70	2	
73	15	25	92	-1	88	65	46	80	35	77	68	58	50	9	77	42	1	56	36	27	31	99	38	40	7	16	26	25	25	85	100	73	8	17	2	35	78	88	4	44	14	37	70	32	30	61	15	61	25	21	12	4	38	46	64	85	26	80	10	98	15	33	23	66	85	84	29	99	9	18	35	81	4	19	75	45	68	36	21	91	5	80	69	14	51	52	66	72	43	79	25	36	71	26	86	34	58	69	20	
52	84	36	32	88	-1	84	8	22	95	79	62	5	33	32	41	92	14	67	93	96	61	35	83	24	18	39	66	58	61	21	10	75	39	81	42	18	28	28	16	76	8	30	7	71	78	84	36	100	10	62	100	33	2	68	29	79	91	31	86	88	64	87	20	73	67	47	74	41	83	92	9	41	27	61	77	19	61	78	78	73	93	84	27	12	78	33	19	80	21	28	60	37	53	87	96	54	87	39	54	
31	49	59	26	65	84	-1	42	35	88	74	16	38	38	72	79	78	46	35	2	46	45	65	84	63	38	93	35	80	46	27	2	4	29	11	100	13	38	65	15	79	15	4	50	62	27	81	46	77	72	78	91	83	56	62	61	47	38	96	29	68	69	56	70	69	41	73	71	27	28	51	90	30	63	30	29	16	33	48	5	54	92	24	88	19	39	92	84	100	50	84	24	53	20	39	93	20	34	100	37	
51	47	79	48	46	8	42	-1	39	93	17	54	50	66	29	95	19	63	44	7	53	61	60	54	67	44	17	19	9	39	16	31	35	60	91	19	77	77	87	80	99	89	51	24	50	21	48	91	82	63	62	28	70	92	15	92	69	96	25	1	74	22	28	35	46	49	48	21	40	55	32	28	81	7	72	7	54	36	8	46	59	43	54	40	45	45	60	19	70	23	61	15	15	6	98	34	50	19	11	70	
75	58	85	85	80	22	35	39	-1	29	74	40	51	31	76	17	11	74	47	41	27	61	89	94	76	6	72	4	62	14	21	93	19	64	82	71	71	79	5	64	95	8	26	94	99	24	28	85	36	66	1	14	86	99	19	49	31	93	73	66	25	42	21	80	24	69	61	74	34	94	45	86	54	94	93	47	67	100	31	97	43	38	7	40	80	23	57	73	93	63	39	4	60	28	96	38	75	30	76	69	
75	79	15	31	35	95	88	93	29	-1	88	21	81	78	69	17	37	94	96	99	89	65	23	78	21	34	16	40	29	83	83	86	44	47	96	77	82	9	6	27	43	96	44	58	90	31	88	22	11	72	1	29	9	24	93	90	87	57	74	94	29	46	44	51	50	5	72	98	91	22	20	20	2	100	90	59	52	98	53	42	87	24	46	58	37	66	32	62	5	40	18	61	27	26	84	63	38	58	72	58	
84	89	76	32	77	79	74	17	74	88	-1	67	68	38	58	9	33	59	54	19	15	70	52	57	67	3	94	83	76	80	31	23	24	85	82	53	41	72	5	11	57	93	28	25	89	86	63	7	90	98	30	42	49	39	79	33	25	25	69	68	62	41	79	44	88	94	63	16	1	71	12	23	67	9	46	51	57	79	48	61	4	95	10	14	21	18	33	10	29	75	87	44	55	12	76	61	21	6	9	55	
84	10	42	68	68	62	16	54	40	21	67	-1	6	5	70	48	88	7	43	67	65	61	38	88	82	51	16	27	74	65	37	42	20	29	17	66	76	52	68	50	51	27	24	84	45	63	42	47	95	48	55	30	65	73	3	89	73	44	71	77	81	63	66	31	9	72	21	27	41	45	25	39	13	11	49	49	33	92	44	100	72	10	77	68	96	46	5	23	68	69	91	64	65	25	42	2	17	35	33	60	
88	65	69	86	58	5	38	50	51	81	68	6	-1	48	8	89	79	16	54	14	3	12	32	39	43	44	12	79	12	91	44	11	65	28	91	64	92	79	90	4	30	71	94	83	95	64	84	94	8	79	94	25	98	7	23	41	60	75	87	56	64	73	91	76	78	25	24	6	64	62	26	72	81	40	38	37	32	35	9	83	44	23	53	12	26	72	30	45	58	36	42	69	26	23	72	6	43	70	27	33	
14	40	28	97	50	33	38	66	31	78	38	5	48	-1	89	15	29	82	37	100	30	85	81	74	83	84	100	15	63	45	47	87	80	28	99	8	1	48	7	8	67	16	64	80	5	29	15	26	92	86	67	98	14	61	80	76	67	40	36	60	62	19	24	16	62	48	61	74	60	86	15	61	82	10	97	82	68	74	22	74	98	53	27	58	79	20	11	34	16	77	36	38	8	65	58	86	91	82	8	63	
88	70	42	95	9	32	72	29	76	69	58	70	8	89	-1	32	75	97	30	55	36	81	41	46	49	94	96	64	97	29	46	92	58	20	95	15	2	31	100	64	81	85	45	47	86	30	11	40	76	39	26	49	94	46	32	11	64	54	87	96	83	33	31	29	62	92	28	7	7	46	75	7	94	45	34	34	69	30	89	48	11	23	82	93	64	74	68	73	100	59	100	100	27	54	92	15	26	14	96	32	
61	39	45	23	77	41	79	95	17	17	9	48	89	15	32	-1	29	21	98	92	64	46	49	21	17	67	49	5	69	74	53	69	78	30	73	98	98	69	74	40	58	61	83	16	37	12	52	58	22	84	42	19	87	35	77	71	3	86	13	98	75	52	56	63	80	6	6	90	69	84	78	75	22	10	28	11	51	44	72	50	59	83	58	64	51	93	31	40	80	19	42	95	80	17	94	51	99	5	3	63	
50	33	50	93	42	92	78	19	11	37	33	88	79	29	75	29	-1	20	36	99	92	81	9	96	25	89	43	55	95	56	18	35	84	84	8	78	81	83	18	11	77	39	68	64	36	45	57	78	15	25	96	23	78	10	86	95	92	1	41	94	81	18	76	36	46	75	100	11	41	63	86	61	67	70	43	86	54	11	8	44	86	91	70	15	6	68	88	72	91	8	10	68	21	27	30	34	63	10	61	81	
25	22	95	3	1	14	46	63	74	94	59	7	16	82	97	21	20	-1	60	54	49	47	69	92	76	35	29	6	91	28	90	21	68	41	86	65	16	16	82	58	21	18	90	49	8	73	89	14	18	29	75	39	17	59	28	53	44	11	54	52	94	28	25	89	3	21	82	24	59	90	2	4	52	39	92	98	90	72	62	72	5	19	84	49	87	65	70	4	59	75	44	23	57	16	66	94	58	94	88	49	
29	26	68	84	56	67	35	44	47	96	54	43	54	37	30	98	36	60	-1	54	99	30	92	81	52	92	40	7	56	62	70	20	6	14	98	11	38	34	59	32	75	11	42	3	73	98	8	87	65	98	64	32	18	26	36	57	1	49	54	81	92	43	26	68	34	18	49	56	94	33	65	85	50	63	44	81	87	84	63	44	90	27	5	4	68	27	50	68	53	83	35	82	89	11	90	25	77	78	78	48	
39	52	85	77	36	93	2	7	41	99	19	67	14	100	55	92	99	54	54	-1	20	93	35	36	29	69	83	56	49	32	59	54	84	56	92	37	4	16	48	33	1	79	61	3	94	14	80	98	92	5	49	29	13	85	47	42	68	93	30	13	95	62	96	13	19	59	93	84	64	85	36	46	92	12	91	92	96	42	74	5	66	4	71	96	9	93	10	63	42	89	33	91	71	7	39	21	92	38	92	85	
77	92	9	31	27	96	46	53	27	89	15	65	3	30	36	64	92	49	99	20	-1	49	7	96	69	3	54	69	77	59	65	22	92	5	41	34	65	82	10	36	62	55	79	92	49	22	74	14	78	91	93	89	100	9	65	67	31	61	73	83	45	50	34	3	80	9	78	79	3	87	75	66	9	32	78	91	30	75	19	54	55	91	47	1	4	100	19	25	4	55	98	77	33	82	74	29	25	67	39	98	
97	44	21	90	31	61	45	61	61	65	70	61	12	85	81	46	81	47	30	93	49	-1	36	14	73	38	2	57	95	94	35	92	7	20	61	97	20	22	67	81	9	42	88	64	84	3	1	70	24	76	86	27	38	28	2	28	30	61	82	69	64	81	12	77	49	70	72	65	60	33	39	57	88	26	94	89	16	1	25	43	32	88	29	60	25	23	66	36	88	8	25	1	55	81	1	79	33	66	4	46	
100	78	79	7	99	35	65	60	89	23	52	38	32	81	41	49	9	69	92	35	7	36	-1	80	99	25	4	15	13	64	26	72	92	37	64	26	41	48	59	72	89	8	50	31	82	11	73	92	72	26	82	60	30	73	12	15	62	85	37	99	75	80	22	63	42	21	74	47	75	48	11	13	8	64	28	21	18	87	63	30	47	62	13	73	88	98	96	65	16	26	48	59	80	23	86	22	72	12	20	78	
71	19	83	64	38	83	84	54	94	78	57	88	39	74	46	21	96	92	81	36	96	14	80	-1	30	33	25	14	50	53	60	100	86	7	10	85	19	42	73	96	95	73	18	91	36	18	3	23	64	16	49	79	83	3	55	80	47	79	68	99	66	85	82	19	89	89	40	69	74	15	69	30	7	88	57	16	81	7	7	99	28	81	100	93	21	2	43	27	60	97	97	86	20	86	39	11	91	94	2	55	
75	85	23	54	40	24	63	67	76	21	67	82	43	83	49	17	25	76	52	29	69	73	99	30	-1	90	50	50	22	75	72	14	56	25	34	6	76	70	76	86	52	56	73	83	37	42	68	60	25	27	5	47	83	92	81	39	42	21	38	71	28	89	60	52	23	23	55	88	17	24	66	76	68	31	31	88	74	62	77	28	59	53	74	29	55	23	84	16	94	41	22	97	16	100	22	52	58	47	46	13	
77	34	82	52	7	18	38	44	6	34	3	51	44	84	94	67	89	35	92	69	3	38	25	33	90	-1	30	84	83	98	54	77	82	5	12	86	10	97	57	41	12	81	59	83	69	56	99	69	29	32	35	24	60	57	28	17	70	48	72	84	63	35	14	40	12	95	37	84	59	89	18	87	29	13	72	65	6	72	46	76	44	19	76	46	87	64	98	37	13	37	38	50	78	31	10	47	98	85	81	19	
15	1	54	32	16	39	93	17	72	16	94	16	12	100	96	49	43	29	40	83	54	2	4	25	50	30	-1	18	13	70	3	83	98	13	98	69	67	11	12	35	43	76	80	79	65	91	91	41	29	40	44	35	52	40	74	68	84	50	90	49	36	1	82	87	95	51	78	35	70	4	48	90	63	81	75	52	3	91	47	47	80	67	25	47	87	23	81	38	4	34	63	53	84	28	30	73	94	60	61	15	
47	57	82	85	26	66	35	19	4	40	83	27	79	15	64	5	55	6	7	56	69	57	15	14	50	84	18	-1	1	27	64	52	80	54	43	58	83	82	54	71	53	17	21	63	83	12	76	43	64	96	33	34	5	94	40	61	95	99	76	63	99	11	60	15	33	28	97	16	100	37	78	76	89	37	19	32	78	50	47	36	25	81	60	64	40	7	16	90	43	65	77	29	32	48	52	61	3	89	15	87	
87	63	98	14	25	58	80	9	62	29	76	74	12	63	97	69	95	91	56	49	77	95	13	50	22	83	13	1	-1	71	95	100	12	63	80	81	45	100	45	34	61	54	76	40	51	85	36	51	85	18	72	22	70	26	59	69	91	46	96	75	64	39	52	17	13	96	84	58	57	70	29	93	78	60	81	33	10	95	40	79	91	11	43	33	78	58	27	89	93	89	53	51	44	69	37	39	68	16	24	42	
12	22	25	1	25	61	46	39	14	83	80	65	91	45	29	74	56	28	62	32	59	94	64	53	75	98	70	27	71	-1	95	28	67	92	35	26	40	63	55	47	11	22	73	83	78	64	49	3	61	41	38	36	13	85	94	21	69	96	85	54	61	86	92	77	50	20	64	9	42	22	72	76	2	82	50	73	25	33	14	55	99	37	92	97	34	51	85	38	64	98	91	50	25	40	12	6	62	75	88	4	
16	55	34	69	85	21	27	16	21	83	31	37	44	47	46	53	18	90	70	59	65	35	26	60	72	54	3	64	95	95	-1	22	66	82	11	92	9	93	26	73	62	42	66	8	34	97	89	27	55	56	60	3	3	68	57	2	25	27	30	84	43	44	16	25	51	44	31	89	38	57	93	94	34	74	49	81	74	90	3	5	4	52	85	21	54	18	27	80	57	76	22	59	90	96	25	5	98	20	81	98	
48	98	90	55	100	10	2	31	93	86	23	42	11	87	92	69	35	21	20	54	22	92	72	100	14	77	83	52	100	28	22	-1	84	23	35	98	33	80	36	75	83	55	4	34	98	85	94	54	39	94	91	62	53	69	45	55	30	88	82	69	93	8	89	82	45	87	16	47	7	72	18	75	31	68	67	53	77	71	34	62	66	36	86	64	27	52	84	5	61	19	80	58	58	73	46	33	36	33	11	76	
12	26	44	30	73	75	4	35	19	44	24	20	65	80	58	78	84	68	6	84	92	7	92	86	56	82	98	80	12	67	66	84	-1	4	68	12	93	8	84	2	47	41	29	71	38	54	4	87	42	29	42	19	68	29	11	18	34	7	23	97	39	85	97	69	34	72	82	89	67	85	20	97	15	90	48	29	65	77	13	83	37	69	55	17	64	97	34	5	63	26	30	77	49	4	70	77	80	23	4	14	
78	98	30	8	8	39	29	60	64	47	85	29	28	28	20	30	84	41	14	56	5	20	37	7	25	5	13	54	63	92	82	23	4	-1	67	82	41	82	29	60	89	57	56	19	28	30	96	61	82	34	78	41	49	88	96	97	37	15	74	21	93	64	86	69	88	74	56	66	96	22	45	47	78	95	18	82	38	27	79	48	49	24	85	88	100	56	22	2	26	94	19	12	98	1	100	86	62	78	27	23	
63	5	67	68	17	81	11	91	82	96	82	17	91	99	95	73	8	86	98	92	41	61	64	10	34	12	98	43	80	35	11	35	68	67	-1	60	28	60	51	47	38	55	51	45	83	58	41	82	56	25	48	19	73	79	56	79	23	83	70	1	97	83	18	56	98	63	52	24	49	17	1	66	38	63	58	77	9	50	50	82	29	30	44	25	74	51	3	17	69	94	33	2	3	42	74	5	25	80	69	67	
80	63	92	84	2	42	100	19	71	77	53	66	64	8	15	98	78	65	11	37	34	97	26	85	6	86	69	58	81	26	92	98	12	82	60	-1	76	68	91	5	77	35	51	48	62	82	14	81	65	29	16	55	4	28	23	28	53	8	58	92	44	93	60	8	8	86	39	18	39	50	86	6	20	58	63	20	69	27	9	50	40	13	89	1	46	84	91	40	23	78	54	81	20	97	50	74	54	54	8	65	
95	46	8	73	35	18	13	77	71	82	41	76	92	1	2	98	81	16	38	4	65	20	41	19	76	10	67	83	45	40	9	33	93	41	28	76	-1	10	2	43	79	94	80	40	15	67	36	71	67	91	67	65	75	93	66	53	80	82	15	71	27	2	29	14	11	28	47	5	76	2	48	56	4	49	10	76	3	31	5	8	38	46	33	97	41	44	71	85	81	59	59	15	47	39	5	58	30	17	26	42	
59	81	58	93	78	28	38	77	79	9	72	52	79	48	31	69	83	16	34	16	82	22	48	42	70	97	11	82	100	63	93	80	8	82	60	68	10	-1	43	99	57	83	67	89	55	17	8	46	74	88	80	52	89	89	15	4	69	57	79	73	47	36	76	50	90	84	17	70	45	80	77	96	36	15	87	47	11	89	44	4	28	47	41	85	71	26	68	56	46	46	46	33	42	72	36	96	23	30	86	87	
34	84	27	49	88	28	65	87	5	6	5	68	90	7	100	74	18	82	59	48	10	67	59	73	76	57	12	54	45	55	26	36	84	29	51	91	2	43	-1	22	93	7	26	77	39	55	11	43	3	5	100	30	90	77	11	5	74	57	85	30	56	90	38	100	70	65	81	24	95	94	95	33	74	18	64	49	13	96	92	70	46	13	43	57	79	76	84	21	19	58	55	28	60	54	81	10	97	61	11	58	
15	67	95	62	4	16	15	80	64	27	11	50	4	8	64	40	11	58	32	33	36	81	72	96	86	41	35	71	34	47	73	75	2	60	47	5	43	99	22	-1	47	33	78	84	32	11	27	63	56	74	27	76	96	2	44	59	51	97	16	3	87	35	1	56	92	56	10	18	35	2	41	63	50	63	13	77	86	77	34	75	88	89	43	42	8	97	24	34	71	37	80	33	64	71	64	14	89	78	60	3	
63	39	79	52	44	76	79	99	95	43	57	51	30	67	81	58	77	21	75	1	62	9	89	95	52	12	43	53	61	11	62	83	47	89	38	77	79	57	93	47	-1	15	88	89	98	36	16	96	8	11	27	18	89	29	8	89	39	86	41	10	62	1	28	99	21	45	68	63	75	20	41	64	98	81	9	24	56	69	91	19	31	93	56	15	86	27	41	73	3	50	32	71	57	39	74	63	71	5	16	87	
53	25	38	85	14	8	15	89	8	96	93	27	71	16	85	61	39	18	11	79	55	42	8	73	56	81	76	17	54	22	42	55	41	57	55	35	94	83	7	33	15	-1	90	83	37	73	73	97	35	49	51	45	61	92	100	35	77	36	89	34	26	62	62	4	52	83	57	79	47	9	81	10	24	35	59	48	25	64	51	71	28	77	34	60	98	22	62	57	30	66	3	98	76	8	9	32	38	25	2	83	
83	98	30	45	37	30	4	51	26	44	28	24	94	64	45	83	68	90	42	61	79	88	50	18	73	59	80	21	76	73	66	4	29	56	51	51	80	67	26	78	88	90	-1	86	71	81	67	20	80	90	42	2	72	57	31	66	59	73	38	46	35	90	91	67	96	43	100	6	28	63	70	46	57	82	46	72	41	90	36	20	34	36	33	69	90	5	86	81	92	45	75	85	83	55	89	31	95	65	54	70	
93	50	86	29	70	7	50	24	94	58	25	84	83	80	47	16	64	49	3	3	92	64	31	91	83	83	79	63	40	83	8	34	71	19	45	48	40	89	77	84	89	83	86	-1	58	36	66	52	77	95	24	53	98	61	57	91	16	97	80	28	65	9	26	27	76	73	28	30	43	53	83	52	2	9	5	87	57	73	53	52	86	88	9	13	47	36	54	22	87	15	81	52	38	41	56	11	50	22	87	3	
7	51	66	22	32	71	62	50	99	90	89	45	95	5	86	37	36	8	73	94	49	84	82	36	37	69	65	83	51	78	34	98	38	28	83	62	15	55	39	32	98	37	71	58	-1	15	44	21	8	98	92	98	16	46	77	77	93	99	50	92	40	48	26	99	89	14	12	95	84	5	68	1	88	66	38	10	58	54	81	31	68	71	5	43	82	32	45	4	12	34	80	95	57	56	60	48	84	42	87	50	
96	72	1	40	30	78	27	21	24	31	86	63	64	29	30	12	45	73	98	14	22	3	11	18	42	56	91	12	85	64	97	85	54	30	58	82	67	17	55	11	36	73	81	36	15	-1	38	21	18	63	39	45	79	51	56	9	15	61	88	16	88	50	53	48	35	76	97	51	58	74	26	11	4	70	23	50	85	70	60	63	83	32	96	19	45	32	56	52	87	39	39	37	58	25	92	86	73	91	24	83	
77	38	30	89	61	84	81	48	28	88	63	42	84	15	11	52	57	89	8	80	74	1	73	3	68	99	91	76	36	49	89	94	4	96	41	14	36	8	11	27	16	73	67	66	44	38	-1	40	15	45	83	49	51	6	95	60	47	71	34	16	38	43	55	14	39	28	9	35	42	51	76	10	78	73	25	39	23	85	6	31	3	79	61	79	92	20	76	82	38	59	59	27	71	83	2	80	90	2	71	93	
78	90	55	85	15	36	46	91	85	22	7	47	94	26	40	58	78	14	87	98	14	70	92	23	60	69	41	43	51	3	27	54	87	61	82	81	71	46	43	63	96	97	20	52	21	21	40	-1	28	70	18	16	80	34	2	11	66	63	67	74	90	31	60	75	78	38	62	63	29	48	89	63	30	10	44	10	4	87	12	57	75	29	54	60	3	52	48	27	95	59	54	30	28	11	85	80	7	20	33	90	
2	42	9	95	61	100	77	82	36	11	90	95	8	92	76	22	15	18	65	92	78	24	72	64	25	29	29	64	85	61	55	39	42	82	56	65	67	74	3	56	8	35	80	77	8	18	15	28	-1	77	33	65	21	94	66	72	53	65	23	33	13	69	16	49	39	50	7	48	22	65	94	33	33	34	25	35	94	29	82	72	67	3	79	19	3	65	48	86	32	53	54	25	15	20	3	42	29	59	15	77	
70	38	24	9	25	10	72	63	66	72	98	48	79	86	39	84	25	29	98	5	91	76	26	16	27	32	40	96	18	41	56	94	29	34	25	29	91	88	5	74	11	49	90	95	98	63	45	70	77	-1	25	18	5	38	33	86	55	60	86	75	19	8	6	57	22	70	68	90	8	95	51	52	96	5	39	14	49	47	44	65	27	72	59	73	91	81	54	2	47	72	47	88	21	40	100	25	30	99	69	29	
74	40	12	92	21	62	78	62	1	1	30	55	94	67	26	42	96	75	64	49	93	86	82	49	5	35	44	33	72	38	60	91	42	78	48	16	67	80	100	27	27	51	42	24	92	39	83	18	33	25	-1	81	79	26	6	64	44	27	57	67	84	18	68	69	88	8	2	95	47	66	60	89	40	65	34	58	9	84	57	79	9	21	30	93	61	50	31	79	39	13	68	90	15	58	68	31	10	84	57	84	
100	48	52	43	12	100	91	28	14	29	42	30	25	98	49	19	23	39	32	29	89	27	60	79	47	24	35	34	22	36	3	62	19	41	19	55	65	52	30	76	18	45	2	53	98	45	49	16	65	18	81	-1	95	87	6	3	88	21	56	23	62	70	3	13	61	68	85	18	2	26	3	33	45	28	83	3	73	16	66	74	74	64	74	79	90	76	83	47	31	93	78	96	88	87	78	43	6	50	70	53	
39	67	17	93	4	33	83	70	86	9	49	65	98	14	94	87	78	17	18	13	100	38	30	83	83	60	52	5	70	13	3	53	68	49	73	4	75	89	90	96	89	61	72	98	16	79	51	80	21	5	79	95	-1	37	39	66	86	39	29	86	45	36	61	56	98	11	83	38	52	72	38	2	51	78	56	12	41	51	37	93	54	17	32	45	14	47	47	96	34	57	3	9	75	52	64	3	70	74	38	79	
73	94	35	82	38	2	56	92	99	24	39	73	7	61	46	35	10	59	26	85	9	28	73	3	92	57	40	94	26	85	68	69	29	88	79	28	93	89	77	2	29	92	57	61	46	51	6	34	94	38	26	87	37	-1	95	56	88	73	45	24	71	82	9	54	35	98	66	62	9	51	36	80	24	70	8	90	30	36	68	13	50	4	96	42	19	82	55	63	90	3	30	26	72	92	5	6	42	4	35	64	
60	85	34	18	46	68	62	15	19	93	79	3	23	80	32	77	86	28	36	47	65	2	12	55	81	28	74	40	59	94	57	45	11	96	56	23	66	15	11	44	8	100	31	57	77	56	95	2	66	33	6	6	39	95	-1	38	10	77	95	54	26	82	22	86	31	93	14	13	85	50	48	84	76	30	20	81	32	77	60	46	34	89	26	28	19	53	67	1	28	43	56	64	6	58	27	8	6	66	27	35	
32	3	48	95	64	29	61	92	49	90	33	89	41	76	11	71	95	53	57	42	67	28	15	80	39	17	68	61	69	21	2	55	18	97	79	28	53	4	5	59	89	35	66	91	77	9	60	11	72	86	64	3	66	56	38	-1	7	9	19	45	7	38	32	79	32	28	29	77	12	5	39	76	23	83	12	80	59	63	73	94	80	13	3	63	93	91	33	4	63	21	72	12	40	52	75	15	75	93	25	46	
99	48	73	32	85	79	47	69	31	87	25	73	60	67	64	3	92	44	1	68	31	30	62	47	42	70	84	95	91	69	25	30	34	37	23	53	80	69	74	51	39	77	59	16	93	15	47	66	53	55	44	88	86	88	10	7	-1	78	49	44	83	56	58	59	15	72	21	55	96	86	26	2	76	1	60	16	50	12	69	10	91	84	64	64	94	65	85	1	60	5	5	82	83	26	47	59	72	56	49	93	
74	55	86	26	26	91	38	96	93	57	25	44	75	40	54	86	1	11	49	93	61	61	85	79	21	48	50	99	46	96	27	88	7	15	83	8	82	57	57	97	86	36	73	97	99	61	71	63	65	60	27	21	39	73	77	9	78	-1	66	62	47	41	1	92	48	71	55	41	75	3	14	34	50	91	34	38	56	29	88	39	44	64	99	73	19	57	85	42	3	45	45	10	26	19	24	7	20	31	6	76	
23	28	54	91	80	31	96	25	73	74	69	71	87	36	87	13	41	54	54	30	73	82	37	68	38	72	90	76	96	85	30	82	23	74	70	58	15	79	85	16	41	89	38	80	50	88	34	67	23	86	57	56	29	45	95	19	49	66	-1	93	100	7	29	41	21	34	63	26	8	60	86	55	79	56	70	85	85	9	81	90	15	53	29	84	65	21	39	61	3	40	4	20	83	28	99	90	94	66	38	50	
91	47	24	85	10	86	29	1	66	94	68	77	56	60	96	98	94	52	81	13	83	69	99	99	71	84	49	63	75	54	84	69	97	21	1	92	71	73	30	3	10	34	46	28	92	16	16	74	33	75	67	23	86	24	54	45	44	62	93	-1	27	34	24	18	91	28	87	56	34	33	75	3	80	52	55	49	95	30	62	4	4	100	13	16	20	61	79	33	89	19	64	22	66	98	55	93	31	2	61	47	
35	31	61	20	98	88	68	74	25	29	62	81	64	62	83	75	81	94	92	95	45	64	75	66	28	63	36	99	64	61	43	93	39	93	97	44	27	47	56	87	62	26	35	65	40	88	38	90	13	19	84	62	45	71	26	7	83	47	100	27	-1	84	4	35	26	87	84	52	13	52	53	98	76	89	78	55	49	38	48	29	62	59	56	42	4	60	66	25	63	12	38	29	7	76	30	61	23	30	4	84	
52	49	87	53	15	64	69	22	42	46	41	63	73	19	33	52	18	28	43	62	50	81	80	85	89	35	1	11	39	86	44	8	85	64	83	93	2	36	90	35	1	62	90	9	48	50	43	31	69	8	18	70	36	82	82	38	56	41	7	34	84	-1	40	1	54	86	84	23	43	50	86	54	99	85	85	100	53	98	29	37	80	96	34	17	45	57	92	38	16	97	81	2	77	51	65	97	19	13	23	74	
59	24	31	27	33	87	56	28	21	44	79	66	91	24	31	56	76	25	26	96	34	12	22	82	60	14	82	60	52	92	16	89	97	86	18	60	29	76	38	1	28	62	91	26	26	53	55	60	16	6	68	3	61	9	22	32	58	1	29	24	4	40	-1	41	14	69	76	13	35	33	11	31	66	33	82	79	15	92	35	10	47	26	89	60	71	10	14	45	13	25	53	70	49	78	53	67	31	4	3	23	
20	62	30	80	23	20	70	35	80	51	44	31	76	16	29	63	36	89	68	13	3	77	63	19	52	40	87	15	17	77	25	82	69	69	56	8	14	50	100	56	99	4	67	27	99	48	14	75	49	57	69	13	56	54	86	79	59	92	41	18	35	1	41	-1	15	24	68	21	72	19	71	96	10	46	33	97	98	68	74	25	63	32	7	63	98	28	9	86	13	49	81	86	17	4	23	83	77	92	88	67	
12	82	84	69	66	73	69	46	24	50	88	9	78	62	62	80	46	3	34	19	80	49	42	89	23	12	95	33	13	50	51	45	34	88	98	8	11	90	70	92	21	52	96	76	89	35	39	78	39	22	88	61	98	35	31	32	15	48	21	91	26	54	14	15	-1	46	1	35	58	20	60	48	47	73	16	92	96	97	28	36	96	2	50	24	76	73	60	81	16	84	85	49	47	21	94	27	26	47	85	99	
36	63	38	23	85	67	41	49	69	5	94	72	25	48	92	6	75	21	18	59	9	70	21	89	23	95	51	28	96	20	44	87	72	74	63	86	28	84	65	56	45	83	43	73	14	76	28	38	50	70	8	68	11	98	93	28	72	71	34	28	87	86	69	24	46	-1	85	43	14	60	14	6	36	4	27	49	66	95	22	49	71	82	7	45	18	86	48	48	98	53	63	31	74	48	61	67	56	74	30	82	
51	56	58	83	84	47	73	48	61	72	63	21	24	61	28	6	100	82	49	93	78	72	74	40	55	37	78	97	84	64	31	16	82	56	52	39	47	17	81	10	68	57	100	28	12	97	9	62	7	68	2	85	83	66	14	29	21	55	63	87	84	84	76	68	1	85	-1	11	56	65	24	33	26	25	44	30	16	96	32	6	28	43	61	53	39	54	22	65	94	74	72	91	92	52	30	30	1	67	97	4	
47	69	77	1	29	74	71	21	74	98	16	27	6	74	7	90	11	24	56	84	79	65	47	69	88	84	35	16	58	9	89	47	89	66	24	18	5	70	24	18	63	79	6	30	95	51	35	63	48	90	95	18	38	62	13	77	55	41	26	56	52	23	13	21	35	43	11	-1	29	41	23	43	61	98	20	91	44	86	9	76	62	12	69	11	85	83	80	8	93	80	58	31	34	55	28	31	40	42	25	37	
82	48	68	14	99	41	27	40	34	91	1	41	64	60	7	69	41	59	94	64	3	60	75	74	17	59	70	100	57	42	38	7	67	96	49	39	76	45	95	35	75	47	28	43	84	58	42	29	22	8	47	2	52	9	85	12	96	75	8	34	13	43	35	72	58	14	56	29	-1	14	32	31	45	41	15	66	10	59	5	34	6	39	35	33	61	80	62	4	24	22	49	18	60	95	3	81	78	78	19	88	
61	7	58	60	9	83	28	55	94	22	71	45	62	86	46	84	63	90	33	85	87	33	48	15	24	89	4	37	70	22	57	72	85	22	17	50	2	80	94	2	20	9	63	53	5	74	51	48	65	95	66	26	72	51	50	5	86	3	60	33	52	50	33	19	20	60	65	41	14	-1	70	20	69	72	85	55	3	55	32	84	40	65	49	40	59	65	23	19	95	32	9	16	74	1	67	34	43	45	4	55	
1	37	72	69	18	92	51	32	45	20	12	25	26	15	75	78	86	2	65	36	75	39	11	69	66	18	48	78	29	72	93	18	20	45	1	86	48	77	95	41	41	81	70	83	68	26	76	89	94	51	60	3	38	36	48	39	26	14	86	75	53	86	11	71	60	14	24	23	32	70	-1	61	23	83	94	97	42	9	79	54	5	54	16	59	88	40	72	61	94	72	38	67	74	31	31	74	97	28	20	100	
23	5	83	68	35	9	90	28	86	20	23	39	72	61	7	75	61	4	85	46	66	57	13	30	76	87	90	76	93	76	94	75	97	47	66	6	56	96	33	63	64	10	46	52	1	11	10	63	33	52	89	33	2	80	84	76	2	34	55	3	98	54	31	96	48	6	33	43	31	20	61	-1	8	70	8	92	82	44	29	39	61	6	16	53	54	95	58	11	21	42	96	11	62	2	14	73	5	93	48	1	
45	5	63	28	81	41	30	81	54	2	67	13	81	82	94	22	67	52	50	92	9	88	8	7	68	29	63	89	78	2	34	31	15	78	38	20	4	36	74	50	98	24	57	2	88	4	78	30	33	96	40	45	51	24	76	23	76	50	79	80	76	99	66	10	47	36	26	61	45	69	23	8	-1	52	2	93	73	22	41	93	64	2	72	20	95	21	96	91	47	17	26	23	19	54	22	32	11	62	59	31	
75	56	29	57	4	27	63	7	94	100	9	11	40	10	45	10	70	39	63	12	32	26	64	88	31	13	81	37	60	82	74	68	90	95	63	58	49	15	18	63	81	35	82	9	66	70	73	10	34	5	65	28	78	70	30	83	1	91	56	52	89	85	33	46	73	4	25	98	41	72	83	70	52	-1	85	28	68	39	32	25	39	32	42	71	92	25	26	97	76	4	77	47	3	24	76	61	38	30	51	2	
34	43	74	99	19	61	30	72	93	90	46	49	38	97	34	28	43	92	44	91	78	94	28	57	31	72	75	19	81	50	49	67	48	18	58	63	10	87	64	13	9	59	46	5	38	23	25	44	25	39	34	83	56	8	20	12	60	34	70	55	78	85	82	33	16	27	44	20	15	85	94	8	2	85	-1	53	55	89	71	44	81	20	85	100	99	5	23	73	30	67	40	26	77	85	69	16	29	42	21	90	
67	36	88	100	75	77	29	7	47	59	51	49	37	82	34	11	86	98	81	92	91	89	21	16	88	65	52	32	33	73	81	53	29	82	77	20	76	47	49	77	24	48	72	87	10	50	39	10	35	14	58	3	12	90	81	80	16	38	85	49	55	100	79	97	92	49	30	91	66	55	97	92	93	28	53	-1	18	45	4	8	36	87	49	43	1	99	43	77	94	8	11	69	13	55	4	57	14	17	79	86	
82	24	5	57	45	19	16	54	67	52	57	33	32	68	69	51	54	90	87	96	30	16	18	81	74	6	3	78	10	25	74	77	65	38	9	69	3	11	13	86	56	25	41	57	58	85	23	4	94	49	9	73	41	30	32	59	50	56	85	95	49	53	15	98	96	66	16	44	10	3	42	82	73	68	55	18	-1	76	45	64	4	10	25	100	55	73	85	77	68	77	56	11	4	96	27	88	30	77	92	42	
52	56	95	70	68	61	33	36	100	98	79	92	35	74	30	44	11	72	84	42	75	1	87	7	62	72	91	50	95	33	90	71	77	27	50	27	31	89	96	77	69	64	90	73	54	70	85	87	29	47	84	16	51	36	77	63	12	29	9	30	38	98	92	68	97	95	96	86	59	55	9	44	22	39	89	45	76	-1	23	24	75	7	99	89	39	1	85	79	71	48	39	76	6	37	32	10	20	60	34	24	
24	95	17	53	36	78	48	8	31	53	48	44	9	22	89	72	8	62	63	74	19	25	63	7	77	46	47	47	40	14	3	34	13	79	50	9	5	44	92	34	91	51	36	53	81	60	6	12	82	44	57	66	37	68	60	73	69	88	81	62	48	29	35	74	28	22	32	9	5	32	79	29	41	32	71	4	45	23	-1	26	68	15	53	17	93	30	44	21	82	18	69	91	88	91	98	93	91	7	94	54	
18	60	64	38	21	78	5	46	97	42	61	100	83	74	48	50	44	72	44	5	54	43	30	99	28	76	47	36	79	55	5	62	83	48	82	50	8	4	70	75	19	71	20	52	31	63	31	57	72	65	79	74	93	13	46	94	10	39	90	4	29	37	10	25	36	49	6	76	34	84	54	39	93	25	44	8	64	24	26	-1	100	75	26	10	82	58	77	6	49	10	94	43	68	30	79	43	93	22	47	93	
45	22	75	4	91	73	54	59	43	87	4	72	44	98	11	59	86	5	90	66	55	32	47	28	59	44	80	25	91	99	4	66	37	49	29	40	38	28	46	88	31	28	34	86	68	83	3	75	67	27	9	74	54	50	34	80	91	44	15	4	62	80	47	63	96	71	28	62	6	40	5	61	64	39	81	36	4	75	68	100	-1	63	5	35	54	15	48	94	84	91	36	24	50	15	18	1	4	85	40	9	
75	46	39	43	5	93	92	43	38	24	95	10	23	53	23	83	91	19	27	4	91	88	62	81	53	19	67	81	11	37	52	36	69	24	30	13	46	47	13	89	93	77	36	88	71	32	79	29	3	72	21	64	17	4	89	13	84	64	53	100	59	96	26	32	2	82	43	12	39	65	54	6	2	32	20	87	10	7	15	75	63	-1	92	88	51	6	69	91	99	3	7	78	7	84	83	53	45	7	9	76	
54	47	40	60	80	84	24	54	7	46	10	77	53	27	82	58	70	84	5	71	47	29	13	100	74	76	25	60	43	92	85	86	55	85	44	89	33	41	43	43	56	34	33	9	5	96	61	54	79	59	30	74	32	96	26	3	64	99	29	13	56	34	89	7	50	7	61	69	35	49	16	16	72	42	85	49	25	99	53	26	5	92	-1	4	1	91	15	96	26	7	71	93	48	72	96	24	67	21	73	2	
49	92	50	53	69	27	88	40	40	58	14	68	12	58	93	64	15	49	4	96	1	60	73	93	29	46	47	64	33	97	21	64	17	88	25	1	97	85	57	42	15	60	69	13	43	19	79	60	19	73	93	79	45	42	28	63	64	73	84	16	42	17	60	63	24	45	53	11	33	40	59	53	20	71	100	43	100	89	17	10	35	88	4	-1	93	75	13	15	80	72	47	3	52	44	84	34	57	99	71	77	
90	42	78	16	14	12	19	45	80	37	21	96	26	79	64	51	6	87	68	9	4	25	88	21	55	87	87	40	78	34	54	27	64	100	74	46	41	71	79	8	86	98	90	47	82	45	92	3	3	91	61	90	14	19	19	93	94	19	65	20	4	45	71	98	76	18	39	85	61	59	88	54	95	92	99	1	55	39	93	82	54	51	1	93	-1	18	10	42	10	83	38	95	12	92	71	65	20	34	98	44	
1	21	79	49	51	78	39	45	23	66	18	46	72	20	74	93	68	65	27	93	100	23	98	2	23	64	23	7	58	51	18	52	97	56	51	84	44	26	76	97	27	22	5	36	32	32	20	52	65	81	50	76	47	82	53	91	65	57	21	61	60	57	10	28	73	86	54	83	80	65	40	95	21	25	5	99	73	1	30	58	15	6	91	75	18	-1	91	54	77	46	70	88	63	20	46	29	74	52	4	80	
32	42	38	81	52	33	92	60	57	32	33	5	30	11	68	31	88	70	50	10	19	66	96	43	84	98	81	16	27	85	27	84	34	22	3	91	71	68	84	24	41	62	86	54	45	56	76	48	48	54	31	83	47	55	67	33	85	85	39	79	66	92	14	9	60	48	22	80	62	23	72	58	96	26	23	43	85	85	44	77	48	69	15	13	10	91	-1	24	20	40	54	46	11	7	36	47	95	7	93	4	
58	96	45	99	66	19	84	19	73	62	10	23	45	34	73	40	72	4	68	63	25	36	65	27	16	37	38	90	89	38	80	5	5	2	17	40	85	56	21	34	73	57	81	22	4	52	82	27	86	2	79	47	96	63	1	4	1	42	61	33	25	38	45	86	81	48	65	8	4	19	61	11	91	97	73	77	77	79	21	6	94	91	96	15	42	54	24	-1	3	82	19	89	97	70	34	68	34	96	95	99	
66	99	96	5	72	80	100	70	93	5	29	68	58	16	100	80	91	59	53	42	4	88	16	60	94	13	4	43	93	64	57	61	63	26	69	23	81	46	19	71	3	30	92	87	12	87	38	95	32	47	39	31	34	90	28	63	60	3	3	89	63	16	13	13	16	98	94	93	24	95	94	21	47	76	30	94	68	71	82	49	84	99	26	80	10	77	20	3	-1	97	66	31	83	90	22	97	16	88	52	20	
92	10	17	39	43	21	50	23	63	40	75	69	36	77	59	19	8	75	83	89	55	8	26	97	41	37	34	65	89	98	76	19	26	94	94	78	59	46	58	37	50	66	45	15	34	39	59	59	53	72	13	93	57	3	43	21	5	45	40	19	12	97	25	49	84	53	74	80	22	32	72	42	17	4	67	8	77	48	18	10	91	3	7	72	83	46	40	82	97	-1	14	36	87	48	32	95	97	22	87	58	
68	57	92	95	79	28	84	61	39	18	87	91	42	36	100	42	10	44	35	33	98	25	48	97	22	38	63	77	53	91	22	80	30	19	33	54	59	46	55	80	32	3	75	81	80	39	59	54	54	47	68	78	3	30	56	72	5	45	4	64	38	81	53	81	85	63	72	58	49	9	38	96	26	77	40	11	56	39	69	94	36	7	71	47	38	70	54	19	66	14	-1	60	22	25	37	39	52	55	50	56	
82	39	60	90	25	60	24	15	4	61	44	64	69	38	100	95	68	23	82	91	77	1	59	86	97	50	53	29	51	50	59	58	77	12	2	81	15	33	28	33	71	98	85	52	95	37	27	30	25	88	90	96	9	26	64	12	82	10	20	22	29	2	70	86	49	31	91	31	18	16	67	11	23	47	26	69	11	76	91	43	24	78	93	3	95	88	46	89	31	36	60	-1	95	28	58	37	50	59	92	26	
82	26	54	93	36	37	53	15	60	27	55	65	26	8	27	80	21	57	89	71	33	55	80	20	16	78	84	32	44	25	90	58	49	98	3	20	47	42	60	64	57	76	83	38	57	58	71	28	15	21	15	88	75	72	6	40	83	26	83	66	7	77	49	17	47	74	92	34	60	74	74	62	19	3	77	13	4	6	88	68	50	7	48	52	12	63	11	97	83	87	22	95	-1	51	100	57	27	4	10	56	
65	2	86	77	71	53	20	6	28	26	12	25	23	65	54	17	27	16	11	7	82	81	23	86	100	31	28	48	69	40	96	73	4	1	42	97	39	72	54	71	39	8	55	41	56	25	83	11	20	40	58	87	52	92	58	52	26	19	28	98	76	51	78	4	21	48	52	55	95	1	31	2	54	24	85	55	96	37	91	30	15	84	72	44	92	20	7	70	90	48	25	28	51	-1	82	40	59	35	19	56	
4	34	34	64	26	87	39	98	96	84	76	42	72	58	92	94	30	66	90	39	74	1	86	39	22	10	30	52	37	12	25	46	70	100	74	50	5	36	81	64	74	9	89	56	60	92	2	85	3	100	68	78	64	5	27	75	47	24	99	55	30	65	53	23	94	61	30	28	3	67	31	14	22	76	69	4	27	32	98	79	18	83	96	84	71	46	36	34	22	32	37	58	100	82	-1	48	6	10	66	91	
45	20	57	87	86	96	93	34	38	63	61	2	6	86	15	51	34	94	25	21	29	79	22	11	52	47	73	61	39	6	5	33	77	86	5	74	58	96	10	14	63	32	31	11	48	86	80	80	42	25	31	43	3	6	8	15	59	7	90	93	61	97	67	83	27	67	30	31	81	34	74	73	32	61	16	57	88	10	93	43	1	53	24	34	65	29	47	68	97	95	39	37	57	40	48	-1	86	53	97	55	
58	88	99	3	34	54	20	50	75	38	21	17	43	91	26	99	63	58	77	92	25	33	72	91	58	98	94	3	68	62	98	36	80	62	25	54	30	23	97	89	71	38	95	50	84	73	90	7	29	30	10	6	70	42	6	75	72	20	94	31	23	19	31	77	26	56	1	40	78	43	97	5	11	38	29	14	30	20	91	93	4	45	67	57	20	74	95	34	16	97	52	50	27	59	6	86	-1	36	55	1	
65	100	70	15	58	87	34	19	30	58	6	35	70	82	14	5	10	94	78	38	67	66	12	94	47	85	60	89	16	75	20	33	23	78	80	54	17	30	61	78	5	25	65	22	42	91	2	20	59	99	84	50	74	4	66	93	56	31	66	2	30	13	4	92	47	74	67	42	78	45	28	93	62	30	42	17	77	60	7	22	85	7	21	99	34	52	7	96	88	22	55	59	4	35	10	53	36	-1	58	3	
17	32	41	70	69	39	100	11	76	72	9	33	27	8	96	3	61	88	78	92	39	4	20	2	46	81	61	15	24	88	81	11	4	27	69	8	26	86	11	60	16	2	54	87	87	24	71	33	15	69	57	70	38	35	27	25	49	6	38	61	4	23	3	88	85	30	97	25	19	4	20	48	59	51	21	79	92	34	94	47	40	9	73	71	98	4	93	95	52	87	50	92	10	19	66	97	55	58	-1	60	
33	56	23	2	20	54	37	70	69	58	55	60	33	63	32	63	81	49	48	85	98	46	78	55	13	19	15	87	42	4	98	76	14	23	67	65	42	87	58	3	87	83	70	3	50	83	93	90	77	29	84	53	79	64	35	46	93	76	50	47	84	74	23	67	99	82	4	37	88	55	100	1	31	2	90	86	42	24	54	93	9	76	2	77	44	80	4	99	20	58	56	26	56	56	91	55	1	3	60	-1	
