100
-1	58	39	58	100	20	46	98	99	78	86	12	47	27	17	95	63	58	48	58	62	94	51	51	91	47	53	24	36	12	36	58	65	6	22	54	12	52	63	81	43	64	59	6	41	61	50	18	41	4	70	91	95	32	76	33	8	49	87	85	96	33	57	46	62	94	66	94	12	26	82	80	95	19	78	35	45	29	83	16	70	91	70	47	56	58	79	32	74	56	67	3	2	75	19	44	45	40	68	9	
58	-1	100	99	52	81	24	64	38	10	79	36	84	4	97	96	91	52	68	49	81	84	76	37	87	36	82	53	82	38	31	59	55	13	59	74	95	2	66	79	56	95	11	98	1	33	40	30	10	73	13	93	76	89	36	15	62	19	15	17	80	6	72	49	15	1	98	56	81	61	61	67	86	34	64	70	63	12	21	18	26	98	21	85	75	83	80	39	41	40	3	23	99	26	23	3	28	48	9	28	
39	100	-1	57	40	89	89	67	23	84	81	73	86	61	51	35	94	13	94	63	94	37	81	62	68	96	40	99	8	78	4	75	84	68	44	84	21	93	28	40	2	97	34	48	67	88	7	98	15	92	27	6	90	39	72	64	17	3	8	14	66	63	57	27	84	11	32	97	83	26	61	71	100	87	38	78	63	65	18	66	60	20	1	11	100	85	65	8	56	48	74	98	39	43	61	17	4	53	33	44	
58	99	57	-1	74	40	52	54	87	92	81	42	83	26	46	19	77	71	7	2	86	49	3	56	33	10	91	78	35	54	69	72	52	99	55	22	5	59	24	81	88	31	50	17	1	73	40	1	30	15	42	76	41	5	55	59	13	22	22	27	30	100	60	16	17	10	81	98	54	7	57	67	76	15	45	69	90	79	6	81	68	98	78	76	62	30	48	33	74	69	36	28	60	20	71	1	69	27	72	56	
100	52	40	74	-1	96	47	57	92	37	37	8	69	23	20	44	26	17	92	26	26	39	4	63	87	14	57	45	9	65	95	26	40	97	49	59	24	76	12	49	96	9	81	16	37	71	8	74	28	58	23	6	27	98	46	8	28	75	75	96	46	81	70	44	72	1	95	83	43	64	38	56	15	10	47	60	33	1	58	75	44	83	1	79	54	30	42	14	52	19	70	13	24	12	27	98	1	2	64	24	
20	81	89	40	96	-1	28	37	29	83	46	10	22	98	34	51	56	83	21	37	56	45	31	22	82	33	56	20	40	65	38	59	54	19	24	98	85	69	76	31	61	1	81	24	16	66	92	88	56	91	71	74	70	12	27	64	27	47	95	72	67	88	32	88	77	64	64	75	30	46	25	86	78	64	38	83	55	41	37	80	83	19	67	40	16	26	52	43	5	57	85	14	24	29	23	100	18	44	9	27	
46	24	89	52	47	28	-1	99	93	61	39	95	88	67	5	88	38	43	91	64	6	44	54	13	82	1	79	84	90	38	34	99	41	78	28	42	64	76	72	8	15	48	24	61	78	75	53	78	83	33	53	33	85	62	87	75	38	71	24	63	96	63	72	72	20	69	34	81	52	4	37	56	67	92	43	100	30	67	71	83	5	36	62	20	79	46	97	28	66	80	62	20	51	59	48	70	65	21	16	71	
98	64	67	54	57	37	99	-1	91	33	1	36	2	15	30	36	63	10	23	74	10	63	82	99	1	15	19	57	80	51	9	25	84	23	30	78	52	97	100	84	90	96	94	56	23	45	51	92	22	96	85	78	78	34	41	76	86	13	69	94	93	21	81	27	87	46	6	1	66	41	84	27	48	52	23	12	64	92	5	70	6	13	17	8	29	49	67	59	99	17	18	31	67	36	58	6	39	48	40	57	
99	38	23	87	92	29	93	91	-1	27	42	27	81	22	57	48	52	41	78	88	32	44	46	96	96	54	53	84	98	24	29	48	75	70	58	57	81	8	9	52	58	2	31	53	94	59	27	9	75	71	98	63	51	48	38	76	61	21	33	85	40	36	48	58	88	6	91	52	6	92	70	39	66	60	88	53	82	64	43	98	74	18	65	92	99	25	98	66	9	7	25	60	40	68	63	29	84	90	49	57	
78	10	84	92	37	83	61	33	27	-1	39	72	70	47	63	80	2	53	1	64	8	87	54	81	66	2	51	39	56	87	66	60	38	35	19	11	64	59	32	10	94	82	41	27	73	42	18	15	39	40	7	80	59	28	76	69	1	21	89	12	78	77	77	3	31	60	37	46	66	25	84	63	98	69	44	55	72	2	87	24	82	70	95	88	58	62	55	97	46	73	59	53	88	90	74	65	4	93	22	44	
86	79	81	81	37	46	39	1	42	39	-1	77	23	83	17	43	60	79	80	22	53	42	8	16	32	30	87	96	39	26	22	26	82	46	33	68	60	73	17	70	20	73	34	6	98	23	15	59	29	20	15	39	41	47	43	47	40	76	34	90	60	40	76	72	73	42	78	68	73	81	72	20	59	59	3	48	72	50	42	18	15	37	32	68	56	49	8	86	83	73	80	90	78	6	94	33	32	3	68	27	
12	36	73	42	8	10	95	36	27	72	77	-1	95	88	13	90	29	53	28	67	59	97	89	70	89	75	26	12	9	82	60	25	77	24	94	3	55	16	88	95	16	56	48	18	76	4	1	61	46	61	9	52	77	52	89	13	89	46	18	7	87	100	94	1	7	43	75	33	45	86	12	96	78	35	13	36	15	94	36	23	26	27	5	86	4	87	45	86	86	34	15	82	32	44	15	29	51	72	40	77	
47	84	86	83	69	22	88	2	81	70	23	95	-1	75	12	23	48	36	6	21	9	24	42	57	15	17	33	97	49	58	61	6	42	80	59	54	59	31	73	66	65	59	28	37	61	24	81	92	9	44	74	81	22	99	83	12	50	31	97	24	14	13	56	60	44	39	40	91	57	88	69	100	50	77	99	97	8	22	34	88	49	48	78	99	25	20	43	91	90	16	72	83	16	52	34	98	68	63	6	41	
27	4	61	26	23	98	67	15	22	47	83	88	75	-1	21	55	62	9	31	51	36	80	99	48	95	30	48	2	64	35	97	79	96	56	38	16	83	30	51	47	16	57	66	85	17	76	61	36	9	24	68	92	69	36	12	26	44	4	64	85	10	73	7	20	39	75	42	43	87	8	44	14	73	80	71	67	5	61	44	80	14	86	34	7	56	70	18	100	45	6	35	76	2	87	57	35	88	93	99	37	
17	97	51	46	20	34	5	30	57	63	17	13	12	21	-1	51	17	49	85	99	16	90	42	5	16	34	21	69	42	44	42	98	81	86	26	49	41	44	25	90	44	6	65	47	61	80	75	73	18	13	12	36	88	79	70	23	16	92	72	22	12	26	4	95	55	75	12	29	85	16	75	98	66	78	32	3	36	2	31	23	95	77	23	86	61	71	80	65	66	37	33	36	62	20	33	50	72	9	14	78	
95	96	35	19	44	51	88	36	48	80	43	90	23	55	51	-1	57	90	38	20	2	26	9	65	86	91	11	39	87	47	34	95	7	41	98	76	89	50	85	96	90	43	1	41	65	40	68	69	14	14	22	18	19	93	85	61	14	57	53	98	59	86	73	3	69	13	86	4	2	41	86	10	8	58	80	74	98	81	30	37	55	84	3	58	81	87	94	75	37	84	63	79	66	22	52	36	35	52	99	65	
63	91	94	77	26	56	38	63	52	2	60	29	48	62	17	57	-1	13	16	18	34	65	6	6	66	50	71	1	97	89	73	89	6	42	77	90	7	38	66	75	64	85	44	64	68	66	37	28	46	85	6	72	48	21	70	83	33	66	46	67	20	28	96	52	3	8	26	40	77	82	13	27	3	56	67	19	33	94	24	63	72	39	40	91	79	7	82	12	63	41	39	93	63	59	50	1	24	79	26	27	
58	52	13	71	17	83	43	10	41	53	79	53	36	9	49	90	13	-1	28	36	44	86	21	2	35	75	77	94	82	27	67	54	73	33	48	60	82	27	44	32	5	32	70	10	41	70	47	48	98	53	85	77	88	52	6	43	57	38	73	83	22	72	31	99	21	73	59	95	91	61	35	18	32	79	37	18	87	64	18	63	21	97	32	89	88	89	22	53	64	66	8	49	68	18	60	1	65	99	68	97	
48	68	94	7	92	21	91	23	78	1	80	28	6	31	85	38	16	28	-1	72	79	33	36	69	17	80	91	20	52	90	27	71	91	33	59	64	65	65	29	52	98	60	55	56	85	58	45	76	15	19	29	69	79	6	14	59	40	2	48	78	36	51	36	20	79	44	88	80	40	2	98	78	85	59	37	67	21	64	70	90	9	76	24	35	91	54	35	70	63	24	46	83	82	57	12	33	25	36	79	13	
58	49	63	2	26	37	64	74	88	64	22	67	21	51	99	20	18	36	72	-1	46	38	70	29	1	86	8	92	78	87	9	35	85	54	26	69	41	49	75	39	77	58	81	31	57	36	64	37	37	70	13	18	11	81	81	81	61	77	20	68	72	39	18	72	27	58	82	47	95	34	36	57	60	64	60	64	24	83	27	89	43	58	41	28	27	71	96	47	69	88	96	41	15	68	76	84	35	8	16	26	
62	81	94	86	26	56	6	10	32	8	53	59	9	36	16	2	34	44	79	46	-1	76	86	3	12	39	58	95	4	17	67	91	35	19	68	92	85	22	92	30	57	5	59	5	73	23	26	20	88	93	16	93	36	76	89	27	56	86	7	7	14	95	56	40	90	54	84	66	48	21	91	29	81	37	53	87	68	41	100	45	22	2	9	17	92	55	91	10	34	25	68	56	7	90	90	47	91	22	77	38	
94	84	37	49	39	45	44	63	44	87	42	97	24	80	90	26	65	86	33	38	76	-1	46	46	22	22	43	13	51	89	73	11	15	68	92	4	5	68	47	68	84	48	85	97	82	9	34	26	13	76	8	12	77	56	61	55	7	4	62	61	21	31	84	15	67	100	30	100	70	96	71	73	87	26	78	20	74	75	31	99	36	46	68	61	58	77	48	70	7	84	54	29	83	10	37	23	84	38	62	35	
51	76	81	3	4	31	54	82	46	54	8	89	42	99	42	9	6	21	36	70	86	46	-1	61	28	7	90	98	56	7	67	27	37	6	65	8	2	95	23	53	65	75	13	13	73	95	78	13	30	85	81	2	74	42	35	18	66	48	5	47	69	98	22	76	84	84	84	49	15	42	100	13	23	90	34	63	29	26	18	70	98	54	27	56	55	54	46	68	82	28	7	99	57	3	22	72	48	32	12	79	
51	37	62	56	63	22	13	99	96	81	16	70	57	48	5	65	6	2	69	29	3	46	61	-1	42	56	11	12	96	82	87	87	72	10	74	35	67	19	35	88	85	40	59	97	94	93	44	57	70	68	81	24	64	95	37	26	34	45	87	4	4	87	91	26	79	43	23	8	28	61	44	40	93	42	13	67	55	35	36	31	10	3	69	24	12	95	48	81	32	77	46	34	70	19	62	88	54	82	87	9	
91	87	68	33	87	82	82	1	96	66	32	89	15	95	16	86	66	35	17	1	12	22	28	42	-1	46	46	22	93	99	91	2	35	96	25	32	95	41	44	64	20	77	2	31	78	68	53	19	2	62	4	80	85	84	42	8	10	92	81	41	94	79	52	65	41	86	75	46	95	84	21	32	12	19	96	72	83	61	96	54	88	89	45	97	29	86	71	5	38	15	83	69	65	67	12	22	45	4	45	28	
47	36	96	10	14	33	1	15	54	2	30	75	17	30	34	91	50	75	80	86	39	22	7	56	46	-1	80	82	28	20	83	5	99	89	1	59	63	11	32	63	91	57	71	67	74	49	7	35	51	6	92	54	23	77	26	68	40	88	37	4	21	55	74	8	17	32	40	32	33	38	21	7	32	40	32	56	54	30	47	11	25	20	4	22	65	50	54	34	75	8	21	10	14	15	77	12	30	51	75	73	
53	82	40	91	57	56	79	19	53	51	87	26	33	48	21	11	71	77	91	8	58	43	90	11	46	80	-1	18	59	1	82	43	58	4	40	39	79	11	48	25	75	61	75	47	9	11	39	42	63	23	11	17	27	40	36	28	60	88	1	90	54	66	27	37	87	79	64	21	16	38	85	16	3	95	47	4	38	6	19	81	64	73	52	37	67	91	76	17	42	29	22	50	79	32	83	44	39	21	64	89	
24	53	99	78	45	20	84	57	84	39	96	12	97	2	69	39	1	94	20	92	95	13	98	12	22	82	18	-1	41	54	7	41	1	42	87	33	6	31	25	9	53	33	28	7	91	17	37	44	73	51	36	57	43	37	70	35	87	29	31	54	2	1	37	88	63	37	9	92	91	97	42	85	5	40	92	22	7	56	63	70	1	42	68	68	68	68	43	26	5	73	82	93	63	81	72	22	18	57	13	4	
36	82	8	35	9	40	90	80	98	56	39	9	49	64	42	87	97	82	52	78	4	51	56	96	93	28	59	41	-1	26	6	65	50	60	65	60	38	3	66	37	34	2	29	62	1	27	100	70	46	67	91	24	9	40	76	19	86	27	46	59	14	24	72	99	55	90	82	63	39	51	24	52	16	52	42	57	2	73	30	25	70	11	59	22	2	93	90	88	4	48	52	62	100	47	4	20	28	35	1	29	
12	38	78	54	65	65	38	51	24	87	26	82	58	35	44	47	89	27	90	87	17	89	7	82	99	20	1	54	26	-1	74	40	61	7	12	27	79	14	11	44	38	17	46	75	59	31	64	35	49	32	41	7	91	30	1	73	58	11	77	63	35	76	46	36	95	75	95	35	9	52	30	26	28	5	7	61	70	28	84	92	27	45	76	27	82	92	81	28	13	28	19	10	4	77	27	24	96	36	48	16	
36	31	4	69	95	38	34	9	29	66	22	60	61	97	42	34	73	67	27	9	67	73	67	87	91	83	82	7	6	74	-1	72	48	89	86	83	46	92	7	11	84	45	74	26	95	65	64	19	72	36	90	67	4	53	81	92	99	14	41	21	77	100	42	40	33	47	7	49	79	53	12	3	61	23	71	92	21	9	73	24	13	87	82	70	47	52	6	22	27	98	65	46	94	26	50	60	32	57	23	52	
58	59	75	72	26	59	99	25	48	60	26	25	6	79	98	95	89	54	71	35	91	11	27	87	2	5	43	41	65	40	72	-1	10	54	76	6	40	27	93	62	40	55	8	30	20	54	44	27	100	2	86	24	44	99	66	3	56	74	78	45	29	66	81	37	91	72	99	80	63	56	94	59	76	91	56	68	16	43	100	94	84	37	54	56	52	98	55	40	7	76	27	48	91	18	45	8	79	27	13	57	
65	55	84	52	40	54	41	84	75	38	82	77	42	96	81	7	6	73	91	85	35	15	37	72	35	99	58	1	50	61	48	10	-1	98	6	80	29	56	21	69	76	22	100	85	15	95	29	72	19	11	6	95	92	94	41	34	23	51	82	95	48	6	81	46	36	64	34	6	30	84	26	63	24	9	24	57	21	31	100	6	17	6	59	100	16	10	20	98	90	28	24	59	67	75	80	30	54	10	91	39	
6	13	68	99	97	19	78	23	70	35	46	24	80	56	86	41	42	33	33	54	19	68	6	10	96	89	4	42	60	7	89	54	98	-1	15	5	97	22	89	78	44	52	93	71	84	14	85	81	26	29	88	87	77	50	15	31	39	13	55	99	11	57	87	40	89	1	84	39	71	62	83	85	18	52	4	29	89	62	37	99	29	26	36	28	88	24	92	95	48	85	61	66	38	23	43	81	72	91	93	77	
22	59	44	55	49	24	28	30	58	19	33	94	59	38	26	98	77	48	59	26	68	92	65	74	25	1	40	87	65	12	86	76	6	15	-1	95	64	86	41	1	58	8	62	37	73	79	53	95	15	44	13	74	51	54	13	33	83	17	66	42	20	38	17	9	93	50	84	61	74	86	19	70	22	13	1	94	7	64	86	37	40	43	31	67	58	5	32	41	31	74	38	10	41	51	93	63	39	18	4	41	
54	74	84	22	59	98	42	78	57	11	68	3	54	16	49	76	90	60	64	69	92	4	8	35	32	59	39	33	60	27	83	6	80	5	95	-1	5	34	10	3	8	85	51	7	88	40	39	37	21	59	6	41	75	85	61	76	70	6	20	75	8	39	41	95	9	42	79	52	34	23	35	3	65	2	55	29	8	63	40	98	66	30	41	54	29	2	28	75	54	71	97	15	79	22	84	24	3	26	36	85	
12	95	21	5	24	85	64	52	81	64	60	55	59	83	41	89	7	82	65	41	85	5	2	67	95	63	79	6	38	79	46	40	29	97	64	5	-1	39	49	33	34	87	69	2	63	87	56	8	25	63	85	45	37	80	3	20	97	21	14	88	88	8	60	39	98	98	58	1	48	62	40	41	57	56	7	15	21	81	80	51	76	48	3	65	35	88	70	18	2	57	67	94	29	17	81	73	61	88	10	11	
52	2	93	59	76	69	76	97	8	59	73	16	31	30	44	50	38	27	65	49	22	68	95	19	41	11	11	31	3	14	92	27	56	22	86	34	39	-1	90	77	64	47	59	30	89	31	91	78	67	70	13	74	54	26	70	42	21	21	7	100	14	82	51	24	53	19	86	18	9	41	38	94	24	66	56	55	46	22	46	62	49	25	52	43	24	92	76	32	45	90	27	64	94	65	9	51	7	29	4	49	
63	66	28	24	12	76	72	100	9	32	17	88	73	51	25	85	66	44	29	75	92	47	23	35	44	32	48	25	66	11	7	93	21	89	41	10	49	90	-1	36	44	32	16	30	66	61	22	24	71	29	53	98	27	7	36	54	98	33	47	1	8	2	87	97	62	75	13	52	46	43	51	59	43	24	83	88	81	77	38	25	67	32	36	18	85	88	90	36	24	64	43	83	16	37	16	1	66	94	62	60	
81	79	40	81	49	31	8	84	52	10	70	95	66	47	90	96	75	32	52	39	30	68	53	88	64	63	25	9	37	44	11	62	69	78	1	3	33	77	36	-1	70	60	86	98	3	11	30	79	92	72	97	35	5	92	57	52	27	99	52	18	23	69	5	89	46	95	15	71	9	93	46	43	27	38	24	25	31	32	63	19	46	74	2	27	90	24	33	81	72	34	17	64	87	28	19	20	17	68	32	55	
43	56	2	88	96	61	15	90	58	94	20	16	65	16	44	90	64	5	98	77	57	84	65	85	20	91	75	53	34	38	84	40	76	44	58	8	34	64	44	70	-1	66	8	13	16	98	57	23	31	8	72	17	27	9	76	41	64	65	21	13	21	64	23	67	29	83	34	39	48	78	44	31	24	49	87	43	29	58	58	18	66	86	30	24	60	37	93	86	92	83	17	7	56	40	53	97	50	84	22	11	
64	95	97	31	9	1	48	96	2	82	73	56	59	57	6	43	85	32	60	58	5	48	75	40	77	57	61	33	2	17	45	55	22	52	8	85	87	47	32	60	66	-1	45	64	40	88	36	84	23	16	36	1	40	29	92	92	78	53	43	15	6	89	9	68	30	97	10	24	5	50	55	74	72	21	22	36	99	31	33	96	55	76	94	47	67	59	30	63	72	34	38	79	22	86	36	19	19	58	74	31	
59	11	34	50	81	81	24	94	31	41	34	48	28	66	65	1	44	70	55	81	59	85	13	59	2	71	75	28	29	46	74	8	100	93	62	51	69	59	16	86	8	45	-1	58	88	56	72	44	84	61	77	58	4	44	24	32	35	31	77	31	58	51	74	9	64	9	28	77	93	13	44	57	1	9	70	16	18	49	42	75	11	76	32	52	31	53	10	12	2	75	59	85	93	49	74	64	43	26	46	67	
6	98	48	17	16	24	61	56	53	27	6	18	37	85	47	41	64	10	56	31	5	97	13	97	31	67	47	7	62	75	26	30	85	71	37	7	2	30	30	98	13	64	58	-1	10	32	57	27	36	47	68	48	32	21	21	13	16	88	28	9	20	96	6	5	51	93	16	44	48	66	86	94	32	91	47	21	54	5	11	89	70	24	82	12	2	10	21	84	46	21	94	49	28	92	69	91	23	22	100	49	
41	1	67	1	37	16	78	23	94	73	98	76	61	17	61	65	68	41	85	57	73	82	73	94	78	74	9	91	1	59	95	20	15	84	73	88	63	89	66	3	16	40	88	10	-1	51	68	43	61	25	82	65	90	55	31	69	84	43	76	24	35	52	74	89	62	77	99	6	61	93	54	67	1	59	34	85	71	19	73	16	79	16	41	92	90	59	95	1	94	95	10	29	66	87	90	54	94	53	85	3	
61	33	88	73	71	66	75	45	59	42	23	4	24	76	80	40	66	70	58	36	23	9	95	93	68	49	11	17	27	31	65	54	95	14	79	40	87	31	61	11	98	88	56	32	51	-1	20	37	75	3	6	29	5	100	74	10	17	83	68	63	48	9	30	28	69	47	18	30	40	21	19	93	21	79	41	14	12	46	2	94	36	26	25	39	15	36	54	73	94	97	94	92	89	59	81	40	13	28	93	84	
50	40	7	40	8	92	53	51	27	18	15	1	81	61	75	68	37	47	45	64	26	34	78	44	53	7	39	37	100	64	64	44	29	85	53	39	56	91	22	30	57	36	72	57	68	20	-1	76	53	33	71	21	73	77	36	16	54	8	54	8	23	87	92	43	3	64	32	78	84	71	93	51	39	11	89	35	100	73	61	71	33	44	42	92	16	85	92	1	4	37	47	42	87	2	55	11	37	87	100	35	
18	30	98	1	74	88	78	92	9	15	59	61	92	36	73	69	28	48	76	37	20	26	13	57	19	35	42	44	70	35	19	27	72	81	95	37	8	78	24	79	23	84	44	27	43	37	76	-1	80	86	24	21	69	45	85	2	94	53	98	77	24	17	72	91	27	94	88	75	27	77	27	81	89	86	98	37	67	67	31	47	24	76	4	96	28	74	51	63	82	9	25	49	83	43	43	94	2	78	93	17	
41	10	15	30	28	56	83	22	75	39	29	46	9	9	18	14	46	98	15	37	88	13	30	70	2	51	63	73	46	49	72	100	19	26	15	21	25	67	71	92	31	23	84	36	61	75	53	80	-1	16	16	25	18	70	37	20	82	77	13	3	51	65	84	21	36	53	14	94	59	46	94	43	16	21	42	21	65	10	20	80	9	19	3	89	69	82	65	53	6	6	56	35	70	95	70	63	77	35	78	4	
4	73	92	15	58	91	33	96	71	40	20	61	44	24	13	14	85	53	19	70	93	76	85	68	62	6	23	51	67	32	36	2	11	29	44	59	63	70	29	72	8	16	61	47	25	3	33	86	16	-1	75	4	71	85	7	43	63	20	20	27	84	15	33	39	14	83	66	12	89	97	40	55	92	34	14	41	35	46	18	27	4	52	58	84	84	81	88	77	81	3	94	4	79	36	78	41	51	19	29	61	
70	13	27	42	23	71	53	85	98	7	15	9	74	68	12	22	6	85	29	13	16	8	81	81	4	92	11	36	91	41	90	86	6	88	13	6	85	13	53	97	72	36	77	68	82	6	71	24	16	75	-1	74	80	86	79	78	22	77	39	25	90	1	37	63	94	39	55	54	61	59	6	68	13	12	30	24	41	36	76	48	25	65	100	62	66	46	91	1	66	44	70	67	43	32	28	16	30	65	24	12	
91	93	6	76	6	74	33	78	63	80	39	52	81	92	36	18	72	77	69	18	93	12	2	24	80	54	17	57	24	7	67	24	95	87	74	41	45	74	98	35	17	1	58	48	65	29	21	21	25	4	74	-1	20	94	39	88	48	14	73	15	32	30	89	32	81	67	6	44	15	61	62	37	54	83	18	62	21	92	24	21	12	73	77	34	85	35	75	38	83	96	68	97	3	61	47	23	43	15	2	49	
95	76	90	41	27	70	85	78	51	59	41	77	22	69	88	19	48	88	79	11	36	77	74	64	85	23	27	43	9	91	4	44	92	77	51	75	37	54	27	5	27	40	4	32	90	5	73	69	18	71	80	20	-1	55	75	21	98	85	82	74	28	4	28	70	97	77	55	99	77	18	28	71	38	10	42	95	20	56	62	43	6	55	9	45	23	15	67	52	17	77	17	39	20	9	94	38	24	71	51	24	
32	89	39	5	98	12	62	34	48	28	47	52	99	36	79	93	21	52	6	81	76	56	42	95	84	77	40	37	40	30	53	99	94	50	54	85	80	26	7	92	9	29	44	21	55	100	77	45	70	85	86	94	55	-1	40	10	19	74	38	69	83	43	19	50	99	92	92	9	33	38	21	81	55	98	61	29	15	20	78	78	8	87	47	95	56	56	67	53	93	89	16	52	77	4	35	49	49	100	54	42	
76	36	72	55	46	27	87	41	38	76	43	89	83	12	70	85	70	6	14	81	89	61	35	37	42	26	36	70	76	1	81	66	41	15	13	61	3	70	36	57	76	92	24	21	31	74	36	85	37	7	79	39	75	40	-1	94	90	43	82	89	92	55	22	25	30	19	56	32	38	33	30	56	74	14	3	5	43	47	63	98	13	58	13	19	96	58	12	18	81	70	39	62	89	18	18	15	25	2	56	88	
33	15	64	59	8	64	75	76	76	69	47	13	12	26	23	61	83	43	59	81	27	55	18	26	8	68	28	35	19	73	92	3	34	31	33	76	20	42	54	52	41	92	32	13	69	10	16	2	20	43	78	88	21	10	94	-1	30	82	70	49	63	50	16	13	57	31	90	7	79	19	34	23	70	2	20	47	2	21	6	98	74	66	30	73	100	31	84	45	32	55	96	92	51	86	80	43	7	97	6	83	
8	62	17	13	28	27	38	86	61	1	40	89	50	44	16	14	33	57	40	61	56	7	66	34	10	40	60	87	86	58	99	56	23	39	83	70	97	21	98	27	64	78	35	16	84	17	54	94	82	63	22	48	98	19	90	30	-1	49	31	40	75	66	10	91	50	82	100	41	25	14	75	54	71	92	91	50	66	100	3	37	93	69	47	15	60	24	4	61	96	16	48	19	96	19	32	56	74	60	52	27	
49	19	3	22	75	47	71	13	21	21	76	46	31	4	92	57	66	38	2	77	86	4	48	45	92	88	88	29	27	11	14	74	51	13	17	6	21	21	33	99	65	53	31	88	43	83	8	53	77	20	77	14	85	74	43	82	49	-1	42	42	18	35	72	76	77	61	93	13	46	68	79	93	100	9	32	69	37	56	64	8	73	31	38	22	82	34	61	45	36	51	87	10	62	95	21	37	61	88	28	12	
87	15	8	22	75	95	24	69	33	89	34	18	97	64	72	53	46	73	48	20	7	62	5	87	81	37	1	31	46	77	41	78	82	55	66	20	14	7	47	52	21	43	77	28	76	68	54	98	13	20	39	73	82	38	82	70	31	42	-1	25	80	100	73	93	78	59	21	74	44	96	96	15	29	96	91	36	95	33	25	20	63	94	93	31	12	86	66	28	37	16	56	15	51	54	94	82	75	84	21	93	
85	17	14	27	96	72	63	94	85	12	90	7	24	85	22	98	67	83	78	68	7	61	47	4	41	4	90	54	59	63	21	45	95	99	42	75	88	100	1	18	13	15	31	9	24	63	8	77	3	27	25	15	74	69	89	49	40	42	25	-1	55	52	92	100	67	96	1	96	18	36	91	84	82	40	59	86	40	87	96	72	47	5	66	48	36	98	22	72	46	49	96	98	7	44	49	27	34	36	48	28	
96	80	66	30	46	67	96	93	40	78	60	87	14	10	12	59	20	22	36	72	14	21	69	4	94	21	54	2	14	35	77	29	48	11	20	8	88	14	8	23	21	6	58	20	35	48	23	24	51	84	90	32	28	83	92	63	75	18	80	55	-1	35	100	75	89	56	69	1	74	57	96	30	72	86	75	85	53	75	36	93	78	76	32	35	83	62	72	27	12	15	85	57	23	93	5	54	70	65	96	67	
33	6	63	100	81	88	63	21	36	77	40	100	13	73	26	86	28	72	51	39	95	31	98	87	79	55	66	1	24	76	100	66	6	57	38	39	8	82	2	69	64	89	51	96	52	9	87	17	65	15	1	30	4	43	55	50	66	35	100	52	35	-1	75	13	40	85	41	90	81	46	21	56	64	51	56	78	50	82	78	66	87	57	44	60	47	72	2	90	93	40	8	57	71	28	30	50	33	13	81	59	
57	72	57	60	70	32	72	81	48	77	76	94	56	7	4	73	96	31	36	18	56	84	22	91	52	74	27	37	72	46	42	81	81	87	17	41	60	51	87	5	23	9	74	6	74	30	92	72	84	33	37	89	28	19	22	16	10	72	73	92	100	75	-1	77	8	68	15	61	15	47	98	23	36	70	82	98	48	26	55	62	96	48	37	86	88	98	44	16	17	73	51	5	41	63	93	89	20	74	40	29	
46	49	27	16	44	88	72	27	58	3	72	1	60	20	95	3	52	99	20	72	40	15	76	26	65	8	37	88	99	36	40	37	46	40	9	95	39	24	97	89	67	68	9	5	89	28	43	91	21	39	63	32	70	50	25	13	91	76	93	100	75	13	77	-1	41	30	50	38	58	8	22	29	16	74	47	6	90	5	27	26	63	76	6	52	86	35	20	41	38	76	24	46	86	16	99	50	98	33	77	21	
62	15	84	17	72	77	20	87	88	31	73	7	44	39	55	69	3	21	79	27	90	67	84	79	41	17	87	63	55	95	33	91	36	89	93	9	98	53	62	46	29	30	64	51	62	69	3	27	36	14	94	81	97	99	30	57	50	77	78	67	89	40	8	41	-1	95	35	10	92	48	45	19	94	5	9	70	75	32	58	19	75	14	5	73	48	47	82	85	80	37	61	76	1	26	29	23	34	56	23	22	
94	1	11	10	1	64	69	46	6	60	42	43	39	75	75	13	8	73	44	58	54	100	84	43	86	32	79	37	90	75	47	72	64	1	50	42	98	19	75	95	83	97	9	93	77	47	64	94	53	83	39	67	77	92	19	31	82	61	59	96	56	85	68	30	95	-1	87	40	42	85	75	82	29	91	17	40	73	92	80	33	5	78	52	17	27	70	58	94	74	3	38	4	33	27	42	36	40	50	29	61	
66	98	32	81	95	64	34	6	91	37	78	75	40	42	12	86	26	59	88	82	84	30	84	23	75	40	64	9	82	95	7	99	34	84	84	79	58	86	13	15	34	10	28	16	99	18	32	88	14	66	55	6	55	92	56	90	100	93	21	1	69	41	15	50	35	87	-1	49	24	37	89	60	30	22	71	24	67	1	40	82	83	63	71	63	76	54	32	13	97	76	21	73	35	13	92	47	34	60	91	58	
94	56	97	98	83	75	81	1	52	46	68	33	91	43	29	4	40	95	80	47	66	100	49	8	46	32	21	92	63	35	49	80	6	39	61	52	1	18	52	71	39	24	77	44	6	30	78	75	94	12	54	44	99	9	32	7	41	13	74	96	1	90	61	38	10	40	49	-1	48	36	45	22	80	45	16	31	85	40	15	45	20	47	74	56	64	38	88	32	88	13	4	21	18	83	99	35	30	2	13	74	
12	81	83	54	43	30	52	66	6	66	73	45	57	87	85	2	77	91	40	95	48	70	15	28	95	33	16	91	39	9	79	63	30	71	74	34	48	9	46	9	48	5	93	48	61	40	84	27	59	89	61	15	77	33	38	79	25	46	44	18	74	81	15	58	92	42	24	48	-1	1	96	66	36	75	93	7	87	87	38	33	96	69	54	97	52	28	59	53	79	21	99	58	30	48	95	62	53	74	68	52	
26	61	26	7	64	46	4	41	92	25	81	86	88	8	16	41	82	61	2	34	21	96	42	61	84	38	38	97	51	52	53	56	84	62	86	23	62	41	43	93	78	50	13	66	93	21	71	77	46	97	59	61	18	38	33	19	14	68	96	36	57	46	47	8	48	85	37	36	1	-1	80	59	48	57	13	40	63	85	67	75	35	59	70	58	20	53	3	94	61	44	64	29	75	91	27	65	59	73	16	22	
82	61	61	57	38	25	37	84	70	84	72	12	69	44	75	86	13	35	98	36	91	71	100	44	21	21	85	42	24	30	12	94	26	83	19	35	40	38	51	46	44	55	44	86	54	19	93	27	94	40	6	62	28	21	30	34	75	79	96	91	96	21	98	22	45	75	89	45	96	80	-1	53	7	5	98	57	78	25	44	3	30	19	23	79	12	92	67	39	62	11	84	95	69	25	86	65	54	21	37	89	
80	67	71	67	56	86	56	27	39	63	20	96	100	14	98	10	27	18	78	57	29	73	13	40	32	7	16	85	52	26	3	59	63	85	70	3	41	94	59	43	31	74	57	94	67	93	51	81	43	55	68	37	71	81	56	23	54	93	15	84	30	56	23	29	19	82	60	22	66	59	53	-1	83	96	43	11	19	52	58	92	48	45	6	49	93	76	66	17	73	16	89	53	15	54	60	51	23	62	54	80	
95	86	100	76	15	78	67	48	66	98	59	78	50	73	66	8	3	32	85	60	81	87	23	93	12	32	3	5	16	28	61	76	24	18	22	65	57	24	43	27	24	72	1	32	1	21	39	89	16	92	13	54	38	55	74	70	71	100	29	82	72	64	36	16	94	29	30	80	36	48	7	83	-1	71	62	37	34	33	29	19	76	68	73	47	58	76	100	93	52	7	45	39	3	46	61	66	28	49	88	9	
19	34	87	15	10	64	92	52	60	69	59	35	77	80	78	58	56	79	59	64	37	26	90	42	19	40	95	40	52	5	23	91	9	52	13	2	56	66	24	38	49	21	9	91	59	79	11	86	21	34	12	83	10	98	14	2	92	9	96	40	86	51	70	74	5	91	22	45	75	57	5	96	71	-1	15	94	33	8	18	7	81	63	81	86	80	87	5	73	64	37	30	98	14	55	90	36	10	12	55	22	
78	64	38	45	47	38	43	23	88	44	3	13	99	71	32	80	67	37	37	60	53	78	34	13	96	32	47	92	42	7	71	56	24	4	1	55	7	56	83	24	87	22	70	47	34	41	89	98	42	14	30	18	42	61	3	20	91	32	91	59	75	56	82	47	9	17	71	16	93	13	98	43	62	15	-1	35	56	78	35	47	50	16	63	32	40	97	34	19	16	56	99	8	96	78	30	30	33	87	1	44	
35	70	78	69	60	83	100	12	53	55	48	36	97	67	3	74	19	18	67	64	87	20	63	67	72	56	4	22	57	61	92	68	57	29	94	29	15	55	88	25	43	36	16	21	85	14	35	37	21	41	24	62	95	29	5	47	50	69	36	86	85	78	98	6	70	40	24	31	7	40	57	11	37	94	35	-1	27	21	59	36	16	34	86	47	1	40	58	45	9	50	98	38	89	54	99	30	65	81	51	97	
45	63	63	90	33	55	30	64	82	72	72	15	8	5	36	98	33	87	21	24	68	74	29	55	83	54	38	7	2	70	21	16	21	89	7	8	21	46	81	31	29	99	18	54	71	12	100	67	65	35	41	21	20	15	43	2	66	37	95	40	53	50	48	90	75	73	67	85	87	63	78	19	34	33	56	27	-1	77	55	76	58	69	8	1	33	20	94	24	66	19	99	13	28	23	37	74	37	69	49	59	
29	12	65	79	1	41	67	92	64	2	50	94	22	61	2	81	94	64	64	83	41	75	26	35	61	30	6	56	73	28	9	43	31	62	64	63	81	22	77	32	58	31	49	5	19	46	73	67	10	46	36	92	56	20	47	21	100	56	33	87	75	82	26	5	32	92	1	40	87	85	25	52	33	8	78	21	77	-1	100	13	45	23	9	40	21	47	64	77	20	19	76	83	46	71	61	68	9	56	84	17	
83	21	18	6	58	37	71	5	43	87	42	36	34	44	31	30	24	18	70	27	100	31	18	36	96	47	19	63	30	84	73	100	100	37	86	40	80	46	38	63	58	33	42	11	73	2	61	31	20	18	76	24	62	78	63	6	3	64	25	96	36	78	55	27	58	80	40	15	38	67	44	58	29	18	35	59	55	100	-1	16	35	42	28	47	10	28	82	16	96	89	15	50	65	68	70	76	79	84	94	76	
16	18	66	81	75	80	83	70	98	24	18	23	88	80	23	37	63	63	90	89	45	99	70	31	54	11	81	70	25	92	24	94	6	99	37	98	51	62	25	19	18	96	75	89	16	94	71	47	80	27	48	21	43	78	98	98	37	8	20	72	93	66	62	26	19	33	82	45	33	75	3	92	19	7	47	36	76	13	16	-1	10	61	77	21	39	96	82	53	19	90	74	19	42	14	2	32	38	29	32	25	
70	26	60	68	44	83	5	6	74	82	15	26	49	14	95	55	72	21	9	43	22	36	98	10	88	25	64	1	70	27	13	84	17	29	40	66	76	49	67	46	66	55	11	70	79	36	33	24	9	4	25	12	6	8	13	74	93	73	63	47	78	87	96	63	75	5	83	20	96	35	30	48	76	81	50	16	58	45	35	10	-1	52	73	83	28	94	60	56	14	98	61	71	44	6	96	49	25	24	39	90	
91	98	20	98	83	19	36	13	18	70	37	27	48	86	77	84	39	97	76	58	2	46	54	3	89	20	73	42	11	45	87	37	6	26	43	30	48	25	32	74	86	76	76	24	16	26	44	76	19	52	65	73	55	87	58	66	69	31	94	5	76	57	48	76	14	78	63	47	69	59	19	45	68	63	16	34	69	23	42	61	52	-1	32	84	61	54	46	12	58	16	5	35	100	71	82	57	16	53	32	86	
70	21	1	78	1	67	62	17	65	95	32	5	78	34	23	3	40	32	24	41	9	68	27	69	45	4	52	68	59	76	82	54	59	36	31	41	3	52	36	2	30	94	32	82	41	25	42	4	3	58	100	77	9	47	13	30	47	38	93	66	32	44	37	6	5	52	71	74	54	70	23	6	73	81	63	86	8	9	28	77	73	32	-1	84	57	75	80	63	3	68	39	13	1	49	39	49	4	40	32	84	
47	85	11	76	79	40	20	8	92	88	68	86	99	7	86	58	91	89	35	28	17	61	56	24	97	22	37	68	22	27	70	56	100	28	67	54	65	43	18	27	24	47	52	12	92	39	92	96	89	84	62	34	45	95	19	73	15	22	31	48	35	60	86	52	73	17	63	56	97	58	79	49	47	86	32	47	1	40	47	21	83	84	84	-1	17	35	17	25	22	6	89	9	80	100	99	43	77	99	88	16	
56	75	100	62	54	16	79	29	99	58	56	4	25	56	61	81	79	88	91	27	92	58	55	12	29	65	67	68	2	82	47	52	16	88	58	29	35	24	85	90	60	67	31	2	90	15	16	28	69	84	66	85	23	56	96	100	60	82	12	36	83	47	88	86	48	27	76	64	52	20	12	93	58	80	40	1	33	21	10	39	28	61	57	17	-1	32	98	27	15	100	76	80	89	63	59	83	83	17	22	82	
58	83	85	30	30	26	46	49	25	62	49	87	20	70	71	87	7	89	54	71	55	77	54	95	86	50	91	68	93	92	52	98	10	24	5	2	88	92	88	24	37	59	53	10	59	36	85	74	82	81	46	35	15	56	58	31	24	34	86	98	62	72	98	35	47	70	54	38	28	53	92	76	76	87	97	40	20	47	28	96	94	54	75	35	32	-1	92	23	31	86	88	20	87	23	41	5	95	28	5	23	
79	80	65	48	42	52	97	67	98	55	8	45	43	18	80	94	82	22	35	96	91	48	46	48	71	54	76	43	90	81	6	55	20	92	32	28	70	76	90	33	93	30	10	21	95	54	92	51	65	88	91	75	67	67	12	84	4	61	66	22	72	2	44	20	82	58	32	88	59	3	67	66	100	5	34	58	94	64	82	82	60	46	80	17	98	92	-1	83	93	12	79	97	24	40	21	52	41	75	66	21	
32	39	8	33	14	43	28	59	66	97	86	86	91	100	65	75	12	53	70	47	10	70	68	81	5	34	17	26	88	28	22	40	98	95	41	75	18	32	36	81	86	63	12	84	1	73	1	63	53	77	1	38	52	53	18	45	61	45	28	72	27	90	16	41	85	94	13	32	53	94	39	17	93	73	19	45	24	77	16	53	56	12	63	25	27	23	83	-1	81	88	3	46	27	95	69	13	3	49	94	24	
74	41	56	74	52	5	66	99	9	46	83	86	90	45	66	37	63	64	63	69	34	7	82	32	38	75	42	5	4	13	27	7	90	48	31	54	2	45	24	72	92	72	2	46	94	94	4	82	6	81	66	83	17	93	81	32	96	36	37	46	12	93	17	38	80	74	97	88	79	61	62	73	52	64	16	9	66	20	96	19	14	58	3	22	15	31	93	81	-1	70	51	27	18	45	83	40	60	64	5	21	
56	40	48	69	19	57	80	17	7	73	73	34	16	6	37	84	41	66	24	88	25	84	28	77	15	8	29	73	48	28	98	76	28	85	74	71	57	90	64	34	83	34	75	21	95	97	37	9	6	3	44	96	77	89	70	55	16	51	16	49	15	40	73	76	37	3	76	13	21	44	11	16	7	37	56	50	19	19	89	90	98	16	68	6	100	86	12	88	70	-1	86	22	23	74	27	11	39	38	4	85	
67	3	74	36	70	85	62	18	25	59	80	15	72	35	33	63	39	8	46	96	68	54	7	46	83	21	22	82	52	19	65	27	24	61	38	97	67	27	43	17	17	38	59	94	10	94	47	25	56	94	70	68	17	16	39	96	48	87	56	96	85	8	51	24	61	38	21	4	99	64	84	89	45	30	99	98	99	76	15	74	61	5	39	89	76	88	79	3	51	86	-1	44	19	27	35	15	41	67	43	7	
3	23	98	28	13	14	20	31	60	53	90	82	83	76	36	79	93	49	83	41	56	29	99	34	69	10	50	93	62	10	46	48	59	66	10	15	94	64	83	64	7	79	85	49	29	92	42	49	35	4	67	97	39	52	62	92	19	10	15	98	57	57	5	46	76	4	73	21	58	29	95	53	39	98	8	38	13	83	50	19	71	35	13	9	80	20	97	46	27	22	44	-1	76	12	37	79	26	91	44	19	
2	99	39	60	24	24	51	67	40	88	78	32	16	2	62	66	63	68	82	15	7	83	57	70	65	14	79	63	100	4	94	91	67	38	41	79	29	94	16	87	56	22	93	28	66	89	87	83	70	79	43	3	20	77	89	51	96	62	51	7	23	71	41	86	1	33	35	18	30	75	69	15	3	14	96	89	28	46	65	42	44	100	1	80	89	87	24	27	18	23	19	76	-1	26	60	38	39	50	17	23	
75	26	43	20	12	29	59	36	68	90	6	44	52	87	20	22	59	18	57	68	90	10	3	19	67	15	32	81	47	77	26	18	75	23	51	22	17	65	37	28	40	86	49	92	87	59	2	43	95	36	32	61	9	4	18	86	19	95	54	44	93	28	63	16	26	27	13	83	48	91	25	54	46	55	78	54	23	71	68	14	6	71	49	100	63	23	40	95	45	74	27	12	26	-1	7	83	59	82	21	11	
19	23	61	71	27	23	48	58	63	74	94	15	34	57	33	52	50	60	12	76	90	37	22	62	12	77	83	72	4	27	50	45	80	43	93	84	81	9	16	19	53	36	74	69	90	81	55	43	70	78	28	47	94	35	18	80	32	21	94	49	5	30	93	99	29	42	92	99	95	27	86	60	61	90	30	99	37	61	70	2	96	82	39	99	59	41	21	69	83	27	35	37	60	7	-1	16	30	23	5	43	
44	3	17	1	98	100	70	6	29	65	33	29	98	35	50	36	1	1	33	84	47	23	72	88	22	12	44	22	20	24	60	8	30	81	63	24	73	51	1	20	97	19	64	91	54	40	11	94	63	41	16	23	38	49	15	43	56	37	82	27	54	50	89	50	23	36	47	35	62	65	65	51	66	36	30	30	74	68	76	32	49	57	49	43	83	5	52	13	40	11	15	79	38	83	16	-1	13	88	100	75	
45	28	4	69	1	18	65	39	84	4	32	51	68	88	72	35	24	65	25	35	91	84	48	54	45	30	39	18	28	96	32	79	54	72	39	3	61	7	66	17	50	19	43	23	94	13	37	2	77	51	30	43	24	49	25	7	74	61	75	34	70	33	20	98	34	40	34	30	53	59	54	23	28	10	33	65	37	9	79	38	25	16	4	77	83	95	41	3	60	39	41	26	39	59	30	13	-1	6	87	14	
40	48	53	27	2	44	21	48	90	93	3	72	63	93	9	52	79	99	36	8	22	38	32	82	4	51	21	57	35	36	57	27	10	91	18	26	88	29	94	68	84	58	26	22	53	28	87	78	35	19	65	15	71	100	2	97	60	88	84	36	65	13	74	33	56	50	60	2	74	73	21	62	49	12	87	81	69	56	84	29	24	53	40	99	17	28	75	49	64	38	67	91	50	82	23	88	6	-1	32	73	
68	9	33	72	64	9	16	40	49	22	68	40	6	99	14	99	26	68	79	16	77	62	12	87	45	75	64	13	1	48	23	13	91	93	4	36	10	4	62	32	22	74	46	100	85	93	100	93	78	29	24	2	51	54	56	6	52	28	21	48	96	81	40	77	23	29	91	13	68	16	37	54	88	55	1	51	49	84	94	32	39	32	32	88	22	5	66	94	5	4	43	44	17	21	5	100	87	32	-1	42	
9	28	44	56	24	27	71	57	57	44	27	77	41	37	78	65	27	97	13	26	38	35	79	9	28	73	89	4	29	16	52	57	39	77	41	85	11	49	60	55	11	31	67	49	3	84	35	17	4	61	12	49	24	42	88	83	27	12	93	28	67	59	29	21	22	61	58	74	52	22	89	80	9	22	44	97	59	17	76	25	90	86	84	16	82	23	21	24	21	85	7	19	23	11	43	75	14	73	42	-1	
