100
-1	47	4	45	52	30	65	26	4	22	44	91	32	52	54	57	46	9	96	48	26	86	48	78	88	35	62	50	75	4	20	66	31	64	18	24	11	81	77	17	66	93	58	75	98	70	41	9	45	60	62	28	84	28	91	53	9	100	20	56	21	94	96	43	86	23	97	44	58	57	18	2	40	19	86	23	38	7	99	21	95	88	92	14	17	57	100	66	19	17	45	95	37	77	100	41	56	31	77	65	
47	-1	12	88	60	82	15	52	25	30	39	16	66	18	87	53	39	41	14	3	95	91	28	73	100	97	58	63	59	71	4	27	25	32	57	16	69	97	25	12	43	57	89	98	92	96	53	43	59	2	54	88	48	38	62	19	90	46	84	13	22	81	2	85	50	85	37	67	23	30	84	51	76	51	1	3	18	58	73	14	44	81	45	43	14	23	57	41	20	87	11	68	21	33	35	44	60	51	57	84	
4	12	-1	24	70	52	86	63	17	50	65	4	48	36	55	53	85	24	52	6	43	91	54	96	56	60	50	76	89	66	40	71	51	53	87	26	12	63	67	82	86	40	98	98	55	45	84	88	10	53	46	88	62	26	42	62	40	50	69	27	89	67	77	31	60	51	52	2	61	67	75	11	43	68	100	32	71	12	22	79	13	95	71	76	87	65	53	68	92	25	44	33	46	58	23	92	79	77	99	79	
45	88	24	-1	60	88	59	67	68	61	50	25	95	30	86	67	74	35	26	73	66	21	31	64	15	93	78	8	16	36	78	9	67	46	32	71	94	96	98	2	92	7	11	82	68	66	26	23	28	23	19	37	89	20	92	4	74	55	61	82	90	44	10	75	37	7	3	12	23	41	3	3	43	87	93	31	6	68	60	93	36	2	14	78	49	37	80	10	56	43	60	44	72	67	83	54	65	66	16	19	
52	60	70	60	-1	78	51	20	32	2	80	23	16	96	29	35	55	49	77	52	57	85	17	71	10	38	11	59	61	4	35	97	42	10	26	87	68	99	28	24	15	77	90	77	69	66	20	31	63	8	82	91	58	7	90	10	2	24	49	58	31	36	94	80	6	61	52	48	51	68	90	58	17	64	85	11	41	57	53	27	99	81	11	40	85	63	27	3	17	37	68	73	60	56	96	29	88	61	34	83	
30	82	52	88	78	-1	12	38	100	64	6	85	26	33	6	77	24	69	87	55	88	87	57	82	12	91	26	62	81	36	50	97	8	70	26	47	95	57	82	40	95	81	53	51	36	99	18	9	38	36	21	10	95	41	83	60	74	83	34	6	54	91	83	30	6	33	33	10	47	80	50	40	94	49	68	32	68	45	58	14	78	36	63	20	14	52	96	4	52	81	49	66	21	70	63	100	78	8	21	99	
65	15	86	59	51	12	-1	3	50	52	50	57	40	57	53	64	28	89	91	69	77	47	10	17	94	5	95	30	59	86	29	78	50	84	95	93	53	42	90	98	77	48	87	60	22	5	65	3	14	29	45	54	36	71	67	6	49	49	52	73	84	59	76	76	25	20	6	93	95	15	10	32	55	14	7	88	68	60	8	50	56	80	24	13	83	76	100	79	87	47	4	88	59	86	11	99	37	37	2	37	
26	52	63	67	20	38	3	-1	85	65	15	2	27	81	77	4	76	42	16	71	23	99	83	10	59	37	76	28	91	74	86	59	86	57	57	59	12	49	90	58	49	85	19	27	48	2	1	49	15	75	42	57	93	66	14	18	68	100	85	3	60	91	75	50	32	93	34	61	56	29	19	2	6	36	23	59	96	14	61	9	86	18	33	28	68	41	22	56	47	43	75	54	44	46	87	6	61	93	51	40	
4	25	17	68	32	100	50	85	-1	59	64	45	60	76	53	54	42	58	38	74	50	51	100	27	33	94	8	83	20	30	19	51	24	38	71	45	78	5	52	4	24	27	32	63	1	43	39	62	85	6	21	3	80	76	21	48	46	69	2	12	51	55	16	45	50	54	54	14	31	96	5	84	37	47	27	45	72	27	97	87	87	60	58	82	53	91	17	17	74	4	80	2	36	20	58	40	31	56	34	65	
22	30	50	61	2	64	52	65	59	-1	76	94	21	72	64	54	34	36	29	8	4	30	13	56	32	19	35	58	60	42	14	59	18	85	71	91	37	81	27	20	72	79	33	63	76	36	53	2	53	20	12	38	40	47	86	46	80	99	2	3	57	22	28	78	44	96	33	35	84	35	58	6	80	7	34	27	46	39	42	26	8	56	34	29	85	49	26	98	58	10	76	88	21	46	71	53	74	83	41	79	
44	39	65	50	80	6	50	15	64	76	-1	100	95	45	23	58	78	24	83	11	33	37	6	7	77	22	30	91	72	13	97	42	51	23	72	100	29	28	24	7	67	27	89	53	77	95	61	58	91	26	53	86	59	33	10	9	90	44	83	13	14	56	37	27	91	22	11	46	76	74	83	69	40	67	60	51	52	16	93	51	55	4	94	61	85	59	86	31	76	53	69	8	25	58	67	31	77	62	97	79	
91	16	4	25	23	85	57	2	45	94	100	-1	15	85	2	30	5	86	84	70	85	77	76	99	86	7	99	54	66	65	30	41	91	8	33	4	45	19	20	52	94	78	18	90	97	93	1	87	3	80	89	21	63	5	44	44	39	90	86	26	19	69	55	27	94	45	14	65	43	64	6	15	2	46	30	9	98	63	84	87	49	27	99	53	30	93	55	87	79	53	13	72	16	47	87	61	58	85	87	27	
32	66	48	95	16	26	40	27	60	21	95	15	-1	42	16	19	60	68	26	53	62	88	18	72	32	68	85	6	86	24	55	75	75	9	45	31	26	47	70	39	38	58	87	94	89	55	55	69	15	100	19	71	18	88	78	31	72	88	85	35	8	35	9	90	18	74	53	91	54	39	38	4	39	10	91	42	29	54	94	50	27	79	72	72	80	49	56	46	84	16	7	72	11	47	62	67	70	25	49	79	
52	18	36	30	96	33	57	81	76	72	45	85	42	-1	29	30	79	88	96	8	82	66	21	34	72	69	65	61	9	5	90	40	27	50	28	60	8	38	23	69	83	53	45	23	14	46	27	57	50	17	97	50	55	8	46	48	21	50	17	77	67	20	54	60	27	90	16	9	23	22	75	96	71	14	37	100	71	40	56	11	65	61	82	40	50	67	51	39	6	32	55	28	93	99	22	95	89	97	80	87	
54	87	55	86	29	6	53	77	53	64	23	2	16	29	-1	32	42	100	54	50	65	30	31	92	9	100	73	39	46	42	59	55	79	26	8	13	69	75	94	79	88	40	21	4	85	75	29	92	83	38	84	77	2	62	29	57	1	74	50	45	39	91	95	31	80	89	47	97	100	20	90	98	37	60	75	96	17	38	76	6	62	29	60	30	1	23	49	59	60	67	71	85	28	27	7	89	34	69	35	35	
57	53	53	67	35	77	64	4	54	54	58	30	19	30	32	-1	45	60	44	97	20	8	13	78	100	29	8	22	62	48	6	23	58	23	56	5	98	35	91	22	48	3	99	14	9	26	80	37	37	13	21	4	51	38	86	61	64	60	47	65	62	45	10	28	49	92	49	76	27	6	87	81	85	59	13	37	2	60	11	70	94	52	29	56	41	16	67	85	16	31	24	6	80	34	42	76	99	43	9	98	
46	39	85	74	55	24	28	76	42	34	78	5	60	79	42	45	-1	88	8	63	81	70	50	63	34	7	71	48	66	81	69	47	36	62	4	19	82	48	57	73	25	59	4	73	63	82	15	84	45	91	76	74	2	19	57	9	93	57	30	70	18	50	11	96	72	57	71	31	49	100	80	75	51	47	75	89	77	87	62	1	33	9	12	40	88	32	45	80	47	45	46	78	45	30	76	39	73	68	20	47	
9	41	24	35	49	69	89	42	58	36	24	86	68	88	100	60	88	-1	41	28	22	77	54	52	74	71	39	55	26	24	92	83	22	67	76	54	96	47	39	97	31	63	27	67	50	13	85	66	29	70	43	69	28	40	85	18	99	90	24	72	4	26	60	15	15	52	97	79	82	23	57	39	97	42	45	59	70	57	7	55	4	92	33	77	61	63	69	53	80	74	8	76	76	87	57	47	2	86	12	56	
96	14	52	26	77	87	91	16	38	29	83	84	26	96	54	44	8	41	-1	29	96	70	97	96	23	66	80	96	60	12	40	94	98	53	21	75	51	80	33	86	77	28	49	10	62	9	46	1	11	7	41	12	57	21	61	79	1	58	60	3	42	18	23	83	28	7	54	4	19	37	98	89	73	11	97	61	80	94	15	62	31	68	47	62	7	66	54	40	33	82	73	93	38	56	5	91	81	89	74	73	
48	3	6	73	52	55	69	71	74	8	11	70	53	8	50	97	63	28	29	-1	89	32	85	65	62	49	35	3	41	63	88	74	7	39	64	96	53	73	64	69	62	93	45	80	17	66	54	41	46	25	67	58	86	74	100	57	69	31	94	98	20	81	100	29	23	90	66	50	80	23	78	31	61	75	15	37	62	69	71	59	67	3	27	23	48	14	12	14	74	68	92	91	69	55	47	87	86	91	75	47	
26	95	43	66	57	88	77	23	50	4	33	85	62	82	65	20	81	22	96	89	-1	8	71	82	57	85	73	7	20	90	28	86	75	83	37	40	16	19	48	58	89	84	72	56	18	77	5	97	80	97	38	65	65	68	54	63	85	55	94	25	73	64	87	97	54	54	69	65	8	46	85	4	32	59	79	34	98	44	64	78	7	43	85	55	98	96	19	37	85	10	6	89	59	85	99	66	100	97	39	13	
86	91	91	21	85	87	47	99	51	30	37	77	88	66	30	8	70	77	70	32	8	-1	88	22	44	20	35	89	22	22	5	73	6	54	73	5	86	49	95	37	90	89	35	51	5	3	96	29	31	91	48	56	77	50	64	11	21	37	28	47	28	28	65	45	21	53	86	86	20	99	92	43	3	97	12	98	84	19	18	43	23	30	12	94	77	15	32	83	61	86	37	4	86	12	23	11	41	67	54	15	
48	28	54	31	17	57	10	83	100	13	6	76	18	21	31	13	50	54	97	85	71	88	-1	28	4	13	73	75	46	31	98	26	69	82	20	68	45	34	4	30	68	8	89	15	65	31	18	10	18	47	32	45	93	93	12	81	50	30	60	97	48	79	88	80	5	63	55	29	95	95	65	85	17	91	11	83	37	14	69	14	3	88	76	85	17	50	16	75	68	6	43	74	16	75	63	20	92	27	52	18	
78	73	96	64	71	82	17	10	27	56	7	99	72	34	92	78	63	52	96	65	82	22	28	-1	4	47	82	53	18	7	78	74	30	90	98	70	5	20	18	97	1	46	96	70	7	22	71	20	28	45	8	52	76	52	93	91	96	78	82	74	11	94	25	10	72	3	37	13	82	33	38	26	99	38	7	19	61	46	100	65	26	15	30	40	54	76	28	49	59	79	19	48	16	13	93	58	23	32	37	71	
88	100	56	15	10	12	94	59	33	32	77	86	32	72	9	100	34	74	23	62	57	44	4	4	-1	68	8	30	95	69	15	98	5	79	66	89	45	20	49	30	42	7	85	17	39	49	43	2	8	6	11	65	27	7	59	79	100	52	73	19	4	61	76	8	5	21	22	42	78	52	49	32	16	62	55	61	50	18	3	97	9	63	26	30	75	16	70	62	89	71	84	80	2	65	52	98	21	64	9	37	
35	97	60	93	38	91	5	37	94	19	22	7	68	69	100	29	7	71	66	49	85	20	13	47	68	-1	26	28	86	15	42	26	16	68	17	54	88	64	35	92	40	19	1	6	86	83	48	76	41	54	12	32	10	88	23	34	72	23	60	90	31	19	98	61	78	85	88	42	73	82	71	42	30	69	17	33	98	21	88	30	71	64	34	45	91	21	71	73	47	27	33	41	29	37	90	42	47	69	19	64	
62	58	50	78	11	26	95	76	8	35	30	99	85	65	73	8	71	39	80	35	73	35	73	82	8	26	-1	29	24	88	11	88	60	48	18	36	85	10	19	51	32	52	90	67	65	19	71	86	11	8	85	92	25	85	24	41	15	15	5	31	53	58	17	62	75	61	15	30	75	80	74	45	58	23	82	18	45	53	2	61	83	89	58	4	23	80	49	33	28	23	46	60	90	78	54	16	43	69	10	49	
50	63	76	8	59	62	30	28	83	58	91	54	6	61	39	22	48	55	96	3	7	89	75	53	30	28	29	-1	10	89	43	69	20	50	69	23	9	85	20	67	56	33	96	16	33	62	36	50	83	35	33	32	11	75	72	69	27	30	85	29	2	26	86	94	27	50	63	36	65	21	63	82	50	98	99	85	46	51	57	42	1	88	48	99	51	37	98	30	72	82	94	46	25	6	83	78	5	82	12	7	
75	59	89	16	61	81	59	91	20	60	72	66	86	9	46	62	66	26	60	41	20	22	46	18	95	86	24	10	-1	7	31	50	72	92	99	35	36	44	59	32	71	6	33	69	17	3	45	8	55	57	36	83	8	68	5	94	95	14	14	60	61	90	10	85	22	18	49	36	31	99	95	93	94	65	94	74	9	14	77	98	92	71	53	70	62	86	63	63	10	26	66	52	26	92	83	16	4	38	18	98	
4	71	66	36	4	36	86	74	30	42	13	65	24	5	42	48	81	24	12	63	90	22	31	7	69	15	88	89	7	-1	34	9	26	29	15	82	12	6	72	93	40	8	5	78	68	2	93	85	45	82	71	48	63	62	66	81	37	79	77	33	45	86	83	91	53	34	26	74	33	73	38	35	99	30	77	45	65	23	53	65	82	24	14	100	12	99	44	50	52	22	86	62	86	94	12	92	98	61	75	61	
20	4	40	78	35	50	29	86	19	14	97	30	55	90	59	6	69	92	40	88	28	5	98	78	15	42	11	43	31	34	-1	24	50	7	29	16	36	50	53	37	44	98	47	27	79	94	39	29	4	65	83	36	9	64	87	42	19	99	45	15	6	25	39	86	79	51	86	14	50	46	17	55	79	56	15	98	52	20	33	43	51	1	51	30	88	25	48	20	86	54	45	88	50	29	42	5	31	78	43	78	
66	27	71	9	97	97	78	59	51	59	42	41	75	40	55	23	47	83	94	74	86	73	26	74	98	26	88	69	50	9	24	-1	44	42	62	67	3	86	36	9	100	57	17	93	78	96	55	61	19	9	22	76	21	22	6	92	19	59	81	76	10	63	92	54	2	5	23	69	93	57	7	68	89	15	76	31	55	94	15	94	50	6	65	11	50	22	68	30	95	7	74	8	89	87	84	48	97	17	37	34	
31	25	51	67	42	8	50	86	24	18	51	91	75	27	79	58	36	22	98	7	75	6	69	30	5	16	60	20	72	26	50	44	-1	87	37	79	73	41	30	61	54	20	11	9	79	6	95	32	4	96	76	96	5	69	49	9	83	34	2	92	32	11	16	87	45	26	30	29	58	91	60	33	69	40	98	8	70	97	71	96	75	82	38	46	42	48	52	56	35	82	28	15	100	45	91	58	30	82	44	56	
64	32	53	46	10	70	84	57	38	85	23	8	9	50	26	23	62	67	53	39	83	54	82	90	79	68	48	50	92	29	7	42	87	-1	78	86	75	63	60	18	44	38	75	81	51	60	29	62	1	93	63	94	98	16	36	33	20	10	46	16	54	14	30	27	26	85	90	28	72	92	28	20	41	84	68	32	71	9	40	59	65	10	88	46	93	4	73	88	72	20	90	23	33	22	64	98	22	32	73	64	
18	57	87	32	26	26	95	57	71	71	72	33	45	28	8	56	4	76	21	64	37	73	20	98	66	17	18	69	99	15	29	62	37	78	-1	63	4	44	45	49	21	83	40	22	31	39	57	26	20	91	60	25	5	10	77	46	50	10	77	12	59	61	97	18	32	3	58	84	22	64	25	99	46	16	75	82	57	55	76	87	44	82	40	40	50	23	98	75	28	20	44	26	76	95	26	99	82	17	22	87	
24	16	26	71	87	47	93	59	45	91	100	4	31	60	13	5	19	54	75	96	40	5	68	70	89	54	36	23	35	82	16	67	79	86	63	-1	78	52	56	93	82	89	27	9	55	38	32	22	21	96	6	1	5	33	81	95	37	55	67	32	62	20	83	25	37	13	52	11	10	85	34	1	78	88	99	56	6	47	9	5	16	62	30	23	10	71	56	77	54	16	41	38	16	32	70	87	6	22	92	17	
11	69	12	94	68	95	53	12	78	37	29	45	26	8	69	98	82	96	51	53	16	86	45	5	45	88	85	9	36	12	36	3	73	75	4	78	-1	63	18	87	96	1	60	7	23	26	51	23	49	53	2	28	43	18	49	82	31	78	62	44	40	43	73	50	19	56	61	2	85	92	16	44	22	48	46	55	66	74	96	23	2	43	38	36	85	85	87	18	35	97	49	35	54	91	33	55	83	48	84	22	
81	97	63	96	99	57	42	49	5	81	28	19	47	38	75	35	48	47	80	73	19	49	34	20	20	64	10	85	44	6	50	86	41	63	44	52	63	-1	47	23	21	95	58	71	49	91	61	19	44	19	15	91	18	2	57	6	86	26	2	61	94	18	47	11	7	80	52	61	66	45	55	88	59	1	22	45	65	15	35	64	99	24	78	24	49	59	22	22	57	29	20	72	7	21	41	64	40	55	66	36	
77	25	67	98	28	82	90	90	52	27	24	20	70	23	94	91	57	39	33	64	48	95	4	18	49	35	19	20	59	72	53	36	30	60	45	56	18	47	-1	47	9	16	32	30	19	100	71	22	7	69	26	43	19	13	27	35	21	62	8	89	51	40	26	31	12	78	17	19	7	64	5	64	3	88	3	76	3	13	36	73	31	99	93	2	78	81	43	40	85	79	53	17	48	56	76	31	84	51	47	12	
17	12	82	2	24	40	98	58	4	20	7	52	39	69	79	22	73	97	86	69	58	37	30	97	30	92	51	67	32	93	37	9	61	18	49	93	87	23	47	-1	28	96	87	76	100	49	56	23	11	89	25	65	67	13	92	16	11	82	37	25	96	94	49	85	40	26	98	5	3	7	69	95	10	76	27	75	50	64	88	71	61	56	73	11	44	83	27	35	92	47	1	45	48	83	63	85	83	15	59	76	
66	43	86	92	15	95	77	49	24	72	67	94	38	83	88	48	25	31	77	62	89	90	68	1	42	40	32	56	71	40	44	100	54	44	21	82	96	21	9	28	-1	22	16	40	25	45	89	60	14	59	85	70	66	43	45	45	13	68	4	44	53	31	14	46	16	19	6	35	18	61	23	16	96	46	96	55	1	90	23	47	4	10	15	15	34	8	26	92	73	36	89	88	10	31	57	12	15	68	78	82	
93	57	40	7	77	81	48	85	27	79	27	78	58	53	40	3	59	63	28	93	84	89	8	46	7	19	52	33	6	8	98	57	20	38	83	89	1	95	16	96	22	-1	31	27	54	84	46	21	88	87	4	99	38	3	89	2	15	38	42	39	69	59	19	89	38	54	24	31	53	29	13	2	100	92	49	63	48	68	69	49	20	48	88	61	61	69	38	53	94	68	39	54	51	46	37	81	7	8	57	69	
58	89	98	11	90	53	87	19	32	33	89	18	87	45	21	99	4	27	49	45	72	35	89	96	85	1	90	96	33	5	47	17	11	75	40	27	60	58	32	87	16	31	-1	46	14	46	79	60	60	74	54	80	99	65	44	36	89	91	29	89	77	14	26	14	37	16	36	80	44	81	90	32	86	84	48	88	78	74	70	98	59	88	49	63	62	3	72	72	3	25	89	27	82	45	69	27	20	9	97	7	
75	98	98	82	77	51	60	27	63	63	53	90	94	23	4	14	73	67	10	80	56	51	15	70	17	6	67	16	69	78	27	93	9	81	22	9	7	71	30	76	40	27	46	-1	70	63	67	8	37	90	4	30	55	90	99	42	65	51	26	81	37	6	44	43	89	12	59	40	97	51	78	71	30	35	21	14	95	53	83	81	81	38	69	30	1	9	34	35	60	97	67	18	55	30	55	26	24	58	21	7	
98	92	55	68	69	36	22	48	1	76	77	97	89	14	85	9	63	50	62	17	18	5	65	7	39	86	65	33	17	68	79	78	79	51	31	55	23	49	19	100	25	54	14	70	-1	57	81	97	68	22	84	84	55	16	57	28	49	45	4	11	10	33	12	63	15	75	12	82	98	44	23	51	77	87	43	61	35	23	78	22	96	93	30	66	55	21	70	1	65	97	40	63	67	91	74	54	32	72	88	53	
70	96	45	66	66	99	5	2	43	36	95	93	55	46	75	26	82	13	9	66	77	3	31	22	49	83	19	62	3	2	94	96	6	60	39	38	26	91	100	49	45	84	46	63	57	-1	76	86	30	91	44	67	57	58	39	14	15	93	81	46	89	12	6	53	17	86	33	15	79	87	1	2	63	91	59	60	95	19	17	86	23	83	23	28	74	27	36	3	90	38	76	90	20	28	39	48	49	19	80	80	
41	53	84	26	20	18	65	1	39	53	61	1	55	27	29	80	15	85	46	54	5	96	18	71	43	48	71	36	45	93	39	55	95	29	57	32	51	61	71	56	89	46	79	67	81	76	-1	96	80	43	54	43	75	24	18	19	24	53	11	68	19	1	73	73	14	46	57	34	98	80	76	95	59	20	99	82	80	83	83	11	6	35	93	7	84	70	67	19	8	16	79	27	39	48	11	15	30	25	65	100	
9	43	88	23	31	9	3	49	62	2	58	87	69	57	92	37	84	66	1	41	97	29	10	20	2	76	86	50	8	85	29	61	32	62	26	22	23	19	22	23	60	21	60	8	97	86	96	-1	27	87	97	66	10	19	90	92	33	7	22	25	94	83	85	42	19	31	70	36	47	78	70	23	99	90	61	39	87	97	75	42	66	67	85	26	55	41	92	48	94	38	33	81	34	32	90	28	61	57	96	53	
45	59	10	28	63	38	14	15	85	53	91	3	15	50	83	37	45	29	11	46	80	31	18	28	8	41	11	83	55	45	4	19	4	1	20	21	49	44	7	11	14	88	60	37	68	30	80	27	-1	45	14	85	40	3	36	48	93	61	93	90	3	68	85	11	18	100	62	6	17	23	76	97	99	88	62	57	10	68	89	20	66	6	34	20	27	72	85	71	37	28	47	39	59	3	21	24	90	15	62	83	
60	2	53	23	8	36	29	75	6	20	26	80	100	17	38	13	91	70	7	25	97	91	47	45	6	54	8	35	57	82	65	9	96	93	91	96	53	19	69	89	59	87	74	90	22	91	43	87	45	-1	24	33	83	34	16	79	56	93	59	22	83	95	15	2	52	22	55	40	55	71	80	60	25	73	11	25	79	11	7	70	88	72	91	18	2	35	75	98	36	63	39	13	18	77	53	69	85	99	61	28	
62	54	46	19	82	21	45	42	21	12	53	89	19	97	84	21	76	43	41	67	38	48	32	8	11	12	85	33	36	71	83	22	76	63	60	6	2	15	26	25	85	4	54	4	84	44	54	97	14	24	-1	48	59	37	33	31	69	22	32	10	65	8	68	26	41	36	52	28	69	32	35	92	87	15	19	92	97	43	7	20	85	7	1	21	24	5	84	11	26	84	78	24	90	81	8	98	17	35	61	46	
28	88	88	37	91	10	54	57	3	38	86	21	71	50	77	4	74	69	12	58	65	56	45	52	65	32	92	32	83	48	36	76	96	94	25	1	28	91	43	65	70	99	80	30	84	67	43	66	85	33	48	-1	75	88	13	49	44	38	31	55	96	26	52	79	34	19	9	86	30	22	19	40	69	17	94	15	93	22	60	29	84	94	87	92	6	90	16	39	71	28	89	12	53	88	37	56	58	53	18	39	
84	48	62	89	58	95	36	93	80	40	59	63	18	55	2	51	2	28	57	86	65	77	93	76	27	10	25	11	8	63	9	21	5	98	5	5	43	18	19	67	66	38	99	55	55	57	75	10	40	83	59	75	-1	76	74	39	33	46	70	60	96	26	40	87	79	52	15	84	89	13	94	32	26	27	97	48	19	53	27	92	80	94	87	74	28	39	25	17	75	96	50	8	35	78	22	21	79	50	25	26	
28	38	26	20	7	41	71	66	76	47	33	5	88	8	62	38	19	40	21	74	68	50	93	52	7	88	85	75	68	62	64	22	69	16	10	33	18	2	13	13	43	3	65	90	16	58	24	19	3	34	37	88	76	-1	15	29	36	81	14	29	50	82	88	59	87	15	83	37	31	7	56	2	81	83	86	80	62	18	51	49	65	26	31	69	49	32	96	58	97	11	74	53	91	10	14	72	18	36	69	5	
91	62	42	92	90	83	67	14	21	86	10	44	78	46	29	86	57	85	61	100	54	64	12	93	59	23	24	72	5	66	87	6	49	36	77	81	49	57	27	92	45	89	44	99	57	39	18	90	36	16	33	13	74	15	-1	92	96	80	58	96	75	58	85	73	50	18	74	48	98	37	22	6	37	49	75	68	74	83	62	46	100	15	100	90	85	10	71	99	69	8	2	2	24	50	56	7	48	30	2	55	
53	19	62	4	10	60	6	18	48	46	9	44	31	48	57	61	9	18	79	57	63	11	81	91	79	34	41	69	94	81	42	92	9	33	46	95	82	6	35	16	45	2	36	42	28	14	19	92	48	79	31	49	39	29	92	-1	65	6	80	40	31	78	1	86	18	85	12	9	41	93	26	10	89	13	37	15	2	36	75	37	61	60	92	88	40	32	52	54	56	82	37	28	45	3	27	97	23	96	84	31	
9	90	40	74	2	74	49	68	46	80	90	39	72	21	1	64	93	99	1	69	85	21	50	96	100	72	15	27	95	37	19	19	83	20	50	37	31	86	21	11	13	15	89	65	49	15	24	33	93	56	69	44	33	36	96	65	-1	63	37	74	3	39	24	59	28	87	80	57	59	16	54	86	33	66	56	49	90	93	8	45	73	63	68	86	31	5	67	14	60	19	90	74	32	97	57	17	54	64	39	99	
100	46	50	55	24	83	49	100	69	99	44	90	88	50	74	60	57	90	58	31	55	37	30	78	52	23	15	30	14	79	99	59	34	10	10	55	78	26	62	82	68	38	91	51	45	93	53	7	61	93	22	38	46	81	80	6	63	-1	31	88	69	53	85	18	89	97	50	37	38	14	3	17	64	53	56	9	20	97	73	37	50	63	9	86	96	81	6	25	71	62	98	69	77	67	85	69	5	35	70	13	
20	84	69	61	49	34	52	85	2	2	83	86	85	17	50	47	30	24	60	94	94	28	60	82	73	60	5	85	14	77	45	81	2	46	77	67	62	2	8	37	4	42	29	26	4	81	11	22	93	59	32	31	70	14	58	80	37	31	-1	54	9	46	55	76	73	55	77	13	18	37	70	95	56	59	30	99	82	23	42	82	81	79	55	53	57	99	41	26	11	59	75	49	88	23	73	36	70	20	55	39	
56	13	27	82	58	6	73	3	12	3	13	26	35	77	45	65	70	72	3	98	25	47	97	74	19	90	31	29	60	33	15	76	92	16	12	32	44	61	89	25	44	39	89	81	11	46	68	25	90	22	10	55	60	29	96	40	74	88	54	-1	53	52	76	31	35	12	85	53	70	74	35	33	65	42	38	47	45	57	72	65	18	76	81	47	31	81	20	68	39	59	85	62	32	79	5	76	96	19	39	21	
21	22	89	90	31	54	84	60	51	57	14	19	8	67	39	62	18	4	42	20	73	28	48	11	4	31	53	2	61	45	6	10	32	54	59	62	40	94	51	96	53	69	77	37	10	89	19	94	3	83	65	96	96	50	75	31	3	69	9	53	-1	89	54	76	39	29	31	78	37	75	51	48	54	84	53	81	12	46	32	54	44	48	89	9	18	82	37	47	6	4	65	12	32	73	87	50	34	30	67	31	
94	81	67	44	36	91	59	91	55	22	56	69	35	20	91	45	50	26	18	81	64	28	79	94	61	19	58	26	90	86	25	63	11	14	61	20	43	18	40	94	31	59	14	6	33	12	1	83	68	95	8	26	26	82	58	78	39	53	46	52	89	-1	44	82	63	71	45	81	39	33	39	24	45	20	23	75	68	66	42	81	10	16	19	35	56	24	54	11	25	59	72	63	53	21	88	95	43	27	42	51	
96	2	77	10	94	83	76	75	16	28	37	55	9	54	95	10	11	60	23	100	87	65	88	25	76	98	17	86	10	83	39	92	16	30	97	83	73	47	26	49	14	19	26	44	12	6	73	85	85	15	68	52	40	88	85	1	24	85	55	76	54	44	-1	57	20	34	21	55	11	22	69	7	63	7	70	43	2	26	36	3	60	91	54	49	52	58	69	34	37	97	94	99	82	36	49	75	93	99	46	91	
43	85	31	75	80	30	76	50	45	78	27	27	90	60	31	28	96	15	83	29	97	45	80	10	8	61	62	94	85	91	86	54	87	27	18	25	50	11	31	85	46	89	14	43	63	53	73	42	11	2	26	79	87	59	73	86	59	18	76	31	76	82	57	-1	1	5	25	87	6	25	8	7	15	94	63	66	2	46	39	2	30	88	92	64	1	62	54	65	51	36	33	10	70	43	67	71	48	28	4	38	
86	50	60	37	6	6	25	32	50	44	91	94	18	27	80	49	72	15	28	23	54	21	5	72	5	78	75	27	22	53	79	2	45	26	32	37	19	7	12	40	16	38	37	89	15	17	14	19	18	52	41	34	79	87	50	18	28	89	73	35	39	63	20	1	-1	30	8	16	2	10	12	14	46	35	1	29	84	7	6	15	81	30	85	39	7	34	42	35	17	66	9	75	49	90	95	81	67	7	72	69	
23	85	51	7	61	33	20	93	54	96	22	45	74	90	89	92	57	52	7	90	54	53	63	3	21	85	61	50	18	34	51	5	26	85	3	13	56	80	78	26	19	54	16	12	75	86	46	31	100	22	36	19	52	15	18	85	87	97	55	12	29	71	34	5	30	-1	25	95	88	23	58	8	30	78	64	49	48	35	97	81	64	38	84	11	38	64	68	29	15	87	4	85	33	2	95	5	69	4	31	90	
97	37	52	3	52	33	6	34	54	33	11	14	53	16	47	49	71	97	54	66	69	86	55	37	22	88	15	63	49	26	86	23	30	90	58	52	61	52	17	98	6	24	36	59	12	33	57	70	62	55	52	9	15	83	74	12	80	50	77	85	31	45	21	25	8	25	-1	13	2	62	67	18	30	65	67	29	15	70	36	4	99	85	10	91	68	43	39	43	6	9	36	88	87	49	56	22	76	72	99	69	
44	67	2	12	48	10	93	61	14	35	46	65	91	9	97	76	31	79	4	50	65	86	29	13	42	42	30	36	36	74	14	69	29	28	84	11	2	61	19	5	35	31	80	40	82	15	34	36	6	40	28	86	84	37	48	9	57	37	13	53	78	81	55	87	16	95	13	-1	4	27	26	17	18	75	57	26	64	2	13	12	21	57	11	27	34	71	76	47	97	99	94	26	98	73	96	24	34	28	74	22	
58	23	61	23	51	47	95	56	31	84	76	43	54	23	100	27	49	82	19	80	8	20	95	82	78	73	75	65	31	33	50	93	58	72	22	10	85	66	7	3	18	53	44	97	98	79	98	47	17	55	69	30	89	31	98	41	59	38	18	70	37	39	11	6	2	88	2	4	-1	84	4	96	82	70	78	62	95	97	9	26	66	69	76	6	88	91	55	84	49	15	70	97	32	36	87	89	35	18	8	19	
57	30	67	41	68	80	15	29	96	35	74	64	39	22	20	6	100	23	37	23	46	99	95	33	52	82	80	21	99	73	46	57	91	92	64	85	92	45	64	7	61	29	81	51	44	87	80	78	23	71	32	22	13	7	37	93	16	14	37	74	75	33	22	25	10	23	62	27	84	-1	25	79	85	88	7	33	51	44	16	35	81	25	12	90	50	7	3	10	12	8	45	69	15	96	46	44	20	67	23	23	
18	84	75	3	90	50	10	19	5	58	83	6	38	75	90	87	80	57	98	78	85	92	65	38	49	71	74	63	95	38	17	7	60	28	25	34	16	55	5	69	23	13	90	78	23	1	76	70	76	80	35	19	94	56	22	26	54	3	70	35	51	39	69	8	12	58	67	26	4	25	-1	11	50	18	61	75	80	18	16	65	10	89	10	56	57	68	29	44	70	56	68	100	90	97	63	85	55	23	3	51	
2	51	11	3	58	40	32	2	84	6	69	15	4	96	98	81	75	39	89	31	4	43	85	26	32	42	45	82	93	35	55	68	33	20	99	1	44	88	64	95	16	2	32	71	51	2	95	23	97	60	92	40	32	2	6	10	86	17	95	33	48	24	7	7	14	8	18	17	96	79	11	-1	59	20	38	37	67	93	9	57	47	80	46	89	20	61	21	49	2	52	50	53	71	83	81	93	71	40	88	28	
40	76	43	43	17	94	55	6	37	80	40	2	39	71	37	85	51	97	73	61	32	3	17	99	16	30	58	50	94	99	79	89	69	41	46	78	22	59	3	10	96	100	86	30	77	63	59	99	99	25	87	69	26	81	37	89	33	64	56	65	54	45	63	15	46	30	30	18	82	85	50	59	-1	26	12	72	32	95	65	6	79	87	62	80	27	65	29	80	82	78	42	17	53	72	20	8	33	67	71	76	
19	51	68	87	64	49	14	36	47	7	67	46	10	14	60	59	47	42	11	75	59	97	91	38	62	69	23	98	65	30	56	15	40	84	16	88	48	1	88	76	46	92	84	35	87	91	20	90	88	73	15	17	27	83	49	13	66	53	59	42	84	20	7	94	35	78	65	75	70	88	18	20	26	-1	43	60	41	29	20	5	10	49	64	68	99	28	88	4	24	33	89	38	69	30	68	8	54	77	75	75	
86	1	100	93	85	68	7	23	27	34	60	30	91	37	75	13	75	45	97	15	79	12	11	7	55	17	82	99	94	77	15	76	98	68	75	99	46	22	3	27	96	49	48	21	43	59	99	61	62	11	19	94	97	86	75	37	56	56	30	38	53	23	70	63	1	64	67	57	78	7	61	38	12	43	-1	34	19	69	96	98	50	8	95	73	57	98	73	99	70	22	7	34	63	81	100	32	5	96	6	39	
23	3	32	31	11	32	88	59	45	27	51	9	42	100	96	37	89	59	61	37	34	98	83	19	61	33	18	85	74	45	98	31	8	32	82	56	55	45	76	75	55	63	88	14	61	60	82	39	57	25	92	15	48	80	68	15	49	9	99	47	81	75	43	66	29	49	29	26	62	33	75	37	72	60	34	-1	63	31	15	42	98	27	91	21	52	72	44	90	10	98	50	12	37	61	92	19	48	62	71	50	
38	18	71	6	41	68	68	96	72	46	52	98	29	71	17	2	77	70	80	62	98	84	37	61	50	98	45	46	9	65	52	55	70	71	57	6	66	65	3	50	1	48	78	95	35	95	80	87	10	79	97	93	19	62	74	2	90	20	82	45	12	68	2	2	84	48	15	64	95	51	80	67	32	41	19	63	-1	96	32	37	90	8	75	41	52	7	52	17	69	75	41	60	80	3	50	17	64	68	97	95	
7	58	12	68	57	45	60	14	27	39	16	63	54	40	38	60	87	57	94	69	44	19	14	46	18	21	53	51	14	23	20	94	97	9	55	47	74	15	13	64	90	68	74	53	23	19	83	97	68	11	43	22	53	18	83	36	93	97	23	57	46	66	26	46	7	35	70	2	97	44	18	93	95	29	69	31	96	-1	38	92	69	39	60	71	85	15	31	31	15	61	22	57	35	47	88	11	38	19	21	17	
99	73	22	60	53	58	8	61	97	42	93	84	94	56	76	11	62	7	15	71	64	18	69	100	3	88	2	57	77	53	33	15	71	40	76	9	96	35	36	88	23	69	70	83	78	17	83	75	89	7	7	60	27	51	62	75	8	73	42	72	32	42	36	39	6	97	36	13	9	16	16	9	65	20	96	15	32	38	-1	86	90	48	91	40	33	19	14	99	32	66	67	43	42	1	30	2	1	96	67	62	
21	14	79	93	27	14	50	9	87	26	51	87	50	11	6	70	1	55	62	59	78	43	14	65	97	30	61	42	98	65	43	94	96	59	87	5	23	64	73	71	47	49	98	81	22	86	11	42	20	70	20	29	92	49	46	37	45	37	82	65	54	81	3	2	15	81	4	12	26	35	65	57	6	5	98	42	37	92	86	-1	62	76	8	27	60	31	51	57	38	100	3	81	53	61	25	69	58	45	42	14	
95	44	13	36	99	78	56	86	87	8	55	49	27	65	62	94	33	4	31	67	7	23	3	26	9	71	83	1	92	82	51	50	75	65	44	16	2	99	31	61	4	20	59	81	96	23	6	66	66	88	85	84	80	65	100	61	73	50	81	18	44	10	60	30	81	64	99	21	66	81	10	47	79	10	50	98	90	69	90	62	-1	32	13	97	66	46	69	26	1	48	71	92	99	86	79	63	79	48	33	90	
88	81	95	2	81	36	80	18	60	56	4	27	79	61	29	52	9	92	68	3	43	30	88	15	63	64	89	88	71	24	1	6	82	10	82	62	43	24	99	56	10	48	88	38	93	83	35	67	6	72	7	94	94	26	15	60	63	63	79	76	48	16	91	88	30	38	85	57	69	25	89	80	87	49	8	27	8	39	48	76	32	-1	6	8	31	22	23	57	62	5	65	78	16	52	25	26	36	11	50	73	
92	45	71	14	11	63	24	33	58	34	94	99	72	82	60	29	12	33	47	27	85	12	76	30	26	34	58	48	53	14	51	65	38	88	40	30	38	78	93	73	15	88	49	69	30	23	93	85	34	91	1	87	87	31	100	92	68	9	55	81	89	19	54	92	85	84	10	11	76	12	10	46	62	64	95	91	75	60	91	8	13	6	-1	17	34	87	11	14	83	84	88	85	59	35	12	18	85	12	79	90	
14	43	76	78	40	20	13	28	82	29	61	53	72	40	30	56	40	77	62	23	55	94	85	40	30	45	4	99	70	100	30	11	46	46	40	23	36	24	2	11	15	61	63	30	66	28	7	26	20	18	21	92	74	69	90	88	86	86	53	47	9	35	49	64	39	11	91	27	6	90	56	89	80	68	73	21	41	71	40	27	97	8	17	-1	34	14	39	97	54	45	92	25	21	33	52	25	25	68	97	13	
17	14	87	49	85	14	83	68	53	85	85	30	80	50	1	41	88	61	7	48	98	77	17	54	75	91	23	51	62	12	88	50	42	93	50	10	85	49	78	44	34	61	62	1	55	74	84	55	27	2	24	6	28	49	85	40	31	96	57	31	18	56	52	1	7	38	68	34	88	50	57	20	27	99	57	52	52	85	33	60	66	31	34	34	-1	3	35	80	54	12	32	43	96	42	48	18	45	48	59	81	
57	23	65	37	63	52	76	41	91	49	59	93	49	67	23	16	32	63	66	14	96	15	50	76	16	21	80	37	86	99	25	22	48	4	23	71	85	59	81	83	8	69	3	9	21	27	70	41	72	35	5	90	39	32	10	32	5	81	99	81	82	24	58	62	34	64	43	71	91	7	68	61	65	28	98	72	7	15	19	31	46	22	87	14	3	-1	73	42	45	69	12	20	92	48	88	1	45	73	8	14	
100	57	53	80	27	96	100	22	17	26	86	55	56	51	49	67	45	69	54	12	19	32	16	28	70	71	49	98	63	44	48	68	52	73	98	56	87	22	43	27	26	38	72	34	70	36	67	92	85	75	84	16	25	96	71	52	67	6	41	20	37	54	69	54	42	68	39	76	55	3	29	21	29	88	73	44	52	31	14	51	69	23	11	39	35	73	-1	19	76	80	88	5	74	58	39	24	41	37	100	49	
66	41	68	10	3	4	79	56	17	98	31	87	46	39	59	85	80	53	40	14	37	83	75	49	62	73	33	30	63	50	20	30	56	88	75	77	18	22	40	35	92	53	72	35	1	3	19	48	71	98	11	39	17	58	99	54	14	25	26	68	47	11	34	65	35	29	43	47	84	10	44	49	80	4	99	90	17	31	99	57	26	57	14	97	80	42	19	-1	63	11	82	32	64	64	23	41	48	60	76	14	
19	20	92	56	17	52	87	47	74	58	76	79	84	6	60	16	47	80	33	74	85	61	68	59	89	47	28	72	10	52	86	95	35	72	28	54	35	57	85	92	73	94	3	60	65	90	8	94	37	36	26	71	75	97	69	56	60	71	11	39	6	25	37	51	17	15	6	97	49	12	70	2	82	24	70	10	69	15	32	38	1	62	83	54	54	45	76	63	-1	42	37	79	13	21	83	11	99	80	64	86	
17	87	25	43	37	81	47	43	4	10	53	53	16	32	67	31	45	74	82	68	10	86	6	79	71	27	23	82	26	22	54	7	82	20	20	16	97	29	79	47	36	68	25	97	97	38	16	38	28	63	84	28	96	11	8	82	19	62	59	59	4	59	97	36	66	87	9	99	15	8	56	52	78	33	22	98	75	61	66	100	48	5	84	45	12	69	80	11	42	-1	97	77	64	10	31	53	83	93	78	80	
45	11	44	60	68	49	4	75	80	76	69	13	7	55	71	24	46	8	73	92	6	37	43	19	84	33	46	94	66	86	45	74	28	90	44	41	49	20	53	1	89	39	89	67	40	76	79	33	47	39	78	89	50	74	2	37	90	98	75	85	65	72	94	33	9	4	36	94	70	45	68	50	42	89	7	50	41	22	67	3	71	65	88	92	32	12	88	82	37	97	-1	48	15	70	22	98	92	44	81	93	
95	68	33	44	73	66	88	54	2	88	8	72	72	28	85	6	78	76	93	91	89	4	74	48	80	41	60	46	52	62	88	8	15	23	26	38	35	72	17	45	88	54	27	18	63	90	27	81	39	13	24	12	8	53	2	28	74	69	49	62	12	63	99	10	75	85	88	26	97	69	100	53	17	38	34	12	60	57	43	81	92	78	85	25	43	20	5	32	79	77	48	-1	86	83	53	92	55	69	92	84	
37	21	46	72	60	21	59	44	36	21	25	16	11	93	28	80	45	76	38	69	59	86	16	16	2	29	90	25	26	86	50	89	100	33	76	16	54	7	48	48	10	51	82	55	67	20	39	34	59	18	90	53	35	91	24	45	32	77	88	32	32	53	82	70	49	33	87	98	32	15	90	71	53	69	63	37	80	35	42	53	99	16	59	21	96	92	74	64	13	64	15	86	-1	71	33	32	23	69	28	73	
77	33	58	67	56	70	86	46	20	46	58	47	47	99	27	34	30	87	56	55	85	12	75	13	65	37	78	6	92	94	29	87	45	22	95	32	91	21	56	83	31	46	45	30	91	28	48	32	3	77	81	88	78	10	50	3	97	67	23	79	73	21	36	43	90	2	49	73	36	96	97	83	72	30	81	61	3	47	1	61	86	52	35	33	42	48	58	64	21	10	70	83	71	-1	74	4	89	67	68	56	
100	35	23	83	96	63	11	87	58	71	67	87	62	22	7	42	76	57	5	47	99	23	63	93	52	90	54	83	83	12	42	84	91	64	26	70	33	41	76	63	57	37	69	55	74	39	11	90	21	53	8	37	22	14	56	27	57	85	73	5	87	88	49	67	95	95	56	96	87	46	63	81	20	68	100	92	50	88	30	25	79	25	12	52	48	88	39	23	83	31	22	53	33	74	-1	92	99	92	32	13	
41	44	92	54	29	100	99	6	40	53	31	61	67	95	89	76	39	47	91	87	66	11	20	58	98	42	16	78	16	92	5	48	58	98	99	87	55	64	31	85	12	81	27	26	54	48	15	28	24	69	98	56	21	72	7	97	17	69	36	76	50	95	75	71	81	5	22	24	89	44	85	93	8	8	32	19	17	11	2	69	63	26	18	25	18	1	24	41	11	53	98	92	32	4	92	-1	69	64	42	9	
56	60	79	65	88	78	37	61	31	74	77	58	70	89	34	99	73	2	81	86	100	41	92	23	21	47	43	5	4	98	31	97	30	22	82	6	83	40	84	83	15	7	20	24	32	49	30	61	90	85	17	58	79	18	48	23	54	5	70	96	34	43	93	48	67	69	76	34	35	20	55	71	33	54	5	48	64	38	1	58	79	36	85	25	45	45	41	48	99	83	92	55	23	89	99	69	-1	31	3	33	
31	51	77	66	61	8	37	93	56	83	62	85	25	97	69	43	68	86	89	91	97	67	27	32	64	69	69	82	38	61	78	17	82	32	17	22	48	55	51	15	68	8	9	58	72	19	25	57	15	99	35	53	50	36	30	96	64	35	20	19	30	27	99	28	7	4	72	28	18	67	23	40	67	77	96	62	68	19	96	45	48	11	12	68	48	73	37	60	80	93	44	69	69	67	92	64	31	-1	64	80	
77	57	99	16	34	21	2	51	34	41	97	87	49	80	35	9	20	12	74	75	39	54	52	37	9	19	10	12	18	75	43	37	44	73	22	92	84	66	47	59	78	57	97	21	88	80	65	96	62	61	61	18	25	69	2	84	39	70	55	39	67	42	46	4	72	31	99	74	8	23	3	88	71	75	6	71	97	21	67	42	33	50	79	97	59	8	100	76	64	78	81	92	28	68	32	42	3	64	-1	60	
65	84	79	19	83	99	37	40	65	79	79	27	79	87	35	98	47	56	73	47	13	15	18	71	37	64	49	7	98	61	78	34	56	64	87	17	22	36	12	76	82	69	7	7	53	80	100	53	83	28	46	39	26	5	55	31	99	13	39	21	31	51	91	38	69	90	69	22	19	23	51	28	76	75	39	50	95	17	62	14	90	73	90	13	81	14	49	14	86	80	93	84	73	56	13	9	33	80	60	-1	
