100
-1	67	58	50	17	7	4	100	10	12	53	46	33	19	26	51	38	97	54	14	15	41	94	64	6	36	64	33	50	30	84	96	2	60	99	56	84	91	60	36	25	36	77	44	53	75	3	57	30	33	76	52	24	41	4	19	52	79	53	85	97	76	32	94	30	89	93	36	33	50	42	7	24	64	47	84	14	54	3	54	36	88	79	8	100	89	35	90	50	19	29	50	77	32	91	18	76	80	83	51	
67	-1	42	68	52	31	15	97	23	76	68	25	75	56	96	57	30	8	23	100	35	53	35	75	92	24	62	78	5	92	60	65	25	93	93	22	89	7	93	42	9	33	70	83	25	96	74	81	73	75	45	43	17	64	29	8	16	70	24	89	46	89	53	89	51	19	76	80	78	84	7	80	54	36	77	13	27	55	85	35	96	33	54	14	52	31	74	17	91	82	71	25	51	95	17	32	42	83	77	97	
58	42	-1	5	56	57	99	85	91	53	90	45	31	62	8	36	38	5	32	45	38	95	79	16	19	50	11	47	51	26	85	53	11	57	54	21	36	31	94	42	44	58	48	37	33	97	91	4	78	96	73	22	94	75	77	68	73	42	23	26	10	81	9	52	21	75	90	34	88	37	69	6	33	96	75	25	26	30	86	57	73	21	38	42	13	48	100	37	37	36	64	73	75	34	11	20	67	1	66	17	
50	68	5	-1	53	34	66	40	68	34	20	93	17	21	66	97	44	49	51	90	32	68	11	89	65	81	59	67	93	20	68	11	68	33	38	69	25	71	2	84	88	82	55	51	33	53	13	71	41	48	59	80	68	40	15	72	46	8	92	16	2	32	63	32	76	44	13	50	77	80	4	54	65	46	7	37	16	59	83	36	81	93	3	87	87	60	24	41	68	76	70	92	17	15	25	28	38	10	59	53	
17	52	56	53	-1	70	81	1	15	67	43	97	55	21	27	39	62	48	25	79	47	39	72	89	64	88	16	25	24	34	99	54	57	8	7	70	57	7	82	36	6	65	20	32	95	56	65	18	64	91	93	38	93	86	44	71	21	20	29	78	8	68	32	21	90	29	83	91	78	43	6	51	80	97	31	49	51	9	65	63	34	56	43	92	83	42	95	37	5	18	87	9	26	17	88	43	76	85	89	65	
7	31	57	34	70	-1	21	52	3	70	100	94	30	71	6	16	74	27	77	57	95	10	40	34	30	92	15	32	30	53	32	56	53	7	74	20	46	85	89	17	3	19	74	57	78	47	41	97	94	2	8	73	39	16	77	42	41	87	35	12	33	39	33	82	41	10	20	47	10	74	10	42	91	99	22	84	35	17	62	88	75	19	19	47	33	93	8	58	76	75	21	5	46	50	2	69	78	87	66	40	
4	15	99	66	81	21	-1	77	10	45	11	7	89	9	40	69	8	39	5	58	87	82	57	39	14	36	90	99	20	14	27	51	95	5	10	49	83	5	12	7	25	76	24	42	34	78	21	12	9	4	48	35	17	82	78	87	10	62	30	93	93	26	53	1	74	72	45	21	81	8	3	67	17	22	29	74	29	18	92	35	31	80	34	85	66	47	18	14	34	13	18	32	35	51	33	20	42	91	98	84	
100	97	85	40	1	52	77	-1	6	27	54	63	31	20	58	69	68	91	11	47	75	23	25	42	29	47	85	55	33	81	10	6	33	95	42	31	79	12	74	48	26	91	71	97	10	80	91	44	91	43	40	60	32	45	34	88	7	68	83	20	76	82	10	60	44	5	24	100	23	49	95	6	76	71	28	14	15	29	56	3	75	98	37	54	55	59	26	64	11	5	16	51	55	97	38	57	67	46	87	25	
10	23	91	68	15	3	10	6	-1	35	10	63	74	41	19	59	57	73	95	33	37	76	18	28	45	48	68	43	94	58	67	24	97	53	65	99	83	11	52	39	7	2	61	64	20	4	32	38	44	26	35	83	24	17	17	3	88	42	72	15	89	40	36	75	74	79	22	7	40	19	77	21	18	97	100	32	99	62	85	64	93	42	96	12	94	67	86	52	73	25	64	13	47	20	10	37	2	64	33	99	
12	76	53	34	67	70	45	27	35	-1	53	48	17	35	34	23	87	86	85	50	62	73	57	86	90	82	96	1	58	62	58	11	34	64	86	71	33	11	36	29	57	92	30	94	43	90	66	70	72	58	72	45	60	64	64	38	90	63	34	68	12	89	76	33	33	10	43	72	88	63	6	89	78	80	3	56	7	87	96	18	73	59	41	95	89	3	6	9	63	49	63	23	4	17	23	86	38	38	42	12	
53	68	90	20	43	100	11	54	10	53	-1	7	58	38	13	13	81	88	79	73	28	6	8	29	91	24	91	36	89	47	28	5	74	29	95	7	66	70	88	91	20	27	50	98	61	1	29	37	90	52	46	50	83	53	100	13	65	44	98	98	18	90	54	73	96	26	56	63	52	90	11	91	44	93	87	18	34	27	20	54	19	20	82	89	50	92	81	24	41	39	55	85	86	4	32	18	50	3	17	35	
46	25	45	93	97	94	7	63	63	48	7	-1	27	92	88	71	46	58	35	29	7	23	63	65	27	100	82	86	63	85	96	54	99	35	39	52	90	29	65	20	20	96	63	56	39	86	43	18	10	92	73	78	7	99	89	29	28	56	55	54	21	94	12	59	32	13	5	63	20	77	50	88	42	93	85	76	36	88	87	88	4	84	25	18	26	65	55	2	77	100	13	75	87	21	86	56	78	73	46	99	
33	75	31	17	55	30	89	31	74	17	58	27	-1	37	60	71	88	32	70	84	86	31	84	56	25	13	41	57	15	91	70	76	100	18	35	7	20	23	68	70	24	98	99	30	79	1	93	71	23	22	22	99	26	2	60	48	42	99	29	70	80	28	66	89	4	71	83	66	26	60	7	35	99	64	30	64	40	1	66	15	82	60	62	79	9	94	42	13	6	11	62	47	6	92	73	89	17	12	86	25	
19	56	62	21	21	71	9	20	41	35	38	92	37	-1	87	22	16	78	86	33	91	64	56	27	65	94	19	10	26	12	98	20	24	91	49	46	42	37	56	71	14	29	76	94	69	57	98	5	5	86	12	39	30	19	53	69	82	57	17	84	2	93	29	18	70	51	32	82	91	3	78	89	19	85	75	87	15	13	40	33	60	71	1	40	75	29	99	45	15	7	52	11	30	90	87	34	46	48	10	49	
26	96	8	66	27	6	40	58	19	34	13	88	60	87	-1	49	75	60	66	82	56	40	76	58	50	99	30	63	3	6	34	14	93	40	45	63	41	29	33	37	16	67	39	59	63	63	21	46	30	75	87	40	35	23	98	84	95	78	20	3	40	6	43	83	60	66	52	25	78	47	43	36	19	41	4	12	36	72	92	29	15	66	70	60	1	70	3	34	57	54	60	39	66	9	98	73	14	80	86	42	
51	57	36	97	39	16	69	69	59	23	13	71	71	22	49	-1	95	2	18	95	27	62	39	82	94	40	69	65	86	26	100	52	95	23	89	36	44	53	68	1	54	20	15	29	46	63	26	86	60	15	80	2	34	56	79	85	22	3	44	75	41	57	94	22	80	54	38	34	43	74	65	83	35	2	25	47	24	6	26	5	96	5	3	93	83	34	92	1	99	53	89	99	13	73	98	51	41	57	16	28	
38	30	38	44	62	74	8	68	57	87	81	46	88	16	75	95	-1	47	97	72	22	67	47	10	79	89	81	33	43	20	16	74	31	52	45	82	49	90	83	23	32	17	70	61	55	90	62	1	5	55	15	39	22	27	43	65	61	21	100	91	87	71	89	64	26	29	55	49	55	55	44	20	20	35	46	96	54	62	57	55	70	76	95	16	91	17	7	2	16	75	24	16	22	46	59	95	12	8	71	25	
97	8	5	49	48	27	39	91	73	86	88	58	32	78	60	2	47	-1	73	41	49	32	29	59	55	82	68	13	88	89	83	57	53	54	37	1	14	81	53	48	92	85	40	65	90	34	74	90	46	78	36	52	5	93	80	58	89	62	56	29	1	31	56	87	14	32	7	95	37	15	4	75	53	8	33	39	38	65	52	85	78	5	71	21	80	20	45	36	18	82	47	47	67	53	21	62	49	32	54	6	
54	23	32	51	25	77	5	11	95	85	79	35	70	86	66	18	97	73	-1	43	90	49	1	34	62	33	36	24	88	1	9	45	68	84	68	74	49	16	40	60	49	42	66	87	83	61	85	38	1	62	66	92	51	60	42	39	87	71	17	95	87	3	54	67	64	45	68	44	92	73	27	10	71	2	8	56	93	50	1	9	83	87	68	40	86	56	25	20	60	52	98	28	90	20	47	74	54	28	26	45	
14	100	45	90	79	57	58	47	33	50	73	29	84	33	82	95	72	41	43	-1	82	47	56	41	88	38	81	30	71	78	93	99	22	57	56	40	36	83	46	38	83	12	18	26	13	5	96	12	64	11	98	89	65	91	32	68	40	89	58	93	57	90	54	59	62	99	1	3	19	99	47	68	66	31	10	53	52	62	78	37	88	7	34	57	3	77	31	55	99	30	63	26	4	49	15	18	11	14	100	69	
15	35	38	32	47	95	87	75	37	62	28	7	86	91	56	27	22	49	90	82	-1	9	53	73	58	11	85	93	37	84	14	81	47	16	67	77	84	6	29	68	42	33	10	47	36	46	41	17	11	77	2	36	75	20	48	47	41	88	90	48	99	3	39	64	88	6	45	21	2	4	59	3	82	46	13	51	23	4	100	7	58	100	3	54	16	90	38	95	55	100	65	11	90	19	67	60	84	49	31	55	
41	53	95	68	39	10	82	23	76	73	6	23	31	64	40	62	67	32	49	47	9	-1	8	4	62	33	70	74	59	6	88	43	19	6	87	84	25	85	84	2	97	53	55	79	63	9	86	54	15	12	33	97	86	58	89	29	28	98	82	50	35	69	54	13	42	42	71	70	79	54	68	87	86	30	2	28	12	90	60	86	87	1	17	37	70	99	29	89	55	9	71	40	39	83	73	48	29	50	29	24	
94	35	79	11	72	40	57	25	18	57	8	63	84	56	76	39	47	29	1	56	53	8	-1	15	9	78	63	53	9	42	77	4	100	15	69	70	50	59	59	87	5	41	39	4	23	100	10	29	21	62	58	32	7	25	20	47	89	61	57	30	48	58	93	70	68	43	41	78	88	96	46	68	93	64	83	50	64	13	90	74	11	96	41	86	96	32	88	32	22	18	17	5	44	83	72	12	85	37	25	37	
64	75	16	89	89	34	39	42	28	86	29	65	56	27	58	82	10	59	34	41	73	4	15	-1	87	39	82	55	70	66	9	91	3	31	10	42	68	47	44	80	42	69	98	26	30	83	3	85	3	28	43	68	29	80	88	96	90	48	51	90	37	43	53	9	12	17	32	4	68	80	27	90	76	68	48	56	54	15	95	95	37	45	68	75	72	20	52	91	82	91	2	18	14	88	67	41	76	83	50	38	
6	92	19	65	64	30	14	29	45	90	91	27	25	65	50	94	79	55	62	88	58	62	9	87	-1	13	89	98	12	3	38	4	20	97	3	17	15	66	34	72	13	75	97	48	46	90	85	81	87	48	84	51	11	19	18	59	86	56	97	85	62	35	98	29	84	17	97	46	45	49	40	51	62	90	48	28	1	47	89	69	48	76	47	90	59	4	53	82	65	80	85	60	39	27	48	19	17	62	43	4	
36	24	50	81	88	92	36	47	48	82	24	100	13	94	99	40	89	82	33	38	11	33	78	39	13	-1	5	54	18	62	69	92	72	24	83	24	39	79	91	25	54	14	17	68	68	13	91	55	35	15	33	72	64	70	27	73	45	32	99	90	68	95	55	81	26	16	9	38	20	21	38	16	72	4	64	58	84	7	87	9	50	54	18	37	67	10	21	46	6	19	86	41	3	7	76	15	65	36	79	9	
64	62	11	59	16	15	90	85	68	96	91	82	41	19	30	69	81	68	36	81	85	70	63	82	89	5	-1	23	40	86	20	34	57	69	91	3	88	43	95	35	33	23	99	24	63	81	36	86	35	11	58	78	55	92	7	69	29	81	100	88	45	63	74	66	19	24	62	4	8	53	57	48	56	59	5	12	89	21	20	77	2	6	10	29	90	31	64	50	89	23	47	32	43	72	34	90	84	33	4	76	
33	78	47	67	25	32	99	55	43	1	36	86	57	10	63	65	33	13	24	30	93	74	53	55	98	54	23	-1	23	14	26	83	76	64	80	54	12	26	1	31	86	23	64	1	67	92	80	13	93	64	59	82	41	15	79	22	62	60	25	89	54	26	94	92	91	88	19	50	24	52	4	29	41	65	33	53	72	77	75	57	2	85	88	46	81	66	13	72	79	84	40	90	15	61	11	21	54	8	95	12	
50	5	51	93	24	30	20	33	94	58	89	63	15	26	3	86	43	88	88	71	37	59	9	70	12	18	40	23	-1	77	91	80	79	34	57	100	85	56	56	58	42	22	86	57	41	66	34	1	14	10	74	38	35	59	23	15	12	66	48	20	65	96	70	70	47	44	12	62	14	35	6	65	93	47	55	67	62	100	67	95	47	79	18	14	97	3	23	66	37	73	24	77	8	31	54	6	3	73	24	15	
30	92	26	20	34	53	14	81	58	62	47	85	91	12	6	26	20	89	1	78	84	6	42	66	3	62	86	14	77	-1	62	56	3	87	25	79	96	90	17	19	13	71	100	89	88	41	87	61	6	21	58	73	100	27	57	3	44	7	70	100	77	2	36	5	62	5	86	44	4	37	58	59	59	27	96	66	80	26	65	47	56	23	69	45	27	37	1	97	78	53	69	21	77	35	81	25	1	26	81	9	
84	60	85	68	99	32	27	10	67	58	28	96	70	98	34	100	16	83	9	93	14	88	77	9	38	69	20	26	91	62	-1	57	96	82	20	27	26	87	77	38	90	36	75	25	74	25	53	82	48	43	96	96	50	83	80	46	72	59	33	74	79	45	29	89	64	64	70	75	78	53	78	97	25	15	23	1	63	75	72	21	7	31	15	76	55	88	73	94	6	73	35	70	19	42	6	49	73	25	41	100	
96	65	53	11	54	56	51	6	24	11	5	54	76	20	14	52	74	57	45	99	81	43	4	91	4	92	34	83	80	56	57	-1	59	67	1	42	62	62	1	43	8	62	96	24	3	58	4	96	55	56	8	15	8	39	12	17	91	64	91	13	66	95	29	98	31	100	99	13	41	50	55	12	49	58	68	55	100	59	10	9	56	88	78	62	56	86	72	10	95	96	84	68	60	84	98	40	47	49	70	70	
2	25	11	68	57	53	95	33	97	34	74	99	100	24	93	95	31	53	68	22	47	19	100	3	20	72	57	76	79	3	96	59	-1	80	26	60	8	17	32	80	33	33	50	44	99	58	11	57	34	98	85	24	51	58	85	33	64	79	12	45	96	86	4	63	92	28	86	56	31	65	42	36	64	46	59	20	58	18	82	66	89	95	53	42	42	97	76	70	63	86	46	64	40	81	87	43	77	84	70	83	
60	93	57	33	8	7	5	95	53	64	29	35	18	91	40	23	52	54	84	57	16	6	15	31	97	24	69	64	34	87	82	67	80	-1	85	73	15	60	38	25	55	49	10	16	83	14	69	79	84	31	88	51	36	76	50	85	62	81	17	59	14	56	43	82	95	81	45	8	32	57	32	59	57	71	18	55	96	19	67	21	20	100	33	85	33	13	29	57	16	22	7	70	59	32	63	98	24	54	21	30	
99	93	54	38	7	74	10	42	65	86	95	39	35	49	45	89	45	37	68	56	67	87	69	10	3	83	91	80	57	25	20	1	26	85	-1	75	45	45	51	58	98	48	32	29	87	67	2	13	16	89	86	59	90	23	54	40	13	62	18	28	81	29	85	30	6	95	93	51	29	27	71	29	3	34	30	12	100	37	77	89	82	3	3	3	3	78	3	15	77	1	36	21	97	16	99	32	41	48	66	60	
56	22	21	69	70	20	49	31	99	71	7	52	7	46	63	36	82	1	74	40	77	84	70	42	17	24	3	54	100	79	27	42	60	73	75	-1	94	48	67	22	92	17	26	47	64	96	39	58	4	29	35	48	29	24	37	29	69	13	80	64	54	26	71	58	59	35	84	3	38	65	60	33	38	36	87	57	25	54	91	71	81	53	12	38	90	10	31	48	47	94	25	15	46	41	74	52	29	14	100	3	
84	89	36	25	57	46	83	79	83	33	66	90	20	42	41	44	49	14	49	36	84	25	50	68	15	39	88	12	85	96	26	62	8	15	45	94	-1	47	90	78	67	45	5	70	95	85	37	42	61	45	68	83	46	64	40	2	54	30	40	44	21	80	98	55	67	49	75	29	12	15	83	24	11	18	2	91	76	23	26	76	35	63	2	22	39	69	69	69	70	70	15	28	31	76	21	99	98	85	84	41	
91	7	31	71	7	85	5	12	11	11	70	29	23	37	29	53	90	81	16	83	6	85	59	47	66	79	43	26	56	90	87	62	17	60	45	48	47	-1	47	28	64	7	93	91	48	53	76	39	21	16	13	33	18	97	45	47	43	65	65	19	23	94	16	74	22	69	57	67	3	28	51	44	64	10	22	66	63	21	32	77	77	27	59	86	86	63	89	17	88	26	86	29	35	85	44	94	28	66	97	25	
60	93	94	2	82	89	12	74	52	36	88	65	68	56	33	68	83	53	40	46	29	84	59	44	34	91	95	1	56	17	77	1	32	38	51	67	90	47	-1	36	43	92	13	76	26	17	9	3	78	42	65	100	80	86	19	40	65	90	51	21	63	57	16	28	98	12	72	25	98	17	21	57	94	38	26	76	50	42	54	63	37	1	15	48	88	45	90	89	43	92	64	46	29	14	96	14	89	78	28	15	
36	42	42	84	36	17	7	48	39	29	91	20	70	71	37	1	23	48	60	38	68	2	87	80	72	25	35	31	58	19	38	43	80	25	58	22	78	28	36	-1	80	25	85	72	80	18	27	24	55	74	100	73	65	98	87	2	70	37	28	9	88	71	94	15	47	42	17	41	5	60	94	87	4	46	40	95	26	52	8	36	89	64	42	99	55	15	53	30	55	5	25	47	88	32	56	72	18	64	24	60	
25	9	44	88	6	3	25	26	7	57	20	20	24	14	16	54	32	92	49	83	42	97	5	42	13	54	33	86	42	13	90	8	33	55	98	92	67	64	43	80	-1	83	42	54	16	67	78	14	72	43	90	77	79	3	12	78	78	54	63	42	48	74	73	42	53	52	2	82	44	49	84	31	61	82	95	41	100	73	100	30	88	72	10	58	11	57	94	35	82	3	82	24	95	5	5	33	13	12	10	21	
36	33	58	82	65	19	76	91	2	92	27	96	98	29	67	20	17	85	42	12	33	53	41	69	75	14	23	23	22	71	36	62	33	49	48	17	45	7	92	25	83	-1	80	89	19	48	66	23	59	33	53	34	33	46	98	5	87	55	38	21	99	9	23	98	41	20	64	61	50	23	48	91	75	35	48	58	96	53	4	13	30	63	45	68	79	85	60	97	53	24	21	36	26	24	76	94	35	39	35	100	
77	70	48	55	20	74	24	71	61	30	50	63	99	76	39	15	70	40	66	18	10	55	39	98	97	17	99	64	86	100	75	96	50	10	32	26	5	93	13	85	42	80	-1	95	1	54	6	45	37	68	51	19	88	39	85	37	76	30	38	49	67	68	88	73	70	7	85	20	40	26	68	20	95	4	18	8	54	23	60	64	55	48	4	41	27	71	31	67	30	48	42	4	81	51	47	70	75	98	90	36	
44	83	37	51	32	57	42	97	64	94	98	56	30	94	59	29	61	65	87	26	47	79	4	26	48	68	24	1	57	89	25	24	44	16	29	47	70	91	76	72	54	89	95	-1	49	25	23	49	30	23	86	69	33	22	50	37	2	15	94	53	12	3	30	68	7	29	20	74	77	77	98	97	44	80	15	74	40	29	52	69	23	32	81	71	28	21	28	31	32	82	73	31	82	76	86	53	62	56	90	42	
53	25	33	33	95	78	34	10	20	43	61	39	79	69	63	46	55	90	83	13	36	63	23	30	46	68	63	67	41	88	74	3	99	83	87	64	95	48	26	80	16	19	1	49	-1	8	50	56	100	26	26	65	14	67	94	70	88	77	18	91	82	54	22	69	6	58	85	32	92	8	35	97	24	39	92	5	33	58	41	26	21	87	32	84	45	87	83	54	43	74	62	39	80	27	34	78	19	69	8	68	
75	96	97	53	56	47	78	80	4	90	1	86	1	57	63	63	90	34	61	5	46	9	100	83	90	13	81	92	66	41	25	58	58	14	67	96	85	53	17	18	67	48	54	25	8	-1	31	28	89	12	88	25	94	96	81	12	96	72	32	9	42	91	70	85	94	100	97	13	92	25	59	31	68	42	53	4	91	89	88	45	57	78	66	62	2	32	69	48	93	13	95	22	24	47	1	15	93	95	10	6	
3	74	91	13	65	41	21	91	32	66	29	43	93	98	21	26	62	74	85	96	41	86	10	3	85	91	36	80	34	87	53	4	11	69	2	39	37	76	9	27	78	66	6	23	50	31	-1	28	58	90	13	74	45	20	18	93	6	83	27	58	61	88	5	76	60	89	16	13	25	4	8	29	83	63	27	53	56	70	85	38	86	86	88	66	29	29	17	64	7	81	42	47	17	1	22	95	62	46	94	44	
57	81	4	71	18	97	12	44	38	70	37	18	71	5	46	86	1	90	38	12	17	54	29	85	81	55	86	13	1	61	82	96	57	79	13	58	42	39	3	24	14	23	45	49	56	28	28	-1	45	46	26	30	8	59	71	14	14	26	58	45	96	42	1	34	20	78	52	98	21	89	90	17	63	54	69	60	30	87	96	5	97	6	56	87	37	69	33	51	34	53	89	26	17	94	29	100	6	2	59	16	
30	73	78	41	64	94	9	91	44	72	90	10	23	5	30	60	5	46	1	64	11	15	21	3	87	35	35	93	14	6	48	55	34	84	16	4	61	21	78	55	72	59	37	30	100	89	58	45	-1	48	60	35	96	71	86	46	60	65	40	65	26	64	59	90	12	59	86	23	14	31	60	86	45	52	58	52	25	32	54	90	90	31	93	78	16	36	33	6	96	39	41	44	65	87	77	36	69	2	13	59	
33	75	96	48	91	2	4	43	26	58	52	92	22	86	75	15	55	78	62	11	77	12	62	28	48	15	11	64	10	21	43	56	98	31	89	29	45	16	42	74	43	33	68	23	26	12	90	46	48	-1	85	14	9	73	50	46	63	10	72	2	24	77	11	87	28	45	45	14	27	11	63	67	43	11	55	61	60	86	77	69	98	52	17	50	31	95	77	83	80	80	7	39	23	36	25	72	89	1	86	15	
76	45	73	59	93	8	48	40	35	72	46	73	22	12	87	80	15	36	66	98	2	33	58	43	84	33	58	59	74	58	96	8	85	88	86	35	68	13	65	100	90	53	51	86	26	88	13	26	60	85	-1	93	46	8	70	74	5	96	75	5	48	74	4	2	46	66	60	15	70	81	86	93	68	100	59	96	99	30	48	73	7	84	41	18	7	94	75	4	66	28	41	67	42	18	29	63	21	91	92	79	
52	43	22	80	38	73	35	60	83	45	50	78	99	39	40	2	39	52	92	89	36	97	32	68	51	72	78	82	38	73	96	15	24	51	59	48	83	33	100	73	77	34	19	69	65	25	74	30	35	14	93	-1	7	40	55	31	16	56	72	45	78	43	26	59	89	47	16	50	11	42	87	19	2	90	94	31	40	54	29	64	53	90	17	34	27	80	64	65	26	87	7	37	69	36	12	67	41	23	57	66	
24	17	94	68	93	39	17	32	24	60	83	7	26	30	35	34	22	5	51	65	75	86	7	29	11	64	55	41	35	100	50	8	51	36	90	29	46	18	80	65	79	33	88	33	14	94	45	8	96	9	46	7	-1	48	88	82	14	49	59	26	76	30	77	75	98	82	25	96	88	64	50	58	83	72	69	87	97	52	32	95	98	85	64	71	69	100	92	75	29	79	84	90	10	81	9	5	7	84	69	48	
41	64	75	40	86	16	82	45	17	64	53	99	2	19	23	56	27	93	60	91	20	58	25	80	19	70	92	15	59	27	83	39	58	76	23	24	64	97	86	98	3	46	39	22	67	96	20	59	71	73	8	40	48	-1	10	72	17	60	78	88	17	22	15	52	9	2	31	47	21	23	27	94	98	26	17	60	14	58	33	43	16	31	38	31	90	82	63	54	39	27	93	44	84	16	38	79	97	66	54	50	
4	29	77	15	44	77	78	34	17	64	100	89	60	53	98	79	43	80	42	32	48	89	20	88	18	27	7	79	23	57	80	12	85	50	54	37	40	45	19	87	12	98	85	50	94	81	18	71	86	50	70	55	88	10	-1	20	33	1	1	37	32	41	61	36	29	46	17	91	10	55	64	100	97	39	89	86	66	80	75	27	30	46	59	45	94	35	82	87	48	78	51	95	65	42	48	73	60	4	88	42	
19	8	68	72	71	42	87	88	3	38	13	29	48	69	84	85	65	58	39	68	47	29	47	96	59	73	69	22	15	3	46	17	33	85	40	29	2	47	40	2	78	5	37	37	70	12	93	14	46	46	74	31	82	72	20	-1	70	31	85	6	54	90	47	87	51	36	81	68	48	12	30	93	3	55	63	83	1	10	15	6	72	6	90	84	95	95	18	33	78	85	99	93	97	65	75	58	30	35	26	35	
52	16	73	46	21	41	10	7	88	90	65	28	42	82	95	22	61	89	87	40	41	28	89	90	86	45	29	62	12	44	72	91	64	62	13	69	54	43	65	70	78	87	76	2	88	96	6	14	60	63	5	16	14	17	33	70	-1	77	35	50	60	48	69	12	75	55	41	17	95	74	99	16	34	36	68	57	48	79	13	75	77	1	7	37	31	96	100	10	26	50	79	57	24	26	82	83	1	91	80	93	
79	70	42	8	20	87	62	68	42	63	44	56	99	57	78	3	21	62	71	89	88	98	61	48	56	32	81	60	66	7	59	64	79	81	62	13	30	65	90	37	54	55	30	15	77	72	83	26	65	10	96	56	49	60	1	31	77	-1	73	98	29	92	19	14	98	100	22	88	56	47	14	59	53	77	26	13	60	29	43	22	65	41	15	9	5	59	63	21	26	99	38	77	82	48	11	79	57	59	44	30	
53	24	23	92	29	35	30	83	72	34	98	55	29	17	20	44	100	56	17	58	90	82	57	51	97	99	100	25	48	70	33	91	12	17	18	80	40	65	51	28	63	38	38	94	18	32	27	58	40	72	75	72	59	78	1	85	35	73	-1	1	17	92	26	2	59	82	84	93	79	56	42	47	1	14	4	30	25	74	72	44	3	4	23	60	10	14	72	9	61	90	36	76	16	7	11	46	27	60	58	86	
85	89	26	16	78	12	93	20	15	68	98	54	70	84	3	75	91	29	95	93	48	50	30	90	85	90	88	89	20	100	74	13	45	59	28	64	44	19	21	9	42	21	49	53	91	9	58	45	65	2	5	45	26	88	37	6	50	98	1	-1	56	3	77	4	25	57	100	93	59	10	68	57	25	76	83	71	8	3	92	83	16	88	79	94	75	54	17	41	5	9	87	71	52	96	24	45	13	100	88	79	
97	46	10	2	8	33	93	76	89	12	18	21	80	2	40	41	87	1	87	57	99	35	48	37	62	68	45	54	65	77	79	66	96	14	81	54	21	23	63	88	48	99	67	12	82	42	61	96	26	24	48	78	76	17	32	54	60	29	17	56	-1	46	87	58	17	65	42	14	69	69	91	32	34	51	22	39	38	60	66	1	72	37	22	29	61	27	17	35	4	81	19	33	43	30	89	10	72	39	46	79	
76	89	81	32	68	39	26	82	40	89	90	94	28	93	6	57	71	31	3	90	3	69	58	43	35	95	63	26	96	2	45	95	86	56	29	26	80	94	57	71	74	9	68	3	54	91	88	42	64	77	74	43	30	22	41	90	48	92	92	3	46	-1	56	85	58	35	79	38	91	99	76	66	83	78	82	80	90	55	75	74	13	85	48	29	5	10	26	92	39	51	99	79	16	19	43	11	56	74	29	69	
32	53	9	63	32	33	53	10	36	76	54	12	66	29	43	94	89	56	54	54	39	54	93	53	98	55	74	94	70	36	29	29	4	43	85	71	98	16	16	94	73	23	88	30	22	70	5	1	59	11	4	26	77	15	61	47	69	19	26	77	87	56	-1	85	23	17	89	41	58	12	40	84	71	50	15	71	7	34	5	43	32	74	42	26	34	33	34	99	9	51	9	73	12	24	16	78	45	15	21	84	
94	89	52	32	21	82	1	60	75	33	73	59	89	18	83	22	64	87	67	59	64	13	70	9	29	81	66	92	70	5	89	98	63	82	30	58	55	74	28	15	42	98	73	68	69	85	76	34	90	87	2	59	75	52	36	87	12	14	2	4	58	85	85	-1	66	60	6	95	94	28	76	80	92	48	5	33	22	49	58	46	35	6	98	100	70	83	30	32	66	32	68	31	38	5	58	23	92	92	83	36	
30	51	21	76	90	41	74	44	74	33	96	32	4	70	60	80	26	14	64	62	88	42	68	12	84	26	19	91	47	62	64	31	92	95	6	59	67	22	98	47	53	41	70	7	6	94	60	20	12	28	46	89	98	9	29	51	75	98	59	25	17	58	23	66	-1	79	67	75	32	53	77	9	63	10	91	14	63	84	79	85	7	29	83	66	63	80	50	59	91	21	28	56	44	16	64	57	71	54	3	70	
89	19	75	44	29	10	72	5	79	10	26	13	71	51	66	54	29	32	45	99	6	42	43	17	17	16	24	88	44	5	64	100	28	81	95	35	49	69	12	42	52	20	7	29	58	100	89	78	59	45	66	47	82	2	46	36	55	100	82	57	65	35	17	60	79	-1	91	97	26	46	41	61	46	20	9	8	39	89	28	19	75	2	60	21	1	10	60	48	10	7	29	37	58	30	52	29	46	11	20	85	
93	76	90	13	83	20	45	24	22	43	56	5	83	32	52	38	55	7	68	1	45	71	41	32	97	9	62	19	12	86	70	99	86	45	93	84	75	57	72	17	2	64	85	20	85	97	16	52	86	45	60	16	25	31	17	81	41	22	84	100	42	79	89	6	67	91	-1	1	90	58	89	80	50	23	85	34	88	23	48	28	24	24	46	37	90	24	15	82	35	66	16	60	21	50	10	90	20	56	37	37	
36	80	34	50	91	47	21	100	7	72	63	63	66	82	25	34	49	95	44	3	21	70	78	4	46	38	4	50	62	44	75	13	56	8	51	3	29	67	25	41	82	61	20	74	32	13	13	98	23	14	15	50	96	47	91	68	17	88	93	93	14	38	41	95	75	97	1	-1	2	31	10	96	42	11	88	77	73	7	63	89	17	27	70	39	81	24	63	24	60	17	69	73	29	23	17	34	12	4	96	26	
33	78	88	77	78	10	81	23	40	88	52	20	26	91	78	43	55	37	92	19	2	79	88	68	45	20	8	24	14	4	78	41	31	32	29	38	12	3	98	5	44	50	40	77	92	92	25	21	14	27	70	11	88	21	10	48	95	56	79	59	69	91	58	94	32	26	90	2	-1	91	24	15	15	35	83	12	7	19	81	21	83	65	40	66	82	17	52	36	93	7	41	71	38	4	81	43	95	39	37	62	
50	84	37	80	43	74	8	49	19	63	90	77	60	3	47	74	55	15	73	99	4	54	96	80	49	21	53	52	35	37	53	50	65	57	27	65	15	28	17	60	49	23	26	77	8	25	4	89	31	11	81	42	64	23	55	12	74	47	56	10	69	99	12	28	53	46	58	31	91	-1	93	79	93	37	96	33	52	10	24	16	33	85	44	85	41	29	70	12	24	85	24	26	69	18	82	77	89	56	64	49	
42	7	69	4	6	10	3	95	77	6	11	50	7	78	43	65	44	4	27	47	59	68	46	27	40	38	57	4	6	58	78	55	42	32	71	60	83	51	21	94	84	48	68	98	35	59	8	90	60	63	86	87	50	27	64	30	99	14	42	68	91	76	40	76	77	41	89	10	24	93	-1	2	28	53	76	10	48	15	40	33	57	89	71	3	24	22	91	8	80	100	32	36	71	98	39	70	35	1	96	62	
7	80	6	54	51	42	67	6	21	89	91	88	35	89	36	83	20	75	10	68	3	87	68	90	51	16	48	29	65	59	97	12	36	59	29	33	24	44	57	87	31	91	20	97	97	31	29	17	86	67	93	19	58	94	100	93	16	59	47	57	32	66	84	80	9	61	80	96	15	79	2	-1	95	77	58	78	10	86	33	67	27	25	56	48	22	92	72	51	17	9	65	58	95	99	55	43	25	69	28	80	
24	54	33	65	80	91	17	76	18	78	44	42	99	19	19	35	20	53	71	66	82	86	93	76	62	72	56	41	93	59	25	49	64	57	3	38	11	64	94	4	61	75	95	44	24	68	83	63	45	43	68	2	83	98	97	3	34	53	1	25	34	83	71	92	63	46	50	42	15	93	28	95	-1	98	80	89	74	40	82	78	16	11	32	21	11	94	20	49	83	28	20	55	25	81	75	85	74	77	87	43	
64	36	96	46	97	99	22	71	97	80	93	93	64	85	41	2	35	8	2	31	46	30	64	68	90	4	59	65	47	27	15	58	46	71	34	36	18	10	38	46	82	35	4	80	39	42	63	54	52	11	100	90	72	26	39	55	36	77	14	76	51	78	50	48	10	20	23	11	35	37	53	77	98	-1	50	24	43	11	75	46	1	36	11	81	40	21	69	32	60	30	39	46	10	19	100	92	50	40	56	76	
47	77	75	7	31	22	29	28	100	3	87	85	30	75	4	25	46	33	8	10	13	2	83	48	48	64	5	33	55	96	23	68	59	18	30	87	2	22	26	40	95	48	18	15	92	53	27	69	58	55	59	94	69	17	89	63	68	26	4	83	22	82	15	5	91	9	85	88	83	96	76	58	80	50	-1	70	33	82	51	81	75	49	15	99	70	62	4	11	29	19	47	22	35	97	57	34	27	7	83	83	
84	13	25	37	49	84	74	14	32	56	18	76	64	87	12	47	96	39	56	53	51	28	50	56	28	58	12	53	67	66	1	55	20	55	12	57	91	66	76	95	41	58	8	74	5	4	53	60	52	61	96	31	87	60	86	83	57	13	30	71	39	80	71	33	14	8	34	77	12	33	10	78	89	24	70	-1	66	24	18	24	95	33	33	85	84	73	32	92	75	20	19	98	55	59	91	79	12	60	41	77	
14	27	26	16	51	35	29	15	99	7	34	36	40	15	36	24	54	38	93	52	23	12	64	54	1	84	89	72	62	80	63	100	58	96	100	25	76	63	50	26	100	96	54	40	33	91	56	30	25	60	99	40	97	14	66	1	48	60	25	8	38	90	7	22	63	39	88	73	7	52	48	10	74	43	33	66	-1	60	92	97	76	28	83	80	70	86	22	37	45	40	92	60	29	81	6	93	56	87	95	100	
54	55	30	59	9	17	18	29	62	87	27	88	1	13	72	6	62	65	50	62	4	90	13	15	47	7	21	77	100	26	75	59	18	19	37	54	23	21	42	52	73	53	23	29	58	89	70	87	32	86	30	54	52	58	80	10	79	29	74	3	60	55	34	49	84	89	23	7	19	10	15	86	40	11	82	24	60	-1	75	13	12	48	39	77	15	73	31	76	50	56	8	1	94	22	11	44	97	2	77	72	
3	85	86	83	65	62	92	56	85	96	20	87	66	40	92	26	57	52	1	78	100	60	90	95	89	87	20	75	67	65	72	10	82	67	77	91	26	32	54	8	100	4	60	52	41	88	85	96	54	77	48	29	32	33	75	15	13	43	72	92	66	75	5	58	79	28	48	63	81	24	40	33	82	75	51	18	92	75	-1	29	71	49	2	82	65	9	35	57	61	46	88	10	75	18	32	55	27	59	56	38	
54	35	57	36	63	88	35	3	64	18	54	88	15	33	29	5	55	85	9	37	7	86	74	95	69	9	77	57	95	47	21	9	66	21	89	71	76	77	63	36	30	13	64	69	26	45	38	5	90	69	73	64	95	43	27	6	75	22	44	83	1	74	43	46	85	19	28	89	21	16	33	67	78	46	81	24	97	13	29	-1	91	9	94	86	64	62	34	84	24	45	41	55	51	73	86	1	37	80	27	12	
36	96	73	81	34	75	31	75	93	73	19	4	82	60	15	96	70	78	83	88	58	87	11	37	48	50	2	2	47	56	7	56	89	20	82	81	35	77	37	89	88	30	55	23	21	57	86	97	90	98	7	53	98	16	30	72	77	65	3	16	72	13	32	35	7	75	24	17	83	33	57	27	16	1	75	95	76	12	71	91	-1	10	72	28	9	95	40	66	2	96	42	6	58	54	56	7	89	39	56	17	
88	33	21	93	56	19	80	98	42	59	20	84	60	71	66	5	76	5	87	7	100	1	96	45	76	54	6	85	79	23	31	88	95	100	3	53	63	27	1	64	72	63	48	32	87	78	86	6	31	52	84	90	85	31	46	6	1	41	4	88	37	85	74	6	29	2	24	27	65	85	89	25	11	36	49	33	28	48	49	9	10	-1	61	4	36	76	68	67	74	41	34	52	56	83	18	37	56	40	100	52	
79	54	38	3	43	19	34	37	96	41	82	25	62	1	70	3	95	71	68	34	3	17	41	68	47	18	10	88	18	69	15	78	53	33	3	12	2	59	15	42	10	45	4	81	32	66	88	56	93	17	41	17	64	38	59	90	7	15	23	79	22	48	42	98	83	60	46	70	40	44	71	56	32	11	15	33	83	39	2	94	72	61	-1	22	17	30	44	42	36	84	16	19	84	20	83	36	90	2	1	67	
8	14	42	87	92	47	85	54	12	95	89	18	79	40	60	93	16	21	40	57	54	37	86	75	90	37	29	46	14	45	76	62	42	85	3	38	22	86	48	99	58	68	41	71	84	62	66	87	78	50	18	34	71	31	45	84	37	9	60	94	29	29	26	100	66	21	37	39	66	85	3	48	21	81	99	85	80	77	82	86	28	4	22	-1	26	22	85	71	39	23	47	58	75	20	95	14	39	13	87	11	
100	52	13	87	83	33	66	55	94	89	50	26	9	75	1	83	91	80	86	3	16	70	96	72	59	67	90	81	97	27	55	56	42	33	3	90	39	86	88	55	11	79	27	28	45	2	29	37	16	31	7	27	69	90	94	95	31	5	10	75	61	5	34	70	63	1	90	81	82	41	24	22	11	40	70	84	70	15	65	64	9	36	17	26	-1	75	36	10	2	48	57	78	96	57	19	43	90	75	55	100	
89	31	48	60	42	93	47	59	67	3	92	65	94	29	70	34	17	20	56	77	90	99	32	20	4	10	31	66	3	37	88	86	97	13	78	10	69	63	45	15	57	85	71	21	87	32	29	69	36	95	94	80	100	82	35	95	96	59	14	54	27	10	33	83	80	10	24	24	17	29	22	92	94	21	62	73	86	73	9	62	95	76	30	22	75	-1	76	85	86	81	24	52	10	82	96	24	81	55	74	62	
35	74	100	24	95	8	18	26	86	6	81	55	42	99	3	92	7	45	25	31	38	29	88	52	53	21	64	13	23	1	73	72	76	29	3	31	69	89	90	53	94	60	31	28	83	69	17	33	33	77	75	64	92	63	82	18	100	63	72	17	17	26	34	30	50	60	15	63	52	70	91	72	20	69	4	32	22	31	35	34	40	68	44	85	36	76	-1	14	60	47	74	100	43	2	48	56	59	83	3	73	
90	17	37	41	37	58	14	64	52	9	24	2	13	45	34	1	2	36	20	55	95	89	32	91	82	46	50	72	66	97	94	10	70	57	15	48	69	17	89	30	35	97	67	31	54	48	64	51	6	83	4	65	75	54	87	33	10	21	9	41	35	92	99	32	59	48	82	24	36	12	8	51	49	32	11	92	37	76	57	84	66	67	42	71	10	85	14	-1	4	19	66	6	5	73	99	20	40	73	16	44	
50	91	37	68	5	76	34	11	73	63	41	77	6	15	57	99	16	18	60	99	55	55	22	82	65	6	89	79	37	78	6	95	63	16	77	47	70	88	43	55	82	53	30	32	43	93	7	34	96	80	66	26	29	39	48	78	26	26	61	5	4	39	9	66	91	10	35	60	93	24	80	17	83	60	29	75	45	50	61	24	2	74	36	39	2	86	60	4	-1	40	13	32	19	19	77	86	72	90	31	36	
19	82	36	76	18	75	13	5	25	49	39	100	11	7	54	53	75	82	52	30	100	9	18	91	80	19	23	84	73	53	73	96	86	22	1	94	70	26	92	5	3	24	48	82	74	13	81	53	39	80	28	87	79	27	78	85	50	99	90	9	81	51	51	32	21	7	66	17	7	85	100	9	28	30	19	20	40	56	46	45	96	41	84	23	48	81	47	19	40	-1	26	94	74	70	99	72	99	80	64	93	
29	71	64	70	87	21	18	16	64	63	55	13	62	52	60	89	24	47	98	63	65	71	17	2	85	86	47	40	24	69	35	84	46	7	36	25	15	86	64	25	82	21	42	73	62	95	42	89	41	7	41	7	84	93	51	99	79	38	36	87	19	99	9	68	28	29	16	69	41	24	32	65	20	39	47	19	92	8	88	41	42	34	16	47	57	24	74	66	13	26	-1	2	86	42	15	22	26	35	86	7	
50	25	73	92	9	5	32	51	13	23	85	75	47	11	39	99	16	47	28	26	11	40	5	18	60	41	32	90	77	21	70	68	64	70	21	15	28	29	46	47	24	36	4	31	39	22	47	26	44	39	67	37	90	44	95	93	57	77	76	71	33	79	73	31	56	37	60	73	71	26	36	58	55	46	22	98	60	1	10	55	6	52	19	58	78	52	100	6	32	94	2	-1	35	9	62	42	52	4	35	38	
77	51	75	17	26	46	35	55	47	4	86	87	6	30	66	13	22	67	90	4	90	39	44	14	39	3	43	15	8	77	19	60	40	59	97	46	31	35	29	88	95	26	81	82	80	24	17	17	65	23	42	69	10	84	65	97	24	82	16	52	43	16	12	38	44	58	21	29	38	69	71	95	25	10	35	55	29	94	75	51	58	56	84	75	96	10	43	5	19	74	86	35	-1	83	59	54	94	59	65	28	
32	95	34	15	17	50	51	97	20	17	4	21	92	90	9	73	46	53	20	49	19	83	83	88	27	7	72	61	31	35	42	84	81	32	16	41	76	85	14	32	5	24	51	76	27	47	1	94	87	36	18	36	81	16	42	65	26	48	7	96	30	19	24	5	16	30	50	23	4	18	98	99	81	19	97	59	81	22	18	73	54	83	20	20	57	82	2	73	19	70	42	9	83	-1	27	20	100	53	60	1	
91	17	11	25	88	2	33	38	10	23	32	86	73	87	98	98	59	21	47	15	67	73	72	67	48	76	34	11	54	81	6	98	87	63	99	74	21	44	96	56	5	76	47	86	34	1	22	29	77	25	29	12	9	38	48	75	82	11	11	24	89	43	16	58	64	52	10	17	81	82	39	55	75	100	57	91	6	11	32	86	56	18	83	95	19	96	48	99	77	99	15	62	59	27	-1	86	11	59	90	50	
18	32	20	28	43	69	20	57	37	86	18	56	89	34	73	51	95	62	74	18	60	48	12	41	19	15	90	21	6	25	49	40	43	98	32	52	99	94	14	72	33	94	70	53	78	15	95	100	36	72	63	67	5	79	73	58	83	79	46	45	10	11	78	23	57	29	90	34	43	77	70	43	85	92	34	79	93	44	55	1	7	37	36	14	43	24	56	20	86	72	22	42	54	20	86	-1	50	49	44	29	
76	42	67	38	76	78	42	67	2	38	50	78	17	46	14	41	12	49	54	11	84	29	85	76	17	65	84	54	3	1	73	47	77	24	41	29	98	28	89	18	13	35	75	62	19	93	62	6	69	89	21	41	7	97	60	30	1	57	27	13	72	56	45	92	71	46	20	12	95	89	35	25	74	50	27	12	56	97	27	37	89	56	90	39	90	81	59	40	72	99	26	52	94	100	11	50	-1	50	53	10	
80	83	1	10	85	87	91	46	64	38	3	73	12	48	80	57	8	32	28	14	49	50	37	83	62	36	33	8	73	26	25	49	84	54	48	14	85	66	78	64	12	39	98	56	69	95	46	2	2	1	91	23	84	66	4	35	91	59	60	100	39	74	15	92	54	11	56	4	39	56	1	69	77	40	7	60	87	2	59	80	39	40	2	13	75	55	83	73	90	80	35	4	59	53	59	49	50	-1	57	11	
83	77	66	59	89	66	98	87	33	42	17	46	86	10	86	16	71	54	26	100	31	29	25	50	43	79	4	95	24	81	41	70	70	21	66	100	84	97	28	24	10	35	90	90	8	10	94	59	13	86	92	57	69	54	88	26	80	44	58	88	46	29	21	83	3	20	37	96	37	64	96	28	87	56	83	41	95	77	56	27	56	100	1	87	55	74	3	16	31	64	86	35	65	60	90	44	53	57	-1	49	
51	97	17	53	65	40	84	25	99	12	35	99	25	49	42	28	25	6	45	69	55	24	37	38	4	9	76	12	15	9	100	70	83	30	60	3	41	25	15	60	21	100	36	42	68	6	44	16	59	15	79	66	48	50	42	35	93	30	86	79	79	69	84	36	70	85	37	26	62	49	62	80	43	76	83	77	100	72	38	12	17	52	67	11	100	62	73	44	36	93	7	38	28	1	50	29	10	11	49	-1	
