100
-1	16	44	4	43	40	42	28	80	35	37	86	62	24	16	62	27	1	31	74	23	22	55	72	71	16	93	72	17	72	26	9	93	67	69	100	67	60	53	48	11	16	100	56	70	81	72	34	25	62	98	66	67	54	41	67	70	16	44	23	18	70	86	8	77	56	96	73	98	42	4	63	32	100	13	10	89	79	39	3	60	49	48	51	49	17	3	80	35	47	32	90	78	60	12	37	89	23	31	69	
16	-1	57	3	3	78	56	69	51	85	5	56	24	14	1	13	86	83	68	34	6	81	16	90	14	2	11	72	85	83	19	31	73	46	27	35	3	27	67	64	50	95	88	95	43	37	85	99	75	29	14	98	21	72	31	80	5	65	11	3	61	1	53	36	83	50	2	1	67	47	53	84	39	77	96	14	24	77	55	71	71	72	93	13	36	23	69	78	49	73	63	96	70	17	88	83	16	36	4	42	
44	57	-1	36	38	1	82	9	80	2	77	44	42	22	20	31	46	67	18	47	65	54	68	87	32	35	33	30	50	84	40	56	80	31	69	60	33	73	41	16	2	73	86	18	33	33	62	66	66	49	33	31	98	14	57	86	32	19	34	28	52	9	3	16	2	12	71	9	30	31	63	73	25	24	50	10	52	73	34	20	28	74	79	39	86	13	10	6	11	22	32	69	75	30	86	35	42	54	39	55	
4	3	36	-1	95	40	40	91	44	90	52	29	69	30	100	97	12	61	24	72	61	18	18	40	23	41	30	32	71	89	100	81	20	23	78	20	54	4	25	38	71	28	49	26	50	28	79	62	46	17	3	5	83	2	62	71	7	61	6	73	56	60	75	50	40	33	96	2	73	94	62	51	33	47	76	33	61	26	48	10	6	36	97	58	48	69	10	47	79	47	9	32	10	88	99	67	18	89	40	44	
43	3	38	95	-1	11	52	14	53	8	8	67	59	33	90	42	62	88	28	25	31	85	31	57	9	7	90	2	22	85	89	54	51	90	79	2	71	95	24	38	68	87	94	70	23	97	18	86	68	64	61	48	69	84	68	55	59	75	97	82	70	58	14	9	51	4	47	12	46	51	23	81	80	46	7	6	57	51	47	28	7	95	89	66	27	38	95	81	96	15	31	24	12	75	85	59	73	28	21	75	
40	78	1	40	11	-1	81	70	69	16	66	73	1	35	5	54	17	43	16	51	83	54	5	4	33	67	77	7	5	74	33	82	24	21	55	75	16	70	33	8	82	3	33	8	18	56	56	34	3	91	65	21	66	28	16	72	70	36	24	83	55	88	24	53	96	6	97	7	69	15	1	89	85	29	50	72	51	14	41	19	19	30	49	46	87	77	15	32	66	5	52	55	69	95	25	34	61	12	89	38	
42	56	82	40	52	81	-1	100	70	33	33	75	34	11	3	47	56	5	33	79	69	24	8	42	65	70	2	17	9	5	52	87	31	53	31	23	63	21	94	85	36	17	28	81	55	74	18	44	39	39	100	36	79	11	13	83	64	62	4	55	13	20	48	68	71	35	86	17	72	77	53	52	53	58	94	68	16	27	22	92	95	7	13	78	49	89	43	81	48	82	57	79	69	64	72	61	68	11	70	16	
28	69	9	91	14	70	100	-1	11	31	74	48	4	67	48	75	96	81	29	33	91	89	22	65	34	66	68	94	40	30	76	98	20	65	97	99	13	66	22	64	43	25	32	74	77	68	8	9	36	12	73	24	75	10	20	56	4	78	67	32	30	55	15	84	66	12	81	35	3	63	80	41	53	58	17	19	70	66	23	77	32	56	68	16	1	69	92	17	91	58	8	60	18	48	21	49	69	56	98	76	
80	51	80	44	53	69	70	11	-1	77	74	79	63	84	59	68	20	17	8	42	28	71	45	80	40	90	14	88	82	84	29	35	62	45	81	42	40	38	41	3	81	84	19	23	50	5	51	73	8	30	86	11	42	61	40	87	47	13	70	30	88	31	16	80	73	27	66	58	43	52	44	63	61	44	63	44	89	71	86	4	94	62	5	80	7	39	93	51	78	75	72	100	10	99	30	87	19	83	32	49	
35	85	2	90	8	16	33	31	77	-1	44	5	96	36	85	16	45	10	73	99	44	45	77	36	80	23	43	97	54	51	26	27	68	80	58	49	51	16	74	78	82	59	100	49	29	89	37	37	22	86	98	61	98	32	46	53	3	22	77	50	1	47	68	55	83	53	78	32	83	43	35	79	1	1	71	65	67	6	21	82	21	2	96	20	51	17	5	53	83	52	70	39	5	79	71	55	88	30	56	57	
37	5	77	52	8	66	33	74	74	44	-1	59	28	18	99	79	81	21	53	31	87	64	100	54	23	34	97	36	65	82	83	31	89	86	27	35	39	18	32	31	61	42	24	42	11	58	22	90	76	81	40	100	80	44	82	41	77	18	35	8	58	20	64	79	4	61	35	82	67	48	30	73	57	60	20	53	17	13	71	54	95	56	74	19	17	91	25	47	93	54	71	23	61	53	91	32	43	99	74	6	
86	56	44	29	67	73	75	48	79	5	59	-1	19	86	64	16	26	36	93	10	48	89	79	61	40	18	97	55	46	58	69	51	29	55	60	61	87	99	33	40	41	7	49	23	67	76	95	79	80	100	49	27	94	83	85	21	53	43	6	76	95	81	57	41	47	33	23	67	98	31	2	33	39	63	84	14	64	50	22	55	95	50	13	76	57	43	37	18	4	11	24	6	9	19	9	50	70	8	64	12	
62	24	42	69	59	1	34	4	63	96	28	19	-1	72	5	45	51	39	13	30	18	12	23	18	18	43	88	40	59	59	37	89	46	63	2	61	70	14	82	19	89	89	63	14	60	35	32	54	13	42	42	96	71	96	100	95	51	32	87	71	74	30	52	67	83	65	35	21	15	87	32	88	82	94	91	93	7	97	14	62	15	20	70	77	38	85	6	76	14	35	54	73	13	24	30	75	12	77	31	65	
24	14	22	30	33	35	11	67	84	36	18	86	72	-1	53	21	54	23	29	40	53	51	10	49	97	9	65	37	52	98	10	25	15	21	84	22	35	36	26	72	97	22	66	69	50	9	57	54	52	73	43	79	42	85	17	99	22	38	16	62	49	2	7	50	91	68	76	62	76	76	31	22	70	92	84	4	52	96	94	44	82	29	15	98	93	26	74	34	77	38	67	25	58	30	10	74	52	90	22	28	
16	1	20	100	90	5	3	48	59	85	99	64	5	53	-1	30	99	3	6	13	40	54	14	100	23	60	62	51	17	82	51	41	88	55	28	6	69	58	92	9	74	30	59	32	74	63	50	17	30	79	100	13	30	9	95	64	13	44	95	24	77	55	22	25	47	27	100	40	34	46	57	38	17	35	52	89	41	18	98	61	59	90	36	12	72	55	11	14	15	33	13	18	87	26	25	54	68	87	86	97	
62	13	31	97	42	54	47	75	68	16	79	16	45	21	30	-1	5	94	50	19	4	62	45	97	90	51	71	90	30	32	22	68	39	18	90	55	96	71	3	98	96	99	77	8	75	25	7	43	67	14	66	27	98	33	50	16	95	71	32	99	11	25	86	62	22	94	93	67	53	34	65	23	67	55	58	67	11	64	61	35	12	59	96	5	24	75	91	32	64	65	15	89	56	86	68	26	11	94	78	93	
27	86	46	12	62	17	56	96	20	45	81	26	51	54	99	5	-1	70	27	47	100	61	21	16	83	48	13	97	85	67	64	2	70	29	1	76	12	22	97	47	64	20	94	28	12	10	42	38	19	90	77	85	56	57	34	64	11	16	50	83	52	5	73	7	38	50	93	29	11	61	12	56	28	5	21	71	59	92	2	62	63	14	13	23	8	33	8	12	8	29	78	100	54	37	74	67	32	82	54	22	
1	83	67	61	88	43	5	81	17	10	21	36	39	23	3	94	70	-1	34	48	64	38	93	76	36	19	92	41	23	8	14	29	86	61	88	77	73	70	70	31	29	42	25	84	36	74	42	46	21	75	13	60	20	85	2	88	66	78	92	44	24	98	100	20	80	76	20	86	33	80	93	23	96	23	54	69	38	12	62	50	88	28	60	44	89	89	40	49	35	98	20	66	77	18	81	22	3	30	76	96	
31	68	18	24	28	16	33	29	8	73	53	93	13	29	6	50	27	34	-1	38	20	77	92	34	69	49	97	5	5	89	93	13	98	42	57	29	74	91	33	64	85	31	10	59	58	56	100	96	68	83	82	82	60	93	23	91	26	69	72	36	37	91	36	84	19	80	31	7	32	11	30	64	21	28	89	61	33	63	37	90	15	90	29	72	74	83	84	80	52	100	45	79	29	36	58	11	44	15	69	67	
74	34	47	72	25	51	79	33	42	99	31	10	30	40	13	19	47	48	38	-1	15	24	56	11	40	2	54	19	94	36	47	81	45	62	28	93	69	21	38	72	21	72	69	58	27	100	32	4	38	73	47	66	48	58	20	42	93	30	30	81	95	84	95	90	16	52	12	8	13	20	70	67	92	74	75	78	84	90	53	3	15	66	23	7	81	12	18	20	76	44	53	72	15	87	39	68	34	67	52	89	
23	6	65	61	31	83	69	91	28	44	87	48	18	53	40	4	100	64	20	15	-1	10	63	59	61	69	14	100	18	49	19	10	66	41	28	50	2	4	19	41	5	37	60	94	27	70	24	63	27	89	34	29	89	96	72	70	11	40	84	55	38	100	71	79	59	95	13	67	76	63	19	65	17	72	14	2	31	40	81	70	76	84	32	63	6	3	65	95	68	77	31	57	75	19	98	27	66	5	59	11	
22	81	54	18	85	54	24	89	71	45	64	89	12	51	54	62	61	38	77	24	10	-1	64	80	16	63	41	93	65	32	75	37	44	93	82	38	58	81	46	67	71	17	13	32	56	34	12	16	87	15	37	14	24	65	82	33	89	27	84	60	54	81	63	41	70	52	73	21	100	20	33	84	50	72	85	73	44	81	41	5	32	90	50	84	20	51	55	8	52	9	87	49	45	16	79	61	19	22	9	16	
55	16	68	18	31	5	8	22	45	77	100	79	23	10	14	45	21	93	92	56	63	64	-1	62	55	94	54	2	25	20	52	69	75	35	61	95	92	76	90	81	65	18	84	87	84	49	52	86	82	16	7	86	75	11	91	3	35	41	74	27	64	82	1	55	63	76	60	5	87	16	24	58	76	55	5	47	48	30	45	49	30	13	20	9	68	90	94	69	83	26	70	64	64	32	37	84	98	27	42	66	
72	90	87	40	57	4	42	65	80	36	54	61	18	49	100	97	16	76	34	11	59	80	62	-1	61	64	90	22	96	59	19	56	62	54	49	53	85	86	41	86	53	91	57	22	64	18	39	54	62	21	54	18	75	25	15	14	26	11	12	30	76	1	70	73	70	74	70	76	47	100	44	26	1	49	92	83	50	24	42	41	18	65	69	79	31	24	51	24	51	74	63	62	73	29	66	60	11	65	29	44	
71	14	32	23	9	33	65	34	40	80	23	40	18	97	23	90	83	36	69	40	61	16	55	61	-1	19	26	67	69	45	64	64	20	52	68	1	5	10	9	43	37	9	83	22	74	96	67	61	46	54	7	15	51	78	3	31	74	18	80	80	63	72	96	83	92	90	83	46	98	17	20	87	16	26	11	64	42	12	29	75	69	92	72	61	79	58	25	59	65	95	63	21	87	63	66	74	9	25	48	64	
16	2	35	41	7	67	70	66	90	23	34	18	43	9	60	51	48	19	49	2	69	63	94	64	19	-1	7	33	34	60	62	74	58	81	81	4	96	58	32	35	43	8	84	60	58	48	75	47	46	25	63	18	57	50	69	57	83	78	54	15	12	40	5	16	90	41	42	39	65	76	28	2	80	64	74	83	62	84	42	41	81	59	77	100	13	33	21	94	93	10	33	6	9	50	31	25	15	76	83	6	
93	11	33	30	90	77	2	68	14	43	97	97	88	65	62	71	13	92	97	54	14	41	54	90	26	7	-1	63	79	31	21	24	98	92	52	89	30	64	54	33	25	22	57	75	33	69	82	20	83	41	43	41	29	10	48	84	23	30	84	42	65	5	30	94	48	23	83	56	70	83	2	45	54	89	99	10	4	69	48	59	13	9	85	21	3	31	38	61	44	80	42	83	16	68	70	87	15	16	79	3	
72	72	30	32	2	7	17	94	88	97	36	55	40	37	51	90	97	41	5	19	100	93	2	22	67	33	63	-1	31	35	76	69	10	80	91	78	52	96	86	75	20	75	85	87	75	73	22	90	37	97	76	29	26	54	60	41	36	25	68	68	95	42	41	69	25	93	56	72	64	15	100	50	56	9	82	78	33	98	37	92	32	85	69	84	9	21	53	78	10	6	8	85	57	42	100	90	59	34	40	43	
17	85	50	71	22	5	9	40	82	54	65	46	59	52	17	30	85	23	5	94	18	65	25	96	69	34	79	31	-1	44	7	36	75	69	88	41	87	13	56	55	98	59	16	97	49	92	75	52	61	68	89	4	45	62	29	34	19	44	9	47	35	75	41	43	54	43	92	54	72	99	84	95	52	77	29	26	50	51	12	27	67	12	36	95	4	100	49	62	89	5	27	6	92	27	72	47	36	91	1	64	
72	83	84	89	85	74	5	30	84	51	82	58	59	98	82	32	67	8	89	36	49	32	20	59	45	60	31	35	44	-1	20	60	6	45	42	45	74	45	42	46	50	22	83	37	80	3	79	80	67	45	10	100	35	1	51	51	43	84	44	27	67	76	11	78	62	71	69	93	29	69	10	49	88	94	5	38	57	44	49	94	2	83	4	90	51	7	7	43	81	58	19	28	77	17	22	50	48	74	8	76	
26	19	40	100	89	33	52	76	29	26	83	69	37	10	51	22	64	14	93	47	19	75	52	19	64	62	21	76	7	20	-1	78	36	64	52	81	35	78	13	75	59	19	83	96	51	7	32	93	24	21	19	35	52	7	43	25	40	20	60	47	37	20	50	79	38	43	95	6	12	57	53	10	44	23	33	71	97	61	80	18	46	12	44	5	18	70	78	1	52	74	5	28	9	68	39	87	32	51	30	55	
9	31	56	81	54	82	87	98	35	27	31	51	89	25	41	68	2	29	13	81	10	37	69	56	64	74	24	69	36	60	78	-1	2	74	54	73	86	91	17	40	46	24	60	18	82	96	60	79	53	80	11	5	54	6	27	79	85	32	31	29	58	49	30	76	20	41	40	14	98	47	88	35	26	32	22	21	75	17	32	33	61	19	16	39	70	74	24	8	99	36	46	70	51	96	45	36	55	47	36	83	
93	73	80	20	51	24	31	20	62	68	89	29	46	15	88	39	70	86	98	45	66	44	75	62	20	58	98	10	75	6	36	2	-1	47	41	81	40	76	27	88	94	51	12	69	58	17	85	35	70	79	25	3	43	24	49	4	10	99	9	44	56	39	91	64	5	94	55	47	94	41	71	45	70	62	48	29	36	74	82	39	73	85	40	59	31	43	18	90	53	88	2	12	77	75	54	13	35	54	65	88	
67	46	31	23	90	21	53	65	45	80	86	55	63	21	55	18	29	61	42	62	41	93	35	54	52	81	92	80	69	45	64	74	47	-1	87	5	99	40	90	89	85	89	33	19	60	100	25	53	22	98	41	76	68	54	70	88	17	47	57	75	58	39	39	36	5	51	97	27	56	27	28	96	48	6	1	21	17	21	38	67	71	79	62	89	33	77	7	27	26	99	44	25	5	27	43	4	73	35	21	7	
69	27	69	78	79	55	31	97	81	58	27	60	2	84	28	90	1	88	57	28	28	82	61	49	68	81	52	91	88	42	52	54	41	87	-1	69	53	92	42	20	19	50	51	92	40	96	71	84	6	63	83	63	12	74	94	23	62	72	82	75	31	52	13	96	54	43	54	42	34	68	76	45	15	71	90	6	60	50	31	84	3	7	37	50	69	88	32	38	54	23	17	58	1	2	7	63	39	98	80	88	
100	35	60	20	2	75	23	99	42	49	35	61	61	22	6	55	76	77	29	93	50	38	95	53	1	4	89	78	41	45	81	73	81	5	69	-1	50	2	37	32	68	43	58	53	13	57	74	55	38	9	69	64	98	1	43	58	34	75	67	92	55	33	28	53	98	80	8	33	45	52	22	48	29	31	14	12	100	10	46	77	31	32	3	87	42	36	84	64	78	50	51	57	75	57	97	78	95	95	35	51	
67	3	33	54	71	16	63	13	40	51	39	87	70	35	69	96	12	73	74	69	2	58	92	85	5	96	30	52	87	74	35	86	40	99	53	50	-1	99	40	18	57	34	55	63	32	51	35	19	91	18	65	40	15	44	51	5	67	50	92	19	43	44	85	69	42	71	40	28	90	57	58	2	83	67	87	12	15	67	64	59	100	83	80	20	82	18	8	14	7	22	71	71	24	73	70	50	46	52	99	100	
60	27	73	4	95	70	21	66	38	16	18	99	14	36	58	71	22	70	91	21	4	81	76	86	10	58	64	96	13	45	78	91	76	40	92	2	99	-1	77	93	4	46	47	28	18	78	100	8	35	51	1	58	69	90	74	71	4	75	17	86	2	76	47	12	96	40	85	11	7	67	84	48	13	37	28	65	94	84	43	7	50	6	52	60	11	71	86	43	43	38	23	82	24	10	5	36	55	28	47	72	
53	67	41	25	24	33	94	22	41	74	32	33	82	26	92	3	97	70	33	38	19	46	90	41	9	32	54	86	56	42	13	17	27	90	42	37	40	77	-1	86	20	95	99	84	64	3	78	45	95	77	54	19	25	7	19	40	90	23	42	93	54	51	66	62	92	69	25	71	30	53	76	46	59	39	84	58	62	74	79	24	83	45	46	84	3	50	80	6	52	68	8	29	89	53	10	92	15	55	87	7	
48	64	16	38	38	8	85	64	3	78	31	40	19	72	9	98	47	31	64	72	41	67	81	86	43	35	33	75	55	46	75	40	88	89	20	32	18	93	86	-1	13	78	73	80	90	55	9	79	32	76	64	67	91	67	8	94	86	87	76	82	33	53	77	96	67	72	34	14	42	59	98	28	42	98	37	72	26	27	76	91	61	66	45	97	7	48	31	96	50	92	13	24	16	14	21	74	78	16	7	43	
11	50	2	71	68	82	36	43	81	82	61	41	89	97	74	96	64	29	85	21	5	71	65	53	37	43	25	20	98	50	59	46	94	85	19	68	57	4	20	13	-1	14	86	66	38	100	14	50	54	22	20	91	41	62	34	83	96	24	95	38	16	24	97	89	80	57	8	76	47	23	89	79	84	79	19	64	41	32	25	50	18	72	73	89	18	39	63	84	22	10	32	55	40	64	96	11	45	25	62	10	
16	95	73	28	87	3	17	25	84	59	42	7	89	22	30	99	20	42	31	72	37	17	18	91	9	8	22	75	59	22	19	24	51	89	50	43	34	46	95	78	14	-1	35	5	20	19	62	24	23	98	45	1	19	52	67	44	6	70	75	15	97	78	96	72	28	33	29	81	11	2	4	56	84	24	94	41	68	76	51	9	100	37	61	68	53	88	30	15	83	33	1	78	9	67	18	59	62	96	79	12	
100	88	86	49	94	33	28	32	19	100	24	49	63	66	59	77	94	25	10	69	60	13	84	57	83	84	57	85	16	83	83	60	12	33	51	58	55	47	99	73	86	35	-1	93	72	61	65	95	16	83	50	53	48	15	72	72	54	7	81	6	41	23	100	13	48	95	1	98	45	48	95	90	28	90	16	87	76	8	37	58	19	99	98	24	17	72	54	35	83	29	75	86	41	78	93	47	42	20	16	28	
56	95	18	26	70	8	81	74	23	49	42	23	14	69	32	8	28	84	59	58	94	32	87	22	22	60	75	87	97	37	96	18	69	19	92	53	63	28	84	80	66	5	93	-1	46	25	7	48	81	65	10	100	86	21	100	18	98	42	13	56	78	88	42	27	26	84	83	33	99	14	87	54	15	7	46	56	96	46	99	17	75	42	37	100	54	95	89	25	15	12	80	53	43	89	21	6	17	96	88	12	
70	43	33	50	23	18	55	77	50	29	11	67	60	50	74	75	12	36	58	27	27	56	84	64	74	58	33	75	49	80	51	82	58	60	40	13	32	18	64	90	38	20	72	46	-1	47	41	24	73	27	97	72	32	62	64	52	56	90	31	94	15	84	48	12	13	32	17	43	47	7	81	94	32	54	24	71	82	25	49	16	28	75	62	30	39	28	9	14	66	10	9	37	6	28	50	54	93	44	96	97	
81	37	33	28	97	56	74	68	5	89	58	76	35	9	63	25	10	74	56	100	70	34	49	18	96	48	69	73	92	3	7	96	17	100	96	57	51	78	3	55	100	19	61	25	47	-1	35	12	28	31	15	3	34	63	100	30	87	15	83	85	46	15	82	98	5	80	29	15	60	45	24	54	90	3	54	11	30	35	36	85	12	44	77	62	24	57	49	100	51	48	83	50	29	11	31	52	62	15	39	54	
72	85	62	79	18	56	18	8	51	37	22	95	32	57	50	7	42	42	100	32	24	12	52	39	67	75	82	22	75	79	32	60	85	25	71	74	35	100	78	9	14	62	65	7	41	35	-1	99	23	82	11	12	22	27	24	67	36	3	98	68	54	13	26	63	68	5	60	29	83	51	62	58	95	85	58	6	27	100	69	52	98	91	97	75	52	24	9	91	73	11	11	15	89	4	91	27	37	8	18	92	
34	99	66	62	86	34	44	9	73	37	90	79	54	54	17	43	38	46	96	4	63	16	86	54	61	47	20	90	52	80	93	79	35	53	84	55	19	8	45	79	50	24	95	48	24	12	99	-1	61	51	78	91	67	69	64	86	63	27	73	5	55	51	93	97	68	2	89	22	6	36	28	30	48	1	17	55	28	95	63	33	66	32	88	14	50	69	66	70	43	48	79	23	1	30	64	80	59	59	20	19	
25	75	66	46	68	3	39	36	8	22	76	80	13	52	30	67	19	21	68	38	27	87	82	62	46	46	83	37	61	67	24	53	70	22	6	38	91	35	95	32	54	23	16	81	73	28	23	61	-1	54	10	70	41	76	72	96	29	60	25	65	65	85	49	14	52	93	36	76	46	64	99	25	34	73	21	20	77	16	78	90	76	93	30	7	28	52	61	56	31	78	58	10	18	83	2	10	36	99	11	23	
62	29	49	17	64	91	39	12	30	86	81	100	42	73	79	14	90	75	83	73	89	15	16	21	54	25	41	97	68	45	21	80	79	98	63	9	18	51	77	76	22	98	83	65	27	31	82	51	54	-1	22	62	32	89	73	91	11	23	32	8	80	87	23	92	55	60	58	1	57	85	78	85	11	100	76	63	72	30	64	65	100	17	89	80	76	10	78	38	16	83	72	75	67	96	93	7	69	62	52	87	
98	14	33	3	61	65	100	73	86	98	40	49	42	43	100	66	77	13	82	47	34	37	7	54	7	63	43	76	89	10	19	11	25	41	83	69	65	1	54	64	20	45	50	10	97	15	11	78	10	22	-1	27	75	26	74	31	89	45	38	82	25	38	11	70	83	97	3	71	27	87	82	80	94	79	64	54	67	57	53	53	31	51	13	84	83	35	60	94	76	15	91	36	47	95	12	81	98	12	86	31	
66	98	31	5	48	21	36	24	11	61	100	27	96	79	13	27	85	60	82	66	29	14	86	18	15	18	41	29	4	100	35	5	3	76	63	64	40	58	19	67	91	1	53	100	72	3	12	91	70	62	27	-1	46	45	89	76	95	51	32	97	53	21	3	82	33	13	23	50	59	96	52	69	8	31	51	15	79	79	37	22	84	18	66	22	38	64	76	72	78	45	42	1	70	95	53	92	82	18	6	95	
67	21	98	83	69	66	79	75	42	98	80	94	71	42	30	98	56	20	60	48	89	24	75	75	51	57	29	26	45	35	52	54	43	68	12	98	15	69	25	91	41	19	48	86	32	34	22	67	41	32	75	46	-1	60	78	14	18	19	57	82	41	3	66	9	12	83	25	10	51	39	60	54	62	15	1	31	13	99	25	22	16	44	68	86	99	71	46	1	72	88	77	59	21	34	36	12	27	14	24	35	
54	72	14	2	84	28	11	10	61	32	44	83	96	85	9	33	57	85	93	58	96	65	11	25	78	50	10	54	62	1	7	6	24	54	74	1	44	90	7	67	62	52	15	21	62	63	27	69	76	89	26	45	60	-1	3	17	52	89	36	93	79	10	57	54	93	54	45	97	13	30	16	10	37	26	48	79	59	94	68	20	8	52	44	48	62	61	41	40	98	73	45	18	58	96	74	17	51	18	35	39	
41	31	57	62	68	16	13	20	40	46	82	85	100	17	95	50	34	2	23	20	72	82	91	15	3	69	48	60	29	51	43	27	49	70	94	43	51	74	19	8	34	67	72	100	64	100	24	64	72	73	74	89	78	3	-1	95	79	20	27	94	24	64	4	62	81	8	5	3	91	29	75	36	15	41	40	88	87	38	41	40	81	43	31	57	6	35	77	4	49	23	73	60	92	95	55	95	9	80	70	77	
67	80	86	71	55	72	83	56	87	53	41	21	95	99	64	16	64	88	91	42	70	33	3	14	31	57	84	41	34	51	25	79	4	88	23	58	5	71	40	94	83	44	72	18	52	30	67	86	96	91	31	76	14	17	95	-1	49	81	26	34	98	55	85	51	39	85	99	75	100	24	7	33	33	20	7	52	59	83	59	14	77	14	8	54	53	100	89	90	39	21	21	28	21	16	4	19	56	93	42	72	
70	5	32	7	59	70	64	4	47	3	77	53	51	22	13	95	11	66	26	93	11	89	35	26	74	83	23	36	19	43	40	85	10	17	62	34	67	4	90	86	96	6	54	98	56	87	36	63	29	11	89	95	18	52	79	49	-1	89	58	91	9	72	98	69	73	41	6	3	73	24	19	92	55	55	29	39	6	97	39	60	73	65	31	27	59	58	23	35	54	34	60	22	51	22	69	23	50	96	39	48	
16	65	19	61	75	36	62	78	13	22	18	43	32	38	44	71	16	78	69	30	40	27	41	11	18	78	30	25	44	84	20	32	99	47	72	75	50	75	23	87	24	70	7	42	90	15	3	27	60	23	45	51	19	89	20	81	89	-1	57	64	40	77	34	31	70	96	24	46	46	91	19	53	56	83	45	27	69	94	71	84	90	76	24	36	26	41	22	4	43	42	90	86	33	88	46	74	44	69	82	38	
44	11	34	6	97	24	4	67	70	77	35	6	87	16	95	32	50	92	72	30	84	84	74	12	80	54	84	68	9	44	60	31	9	57	82	67	92	17	42	76	95	75	81	13	31	83	98	73	25	32	38	32	57	36	27	26	58	57	-1	87	78	92	86	24	69	83	93	82	52	17	38	56	93	67	26	28	79	46	48	89	61	96	6	49	30	69	16	9	60	50	79	64	37	81	100	78	43	50	84	46	
23	3	28	73	82	83	55	32	30	50	8	76	71	62	24	99	83	44	36	81	55	60	27	30	80	15	42	68	47	27	47	29	44	75	75	92	19	86	93	82	38	15	6	56	94	85	68	5	65	8	82	97	82	93	94	34	91	64	87	-1	87	14	98	7	13	90	95	24	9	2	53	25	81	6	91	100	25	61	64	7	11	73	66	43	28	54	6	6	31	62	49	38	61	100	72	74	40	67	67	29	
18	61	52	56	70	55	13	30	88	1	58	95	74	49	77	11	52	24	37	95	38	54	64	76	63	12	65	95	35	67	37	58	56	58	31	55	43	2	54	33	16	97	41	78	15	46	54	55	65	80	25	53	41	79	24	98	9	40	78	87	-1	84	86	50	79	78	18	6	26	75	39	63	22	24	26	90	52	64	70	24	9	91	2	27	61	52	31	45	98	10	47	95	15	6	13	16	92	60	34	34	
70	1	9	60	58	88	20	55	31	47	20	81	30	2	55	25	5	98	91	84	100	81	82	1	72	40	5	42	75	76	20	49	39	39	52	33	44	76	51	53	24	78	23	88	84	15	13	51	85	87	38	21	3	10	64	55	72	77	92	14	84	-1	63	66	70	68	84	5	63	93	10	71	7	83	30	81	56	51	47	54	53	41	94	95	46	19	18	60	24	95	47	99	26	20	8	100	44	40	67	21	
86	53	3	75	14	24	48	15	16	68	64	57	52	7	22	86	73	100	36	95	71	63	1	70	96	5	30	41	41	11	50	30	91	39	13	28	85	47	66	77	97	96	100	42	48	82	26	93	49	23	11	3	66	57	4	85	98	34	86	98	86	63	-1	98	47	1	58	59	15	61	24	82	9	93	9	32	59	62	27	84	70	35	47	76	42	41	35	36	96	53	60	99	82	22	40	88	45	37	18	11	
8	36	16	50	9	53	68	84	80	55	79	41	67	50	25	62	7	20	84	90	79	41	55	73	83	16	94	69	43	78	79	76	64	36	96	53	69	12	62	96	89	72	13	27	12	98	63	97	14	92	70	82	9	54	62	51	69	31	24	7	50	66	98	-1	27	3	39	73	44	18	43	50	4	74	43	84	5	93	49	75	85	76	73	43	84	16	45	33	35	82	61	25	71	23	57	35	4	67	84	25	
77	83	2	40	51	96	71	66	73	83	4	47	83	91	47	22	38	80	19	16	59	70	63	70	92	90	48	25	54	62	38	20	5	5	54	98	42	96	92	67	80	28	48	26	13	5	68	68	52	55	83	33	12	93	81	39	73	70	69	13	79	70	47	27	-1	93	42	27	45	23	19	73	8	36	76	100	53	61	42	47	58	3	47	37	24	51	22	86	69	100	26	65	51	34	77	42	70	83	41	53	
56	50	12	33	4	6	35	12	27	53	61	33	65	68	27	94	50	76	80	52	95	52	76	74	90	41	23	93	43	71	43	41	94	51	43	80	71	40	69	72	57	33	95	84	32	80	5	2	93	60	97	13	83	54	8	85	41	96	83	90	78	68	1	3	93	-1	42	1	60	18	82	98	1	78	28	78	67	31	70	55	53	99	4	85	94	10	52	97	10	49	2	44	69	1	80	99	92	57	48	1	
96	2	71	96	47	97	86	81	66	78	35	23	35	76	100	93	93	20	31	12	13	73	60	70	83	42	83	56	92	69	95	40	55	97	54	8	40	85	25	34	8	29	1	83	17	29	60	89	36	58	3	23	25	45	5	99	6	24	93	95	18	84	58	39	42	42	-1	5	7	7	87	42	81	34	19	58	87	63	37	7	11	31	70	62	65	5	85	63	92	53	42	24	9	90	13	26	95	97	24	11	
73	1	9	2	12	7	17	35	58	32	82	67	21	62	40	67	29	86	7	8	67	21	5	76	46	39	56	72	54	93	6	14	47	27	42	33	28	11	71	14	76	81	98	33	43	15	29	22	76	1	71	50	10	97	3	75	3	46	82	24	6	5	59	73	27	1	5	-1	71	19	20	6	20	61	77	34	21	97	36	40	69	75	77	39	47	69	77	38	68	53	69	33	18	13	92	8	35	71	77	41	
98	67	30	73	46	69	72	3	43	83	67	98	15	76	34	53	11	33	32	13	76	100	87	47	98	65	70	64	72	29	12	98	94	56	34	45	90	7	30	42	47	11	45	99	47	60	83	6	46	57	27	59	51	13	91	100	73	46	52	9	26	63	15	44	45	60	7	71	-1	37	89	73	90	23	51	16	62	95	95	61	80	81	98	51	44	17	84	76	83	28	68	13	33	77	25	24	29	29	71	46	
42	47	31	94	51	15	77	63	52	43	48	31	87	76	46	34	61	80	11	20	63	20	16	100	17	76	83	15	99	69	57	47	41	27	68	52	57	67	53	59	23	2	48	14	7	45	51	36	64	85	87	96	39	30	29	24	24	91	17	2	75	93	61	18	23	18	7	19	37	-1	39	35	27	13	56	34	64	7	15	75	59	47	47	75	10	11	10	1	58	79	36	72	54	97	71	32	42	22	41	77	
4	53	63	62	23	1	53	80	44	35	30	2	32	31	57	65	12	93	30	70	19	33	24	44	20	28	2	100	84	10	53	88	71	28	76	22	58	84	76	98	89	4	95	87	81	24	62	28	99	78	82	52	60	16	75	7	19	19	38	53	39	10	24	43	19	82	87	20	89	39	-1	89	16	94	24	43	61	91	9	86	62	47	60	19	19	58	60	12	54	48	60	39	70	35	84	21	90	7	96	47	
63	84	73	51	81	89	52	41	63	79	73	33	88	22	38	23	56	23	64	67	65	84	58	26	87	2	45	50	95	49	10	35	45	96	45	48	2	48	46	28	79	56	90	54	94	54	58	30	25	85	80	69	54	10	36	33	92	53	56	25	63	71	82	50	73	98	42	6	73	35	89	-1	58	24	31	33	89	5	95	86	64	48	92	84	2	57	78	80	93	60	26	23	11	46	86	42	24	11	96	63	
32	39	25	33	80	85	53	53	61	1	57	39	82	70	17	67	28	96	21	92	17	50	76	1	16	80	54	56	52	88	44	26	70	48	15	29	83	13	59	42	84	84	28	15	32	90	95	48	34	11	94	8	62	37	15	33	55	56	93	81	22	7	9	4	8	1	81	20	90	27	16	58	-1	64	13	17	66	91	55	88	99	69	84	42	8	95	70	39	77	23	22	57	46	76	90	46	17	92	4	36	
100	77	24	47	46	29	58	58	44	1	60	63	94	92	35	55	5	23	28	74	72	72	55	49	26	64	89	9	77	94	23	32	62	6	71	31	67	37	39	98	79	24	90	7	54	3	85	1	73	100	79	31	15	26	41	20	55	83	67	6	24	83	93	74	36	78	34	61	23	13	94	24	64	-1	56	42	57	88	29	65	70	72	85	6	69	62	2	99	19	52	29	49	97	54	42	56	97	24	28	96	
13	96	50	76	7	50	94	17	63	71	20	84	91	84	52	58	21	54	89	75	14	85	5	92	11	74	99	82	29	5	33	22	48	1	90	14	87	28	84	37	19	94	16	46	24	54	58	17	21	76	64	51	1	48	40	7	29	45	26	91	26	30	9	43	76	28	19	77	51	56	24	31	13	56	-1	82	9	16	78	3	32	2	79	59	60	19	52	5	71	1	15	66	51	11	32	47	17	40	43	29	
10	14	10	33	6	72	68	19	44	65	53	14	93	4	89	67	71	69	61	78	2	73	47	83	64	83	10	78	26	38	71	21	29	21	6	12	12	65	58	72	64	41	87	56	71	11	6	55	20	63	54	15	31	79	88	52	39	27	28	100	90	81	32	84	100	78	58	34	16	34	43	33	17	42	82	-1	61	7	78	46	42	72	42	34	53	33	27	30	64	37	52	31	89	89	83	90	56	78	12	39	
89	24	52	61	57	51	16	70	89	67	17	64	7	52	41	11	59	38	33	84	31	44	48	50	42	62	4	33	50	57	97	75	36	17	60	100	15	94	62	26	41	68	76	96	82	30	27	28	77	72	67	79	13	59	87	59	6	69	79	25	52	56	59	5	53	67	87	21	62	64	61	89	66	57	9	61	-1	65	14	64	43	57	2	89	31	28	52	72	82	100	92	26	70	32	68	67	21	18	28	64	
79	77	73	26	51	14	27	66	71	6	13	50	97	96	18	64	92	12	63	90	40	81	30	24	12	84	69	98	51	44	61	17	74	21	50	10	67	84	74	27	32	76	8	46	25	35	100	95	16	30	57	79	99	94	38	83	97	94	46	61	64	51	62	93	61	31	63	97	95	7	91	5	91	88	16	7	65	-1	21	69	11	63	10	70	16	92	43	2	87	58	68	92	80	86	26	44	76	59	27	23	
39	55	34	48	47	41	22	23	86	21	71	22	14	94	98	61	2	62	37	53	81	41	45	42	29	42	48	37	12	49	80	32	82	38	31	46	64	43	79	76	25	51	37	99	49	36	69	63	78	64	53	37	25	68	41	59	39	71	48	64	70	47	27	49	42	70	37	36	95	15	9	95	55	29	78	78	14	21	-1	41	15	72	12	5	69	57	16	70	12	96	45	12	35	24	52	18	1	26	68	58	
3	71	20	10	28	19	92	77	4	82	54	55	62	44	61	35	62	50	90	3	70	5	49	41	75	41	59	92	27	94	18	33	39	67	84	77	59	7	24	91	50	9	58	17	16	85	52	33	90	65	53	22	22	20	40	14	60	84	89	7	24	54	84	75	47	55	7	40	61	75	86	86	88	65	3	46	64	69	41	-1	90	88	43	40	59	66	39	68	39	47	67	75	70	90	15	47	46	92	9	98	
60	71	28	6	7	19	95	32	94	21	95	95	15	82	59	12	63	88	15	15	76	32	30	18	69	81	13	32	67	2	46	61	73	71	3	31	100	50	83	61	18	100	19	75	28	12	98	66	76	100	31	84	16	8	81	77	73	90	61	11	9	53	70	85	58	53	11	69	80	59	62	64	99	70	32	42	43	11	15	90	-1	48	24	10	42	16	40	8	25	76	33	25	6	10	18	92	82	87	32	34	
49	72	74	36	95	30	7	56	62	2	56	50	20	29	90	59	14	28	90	66	84	90	13	65	92	59	9	85	12	83	12	19	85	79	7	32	83	6	45	66	72	37	99	42	75	44	91	32	93	17	51	18	44	52	43	14	65	76	96	73	91	41	35	76	3	99	31	75	81	47	47	48	69	72	2	72	57	63	72	88	48	-1	37	47	58	56	86	75	31	72	88	82	65	81	85	83	65	70	31	97	
48	93	79	97	89	49	13	68	5	96	74	13	70	15	36	96	13	60	29	23	32	50	20	69	72	77	85	69	36	4	44	16	40	62	37	3	80	52	46	45	73	61	98	37	62	77	97	88	30	89	13	66	68	44	31	8	31	24	6	66	2	94	47	73	47	4	70	77	98	47	60	92	84	85	79	42	2	10	12	43	24	37	-1	74	45	13	80	3	12	1	71	47	92	52	47	99	94	5	27	79	
51	13	39	58	66	46	78	16	80	20	19	76	77	98	12	5	23	44	72	7	63	84	9	79	61	100	21	84	95	90	5	39	59	89	50	87	20	60	84	97	89	68	24	100	30	62	75	14	7	80	84	22	86	48	57	54	27	36	49	43	27	95	76	43	37	85	62	39	51	75	19	84	42	6	59	34	89	70	5	40	10	47	74	-1	43	65	69	32	98	2	4	21	83	7	49	44	19	67	11	59	
49	36	86	48	27	87	49	1	7	51	17	57	38	93	72	24	8	89	74	81	6	20	68	31	79	13	3	9	4	51	18	70	31	33	69	42	82	11	3	7	18	53	17	54	39	24	52	50	28	76	83	38	99	62	6	53	59	26	30	28	61	46	42	84	24	94	65	47	44	10	19	2	8	69	60	53	31	16	69	59	42	58	45	43	-1	31	62	98	36	88	61	4	81	60	88	30	3	1	88	68	
17	23	13	69	38	77	89	69	39	17	91	43	85	26	55	75	33	89	83	12	3	51	90	24	58	33	31	21	100	7	70	74	43	77	88	36	18	71	50	48	39	88	72	95	28	57	24	69	52	10	35	64	71	61	35	100	58	41	69	54	52	19	41	16	51	10	5	69	17	11	58	57	95	62	19	33	28	92	57	66	16	56	13	65	31	-1	46	82	82	16	56	27	54	76	54	97	72	7	76	27	
3	69	10	10	95	15	43	92	93	5	25	37	6	74	11	91	8	40	84	18	65	55	94	51	25	21	38	53	49	7	78	24	18	7	32	84	8	86	80	31	63	30	54	89	9	49	9	66	61	78	60	76	46	41	77	89	23	22	16	6	31	18	35	45	22	52	85	77	84	10	60	78	70	2	52	27	52	43	16	39	40	86	80	69	62	46	-1	24	29	98	38	56	41	61	59	62	78	99	10	39	
80	78	6	47	81	32	81	17	51	53	47	18	76	34	14	32	12	49	80	20	95	8	69	24	59	94	61	78	62	43	1	8	90	27	38	64	14	43	6	96	84	15	35	25	14	100	91	70	56	38	94	72	1	40	4	90	35	4	9	6	45	60	36	33	86	97	63	38	76	1	12	80	39	99	5	30	72	2	70	68	8	75	3	32	98	82	24	-1	25	77	85	52	62	7	58	67	73	31	6	96	
35	49	11	79	96	66	48	91	78	83	93	4	14	77	15	64	8	35	52	76	68	52	83	51	65	93	44	10	89	81	52	99	53	26	54	78	7	43	52	50	22	83	83	15	66	51	73	43	31	16	76	78	72	98	49	39	54	43	60	31	98	24	96	35	69	10	92	68	83	58	54	93	77	19	71	64	82	87	12	39	25	31	12	98	36	82	29	25	-1	7	99	70	63	37	41	84	61	32	80	66	
47	73	22	47	15	5	82	58	75	52	54	11	35	38	33	65	29	98	100	44	77	9	26	74	95	10	80	6	5	58	74	36	88	99	23	50	22	38	68	92	10	33	29	12	10	48	11	48	78	83	15	45	88	73	23	21	34	42	50	62	10	95	53	82	100	49	53	53	28	79	48	60	23	52	1	37	100	58	96	47	76	72	1	2	88	16	98	77	7	-1	79	42	100	12	30	40	61	55	85	12	
32	63	32	9	31	52	57	8	72	70	71	24	54	67	13	15	78	20	45	53	31	87	70	63	63	33	42	8	27	19	5	46	2	44	17	51	71	23	8	13	32	1	75	80	9	83	11	79	58	72	91	42	77	45	73	21	60	90	79	49	47	47	60	61	26	2	42	69	68	36	60	26	22	29	15	52	92	68	45	67	33	88	71	4	61	56	38	85	99	79	-1	80	61	15	8	19	24	61	52	10	
90	96	69	32	24	55	79	60	100	39	23	6	73	25	18	89	100	66	79	72	57	49	64	62	21	6	83	85	6	28	28	70	12	25	58	57	71	82	29	24	55	78	86	53	37	50	15	23	10	75	36	1	59	18	60	28	22	86	64	38	95	99	99	25	65	44	24	33	13	72	39	23	57	49	66	31	26	92	12	75	25	82	47	21	4	27	56	52	70	42	80	-1	95	63	13	5	18	98	46	79	
78	70	75	10	12	69	69	18	10	5	61	9	13	58	87	56	54	77	29	15	75	45	64	73	87	9	16	57	92	77	9	51	77	5	1	75	24	24	89	16	40	9	41	43	6	29	89	1	18	67	47	70	21	58	92	21	51	33	37	61	15	26	82	71	51	69	9	18	33	54	70	11	46	97	51	89	70	80	35	70	6	65	92	83	81	54	41	62	63	100	61	95	-1	61	89	8	100	51	54	92	
60	17	30	88	75	95	64	48	99	79	53	19	24	30	26	86	37	18	36	87	19	16	32	29	63	50	68	42	27	17	68	96	75	27	2	57	73	10	53	14	64	67	78	89	28	11	4	30	83	96	95	95	34	96	95	16	22	88	81	100	6	20	22	23	34	1	90	13	77	97	35	46	76	54	11	89	32	86	24	90	10	81	52	7	60	76	61	7	37	12	15	63	61	-1	8	19	80	72	4	76	
12	88	86	99	85	25	72	21	30	71	91	9	30	10	25	68	74	81	58	39	98	79	37	66	66	31	70	100	72	22	39	45	54	43	7	97	70	5	10	21	96	18	93	21	50	31	91	64	2	93	12	53	36	74	55	4	69	46	100	72	13	8	40	57	77	80	13	92	25	71	84	86	90	42	32	83	68	26	52	15	18	85	47	49	88	54	59	58	41	30	8	13	89	8	-1	82	54	32	21	19	
37	83	35	67	59	34	61	49	87	55	32	50	75	74	54	26	67	22	11	68	27	61	84	60	74	25	87	90	47	50	87	36	13	4	63	78	50	36	92	74	11	59	47	6	54	52	27	80	10	7	81	92	12	17	95	19	23	74	78	74	16	100	88	35	42	99	26	8	24	32	21	42	46	56	47	90	67	44	18	47	92	83	99	44	30	97	62	67	84	40	19	5	8	19	82	-1	47	17	62	67	
89	16	42	18	73	61	68	69	19	88	43	70	12	52	68	11	32	3	44	34	66	19	98	11	9	15	15	59	36	48	32	55	35	73	39	95	46	55	15	78	45	62	42	17	93	62	37	59	36	69	98	82	27	51	9	56	50	44	43	40	92	44	45	4	70	92	95	35	29	42	90	24	17	97	17	56	21	76	1	46	82	65	94	19	3	72	78	73	61	61	24	18	100	80	54	47	-1	88	75	42	
23	36	54	89	28	12	11	56	83	30	99	8	77	90	87	94	82	30	15	67	5	22	27	65	25	76	16	34	91	74	51	47	54	35	98	95	52	28	55	16	25	96	20	96	44	15	8	59	99	62	12	18	14	18	80	93	96	69	50	67	60	40	37	67	83	57	97	71	29	22	7	11	92	24	40	78	18	59	26	92	87	70	5	67	1	7	99	31	32	55	61	98	51	72	32	17	88	-1	81	13	
31	4	39	40	21	89	70	98	32	56	74	64	31	22	86	78	54	76	69	52	59	9	42	29	48	83	79	40	1	8	30	36	65	21	80	35	99	47	87	7	62	79	16	88	96	39	18	20	11	52	86	6	24	35	70	42	39	82	84	67	34	67	18	84	41	48	24	77	71	41	96	96	4	28	43	12	28	27	68	9	32	31	27	11	88	76	10	6	80	85	52	46	54	4	21	62	75	81	-1	99	
69	42	55	44	75	38	16	76	49	57	6	12	65	28	97	93	22	96	67	89	11	16	66	44	64	6	3	43	64	76	55	83	88	7	88	51	100	72	7	43	10	12	28	12	97	54	92	19	23	87	31	95	35	39	77	72	48	38	46	29	34	21	11	25	53	1	11	41	46	77	47	63	36	96	29	39	64	23	58	98	34	97	79	59	68	27	39	96	66	12	10	79	92	76	19	67	42	13	99	-1	
