100
-1	85	63	31	59	9	9	16	66	57	6	8	94	64	43	66	43	52	82	80	82	44	54	27	49	90	99	78	5	39	56	4	17	84	15	12	45	66	5	93	66	52	31	94	68	83	40	23	38	94	44	37	9	24	32	71	75	87	3	37	1	62	53	89	43	57	82	100	91	15	85	46	97	100	29	81	65	29	11	83	61	44	65	66	17	36	87	7	32	69	29	74	33	39	88	45	38	13	92	63	
85	-1	55	56	4	60	34	29	32	54	17	32	80	25	97	13	9	30	74	4	2	72	68	47	63	89	96	75	96	24	73	64	80	94	80	5	76	90	2	4	79	92	81	9	26	6	6	41	76	18	73	68	48	78	41	35	61	37	10	60	67	49	100	15	47	77	78	94	31	69	27	51	11	64	44	57	51	85	26	68	6	41	73	52	86	8	93	76	17	98	96	67	75	52	12	72	1	51	86	67	
63	55	-1	54	100	59	32	40	93	22	22	37	99	43	34	39	68	91	93	24	87	3	46	26	77	97	17	17	7	84	41	82	49	67	89	17	97	50	37	14	32	92	33	89	60	84	75	18	27	37	9	94	82	68	53	19	70	21	12	73	27	100	92	6	91	18	38	75	9	34	60	81	85	57	3	35	15	26	31	56	65	89	73	79	98	26	42	33	60	37	6	79	35	89	63	85	55	57	39	42	
31	56	54	-1	34	89	23	28	51	17	91	51	56	83	70	73	59	15	34	84	83	27	47	40	92	76	34	23	88	26	89	38	80	71	37	12	36	38	84	48	50	1	4	100	16	89	60	21	72	78	26	34	92	35	45	47	98	94	43	44	57	63	38	54	56	33	22	2	26	82	62	66	27	96	36	35	67	84	70	55	61	2	67	3	17	89	4	100	1	80	35	3	52	65	10	57	4	85	36	84	
59	4	100	34	-1	49	68	81	44	54	86	94	92	20	54	30	37	5	43	19	87	63	73	97	13	17	81	57	84	21	38	68	43	31	93	33	46	65	52	25	82	23	84	66	63	64	97	74	61	73	13	100	72	6	51	90	71	19	5	41	51	57	5	14	75	34	56	55	31	33	3	46	18	16	29	92	24	26	89	32	28	29	57	68	92	61	64	21	62	67	56	31	23	56	95	11	87	4	27	53	
9	60	59	89	49	-1	68	93	35	96	54	44	57	56	6	7	16	34	6	20	79	73	37	89	99	20	74	16	35	23	78	89	54	20	17	54	92	99	74	54	6	23	35	69	96	30	91	83	12	74	34	22	77	74	49	18	52	57	71	43	1	61	38	5	1	3	6	55	98	8	51	4	88	11	5	15	71	66	49	69	21	50	54	5	13	47	88	87	100	27	80	47	43	37	84	20	68	21	62	100	
9	34	32	23	68	68	-1	22	18	19	66	92	40	80	96	69	96	69	22	29	53	44	54	74	84	40	76	61	29	2	89	43	95	16	96	68	98	32	77	63	12	56	73	14	91	12	13	3	72	95	73	70	6	85	20	13	61	4	6	70	25	41	85	16	24	86	68	56	31	2	25	53	54	88	1	22	42	20	97	47	91	54	27	55	39	97	37	73	66	35	37	100	10	69	38	63	98	33	42	65	
16	29	40	28	81	93	22	-1	38	22	12	84	60	96	28	1	38	29	29	75	35	64	95	41	39	99	69	26	7	42	36	77	80	62	80	54	38	83	3	5	12	81	64	13	27	84	45	42	56	3	56	83	33	91	98	63	62	17	69	8	36	85	12	96	59	67	33	20	49	46	38	2	74	7	59	51	65	72	78	53	38	70	40	29	98	92	59	97	96	9	45	16	26	12	80	38	7	97	6	81	
66	32	93	51	44	35	18	38	-1	85	55	79	24	79	28	69	11	3	32	32	83	26	98	73	71	24	7	15	35	61	76	32	73	95	90	65	89	48	8	38	26	48	61	96	81	46	7	23	63	54	27	82	59	95	22	68	57	89	31	6	46	46	14	87	31	76	72	63	20	39	52	50	66	89	2	99	35	29	50	8	41	8	3	13	89	49	20	65	97	84	14	79	9	33	63	57	71	90	35	77	
57	54	22	17	54	96	19	22	85	-1	40	34	89	97	77	75	36	8	17	43	59	1	73	6	26	16	58	59	30	23	65	16	54	91	17	39	63	83	68	99	1	87	7	22	47	17	95	88	40	16	44	40	43	2	13	9	16	56	92	99	69	31	28	11	40	5	72	49	53	60	58	89	86	78	56	92	89	42	85	27	78	23	7	67	14	70	47	20	15	40	2	36	16	64	47	8	12	58	88	77	
6	17	22	91	86	54	66	12	55	40	-1	50	41	74	86	56	10	99	58	16	61	6	72	34	68	10	42	51	86	87	94	14	13	5	74	29	23	45	27	30	93	25	37	34	38	75	40	97	82	29	9	68	86	47	19	12	67	33	76	72	57	71	37	24	31	31	45	58	99	74	40	41	63	85	75	25	50	13	46	47	3	81	94	85	52	87	12	67	74	5	18	99	12	37	68	14	85	55	49	32	
8	32	37	51	94	44	92	84	79	34	50	-1	42	46	99	79	92	86	5	79	5	41	80	100	53	35	96	42	56	38	47	76	18	61	42	21	38	80	55	68	80	65	86	11	21	38	72	62	47	88	37	19	17	34	2	100	55	52	94	21	13	72	100	3	70	86	93	66	48	93	50	58	23	58	21	95	2	17	11	31	100	61	13	10	27	64	87	13	37	66	6	4	32	90	27	64	40	39	15	61	
94	80	99	56	92	57	40	60	24	89	41	42	-1	10	59	84	75	99	77	48	20	37	48	17	77	1	55	44	48	66	31	62	58	4	96	43	80	13	51	73	27	44	92	85	44	15	62	44	33	95	43	32	53	37	89	68	14	67	33	38	1	20	32	32	38	32	99	17	69	11	80	24	47	75	97	5	13	48	42	23	94	12	86	34	39	39	95	97	72	65	100	99	41	1	54	18	78	40	81	4	
64	25	43	83	20	56	80	96	79	97	74	46	10	-1	98	74	59	21	2	65	15	52	77	48	72	70	11	85	20	12	54	66	79	85	73	93	39	35	75	78	18	60	58	85	25	16	97	40	2	17	18	21	85	31	44	80	15	81	88	95	33	28	46	3	51	26	87	63	14	18	81	47	66	78	6	34	24	93	64	34	17	50	44	88	27	13	94	31	100	100	80	62	55	4	67	22	18	66	2	92	
43	97	34	70	54	6	96	28	28	77	86	99	59	98	-1	97	84	5	87	76	8	41	60	85	11	68	11	70	38	16	53	2	65	6	82	45	56	69	77	68	66	100	54	44	63	36	4	9	69	64	42	48	35	32	43	92	74	81	80	27	16	53	13	84	93	70	1	4	55	81	77	28	37	39	20	89	27	16	98	45	41	45	10	80	57	72	70	5	59	11	8	11	67	64	35	28	64	36	83	85	
66	13	39	73	30	7	69	1	69	75	56	79	84	74	97	-1	91	1	33	1	37	74	99	78	17	93	78	13	69	6	45	30	60	35	37	1	32	69	17	11	57	10	96	95	42	65	76	62	70	33	30	33	53	70	27	27	73	4	26	34	51	37	27	86	74	17	45	95	66	5	23	6	69	5	12	95	62	85	25	1	50	65	56	83	7	27	66	14	51	9	60	71	53	3	61	94	81	4	6	19	
43	9	68	59	37	16	96	38	11	36	10	92	75	59	84	91	-1	30	69	100	72	99	81	74	15	54	91	94	34	1	8	6	52	82	12	30	13	87	47	8	100	37	36	38	32	76	62	67	46	90	14	5	14	91	60	79	20	50	53	39	47	77	23	20	86	98	66	95	91	36	20	39	10	37	72	80	4	71	17	89	63	84	63	96	30	77	48	98	85	12	41	38	94	17	63	7	12	4	98	58	
52	30	91	15	5	34	69	29	3	8	99	86	99	21	5	1	30	-1	13	5	74	28	64	43	83	24	40	93	75	100	34	6	14	49	15	65	39	12	66	33	28	98	22	37	58	87	99	46	18	11	1	39	14	24	6	21	76	40	38	88	32	7	68	58	61	32	90	83	11	40	27	9	26	45	72	5	100	51	61	41	42	65	78	43	96	51	25	62	33	84	17	11	6	22	84	35	38	35	5	71	
82	74	93	34	43	6	22	29	32	17	58	5	77	2	87	33	69	13	-1	65	75	81	64	78	31	79	73	31	100	25	69	56	57	53	33	28	72	88	26	64	67	30	6	28	98	82	69	47	9	71	21	84	52	83	27	38	65	75	37	45	5	95	75	14	82	4	5	74	92	39	68	58	30	51	29	89	31	38	20	60	92	60	74	10	12	65	84	88	15	52	13	55	83	20	37	74	25	2	44	13	
80	4	24	84	19	20	29	75	32	43	16	79	48	65	76	1	100	5	65	-1	90	67	82	66	1	91	52	62	20	41	48	91	81	9	16	1	39	40	60	21	4	31	65	33	22	27	33	30	93	11	44	50	19	6	55	14	63	15	64	75	42	22	81	14	31	45	21	34	20	99	12	61	45	27	5	63	49	88	37	10	55	24	51	73	71	3	75	96	28	21	67	76	44	94	11	15	86	92	39	9	
82	2	87	83	87	79	53	35	83	59	61	5	20	15	8	37	72	74	75	90	-1	52	42	59	4	46	17	61	21	1	20	59	20	98	96	59	90	13	47	31	9	30	32	14	32	83	12	62	44	84	71	8	10	74	82	88	81	66	71	10	66	89	50	37	27	39	43	46	29	85	40	73	21	58	32	74	64	59	76	90	58	15	25	46	8	63	10	17	62	25	91	78	80	62	86	81	38	82	10	71	
44	72	3	27	63	73	44	64	26	1	6	41	37	52	41	74	99	28	81	67	52	-1	69	72	97	54	100	63	38	29	45	71	98	83	12	95	98	19	61	39	94	65	17	68	37	75	29	11	45	26	30	22	68	73	48	94	74	58	85	46	57	49	69	67	3	66	4	33	27	10	47	24	83	16	23	95	31	87	66	37	90	76	15	44	17	46	84	14	8	70	90	42	57	44	80	100	58	21	64	61	
54	68	46	47	73	37	54	95	98	73	72	80	48	77	60	99	81	64	64	82	42	69	-1	7	51	95	57	35	50	55	97	91	92	30	43	61	3	77	59	53	93	86	69	14	100	57	33	7	48	48	62	43	38	93	66	66	54	57	40	21	51	63	91	97	9	15	78	42	7	35	68	1	70	77	71	84	34	3	31	30	39	23	52	83	99	63	28	92	83	36	58	86	31	97	48	19	9	67	62	34	
27	47	26	40	97	89	74	41	73	6	34	100	17	48	85	78	74	43	78	66	59	72	7	-1	56	11	95	44	81	43	3	55	14	48	73	14	47	79	47	13	22	46	17	66	50	22	30	60	2	11	65	63	14	19	22	8	50	31	87	95	46	78	57	10	90	47	83	44	83	74	59	81	89	54	58	31	47	57	53	46	44	95	97	56	23	55	27	21	21	24	52	29	65	39	2	41	37	58	8	26	
49	63	77	92	13	99	84	39	71	26	68	53	77	72	11	17	15	83	31	1	4	97	51	56	-1	39	20	43	80	82	66	6	28	86	6	62	60	33	41	21	59	88	47	84	67	1	53	51	82	90	98	74	89	98	43	57	71	91	51	31	45	16	99	99	88	91	17	70	63	45	15	5	55	9	22	46	24	19	56	40	50	54	47	56	1	83	67	93	40	63	50	24	60	35	73	37	7	70	25	93	
90	89	97	76	17	20	40	99	24	16	10	35	1	70	68	93	54	24	79	91	46	54	95	11	39	-1	26	57	84	76	92	70	90	100	80	37	35	62	94	39	66	37	5	99	98	5	67	95	88	34	17	18	12	77	73	12	88	22	2	7	47	83	14	99	49	47	34	16	100	18	65	42	18	8	9	54	40	37	71	11	58	44	21	11	40	67	39	23	12	57	49	37	13	33	90	12	84	54	62	85	
99	96	17	34	81	74	76	69	7	58	42	96	55	11	11	78	91	40	73	52	17	100	57	95	20	26	-1	93	68	79	44	24	10	30	20	100	24	4	47	4	47	55	89	88	42	16	25	94	3	77	17	90	91	19	37	99	38	20	34	63	95	81	39	88	82	63	1	23	26	47	92	22	42	48	29	53	99	12	20	82	8	70	85	58	44	30	19	85	15	8	57	25	3	74	41	2	9	49	1	57	
78	75	17	23	57	16	61	26	15	59	51	42	44	85	70	13	94	93	31	62	61	63	35	44	43	57	93	-1	60	39	12	31	2	71	1	71	21	28	94	44	59	22	79	64	73	73	52	20	80	71	77	37	93	90	72	78	51	39	24	18	2	17	28	100	75	40	82	82	85	95	81	68	49	75	33	93	45	2	45	66	34	65	81	85	53	58	46	11	3	97	71	58	15	43	73	22	80	19	44	94	
5	96	7	88	84	35	29	7	35	30	86	56	48	20	38	69	34	75	100	20	21	38	50	81	80	84	68	60	-1	26	37	99	61	50	16	50	70	89	61	23	8	16	24	27	30	58	65	86	22	6	63	76	69	88	11	97	3	45	81	23	50	33	74	47	84	69	42	94	49	89	20	60	14	43	62	2	36	81	31	64	79	71	26	4	10	69	41	30	75	75	45	24	100	22	23	5	85	22	60	33	
39	24	84	26	21	23	2	42	61	23	87	38	66	12	16	6	1	100	25	41	1	29	55	43	82	76	79	39	26	-1	26	52	49	46	76	39	2	90	3	13	65	3	42	87	49	88	42	25	11	54	56	78	71	49	26	96	24	5	96	34	58	31	67	43	76	52	1	31	13	79	30	39	9	77	19	81	40	58	33	84	67	99	12	37	72	100	17	19	47	27	73	37	100	84	70	53	23	33	55	23	
56	73	41	89	38	78	89	36	76	65	94	47	31	54	53	45	8	34	69	48	20	45	97	3	66	92	44	12	37	26	-1	42	85	27	66	98	5	74	54	56	12	19	99	80	44	1	77	63	75	65	45	26	31	87	34	31	56	41	95	44	91	84	28	13	92	100	27	93	23	90	14	92	44	4	78	15	81	65	62	76	44	61	15	88	61	99	6	70	7	86	5	18	45	25	30	98	80	62	10	20	
4	64	82	38	68	89	43	77	32	16	14	76	62	66	2	30	6	6	56	91	59	71	91	55	6	70	24	31	99	52	42	-1	84	4	12	28	16	63	20	99	22	64	31	88	2	3	100	53	77	89	4	18	33	81	78	54	63	65	88	10	34	29	30	98	86	4	37	17	87	9	82	88	90	16	64	50	81	25	90	74	55	89	57	17	58	8	66	19	29	82	35	8	64	84	88	7	14	2	20	25	
17	80	49	80	43	54	95	80	73	54	13	18	58	79	65	60	52	14	57	81	20	98	92	14	28	90	10	2	61	49	85	84	-1	17	22	43	99	96	56	46	30	8	96	33	26	51	51	65	58	75	81	46	13	7	34	78	64	83	49	79	56	32	57	66	67	30	22	76	42	61	71	73	68	49	56	70	18	74	14	3	6	74	90	50	60	13	6	98	95	4	50	56	16	25	87	18	28	81	29	9	
84	94	67	71	31	20	16	62	95	91	5	61	4	85	6	35	82	49	53	9	98	83	30	48	86	100	30	71	50	46	27	4	17	-1	91	26	2	44	89	95	80	65	48	10	72	19	75	13	53	1	81	43	30	51	92	1	12	26	51	51	26	65	78	96	66	93	50	43	77	36	24	74	82	5	46	33	67	71	20	78	99	48	59	10	62	96	95	20	67	90	22	92	63	30	28	95	63	72	78	84	
15	80	89	37	93	17	96	80	90	17	74	42	96	73	82	37	12	15	33	16	96	12	43	73	6	80	20	1	16	76	66	12	22	91	-1	44	96	86	10	44	67	72	25	32	20	9	91	55	62	70	8	42	6	21	99	82	4	16	74	38	50	71	64	82	47	67	1	70	49	94	95	83	22	40	60	86	73	22	6	55	72	19	14	29	88	97	48	63	15	49	75	82	65	37	24	56	74	69	31	8	
12	5	17	12	33	54	68	54	65	39	29	21	43	93	45	1	30	65	28	1	59	95	61	14	62	37	100	71	50	39	98	28	43	26	44	-1	59	84	54	23	27	68	52	99	40	16	9	65	98	5	89	41	94	63	38	80	95	66	53	73	90	44	91	57	36	65	88	67	29	100	5	56	1	28	39	97	5	95	83	26	15	25	39	72	82	72	8	10	42	6	18	81	46	84	85	56	70	30	6	73	
45	76	97	36	46	92	98	38	89	63	23	38	80	39	56	32	13	39	72	39	90	98	3	47	60	35	24	21	70	2	5	16	99	2	96	59	-1	71	67	37	73	49	90	32	21	61	37	44	10	59	97	90	47	18	51	28	1	69	1	93	59	64	56	55	30	8	100	67	2	70	20	7	43	71	20	99	39	43	4	44	97	56	75	12	69	6	8	69	69	59	16	82	47	13	44	47	28	68	8	1	
66	90	50	38	65	99	32	83	48	83	45	80	13	35	69	69	87	12	88	40	13	19	77	79	33	62	4	28	89	90	74	63	96	44	86	84	71	-1	60	86	71	97	99	54	9	52	99	57	63	95	35	51	70	63	68	95	95	99	65	41	38	9	73	72	72	79	28	29	13	23	61	54	13	93	11	78	46	54	37	84	63	45	39	87	91	14	86	37	9	18	47	10	19	10	48	58	45	61	18	57	
5	2	37	84	52	74	77	3	8	68	27	55	51	75	77	17	47	66	26	60	47	61	59	47	41	94	47	94	61	3	54	20	56	89	10	54	67	60	-1	35	92	15	79	13	45	19	81	78	52	12	47	99	6	30	25	37	48	56	27	25	26	37	12	7	37	10	31	78	7	20	13	22	54	12	45	19	71	69	53	17	71	65	39	39	90	68	20	72	71	66	65	64	24	68	87	75	94	41	90	31	
93	4	14	48	25	54	63	5	38	99	30	68	73	78	68	11	8	33	64	21	31	39	53	13	21	39	4	44	23	13	56	99	46	95	44	23	37	86	35	-1	60	92	76	55	36	96	71	92	50	39	14	67	88	60	67	67	41	77	82	89	66	20	97	57	74	68	65	26	29	14	39	44	63	64	23	37	78	1	21	99	29	46	73	29	95	13	37	12	35	21	47	39	65	9	37	44	5	40	31	57	
66	79	32	50	82	6	12	12	26	1	93	80	27	18	66	57	100	28	67	4	9	94	93	22	59	66	47	59	8	65	12	22	30	80	67	27	73	71	92	60	-1	78	56	95	98	94	66	49	69	40	14	32	24	90	46	61	62	100	60	69	77	81	31	77	70	84	47	41	49	49	90	32	94	22	81	46	56	92	99	43	46	94	2	48	28	76	91	35	26	92	88	88	46	85	49	49	58	23	28	74	
52	92	92	1	23	23	56	81	48	87	25	65	44	60	100	10	37	98	30	31	30	65	86	46	88	37	55	22	16	3	19	64	8	65	72	68	49	97	15	92	78	-1	37	67	24	1	23	23	19	52	23	65	34	16	56	96	26	20	13	99	77	43	2	9	43	94	84	89	41	41	72	26	73	75	51	49	87	33	28	30	56	83	50	85	13	37	19	19	62	73	30	35	31	20	5	40	15	90	94	95	
31	81	33	4	84	35	73	64	61	7	37	86	92	58	54	96	36	22	6	65	32	17	69	17	47	5	89	79	24	42	99	31	96	48	25	52	90	99	79	76	56	37	-1	20	17	47	90	86	89	47	93	59	74	15	40	30	50	33	24	14	66	80	13	42	38	40	92	87	95	7	22	57	57	28	77	97	97	7	93	90	4	58	86	92	32	58	60	65	35	44	50	82	54	46	51	49	92	49	46	79	
94	9	89	100	66	69	14	13	96	22	34	11	85	85	44	95	38	37	28	33	14	68	14	66	84	99	88	64	27	87	80	88	33	10	32	99	32	54	13	55	95	67	20	-1	87	77	74	1	18	83	69	54	96	41	96	63	43	95	87	5	4	57	53	75	63	4	3	1	6	22	82	88	10	40	69	80	73	46	95	2	98	66	9	77	46	100	8	35	75	82	18	55	14	38	93	23	33	76	16	27	
68	26	60	16	63	96	91	27	81	47	38	21	44	25	63	42	32	58	98	22	32	37	100	50	67	98	42	73	30	49	44	2	26	72	20	40	21	9	45	36	98	24	17	87	-1	57	34	40	84	86	9	34	29	52	70	39	1	68	29	64	19	44	93	87	55	75	87	2	2	37	23	7	92	81	33	55	79	60	12	42	43	9	29	43	8	49	6	1	27	69	5	66	8	74	94	7	63	92	55	59	
83	6	84	89	64	30	12	84	46	17	75	38	15	16	36	65	76	87	82	27	83	75	57	22	1	5	16	73	58	88	1	3	51	19	9	16	61	52	19	96	94	1	47	77	57	-1	10	46	63	66	87	25	29	21	87	94	71	21	29	85	19	69	63	44	65	33	26	53	32	15	36	43	69	90	11	82	77	41	43	64	71	28	32	14	30	47	45	32	64	56	28	22	75	81	11	76	91	94	30	7	
40	6	75	60	97	91	13	45	7	95	40	72	62	97	4	76	62	99	69	33	12	29	33	30	53	67	25	52	65	42	77	100	51	75	91	9	37	99	81	71	66	23	90	74	34	10	-1	1	43	35	16	49	10	78	72	22	68	73	44	18	64	71	11	76	27	86	66	98	42	6	3	6	13	8	74	88	2	29	31	73	78	4	16	23	86	94	2	37	56	3	26	8	94	67	18	21	95	46	47	9	
23	41	18	21	74	83	3	42	23	88	97	62	44	40	9	62	67	46	47	30	62	11	7	60	51	95	94	20	86	25	63	53	65	13	55	65	44	57	78	92	49	23	86	1	40	46	1	-1	93	89	53	63	31	10	25	21	16	61	99	94	52	48	24	42	54	5	49	46	89	10	9	69	54	69	7	99	9	96	84	34	36	15	72	10	70	76	6	85	81	88	53	83	25	75	43	54	1	48	65	85	
38	76	27	72	61	12	72	56	63	40	82	47	33	2	69	70	46	18	9	93	44	45	48	2	82	88	3	80	22	11	75	77	58	53	62	98	10	63	52	50	69	19	89	18	84	63	43	93	-1	83	38	81	26	64	81	99	86	67	46	44	96	15	16	94	92	25	40	84	1	87	20	81	8	25	29	34	100	61	46	9	39	86	71	23	98	57	27	14	36	60	74	16	19	54	6	2	92	30	32	84	
94	18	37	78	73	74	95	3	54	16	29	88	95	17	64	33	90	11	71	11	84	26	48	11	90	34	77	71	6	54	65	89	75	1	70	5	59	95	12	39	40	52	47	83	86	66	35	89	83	-1	52	47	90	76	78	12	54	17	14	17	73	14	31	42	92	39	66	15	47	83	51	48	61	79	19	61	88	82	78	12	57	57	82	81	85	5	16	43	1	99	31	33	91	19	66	68	91	88	4	71	
44	73	9	26	13	34	73	56	27	44	9	37	43	18	42	30	14	1	21	44	71	30	62	65	98	17	17	77	63	56	45	4	81	81	8	89	97	35	47	14	14	23	93	69	9	87	16	53	38	52	-1	5	79	6	55	59	74	9	28	49	27	59	67	87	40	99	65	79	13	23	8	24	49	40	93	81	73	58	70	90	91	18	73	16	77	94	5	56	60	28	91	62	72	57	23	98	33	4	88	26	
37	68	94	34	100	22	70	83	82	40	68	19	32	21	48	33	5	39	84	50	8	22	43	63	74	18	90	37	76	78	26	18	46	43	42	41	90	51	99	67	32	65	59	54	34	25	49	63	81	47	5	-1	12	41	33	77	54	63	94	11	64	37	30	18	87	40	86	81	34	46	86	7	58	45	6	91	26	71	72	69	87	24	84	75	25	64	4	21	31	15	78	69	19	75	86	39	45	93	84	56	
9	48	82	92	72	77	6	33	59	43	86	17	53	85	35	53	14	14	52	19	10	68	38	14	89	12	91	93	69	71	31	33	13	30	6	94	47	70	6	88	24	34	74	96	29	29	10	31	26	90	79	12	-1	74	42	54	10	76	87	77	16	36	78	74	49	15	51	11	90	17	91	43	15	51	72	10	63	10	18	16	53	21	1	33	17	96	38	29	59	49	46	25	36	95	68	85	58	84	70	35	
24	78	68	35	6	74	85	91	95	2	47	34	37	31	32	70	91	24	83	6	74	73	93	19	98	77	19	90	88	49	87	81	7	51	21	63	18	63	30	60	90	16	15	41	52	21	78	10	64	76	6	41	74	-1	55	91	3	36	29	43	7	99	52	47	32	59	31	62	44	40	24	76	39	31	55	34	74	48	40	98	76	97	84	91	28	42	9	60	23	69	61	26	51	71	50	11	88	54	78	73	
32	41	53	45	51	49	20	98	22	13	19	2	89	44	43	27	60	6	27	55	82	48	66	22	43	73	37	72	11	26	34	78	34	92	99	38	51	68	25	67	46	56	40	96	70	87	72	25	81	78	55	33	42	55	-1	70	32	24	63	88	76	1	78	20	64	69	83	78	31	51	15	33	99	42	7	19	93	52	77	100	67	91	97	71	75	7	81	16	83	87	13	14	84	39	22	23	7	13	95	67	
71	35	19	47	90	18	13	63	68	9	12	100	68	80	92	27	79	21	38	14	88	94	66	8	57	12	99	78	97	96	31	54	78	1	82	80	28	95	37	67	61	96	30	63	39	94	22	21	99	12	59	77	54	91	70	-1	73	54	65	22	54	32	25	8	92	74	64	11	80	28	67	76	57	95	74	50	84	31	53	15	72	43	93	87	59	88	52	42	80	59	73	57	38	76	50	13	14	7	78	99	
75	61	70	98	71	52	61	62	57	16	67	55	14	15	74	73	20	76	65	63	81	74	54	50	71	88	38	51	3	24	56	63	64	12	4	95	1	95	48	41	62	26	50	43	1	71	68	16	86	54	74	54	10	3	32	73	-1	13	100	29	43	36	93	62	98	75	65	56	9	18	94	48	13	82	92	50	51	69	32	26	69	33	26	85	38	7	99	68	76	57	69	96	61	16	20	11	86	76	48	98	
87	37	21	94	19	57	4	17	89	56	33	52	67	81	81	4	50	40	75	15	66	58	57	31	91	22	20	39	45	5	41	65	83	26	16	66	69	99	56	77	100	20	33	95	68	21	73	61	67	17	9	63	76	36	24	54	13	-1	88	72	40	95	55	58	79	52	19	58	10	5	7	34	49	15	63	19	65	73	19	82	45	88	56	97	63	13	65	91	62	30	54	80	1	1	40	14	55	67	81	33	
3	10	12	43	5	71	6	69	31	92	76	94	33	88	80	26	53	38	37	64	71	85	40	87	51	2	34	24	81	96	95	88	49	51	74	53	1	65	27	82	60	13	24	87	29	29	44	99	46	14	28	94	87	29	63	65	100	88	-1	37	77	57	21	71	91	85	62	94	58	59	7	61	32	6	79	83	49	48	8	37	12	57	88	65	26	13	94	10	42	17	40	52	39	26	86	66	46	71	80	42	
37	60	73	44	41	43	70	8	6	99	72	21	38	95	27	34	39	88	45	75	10	46	21	95	31	7	63	18	23	34	44	10	79	51	38	73	93	41	25	89	69	99	14	5	64	85	18	94	44	17	49	11	77	43	88	22	29	72	37	-1	7	28	68	69	64	63	26	76	59	41	27	30	9	24	39	23	88	20	26	24	2	88	29	72	74	23	74	67	15	74	85	37	67	19	17	9	94	26	70	6	
1	67	27	57	51	1	25	36	46	69	57	13	1	33	16	51	47	32	5	42	66	57	51	46	45	47	95	2	50	58	91	34	56	26	50	90	59	38	26	66	77	77	66	4	19	19	64	52	96	73	27	64	16	7	76	54	43	40	77	7	-1	6	83	32	77	61	28	44	72	24	32	17	31	75	29	47	14	23	10	7	86	7	84	53	43	6	46	17	72	35	3	76	41	43	35	23	6	83	16	45	
62	49	100	63	57	61	41	85	46	31	71	72	20	28	53	37	77	7	95	22	89	49	63	78	16	83	81	17	33	31	84	29	32	65	71	44	64	9	37	20	81	43	80	57	44	69	71	48	15	14	59	37	36	99	1	32	36	95	57	28	6	-1	77	33	50	93	14	28	24	74	96	85	85	62	63	42	75	25	23	49	96	23	36	82	14	38	52	81	91	16	29	96	52	17	71	1	69	62	44	42	
53	100	92	38	5	38	85	12	14	28	37	100	32	46	13	27	23	68	75	81	50	69	91	57	99	14	39	28	74	67	28	30	57	78	64	91	56	73	12	97	31	2	13	53	93	63	11	24	16	31	67	30	78	52	78	25	93	55	21	68	83	77	-1	98	22	75	85	4	95	49	75	67	75	82	80	74	28	99	61	28	17	80	89	70	76	9	95	73	100	25	40	77	42	46	100	22	67	42	35	49	
89	15	6	54	14	5	16	96	87	11	24	3	32	3	84	86	20	58	14	14	37	67	97	10	99	99	88	100	47	43	13	98	66	96	82	57	55	72	7	57	77	9	42	75	87	44	76	42	94	42	87	18	74	47	20	8	62	58	71	69	32	33	98	-1	11	57	74	51	45	28	6	54	13	46	80	20	74	5	26	88	13	35	81	97	66	82	87	94	74	32	95	80	85	95	6	2	64	79	12	67	
43	47	91	56	75	1	24	59	31	40	31	70	38	51	93	74	86	61	82	31	27	3	9	90	88	49	82	75	84	76	92	86	67	66	47	36	30	72	37	74	70	43	38	63	55	65	27	54	92	92	40	87	49	32	64	92	98	79	91	64	77	50	22	11	-1	69	33	24	31	74	81	84	78	68	39	73	54	93	43	33	55	19	17	34	65	78	66	90	100	88	32	59	3	92	99	1	35	89	45	89	
57	77	18	33	34	3	86	67	76	5	31	86	32	26	70	17	98	32	4	45	39	66	15	47	91	47	63	40	69	52	100	4	30	93	67	65	8	79	10	68	84	94	40	4	75	33	86	5	25	39	99	40	15	59	69	74	75	52	85	63	61	93	75	57	69	-1	33	23	27	93	71	90	66	5	7	58	93	100	52	31	11	32	65	90	31	94	87	80	22	13	18	45	17	28	51	71	12	82	49	21	
82	78	38	22	56	6	68	33	72	72	45	93	99	87	1	45	66	90	5	21	43	4	78	83	17	34	1	82	42	1	27	37	22	50	1	88	100	28	31	65	47	84	92	3	87	26	66	49	40	66	65	86	51	31	83	64	65	19	62	26	28	14	85	74	33	33	-1	30	98	42	98	5	19	79	70	29	74	74	38	16	22	94	95	65	86	24	69	37	45	13	93	21	58	88	21	53	3	94	10	52	
100	94	75	2	55	55	56	20	63	49	58	66	17	63	4	95	95	83	74	34	46	33	42	44	70	16	23	82	94	31	93	17	76	43	70	67	67	29	78	26	41	89	87	1	2	53	98	46	84	15	79	81	11	62	78	11	56	58	94	76	44	28	4	51	24	23	30	-1	68	47	15	50	71	31	36	14	18	84	9	16	67	53	59	58	55	75	27	85	55	80	19	86	55	34	38	21	47	48	48	78	
91	31	9	26	31	98	31	49	20	53	99	48	69	14	55	66	91	11	92	20	29	27	7	83	63	100	26	85	49	13	23	87	42	77	49	29	2	13	7	29	49	41	95	6	2	32	42	89	1	47	13	34	90	44	31	80	9	10	58	59	72	24	95	45	31	27	98	68	-1	10	23	60	23	4	86	47	33	73	90	42	2	24	97	100	19	61	45	27	77	97	37	55	5	98	83	90	76	98	48	41	
15	69	34	82	33	8	2	46	39	60	74	93	11	18	81	5	36	40	39	99	85	10	35	74	45	18	47	95	89	79	90	9	61	36	94	100	70	23	20	14	49	41	7	22	37	15	6	10	87	83	23	46	17	40	51	28	18	5	59	41	24	74	49	28	74	93	42	47	10	-1	44	41	12	23	57	23	92	13	58	18	45	70	36	72	14	80	11	7	21	3	62	58	66	16	26	35	45	41	46	98	
85	27	60	62	3	51	25	38	52	58	40	50	80	81	77	23	20	27	68	12	40	47	68	59	15	65	92	81	20	30	14	82	71	24	95	5	20	61	13	39	90	72	22	82	23	36	3	9	20	51	8	86	91	24	15	67	94	7	7	27	32	96	75	6	81	71	98	15	23	44	-1	97	15	38	17	41	91	83	19	97	89	45	6	48	62	44	16	85	49	20	70	32	60	24	72	42	100	17	91	75	
46	51	81	66	46	4	53	2	50	89	41	58	24	47	28	6	39	9	58	61	73	24	1	81	5	42	22	68	60	39	92	88	73	74	83	56	7	54	22	44	32	26	57	88	7	43	6	69	81	48	24	7	43	76	33	76	48	34	61	30	17	85	67	54	84	90	5	50	60	41	97	-1	23	94	44	87	72	71	65	11	80	39	77	6	11	38	32	39	12	59	16	21	70	80	33	84	31	51	4	38	
97	11	85	27	18	88	54	74	66	86	63	23	47	66	37	69	10	26	30	45	21	83	70	89	55	18	42	49	14	9	44	90	68	82	22	1	43	13	54	63	94	73	57	10	92	69	13	54	8	61	49	58	15	39	99	57	13	49	32	9	31	85	75	13	78	66	19	71	23	12	15	23	-1	86	30	30	70	100	22	27	79	2	73	57	36	10	27	73	22	35	33	29	7	18	85	87	58	86	13	85	
100	64	57	96	16	11	88	7	89	78	85	58	75	78	39	5	37	45	51	27	58	16	77	54	9	8	48	75	43	77	4	16	49	5	40	28	71	93	12	64	22	75	28	40	81	90	8	69	25	79	40	45	51	31	42	95	82	15	6	24	75	62	82	46	68	5	79	31	4	23	38	94	86	-1	31	83	99	5	17	34	4	91	4	68	100	93	56	40	26	38	75	29	60	2	74	97	13	9	51	7	
29	44	3	36	29	5	1	59	2	56	75	21	97	6	20	12	72	72	29	5	32	23	71	58	22	9	29	33	62	19	78	64	56	46	60	39	20	11	45	23	81	51	77	69	33	11	74	7	29	19	93	6	72	55	7	74	92	63	79	39	29	63	80	80	39	7	70	36	86	57	17	44	30	31	-1	93	41	29	27	29	93	72	83	96	20	75	24	68	19	4	55	1	46	30	38	31	60	96	85	14	
81	57	35	35	92	15	22	51	99	92	25	95	5	34	89	95	80	5	89	63	74	95	84	31	46	54	53	93	2	81	15	50	70	33	86	97	99	78	19	37	46	49	97	80	55	82	88	99	34	61	81	91	10	34	19	50	50	19	83	23	47	42	74	20	73	58	29	14	47	23	41	87	30	83	93	-1	88	53	81	83	51	47	42	93	43	29	68	89	62	80	29	5	84	64	80	34	1	63	21	69	
65	51	15	67	24	71	42	65	35	89	50	2	13	24	27	62	4	100	31	49	64	31	34	47	24	40	99	45	36	40	81	81	18	67	73	5	39	46	71	78	56	87	97	73	79	77	2	9	100	88	73	26	63	74	93	84	51	65	49	88	14	75	28	74	54	93	74	18	33	92	91	72	70	99	41	88	-1	47	78	64	43	14	48	63	5	12	11	55	31	47	52	49	27	17	78	69	8	4	78	84	
29	85	26	84	26	66	20	72	29	42	13	17	48	93	16	85	71	51	38	88	59	87	3	57	19	37	12	2	81	58	65	25	74	71	22	95	43	54	69	1	92	33	7	46	60	41	29	96	61	82	58	71	10	48	52	31	69	73	48	20	23	25	99	5	93	100	74	84	73	13	83	71	100	5	29	53	47	-1	59	22	5	79	2	30	63	26	52	47	34	2	40	1	58	5	17	78	96	4	33	63	
11	26	31	70	89	49	97	78	50	85	46	11	42	64	98	25	17	61	20	37	76	66	31	53	56	71	20	45	31	33	62	90	14	20	6	83	4	37	53	21	99	28	93	95	12	43	31	84	46	78	70	72	18	40	77	53	32	19	8	26	10	23	61	26	43	52	38	9	90	58	19	65	22	17	27	81	78	59	-1	29	87	80	43	60	70	24	6	94	12	62	82	5	43	56	42	23	63	97	92	65	
83	68	56	55	32	69	47	53	8	27	47	31	23	34	45	1	89	41	60	10	90	37	30	46	40	11	82	66	64	84	76	74	3	78	55	26	44	84	17	99	43	30	90	2	42	64	73	34	9	12	90	69	16	98	100	15	26	82	37	24	7	49	28	88	33	31	16	16	42	18	97	11	27	34	29	83	64	22	29	-1	16	80	60	63	60	73	77	17	22	84	32	58	80	68	23	88	95	55	29	9	
61	6	65	61	28	21	91	38	41	78	3	100	94	17	41	50	63	42	92	55	58	90	39	44	50	58	8	34	79	67	44	55	6	99	72	15	97	63	71	29	46	56	4	98	43	71	78	36	39	57	91	87	53	76	67	72	69	45	12	2	86	96	17	13	55	11	22	67	2	45	89	80	79	4	93	51	43	5	87	16	-1	72	54	3	72	81	35	76	79	54	25	11	60	22	80	40	77	5	62	30	
44	41	89	2	29	50	54	70	8	23	81	61	12	50	45	65	84	65	60	24	15	76	23	95	54	44	70	65	71	99	61	89	74	48	19	25	56	45	65	46	94	83	58	66	9	28	4	15	86	57	18	24	21	97	91	43	33	88	57	88	7	23	80	35	19	32	94	53	24	70	45	39	2	91	72	47	14	79	80	80	72	-1	9	94	34	37	95	84	78	56	1	16	10	72	42	62	43	49	75	14	
65	73	73	67	57	54	27	40	3	7	94	13	86	44	10	56	63	78	74	51	25	15	52	97	47	21	85	81	26	12	15	57	90	59	14	39	75	39	39	73	2	50	86	9	29	32	16	72	71	82	73	84	1	84	97	93	26	56	88	29	84	36	89	81	17	65	95	59	97	36	6	77	73	4	83	42	48	2	43	60	54	9	-1	1	48	8	89	60	63	77	16	8	61	30	82	48	13	72	49	85	
66	52	79	3	68	5	55	29	13	67	85	10	34	88	80	83	96	43	10	73	46	44	83	56	56	11	58	85	4	37	88	17	50	10	29	72	12	87	39	29	48	85	92	77	43	14	23	10	23	81	16	75	33	91	71	87	85	97	65	72	53	82	70	97	34	90	65	58	100	72	48	6	57	68	96	93	63	30	60	63	3	94	1	-1	28	73	91	36	24	100	22	85	80	93	41	8	9	9	12	28	
17	86	98	17	92	13	39	98	89	14	52	27	39	27	57	7	30	96	12	71	8	17	99	23	1	40	44	53	10	72	61	58	60	62	88	82	69	91	90	95	28	13	32	46	8	30	86	70	98	85	77	25	17	28	75	59	38	63	26	74	43	14	76	66	65	31	86	55	19	14	62	11	36	100	20	43	5	63	70	60	72	34	48	28	-1	16	1	58	26	29	27	10	52	86	26	37	59	89	67	65	
36	8	26	89	61	47	97	92	49	70	87	64	39	13	72	27	77	51	65	3	63	46	63	55	83	67	30	58	69	100	99	8	13	96	97	72	6	14	68	13	76	37	58	100	49	47	94	76	57	5	94	64	96	42	7	88	7	13	13	23	6	38	9	82	78	94	24	75	61	80	44	38	10	93	75	29	12	26	24	73	81	37	8	73	16	-1	90	97	7	21	68	8	47	15	92	32	38	33	66	95	
87	93	42	4	64	88	37	59	20	47	12	87	95	94	70	66	48	25	84	75	10	84	28	27	67	39	19	46	41	17	6	66	6	95	48	8	8	86	20	37	91	19	60	8	6	45	2	6	27	16	5	4	38	9	81	52	99	65	94	74	46	52	95	87	66	87	69	27	45	11	16	32	27	56	24	68	11	52	6	77	35	95	89	91	1	90	-1	62	97	17	41	90	47	19	80	22	100	84	83	47	
7	76	33	100	21	87	73	97	65	20	67	13	97	31	5	14	98	62	88	96	17	14	92	21	93	23	85	11	30	19	70	19	98	20	63	10	69	37	72	12	35	19	65	35	1	32	37	85	14	43	56	21	29	60	16	42	68	91	10	67	17	81	73	94	90	80	37	85	27	7	85	39	73	40	68	89	55	47	94	17	76	84	60	36	58	97	62	-1	40	63	18	13	4	61	81	18	26	7	3	36	
32	17	60	1	62	100	66	96	97	15	74	37	72	100	59	51	85	33	15	28	62	8	83	21	40	12	15	3	75	47	7	29	95	67	15	42	69	9	71	35	26	62	35	75	27	64	56	81	36	1	60	31	59	23	83	80	76	62	42	15	72	91	100	74	100	22	45	55	77	21	49	12	22	26	19	62	31	34	12	22	79	78	63	24	26	7	97	40	-1	48	66	21	70	63	70	6	23	35	51	30	
69	98	37	80	67	27	35	9	84	40	5	66	65	100	11	9	12	84	52	21	25	70	36	24	63	57	8	97	75	27	86	82	4	90	49	6	59	18	66	21	92	73	44	82	69	56	3	88	60	99	28	15	49	69	87	59	57	30	17	74	35	16	25	32	88	13	13	80	97	3	20	59	35	38	4	80	47	2	62	84	54	56	77	100	29	21	17	63	48	-1	92	43	71	46	67	31	31	98	23	37	
29	96	6	35	56	80	37	45	14	2	18	6	100	80	8	60	41	17	13	67	91	90	58	52	50	49	57	71	45	73	5	35	50	22	75	18	16	47	65	47	88	30	50	18	5	28	26	53	74	31	91	78	46	61	13	73	69	54	40	85	3	29	40	95	32	18	93	19	37	62	70	16	33	75	55	29	52	40	82	32	25	1	16	22	27	68	41	18	66	92	-1	63	45	26	8	21	88	77	94	17	
74	67	79	3	31	47	100	16	79	36	99	4	99	62	11	71	38	11	55	76	78	42	86	29	24	37	25	58	24	37	18	8	56	92	82	81	82	10	64	39	88	35	82	55	66	22	8	83	16	33	62	69	25	26	14	57	96	80	52	37	76	96	77	80	59	45	21	86	55	58	32	21	29	29	1	5	49	1	5	58	11	16	8	85	10	8	90	13	21	43	63	-1	69	83	58	61	42	52	53	5	
33	75	35	52	23	43	10	26	9	16	12	32	41	55	67	53	94	6	83	44	80	57	31	65	60	13	3	15	100	100	45	64	16	63	65	46	47	19	24	65	46	31	54	14	8	75	94	25	19	91	72	19	36	51	84	38	61	1	39	67	41	52	42	85	3	17	58	55	5	66	60	70	7	60	46	84	27	58	43	80	60	10	61	80	52	47	47	4	70	71	45	69	-1	3	71	48	4	24	62	65	
39	52	89	65	56	37	69	12	33	64	37	90	1	4	64	3	17	22	20	94	62	44	97	39	35	33	74	43	22	84	25	84	25	30	37	84	13	10	68	9	85	20	46	38	74	81	67	75	54	19	57	75	95	71	39	76	16	1	26	19	43	17	46	95	92	28	88	34	98	16	24	80	18	2	30	64	17	5	56	68	22	72	30	93	86	15	19	61	63	46	26	83	3	-1	17	11	29	25	43	12	
88	12	63	10	95	84	38	80	63	47	68	27	54	67	35	61	63	84	37	11	86	80	48	2	73	90	41	73	23	70	30	88	87	28	24	85	44	48	87	37	49	5	51	93	94	11	18	43	6	66	23	86	68	50	22	50	20	40	86	17	35	71	100	6	99	51	21	38	83	26	72	33	85	74	38	80	78	17	42	23	80	42	82	41	26	92	80	81	70	67	8	58	71	17	-1	26	63	1	78	87	
45	72	85	57	11	20	63	38	57	8	14	64	18	22	28	94	7	35	74	15	81	100	19	41	37	12	2	22	5	53	98	7	18	95	56	56	47	58	75	44	49	40	49	23	7	76	21	54	2	68	98	39	85	11	23	13	11	14	66	9	23	1	22	2	1	71	53	21	90	35	42	84	87	97	31	34	69	78	23	88	40	62	48	8	37	32	22	18	6	31	21	61	48	11	26	-1	71	24	29	28	
38	1	55	4	87	68	98	7	71	12	85	40	78	18	64	81	12	38	25	86	38	58	9	37	7	84	9	80	85	23	80	14	28	63	74	70	28	45	94	5	58	15	92	33	63	91	95	1	92	91	33	45	58	88	7	14	86	55	46	94	6	69	67	64	35	12	3	47	76	45	100	31	58	13	60	1	8	96	63	95	77	43	13	9	59	38	100	26	23	31	88	42	4	29	63	71	-1	77	2	56	
13	51	57	85	4	21	33	97	90	58	55	39	40	66	36	4	4	35	2	92	82	21	67	58	70	54	49	19	22	33	62	2	81	72	69	30	68	61	41	40	23	90	49	76	92	94	46	48	30	88	4	93	84	54	13	7	76	67	71	26	83	62	42	79	89	82	94	48	98	41	17	51	86	9	96	63	4	4	97	55	5	49	72	9	89	33	84	7	35	98	77	52	24	25	1	24	77	-1	35	59	
92	86	39	36	27	62	42	6	35	88	49	15	81	2	83	6	98	5	44	39	10	64	62	8	25	62	1	44	60	55	10	20	29	78	31	6	8	18	90	31	28	94	46	16	55	30	47	65	32	4	88	84	70	78	95	78	48	81	80	70	16	44	35	12	45	49	10	48	48	46	91	4	13	51	85	21	78	33	92	29	62	75	49	12	67	66	83	3	51	23	94	53	62	43	78	29	2	35	-1	83	
63	67	42	84	53	100	65	81	77	77	32	61	4	92	85	19	58	71	13	9	71	61	34	26	93	85	57	94	33	23	20	25	9	84	8	73	1	57	31	57	74	95	79	27	59	7	9	85	84	71	26	56	35	73	67	99	98	33	42	6	45	42	49	67	89	21	52	78	41	98	75	38	85	7	14	69	84	63	65	9	30	14	85	28	65	95	47	36	30	37	17	5	65	12	87	28	56	59	83	-1	
