100
-1	98	93	12	48	17	69	10	58	18	79	24	100	77	94	89	33	28	69	4	31	55	24	79	65	69	52	74	56	99	34	85	78	15	44	62	89	56	16	62	68	48	9	81	32	94	70	12	97	89	76	90	87	44	55	26	79	96	6	5	8	27	60	75	27	54	98	18	30	1	5	10	36	66	30	62	10	59	20	7	92	100	13	59	23	36	97	33	38	39	48	71	22	88	23	74	79	83	69	13	
98	-1	99	34	66	37	37	32	55	92	94	58	90	61	55	37	73	82	88	39	42	43	2	13	50	83	31	46	23	79	38	86	66	19	1	62	89	84	79	85	83	67	89	2	97	16	20	92	73	36	8	30	22	92	24	88	3	22	10	65	27	78	68	64	81	19	19	28	43	46	95	87	100	22	43	38	93	4	82	74	16	5	89	83	68	41	83	80	53	47	80	74	73	46	94	31	25	98	81	6	
93	99	-1	60	12	79	10	8	2	46	12	2	14	30	69	57	80	51	7	18	38	92	83	30	88	71	67	3	52	3	84	99	87	92	71	79	93	21	8	68	90	8	67	16	26	82	86	71	94	52	7	10	58	50	14	19	49	65	6	94	24	11	72	88	87	70	27	74	94	73	22	56	79	40	47	98	11	17	78	55	18	34	89	21	30	93	33	92	43	14	13	94	9	27	21	30	42	46	14	55	
12	34	60	-1	71	14	68	4	68	75	92	14	66	75	15	21	68	81	91	94	77	77	52	4	22	52	18	87	47	22	45	82	3	57	100	3	43	84	86	95	30	79	47	98	6	93	83	73	30	55	16	15	44	27	100	1	81	57	8	24	3	96	2	23	58	57	58	2	51	87	93	99	12	42	14	23	44	66	17	98	66	66	99	66	35	26	51	13	53	52	6	98	65	10	2	19	76	9	86	72	
48	66	12	71	-1	58	52	55	74	35	24	34	64	43	86	32	70	76	98	74	36	77	82	31	89	45	6	34	69	44	19	36	52	93	21	85	69	89	38	90	97	27	64	11	99	64	73	30	83	5	81	76	85	19	4	46	33	6	30	47	65	45	7	44	59	56	14	24	84	55	97	28	95	91	14	50	74	87	8	90	18	37	25	69	5	36	91	54	69	27	16	65	86	59	86	50	100	54	83	65	
17	37	79	14	58	-1	50	25	46	83	22	36	70	85	10	15	34	44	42	59	49	53	28	60	39	25	72	69	65	4	36	71	29	89	83	79	72	42	99	63	60	86	44	13	41	86	59	80	56	4	9	3	86	56	53	17	73	81	72	4	23	84	18	20	71	19	71	98	2	81	31	84	11	48	19	11	14	83	13	68	5	98	26	11	10	42	53	17	75	25	83	75	84	53	9	75	77	8	81	55	
69	37	10	68	52	50	-1	72	48	54	64	63	63	21	29	17	14	64	88	73	70	52	24	12	39	68	96	28	9	42	3	84	27	21	56	2	6	18	67	90	1	7	5	77	42	79	72	26	6	43	43	52	48	32	33	89	7	42	19	37	33	4	43	38	54	70	42	98	50	36	22	13	34	71	92	44	77	8	88	30	90	83	23	23	4	66	28	19	7	87	70	8	81	79	32	70	83	40	6	81	
10	32	8	4	55	25	72	-1	20	11	83	8	74	94	76	45	8	78	28	61	32	56	12	97	66	41	77	57	29	18	56	4	53	93	73	52	88	18	7	60	84	73	91	83	45	60	59	27	91	75	53	93	91	66	47	83	71	63	89	71	30	25	45	50	61	96	51	1	19	29	30	70	55	36	89	98	3	89	37	94	34	76	98	16	63	89	28	11	9	22	80	38	3	94	95	32	5	86	18	76	
58	55	2	68	74	46	48	20	-1	82	69	50	11	63	37	98	18	4	40	63	82	26	73	72	29	72	4	74	47	50	63	73	17	98	86	19	69	61	87	37	81	55	66	68	76	54	64	9	90	4	7	81	88	33	82	22	77	46	28	98	15	48	54	97	40	41	28	56	34	25	5	44	37	44	24	40	52	54	25	23	3	55	52	22	67	76	2	73	14	73	45	99	97	73	11	23	88	83	54	68	
18	92	46	75	35	83	54	11	82	-1	69	10	2	48	35	27	10	81	55	9	80	16	28	77	44	11	40	92	55	88	43	46	79	6	43	75	37	96	84	43	98	7	69	38	24	69	15	39	65	27	30	10	12	35	9	22	86	63	53	95	47	72	41	19	86	34	61	88	26	67	32	71	33	50	66	19	37	63	30	87	34	76	84	32	55	69	38	75	84	51	48	86	71	69	66	13	61	92	85	27	
79	94	12	92	24	22	64	83	69	69	-1	88	97	12	86	31	1	13	43	62	28	74	9	26	77	81	65	95	13	52	50	80	70	97	14	74	66	17	49	38	44	81	24	52	86	49	36	40	47	29	84	70	39	22	40	28	77	18	48	73	40	98	97	55	41	94	10	90	20	10	45	15	45	8	27	70	5	14	69	72	73	26	97	91	74	59	16	91	41	86	5	84	25	36	62	25	76	69	17	37	
24	58	2	14	34	36	63	8	50	10	88	-1	34	2	87	97	40	55	64	45	71	88	65	78	82	77	17	35	53	51	5	38	96	1	36	6	21	71	27	42	6	41	1	89	13	96	57	24	100	69	15	67	39	30	36	79	75	84	34	67	6	69	39	26	20	43	97	41	20	82	34	62	91	27	37	36	40	4	73	7	18	62	72	46	70	44	62	99	35	78	83	75	98	1	50	19	21	21	88	6	
100	90	14	66	64	70	63	74	11	2	97	34	-1	53	65	65	40	48	70	53	91	4	55	81	28	45	70	79	11	35	82	51	98	43	48	12	63	75	80	71	81	97	70	61	77	29	57	95	10	17	74	89	53	33	83	31	1	58	94	60	78	11	69	16	72	67	16	89	22	17	81	96	80	97	54	48	10	27	8	32	66	62	43	5	40	98	39	66	79	52	97	91	51	13	44	95	20	30	61	98	
77	61	30	75	43	85	21	94	63	48	12	2	53	-1	66	84	25	22	55	4	66	98	21	36	81	83	76	1	2	41	58	8	80	34	54	88	99	29	49	70	91	66	47	53	60	35	25	71	10	78	79	15	25	9	5	83	13	90	14	17	42	85	96	50	80	11	17	10	21	44	17	78	7	31	26	39	15	80	48	50	14	22	32	25	48	27	83	73	90	60	87	76	16	41	34	13	54	41	98	89	
94	55	69	15	86	10	29	76	37	35	86	87	65	66	-1	6	58	83	44	63	32	62	21	92	97	43	66	93	16	26	16	41	14	59	13	39	61	2	39	67	65	68	32	31	64	95	54	30	73	95	49	43	71	38	86	87	31	65	7	45	82	13	28	46	16	25	88	37	34	44	21	3	58	49	12	81	56	77	56	26	11	21	12	12	86	1	15	19	72	92	32	16	78	44	26	95	91	93	90	98	
89	37	57	21	32	15	17	45	98	27	31	97	65	84	6	-1	45	93	98	28	38	15	32	91	57	84	40	93	70	49	62	77	80	70	76	72	33	54	74	98	95	13	30	46	17	26	50	88	63	73	68	71	39	56	17	86	72	56	69	87	36	86	34	90	84	66	96	22	39	68	8	21	53	10	19	57	17	9	73	83	24	35	20	91	43	81	59	76	39	4	4	97	40	93	37	48	68	81	59	10	
33	73	80	68	70	34	14	8	18	10	1	40	40	25	58	45	-1	28	38	51	67	40	32	30	11	30	46	38	34	25	45	33	40	52	85	93	12	27	77	25	2	98	18	23	94	31	43	74	3	26	20	58	59	75	78	22	89	82	61	34	73	32	61	77	35	8	22	64	22	41	60	3	46	6	61	79	12	69	16	73	29	36	89	90	34	44	54	12	94	76	30	20	8	11	84	12	19	45	58	55	
28	82	51	81	76	44	64	78	4	81	13	55	48	22	83	93	28	-1	15	47	38	35	65	44	42	6	70	46	99	43	12	45	75	55	70	30	62	76	62	100	85	65	60	56	82	91	60	6	51	55	78	79	38	40	92	40	100	7	77	26	33	1	5	91	28	60	94	86	11	77	57	90	41	77	96	97	62	22	26	19	7	31	7	4	19	95	22	70	64	95	20	37	22	83	88	93	81	26	75	90	
69	88	7	91	98	42	88	28	40	55	43	64	70	55	44	98	38	15	-1	49	71	4	30	67	7	24	61	98	4	78	28	91	20	79	85	44	35	8	30	78	57	100	72	10	48	67	83	25	44	27	59	56	7	86	89	55	75	32	75	36	94	3	56	50	2	13	88	46	85	69	60	10	86	91	57	45	84	12	81	2	15	77	5	16	53	20	81	45	82	57	65	57	71	54	13	54	64	41	8	97	
4	39	18	94	74	59	73	61	63	9	62	45	53	4	63	28	51	47	49	-1	60	13	84	44	50	19	17	42	64	54	15	6	10	29	9	52	36	80	7	100	32	7	54	13	8	6	91	89	67	39	41	69	1	48	43	51	56	16	45	54	92	54	37	19	46	100	45	21	77	36	48	70	69	4	34	24	33	67	92	64	10	64	47	70	4	43	91	61	88	92	27	37	87	30	75	7	11	81	95	51	
31	42	38	77	36	49	70	32	82	80	28	71	91	66	32	38	67	38	71	60	-1	15	20	66	89	11	86	61	13	97	5	5	7	38	47	18	47	56	93	33	48	67	73	89	19	66	64	41	26	32	12	65	6	19	58	7	14	21	28	55	77	44	17	34	98	30	1	82	82	2	86	90	13	25	27	81	92	100	36	32	50	45	78	97	86	45	40	97	17	97	54	4	44	76	58	31	4	11	13	27	
55	43	92	77	77	53	52	56	26	16	74	88	4	98	62	15	40	35	4	13	15	-1	93	45	11	97	71	65	64	93	24	86	13	22	5	95	38	97	62	72	46	50	93	48	69	60	50	46	48	33	15	12	83	13	37	10	79	69	64	64	78	8	82	8	31	73	73	66	100	7	40	41	22	88	60	21	84	8	31	40	36	54	1	2	59	92	37	48	66	12	14	10	36	45	71	77	50	59	20	81	
24	2	83	52	82	28	24	12	73	28	9	65	55	21	21	32	32	65	30	84	20	93	-1	81	98	98	11	6	89	48	4	92	66	59	62	61	96	23	61	62	89	23	32	8	37	98	94	87	22	99	62	27	70	99	41	76	6	13	2	34	8	46	31	27	83	9	8	95	5	28	8	95	86	25	62	70	44	48	48	22	86	46	18	77	80	49	50	61	35	4	60	64	17	62	35	39	76	30	65	35	
79	13	30	4	31	60	12	97	72	77	26	78	81	36	92	91	30	44	67	44	66	45	81	-1	47	50	68	38	41	44	57	12	80	80	81	77	53	23	62	48	43	32	55	52	53	89	15	22	40	56	95	52	55	38	9	40	1	7	8	48	100	52	98	52	7	66	41	1	35	16	1	12	98	26	8	50	28	22	27	59	45	7	29	4	38	17	9	66	62	5	69	28	17	89	88	8	72	93	15	20	
65	50	88	22	89	39	39	66	29	44	77	82	28	81	97	57	11	42	7	50	89	11	98	47	-1	80	79	64	38	96	28	74	26	60	33	45	56	52	49	61	45	99	23	25	62	8	70	66	58	6	30	20	55	68	7	100	40	64	69	70	58	7	26	85	37	13	80	73	83	97	68	92	67	20	47	4	71	66	47	20	99	85	25	45	1	69	34	31	9	68	46	100	26	82	92	84	77	87	95	42	
69	83	71	52	45	25	68	41	72	11	81	77	45	83	43	84	30	6	24	19	11	97	98	50	80	-1	14	64	37	62	40	76	18	87	97	44	35	63	86	97	56	40	11	36	26	53	54	30	6	22	64	21	17	88	24	11	48	5	45	53	48	18	18	75	68	37	76	66	52	62	35	58	76	68	12	9	53	50	15	27	16	59	19	72	79	21	34	47	77	73	35	45	80	81	60	25	65	11	37	40	
52	31	67	18	6	72	96	77	4	40	65	17	70	76	66	40	46	70	61	17	86	71	11	68	79	14	-1	36	62	6	44	9	86	29	13	70	13	40	68	77	63	100	67	44	46	70	88	88	15	36	70	67	78	39	33	81	85	67	54	44	14	4	34	46	10	44	18	16	74	94	91	65	76	77	86	61	67	44	99	27	22	96	77	59	82	38	73	87	94	19	81	24	11	44	38	17	7	71	77	56	
74	46	3	87	34	69	28	57	74	92	95	35	79	1	93	93	38	46	98	42	61	65	6	38	64	64	36	-1	75	16	2	88	91	84	26	70	65	76	34	6	11	60	95	61	33	21	17	97	66	71	71	36	84	55	32	20	42	18	31	38	25	22	3	90	35	45	97	26	92	2	55	79	89	67	98	33	82	60	99	89	50	65	97	99	6	76	54	60	98	51	63	30	15	77	68	54	82	51	92	75	
56	23	52	47	69	65	9	29	47	55	13	53	11	2	16	70	34	99	4	64	13	64	89	41	38	37	62	75	-1	75	31	17	97	54	13	84	50	21	76	56	48	22	37	76	19	92	23	13	5	52	36	40	51	70	88	96	66	4	82	56	79	47	23	43	83	91	27	60	14	47	96	56	62	13	50	74	82	95	92	81	67	72	65	80	79	29	39	22	12	62	50	11	23	15	40	55	98	82	99	18	
99	79	3	22	44	4	42	18	50	88	52	51	35	41	26	49	25	43	78	54	97	93	48	44	96	62	6	16	75	-1	39	100	65	35	50	44	96	40	1	11	24	95	53	45	20	50	72	98	30	80	53	40	64	67	43	64	100	8	38	95	12	29	30	59	65	58	9	63	27	43	71	75	2	93	49	55	87	30	11	29	2	69	81	77	86	78	95	81	58	86	71	89	11	19	11	45	98	23	68	5	
34	38	84	45	19	36	3	56	63	43	50	5	82	58	16	62	45	12	28	15	5	24	4	57	28	40	44	2	31	39	-1	59	26	42	64	58	76	37	7	73	83	64	12	74	21	95	74	83	18	22	63	83	77	96	49	70	59	94	18	4	96	57	30	69	20	84	93	33	13	38	97	83	23	50	44	79	64	29	86	76	74	54	82	22	29	55	51	24	69	38	13	37	3	12	59	61	39	87	55	78	
85	86	99	82	36	71	84	4	73	46	80	38	51	8	41	77	33	45	91	6	5	86	92	12	74	76	9	88	17	100	59	-1	70	7	44	48	13	11	31	60	30	53	26	51	14	5	13	67	94	22	58	2	17	64	6	31	78	75	32	33	42	57	45	25	49	10	93	96	61	5	85	37	79	8	33	87	57	12	9	86	20	10	58	95	23	73	78	93	44	52	48	79	5	91	72	83	45	5	43	15	
78	66	87	3	52	29	27	53	17	79	70	96	98	80	14	80	40	75	20	10	7	13	66	80	26	18	86	91	97	65	26	70	-1	96	45	26	42	72	38	100	93	73	62	29	64	56	98	100	55	55	55	21	48	96	89	64	90	20	72	80	71	58	30	55	22	56	31	81	56	35	54	79	72	77	1	74	24	12	76	20	30	30	18	98	27	28	100	95	47	31	34	56	89	47	51	9	28	2	14	50	
15	19	92	57	93	89	21	93	98	6	97	1	43	34	59	70	52	55	79	29	38	22	59	80	60	87	29	84	54	35	42	7	96	-1	30	25	74	13	20	1	19	15	70	37	94	45	29	10	92	14	74	95	70	10	29	58	31	60	45	78	8	80	73	38	68	42	100	3	52	3	97	93	34	1	87	8	46	28	23	44	59	80	82	89	86	4	76	41	72	62	64	10	79	96	58	57	51	73	79	55	
44	1	71	100	21	83	56	73	86	43	14	36	48	54	13	76	85	70	85	9	47	5	62	81	33	97	13	26	13	50	64	44	45	30	-1	41	36	92	18	44	88	34	67	58	45	8	97	88	49	13	66	42	98	56	36	85	99	9	35	43	78	78	57	76	98	22	71	69	29	84	86	73	3	15	92	95	59	13	79	35	48	86	46	28	36	98	11	18	26	93	13	47	74	25	64	39	82	29	5	32	
62	62	79	3	85	79	2	52	19	75	74	6	12	88	39	72	93	30	44	52	18	95	61	77	45	44	70	70	84	44	58	48	26	25	41	-1	85	18	26	27	14	83	57	56	62	25	20	72	10	18	17	9	81	93	55	2	97	3	37	44	83	16	76	60	60	49	79	93	69	64	82	100	34	97	36	47	35	92	95	63	11	15	99	53	26	93	66	95	40	75	93	90	98	98	47	42	45	5	76	90	
89	89	93	43	69	72	6	88	69	37	66	21	63	99	61	33	12	62	35	36	47	38	96	53	56	35	13	65	50	96	76	13	42	74	36	85	-1	33	56	15	6	47	65	68	6	50	27	63	87	30	24	9	64	86	79	98	67	96	85	38	8	71	47	76	79	56	65	47	93	52	90	63	79	76	36	93	10	66	1	34	14	24	33	65	45	34	26	81	79	9	94	92	96	41	32	47	77	18	78	10	
56	84	21	84	89	42	18	18	61	96	17	71	75	29	2	54	27	76	8	80	56	97	23	23	52	63	40	76	21	40	37	11	72	13	92	18	33	-1	43	94	20	20	4	54	41	78	7	40	82	63	30	56	15	16	10	97	70	97	78	30	33	80	48	72	52	87	5	99	35	80	52	52	64	57	20	53	20	29	45	79	30	90	8	63	17	11	69	64	44	44	98	20	50	48	69	53	63	82	43	70	
16	79	8	86	38	99	67	7	87	84	49	27	80	49	39	74	77	62	30	7	93	62	61	62	49	86	68	34	76	1	7	31	38	20	18	26	56	43	-1	72	73	99	74	34	29	57	52	25	81	75	84	38	3	75	88	63	64	39	11	39	4	89	78	70	86	27	32	89	59	62	47	5	33	6	100	36	74	25	39	21	34	23	46	89	6	13	84	26	89	4	41	43	68	93	45	28	40	30	76	79	
62	85	68	95	90	63	90	60	37	43	38	42	71	70	67	98	25	100	78	100	33	72	62	48	61	97	77	6	56	11	73	60	100	1	44	27	15	94	72	-1	62	20	88	27	76	55	24	8	79	89	43	47	56	79	14	64	19	20	43	53	96	87	11	41	16	100	4	72	96	90	14	8	87	59	50	77	46	7	37	77	12	69	64	60	44	72	28	2	10	17	64	4	99	82	36	40	8	91	8	95	
68	83	90	30	97	60	1	84	81	98	44	6	81	91	65	95	2	85	57	32	48	46	89	43	45	56	63	11	48	24	83	30	93	19	88	14	6	20	73	62	-1	1	18	29	49	43	76	40	68	52	86	81	68	24	5	45	55	96	34	83	39	63	76	19	20	5	15	93	48	51	29	89	32	34	99	30	69	20	19	100	30	4	23	24	36	49	53	3	8	9	32	100	7	10	57	58	48	58	51	41	
48	67	8	79	27	86	7	73	55	7	81	41	97	66	68	13	98	65	100	7	67	50	23	32	99	40	100	60	22	95	64	53	73	15	34	83	47	20	99	20	1	-1	29	71	100	14	67	45	85	17	28	27	92	82	33	11	20	27	25	2	92	26	7	80	72	22	99	35	4	98	84	66	26	5	48	8	42	95	93	9	100	45	50	88	82	43	97	82	75	6	47	48	87	80	53	67	28	86	66	3	
9	89	67	47	64	44	5	91	66	69	24	1	70	47	32	30	18	60	72	54	73	93	32	55	23	11	67	95	37	53	12	26	62	70	67	57	65	4	74	88	18	29	-1	84	6	100	1	76	28	60	84	80	18	12	38	36	94	52	8	66	83	80	19	65	68	39	33	90	4	53	99	45	15	24	56	82	48	13	3	76	79	50	4	26	72	11	8	88	1	13	73	73	73	92	32	98	78	64	86	37	
81	2	16	98	11	13	77	83	68	38	52	89	61	53	31	46	23	56	10	13	89	48	8	52	25	36	44	61	76	45	74	51	29	37	58	56	68	54	34	27	29	71	84	-1	8	99	37	3	94	50	28	2	68	54	12	3	54	28	20	8	24	47	95	57	30	73	21	16	62	17	55	18	56	19	19	20	45	56	4	85	63	15	93	4	83	96	28	6	32	72	4	45	48	62	7	12	32	69	38	98	
32	97	26	6	99	41	42	45	76	24	86	13	77	60	64	17	94	82	48	8	19	69	37	53	62	26	46	33	19	20	21	14	64	94	45	62	6	41	29	76	49	100	6	8	-1	69	81	26	8	80	54	93	82	10	3	55	81	85	19	81	32	17	90	23	67	58	50	73	43	56	39	17	54	48	64	26	6	23	30	48	54	57	23	50	20	36	28	16	77	48	55	99	49	69	100	65	38	27	56	93	
94	16	82	93	64	86	79	60	54	69	49	96	29	35	95	26	31	91	67	6	66	60	98	89	8	53	70	21	92	50	95	5	56	45	8	25	50	78	57	55	43	14	100	99	69	-1	88	37	6	95	30	14	82	100	47	59	79	20	10	77	70	48	18	98	99	42	2	66	46	38	8	44	66	86	45	96	52	14	25	19	72	14	15	85	12	91	18	86	29	44	1	93	65	61	80	45	97	85	52	4	
70	20	86	83	73	59	72	59	64	15	36	57	57	25	54	50	43	60	83	91	64	50	94	15	70	54	88	17	23	72	74	13	98	29	97	20	27	7	52	24	76	67	1	37	81	88	-1	76	40	46	21	9	23	46	44	58	2	86	37	20	46	24	77	96	85	63	56	51	19	54	44	10	79	62	64	45	65	27	61	90	60	84	89	28	38	70	76	20	71	50	68	46	24	42	95	17	77	18	56	69	
12	92	71	73	30	80	26	27	9	39	40	24	95	71	30	88	74	6	25	89	41	46	87	22	66	30	88	97	13	98	83	67	100	10	88	72	63	40	25	8	40	45	76	3	26	37	76	-1	41	35	31	69	40	71	20	80	2	94	50	26	70	37	7	95	29	17	84	48	16	23	95	59	50	89	35	8	79	3	19	12	10	10	9	28	66	73	17	13	12	63	14	23	90	32	44	35	58	23	87	82	
97	73	94	30	83	56	6	91	90	65	47	100	10	10	73	63	3	51	44	67	26	48	22	40	58	6	15	66	5	30	18	94	55	92	49	10	87	82	81	79	68	85	28	94	8	6	40	41	-1	16	59	75	46	58	89	16	3	87	89	84	58	86	17	91	77	92	82	66	36	79	72	51	42	24	52	7	11	23	60	93	84	65	35	7	35	15	37	83	61	77	37	96	93	65	30	48	59	70	67	52	
89	36	52	55	5	4	43	75	4	27	29	69	17	78	95	73	26	55	27	39	32	33	99	56	6	22	36	71	52	80	22	22	55	14	13	18	30	63	75	89	52	17	60	50	80	95	46	35	16	-1	21	51	34	50	73	88	34	82	67	51	3	36	84	42	79	96	3	84	63	35	39	9	95	74	85	8	58	41	51	36	83	66	81	76	33	90	35	18	2	90	24	33	29	37	37	3	38	22	5	63	
76	8	7	16	81	9	43	53	7	30	84	15	74	79	49	68	20	78	59	41	12	15	62	95	30	64	70	71	36	53	63	58	55	74	66	17	24	30	84	43	86	28	84	28	54	30	21	31	59	21	-1	65	33	51	60	27	79	77	73	80	90	88	38	40	9	75	2	84	75	44	31	64	61	17	31	23	11	92	56	18	36	37	83	48	25	43	52	53	78	25	53	50	2	34	76	64	20	76	74	77	
90	30	10	15	76	3	52	93	81	10	70	67	89	15	43	71	58	79	56	69	65	12	27	52	20	21	67	36	40	40	83	2	21	95	42	9	9	56	38	47	81	27	80	2	93	14	9	69	75	51	65	-1	35	41	57	15	35	54	68	66	96	95	25	69	34	12	36	84	50	23	26	44	49	61	5	50	77	81	30	73	16	30	2	2	51	97	77	5	23	27	68	81	20	53	50	68	18	48	86	16	
87	22	58	44	85	86	48	91	88	12	39	39	53	25	71	39	59	38	7	1	6	83	70	55	55	17	78	84	51	64	77	17	48	70	98	81	64	15	3	56	68	92	18	68	82	82	23	40	46	34	33	35	-1	4	89	71	94	69	66	51	37	41	18	32	65	48	67	32	88	2	77	24	36	10	37	19	59	36	99	52	43	93	80	57	90	77	40	57	81	32	27	49	71	72	92	94	28	82	59	70	
44	92	50	27	19	56	32	66	33	35	22	30	33	9	38	56	75	40	86	48	19	13	99	38	68	88	39	55	70	67	96	64	96	10	56	93	86	16	75	79	24	82	12	54	10	100	46	71	58	50	51	41	4	-1	99	18	71	40	29	92	63	77	59	20	31	33	42	78	85	9	88	78	97	38	2	66	48	17	48	10	48	76	4	51	52	94	67	91	5	87	60	32	94	62	46	39	72	46	96	95	
55	24	14	100	4	53	33	47	82	9	40	36	83	5	86	17	78	92	89	43	58	37	41	9	7	24	33	32	88	43	49	6	89	29	36	55	79	10	88	14	5	33	38	12	3	47	44	20	89	73	60	57	89	99	-1	53	66	63	46	45	48	8	74	42	9	31	84	88	23	19	33	12	75	63	34	59	43	88	6	65	94	20	50	6	27	95	40	83	84	3	2	1	41	73	37	64	12	57	13	14	
26	88	19	1	46	17	89	83	22	22	28	79	31	83	87	86	22	40	55	51	7	10	76	40	100	11	81	20	96	64	70	31	64	58	85	2	98	97	63	64	45	11	36	3	55	59	58	80	16	88	27	15	71	18	53	-1	61	23	80	10	88	28	87	11	66	31	64	24	58	85	68	50	93	45	86	55	20	32	1	37	16	19	39	18	9	99	6	54	32	78	47	31	3	6	77	67	99	19	91	95	
79	3	49	81	33	73	7	71	77	86	77	75	1	13	31	72	89	100	75	56	14	79	6	1	40	48	85	42	66	100	59	78	90	31	99	97	67	70	64	19	55	20	94	54	81	79	2	2	3	34	79	35	94	71	66	61	-1	36	80	66	43	42	39	77	26	28	45	81	23	88	92	71	16	50	95	67	62	58	41	35	70	59	41	57	26	30	9	22	15	13	83	39	57	24	57	32	63	93	76	6	
96	22	65	57	6	81	42	63	46	63	18	84	58	90	65	56	82	7	32	16	21	69	13	7	64	5	67	18	4	8	94	75	20	60	9	3	96	97	39	20	96	27	52	28	85	20	86	94	87	82	77	54	69	40	63	23	36	-1	57	23	53	1	87	18	57	19	24	13	83	16	35	92	17	2	53	98	9	22	31	70	4	40	89	70	66	44	46	36	55	33	66	68	89	70	66	61	35	43	52	20	
6	10	6	8	30	72	19	89	28	53	48	34	94	14	7	69	61	77	75	45	28	64	2	8	69	45	54	31	82	38	18	32	72	45	35	37	85	78	11	43	34	25	8	20	19	10	37	50	89	67	73	68	66	29	46	80	80	57	-1	98	1	79	2	54	49	35	61	43	6	35	21	60	49	98	23	84	12	68	75	55	74	3	51	3	58	34	59	11	46	52	82	64	14	64	25	39	54	92	54	58	
5	65	94	24	47	4	37	71	98	95	73	67	60	17	45	87	34	26	36	54	55	64	34	48	70	53	44	38	56	95	4	33	80	78	43	44	38	30	39	53	83	2	66	8	81	77	20	26	84	51	80	66	51	92	45	10	66	23	98	-1	24	100	80	71	65	40	49	85	45	96	60	51	64	51	52	82	20	50	92	7	25	58	85	82	80	32	61	33	64	68	97	24	32	73	26	92	80	64	91	26	
8	27	24	3	65	23	33	30	15	47	40	6	78	42	82	36	73	33	94	92	77	78	8	100	58	48	14	25	79	12	96	42	71	8	78	83	8	33	4	96	39	92	83	24	32	70	46	70	58	3	90	96	37	63	48	88	43	53	1	24	-1	22	78	5	85	32	54	31	40	53	54	4	45	68	69	32	36	3	71	74	96	87	40	59	23	67	46	34	81	80	12	41	55	68	75	96	71	29	48	64	
27	78	11	96	45	84	4	25	48	72	98	69	11	85	13	86	32	1	3	54	44	8	46	52	7	18	4	22	47	29	57	57	58	80	78	16	71	80	89	87	63	26	80	47	17	48	24	37	86	36	88	95	41	77	8	28	42	1	79	100	22	-1	3	60	26	40	85	49	42	39	66	90	12	96	96	20	43	90	64	33	28	50	100	98	91	43	35	79	22	44	27	96	2	12	87	50	63	74	25	75	
60	68	72	2	7	18	43	45	54	41	97	39	69	96	28	34	61	5	56	37	17	82	31	98	26	18	34	3	23	30	30	45	30	73	57	76	47	48	78	11	76	7	19	95	90	18	77	7	17	84	38	25	18	59	74	87	39	87	2	80	78	3	-1	64	42	96	26	95	92	64	15	74	55	39	45	97	81	14	5	34	85	52	22	67	61	71	33	43	45	98	75	36	15	31	36	47	21	37	99	44	
75	64	88	23	44	20	38	50	97	19	55	26	16	50	46	90	77	91	50	19	34	8	27	52	85	75	46	90	43	59	69	25	55	38	76	60	76	72	70	41	19	80	65	57	23	98	96	95	91	42	40	69	32	20	42	11	77	18	54	71	5	60	64	-1	20	42	83	59	38	59	24	20	71	91	51	71	11	44	9	71	95	27	27	95	88	55	26	93	40	41	81	67	8	22	7	24	46	100	93	84	
27	81	87	58	59	71	54	61	40	86	41	20	72	80	16	84	35	28	2	46	98	31	83	7	37	68	10	35	83	65	20	49	22	68	98	60	79	52	86	16	20	72	68	30	67	99	85	29	77	79	9	34	65	31	9	66	26	57	49	65	85	26	42	20	-1	4	58	65	98	24	34	16	89	73	36	26	4	54	53	95	75	14	1	35	99	51	57	85	65	83	35	57	10	60	87	36	65	31	86	5	
54	19	70	57	56	19	70	96	41	34	94	43	67	11	25	66	8	60	13	100	30	73	9	66	13	37	44	45	91	58	84	10	56	42	22	49	56	87	27	100	5	22	39	73	58	42	63	17	92	96	75	12	48	33	31	31	28	19	35	40	32	40	96	42	4	-1	85	48	53	1	40	79	40	30	53	82	79	4	94	9	65	76	93	90	92	45	68	42	80	59	94	24	47	97	44	49	16	52	76	79	
98	19	27	58	14	71	42	51	28	61	10	97	16	17	88	96	22	94	88	45	1	73	8	41	80	76	18	97	27	9	93	93	31	100	71	79	65	5	32	4	15	99	33	21	50	2	56	84	82	3	2	36	67	42	84	64	45	24	61	49	54	85	26	83	58	85	-1	58	2	5	13	84	20	7	55	39	18	29	11	95	26	59	91	21	16	73	98	81	66	41	60	100	48	27	100	40	57	44	89	94	
18	28	74	2	24	98	98	1	56	88	90	41	89	10	37	22	64	86	46	21	82	66	95	1	73	66	16	26	60	63	33	96	81	3	69	93	47	99	89	72	93	35	90	16	73	66	51	48	66	84	84	84	32	78	88	24	81	13	43	85	31	49	95	59	65	48	58	-1	66	23	80	87	70	76	81	99	91	46	6	59	44	94	96	30	11	98	41	81	5	62	62	29	20	46	82	1	12	7	14	81	
30	43	94	51	84	2	50	19	34	26	20	20	22	21	34	39	22	11	85	77	82	100	5	35	83	52	74	92	14	27	13	61	56	52	29	69	93	35	59	96	48	4	4	62	43	46	19	16	36	63	75	50	88	85	23	58	23	83	6	45	40	42	92	38	98	53	2	66	-1	69	31	30	87	92	7	32	32	29	75	60	12	87	5	36	1	66	97	16	45	45	13	49	27	34	95	33	33	14	63	54	
1	46	73	87	55	81	36	29	25	67	10	82	17	44	44	68	41	77	69	36	2	7	28	16	97	62	94	2	47	43	38	5	35	3	84	64	52	80	62	90	51	98	53	17	56	38	54	23	79	35	44	23	2	9	19	85	88	16	35	96	53	39	64	59	24	1	5	23	69	-1	3	9	91	97	38	43	64	80	13	32	43	60	28	94	44	47	91	40	78	48	89	57	30	44	55	69	96	47	50	3	
5	95	22	93	97	31	22	30	5	32	45	34	81	17	21	8	60	57	60	48	86	40	8	1	68	35	91	55	96	71	97	85	54	97	86	82	90	52	47	14	29	84	99	55	39	8	44	95	72	39	31	26	77	88	33	68	92	35	21	60	54	66	15	24	34	40	13	80	31	3	-1	88	46	20	8	29	31	21	83	88	98	20	93	35	33	33	3	76	60	24	85	15	43	17	26	58	69	6	61	68	
10	87	56	99	28	84	13	70	44	71	15	62	96	78	3	21	3	90	10	70	90	41	95	12	92	58	65	79	56	75	83	37	79	93	73	100	63	52	5	8	89	66	45	18	17	44	10	59	51	9	64	44	24	78	12	50	71	92	60	51	4	90	74	20	16	79	84	87	30	9	88	-1	63	57	90	65	20	87	46	33	30	28	47	30	20	35	91	66	33	44	34	75	45	28	43	74	27	53	39	89	
36	100	79	12	95	11	34	55	37	33	45	91	80	7	58	53	46	41	86	69	13	22	86	98	67	76	76	89	62	2	23	79	72	34	3	34	79	64	33	87	32	26	15	56	54	66	79	50	42	95	61	49	36	97	75	93	16	17	49	64	45	12	55	71	89	40	20	70	87	91	46	63	-1	43	15	36	88	5	14	32	94	41	69	92	49	8	78	12	19	52	7	100	12	87	25	44	96	65	67	11	
66	22	40	42	91	48	71	36	44	50	8	27	97	31	49	10	6	77	91	4	25	88	25	26	20	68	77	67	13	93	50	8	77	1	15	97	76	57	6	59	34	5	24	19	48	86	62	89	24	74	17	61	10	38	63	45	50	2	98	51	68	96	39	91	73	30	7	76	92	97	20	57	43	-1	19	35	4	61	57	18	85	80	63	77	61	52	83	10	66	73	55	95	73	61	29	92	60	81	10	75	
30	43	47	14	14	19	92	89	24	66	27	37	54	26	12	19	61	96	57	34	27	60	62	8	47	12	86	98	50	49	44	33	1	87	92	36	36	20	100	50	99	48	56	19	64	45	64	35	52	85	31	5	37	2	34	86	95	53	23	52	69	96	45	51	36	53	55	81	7	38	8	90	15	19	-1	31	97	36	16	8	80	72	22	68	96	76	10	19	97	93	99	97	23	53	53	14	43	54	70	3	
62	38	98	23	50	11	44	98	40	19	70	36	48	39	81	57	79	97	45	24	81	21	70	50	4	9	61	33	74	55	79	87	74	8	95	47	93	53	36	77	30	8	82	20	26	96	45	8	7	8	23	50	19	66	59	55	67	98	84	82	32	20	97	71	26	82	39	99	32	43	29	65	36	35	31	-1	19	14	10	82	20	58	93	36	64	5	94	56	27	19	58	59	87	37	71	62	56	11	75	3	
10	93	11	44	74	14	77	3	52	37	5	40	10	15	56	17	12	62	84	33	92	84	44	28	71	53	67	82	82	87	64	57	24	46	59	35	10	20	74	46	69	42	48	45	6	52	65	79	11	58	11	77	59	48	43	20	62	9	12	20	36	43	81	11	4	79	18	91	32	64	31	20	88	4	97	19	-1	17	2	68	17	7	79	25	9	49	37	36	1	97	19	17	98	58	58	96	83	95	39	30	
59	4	17	66	87	83	8	89	54	63	14	4	27	80	77	9	69	22	12	67	100	8	48	22	66	50	44	60	95	30	29	12	12	28	13	92	66	29	25	7	20	95	13	56	23	14	27	3	23	41	92	81	36	17	88	32	58	22	68	50	3	90	14	44	54	4	29	46	29	80	21	87	5	61	36	14	17	-1	14	87	44	81	58	77	71	89	52	85	77	14	50	99	57	39	87	92	43	36	80	44	
20	82	78	17	8	13	88	37	25	30	69	73	8	48	56	73	16	26	81	92	36	31	48	27	47	15	99	99	92	11	86	9	76	23	79	95	1	45	39	37	19	93	3	4	30	25	61	19	60	51	56	30	99	48	6	1	41	31	75	92	71	64	5	9	53	94	11	6	75	13	83	46	14	57	16	10	2	14	-1	46	7	98	99	59	80	69	6	41	70	20	87	78	57	23	75	95	9	30	16	95	
7	74	55	98	90	68	30	94	23	87	72	7	32	50	26	83	73	19	2	64	32	40	22	59	20	27	27	89	81	29	76	86	20	44	35	63	34	79	21	77	100	9	76	85	48	19	90	12	93	36	18	73	52	10	65	37	35	70	55	7	74	33	34	71	95	9	95	59	60	32	88	33	32	18	8	82	68	87	46	-1	19	58	11	44	70	84	60	15	9	52	19	89	72	68	13	89	39	58	80	28	
92	16	18	66	18	5	90	34	3	34	73	18	66	14	11	24	29	7	15	10	50	36	86	45	99	16	22	50	67	2	74	20	30	59	48	11	14	30	34	12	30	100	79	63	54	72	60	10	84	83	36	16	43	48	94	16	70	4	74	25	96	28	85	95	75	65	26	44	12	43	98	30	94	85	80	20	17	44	7	19	-1	62	87	20	66	77	41	19	63	19	81	41	26	74	25	55	57	25	38	72	
100	5	34	66	37	98	83	76	55	76	26	62	62	22	21	35	36	31	77	64	45	54	46	7	85	59	96	65	72	69	54	10	30	80	86	15	24	90	23	69	4	45	50	15	57	14	84	10	65	66	37	30	93	76	20	19	59	40	3	58	87	50	52	27	14	76	59	94	87	60	20	28	41	80	72	58	7	81	98	58	62	-1	21	15	89	73	27	70	59	3	67	33	33	63	96	6	77	61	45	86	
13	89	89	99	25	26	23	98	52	84	97	72	43	32	12	20	89	7	5	47	78	1	18	29	25	19	77	97	65	81	82	58	18	82	46	99	33	8	46	64	23	50	4	93	23	15	89	9	35	81	83	2	80	4	50	39	41	89	51	85	40	100	22	27	1	93	91	96	5	28	93	47	69	63	22	93	79	58	99	11	87	21	-1	99	36	50	16	35	65	45	73	67	1	6	29	3	88	70	49	95	
59	83	21	66	69	11	23	16	22	32	91	46	5	25	12	91	90	4	16	70	97	2	77	4	45	72	59	99	80	77	22	95	98	89	28	53	65	63	89	60	24	88	26	4	50	85	28	28	7	76	48	2	57	51	6	18	57	70	3	82	59	98	67	95	35	90	21	30	36	94	35	30	92	77	68	36	25	77	59	44	20	15	99	-1	44	32	38	81	75	62	51	48	84	5	14	4	23	29	65	90	
23	68	30	35	5	10	4	63	67	55	74	70	40	48	86	43	34	19	53	4	86	59	80	38	1	79	82	6	79	86	29	23	27	86	36	26	45	17	6	44	36	82	72	83	20	12	38	66	35	33	25	51	90	52	27	9	26	66	58	80	23	91	61	88	99	92	16	11	1	44	33	20	49	61	96	64	9	71	80	70	66	89	36	44	-1	11	60	14	6	99	45	3	4	80	33	20	52	78	17	41	
36	41	93	26	36	42	66	89	76	69	59	44	98	27	1	81	44	95	20	43	45	92	49	17	69	21	38	76	29	78	55	73	28	4	98	93	34	11	13	72	49	43	11	96	36	91	70	73	15	90	43	97	77	94	95	99	30	44	34	32	67	43	71	55	51	45	73	98	66	47	33	35	8	52	76	5	49	89	69	84	77	73	50	32	11	-1	14	97	5	69	88	78	84	51	25	1	76	86	34	61	
97	83	33	51	91	53	28	28	2	38	16	62	39	83	15	59	54	22	81	91	40	37	50	9	34	34	73	54	39	95	51	78	100	76	11	66	26	69	84	28	53	97	8	28	28	18	76	17	37	35	52	77	40	67	40	6	9	46	59	61	46	35	33	26	57	68	98	41	97	91	3	91	78	83	10	94	37	52	6	60	41	27	16	38	60	14	-1	48	20	42	55	57	78	64	96	57	88	95	42	38	
33	80	92	13	54	17	19	11	73	75	91	99	66	73	19	76	12	70	45	61	97	48	61	66	31	47	87	60	22	81	24	93	95	41	18	95	81	64	26	2	3	82	88	6	16	86	20	13	83	18	53	5	57	91	83	54	22	36	11	33	34	79	43	93	85	42	81	81	16	40	76	66	12	10	19	56	36	85	41	15	19	70	35	81	14	97	48	-1	19	13	83	94	50	25	83	77	97	61	3	23	
38	53	43	53	69	75	7	9	14	84	41	35	79	90	72	39	94	64	82	88	17	66	35	62	9	77	94	98	12	58	69	44	47	72	26	40	79	44	89	10	8	75	1	32	77	29	71	12	61	2	78	23	81	5	84	32	15	55	46	64	81	22	45	40	65	80	66	5	45	78	60	33	19	66	97	27	1	77	70	9	63	59	65	75	6	5	20	19	-1	87	57	30	24	98	91	4	6	65	51	65	
39	47	14	52	27	25	87	22	73	51	86	78	52	60	92	4	76	95	57	92	97	12	4	5	68	73	19	51	62	86	38	52	31	62	93	75	9	44	4	17	9	6	13	72	48	44	50	63	77	90	25	27	32	87	3	78	13	33	52	68	80	44	98	41	83	59	41	62	45	48	24	44	52	73	93	19	97	14	20	52	19	3	45	62	99	69	42	13	87	-1	2	53	63	83	93	48	2	31	84	30	
48	80	13	6	16	83	70	80	45	48	5	83	97	87	32	4	30	20	65	27	54	14	60	69	46	35	81	63	50	71	13	48	34	64	13	93	94	98	41	64	32	47	73	4	55	1	68	14	37	24	53	68	27	60	2	47	83	66	82	97	12	27	75	81	35	94	60	62	13	89	85	34	7	55	99	58	19	50	87	19	81	67	73	51	45	88	55	83	57	2	-1	2	18	13	1	9	50	36	44	32	
71	74	94	98	65	75	8	38	99	86	84	75	91	76	16	97	20	37	57	37	4	10	64	28	100	45	24	30	11	89	37	79	56	10	47	90	92	20	43	4	100	48	73	45	99	93	46	23	96	33	50	81	49	32	1	31	39	68	64	24	41	96	36	67	57	24	100	29	49	57	15	75	100	95	97	59	17	99	78	89	41	33	67	48	3	78	57	94	30	53	2	-1	78	83	13	39	7	26	15	81	
22	73	9	65	86	84	81	3	97	71	25	98	51	16	78	40	8	22	71	87	44	36	17	17	26	80	11	15	23	11	3	5	89	79	74	98	96	50	68	99	7	87	73	48	49	65	24	90	93	29	2	20	71	94	41	3	57	89	14	32	55	2	15	8	10	47	48	20	27	30	43	45	12	73	23	87	98	57	57	72	26	33	1	84	4	84	78	50	24	63	18	78	-1	56	85	38	17	100	82	34	
88	46	27	10	59	53	79	94	73	69	36	1	13	41	44	93	11	83	54	30	76	45	62	89	82	81	44	77	15	19	12	91	47	96	25	98	41	48	93	82	10	80	92	62	69	61	42	32	65	37	34	53	72	62	73	6	24	70	64	73	68	12	31	22	60	97	27	46	34	44	17	28	87	61	53	37	58	39	23	68	74	63	6	5	80	51	64	25	98	83	13	83	56	-1	11	93	13	39	87	49	
23	94	21	2	86	9	32	95	11	66	62	50	44	34	26	37	84	88	13	75	58	71	35	88	92	60	38	68	40	11	59	72	51	58	64	47	32	69	45	36	57	53	32	7	100	80	95	44	30	37	76	50	92	46	37	77	57	66	25	26	75	87	36	7	87	44	100	82	95	55	26	43	25	29	53	71	58	87	75	13	25	96	29	14	33	25	96	83	91	93	1	13	85	11	-1	27	5	18	41	63	
74	31	30	19	50	75	70	32	23	13	25	19	95	13	95	48	12	93	54	7	31	77	39	8	84	25	17	54	55	45	61	83	9	57	39	42	47	53	28	40	58	67	98	12	65	45	17	35	48	3	64	68	94	39	64	67	32	61	39	92	96	50	47	24	36	49	40	1	33	69	58	74	44	92	14	62	96	92	95	89	55	6	3	4	20	1	57	77	4	48	9	39	38	93	27	-1	84	18	100	35	
79	25	42	76	100	77	83	5	88	61	76	21	20	54	91	68	19	81	64	11	4	50	76	72	77	65	7	82	98	98	39	45	28	51	82	45	77	63	40	8	48	28	78	32	38	97	77	58	59	38	20	18	28	72	12	99	63	35	54	80	71	63	21	46	65	16	57	12	33	96	69	27	96	60	43	56	83	43	9	39	57	77	88	23	52	76	88	97	6	2	50	7	17	13	5	84	-1	44	17	77	
83	98	46	9	54	8	40	86	83	92	69	21	30	41	93	81	45	26	41	81	11	59	30	93	87	11	71	51	82	23	87	5	2	73	29	5	18	82	30	91	58	86	64	69	27	85	18	23	70	22	76	48	82	46	57	19	93	43	92	64	29	74	37	100	31	52	44	7	14	47	6	53	65	81	54	11	95	36	30	58	25	61	70	29	78	86	95	61	65	31	36	26	100	39	18	18	44	-1	74	51	
69	81	14	86	83	81	6	18	54	85	17	88	61	98	90	59	58	75	8	95	13	20	65	15	95	37	77	92	99	68	55	43	14	79	5	76	78	43	76	8	51	66	86	38	56	52	56	87	67	5	74	86	59	96	13	91	76	52	54	91	48	25	99	93	86	76	89	14	63	50	61	39	67	10	70	75	39	80	16	80	38	45	49	65	17	34	42	3	51	84	44	15	82	87	41	100	17	74	-1	37	
13	6	55	72	65	55	81	76	68	27	37	6	98	89	98	10	55	90	97	51	27	81	35	20	42	40	56	75	18	5	78	15	50	55	32	90	10	70	79	95	41	3	37	98	93	4	69	82	52	63	77	16	70	95	14	95	6	20	58	26	64	75	44	84	5	79	94	81	54	3	68	89	11	75	3	3	30	44	95	28	72	86	95	90	41	61	38	23	65	30	32	81	34	49	63	35	77	51	37	-1	
