100
-1	41	27	48	3	65	12	23	73	38	61	72	68	95	4	41	54	73	56	35	27	64	66	26	1	34	23	59	67	80	38	90	85	92	96	34	81	71	27	3	37	71	76	39	5	28	16	48	6	91	45	81	56	39	60	79	91	27	70	26	20	23	83	72	58	47	46	73	94	21	7	40	56	67	85	45	99	19	72	7	97	69	90	12	98	6	51	82	65	26	27	16	84	17	7	94	20	74	100	49	
41	-1	17	44	51	87	95	24	16	1	97	78	34	49	60	67	74	67	8	79	27	35	18	72	61	81	1	71	9	47	51	21	69	86	71	37	33	87	44	91	12	64	31	80	3	63	89	89	70	55	75	1	44	61	39	55	30	76	87	23	91	83	95	84	18	15	54	94	59	77	25	1	75	61	70	97	18	93	43	59	70	59	5	52	26	40	78	13	8	69	37	83	27	76	89	47	31	72	12	8	
27	17	-1	74	48	54	32	19	29	100	69	21	74	70	81	18	8	81	40	4	9	49	68	24	66	91	21	26	56	64	2	48	38	33	8	58	17	37	13	21	44	84	100	54	66	19	75	10	65	32	41	75	64	92	21	26	80	33	75	99	43	49	98	57	65	15	81	94	23	16	89	69	89	27	62	98	54	29	46	66	71	60	95	44	56	9	29	82	98	59	47	96	18	62	25	37	80	72	86	40	
48	44	74	-1	64	23	87	75	56	83	23	37	78	37	76	21	5	20	10	80	62	30	23	48	82	78	7	67	84	89	60	17	84	59	81	14	61	84	82	70	42	15	20	91	69	37	67	32	56	37	91	94	82	46	86	63	100	10	58	69	34	74	28	82	16	45	85	13	28	21	100	39	55	95	83	83	84	91	33	11	52	21	8	29	39	46	52	56	29	81	96	94	52	87	3	65	61	41	86	65	
3	51	48	64	-1	65	54	80	86	6	80	81	7	35	19	76	86	28	55	66	100	81	41	4	7	84	5	57	34	13	66	43	61	6	39	72	70	99	25	78	67	16	65	47	57	25	99	6	72	29	35	2	24	81	43	2	16	91	65	37	21	82	71	51	77	16	40	59	95	15	44	34	94	13	94	75	66	14	77	89	75	34	70	14	57	67	21	62	70	79	94	32	22	82	24	14	8	95	58	99	
65	87	54	23	65	-1	50	21	42	32	62	96	20	99	38	55	56	36	49	72	47	72	87	26	41	12	43	55	34	74	42	26	47	70	3	18	52	8	41	48	52	44	57	9	42	77	44	56	69	75	35	38	94	7	77	3	98	60	93	28	76	23	21	86	83	70	66	38	91	70	81	84	28	22	45	1	36	39	26	16	43	81	65	5	88	50	89	97	45	2	69	89	49	7	3	21	77	50	85	82	
12	95	32	87	54	50	-1	89	97	18	10	60	98	51	64	59	12	62	92	66	48	19	53	83	67	57	1	100	10	35	28	99	18	100	51	96	58	67	15	41	37	35	30	60	56	51	25	10	20	1	63	23	15	32	33	78	53	50	63	74	13	43	81	13	81	95	17	72	26	10	44	83	3	58	71	71	97	72	57	33	55	27	2	92	74	25	42	14	36	8	90	39	13	100	57	27	54	9	55	61	
23	24	19	75	80	21	89	-1	38	92	18	64	37	73	86	61	31	32	39	16	41	28	5	11	98	74	79	49	44	74	46	32	99	31	36	18	27	31	52	88	54	82	57	79	53	45	83	30	91	97	24	64	66	95	87	84	5	39	53	46	37	94	84	12	12	49	9	9	54	18	25	100	22	36	56	64	57	2	93	39	54	92	35	52	18	21	60	6	68	68	47	86	7	50	16	71	2	15	5	36	
73	16	29	56	86	42	97	38	-1	57	69	77	6	71	25	51	72	59	80	8	7	50	89	77	73	53	39	25	1	39	61	50	56	78	27	77	30	75	52	95	44	54	47	5	12	75	47	87	30	98	14	41	50	21	83	22	94	55	78	6	53	87	73	25	56	6	13	28	32	78	95	92	92	67	87	61	16	95	12	48	78	81	45	32	49	26	24	85	95	76	13	18	11	26	9	45	98	48	36	85	
38	1	100	83	6	32	18	92	57	-1	53	46	35	79	80	79	94	56	82	8	21	58	33	14	49	8	38	72	78	23	68	1	15	98	50	26	65	22	7	90	19	87	98	97	17	17	24	6	44	90	64	100	94	15	57	32	74	22	88	53	66	63	50	44	27	77	38	65	85	39	18	53	32	34	62	94	5	38	49	64	81	89	12	81	39	26	93	7	68	17	60	4	60	10	88	22	94	8	44	45	
61	97	69	23	80	62	10	18	69	53	-1	36	57	43	58	73	47	73	17	83	17	59	1	52	98	74	38	79	69	90	39	83	94	76	17	24	75	6	16	68	3	23	41	72	75	7	87	79	38	51	62	87	35	32	65	43	96	88	42	63	100	82	96	10	44	55	60	1	43	45	4	65	61	99	84	31	2	13	58	25	78	13	9	40	11	66	100	72	40	56	79	56	13	8	78	6	16	78	85	61	
72	78	21	37	81	96	60	64	77	46	36	-1	74	84	68	77	43	52	52	38	85	41	53	89	60	66	18	87	78	28	86	64	89	9	52	8	41	89	85	67	82	84	64	86	31	19	15	59	96	63	36	41	13	84	22	17	3	19	97	88	71	70	67	79	17	4	45	27	62	87	13	93	5	77	45	53	55	19	24	8	61	68	48	68	50	45	12	59	80	2	6	95	99	85	51	81	28	28	90	71	
68	34	74	78	7	20	98	37	6	35	57	74	-1	24	16	27	15	38	85	29	85	61	3	37	88	1	33	76	74	63	40	67	1	91	46	86	76	81	12	47	69	48	29	71	50	19	28	21	43	60	37	62	64	69	63	29	35	5	88	28	28	33	61	67	99	59	72	27	86	42	68	29	44	58	47	52	97	78	53	57	47	72	52	45	52	9	39	72	53	84	56	60	90	7	13	56	47	64	98	66	
95	49	70	37	35	99	51	73	71	79	43	84	24	-1	35	46	15	71	82	100	87	13	28	69	5	61	72	65	10	91	3	15	84	74	50	75	21	76	4	14	47	10	40	44	3	92	17	68	59	43	91	6	16	51	51	41	72	95	34	56	56	26	55	99	93	71	1	70	64	97	34	17	24	5	77	92	27	75	81	53	51	19	83	96	58	8	86	46	52	13	17	21	29	64	100	42	39	67	55	52	
4	60	81	76	19	38	64	86	25	80	58	68	16	35	-1	56	25	64	57	15	49	27	31	39	1	94	56	56	66	6	17	38	13	12	11	59	77	4	19	25	63	48	72	73	66	28	62	70	45	97	81	4	46	62	98	70	5	46	38	13	19	79	69	35	75	27	1	49	6	56	42	41	1	65	84	59	37	8	99	32	58	90	42	19	72	89	32	12	34	43	34	74	48	23	81	30	52	13	27	20	
41	67	18	21	76	55	59	61	51	79	73	77	27	46	56	-1	55	98	68	64	1	69	19	5	10	50	52	36	78	87	72	69	96	22	19	49	58	47	53	72	20	30	5	93	86	38	70	22	14	59	98	46	71	94	88	32	22	16	32	70	7	84	2	5	88	39	43	30	56	4	47	46	99	96	12	94	31	96	17	10	34	74	95	99	99	1	80	3	70	32	12	80	56	64	77	23	18	93	9	66	
54	74	8	5	86	56	12	31	72	94	47	43	15	15	25	55	-1	60	14	71	84	17	16	39	92	61	62	1	53	67	10	73	28	25	97	54	94	84	67	84	76	56	65	48	64	52	72	45	26	14	99	90	18	70	60	37	48	95	95	58	66	65	6	40	36	1	16	79	26	62	88	99	97	85	73	4	47	28	100	38	9	82	97	43	25	90	62	23	77	36	48	99	5	76	39	97	20	31	4	31	
73	67	81	20	28	36	62	32	59	56	73	52	38	71	64	98	60	-1	30	99	1	34	40	38	65	44	36	40	69	33	75	72	38	75	24	69	99	32	27	70	89	9	74	84	53	32	3	99	66	93	18	22	49	52	68	91	37	73	76	90	10	29	80	80	96	5	16	35	79	61	39	100	74	79	90	70	32	24	37	41	58	85	10	57	43	14	1	68	5	71	18	41	56	19	41	78	76	62	11	49	
56	8	40	10	55	49	92	39	80	82	17	52	85	82	57	68	14	30	-1	49	26	16	6	42	78	76	12	92	9	70	5	56	8	7	99	96	63	55	13	100	25	26	89	11	19	1	27	25	14	31	1	27	38	22	56	91	77	4	23	88	85	11	23	88	66	21	4	96	72	79	82	15	59	80	61	15	100	69	97	21	32	12	16	63	62	49	62	67	93	23	84	77	65	31	44	37	3	38	28	94	
35	79	4	80	66	72	66	16	8	8	83	38	29	100	15	64	71	99	49	-1	68	76	79	54	79	33	87	76	94	75	77	18	68	28	83	82	89	86	24	71	46	28	1	23	64	26	30	4	37	96	95	84	72	83	92	81	90	84	26	73	23	85	8	29	11	73	24	76	100	80	19	59	63	23	20	54	76	93	95	45	99	38	25	24	28	27	61	44	43	78	3	23	28	23	40	54	25	47	93	41	
27	27	9	62	100	47	48	41	7	21	17	85	85	87	49	1	84	1	26	68	-1	34	7	9	38	16	25	79	38	61	83	97	36	51	57	74	47	99	100	3	7	60	38	8	10	48	71	43	77	13	28	45	40	52	40	71	2	14	61	88	78	32	12	82	69	37	51	26	17	46	86	52	25	37	64	66	58	40	79	67	1	20	42	63	11	73	78	98	29	9	39	18	16	93	61	9	27	39	70	33	
64	35	49	30	81	72	19	28	50	58	59	41	61	13	27	69	17	34	16	76	34	-1	74	48	2	94	7	47	68	97	23	55	54	82	20	98	25	33	56	10	50	64	56	56	44	9	26	75	33	17	44	10	38	48	22	46	87	59	77	2	7	25	1	35	33	3	76	6	55	38	52	95	10	27	67	24	3	65	89	95	28	100	6	49	58	17	72	67	45	65	83	85	48	35	23	8	47	26	66	44	
66	18	68	23	41	87	53	5	89	33	1	53	3	28	31	19	16	40	6	79	7	74	-1	94	94	11	19	44	93	2	49	24	85	88	64	11	61	21	89	10	57	69	100	9	74	56	25	39	13	22	100	88	99	74	85	77	49	44	99	95	84	88	46	27	43	9	83	100	56	51	13	54	49	29	57	70	100	86	53	5	77	38	20	45	18	71	13	53	83	5	74	40	71	38	35	41	70	6	76	86	
26	72	24	48	4	26	83	11	77	14	52	89	37	69	39	5	39	38	42	54	9	48	94	-1	21	7	35	95	71	72	1	16	38	75	78	81	45	43	6	96	63	47	47	12	8	80	73	10	74	17	77	9	35	40	90	78	44	56	15	11	5	85	28	63	32	16	15	47	31	48	86	24	58	44	84	97	4	58	52	5	92	11	40	16	100	39	65	18	93	19	86	69	26	30	20	56	41	89	85	64	
1	61	66	82	7	41	67	98	73	49	98	60	88	5	1	10	92	65	78	79	38	2	94	21	-1	86	35	44	30	83	59	59	53	79	35	86	82	47	24	67	28	98	35	66	9	52	100	88	34	78	65	82	98	43	94	84	67	22	18	86	48	94	8	85	10	46	38	11	59	38	82	75	20	93	96	77	47	54	27	68	60	36	23	81	26	61	78	83	72	18	18	47	41	99	58	10	39	43	37	88	
34	81	91	78	84	12	57	74	53	8	74	66	1	61	94	50	61	44	76	33	16	94	11	7	86	-1	87	45	31	20	81	46	93	45	93	13	11	47	6	10	40	67	31	35	82	90	39	20	91	81	29	23	3	61	56	79	66	65	71	68	100	33	41	19	99	3	98	94	86	88	13	71	52	88	73	54	98	27	73	39	28	5	33	68	13	2	58	95	30	49	17	20	9	50	79	6	62	10	47	78	
23	1	21	7	5	43	1	79	39	38	38	18	33	72	56	52	62	36	12	87	25	7	19	35	35	87	-1	34	92	64	27	98	45	100	56	70	15	89	51	95	86	96	92	53	7	52	93	41	5	24	63	62	20	83	65	26	83	46	59	96	3	55	14	60	34	61	94	62	57	84	32	22	88	94	29	3	21	86	15	75	88	84	74	15	95	54	22	11	30	69	51	96	4	26	4	16	34	95	72	90	
59	71	26	67	57	55	100	49	25	72	79	87	76	65	56	36	1	40	92	76	79	47	44	95	44	45	34	-1	23	61	90	46	29	28	65	99	67	93	60	83	11	86	50	79	34	2	99	68	78	48	44	46	19	98	34	15	90	70	7	93	61	4	30	3	19	93	2	29	38	80	99	15	10	13	97	20	70	18	22	55	52	9	48	9	81	30	2	12	97	87	33	92	60	77	58	37	90	17	58	100	
67	9	56	84	34	34	10	44	1	78	69	78	74	10	66	78	53	69	9	94	38	68	93	71	30	31	92	23	-1	37	31	66	61	76	9	8	52	14	67	42	66	63	10	90	70	30	35	45	97	80	33	100	67	12	85	79	91	67	85	64	5	6	10	28	10	29	47	24	11	79	99	83	62	12	34	74	33	9	95	28	96	82	32	6	46	56	15	30	15	98	12	100	60	29	94	85	26	43	62	68	
80	47	64	89	13	74	35	74	39	23	90	28	63	91	6	87	67	33	70	75	61	97	2	72	83	20	64	61	37	-1	23	20	69	97	10	94	26	23	90	75	76	17	70	76	97	65	44	65	95	45	91	54	6	34	97	96	2	33	4	83	14	43	63	70	46	68	80	26	93	43	49	20	22	41	55	22	3	40	67	58	66	62	8	31	39	74	71	4	67	36	14	40	28	39	58	65	45	48	10	15	
38	51	2	60	66	42	28	46	61	68	39	86	40	3	17	72	10	75	5	77	83	23	49	1	59	81	27	90	31	23	-1	3	89	41	78	51	33	51	3	90	10	1	92	15	79	89	51	76	52	88	59	64	58	58	59	23	91	61	48	54	53	78	26	84	61	16	60	97	52	30	95	23	1	91	30	6	62	96	87	12	76	74	73	13	59	77	11	43	19	4	72	13	99	26	51	97	80	44	48	36	
90	21	48	17	43	26	99	32	50	1	83	64	67	15	38	69	73	72	56	18	97	55	24	16	59	46	98	46	66	20	3	-1	61	35	31	61	92	97	13	48	10	91	78	100	74	42	34	82	99	47	90	33	23	79	28	3	34	70	65	25	12	14	31	90	18	44	3	28	7	35	21	28	86	75	14	91	86	92	100	48	75	83	16	59	19	57	17	83	71	96	9	85	6	34	8	25	18	39	55	8	
85	69	38	84	61	47	18	99	56	15	94	89	1	84	13	96	28	38	8	68	36	54	85	38	53	93	45	29	61	69	89	61	-1	54	40	37	10	88	84	75	97	72	76	6	66	73	67	31	88	75	4	46	89	88	58	42	15	62	35	48	20	17	68	25	10	89	33	25	39	75	58	2	22	5	33	94	36	54	85	100	77	3	66	28	38	30	14	17	21	61	99	98	64	39	57	44	77	52	90	51	
92	86	33	59	6	70	100	31	78	98	76	9	91	74	12	22	25	75	7	28	51	82	88	75	79	45	100	28	76	97	41	35	54	-1	1	11	5	27	3	71	88	13	71	75	94	81	48	67	76	18	25	42	58	73	3	33	92	43	56	72	61	94	42	31	3	24	31	20	72	69	35	44	54	18	94	54	18	90	16	79	58	14	86	98	86	47	51	56	39	10	44	72	7	88	99	63	56	27	6	62	
96	71	8	81	39	3	51	36	27	50	17	52	46	50	11	19	97	24	99	83	57	20	64	78	35	93	56	65	9	10	78	31	40	1	-1	41	41	74	42	29	74	5	49	21	63	89	3	83	81	74	8	36	27	87	56	48	32	84	27	60	25	43	34	81	82	48	93	98	42	73	3	29	84	85	79	34	63	8	48	81	33	48	11	75	60	63	15	10	85	45	21	20	61	23	77	65	53	24	5	64	
34	37	58	14	72	18	96	18	77	26	24	8	86	75	59	49	54	69	96	82	74	98	11	81	86	13	70	99	8	94	51	61	37	11	41	-1	1	79	41	28	93	25	27	27	42	72	72	30	86	48	14	42	18	53	87	11	48	74	74	23	14	21	45	49	13	14	19	30	1	32	26	48	52	25	15	2	45	73	85	99	31	27	55	50	30	31	82	81	46	27	35	8	54	44	68	25	70	7	57	26	
81	33	17	61	70	52	58	27	30	65	75	41	76	21	77	58	94	99	63	89	47	25	61	45	82	11	15	67	52	26	33	92	10	5	41	1	-1	15	36	41	2	22	2	90	4	40	4	9	72	33	12	5	11	48	64	59	77	74	77	22	21	9	96	32	41	79	38	4	82	43	24	82	18	3	47	36	40	82	48	86	25	32	11	32	41	15	81	54	39	69	35	48	72	4	10	64	96	65	87	81	
71	87	37	84	99	8	67	31	75	22	6	89	81	76	4	47	84	32	55	86	99	33	21	43	47	47	89	93	14	23	51	97	88	27	74	79	15	-1	67	4	20	97	16	34	28	33	28	24	49	2	81	75	44	40	91	100	5	23	59	74	30	30	46	78	76	43	44	95	79	6	49	78	78	82	32	95	29	29	50	1	48	31	21	46	40	29	18	59	20	70	52	42	96	79	59	68	85	67	55	10	
27	44	13	82	25	41	15	52	52	7	16	85	12	4	19	53	67	27	13	24	100	56	89	6	24	6	51	60	67	90	3	13	84	3	42	41	36	67	-1	17	61	72	3	48	49	21	12	43	36	96	46	80	56	46	10	74	99	83	75	75	15	84	65	51	74	34	66	50	47	22	25	13	65	12	4	73	58	60	10	73	66	20	78	9	81	38	67	67	82	44	52	40	26	41	42	54	93	65	55	17	
3	91	21	70	78	48	41	88	95	90	68	67	47	14	25	72	84	70	100	71	3	10	10	96	67	10	95	83	42	75	90	48	75	71	29	28	41	4	17	-1	75	93	61	28	61	48	68	57	85	13	28	36	95	82	10	92	90	37	92	82	43	1	56	21	87	96	13	78	47	78	40	57	59	64	82	65	35	97	1	69	90	96	8	58	68	48	42	15	83	69	2	63	76	24	4	14	98	8	92	38	
37	12	44	42	67	52	37	54	44	19	3	82	69	47	63	20	76	89	25	46	7	50	57	63	28	40	86	11	66	76	10	10	97	88	74	93	2	20	61	75	-1	75	6	52	3	91	86	23	72	98	79	35	68	45	77	34	81	59	49	1	93	8	44	89	30	14	83	42	46	8	91	100	62	23	49	80	18	11	32	96	78	62	18	63	47	43	79	99	53	73	88	36	35	65	95	79	84	50	52	38	
71	64	84	15	16	44	35	82	54	87	23	84	48	10	48	30	56	9	26	28	60	64	69	47	98	67	96	86	63	17	1	91	72	13	5	25	22	97	72	93	75	-1	1	79	75	100	23	94	79	68	58	75	94	19	49	3	6	29	52	54	44	35	68	55	38	54	79	98	38	83	100	42	9	52	63	60	46	26	71	28	3	51	39	87	48	81	8	65	70	4	33	31	66	81	68	71	75	20	88	71	
76	31	100	20	65	57	30	57	47	98	41	64	29	40	72	5	65	74	89	1	38	56	100	47	35	31	92	50	10	70	92	78	76	71	49	27	2	16	3	61	6	1	-1	13	75	66	20	35	99	41	80	10	22	5	65	66	57	10	35	26	53	44	24	79	17	62	47	62	18	37	63	11	21	90	96	76	44	19	38	45	51	6	50	55	5	94	73	48	36	10	88	12	37	67	52	33	19	41	21	32	
39	80	54	91	47	9	60	79	5	97	72	86	71	44	73	93	48	84	11	23	8	56	9	12	66	35	53	79	90	76	15	100	6	75	21	27	90	34	48	28	52	79	13	-1	97	37	66	61	38	74	66	38	49	66	90	97	41	58	61	31	67	60	57	65	93	75	96	9	81	56	25	72	55	100	84	31	83	78	15	10	6	55	23	29	91	67	63	77	25	58	91	33	71	98	83	5	31	2	61	74	
5	3	66	69	57	42	56	53	12	17	75	31	50	3	66	86	64	53	19	64	10	44	74	8	9	82	7	34	70	97	79	74	66	94	63	42	4	28	49	61	3	75	75	97	-1	6	11	15	4	56	99	22	32	43	44	12	15	18	45	61	31	9	54	81	14	78	28	31	12	57	84	52	24	67	50	65	51	76	37	59	72	47	88	34	32	54	65	24	66	26	49	50	16	56	40	95	4	37	19	88	
28	63	19	37	25	77	51	45	75	17	7	19	19	92	28	38	52	32	1	26	48	9	56	80	52	90	52	2	30	65	89	42	73	81	89	72	40	33	21	48	91	100	66	37	6	-1	37	39	3	33	81	84	71	74	36	22	17	59	26	76	85	36	77	64	83	15	55	37	2	84	74	83	85	59	79	97	8	84	36	3	54	20	73	84	82	34	12	25	51	21	16	82	29	55	99	32	53	85	84	52	
16	89	75	67	99	44	25	83	47	24	87	15	28	17	62	70	72	3	27	30	71	26	25	73	100	39	93	99	35	44	51	34	67	48	3	72	4	28	12	68	86	23	20	66	11	37	-1	32	98	80	23	87	60	74	7	37	58	48	9	77	47	32	27	58	43	81	32	12	43	63	25	61	41	20	55	40	62	51	90	32	47	29	80	96	14	31	42	73	98	39	26	97	76	94	66	35	12	1	68	51	
48	89	10	32	6	56	10	30	87	6	79	59	21	68	70	22	45	99	25	4	43	75	39	10	88	20	41	68	45	65	76	82	31	67	83	30	9	24	43	57	23	94	35	61	15	39	32	-1	27	91	63	12	53	46	4	50	78	61	68	49	69	38	97	35	5	56	35	13	4	59	29	9	37	31	9	82	1	45	64	68	71	27	1	74	4	71	60	10	25	55	54	67	47	11	27	8	82	62	6	80	
6	70	65	56	72	69	20	91	30	44	38	96	43	59	45	14	26	66	14	37	77	33	13	74	34	91	5	78	97	95	52	99	88	76	81	86	72	49	36	85	72	79	99	38	4	3	98	27	-1	64	77	36	57	56	18	55	58	21	77	93	72	9	69	10	3	84	73	74	81	67	74	43	90	85	100	61	64	91	65	70	94	79	49	100	98	95	100	61	51	30	45	67	14	36	15	48	16	70	53	7	
91	55	32	37	29	75	1	97	98	90	51	63	60	43	97	59	14	93	31	96	13	17	22	17	78	81	24	48	80	45	88	47	75	18	74	48	33	2	96	13	98	68	41	74	56	33	80	91	64	-1	9	61	33	87	59	63	48	32	62	45	48	96	3	95	51	55	63	77	93	74	45	71	16	73	94	16	2	63	92	18	62	94	17	65	82	63	1	81	85	47	39	93	69	79	16	13	47	37	64	62	
45	75	41	91	35	35	63	24	14	64	62	36	37	91	81	98	99	18	1	95	28	44	100	77	65	29	63	44	33	91	59	90	4	25	8	14	12	81	46	28	79	58	80	66	99	81	23	63	77	9	-1	13	31	53	32	47	3	89	45	70	96	35	5	74	76	69	4	7	3	45	55	89	55	9	77	82	4	68	81	16	25	57	6	84	96	46	54	78	95	54	15	62	43	14	81	11	69	14	35	30	
81	1	75	94	2	38	23	64	41	100	87	41	62	6	4	46	90	22	27	84	45	10	88	9	82	23	62	46	100	54	64	33	46	42	36	42	5	75	80	36	35	75	10	38	22	84	87	12	36	61	13	-1	30	42	81	65	43	2	74	16	46	91	96	95	72	11	65	93	84	61	23	37	22	21	86	24	91	92	55	22	28	7	12	44	61	8	71	97	41	90	61	3	38	14	68	72	70	69	27	38	
56	44	64	82	24	94	15	66	50	94	35	13	64	16	46	71	18	49	38	72	40	38	99	35	98	3	20	19	67	6	58	23	89	58	27	18	11	44	56	95	68	94	22	49	32	71	60	53	57	33	31	30	-1	75	24	76	40	67	34	18	70	85	25	44	71	18	80	57	44	31	19	54	28	82	87	13	74	72	56	95	23	54	24	12	13	34	29	33	51	52	50	67	21	28	66	18	74	74	18	57	
39	61	92	46	81	7	32	95	21	15	32	84	69	51	62	94	70	52	22	83	52	48	74	40	43	61	83	98	12	34	58	79	88	73	87	53	48	40	46	82	45	19	5	66	43	74	74	46	56	87	53	42	75	-1	96	37	16	4	52	12	23	69	3	59	1	84	8	64	43	72	19	53	28	63	25	9	68	57	97	13	94	63	38	77	40	95	34	67	30	18	47	15	37	35	60	71	58	94	42	50	
60	39	21	86	43	77	33	87	83	57	65	22	63	51	98	88	60	68	56	92	40	22	85	90	94	56	65	34	85	97	59	28	58	3	56	87	64	91	10	10	77	49	65	90	44	36	7	4	18	59	32	81	24	96	-1	6	95	60	47	99	48	3	75	36	12	58	55	17	78	53	11	18	25	31	28	21	69	82	14	82	18	90	6	2	35	59	97	37	30	75	21	52	22	45	94	75	85	63	63	40	
79	55	26	63	2	3	78	84	22	32	43	17	29	41	70	32	37	91	91	81	71	46	77	78	84	79	26	15	79	96	23	3	42	33	48	11	59	100	74	92	34	3	66	97	12	22	37	50	55	63	47	65	76	37	6	-1	79	97	35	64	62	95	56	14	47	77	10	85	54	73	13	97	62	81	39	41	91	9	71	91	99	63	53	20	62	45	1	94	61	99	81	39	22	38	77	92	26	72	75	54	
91	30	80	100	16	98	53	5	94	74	96	3	35	72	5	22	48	37	77	90	2	87	49	44	67	66	83	90	91	2	91	34	15	92	32	48	77	5	99	90	81	6	57	41	15	17	58	78	58	48	3	43	40	16	95	79	-1	79	25	71	7	83	13	12	65	64	7	16	46	45	24	77	20	96	73	56	35	10	11	58	78	53	72	36	67	61	90	20	42	29	29	14	89	86	82	92	33	59	83	68	
27	76	33	10	91	60	50	39	55	22	88	19	5	95	46	16	95	73	4	84	14	59	44	56	22	65	46	70	67	33	61	70	62	43	84	74	74	23	83	37	59	29	10	58	18	59	48	61	21	32	89	2	67	4	60	97	79	-1	11	39	14	1	97	72	80	77	87	85	36	14	98	3	48	76	12	87	80	33	43	72	79	98	26	39	70	98	86	26	25	96	74	40	39	30	53	41	45	31	99	66	
70	87	75	58	65	93	63	53	78	88	42	97	88	34	38	32	95	76	23	26	61	77	99	15	18	71	59	7	85	4	48	65	35	56	27	74	77	59	75	92	49	52	35	61	45	26	9	68	77	62	45	74	34	52	47	35	25	11	-1	64	4	22	16	87	91	98	62	7	43	4	40	97	40	67	98	75	22	3	75	87	24	49	30	24	15	39	18	43	47	46	13	5	89	90	72	81	37	85	17	57	
26	23	99	69	37	28	74	46	6	53	63	88	28	56	13	70	58	90	88	73	88	2	95	11	86	68	96	93	64	83	54	25	48	72	60	23	22	74	75	82	1	54	26	31	61	76	77	49	93	45	70	16	18	12	99	64	71	39	64	-1	18	6	65	80	44	83	63	86	29	44	84	95	67	14	32	49	9	44	85	21	8	69	3	88	72	50	47	22	23	65	72	66	33	83	11	92	41	46	18	39	
20	91	43	34	21	76	13	37	53	66	100	71	28	56	19	7	66	10	85	23	78	7	84	5	48	100	3	61	5	14	53	12	20	61	25	14	21	30	15	43	93	44	53	67	31	85	47	69	72	48	96	46	70	23	48	62	7	14	4	18	-1	95	50	64	79	34	76	58	46	76	7	89	28	23	99	26	29	66	99	18	74	21	59	59	64	5	78	10	68	51	84	63	30	31	35	55	1	52	100	96	
23	83	49	74	82	23	43	94	87	63	82	70	33	26	79	84	65	29	11	85	32	25	88	85	94	33	55	4	6	43	78	14	17	94	43	21	9	30	84	1	8	35	44	60	9	36	32	38	9	96	35	91	85	69	3	95	83	1	22	6	95	-1	98	19	8	42	52	91	64	91	63	87	72	59	68	86	14	94	57	57	11	91	14	52	26	14	34	26	62	100	30	46	48	54	78	14	8	23	81	1	
83	95	98	28	71	21	81	84	73	50	96	67	61	55	69	2	6	80	23	8	12	1	46	28	8	41	14	30	10	63	26	31	68	42	34	45	96	46	65	56	44	68	24	57	54	77	27	97	69	3	5	96	25	3	75	56	13	97	16	65	50	98	-1	88	54	16	58	89	79	10	70	39	41	14	86	15	80	36	45	23	68	21	43	36	73	37	91	11	88	10	15	46	78	43	69	56	88	26	47	43	
72	84	57	82	51	86	13	12	25	44	10	79	67	99	35	5	40	80	88	29	82	35	27	63	85	19	60	3	28	70	84	90	25	31	81	49	32	78	51	21	89	55	79	65	81	64	58	35	10	95	74	95	44	59	36	14	12	72	87	80	64	19	88	-1	83	38	47	5	48	51	100	1	71	79	89	91	39	5	83	7	45	64	93	38	70	38	11	2	82	65	30	11	79	22	59	9	77	93	14	8	
58	18	65	16	77	83	81	12	56	27	44	17	99	93	75	88	36	96	66	11	69	33	43	32	10	99	34	19	10	46	61	18	10	3	82	13	41	76	74	87	30	38	17	93	14	83	43	5	3	51	76	72	71	1	12	47	65	80	91	44	79	8	54	83	-1	12	40	6	21	58	91	34	39	21	95	90	6	88	53	41	11	53	62	37	40	43	81	45	97	33	88	74	3	31	54	26	44	7	5	29	
47	15	15	45	16	70	95	49	6	77	55	4	59	71	27	39	1	5	21	73	37	3	9	16	46	3	61	93	29	68	16	44	89	24	48	14	79	43	34	96	14	54	62	75	78	15	81	56	84	55	69	11	18	84	58	77	64	77	98	83	34	42	16	38	12	-1	80	31	87	52	6	60	47	47	6	75	85	21	69	71	30	63	65	70	25	1	47	32	24	48	90	84	7	29	2	30	21	24	53	81	
46	54	81	85	40	66	17	9	13	38	60	45	72	1	1	43	16	16	4	24	51	76	83	15	38	98	94	2	47	80	60	3	33	31	93	19	38	44	66	13	83	79	47	96	28	55	32	35	73	63	4	65	80	8	55	10	7	87	62	63	76	52	58	47	40	80	-1	25	76	56	82	41	78	25	4	12	41	80	77	13	5	60	1	70	75	24	14	18	39	9	67	98	59	29	90	54	28	96	63	23	
73	94	94	13	59	38	72	9	28	65	1	27	27	70	49	30	79	35	96	76	26	6	100	47	11	94	62	29	24	26	97	28	25	20	98	30	4	95	50	78	42	98	62	9	31	37	12	13	74	77	7	93	57	64	17	85	16	85	7	86	58	91	89	5	6	31	25	-1	26	86	62	4	16	94	12	86	32	45	40	68	16	22	77	23	30	88	94	9	86	48	86	20	9	37	77	86	48	46	35	78	
94	59	23	28	95	91	26	54	32	85	43	62	86	64	6	56	26	79	72	100	17	55	56	31	59	86	57	38	11	93	52	7	39	72	42	1	82	79	47	47	46	38	18	81	12	2	43	4	81	93	3	84	44	43	78	54	46	36	43	29	46	64	79	48	21	87	76	26	-1	13	83	59	25	1	54	67	30	15	51	6	39	60	89	34	98	27	92	72	94	63	36	4	29	31	99	33	21	33	45	48	
21	77	16	21	15	70	10	18	78	39	45	87	42	97	56	4	62	61	79	80	46	38	51	48	38	88	84	80	79	43	30	35	75	69	73	32	43	6	22	78	8	83	37	56	57	84	63	59	67	74	45	61	31	72	53	73	45	14	4	44	76	91	10	51	58	52	56	86	13	-1	86	42	99	15	72	76	23	2	38	37	54	9	22	36	47	77	73	14	82	95	53	86	48	89	53	64	50	80	49	38	
7	25	89	100	44	81	44	25	95	18	4	13	68	34	42	47	88	39	82	19	86	52	13	86	82	13	32	99	99	49	95	21	58	35	3	26	24	49	25	40	91	100	63	25	84	74	25	29	74	45	55	23	19	19	11	13	24	98	40	84	7	63	70	100	91	6	82	62	83	86	-1	88	90	79	4	11	49	69	30	68	47	72	67	3	64	32	89	60	8	69	26	37	61	86	12	4	5	24	77	50	
40	1	69	39	34	84	83	100	92	53	65	93	29	17	41	46	99	100	15	59	52	95	54	24	75	71	22	15	83	20	23	28	2	44	29	48	82	78	13	57	100	42	11	72	52	83	61	9	43	71	89	37	54	53	18	97	77	3	97	95	89	87	39	1	34	60	41	4	59	42	88	-1	92	13	28	8	13	93	52	93	69	28	22	29	68	97	69	5	30	75	2	34	61	70	96	58	49	13	41	36	
56	75	89	55	94	28	3	22	92	32	61	5	44	24	1	99	97	74	59	63	25	10	49	58	20	52	88	10	62	22	1	86	22	54	84	52	18	78	65	59	62	9	21	55	24	85	41	37	90	16	55	22	28	28	25	62	20	48	40	67	28	72	41	71	39	47	78	16	25	99	90	92	-1	16	73	89	24	20	8	39	19	33	99	26	48	27	76	57	63	27	17	90	100	89	37	32	23	70	4	7	
67	61	27	95	13	22	58	36	67	34	99	77	58	5	65	96	85	79	80	23	37	27	29	44	93	88	94	13	12	41	91	75	5	18	85	25	3	82	12	64	23	52	90	100	67	59	20	31	85	73	9	21	82	63	31	81	96	76	67	14	23	59	14	79	21	47	25	94	1	15	79	13	16	-1	79	55	73	76	21	50	41	49	91	35	83	82	12	66	74	89	69	27	67	7	33	54	3	43	85	68	
85	70	62	83	94	45	71	56	87	62	84	45	47	77	84	12	73	90	61	20	64	67	57	84	96	73	29	97	34	55	30	14	33	94	79	15	47	32	4	82	49	63	96	84	50	79	55	9	100	94	77	86	87	25	28	39	73	12	98	32	99	68	86	89	95	6	4	12	54	72	4	28	73	79	-1	95	10	91	69	94	40	27	55	95	98	14	3	100	60	63	23	42	42	92	64	98	33	50	53	67	
45	97	98	83	75	1	71	64	61	94	31	53	52	92	59	94	4	70	15	54	66	24	70	97	77	54	3	20	74	22	6	91	94	54	34	2	36	95	73	65	80	60	76	31	65	97	40	82	61	16	82	24	13	9	21	41	56	87	75	49	26	86	15	91	90	75	12	86	67	76	11	8	89	55	95	-1	23	15	75	65	23	22	43	77	77	80	21	6	26	23	10	23	58	12	3	94	51	80	51	5	
99	18	54	84	66	36	97	57	16	5	2	55	97	27	37	31	47	32	100	76	58	3	100	4	47	98	21	70	33	3	62	86	36	18	63	45	40	29	58	35	18	46	44	83	51	8	62	1	64	2	4	91	74	68	69	91	35	80	22	9	29	14	80	39	6	85	41	32	30	23	49	13	24	73	10	23	-1	78	5	39	51	3	42	73	33	62	33	52	45	23	34	6	67	77	76	57	6	58	49	94	
19	93	29	91	14	39	72	2	95	38	13	19	78	75	8	96	28	24	69	93	40	65	86	58	54	27	86	18	9	40	96	92	54	90	8	73	82	29	60	97	11	26	19	78	76	84	51	45	91	63	68	92	72	57	82	9	10	33	3	44	66	94	36	5	88	21	80	45	15	2	69	93	20	76	91	15	78	-1	57	17	61	7	35	74	15	3	47	23	13	72	16	71	93	4	9	19	20	76	28	54	
72	43	46	33	77	26	57	93	12	49	58	24	53	81	99	17	100	37	97	95	79	89	53	52	27	73	15	22	95	67	87	100	85	16	48	85	48	50	10	1	32	71	38	15	37	36	90	64	65	92	81	55	56	97	14	71	11	43	75	85	99	57	45	83	53	69	77	40	51	38	30	52	8	21	69	75	5	57	-1	2	65	64	29	46	7	63	19	19	64	17	43	15	9	74	68	31	11	98	84	84	
7	59	66	11	89	16	33	39	48	64	25	8	57	53	32	10	38	41	21	45	67	95	5	5	68	39	75	55	28	58	12	48	100	79	81	99	86	1	73	69	96	28	45	10	59	3	32	68	70	18	16	22	95	13	82	91	58	72	87	21	18	57	23	7	41	71	13	68	6	37	68	93	39	50	94	65	39	17	2	-1	41	19	28	44	76	22	67	88	39	30	57	72	44	57	29	67	34	85	14	73	
97	70	71	52	75	43	55	54	78	81	78	61	47	51	58	34	9	58	32	99	1	28	77	92	60	28	88	52	96	66	76	75	77	58	33	31	25	48	66	90	78	3	51	6	72	54	47	71	94	62	25	28	23	94	18	99	78	79	24	8	74	11	68	45	11	30	5	16	39	54	47	69	19	41	40	23	51	61	65	41	-1	28	6	11	10	99	96	38	85	55	4	42	68	24	82	95	34	6	22	85	
69	59	60	21	34	81	27	92	81	89	13	68	72	19	90	74	82	85	12	38	20	100	38	11	36	5	84	9	82	62	74	83	3	14	48	27	32	31	20	96	62	51	6	55	47	20	29	27	79	94	57	7	54	63	90	63	53	98	49	69	21	91	21	64	53	63	60	22	60	9	72	28	33	49	27	22	3	7	64	19	28	-1	23	97	7	91	51	47	54	11	58	30	79	75	9	75	54	70	88	99	
90	5	95	8	70	65	2	35	45	12	9	48	52	83	42	95	97	10	16	25	42	6	20	40	23	33	74	48	32	8	73	16	66	86	11	55	11	21	78	8	18	39	50	23	88	73	80	1	49	17	6	12	24	38	6	53	72	26	30	3	59	14	43	93	62	65	1	77	89	22	67	22	99	91	55	43	42	35	29	28	6	23	-1	26	3	100	67	2	52	59	99	98	47	60	55	11	58	95	6	14	
12	52	44	29	14	5	92	52	32	81	40	68	45	96	19	99	43	57	63	24	63	49	45	16	81	68	15	9	6	31	13	59	28	98	75	50	32	46	9	58	63	87	55	29	34	84	96	74	100	65	84	44	12	77	2	20	36	39	24	88	59	52	36	38	37	70	70	23	34	36	3	29	26	35	95	77	73	74	46	44	11	97	26	-1	9	7	98	51	16	87	55	95	53	57	7	35	7	75	99	53	
98	26	56	39	57	88	74	18	49	39	11	50	52	58	72	99	25	43	62	28	11	58	18	100	26	13	95	81	46	39	59	19	38	86	60	30	41	40	81	68	47	48	5	91	32	82	14	4	98	82	96	61	13	40	35	62	67	70	15	72	64	26	73	70	40	25	75	30	98	47	64	68	48	83	98	77	33	15	7	76	10	7	3	9	-1	80	56	60	12	75	97	8	99	17	48	69	78	13	15	54	
6	40	9	46	67	50	25	21	26	26	66	45	9	8	89	1	90	14	49	27	73	17	71	39	61	2	54	30	56	74	77	57	30	47	63	31	15	29	38	48	43	81	94	67	54	34	31	71	95	63	46	8	34	95	59	45	61	98	39	50	5	14	37	38	43	1	24	88	27	77	32	97	27	82	14	80	62	3	63	22	99	91	100	7	80	-1	80	23	69	97	60	95	30	69	43	97	77	46	82	22	
51	78	29	52	21	89	42	60	24	93	100	12	39	86	32	80	62	1	62	61	78	72	13	65	78	58	22	2	15	71	11	17	14	51	15	82	81	18	67	42	79	8	73	63	65	12	42	60	100	1	54	71	29	34	97	1	90	86	18	47	78	34	91	11	81	47	14	94	92	73	89	69	76	12	3	21	33	47	19	67	96	51	67	98	56	80	-1	39	85	76	40	65	92	5	83	96	93	53	29	20	
82	13	82	56	62	97	14	6	85	7	72	59	72	46	12	3	23	68	67	44	98	67	53	18	83	95	11	12	30	4	43	83	17	56	10	81	54	59	67	15	99	65	48	77	24	25	73	10	61	81	78	97	33	67	37	94	20	26	43	22	10	26	11	2	45	32	18	9	72	14	60	5	57	66	100	6	52	23	19	88	38	47	2	51	60	23	39	-1	78	63	83	75	61	2	64	60	1	17	70	12	
65	8	98	29	70	45	36	68	95	68	40	80	53	52	34	70	77	5	93	43	29	45	83	93	72	30	30	97	15	67	19	71	21	39	85	46	39	20	82	83	53	70	36	25	66	51	98	25	51	85	95	41	51	30	30	61	42	25	47	23	68	62	88	82	97	24	39	86	94	82	8	30	63	74	60	26	45	13	64	39	85	54	52	16	12	69	85	78	-1	28	80	6	83	94	46	85	90	79	26	44	
26	69	59	81	79	2	8	68	76	17	56	2	84	13	43	32	36	71	23	78	9	65	5	19	18	49	69	87	98	36	4	96	61	10	45	27	69	70	44	69	73	4	10	58	26	21	39	55	30	47	54	90	52	18	75	99	29	96	46	65	51	100	10	65	33	48	9	48	63	95	69	75	27	89	63	23	23	72	17	30	55	11	59	87	75	97	76	63	28	-1	64	76	47	83	54	60	63	94	60	88	
27	37	47	96	94	69	90	47	13	60	79	6	56	17	34	12	48	18	84	3	39	83	74	86	18	17	51	33	12	14	72	9	99	44	21	35	35	52	52	2	88	33	88	91	49	16	26	54	45	39	15	61	50	47	21	81	29	74	13	72	84	30	15	30	88	90	67	86	36	53	26	2	17	69	23	10	34	16	43	57	4	58	99	55	97	60	40	83	80	64	-1	61	76	76	47	14	57	69	8	73	
16	83	96	94	32	89	39	86	18	4	56	95	60	21	74	80	99	41	77	23	18	85	40	69	47	20	96	92	100	40	13	85	98	72	20	8	48	42	40	63	36	31	12	33	50	82	97	67	67	93	62	3	67	15	52	39	14	40	5	66	63	46	46	11	74	84	98	20	4	86	37	34	90	27	42	23	6	71	15	72	42	30	98	95	8	95	65	75	6	76	61	-1	69	64	57	58	41	25	69	1	
84	27	18	52	22	49	13	7	11	60	13	99	90	29	48	56	5	56	65	28	16	48	71	26	41	9	4	60	60	28	99	6	64	7	61	54	72	96	26	76	35	66	37	71	16	29	76	47	14	69	43	38	21	37	22	22	89	39	89	33	30	48	78	79	3	7	59	9	29	48	61	61	100	67	42	58	67	93	9	44	68	79	47	53	99	30	92	61	83	47	76	69	-1	6	54	31	2	47	52	37	
17	76	62	87	82	7	100	50	26	10	8	85	7	64	23	64	76	19	31	23	93	35	38	30	99	50	26	77	29	39	26	34	39	88	23	44	4	79	41	24	65	81	67	98	56	55	94	11	36	79	14	14	28	35	45	38	86	30	90	83	31	54	43	22	31	29	29	37	31	89	86	70	89	7	92	12	77	4	74	57	24	75	60	57	17	69	5	2	94	83	76	64	6	-1	48	28	75	16	34	21	
7	89	25	3	24	3	57	16	9	88	78	51	13	100	81	77	39	41	44	40	61	23	35	20	58	79	4	58	94	58	51	8	57	99	77	68	10	59	42	4	95	68	52	83	40	99	66	27	15	16	81	68	66	60	94	77	82	53	72	11	35	78	69	59	54	2	90	77	99	53	12	96	37	33	64	3	76	9	68	29	82	9	55	7	48	43	83	64	46	54	47	57	54	48	-1	42	29	54	7	65	
94	47	37	65	14	21	27	71	45	22	6	81	56	42	30	23	97	78	37	54	9	8	41	56	10	6	16	37	85	65	97	25	44	63	65	25	64	68	54	14	79	71	33	5	95	32	35	8	48	13	11	72	18	71	75	92	92	41	81	92	55	14	56	9	26	30	54	86	33	64	4	58	32	54	98	94	57	19	31	67	95	75	11	35	69	97	96	60	85	60	14	58	31	28	42	-1	33	52	17	38	
20	31	80	61	8	77	54	2	98	94	16	28	47	39	52	18	20	76	3	25	27	47	70	41	39	62	34	90	26	45	80	18	77	56	53	70	96	85	93	98	84	75	19	31	4	53	12	82	16	47	69	70	74	58	85	26	33	45	37	41	1	8	88	77	44	21	28	48	21	50	5	49	23	3	33	51	6	20	11	34	34	54	58	7	78	77	93	1	90	63	57	41	2	75	29	33	-1	35	69	33	
74	72	72	41	95	50	9	15	48	8	78	28	64	67	13	93	31	62	38	47	39	26	6	89	43	10	95	17	43	48	44	39	52	27	24	7	65	67	65	8	50	20	41	2	37	85	1	62	70	37	14	69	74	94	63	72	59	31	85	46	52	23	26	93	7	24	96	46	33	80	24	13	70	43	50	80	58	76	98	85	6	70	95	75	13	46	53	17	79	94	69	25	47	16	54	52	35	-1	35	10	
100	12	86	86	58	85	55	5	36	44	85	90	98	55	27	9	4	11	28	93	70	66	76	85	37	47	72	58	62	10	48	55	90	6	5	57	87	55	55	92	52	88	21	61	19	84	68	6	53	64	35	27	18	42	63	75	83	99	17	18	100	81	47	14	5	53	63	35	45	49	77	41	4	85	53	51	49	28	84	14	22	88	6	99	15	82	29	70	26	60	8	69	52	34	7	17	69	35	-1	37	
49	8	40	65	99	82	61	36	85	45	61	71	66	52	20	66	31	49	94	41	33	44	86	64	88	78	90	100	68	15	36	8	51	62	64	26	81	10	17	38	38	71	32	74	88	52	51	80	7	62	30	38	57	50	40	54	68	66	57	39	96	1	43	8	29	81	23	78	48	38	50	36	7	68	67	5	94	54	84	73	85	99	14	53	54	22	20	12	44	88	73	1	37	21	65	38	33	10	37	-1	
