100
-1	18	79	38	1	5	34	95	13	27	25	17	41	41	9	64	78	69	8	40	76	65	67	97	22	49	13	51	1	6	11	8	44	43	43	48	59	7	43	18	31	13	72	74	82	55	22	78	75	91	25	45	80	13	16	60	2	16	30	3	13	7	62	40	45	83	87	33	39	80	40	52	36	35	76	46	43	10	85	93	41	98	54	83	74	88	30	3	69	39	51	54	4	61	4	56	6	92	34	40	
18	-1	57	95	61	9	40	5	49	23	15	17	19	77	60	23	18	76	86	1	33	4	75	62	6	18	64	3	23	10	32	83	73	65	17	36	23	37	62	98	100	76	80	96	87	30	55	57	37	95	27	69	27	13	4	84	14	90	27	6	25	16	31	59	51	84	42	57	16	48	55	75	96	57	68	44	29	88	19	49	87	92	99	20	98	40	12	66	24	81	22	85	58	92	78	81	80	61	41	87	
79	57	-1	14	22	11	60	1	33	100	29	1	48	48	7	13	36	20	49	38	31	90	23	47	17	61	29	44	52	22	64	96	36	46	97	65	68	54	60	71	58	79	26	32	40	6	90	50	77	31	100	17	29	67	27	55	41	40	34	57	78	80	21	36	38	37	61	96	96	84	47	27	31	99	84	65	61	61	87	27	16	55	19	53	42	76	12	49	45	14	3	44	81	70	80	59	37	86	99	47	
38	95	14	-1	79	64	78	84	68	70	94	56	75	52	41	70	33	42	59	73	9	82	64	23	33	52	80	98	41	80	100	21	90	12	36	66	62	99	37	83	65	25	53	2	11	52	89	33	61	54	19	86	8	92	59	68	30	46	51	58	34	8	93	75	6	93	36	18	15	29	63	95	39	48	1	82	91	73	22	32	78	13	65	39	10	45	2	65	38	8	37	40	4	13	96	32	35	23	6	74	
1	61	22	79	-1	44	94	57	52	48	75	81	16	13	95	57	41	82	21	73	96	19	52	53	32	46	34	9	4	59	26	73	65	51	83	27	86	19	42	70	14	73	66	14	5	31	70	66	34	15	2	96	97	40	62	27	72	22	76	37	23	75	52	75	44	36	77	18	83	78	53	51	2	75	28	91	28	39	17	48	43	39	38	90	27	7	23	33	89	19	37	1	48	56	95	11	31	28	88	8	
5	9	11	64	44	-1	40	56	46	68	67	28	63	16	73	24	94	23	26	28	24	54	85	89	23	2	48	3	74	90	8	43	62	81	53	74	29	32	9	20	10	80	85	57	49	63	9	74	59	36	9	8	11	92	76	54	17	23	72	24	31	100	41	6	35	76	63	41	25	99	54	4	69	40	97	71	27	78	15	45	9	59	75	86	4	86	54	35	67	75	49	80	36	30	69	82	24	76	40	79	
34	40	60	78	94	40	-1	90	61	84	75	19	55	70	25	16	53	47	88	11	83	69	18	27	21	85	30	67	63	60	85	40	93	52	76	82	54	28	15	24	5	86	29	55	57	32	90	30	17	9	89	67	25	30	8	55	60	9	37	18	79	48	70	13	36	32	18	97	74	64	65	81	32	57	98	47	36	8	56	95	74	14	68	15	61	26	76	54	69	48	18	20	42	17	10	77	52	95	78	93	
95	5	1	84	57	56	90	-1	19	14	89	35	45	8	42	97	38	81	58	28	67	53	3	100	22	22	94	38	24	100	3	80	60	99	3	73	4	73	55	30	70	72	31	12	57	59	25	46	99	99	80	97	48	31	47	98	64	8	78	44	42	76	19	8	67	23	24	65	33	72	12	71	58	26	51	58	87	42	8	6	16	2	58	58	79	94	80	93	33	2	96	64	79	65	25	46	84	77	33	1	
13	49	33	68	52	46	61	19	-1	83	82	83	49	76	59	26	38	64	70	49	21	41	95	75	86	90	37	14	1	98	20	32	38	98	98	83	43	94	43	2	48	41	66	63	36	8	15	42	39	87	98	5	74	81	41	30	11	21	61	30	77	57	37	51	62	4	55	48	19	67	35	23	95	35	37	12	36	25	2	76	67	65	58	37	86	68	33	4	11	21	84	38	46	58	89	67	51	76	57	44	
27	23	100	70	48	68	84	14	83	-1	25	63	92	68	18	99	14	26	93	23	21	17	80	14	63	31	13	64	90	94	23	45	65	16	36	13	40	10	42	35	7	95	23	71	14	57	9	74	29	97	18	91	99	67	55	89	36	45	47	46	28	12	67	54	44	38	79	85	87	58	55	37	81	21	3	31	98	63	84	79	94	17	28	9	28	48	60	55	45	65	84	21	91	86	50	52	38	82	39	98	
25	15	29	94	75	67	75	89	82	25	-1	81	73	34	85	71	42	30	78	35	36	11	100	66	10	76	8	93	26	79	15	3	13	55	83	84	61	34	14	73	18	87	1	6	65	71	19	14	46	72	37	78	45	73	1	12	68	47	85	9	23	15	46	1	72	62	52	6	95	97	25	92	88	33	66	7	60	13	88	53	50	65	55	5	75	15	55	9	11	36	88	48	38	26	35	7	93	11	5	85	
17	17	1	56	81	28	19	35	83	63	81	-1	30	8	44	76	95	83	52	86	33	98	48	48	72	49	5	26	24	61	74	15	96	70	24	15	18	58	7	38	62	43	10	10	24	87	68	23	79	86	48	50	39	44	94	4	93	99	14	13	74	59	41	64	73	80	57	41	29	72	30	49	26	34	58	100	15	6	37	72	8	21	61	88	20	60	63	32	98	96	39	92	56	40	17	72	64	67	12	50	
41	19	48	75	16	63	55	45	49	92	73	30	-1	54	88	43	44	33	67	98	31	25	56	98	44	50	46	28	94	63	69	67	92	97	56	55	29	49	58	1	93	19	35	65	66	85	41	27	39	99	60	1	12	28	87	35	2	41	79	4	51	4	57	57	57	8	31	32	7	83	19	70	65	88	60	87	2	2	21	5	27	100	99	100	9	39	29	13	86	13	49	6	72	31	18	57	6	5	9	27	
41	77	48	52	13	16	70	8	76	68	34	8	54	-1	43	1	48	35	36	21	49	39	37	33	6	6	79	16	41	46	89	30	35	100	84	30	48	6	32	12	9	68	67	2	81	22	16	63	25	21	96	68	52	72	76	54	57	97	12	24	46	20	41	85	8	3	93	60	76	67	67	32	2	30	45	42	44	25	62	45	14	56	51	40	83	59	49	89	90	59	84	34	77	54	51	68	10	39	24	64	
9	60	7	41	95	73	25	42	59	18	85	44	88	43	-1	69	42	73	21	21	22	91	1	30	100	17	3	66	43	48	85	31	36	54	15	77	8	69	19	36	75	34	31	83	31	97	4	62	42	11	64	14	1	97	19	39	65	42	13	54	26	48	47	84	22	15	18	69	67	51	56	57	68	67	38	28	12	45	41	32	4	32	58	12	26	72	35	43	3	92	63	2	91	90	70	1	33	79	39	79	
64	23	13	70	57	24	16	97	26	99	71	76	43	1	69	-1	4	24	15	13	36	16	33	93	86	43	72	24	51	52	81	100	70	30	23	81	48	20	57	22	27	54	98	12	39	94	99	99	56	62	38	80	48	52	16	18	64	15	19	15	100	16	30	18	72	37	91	99	24	37	15	10	37	69	39	83	69	100	68	13	7	17	59	70	55	64	95	59	99	94	8	92	59	59	50	22	85	65	37	43	
78	18	36	33	41	94	53	38	38	14	42	95	44	48	42	4	-1	85	19	42	18	91	41	1	15	74	66	64	21	8	83	16	66	38	10	67	27	18	91	98	41	23	49	100	92	33	33	34	30	68	66	20	49	69	88	92	48	63	22	90	79	20	70	80	86	33	37	38	20	89	30	8	20	48	47	23	91	47	37	82	79	8	11	18	92	28	38	48	22	39	27	61	26	15	61	82	84	67	57	2	
69	76	20	42	82	23	47	81	64	26	30	83	33	35	73	24	85	-1	20	86	44	96	87	48	8	45	36	100	85	81	84	58	45	85	59	28	30	42	48	56	66	11	91	32	57	24	85	56	11	65	64	59	80	49	39	88	48	37	67	3	98	68	67	33	20	52	46	4	84	44	44	62	21	87	86	55	97	5	17	77	30	17	75	60	62	19	8	99	47	23	72	13	39	37	26	35	85	34	36	100	
8	86	49	59	21	26	88	58	70	93	78	52	67	36	21	15	19	20	-1	96	55	24	98	35	53	15	9	1	89	79	94	78	29	63	90	90	26	65	95	78	75	63	21	16	54	59	24	83	93	31	66	7	12	45	92	45	89	62	58	2	40	37	62	80	56	90	17	81	18	47	52	76	13	36	64	54	81	2	53	86	8	21	60	36	82	94	31	50	23	66	73	42	54	61	98	18	68	5	20	58	
40	1	38	73	73	28	11	28	49	23	35	86	98	21	21	13	42	86	96	-1	15	67	35	38	73	74	50	80	16	29	30	90	6	47	78	47	28	69	24	42	99	56	35	43	59	60	2	7	84	44	15	26	97	31	32	87	7	46	94	74	18	46	54	92	65	73	93	16	84	64	6	45	77	44	27	5	16	10	37	88	4	63	64	64	13	91	58	43	15	76	21	25	46	67	82	47	44	47	53	64	
76	33	31	9	96	24	83	67	21	21	36	33	31	49	22	36	18	44	55	15	-1	81	81	70	76	97	62	46	71	51	90	55	31	44	1	32	32	41	33	81	18	81	40	26	96	62	38	61	4	15	36	41	55	46	54	64	78	20	30	60	29	21	50	97	99	4	24	26	34	62	75	31	25	38	33	81	35	21	12	28	42	70	29	21	67	77	23	59	24	16	87	40	47	19	44	99	53	32	42	60	
65	4	90	82	19	54	69	53	41	17	11	98	25	39	91	16	91	96	24	67	81	-1	87	21	11	25	63	32	37	68	62	15	8	47	1	82	34	58	86	33	66	55	16	74	91	70	70	67	61	48	11	92	60	22	50	92	67	6	100	92	54	69	46	32	20	33	81	69	47	96	47	42	61	6	48	67	88	76	21	19	25	61	23	28	30	41	63	53	39	72	29	99	73	44	66	28	6	66	47	72	
67	75	23	64	52	85	18	3	95	80	100	48	56	37	1	33	41	87	98	35	81	87	-1	12	51	27	60	58	53	80	13	75	83	68	65	68	41	33	37	27	21	75	46	65	47	37	79	2	62	79	55	63	11	54	7	33	10	80	48	7	3	62	50	71	98	24	23	85	85	12	93	45	37	49	77	12	12	40	78	68	63	88	1	27	60	22	11	29	5	76	60	97	14	40	61	14	98	48	80	82	
97	62	47	23	53	89	27	100	75	14	66	48	98	33	30	93	1	48	35	38	70	21	12	-1	45	92	25	30	74	89	85	55	39	83	19	21	94	37	51	34	28	32	66	73	41	27	85	87	66	25	45	94	2	72	19	93	32	69	6	83	55	47	10	35	23	37	45	27	80	18	19	55	20	59	74	25	30	20	11	39	4	18	20	24	4	80	90	63	79	64	62	24	81	20	55	68	49	70	46	39	
22	6	17	33	32	23	21	22	86	63	10	72	44	6	100	86	15	8	53	73	76	11	51	45	-1	16	36	58	36	32	71	13	33	55	27	95	51	23	18	17	32	100	97	44	67	45	96	63	93	24	48	22	2	28	11	61	33	71	38	49	87	83	69	85	28	44	24	83	88	49	49	16	70	36	58	61	55	78	9	68	81	63	49	82	56	61	82	78	69	24	48	38	25	85	12	33	32	31	72	33	
49	18	61	52	46	2	85	22	90	31	76	49	50	6	17	43	74	45	15	74	97	25	27	92	16	-1	58	55	68	13	42	89	80	21	9	20	11	76	70	50	89	67	20	72	70	1	58	92	39	75	70	7	52	52	15	22	6	23	33	15	21	20	3	81	54	4	51	97	71	45	90	50	39	45	52	8	52	50	70	3	58	34	9	73	74	88	70	65	6	39	57	57	87	97	62	76	52	54	39	65	
13	64	29	80	34	48	30	94	37	13	8	5	46	79	3	72	66	36	9	50	62	63	60	25	36	58	-1	85	74	94	63	55	81	81	9	38	93	55	52	33	97	36	98	53	100	77	17	32	96	9	29	3	20	19	78	90	84	30	69	43	83	53	64	2	5	70	72	63	14	54	83	69	71	77	91	97	32	100	73	21	5	6	73	71	49	86	94	97	100	23	77	99	36	29	70	55	82	25	85	23	
51	3	44	98	9	3	67	38	14	64	93	26	28	16	66	24	64	100	1	80	46	32	58	30	58	55	85	-1	14	26	41	48	100	65	47	70	72	90	71	21	16	36	24	18	25	35	76	8	11	84	80	100	17	96	4	3	73	81	23	79	7	17	82	33	24	68	87	37	28	52	52	58	72	55	36	32	70	54	85	43	94	15	62	23	22	87	31	8	40	13	23	50	90	25	34	61	51	90	59	85	
1	23	52	41	4	74	63	24	1	90	26	24	94	41	43	51	21	85	89	16	71	37	53	74	36	68	74	14	-1	56	47	2	38	85	55	90	66	89	50	49	31	51	89	33	70	67	22	55	52	76	98	8	53	44	36	31	18	53	38	62	35	60	16	81	76	95	31	57	31	71	20	11	43	92	50	86	75	81	69	23	87	42	52	31	94	31	88	20	67	34	57	56	61	29	90	53	69	14	84	97	
6	10	22	80	59	90	60	100	98	94	79	61	63	46	48	52	8	81	79	29	51	68	80	89	32	13	94	26	56	-1	35	18	12	16	31	51	42	12	30	74	20	19	47	61	22	64	47	29	5	15	13	66	28	26	10	97	56	24	51	82	14	64	47	84	94	51	92	66	80	89	90	39	18	5	10	56	66	70	43	64	1	8	42	17	32	80	79	81	81	9	45	40	61	100	30	36	21	45	65	40	
11	32	64	100	26	8	85	3	20	23	15	74	69	89	85	81	83	84	94	30	90	62	13	85	71	42	63	41	47	35	-1	17	21	71	89	61	46	67	85	70	38	79	14	39	65	84	55	92	49	70	86	22	62	76	90	33	5	76	89	66	33	38	4	74	33	85	10	99	53	19	3	63	79	42	34	2	55	15	17	63	54	70	22	59	12	86	73	42	36	70	13	58	24	8	96	9	45	5	48	69	
8	83	96	21	73	43	40	80	32	45	3	15	67	30	31	100	16	58	78	90	55	15	75	55	13	89	55	48	2	18	17	-1	72	77	30	9	98	16	100	95	29	86	65	72	43	35	59	52	58	58	26	67	9	95	87	11	2	50	11	50	96	30	89	58	27	65	18	4	18	46	32	42	36	29	100	80	51	14	76	85	80	24	15	61	27	27	7	89	58	16	17	95	87	24	7	12	47	20	87	87	
44	73	36	90	65	62	93	60	38	65	13	96	92	35	36	70	66	45	29	6	31	8	83	39	33	80	81	100	38	12	21	72	-1	60	7	37	19	7	20	19	55	6	13	68	61	60	57	46	44	54	34	21	50	20	38	10	10	5	75	21	93	4	88	21	96	63	31	69	57	8	80	52	65	93	7	49	69	56	44	81	8	76	85	57	64	30	61	18	69	31	4	2	82	73	28	36	73	92	82	64	
43	65	46	12	51	81	52	99	98	16	55	70	97	100	54	30	38	85	63	47	44	47	68	83	55	21	81	65	85	16	71	77	60	-1	73	15	71	61	82	20	25	78	17	32	81	90	44	70	71	91	93	65	4	69	42	36	23	68	15	74	9	48	63	71	53	40	4	77	76	41	49	86	97	67	69	93	45	35	86	39	49	51	15	80	68	60	73	81	6	54	16	1	13	37	82	79	95	30	35	18	
43	17	97	36	83	53	76	3	98	36	83	24	56	84	15	23	10	59	90	78	1	1	65	19	27	9	9	47	55	31	89	30	7	73	-1	12	83	75	16	78	40	5	18	22	82	96	5	1	45	63	33	95	13	76	18	23	76	24	51	99	51	13	85	89	18	81	69	13	81	12	89	17	5	28	97	11	94	15	52	74	29	56	92	75	89	70	22	5	34	69	99	71	3	14	52	41	36	1	67	58	
48	36	65	66	27	74	82	73	83	13	84	15	55	30	77	81	67	28	90	47	32	82	68	21	95	20	38	70	90	51	61	9	37	15	12	-1	26	76	10	61	86	59	19	89	31	47	53	37	80	68	34	76	13	70	26	13	8	65	91	46	35	7	29	93	33	78	91	36	42	87	6	46	55	39	22	78	89	67	4	28	16	21	39	8	71	33	89	97	62	13	51	83	93	53	27	41	3	13	26	82	
59	23	68	62	86	29	54	4	43	40	61	18	29	48	8	48	27	30	26	28	32	34	41	94	51	11	93	72	66	42	46	98	19	71	83	26	-1	85	4	98	76	32	29	14	41	92	57	60	74	43	96	30	29	21	87	56	7	9	69	72	54	51	16	79	43	28	62	100	72	75	21	62	48	89	44	11	27	68	31	66	99	47	57	72	7	17	59	34	23	75	4	58	44	19	31	9	89	98	1	80	
7	37	54	99	19	32	28	73	94	10	34	58	49	6	69	20	18	42	65	69	41	58	33	37	23	76	55	90	89	12	67	16	7	61	75	76	85	-1	98	100	68	97	17	79	19	67	55	73	74	89	56	98	24	100	52	45	83	52	11	73	48	20	12	36	68	28	95	95	90	70	97	12	46	28	3	68	37	81	93	63	42	58	24	14	32	95	58	24	93	62	42	28	79	7	66	41	33	76	71	74	
43	62	60	37	42	9	15	55	43	42	14	7	58	32	19	57	91	48	95	24	33	86	37	51	18	70	52	71	50	30	85	100	20	82	16	10	4	98	-1	76	23	48	32	91	70	87	41	75	91	53	63	59	20	79	61	7	72	60	6	26	7	41	14	66	10	91	8	3	14	23	78	61	27	8	74	74	96	44	99	93	74	60	91	20	84	89	22	59	60	39	38	58	55	66	89	61	62	81	40	58	
18	98	71	83	70	20	24	30	2	35	73	38	1	12	36	22	98	56	78	42	81	33	27	34	17	50	33	21	49	74	70	95	19	20	78	61	98	100	76	-1	98	86	97	99	77	47	55	76	33	42	89	3	49	81	36	58	82	87	29	53	59	54	74	33	31	99	59	72	70	79	5	14	67	21	38	31	10	79	24	74	70	82	6	5	76	28	83	6	1	33	94	5	40	5	57	67	83	87	14	22	
31	100	58	65	14	10	5	70	48	7	18	62	93	9	75	27	41	66	75	99	18	66	21	28	32	89	97	16	31	20	38	29	55	25	40	86	76	68	23	98	-1	11	2	7	90	90	83	21	48	38	32	95	82	51	55	100	18	57	94	50	34	53	45	81	86	20	44	71	75	18	35	57	93	41	80	78	8	27	60	18	100	43	40	82	88	43	49	98	15	62	82	55	50	44	73	2	86	86	96	60	
13	76	79	25	73	80	86	72	41	95	87	43	19	68	34	54	23	11	63	56	81	55	75	32	100	67	36	36	51	19	79	86	6	78	5	59	32	97	48	86	11	-1	46	33	81	40	83	87	56	54	62	89	28	13	85	88	89	96	82	71	81	43	88	43	4	45	100	99	28	17	47	35	32	5	36	48	20	66	77	18	51	31	45	84	32	10	56	35	3	48	87	86	26	65	49	53	53	3	26	69	
72	80	26	53	66	85	29	31	66	23	1	10	35	67	31	98	49	91	21	35	40	16	46	66	97	20	98	24	89	47	14	65	13	17	18	19	29	17	32	97	2	46	-1	82	70	66	2	69	12	5	74	9	53	82	9	59	9	89	42	71	93	21	61	20	48	98	25	92	3	98	55	68	43	49	96	68	17	59	64	66	26	85	79	3	100	88	77	26	85	97	48	46	27	4	9	26	39	80	55	43	
74	96	32	2	14	57	55	12	63	71	6	10	65	2	83	12	100	32	16	43	26	74	65	73	44	72	53	18	33	61	39	72	68	32	22	89	14	79	91	99	7	33	82	-1	49	50	87	61	12	53	80	13	34	62	40	63	55	39	56	14	91	41	77	72	85	7	16	12	62	85	4	12	29	69	61	44	11	46	58	60	54	30	42	42	46	30	56	44	76	41	89	86	22	6	42	95	39	25	78	25	
82	87	40	11	5	49	57	57	36	14	65	24	66	81	31	39	92	57	54	59	96	91	47	41	67	70	100	25	70	22	65	43	61	81	82	31	41	19	70	77	90	81	70	49	-1	27	95	73	55	90	100	90	82	10	79	86	38	13	4	30	69	55	72	73	70	91	25	17	56	42	67	76	41	41	96	62	65	3	19	85	2	30	51	43	10	84	54	31	42	65	70	15	76	83	16	1	80	74	4	5	
55	30	6	52	31	63	32	59	8	57	71	87	85	22	97	94	33	24	59	60	62	70	37	27	45	1	77	35	67	64	84	35	60	90	96	47	92	67	87	47	90	40	66	50	27	-1	55	77	28	58	98	49	68	83	77	20	97	83	49	85	96	16	38	86	74	57	69	54	30	26	71	68	78	52	94	95	89	9	44	40	13	40	96	21	93	81	64	88	21	52	4	27	52	88	44	20	22	38	90	52	
22	55	90	89	70	9	90	25	15	9	19	68	41	16	4	99	33	85	24	2	38	70	79	85	96	58	17	76	22	47	55	59	57	44	5	53	57	55	41	55	83	83	2	87	95	55	-1	50	46	20	28	26	13	41	60	62	71	9	59	33	84	85	15	54	53	26	33	67	16	88	24	99	4	28	3	33	21	21	67	71	20	21	97	48	13	59	68	41	66	4	43	86	87	53	22	44	55	91	33	34	
78	57	50	33	66	74	30	46	42	74	14	23	27	63	62	99	34	56	83	7	61	67	2	87	63	92	32	8	55	29	92	52	46	70	1	37	60	73	75	76	21	87	69	61	73	77	50	-1	6	60	44	93	59	20	37	32	60	58	3	64	79	34	93	83	88	39	55	15	16	37	82	86	96	98	93	55	98	48	11	39	95	64	24	90	78	46	4	95	16	10	1	11	16	41	15	60	13	42	20	76	
75	37	77	61	34	59	17	99	39	29	46	79	39	25	42	56	30	11	93	84	4	61	62	66	93	39	96	11	52	5	49	58	44	71	45	80	74	74	91	33	48	56	12	12	55	28	46	6	-1	74	46	86	6	21	70	18	19	19	81	7	86	94	85	94	81	4	94	34	86	60	92	95	58	79	28	11	27	36	42	29	84	15	69	42	65	86	24	84	32	9	100	44	99	92	22	87	99	10	42	77	
91	95	31	54	15	36	9	99	87	97	72	86	99	21	11	62	68	65	31	44	15	48	79	25	24	75	9	84	76	15	70	58	54	91	63	68	43	89	53	42	38	54	5	53	90	58	20	60	74	-1	89	32	36	55	58	71	34	77	84	50	62	49	71	36	66	89	45	56	29	7	66	21	47	28	22	16	52	100	40	56	36	28	3	18	51	15	63	56	32	61	83	19	99	40	36	28	27	49	36	99	
25	27	100	19	2	9	89	80	98	18	37	48	60	96	64	38	66	64	66	15	36	11	55	45	48	70	29	80	98	13	86	26	34	93	33	34	96	56	63	89	32	62	74	80	100	98	28	44	46	89	-1	100	7	92	94	89	46	19	67	25	63	8	25	80	66	53	8	20	77	97	88	21	23	99	82	28	34	84	4	38	25	91	62	93	32	19	29	91	66	5	21	75	38	74	93	4	85	15	66	7	
45	69	17	86	96	8	67	97	5	91	78	50	1	68	14	80	20	59	7	26	41	92	63	94	22	7	3	100	8	66	22	67	21	65	95	76	30	98	59	3	95	89	9	13	90	49	26	93	86	32	100	-1	39	56	9	93	75	57	16	5	92	23	35	10	1	78	93	80	99	59	14	7	8	49	93	13	20	48	62	38	28	85	97	25	99	67	87	36	9	5	76	62	72	29	14	88	44	85	22	42	
80	27	29	8	97	11	25	48	74	99	45	39	12	52	1	48	49	80	12	97	55	60	11	2	2	52	20	17	53	28	62	9	50	4	13	13	29	24	20	49	82	28	53	34	82	68	13	59	6	36	7	39	-1	22	28	28	60	73	43	7	28	1	40	17	37	55	43	16	57	56	99	15	3	33	7	55	44	71	14	29	39	40	87	78	38	46	9	76	95	75	95	29	51	40	67	77	50	38	24	41	
13	13	67	92	40	92	30	31	81	67	73	44	28	72	97	52	69	49	45	31	46	22	54	72	28	52	19	96	44	26	76	95	20	69	76	70	21	100	79	81	51	13	82	62	10	83	41	20	21	55	92	56	22	-1	35	38	88	40	69	39	51	21	38	77	29	19	27	21	14	72	72	19	92	17	22	47	100	92	94	63	45	76	55	37	17	33	71	73	6	71	42	68	8	81	12	83	28	84	12	65	
16	4	27	59	62	76	8	47	41	55	1	94	87	76	19	16	88	39	92	32	54	50	7	19	11	15	78	4	36	10	90	87	38	42	18	26	87	52	61	36	55	85	9	40	79	77	60	37	70	58	94	9	28	35	-1	12	82	93	18	67	4	44	38	8	47	82	93	30	10	27	88	31	26	86	56	97	36	23	6	36	51	47	11	65	86	47	5	50	96	28	53	95	12	25	10	21	8	77	86	77	
60	84	55	68	27	54	55	98	30	89	12	4	35	54	39	18	92	88	45	87	64	92	33	93	61	22	90	3	31	97	33	11	10	36	23	13	56	45	7	58	100	88	59	63	86	20	62	32	18	71	89	93	28	38	12	-1	32	99	47	91	96	79	13	72	90	7	59	49	89	62	51	1	67	15	53	48	11	17	66	8	42	94	9	92	71	98	62	84	18	1	51	80	59	95	72	48	10	50	13	76	
2	14	41	30	72	17	60	64	11	36	68	93	2	57	65	64	48	48	89	7	78	67	10	32	33	6	84	73	18	56	5	2	10	23	76	8	7	83	72	82	18	89	9	55	38	97	71	60	19	34	46	75	60	88	82	32	-1	88	93	21	95	67	93	37	13	63	41	67	38	82	38	29	65	37	30	77	45	67	24	86	33	37	89	19	77	67	41	38	36	23	21	11	49	83	51	34	75	95	31	62	
16	90	40	46	22	23	9	8	21	45	47	99	41	97	42	15	63	37	62	46	20	6	80	69	71	23	30	81	53	24	76	50	5	68	24	65	9	52	60	87	57	96	89	39	13	83	9	58	19	77	19	57	73	40	93	99	88	-1	56	47	5	48	99	78	11	16	61	40	20	53	33	29	61	15	47	18	23	16	35	35	37	4	97	66	23	2	12	24	91	90	35	41	40	56	12	77	88	29	35	48	
30	27	34	51	76	72	37	78	61	47	85	14	79	12	13	19	22	67	58	94	30	100	48	6	38	33	69	23	38	51	89	11	75	15	51	91	69	11	6	29	94	82	42	56	4	49	59	3	81	84	67	16	43	69	18	47	93	56	-1	2	69	57	37	23	12	50	82	40	85	95	79	41	20	76	29	5	19	57	41	74	91	20	62	82	31	2	90	17	1	41	32	81	68	65	6	68	35	13	64	93	
3	6	57	58	37	24	18	44	30	46	9	13	4	24	54	15	90	3	2	74	60	92	7	83	49	15	43	79	62	82	66	50	21	74	99	46	72	73	26	53	50	71	71	14	30	85	33	64	7	50	25	5	7	39	67	91	21	47	2	-1	24	29	13	82	6	30	36	15	39	98	11	7	33	88	91	99	28	22	79	3	17	21	55	57	64	69	23	95	34	2	32	49	65	33	69	50	80	35	14	75	
13	25	78	34	23	31	79	42	77	28	23	74	51	46	26	100	79	98	40	18	29	54	3	55	87	21	83	7	35	14	33	96	93	9	51	35	54	48	7	59	34	81	93	91	69	96	84	79	86	62	63	92	28	51	4	96	95	5	69	24	-1	4	75	41	66	87	58	43	51	19	16	82	25	23	56	2	63	88	69	80	16	62	51	37	32	56	91	88	52	57	39	44	29	100	79	12	35	55	81	84	
7	16	80	8	75	100	48	76	57	12	15	59	4	20	48	16	20	68	37	46	21	69	62	47	83	20	53	17	60	64	38	30	4	48	13	7	51	20	41	54	53	43	21	41	55	16	85	34	94	49	8	23	1	21	44	79	67	48	57	29	4	-1	63	60	76	75	43	100	94	85	26	19	16	79	92	40	29	28	30	24	7	54	33	49	93	33	83	33	24	8	11	73	12	2	86	55	13	11	30	29	
62	31	21	93	52	41	70	19	37	67	46	41	57	41	47	30	70	67	62	54	50	46	50	10	69	3	64	82	16	47	4	89	88	63	85	29	16	12	14	74	45	88	61	77	72	38	15	93	85	71	25	35	40	38	38	13	93	99	37	13	75	63	-1	87	39	66	87	51	57	58	82	80	72	92	51	4	18	55	36	50	10	39	90	76	60	37	39	44	82	1	56	65	13	65	89	59	88	32	35	34	
40	59	36	75	75	6	13	8	51	54	1	64	57	85	84	18	80	33	80	92	97	32	71	35	85	81	2	33	81	84	74	58	21	71	89	93	79	36	66	33	81	43	20	72	73	86	54	83	94	36	80	10	17	77	8	72	37	78	23	82	41	60	87	-1	33	26	38	79	66	61	29	91	45	53	31	2	62	28	39	20	33	66	50	73	96	47	99	82	51	76	55	33	50	34	23	9	93	25	91	40	
45	51	38	6	44	35	36	67	62	44	72	73	57	8	22	72	86	20	56	65	99	20	98	23	28	54	5	24	76	94	33	27	96	53	18	33	43	68	10	31	86	4	48	85	70	74	53	88	81	66	66	1	37	29	47	90	13	11	12	6	66	76	39	33	-1	93	78	68	33	71	79	76	41	2	7	96	59	6	28	6	31	39	60	100	69	94	68	41	39	94	47	27	8	33	90	53	45	94	74	93	
83	84	37	93	36	76	32	23	4	38	62	80	8	3	15	37	33	52	90	73	4	33	24	37	44	4	70	68	95	51	85	65	63	40	81	78	28	28	91	99	20	45	98	7	91	57	26	39	4	89	53	78	55	19	82	7	63	16	50	30	87	75	66	26	93	-1	75	38	26	80	31	30	63	97	23	92	2	3	18	99	4	27	53	92	24	86	75	23	68	71	14	58	69	3	83	68	9	44	24	33	
87	42	61	36	77	63	18	24	55	79	52	57	31	93	18	91	37	46	17	93	24	81	23	45	24	51	72	87	31	92	10	18	31	4	69	91	62	95	8	59	44	100	25	16	25	69	33	55	94	45	8	93	43	27	93	59	41	61	82	36	58	43	87	38	78	75	-1	33	19	39	73	76	22	86	50	5	6	5	22	40	61	16	33	72	98	73	87	27	63	36	44	22	55	42	72	75	46	67	46	85	
33	57	96	18	18	41	97	65	48	85	6	41	32	60	69	99	38	4	81	16	26	69	85	27	83	97	63	37	57	66	99	4	69	77	13	36	100	95	3	72	71	99	92	12	17	54	67	15	34	56	20	80	16	21	30	49	67	40	40	15	43	100	51	79	68	38	33	-1	2	66	80	22	3	50	45	71	5	1	5	19	100	52	44	84	53	75	66	47	23	63	42	22	20	13	54	57	37	47	42	40	
39	16	96	15	83	25	74	33	19	87	95	29	7	76	67	24	20	84	18	84	34	47	85	80	88	71	14	28	31	80	53	18	57	76	81	42	72	90	14	70	75	28	3	62	56	30	16	16	86	29	77	99	57	14	10	89	38	20	85	39	51	94	57	66	33	26	19	2	-1	99	21	26	38	20	29	81	11	30	18	79	89	57	51	62	45	55	52	61	13	23	72	77	52	38	30	49	98	70	57	28	
80	48	84	29	78	99	64	72	67	58	97	72	83	67	51	37	89	44	47	64	62	96	12	18	49	45	54	52	71	89	19	46	8	41	12	87	75	70	23	79	18	17	98	85	42	26	88	37	60	7	97	59	56	72	27	62	82	53	95	98	19	85	58	61	71	80	39	66	99	-1	8	84	9	40	91	37	95	69	13	39	68	22	63	29	47	63	18	76	83	68	35	19	62	16	37	21	87	54	6	50	
40	55	47	63	53	54	65	12	35	55	25	30	19	67	56	15	30	44	52	6	75	47	93	19	49	90	83	52	20	90	3	32	80	49	89	6	21	97	78	5	35	47	55	4	67	71	24	82	92	66	88	14	99	72	88	51	38	33	79	11	16	26	82	29	79	31	73	80	21	8	-1	81	16	73	59	45	77	6	30	6	29	78	58	3	10	44	90	1	98	76	52	13	2	23	44	84	32	52	41	89	
52	75	27	95	51	4	81	71	23	37	92	49	70	32	57	10	8	62	76	45	31	42	45	55	16	50	69	58	11	39	63	42	52	86	17	46	62	12	61	14	57	35	68	12	76	68	99	86	95	21	21	7	15	19	31	1	29	29	41	7	82	19	80	91	76	30	76	22	26	84	81	-1	52	18	96	19	96	29	98	44	86	69	60	72	55	48	41	74	8	96	38	88	23	70	87	62	3	13	84	73	
36	96	31	39	2	69	32	58	95	81	88	26	65	2	68	37	20	21	13	77	25	61	37	20	70	39	71	72	43	18	79	36	65	97	5	55	48	46	27	67	93	32	43	29	41	78	4	96	58	47	23	8	3	92	26	67	65	61	20	33	25	16	72	45	41	63	22	3	38	9	16	52	-1	37	81	7	40	88	97	7	26	94	54	100	25	99	34	37	59	80	18	82	75	68	16	80	10	72	64	49	
35	57	99	48	75	40	57	26	35	21	33	34	88	30	67	69	48	87	36	44	38	6	49	59	36	45	77	55	92	5	42	29	93	67	28	39	89	28	8	21	41	5	49	69	41	52	28	98	79	28	99	49	33	17	86	15	37	15	76	88	23	79	92	53	2	97	86	50	20	40	73	18	37	-1	82	5	99	72	86	54	16	89	48	61	99	37	44	46	31	33	41	79	45	87	81	47	17	100	64	37	
76	68	84	1	28	97	98	51	37	3	66	58	60	45	38	39	47	86	64	27	33	48	77	74	58	52	91	36	50	10	34	100	7	69	97	22	44	3	74	38	80	36	96	61	96	94	3	93	28	22	82	93	7	22	56	53	30	47	29	91	56	92	51	31	7	23	50	45	29	91	59	96	81	82	-1	59	8	49	82	66	39	28	94	43	93	35	43	34	24	92	96	13	49	99	61	25	96	52	42	4	
46	44	65	82	91	71	47	58	12	31	7	100	87	42	28	83	23	55	54	5	81	67	12	25	61	8	97	32	86	56	2	80	49	93	11	78	11	68	74	31	78	48	68	44	62	95	33	55	11	16	28	13	55	47	97	48	77	18	5	99	2	40	4	2	96	92	5	71	81	37	45	19	7	5	59	-1	80	75	69	27	83	70	52	41	93	42	99	97	55	30	18	97	78	16	74	86	53	53	41	85	
43	29	61	91	28	27	36	87	36	98	60	15	2	44	12	69	91	97	81	16	35	88	12	30	55	52	32	70	75	66	55	51	69	45	94	89	27	37	96	10	8	20	17	11	65	89	21	98	27	52	34	20	44	100	36	11	45	23	19	28	63	29	18	62	59	2	6	5	11	95	77	96	40	99	8	80	-1	59	72	23	11	59	86	30	49	10	64	5	71	83	92	4	75	61	81	79	20	30	14	46	
10	88	61	73	39	78	8	42	25	63	13	6	2	25	45	100	47	5	2	10	21	76	40	20	78	50	100	54	81	70	15	14	56	35	15	67	68	81	44	79	27	66	59	46	3	9	21	48	36	100	84	48	71	92	23	17	67	16	57	22	88	28	55	28	6	3	5	1	30	69	6	29	88	72	49	75	59	-1	75	38	45	56	100	74	83	99	26	62	62	55	41	49	38	8	8	12	26	81	86	20	
85	19	87	22	17	15	56	8	2	84	88	37	21	62	41	68	37	17	53	37	12	21	78	11	9	70	73	85	69	43	17	76	44	86	52	4	31	93	99	24	60	77	64	58	19	44	67	11	42	40	4	62	14	94	6	66	24	35	41	79	69	30	36	39	28	18	22	5	18	13	30	98	97	86	82	69	72	75	-1	68	78	67	15	74	82	11	29	13	73	55	7	57	40	53	57	34	67	5	40	59	
93	49	27	32	48	45	95	6	76	79	53	72	5	45	32	13	82	77	86	88	28	19	68	39	68	3	21	43	23	64	63	85	81	39	74	28	66	63	93	74	18	18	66	60	85	40	71	39	29	56	38	38	29	63	36	8	86	35	74	3	80	24	50	20	6	99	40	19	79	39	6	44	7	54	66	27	23	38	68	-1	21	15	98	78	67	35	41	55	37	83	10	36	82	20	43	52	75	91	47	63	
41	87	16	78	43	9	74	16	67	94	50	8	27	14	4	7	79	30	8	4	42	25	63	4	81	58	5	94	87	1	54	80	8	49	29	16	99	42	74	70	100	51	26	54	2	13	20	95	84	36	25	28	39	45	51	42	33	37	91	17	16	7	10	33	31	4	61	100	89	68	29	86	26	16	39	83	11	45	78	21	-1	85	72	60	9	47	96	36	98	32	56	88	2	95	10	2	76	16	20	3	
98	92	55	13	39	59	14	2	65	17	65	21	100	56	32	17	8	17	21	63	70	61	88	18	63	34	6	15	42	8	70	24	76	51	56	21	47	58	60	82	43	31	85	30	30	40	21	64	15	28	91	85	40	76	47	94	37	4	20	21	62	54	39	66	39	27	16	52	57	22	78	69	94	89	28	70	59	56	67	15	85	-1	68	51	90	37	5	47	27	81	32	34	91	47	3	87	95	92	9	80	
54	99	19	65	38	75	68	58	58	28	55	61	99	51	58	59	11	75	60	64	29	23	1	20	49	9	73	62	52	42	22	15	85	15	92	39	57	24	91	6	40	45	79	42	51	96	97	24	69	3	62	97	87	55	11	9	89	97	62	55	51	33	90	50	60	53	33	44	51	63	58	60	54	48	94	52	86	100	15	98	72	68	-1	61	9	3	39	38	14	82	54	45	58	5	98	38	13	33	4	7	
83	20	53	39	90	86	15	58	37	9	5	88	100	40	12	70	18	60	36	64	21	28	27	24	82	73	71	23	31	17	59	61	57	80	75	8	72	14	20	5	82	84	3	42	43	21	48	90	42	18	93	25	78	37	65	92	19	66	82	57	37	49	76	73	100	92	72	84	62	29	3	72	100	61	43	41	30	74	74	78	60	51	61	-1	17	87	61	50	81	19	8	55	23	43	13	15	49	21	41	89	
74	98	42	10	27	4	61	79	86	28	75	20	9	83	26	55	92	62	82	13	67	30	60	4	56	74	49	22	94	32	12	27	64	68	89	71	7	32	84	76	88	32	100	46	10	93	13	78	65	51	32	99	38	17	86	71	77	23	31	64	32	93	60	96	69	24	98	53	45	47	10	55	25	99	93	93	49	83	82	67	9	90	9	17	-1	43	44	19	8	15	80	85	89	88	77	71	2	7	38	27	
88	40	76	45	7	86	26	94	68	48	15	60	39	59	72	64	28	19	94	91	77	41	22	80	61	88	86	87	31	80	86	27	30	60	70	33	17	95	89	28	43	10	88	30	84	81	59	46	86	15	19	67	46	33	47	98	67	2	2	69	56	33	37	47	94	86	73	75	55	63	44	48	99	37	35	42	10	99	11	35	47	37	3	87	43	-1	19	30	98	41	4	43	98	21	40	34	93	55	56	54	
30	12	12	2	23	54	76	80	33	60	55	63	29	49	35	95	38	8	31	58	23	63	11	90	82	70	94	31	88	79	73	7	61	73	22	89	59	58	22	83	49	56	77	56	54	64	68	4	24	63	29	87	9	71	5	62	41	12	90	23	91	83	39	99	68	75	87	66	52	18	90	41	34	44	43	99	64	26	29	41	96	5	39	61	44	19	-1	25	42	67	33	54	33	12	29	96	14	17	21	36	
3	66	49	65	33	35	54	93	4	55	9	32	13	89	43	59	48	99	50	43	59	53	29	63	78	65	97	8	20	81	42	89	18	81	5	97	34	24	59	6	98	35	26	44	31	88	41	95	84	56	91	36	76	73	50	84	38	24	17	95	88	33	44	82	41	23	27	47	61	76	1	74	37	46	34	97	5	62	13	55	36	47	38	50	19	30	25	-1	19	11	1	26	49	49	25	54	87	73	84	48	
69	24	45	38	89	67	69	33	11	45	11	98	86	90	3	99	22	47	23	15	24	39	5	79	69	6	100	40	67	81	36	58	69	6	34	62	23	93	60	1	15	3	85	76	42	21	66	16	32	32	66	9	95	6	96	18	36	91	1	34	52	24	82	51	39	68	63	23	13	83	98	8	59	31	24	55	71	62	73	37	98	27	14	81	8	98	42	19	-1	36	9	7	34	24	35	47	56	72	27	77	
39	81	14	8	19	75	48	2	21	65	36	96	13	59	92	94	39	23	66	76	16	72	76	64	24	39	23	13	34	9	70	16	31	54	69	13	75	62	39	33	62	48	97	41	65	52	4	10	9	61	5	5	75	71	28	1	23	90	41	2	57	8	1	76	94	71	36	63	23	68	76	96	80	33	92	30	83	55	55	83	32	81	82	19	15	41	67	11	36	-1	5	28	32	49	81	77	17	17	33	88	
51	22	3	37	37	49	18	96	84	84	88	39	49	84	63	8	27	72	73	21	87	29	60	62	48	57	77	23	57	45	13	17	4	16	99	51	4	42	38	94	82	87	48	89	70	4	43	1	100	83	21	76	95	42	53	51	21	35	32	32	39	11	56	55	47	14	44	42	72	35	52	38	18	41	96	18	92	41	7	10	56	32	54	8	80	4	33	1	9	5	-1	29	95	59	13	69	44	78	62	98	
54	85	44	40	1	80	20	64	38	21	48	92	6	34	2	92	61	13	42	25	40	99	97	24	38	57	99	50	56	40	58	95	2	1	71	83	58	28	58	5	55	86	46	86	15	27	86	11	44	19	75	62	29	68	95	80	11	41	81	49	44	73	65	33	27	58	22	22	77	19	13	88	82	79	13	97	4	49	57	36	88	34	45	55	85	43	54	26	7	28	29	-1	70	64	26	42	32	86	93	94	
4	58	81	4	48	36	42	79	46	91	38	56	72	77	91	59	26	39	54	46	47	73	14	81	25	87	36	90	61	61	24	87	82	13	3	93	44	79	55	40	50	26	27	22	76	52	87	16	99	99	38	72	51	8	12	59	49	40	68	65	29	12	13	50	8	69	55	20	52	62	2	23	75	45	49	78	75	38	40	82	2	91	58	23	89	98	33	49	34	32	95	70	-1	88	71	59	14	2	1	13	
61	92	70	13	56	30	17	65	58	86	26	40	31	54	90	59	15	37	61	67	19	44	40	20	85	97	29	25	29	100	8	24	73	37	14	53	19	7	66	5	44	65	4	6	83	88	53	41	92	40	74	29	40	81	25	95	83	56	65	33	100	2	65	34	33	3	42	13	38	16	23	70	68	87	99	16	61	8	53	20	95	47	5	43	88	21	12	49	24	49	59	64	88	-1	40	47	9	47	57	65	
4	78	80	96	95	69	10	25	89	50	35	17	18	51	70	50	61	26	98	82	44	66	61	55	12	62	70	34	90	30	96	7	28	82	52	27	31	66	89	57	73	49	9	42	16	44	22	15	22	36	93	14	67	12	10	72	51	12	6	69	79	86	89	23	90	83	72	54	30	37	44	87	16	81	61	74	81	8	57	43	10	3	98	13	77	40	29	25	35	81	13	26	71	40	-1	21	75	84	69	51	
56	81	59	32	11	82	77	46	67	52	7	72	57	68	1	22	82	35	18	47	99	28	14	68	33	76	55	61	53	36	9	12	36	79	41	41	9	41	61	67	2	53	26	95	1	20	44	60	87	28	4	88	77	83	21	48	34	77	68	50	12	55	59	9	53	68	75	57	49	21	84	62	80	47	25	86	79	12	34	52	2	87	38	15	71	34	96	54	47	77	69	42	59	47	21	-1	65	96	100	27	
6	80	37	35	31	24	52	84	51	38	93	64	6	10	33	85	84	85	68	44	53	6	98	49	32	52	82	51	69	21	45	47	73	95	36	3	89	33	62	83	86	53	39	39	80	22	55	13	99	27	85	44	50	28	8	10	75	88	35	80	35	13	88	93	45	9	46	37	98	87	32	3	10	17	96	53	20	26	67	75	76	95	13	49	2	93	14	87	56	17	44	32	14	9	75	65	-1	83	82	46	
92	61	86	23	28	76	95	77	76	82	11	67	5	39	79	65	67	34	5	47	32	66	48	70	31	54	25	90	14	45	5	20	92	30	1	13	98	76	81	87	86	3	80	25	74	38	91	42	10	49	15	85	38	84	77	50	95	29	13	35	55	11	32	25	94	44	67	47	70	54	52	13	72	100	52	53	30	81	5	91	16	92	33	21	7	55	17	73	72	17	78	86	2	47	84	96	83	-1	61	34	
34	41	99	6	88	40	78	33	57	39	5	12	9	24	39	37	57	36	20	53	42	47	80	46	72	39	85	59	84	65	48	87	82	35	67	26	1	71	40	14	96	26	55	78	4	90	33	20	42	36	66	22	24	12	86	13	31	35	64	14	81	30	35	91	74	24	46	42	57	6	41	84	64	64	42	41	14	86	40	47	20	9	4	41	38	56	21	84	27	33	62	93	1	57	69	100	82	61	-1	95	
40	87	47	74	8	79	93	1	44	98	85	50	27	64	79	43	2	100	58	64	60	72	82	39	33	65	23	85	97	40	69	87	64	18	58	82	80	74	58	22	60	69	43	25	5	52	34	76	77	99	7	42	41	65	77	76	62	48	93	75	84	29	34	40	93	33	85	40	28	50	89	73	49	37	4	85	46	20	59	63	3	80	7	89	27	54	36	48	77	88	98	94	13	65	51	27	46	34	95	-1	
