100
-1	3	69	95	42	57	87	74	60	38	71	76	65	14	46	77	3	20	8	45	59	85	84	11	48	6	83	79	19	60	17	62	34	59	72	30	23	89	78	29	23	16	25	83	3	77	92	4	93	10	1	90	53	42	45	47	78	59	68	93	99	32	90	31	11	49	81	43	65	80	4	1	64	49	46	50	59	69	51	76	78	85	96	98	40	85	37	47	24	43	73	8	94	10	96	21	67	5	32	27	
3	-1	19	94	64	19	46	11	12	10	37	10	95	78	99	51	69	92	64	80	92	34	32	88	1	7	10	28	55	97	39	71	76	46	86	63	92	42	58	53	17	99	50	84	27	18	56	27	47	45	11	89	46	98	5	5	41	15	37	88	91	10	58	11	23	3	41	15	58	15	19	78	46	60	57	39	24	27	79	17	52	29	15	10	71	44	76	22	1	95	3	21	63	73	84	33	63	11	72	78	
69	19	-1	71	45	41	8	99	46	27	59	66	93	26	6	50	95	83	2	42	6	72	83	13	20	82	58	5	17	41	65	9	25	79	49	39	90	1	42	32	16	42	24	33	65	48	28	98	31	40	24	5	40	13	12	89	70	32	65	79	35	10	15	97	70	71	50	41	34	66	96	53	3	60	14	76	79	61	64	71	71	85	70	6	94	19	85	64	64	48	37	90	78	38	7	74	82	71	74	31	
95	94	71	-1	91	68	70	25	46	21	10	85	62	74	50	67	84	94	31	97	70	35	58	96	63	75	70	46	84	30	50	18	68	47	46	91	90	99	44	61	26	72	54	82	99	22	31	100	49	92	31	100	67	64	35	23	34	68	56	86	82	52	62	51	76	76	88	46	89	48	50	29	67	41	92	64	34	37	69	72	84	77	58	74	67	11	40	74	86	91	23	60	94	70	49	86	31	49	90	20	
42	64	45	91	-1	4	94	33	85	96	100	98	27	29	48	46	5	17	32	100	42	14	71	9	28	2	24	31	14	100	72	65	87	61	34	38	77	71	49	19	1	49	98	14	71	79	74	88	39	81	10	77	5	78	100	27	23	71	88	68	1	99	44	80	6	6	76	54	48	21	50	21	72	36	97	15	67	62	63	73	4	52	49	77	95	12	50	64	9	24	18	58	77	52	32	76	15	40	34	21	
57	19	41	68	4	-1	3	38	32	32	11	74	4	4	88	83	96	91	15	9	28	85	16	67	38	1	95	98	59	26	66	43	80	87	37	86	76	90	44	67	88	58	86	90	36	55	78	5	44	52	3	76	71	83	7	48	3	75	41	73	33	90	63	11	54	32	49	34	83	47	48	76	72	25	49	45	23	39	17	13	39	79	25	83	83	88	46	18	49	96	59	32	78	71	66	20	88	71	51	84	
87	46	8	70	94	3	-1	14	7	58	88	6	71	8	50	72	92	53	50	46	80	21	32	11	49	43	95	41	66	17	36	38	90	9	95	41	88	91	45	5	50	56	20	65	86	86	15	68	82	6	17	20	39	82	67	79	12	83	59	38	96	98	84	71	29	29	80	34	79	72	29	4	56	60	43	58	5	33	60	42	77	31	5	45	64	26	41	60	27	50	43	28	14	43	85	15	6	1	78	14	
74	11	99	25	33	38	14	-1	52	20	59	72	73	24	22	52	83	79	15	2	9	89	63	1	39	15	45	1	69	67	75	27	63	12	54	82	3	3	50	93	39	77	32	12	45	70	44	11	90	9	45	68	78	72	31	97	32	6	12	30	49	92	34	80	73	49	44	98	70	45	47	75	80	4	15	9	49	58	86	60	41	63	97	37	48	48	36	68	95	35	50	52	13	55	61	90	51	54	87	1	
60	12	46	46	85	32	7	52	-1	54	49	10	61	67	53	21	53	27	54	84	18	4	32	16	20	84	85	67	78	28	30	38	50	36	85	87	26	21	10	18	38	99	97	39	46	76	24	66	54	88	57	29	33	27	61	97	37	44	86	35	20	80	3	97	84	58	86	1	15	91	23	82	70	53	45	89	18	96	8	41	60	41	66	74	45	42	83	34	21	61	92	73	13	45	85	90	62	19	94	79	
38	10	27	21	96	32	58	20	54	-1	81	49	51	94	36	24	23	8	62	97	47	79	65	24	58	22	95	30	48	31	15	92	83	76	6	41	29	86	33	59	16	92	8	100	71	83	16	24	58	33	25	37	67	87	79	75	41	74	46	85	92	37	75	32	71	57	41	94	7	61	28	50	97	64	41	30	14	12	6	61	81	92	11	82	53	9	50	32	27	49	58	52	41	36	34	36	40	60	24	82	
71	37	59	10	100	11	88	59	49	81	-1	11	66	52	28	17	80	23	44	66	90	47	75	29	4	93	22	36	71	76	33	31	28	20	59	6	55	3	30	45	12	55	99	17	57	92	29	28	16	22	91	61	28	86	6	6	46	98	55	74	95	63	13	38	46	15	15	82	95	38	37	8	37	92	55	24	68	44	21	82	67	35	5	24	15	88	94	55	18	18	99	73	53	66	71	5	96	87	78	54	
76	10	66	85	98	74	6	72	10	49	11	-1	63	76	76	23	12	61	73	50	36	48	41	35	58	53	72	99	79	91	44	54	75	74	21	94	54	14	77	86	98	9	22	58	76	60	37	19	41	77	60	65	75	93	51	14	33	64	18	82	23	82	58	49	33	13	33	85	82	82	62	45	91	48	37	49	21	82	7	63	16	85	74	26	73	74	52	80	31	49	29	89	56	54	5	93	65	11	35	46	
65	95	93	62	27	4	71	73	61	51	66	63	-1	24	90	22	48	76	100	61	41	31	78	2	57	87	92	18	76	22	35	41	69	76	83	99	23	93	53	54	74	99	72	70	97	48	2	57	25	40	54	49	24	6	93	74	7	65	34	80	13	25	97	48	81	21	6	6	5	95	62	40	48	54	29	69	77	92	31	95	50	96	97	37	19	93	54	7	54	80	39	96	87	22	91	67	56	10	83	13	
14	78	26	74	29	4	8	24	67	94	52	76	24	-1	79	57	77	58	75	43	73	9	47	65	96	65	61	84	41	9	58	77	98	81	46	52	32	18	67	30	61	29	33	6	73	28	41	20	10	78	86	97	97	15	87	26	30	25	2	31	27	100	65	49	4	13	63	31	32	47	9	41	64	89	93	66	100	11	39	28	14	27	14	45	48	63	61	97	76	4	55	53	25	60	80	42	32	81	89	18	
46	99	6	50	48	88	50	22	53	36	28	76	90	79	-1	88	97	57	50	63	77	52	5	12	2	72	36	21	37	63	99	70	77	57	14	58	58	66	95	34	56	66	31	54	98	47	44	6	37	39	30	70	16	58	28	90	25	66	37	73	99	5	34	71	98	46	18	8	48	25	89	43	69	4	29	51	9	94	90	24	12	2	24	9	62	35	95	73	20	27	98	92	79	16	46	84	12	54	93	71	
77	51	50	67	46	83	72	52	21	24	17	23	22	57	88	-1	92	86	94	42	61	62	92	18	24	90	67	10	52	83	53	13	39	38	25	94	39	48	96	77	100	43	56	40	92	59	26	6	84	42	55	46	45	60	47	27	85	35	41	18	70	38	8	29	67	97	62	51	55	44	46	41	22	99	44	27	91	26	82	45	6	20	11	63	49	74	98	95	34	61	68	74	95	7	27	14	34	74	39	67	
3	69	95	84	5	96	92	83	53	23	80	12	48	77	97	92	-1	86	17	37	70	70	73	9	98	12	7	32	69	16	22	59	34	50	95	23	81	45	39	97	26	2	86	79	2	61	2	48	95	33	85	100	34	98	50	12	68	38	5	53	68	65	14	51	58	74	40	3	61	25	75	64	84	50	54	82	8	62	53	68	81	81	57	72	77	31	57	37	77	71	13	96	13	69	69	30	27	30	73	65	
20	92	83	94	17	91	53	79	27	8	23	61	76	58	57	86	86	-1	83	10	79	100	54	81	48	92	21	58	66	8	100	28	25	33	90	21	89	23	61	26	8	22	81	11	27	64	66	43	82	6	80	72	32	22	72	86	52	4	79	97	82	96	24	24	37	34	41	57	9	2	85	67	20	99	34	77	100	79	26	16	7	1	23	46	13	41	96	37	10	23	97	28	18	51	50	99	25	68	42	57	
8	64	2	31	32	15	50	15	54	62	44	73	100	75	50	94	17	83	-1	86	63	77	9	65	98	7	46	4	88	51	72	39	60	33	70	80	58	52	22	14	24	31	65	20	17	36	99	8	2	86	7	24	86	55	14	49	68	49	98	86	98	82	17	28	71	5	43	19	96	91	77	43	28	22	54	40	31	5	87	59	77	40	21	31	6	69	61	26	96	87	13	3	6	54	2	68	32	15	66	55	
45	80	42	97	100	9	46	2	84	97	66	50	61	43	63	42	37	10	86	-1	72	26	58	67	91	17	42	36	49	6	39	38	72	88	53	82	16	62	11	42	47	57	36	43	99	31	31	80	72	15	69	52	58	31	97	68	48	44	4	98	22	49	83	21	80	18	14	59	3	7	38	91	88	75	77	2	55	2	52	4	6	6	17	74	49	8	46	87	72	39	86	56	55	73	59	76	61	71	52	44	
59	92	6	70	42	28	80	9	18	47	90	36	41	73	77	61	70	79	63	72	-1	40	2	3	90	32	38	45	76	42	89	1	63	11	27	74	89	34	57	5	52	42	87	95	72	47	79	95	54	18	95	46	58	27	77	78	74	94	81	16	96	54	39	26	3	82	3	5	68	56	1	23	38	47	16	7	83	51	94	27	25	96	48	10	57	19	88	55	33	67	56	31	68	72	93	91	22	49	28	32	
85	34	72	35	14	85	21	89	4	79	47	48	31	9	52	62	70	100	77	26	40	-1	52	16	60	62	15	82	32	62	92	78	74	47	15	78	68	87	100	64	85	39	41	51	60	28	62	71	89	76	5	48	16	21	21	41	50	71	65	84	17	32	9	33	71	91	69	25	6	53	49	100	14	16	95	49	64	49	55	48	26	45	56	60	23	94	87	12	80	79	61	60	70	21	8	8	98	15	82	100	
84	32	83	58	71	16	32	63	32	65	75	41	78	47	5	92	73	54	9	58	2	52	-1	91	84	38	20	83	24	75	78	52	60	58	26	64	42	30	37	79	45	34	5	57	28	95	63	96	1	38	18	30	20	40	12	25	20	100	11	26	49	17	89	89	35	89	83	92	28	9	38	98	28	49	83	77	80	10	17	13	72	83	40	67	56	13	40	94	2	43	82	41	25	40	79	14	9	30	87	57	
11	88	13	96	9	67	11	1	16	24	29	35	2	65	12	18	9	81	65	67	3	16	91	-1	77	19	100	35	69	22	66	37	78	72	53	87	6	63	37	74	60	58	37	94	68	39	100	20	3	22	47	47	14	38	67	39	83	45	94	59	23	47	68	23	45	31	44	58	36	33	66	10	13	19	35	64	23	35	55	81	15	21	6	53	85	37	75	11	84	91	37	49	74	53	90	90	23	24	69	77	
48	1	20	63	28	38	49	39	20	58	4	58	57	96	2	24	98	48	98	91	90	60	84	77	-1	92	87	38	27	13	92	33	56	4	45	95	6	40	18	4	38	88	55	82	72	6	12	52	61	46	40	27	79	67	43	81	44	43	87	90	42	42	25	8	34	13	19	25	38	12	13	32	25	86	24	89	18	51	18	68	100	87	43	61	64	81	32	75	35	18	34	18	62	95	89	43	71	52	46	9	
6	7	82	75	2	1	43	15	84	22	93	53	87	65	72	90	12	92	7	17	32	62	38	19	92	-1	14	10	61	87	43	79	43	51	74	9	39	57	8	17	35	100	16	21	18	52	3	79	96	5	59	52	73	63	54	87	49	98	1	94	68	8	38	27	17	17	23	15	24	94	16	84	25	45	28	87	87	88	46	56	76	60	66	72	53	67	79	52	90	5	23	76	60	40	61	27	18	54	13	89	
83	10	58	70	24	95	95	45	85	95	22	72	92	61	36	67	7	21	46	42	38	15	20	100	87	14	-1	41	100	89	72	59	16	27	67	41	66	43	12	88	82	10	1	57	24	23	78	63	61	36	81	50	70	12	5	26	27	85	31	46	66	45	61	49	60	97	93	69	74	47	3	38	28	79	62	1	50	72	60	38	95	93	19	38	59	72	86	85	52	41	57	15	25	75	32	17	13	18	50	14	
79	28	5	46	31	98	41	1	67	30	36	99	18	84	21	10	32	58	4	36	45	82	83	35	38	10	41	-1	46	92	24	11	45	57	63	52	64	61	64	81	87	1	79	76	7	92	62	78	72	80	67	7	84	83	95	49	5	35	36	6	15	57	65	91	70	57	28	100	91	95	85	68	76	36	69	35	89	9	26	27	88	27	41	39	24	86	31	71	18	83	96	59	32	63	17	66	66	50	97	51	
19	55	17	84	14	59	66	69	78	48	71	79	76	41	37	52	69	66	88	49	76	32	24	69	27	61	100	46	-1	2	100	15	41	95	99	78	8	53	65	32	86	87	36	11	43	1	43	49	41	64	26	31	43	78	45	36	59	18	5	23	34	70	39	82	10	27	17	8	75	24	86	38	47	54	54	21	11	42	94	23	59	40	93	15	44	16	15	42	32	2	84	44	96	78	25	78	29	20	14	49	
60	97	41	30	100	26	17	67	28	31	76	91	22	9	63	83	16	8	51	6	42	62	75	22	13	87	89	92	2	-1	100	30	72	94	40	92	93	68	79	83	88	31	91	37	71	14	6	44	97	23	47	53	45	45	39	83	44	59	12	44	11	35	67	10	69	90	64	30	58	26	10	69	20	12	76	36	8	2	23	39	92	100	73	60	40	95	81	80	35	17	84	89	87	84	48	41	35	45	86	87	
17	39	65	50	72	66	36	75	30	15	33	44	35	58	99	53	22	100	72	39	89	92	78	66	92	43	72	24	100	100	-1	48	56	17	16	30	37	85	41	17	5	10	80	15	55	77	6	83	44	63	10	71	41	100	39	82	95	66	43	5	7	79	8	23	67	68	84	3	48	27	15	69	98	98	91	91	73	37	96	16	58	81	17	14	49	26	3	1	20	34	7	28	95	83	93	76	49	15	35	33	
62	71	9	18	65	43	38	27	38	92	31	54	41	77	70	13	59	28	39	38	1	78	52	37	33	79	59	11	15	30	48	-1	12	86	11	32	5	12	34	86	71	59	93	43	19	11	84	95	98	56	76	75	86	80	65	95	59	78	1	86	8	98	44	63	69	74	4	66	98	24	46	18	31	56	50	26	25	89	40	30	5	59	16	96	79	24	94	42	78	76	45	69	99	76	57	10	51	78	95	64	
34	76	25	68	87	80	90	63	50	83	28	75	69	98	77	39	34	25	60	72	63	74	60	78	56	43	16	45	41	72	56	12	-1	64	93	6	79	98	12	11	95	54	98	16	8	56	39	100	84	58	2	74	85	100	96	100	30	93	63	26	72	94	56	76	41	77	69	64	71	89	11	11	2	36	79	89	100	1	4	66	56	35	1	60	17	5	91	95	4	76	57	49	24	30	30	62	46	21	14	44	
59	46	79	47	61	87	9	12	36	76	20	74	76	81	57	38	50	33	33	88	11	47	58	72	4	51	27	57	95	94	17	86	64	-1	44	47	77	42	29	82	92	38	18	23	98	74	55	6	34	13	41	38	85	86	23	51	43	91	19	59	97	57	86	98	85	15	94	15	1	54	54	84	81	20	91	69	100	76	54	12	29	72	42	41	6	80	75	2	61	30	87	78	56	26	29	57	54	17	87	7	
72	86	49	46	34	37	95	54	85	6	59	21	83	46	14	25	95	90	70	53	27	15	26	53	45	74	67	63	99	40	16	11	93	44	-1	76	84	16	86	78	31	86	53	59	79	52	79	70	78	79	91	82	49	49	61	2	82	6	17	41	89	39	34	45	61	45	62	39	99	84	76	34	6	19	90	31	47	9	80	93	51	24	96	80	50	92	12	44	3	64	5	90	89	77	9	6	36	59	56	51	
30	63	39	91	38	86	41	82	87	41	6	94	99	52	58	94	23	21	80	82	74	78	64	87	95	9	41	52	78	92	30	32	6	47	76	-1	53	49	98	23	90	50	56	4	73	17	39	85	14	29	65	69	35	13	19	53	24	23	71	13	63	94	15	100	5	38	29	55	22	35	4	67	34	52	63	38	37	25	29	56	67	87	36	57	43	15	62	46	49	97	41	84	35	6	30	48	37	97	85	90	
23	92	90	90	77	76	88	3	26	29	55	54	23	32	58	39	81	89	58	16	89	68	42	6	6	39	66	64	8	93	37	5	79	77	84	53	-1	11	62	34	11	31	40	87	28	74	80	4	100	16	73	83	52	71	30	37	27	59	42	41	52	55	90	84	86	76	32	32	99	12	7	9	86	44	75	4	39	81	54	66	34	6	3	40	66	42	18	89	19	38	20	61	68	30	17	19	42	69	51	38	
89	42	1	99	71	90	91	3	21	86	3	14	93	18	66	48	45	23	52	62	34	87	30	63	40	57	43	61	53	68	85	12	98	42	16	49	11	-1	31	8	13	63	10	82	96	54	75	9	52	1	57	28	10	81	47	1	68	44	36	81	81	27	86	90	87	33	92	76	39	7	2	8	80	81	53	56	87	77	40	67	69	79	59	8	96	73	14	52	63	12	72	21	13	62	60	92	93	97	99	62	
78	58	42	44	49	44	45	50	10	33	30	77	53	67	95	96	39	61	22	11	57	100	37	37	18	8	12	64	65	79	41	34	12	29	86	98	62	31	-1	59	39	32	75	41	100	72	91	76	13	42	90	97	15	46	46	20	16	56	86	47	51	44	33	14	86	87	11	58	38	85	67	19	71	44	34	19	98	43	79	72	99	60	67	89	40	47	87	75	77	65	55	93	3	56	66	34	86	27	52	98	
29	53	32	61	19	67	5	93	18	59	45	86	54	30	34	77	97	26	14	42	5	64	79	74	4	17	88	81	32	83	17	86	11	82	78	23	34	8	59	-1	98	16	34	40	65	32	28	2	9	30	55	58	5	76	14	91	72	42	14	3	58	33	69	36	22	31	75	96	84	16	74	94	96	85	20	17	91	58	62	71	47	49	32	30	1	72	2	82	74	31	85	59	54	59	57	68	14	47	57	1	
23	17	16	26	1	88	50	39	38	16	12	98	74	61	56	100	26	8	24	47	52	85	45	60	38	35	82	87	86	88	5	71	95	92	31	90	11	13	39	98	-1	63	53	62	17	72	67	85	62	75	87	96	1	10	35	89	65	53	5	27	31	58	2	29	76	29	45	78	50	34	62	16	96	75	12	23	3	14	96	96	28	51	23	49	64	73	45	87	46	31	63	43	72	52	26	52	93	80	93	10	
16	99	42	72	49	58	56	77	99	92	55	9	99	29	66	43	2	22	31	57	42	39	34	58	88	100	10	1	87	31	10	59	54	38	86	50	31	63	32	16	63	-1	65	17	29	63	41	36	3	22	80	90	50	29	46	77	37	29	61	100	55	89	73	65	73	91	96	100	32	66	66	1	44	57	25	17	16	15	4	63	3	83	9	20	70	33	60	51	39	2	82	67	93	68	87	89	1	10	60	30	
25	50	24	54	98	86	20	32	97	8	99	22	72	33	31	56	86	81	65	36	87	41	5	37	55	16	1	79	36	91	80	93	98	18	53	56	40	10	75	34	53	65	-1	64	27	95	53	42	80	74	33	79	67	34	34	60	17	73	36	76	32	27	32	71	25	86	98	75	36	75	98	13	22	46	15	90	58	25	28	67	99	13	49	58	16	90	98	61	61	20	91	44	89	10	43	18	45	22	1	68	
83	84	33	82	14	90	65	12	39	100	17	58	70	6	54	40	79	11	20	43	95	51	57	94	82	21	57	76	11	37	15	43	16	23	59	4	87	82	41	40	62	17	64	-1	80	69	56	10	75	100	81	94	27	43	19	66	89	41	65	48	37	76	68	92	78	59	79	38	9	57	46	96	32	100	100	62	93	45	91	100	10	62	65	84	79	17	16	96	82	83	93	98	79	9	86	79	17	61	85	73	
3	27	65	99	71	36	86	45	46	71	57	76	97	73	98	92	2	27	17	99	72	60	28	68	72	18	24	7	43	71	55	19	8	98	79	73	28	96	100	65	17	29	27	80	-1	71	21	28	92	14	95	35	63	10	92	31	58	59	31	60	15	26	92	8	77	4	26	65	76	94	48	97	15	89	23	38	82	28	4	13	100	80	76	26	100	40	77	36	66	73	3	100	36	59	23	52	69	100	86	62	
77	18	48	22	79	55	86	70	76	83	92	60	48	28	47	59	61	64	36	31	47	28	95	39	6	52	23	92	1	14	77	11	56	74	52	17	74	54	72	32	72	63	95	69	71	-1	2	45	65	78	32	59	39	48	89	71	21	89	78	70	69	9	52	98	9	30	2	65	70	7	43	7	14	35	68	45	71	74	84	68	45	36	29	19	63	45	70	69	25	44	91	19	100	73	57	9	79	37	55	38	
92	56	28	31	74	78	15	44	24	16	29	37	2	41	44	26	2	66	99	31	79	62	63	100	12	3	78	62	43	6	6	84	39	55	79	39	80	75	91	28	67	41	53	56	21	2	-1	16	83	88	9	10	8	5	65	22	82	17	40	15	10	44	80	79	39	17	30	86	95	39	83	89	84	97	100	19	49	45	49	22	78	42	42	34	93	50	80	70	11	78	13	47	42	51	14	97	88	45	1	19	
4	27	98	100	88	5	68	11	66	24	28	19	57	20	6	6	48	43	8	80	95	71	96	20	52	79	63	78	49	44	83	95	100	6	70	85	4	9	76	2	85	36	42	10	28	45	16	-1	28	58	12	14	59	49	12	9	54	64	17	64	27	62	25	90	73	5	67	43	67	71	10	94	3	91	86	55	35	55	39	12	28	88	44	85	31	73	21	6	73	7	15	8	45	29	51	59	32	15	62	66	
93	47	31	49	39	44	82	90	54	58	16	41	25	10	37	84	95	82	2	72	54	89	1	3	61	96	61	72	41	97	44	98	84	34	78	14	100	52	13	9	62	3	80	75	92	65	83	28	-1	12	80	64	51	29	80	12	88	36	35	71	38	44	40	75	6	82	81	14	77	60	71	75	56	98	69	52	63	17	56	20	86	80	13	47	26	24	66	4	25	62	93	70	76	90	91	26	39	10	5	16	
10	45	40	92	81	52	6	9	88	33	22	77	40	78	39	42	33	6	86	15	18	76	38	22	46	5	36	80	64	23	63	56	58	13	79	29	16	1	42	30	75	22	74	100	14	78	88	58	12	-1	2	32	93	84	31	65	2	3	77	46	7	26	51	97	29	38	35	24	100	28	89	3	21	11	86	48	25	40	14	62	100	94	74	10	75	22	90	10	30	84	46	30	90	51	34	66	6	57	79	29	
1	11	24	31	10	3	17	45	57	25	91	60	54	86	30	55	85	80	7	69	95	5	18	47	40	59	81	67	26	47	10	76	2	41	91	65	73	57	90	55	87	80	33	81	95	32	9	12	80	2	-1	40	43	64	30	99	15	73	96	62	19	82	30	3	57	60	77	89	27	12	77	43	85	64	18	55	92	70	38	78	1	97	71	44	95	30	63	94	6	84	84	90	20	28	93	42	84	76	80	17	
90	89	5	100	77	76	20	68	29	37	61	65	49	97	70	46	100	72	24	52	46	48	30	47	27	52	50	7	31	53	71	75	74	38	82	69	83	28	97	58	96	90	79	94	35	59	10	14	64	32	40	-1	24	9	26	87	67	34	84	27	36	55	19	30	70	78	50	41	92	28	34	27	83	79	50	100	61	95	13	61	100	47	37	1	32	53	69	20	1	40	41	34	28	13	24	34	7	16	98	95	
53	46	40	67	5	71	39	78	33	67	28	75	24	97	16	45	34	32	86	58	58	16	20	14	79	73	70	84	43	45	41	86	85	85	49	35	52	10	15	5	1	50	67	27	63	39	8	59	51	93	43	24	-1	32	61	32	2	18	31	76	21	82	87	97	92	65	8	27	94	25	77	63	95	29	11	97	71	36	33	53	81	61	57	43	9	64	94	51	79	29	23	69	17	78	73	69	86	50	11	29	
42	98	13	64	78	83	82	72	27	87	86	93	6	15	58	60	98	22	55	31	27	21	40	38	67	63	12	83	78	45	100	80	100	86	49	13	71	81	46	76	10	29	34	43	10	48	5	49	29	84	64	9	32	-1	48	35	8	14	79	3	82	97	72	87	94	22	85	24	89	82	21	3	49	76	37	33	15	69	24	6	47	69	49	31	80	89	87	87	71	15	30	80	74	11	39	30	73	95	8	91	
45	5	12	35	100	7	67	31	61	79	6	51	93	87	28	47	50	72	14	97	77	21	12	67	43	54	5	95	45	39	39	65	96	23	61	19	30	47	46	14	35	46	34	19	92	89	65	12	80	31	30	26	61	48	-1	75	77	37	14	16	40	42	29	47	52	14	42	32	21	39	62	88	18	3	93	48	3	54	28	45	80	45	4	5	21	35	34	27	86	70	92	43	85	12	83	4	22	58	57	13	
47	5	89	23	27	48	79	97	97	75	6	14	74	26	90	27	12	86	49	68	78	41	25	39	81	87	26	49	36	83	82	95	100	51	2	53	37	1	20	91	89	77	60	66	31	71	22	9	12	65	99	87	32	35	75	-1	30	33	32	50	92	91	24	53	32	48	18	5	45	66	42	90	26	6	66	33	3	32	19	72	9	52	39	81	83	70	75	36	46	94	76	27	19	53	41	94	40	60	31	70	
78	41	70	34	23	3	12	32	37	41	46	33	7	30	25	85	68	52	68	48	74	50	20	83	44	49	27	5	59	44	95	59	30	43	82	24	27	68	16	72	65	37	17	89	58	21	82	54	88	2	15	67	2	8	77	30	-1	41	82	31	20	91	8	7	93	54	43	67	41	90	54	14	51	7	28	50	40	42	76	64	94	76	19	31	69	45	58	86	70	71	72	52	52	40	87	16	20	94	54	69	
59	15	32	68	71	75	83	6	44	74	98	64	65	25	66	35	38	4	49	44	94	71	100	45	43	98	85	35	18	59	66	78	93	91	6	23	59	44	56	42	53	29	73	41	59	89	17	64	36	3	73	34	18	14	37	33	41	-1	18	22	29	68	1	30	17	19	97	67	13	12	31	33	66	3	80	81	29	80	79	73	58	4	1	86	41	94	70	46	22	45	29	11	43	96	27	20	88	49	36	23	
68	37	65	56	88	41	59	12	86	46	55	18	34	2	37	41	5	79	98	4	81	65	11	94	87	1	31	36	5	12	43	1	63	19	17	71	42	36	86	14	5	61	36	65	31	78	40	17	35	77	96	84	31	79	14	32	82	18	-1	30	73	2	63	65	88	82	66	15	80	16	46	26	53	79	83	51	48	41	32	75	74	96	19	10	39	69	46	35	61	48	60	3	11	48	38	98	47	96	66	10	
93	88	79	86	68	73	38	30	35	85	74	82	80	31	73	18	53	97	86	98	16	84	26	59	90	94	46	6	23	44	5	86	26	59	41	13	41	81	47	3	27	100	76	48	60	70	15	64	71	46	62	27	76	3	16	50	31	22	30	-1	63	46	58	1	44	91	9	89	95	83	7	9	93	2	17	71	76	48	70	48	70	53	40	64	25	52	95	43	92	69	96	27	45	76	72	11	87	72	18	42	
99	91	35	82	1	33	96	49	20	92	95	23	13	27	99	70	68	82	98	22	96	17	49	23	42	68	66	15	34	11	7	8	72	97	89	63	52	81	51	58	31	55	32	37	15	69	10	27	38	7	19	36	21	82	40	92	20	29	73	63	-1	90	19	23	56	93	96	29	82	60	95	62	57	10	68	81	93	60	78	68	53	62	77	52	2	49	94	90	87	50	50	48	24	30	50	32	20	59	81	59	
32	10	10	52	99	90	98	92	80	37	63	82	25	100	5	38	65	96	82	49	54	32	17	47	42	8	45	57	70	35	79	98	94	57	39	94	55	27	44	33	58	89	27	76	26	9	44	62	44	26	82	55	82	97	42	91	91	68	2	46	90	-1	19	86	18	48	28	9	68	9	93	99	35	27	48	54	25	14	86	8	64	39	31	52	82	22	93	51	23	18	72	66	93	95	45	55	74	62	97	20	
90	58	15	62	44	63	84	34	3	75	13	58	97	65	34	8	14	24	17	83	39	9	89	68	25	38	61	65	39	67	8	44	56	86	34	15	90	86	33	69	2	73	32	68	92	52	80	25	40	51	30	19	87	72	29	24	8	1	63	58	19	19	-1	89	38	21	99	74	38	20	87	43	42	21	25	63	52	45	42	87	8	34	32	62	65	53	79	29	5	46	43	58	30	2	83	99	63	53	59	27	
31	11	97	51	80	11	71	80	97	32	38	49	48	49	71	29	51	24	28	21	26	33	89	23	8	27	49	91	82	10	23	63	76	98	45	100	84	90	14	36	29	65	71	92	8	98	79	90	75	97	3	30	97	87	47	53	7	30	65	1	23	86	89	-1	35	60	38	62	16	97	81	46	19	70	24	77	25	83	58	39	21	79	54	11	9	88	65	82	14	85	33	91	92	17	16	35	81	34	74	67	
11	23	70	76	6	54	29	73	84	71	46	33	81	4	98	67	58	37	71	80	3	71	35	45	34	17	60	70	10	69	67	69	41	85	61	5	86	87	86	22	76	73	25	78	77	9	39	73	6	29	57	70	92	94	52	32	93	17	88	44	56	18	38	35	-1	28	31	27	78	37	50	57	28	7	60	52	3	66	94	70	61	75	64	45	35	9	92	91	21	17	61	18	53	7	40	88	76	86	19	92	
49	3	71	76	6	32	29	49	58	57	15	13	21	13	46	97	74	34	5	18	82	91	89	31	13	17	97	57	27	90	68	74	77	15	45	38	76	33	87	31	29	91	86	59	4	30	17	5	82	38	60	78	65	22	14	48	54	19	82	91	93	48	21	60	28	-1	70	98	64	61	9	5	9	51	77	17	53	64	59	83	13	80	47	71	37	4	71	14	88	84	45	43	83	95	100	15	49	43	10	95	
81	41	50	88	76	49	80	44	86	41	15	33	6	63	18	62	40	41	43	14	3	69	83	44	19	23	93	28	17	64	84	4	69	94	62	29	32	92	11	75	45	96	98	79	26	2	30	67	81	35	77	50	8	85	42	18	43	97	66	9	96	28	99	38	31	70	-1	30	45	51	51	21	26	33	16	42	63	80	2	1	10	1	59	5	77	55	7	20	74	87	52	35	36	11	53	92	22	66	50	66	
43	15	41	46	54	34	34	98	1	94	82	85	6	31	8	51	3	57	19	59	5	25	92	58	25	15	69	100	8	30	3	66	64	15	39	55	32	76	58	96	78	100	75	38	65	65	86	43	14	24	89	41	27	24	32	5	67	67	15	89	29	9	74	62	27	98	30	-1	9	47	94	49	26	20	9	19	20	60	10	74	11	82	63	83	74	44	32	95	90	4	26	72	39	46	25	73	42	51	20	61	
65	58	34	89	48	83	79	70	15	7	95	82	5	32	48	55	61	9	96	3	68	6	28	36	38	24	74	91	75	58	48	98	71	1	99	22	99	39	38	84	50	32	36	9	76	70	95	67	77	100	27	92	94	89	21	45	41	13	80	95	82	68	38	16	78	64	45	9	-1	76	16	60	57	71	33	6	13	10	99	72	70	1	60	74	97	10	6	45	78	73	91	93	73	59	64	100	72	29	52	94	
80	15	66	48	21	47	72	45	91	61	38	82	95	47	25	44	25	2	91	7	56	53	9	33	12	94	47	95	24	26	27	24	89	54	84	35	12	7	85	16	34	66	75	57	94	7	39	71	60	28	12	28	25	82	39	66	90	12	16	83	60	9	20	97	37	61	51	47	76	-1	43	95	74	66	1	24	76	17	20	66	90	33	75	43	46	44	73	97	6	19	12	74	29	77	87	9	25	64	53	79	
4	19	96	50	50	48	29	47	23	28	37	62	62	9	89	46	75	85	77	38	1	49	38	66	13	16	3	85	86	10	15	46	11	54	76	4	7	2	67	74	62	66	98	46	48	43	83	10	71	89	77	34	77	21	62	42	54	31	46	7	95	93	87	81	50	9	51	94	16	43	-1	5	27	40	69	97	4	89	21	66	16	8	12	52	87	97	3	65	30	40	68	99	36	3	15	73	2	34	56	46	
1	78	53	29	21	76	4	75	82	50	8	45	40	41	43	41	64	67	43	91	23	100	98	10	32	84	38	68	38	69	69	18	11	84	34	67	9	8	19	94	16	1	13	96	97	7	89	94	75	3	43	27	63	3	88	90	14	33	26	9	62	99	43	46	57	5	21	49	60	95	5	-1	55	68	27	90	70	15	63	26	19	80	39	98	77	12	27	37	12	98	21	83	14	2	83	6	65	1	92	55	
64	46	3	67	72	72	56	80	70	97	37	91	48	64	69	22	84	20	28	88	38	14	28	13	25	25	28	76	47	20	98	31	2	81	6	34	86	80	71	96	96	44	22	32	15	14	84	3	56	21	85	83	95	49	18	26	51	66	53	93	57	35	42	19	28	9	26	26	57	74	27	55	-1	61	34	93	42	56	21	54	32	45	6	61	24	37	23	62	44	7	41	83	22	67	61	47	83	17	59	53	
49	60	60	41	36	25	60	4	53	64	92	48	54	89	4	99	50	99	22	75	47	16	49	19	86	45	79	36	54	12	98	56	36	20	19	52	44	81	44	85	75	57	46	100	89	35	97	91	98	11	64	79	29	76	3	6	7	3	79	2	10	27	21	70	7	51	33	20	71	66	40	68	61	-1	5	59	47	10	55	40	47	3	53	66	3	12	99	67	83	74	87	99	82	13	25	41	72	10	45	92	
46	57	14	92	97	49	43	15	45	41	55	37	29	93	29	44	54	34	54	77	16	95	83	35	24	28	62	69	54	76	91	50	79	91	90	63	75	53	34	20	12	25	15	100	23	68	100	86	69	86	18	50	11	37	93	66	28	80	83	17	68	48	25	24	60	77	16	9	33	1	69	27	34	5	-1	85	34	22	23	86	19	6	48	69	81	98	60	100	27	16	71	91	24	37	88	55	3	4	62	13	
50	39	76	64	15	45	58	9	89	30	24	49	69	66	51	27	82	77	40	2	7	49	77	64	89	87	1	35	21	36	91	26	89	69	31	38	4	56	19	17	23	17	90	62	38	45	19	55	52	48	55	100	97	33	48	33	50	81	51	71	81	54	63	77	52	17	42	19	6	24	97	90	93	59	85	-1	61	32	21	14	93	9	10	23	49	2	81	25	77	13	14	79	24	51	10	91	65	62	34	17	
59	24	79	34	67	23	5	49	18	14	68	21	77	100	9	91	8	100	31	55	83	64	80	23	18	87	50	89	11	8	73	25	100	100	47	37	39	87	98	91	3	16	58	93	82	71	49	35	63	25	92	61	71	15	3	3	40	29	48	76	93	25	52	25	3	53	63	20	13	76	4	70	42	47	34	61	-1	58	40	88	33	39	26	1	20	42	9	14	22	75	71	63	51	25	6	5	22	46	88	23	
69	27	61	37	62	39	33	58	96	12	44	82	92	11	94	26	62	79	5	2	51	49	10	35	51	88	72	9	42	2	37	89	1	76	9	25	81	77	43	58	14	15	25	45	28	74	45	55	17	40	70	95	36	69	54	32	42	80	41	48	60	14	45	83	66	64	80	60	10	17	89	15	56	10	22	32	58	-1	9	64	26	40	54	36	51	67	65	55	43	50	31	62	65	35	98	3	8	88	79	90	
51	79	64	69	63	17	60	86	8	6	21	7	31	39	90	82	53	26	87	52	94	55	17	55	18	46	60	26	94	23	96	40	4	54	80	29	54	40	79	62	96	4	28	91	4	84	49	39	56	14	38	13	33	24	28	19	76	79	32	70	78	86	42	58	94	59	2	10	99	20	21	63	21	55	23	21	40	9	-1	93	38	29	41	90	45	94	38	61	53	14	36	16	36	62	21	3	2	3	31	31	
76	17	71	72	73	13	42	60	41	61	82	63	95	28	24	45	68	16	59	4	27	48	13	81	68	56	38	27	23	39	16	30	66	12	93	56	66	67	72	71	96	63	67	100	13	68	22	12	20	62	78	61	53	6	45	72	64	73	75	48	68	8	87	39	70	83	1	74	72	66	66	26	54	40	86	14	88	64	93	-1	89	67	50	94	70	25	64	58	79	40	30	90	71	68	83	95	11	93	86	83	
78	52	71	84	4	39	77	41	60	81	67	16	50	14	12	6	81	7	77	6	25	26	72	15	100	76	95	88	59	92	58	5	56	29	51	67	34	69	99	47	28	3	99	10	100	45	78	28	86	100	1	100	81	47	80	9	94	58	74	70	53	64	8	21	61	13	10	11	70	90	16	19	32	47	19	93	33	26	38	89	-1	99	31	81	88	48	19	55	67	83	22	5	59	82	95	61	15	25	67	54	
85	29	85	77	52	79	31	63	41	92	35	85	96	27	2	20	81	1	40	6	96	45	83	21	87	60	93	27	40	100	81	59	35	72	24	87	6	79	60	49	51	83	13	62	80	36	42	88	80	94	97	47	61	69	45	52	76	4	96	53	62	39	34	79	75	80	1	82	1	33	8	80	45	3	6	9	39	40	29	67	99	-1	34	19	98	8	43	50	37	7	68	85	6	18	39	41	88	78	26	94	
96	15	70	58	49	25	5	97	66	11	5	74	97	14	24	11	57	23	21	17	48	56	40	6	43	66	19	41	93	73	17	16	1	42	96	36	3	59	67	32	23	9	49	65	76	29	42	44	13	74	71	37	57	49	4	39	19	1	19	40	77	31	32	54	64	47	59	63	60	75	12	39	6	53	48	10	26	54	41	50	31	34	-1	4	99	86	38	31	74	35	74	37	51	59	68	9	41	25	8	49	
98	10	6	74	77	83	45	37	74	82	24	26	37	45	9	63	72	46	31	74	10	60	67	53	61	72	38	39	15	60	14	96	60	41	80	57	40	8	89	30	49	20	58	84	26	19	34	85	47	10	44	1	43	31	5	81	31	86	10	64	52	52	62	11	45	71	5	83	74	43	52	98	61	66	69	23	1	36	90	94	81	19	4	-1	100	59	43	57	14	69	10	95	81	4	35	61	84	87	52	31	
40	71	94	67	95	83	64	48	45	53	15	73	19	48	62	49	77	13	6	49	57	23	56	85	64	53	59	24	44	40	49	79	17	6	50	43	66	96	40	1	64	70	16	79	100	63	93	31	26	75	95	32	9	80	21	83	69	41	39	25	2	82	65	9	35	37	77	74	97	46	87	77	24	3	81	49	20	51	45	70	88	98	99	100	-1	4	1	75	62	73	39	9	22	65	83	19	91	68	26	43	
85	44	19	11	12	88	26	48	42	9	88	74	93	63	35	74	31	41	69	8	19	94	13	37	81	67	72	86	16	95	26	24	5	80	92	15	42	73	47	72	73	33	90	17	40	45	50	73	24	22	30	53	64	89	35	70	45	94	69	52	49	22	53	88	9	4	55	44	10	44	97	12	37	12	98	2	42	67	94	25	48	8	86	59	4	-1	25	33	74	67	29	12	2	61	86	16	86	93	18	63	
37	76	85	40	50	46	41	36	83	50	94	52	54	61	95	98	57	96	61	46	88	87	40	75	32	79	86	31	15	81	3	94	91	75	12	62	18	14	87	2	45	60	98	16	77	70	80	21	66	90	63	69	94	87	34	75	58	70	46	95	94	93	79	65	92	71	7	32	6	73	3	27	23	99	60	81	9	65	38	64	19	43	38	43	1	25	-1	74	72	82	79	42	54	95	15	100	31	45	39	73	
47	22	64	74	64	18	60	68	34	32	55	80	7	97	73	95	37	37	26	87	55	12	94	11	75	52	85	71	42	80	1	42	95	2	44	46	89	52	75	82	87	51	61	96	36	69	70	6	4	10	94	20	51	87	27	36	86	46	35	43	90	51	29	82	91	14	20	95	45	97	65	37	62	67	100	25	14	55	61	58	55	50	31	57	75	33	74	-1	42	36	84	81	86	26	59	84	88	84	12	20	
24	1	64	86	9	49	27	95	21	27	18	31	54	76	20	34	77	10	96	72	33	80	2	84	35	90	52	18	32	35	20	78	4	61	3	49	19	63	77	74	46	39	61	82	66	25	11	73	25	30	6	1	79	71	86	46	70	22	61	92	87	23	5	14	21	88	74	90	78	6	30	12	44	83	27	77	22	43	53	79	67	37	74	14	62	74	72	42	-1	16	44	18	49	71	74	82	71	65	78	23	
43	95	48	91	24	96	50	35	61	49	18	49	80	4	27	61	71	23	87	39	67	79	43	91	18	5	41	83	2	17	34	76	76	30	64	97	38	12	65	31	31	2	20	83	73	44	78	7	62	84	84	40	29	15	70	94	71	45	48	69	50	18	46	85	17	84	87	4	73	19	40	98	7	74	16	13	75	50	14	40	83	7	35	69	73	67	82	36	16	-1	8	16	2	16	57	81	40	96	44	21	
73	3	37	23	18	59	43	50	92	58	99	29	39	55	98	68	13	97	13	86	56	61	82	37	34	23	57	96	84	84	7	45	57	87	5	41	20	72	55	85	63	82	91	93	3	91	13	15	93	46	84	41	23	30	92	76	72	29	60	96	50	72	43	33	61	45	52	26	91	12	68	21	41	87	71	14	71	31	36	30	22	68	74	10	39	29	79	84	44	8	-1	26	13	10	34	91	28	18	55	65	
8	21	90	60	58	32	28	52	73	52	73	89	96	53	92	74	96	28	3	56	31	60	41	49	18	76	15	59	44	89	28	69	49	78	90	84	61	21	93	59	43	67	44	98	100	19	47	8	70	30	90	34	69	80	43	27	52	11	3	27	48	66	58	91	18	43	35	72	93	74	99	83	83	99	91	79	63	62	16	90	5	85	37	95	9	12	42	81	18	16	26	-1	71	15	14	37	12	90	77	71	
94	63	78	94	77	78	14	13	13	41	53	56	87	25	79	95	13	18	6	55	68	70	25	74	62	60	25	32	96	87	95	99	24	56	89	35	68	13	3	54	72	93	89	79	36	100	42	45	76	90	20	28	17	74	85	19	52	43	11	45	24	93	30	92	53	83	36	39	73	29	36	14	22	82	24	24	51	65	36	71	59	6	51	81	22	2	54	86	49	2	13	71	-1	53	3	11	75	57	16	15	
10	73	38	70	52	71	43	55	45	36	66	54	22	60	16	7	69	51	54	73	72	21	40	53	95	40	75	63	78	84	83	76	30	26	77	6	30	62	56	59	52	68	10	9	59	73	51	29	90	51	28	13	78	11	12	53	40	96	48	76	30	95	2	17	7	95	11	46	59	77	3	2	67	13	37	51	25	35	62	68	82	18	59	4	65	61	95	26	71	16	10	15	53	-1	34	67	94	33	9	88	
96	84	7	49	32	66	85	61	85	34	71	5	91	80	46	27	69	50	2	59	93	8	79	90	89	61	32	17	25	48	93	57	30	29	9	30	17	60	66	57	26	87	43	86	23	57	14	51	91	34	93	24	73	39	83	41	87	27	38	72	50	45	83	16	40	100	53	25	64	87	15	83	61	25	88	10	6	98	21	83	95	39	68	35	83	86	15	59	74	57	34	14	3	34	-1	5	20	87	17	14	
21	33	74	86	76	20	15	90	90	36	5	93	67	42	84	14	30	99	68	76	91	8	14	90	43	27	17	66	78	41	76	10	62	57	6	48	19	92	34	68	52	89	18	79	52	9	97	59	26	66	42	34	69	30	4	94	16	20	98	11	32	55	99	35	88	15	92	73	100	9	73	6	47	41	55	91	5	3	3	95	61	41	9	61	19	16	100	84	82	81	91	37	11	67	5	-1	16	93	70	59	
67	63	82	31	15	88	6	51	62	40	96	65	56	32	12	34	27	25	32	61	22	98	9	23	71	18	13	66	29	35	49	51	46	54	36	37	42	93	86	14	93	1	45	17	69	79	88	32	39	6	84	7	86	73	22	40	20	88	47	87	20	74	63	81	76	49	22	42	72	25	2	65	83	72	3	65	22	8	2	11	15	88	41	84	91	86	31	88	71	40	28	12	75	94	20	16	-1	32	39	16	
5	11	71	49	40	71	1	54	19	60	87	11	10	81	54	74	30	68	15	71	49	15	30	24	52	54	18	50	20	45	15	78	21	17	59	97	69	97	27	47	80	10	22	61	100	37	45	15	10	57	76	16	50	95	58	60	94	49	96	72	59	62	53	34	86	43	66	51	29	64	34	1	17	10	4	62	46	88	3	93	25	78	25	87	68	93	45	84	65	96	18	90	57	33	87	93	32	-1	93	31	
32	72	74	90	34	51	78	87	94	24	78	35	83	89	93	39	73	42	66	52	28	82	87	69	46	13	50	97	14	86	35	95	14	87	56	85	51	99	52	57	93	60	1	85	86	55	1	62	5	79	80	98	11	8	57	31	54	36	66	18	81	97	59	74	19	10	50	20	52	53	56	92	59	45	62	34	88	79	31	86	67	26	8	52	26	18	39	12	78	44	55	77	16	9	17	70	39	93	-1	37	
27	78	31	20	21	84	14	1	79	82	54	46	13	18	71	67	65	57	55	44	32	100	57	77	9	89	14	51	49	87	33	64	44	7	51	90	38	62	98	1	10	30	68	73	62	38	19	66	16	29	17	95	29	91	13	70	69	23	10	42	59	20	27	67	92	95	66	61	94	79	46	55	53	92	13	17	23	90	31	83	54	94	49	31	43	63	73	20	23	21	65	71	15	88	14	59	16	31	37	-1	
