100
-1	74	64	99	31	62	40	54	64	65	56	92	5	68	4	61	93	89	58	51	8	3	36	90	12	45	91	68	23	84	40	39	83	39	92	9	67	98	69	2	43	14	3	36	73	25	62	67	32	60	6	46	93	17	96	18	28	70	91	21	89	19	83	74	20	67	49	27	6	96	15	99	10	69	65	13	55	83	20	93	74	60	70	81	29	44	63	22	57	84	62	5	97	68	30	76	97	43	79	22	
74	-1	70	94	84	85	66	45	79	45	18	65	39	73	66	67	76	85	98	11	48	60	86	52	4	47	23	91	66	45	27	7	82	12	93	72	59	100	19	87	8	67	84	64	94	9	93	81	71	64	26	51	7	23	41	62	78	54	66	53	22	18	1	90	91	98	100	87	4	17	9	94	76	94	27	51	37	4	12	99	67	80	66	7	8	63	80	25	39	52	76	26	71	61	6	49	29	97	35	99	
64	70	-1	24	6	79	59	3	92	40	100	33	22	13	5	37	71	54	60	96	4	64	46	71	16	91	89	67	7	69	64	16	39	26	75	6	4	14	94	70	44	39	27	56	31	56	38	48	95	45	65	30	29	96	16	86	66	68	31	8	89	87	1	69	6	57	28	78	48	62	6	20	46	24	57	61	95	7	31	96	22	85	87	11	92	10	52	25	74	50	43	70	69	24	91	95	93	63	73	81	
99	94	24	-1	4	79	56	58	10	47	22	77	78	100	75	70	74	32	30	54	44	12	98	55	96	35	30	71	13	84	52	66	80	1	67	70	42	21	31	15	100	15	25	50	8	73	47	56	54	39	69	15	2	11	49	73	32	37	64	13	47	39	57	14	26	79	41	73	25	16	8	19	24	89	47	99	81	64	54	69	14	74	25	98	12	87	29	2	70	29	96	40	1	96	73	68	77	61	36	35	
31	84	6	4	-1	52	27	22	90	10	82	40	92	57	17	89	46	22	25	89	52	91	52	51	30	74	99	51	70	34	68	25	15	56	27	64	7	21	87	30	13	98	91	30	38	96	46	4	61	94	100	62	36	51	94	87	69	64	23	56	5	38	3	24	40	71	12	44	89	95	100	83	31	49	71	20	92	23	2	74	9	62	62	15	87	73	32	28	96	36	29	84	56	36	85	43	86	14	6	36	
62	85	79	79	52	-1	90	34	6	87	53	33	61	84	23	28	36	100	83	74	24	65	55	99	59	27	14	7	100	14	80	22	38	9	61	89	15	10	32	2	13	3	77	39	16	71	41	1	5	5	69	94	22	99	66	7	67	28	87	3	5	99	76	15	81	75	65	85	100	71	50	55	100	21	1	40	85	4	4	64	1	38	18	34	76	47	60	39	56	93	44	6	32	30	92	39	80	85	63	4	
40	66	59	56	27	90	-1	76	6	17	21	17	53	81	54	32	11	80	39	20	2	71	23	94	42	51	5	58	17	4	42	89	76	48	47	29	38	10	99	45	1	59	56	50	98	35	51	9	66	79	44	25	94	2	3	3	30	37	43	44	78	83	57	4	77	17	57	61	59	58	7	25	88	43	52	51	53	77	50	51	11	63	65	21	66	42	35	16	95	89	95	88	81	94	74	92	16	42	22	16	
54	45	3	58	22	34	76	-1	63	24	10	57	72	45	29	82	98	50	14	20	66	31	89	45	29	19	28	1	60	60	64	100	89	40	68	86	14	84	58	97	87	79	74	69	29	26	76	70	8	23	97	90	24	32	96	38	83	90	36	78	58	77	22	57	19	57	65	74	66	77	50	82	62	63	81	5	14	17	47	46	47	27	94	26	85	57	2	79	53	38	1	19	29	16	37	10	50	6	68	32	
64	79	92	10	90	6	6	63	-1	45	3	44	17	9	73	29	1	84	35	60	43	4	54	53	79	20	10	91	15	55	43	78	84	52	94	45	81	15	9	1	84	94	90	90	51	4	68	96	40	74	34	33	1	59	25	70	19	13	39	7	29	28	77	70	84	47	41	82	88	37	21	32	78	98	4	66	3	82	36	12	63	25	52	84	60	15	22	57	68	86	37	98	10	69	9	99	88	75	35	44	
65	45	40	47	10	87	17	24	45	-1	61	1	51	17	45	49	63	18	63	68	26	88	62	84	36	27	95	65	24	74	4	100	75	8	14	98	71	64	12	72	60	67	57	11	77	88	42	46	94	25	54	77	49	84	49	40	79	80	88	60	100	65	89	58	70	81	1	26	17	85	64	13	15	79	11	62	98	97	5	61	2	26	39	18	77	40	56	57	16	22	89	9	52	86	40	38	80	93	3	89	
56	18	100	22	82	53	21	10	3	61	-1	37	94	99	15	76	13	58	11	46	45	30	12	70	35	83	86	10	16	34	2	31	65	51	44	7	81	92	24	48	53	83	44	10	75	99	1	63	63	1	65	82	46	24	16	26	91	54	70	77	52	89	55	85	21	30	88	21	39	67	73	87	67	47	11	45	24	26	36	9	22	82	29	57	97	25	4	43	2	87	81	33	36	11	66	13	1	85	21	79	
92	65	33	77	40	33	17	57	44	1	37	-1	98	7	85	95	9	65	61	12	21	65	24	25	87	79	26	20	79	15	78	4	72	28	88	31	40	13	60	31	84	46	80	60	80	41	99	11	85	82	27	77	30	88	44	31	48	72	41	81	54	67	46	5	73	51	19	81	17	22	4	3	75	11	29	4	19	85	96	51	65	41	28	68	28	50	49	64	99	79	46	78	100	5	61	54	9	69	89	94	
5	39	22	78	92	61	53	72	17	51	94	98	-1	37	60	4	66	83	49	83	80	5	39	63	47	51	60	45	72	9	65	98	31	27	19	72	11	75	40	47	68	16	2	39	3	17	61	72	39	48	100	55	19	68	90	61	40	81	21	14	5	82	95	60	92	91	83	7	38	25	70	67	46	63	2	68	6	26	50	97	14	42	4	77	77	62	16	57	82	22	49	62	11	40	89	74	80	77	32	64	
68	73	13	100	57	84	81	45	9	17	99	7	37	-1	85	73	81	29	60	16	57	65	94	78	3	75	36	38	72	72	11	50	39	64	35	6	100	6	31	90	19	25	73	8	26	11	67	59	42	79	99	8	62	9	55	7	84	5	52	70	54	88	64	16	12	30	77	1	2	53	64	19	73	32	98	36	1	44	97	38	77	35	58	40	46	37	38	91	9	68	95	7	32	98	16	56	31	78	59	3	
4	66	5	75	17	23	54	29	73	45	15	85	60	85	-1	87	35	6	69	94	28	88	13	24	41	82	84	62	93	49	6	9	9	81	28	45	43	71	54	63	98	67	82	51	73	82	44	54	78	81	91	79	17	57	55	68	49	54	16	96	54	57	4	51	44	95	97	17	23	34	41	34	7	54	22	46	54	53	84	8	60	42	56	44	74	64	14	10	98	45	70	61	93	49	96	79	82	41	58	1	
61	67	37	70	89	28	32	82	29	49	76	95	4	73	87	-1	71	79	2	75	70	68	88	42	34	28	87	57	49	33	18	89	52	46	38	60	8	80	67	27	27	33	44	3	25	81	55	25	28	19	36	48	18	98	40	52	96	39	13	9	10	64	8	6	10	49	8	34	97	10	37	83	12	34	7	65	94	70	80	5	74	37	7	55	80	59	18	8	5	63	54	80	95	69	78	67	81	67	70	50	
93	76	71	74	46	36	11	98	1	63	13	9	66	81	35	71	-1	30	84	65	37	79	83	77	82	72	61	5	40	92	33	74	30	4	31	14	30	92	91	3	17	43	47	60	35	72	72	5	62	6	8	83	20	33	24	46	38	93	29	90	88	10	52	71	13	29	86	69	89	66	87	50	74	22	59	2	91	64	10	22	64	38	88	72	81	17	81	38	21	89	14	7	55	66	13	89	14	51	93	69	
89	85	54	32	22	100	80	50	84	18	58	65	83	29	6	79	30	-1	78	11	32	85	41	58	87	32	3	44	11	99	46	41	56	62	21	20	87	73	54	77	52	8	2	65	16	88	80	92	79	88	9	46	81	62	43	28	85	67	91	77	47	46	9	77	2	99	62	66	89	75	67	1	72	65	44	58	73	28	58	29	36	76	46	72	2	3	7	7	61	97	99	63	100	69	84	2	84	9	45	90	
58	98	60	30	25	83	39	14	35	63	11	61	49	60	69	2	84	78	-1	12	96	54	60	97	99	83	35	5	98	1	1	49	39	9	56	76	94	3	89	18	35	50	13	64	78	77	33	18	38	65	32	87	56	84	47	47	76	69	56	47	56	97	29	65	91	2	79	26	89	29	26	92	74	93	44	15	76	26	42	78	76	4	41	98	7	60	41	3	45	79	30	12	91	37	100	24	70	80	25	88	
51	11	96	54	89	74	20	20	60	68	46	12	83	16	94	75	65	11	12	-1	71	90	31	75	20	28	15	67	71	76	88	6	33	60	41	33	33	88	83	72	43	5	33	54	55	19	20	30	55	56	53	42	56	30	4	92	99	75	23	86	30	39	24	1	64	58	91	65	51	10	68	58	48	95	84	11	73	37	53	16	78	94	63	81	28	25	100	58	49	42	76	43	27	99	29	28	77	2	32	73	
8	48	4	44	52	24	2	66	43	26	45	21	80	57	28	70	37	32	96	71	-1	7	7	17	26	94	13	76	27	59	60	56	74	87	78	96	9	67	91	72	53	60	85	85	27	61	7	68	6	92	20	72	49	51	63	6	3	24	78	76	28	35	60	73	22	78	12	100	72	53	75	23	17	3	19	38	65	100	53	32	23	81	59	30	66	61	94	70	41	2	31	25	16	47	45	75	78	63	83	62	
3	60	64	12	91	65	71	31	4	88	30	65	5	65	88	68	79	85	54	90	7	-1	64	34	34	50	19	61	9	96	1	44	95	6	24	28	84	98	71	83	56	1	25	71	32	70	39	49	55	55	85	34	36	79	24	86	92	8	22	8	7	95	19	26	30	26	15	37	84	41	24	96	76	16	30	25	57	68	55	88	73	32	15	3	35	54	32	21	41	42	83	91	53	10	52	76	22	55	2	24	
36	86	46	98	52	55	23	89	54	62	12	24	39	94	13	88	83	41	60	31	7	64	-1	28	35	98	7	48	55	64	39	6	15	2	75	16	79	1	94	28	64	85	15	45	20	57	78	70	90	43	23	38	14	81	89	47	59	8	62	2	14	91	5	30	78	27	92	68	32	6	47	51	93	54	9	3	33	56	17	72	58	12	100	52	82	43	49	16	34	50	100	74	79	8	95	35	37	59	18	21	
90	52	71	55	51	99	94	45	53	84	70	25	63	78	24	42	77	58	97	75	17	34	28	-1	42	51	55	59	32	56	77	84	66	56	8	21	15	60	97	70	92	76	98	34	23	28	61	70	33	70	33	11	10	1	29	67	93	86	20	62	13	85	61	65	58	30	64	70	29	94	43	69	3	28	86	54	27	95	85	29	74	30	56	71	86	37	69	1	55	25	32	54	77	15	95	15	42	73	11	91	
12	4	16	96	30	59	42	29	79	36	35	87	47	3	41	34	82	87	99	20	26	34	35	42	-1	47	6	31	65	100	76	7	16	89	46	44	94	31	66	50	42	68	59	46	56	89	76	25	84	4	65	89	85	69	14	30	71	54	61	52	73	87	91	39	76	63	22	6	82	87	52	20	46	94	76	68	68	82	73	21	19	13	64	41	54	56	7	81	24	77	70	61	83	63	5	8	46	34	74	43	
45	47	91	35	74	27	51	19	20	27	83	79	51	75	82	28	72	32	83	28	94	50	98	51	47	-1	73	14	92	83	49	76	3	76	41	7	46	86	49	1	87	89	9	71	2	41	80	85	57	52	49	16	79	92	89	72	98	56	23	82	49	37	12	71	69	40	51	67	23	38	80	68	50	68	3	5	11	32	20	17	23	76	32	24	3	14	59	81	70	11	87	41	46	36	75	39	48	65	10	84	
91	23	89	30	99	14	5	28	10	95	86	26	60	36	84	87	61	3	35	15	13	19	7	55	6	73	-1	18	8	73	57	54	10	96	78	72	64	16	90	15	89	28	56	28	81	90	40	75	41	27	7	6	42	38	83	58	56	29	74	17	80	76	52	38	15	16	31	19	91	92	59	21	43	5	7	63	15	75	70	12	47	69	49	74	37	81	12	31	47	97	42	27	81	89	42	58	47	58	96	16	
68	91	67	71	51	7	58	1	91	65	10	20	45	38	62	57	5	44	5	67	76	61	48	59	31	14	18	-1	87	87	21	77	58	62	27	50	23	89	98	57	23	14	94	96	15	39	9	37	7	98	16	53	93	32	27	42	70	92	96	49	71	34	80	32	50	41	88	24	57	98	93	63	3	98	95	76	58	5	67	98	37	92	51	94	43	12	10	71	80	88	76	8	15	81	79	77	35	16	59	82	
23	66	7	13	70	100	17	60	15	24	16	79	72	72	93	49	40	11	98	71	27	9	55	32	65	92	8	87	-1	21	48	63	29	78	92	92	44	25	19	81	46	68	70	56	42	44	55	72	96	5	19	76	4	34	96	70	81	97	32	60	47	99	12	23	31	11	6	20	30	60	77	92	87	99	98	67	21	54	7	64	18	5	29	55	78	66	3	15	58	16	73	70	71	60	46	98	94	96	18	32	
84	45	69	84	34	14	4	60	55	74	34	15	9	72	49	33	92	99	1	76	59	96	64	56	100	83	73	87	21	-1	53	87	27	80	43	96	74	6	80	46	100	15	79	40	30	65	1	26	42	44	70	72	54	61	70	86	58	19	80	24	41	11	34	82	4	28	13	18	3	92	30	80	56	25	37	3	41	83	1	14	8	97	53	46	1	95	17	74	44	55	4	87	63	62	48	1	98	32	6	29	
40	27	64	52	68	80	42	64	43	4	2	78	65	11	6	18	33	46	1	88	60	1	39	77	76	49	57	21	48	53	-1	57	95	11	97	78	69	92	16	79	9	74	11	82	55	22	12	100	22	51	8	51	53	19	9	68	45	3	16	15	62	77	57	43	48	92	83	25	95	55	37	68	98	5	11	100	41	5	84	48	82	36	17	84	98	27	78	83	47	31	83	16	23	26	94	79	70	32	43	42	
39	7	16	66	25	22	89	100	78	100	31	4	98	50	9	89	74	41	49	6	56	44	6	84	7	76	54	77	63	87	57	-1	61	82	20	68	99	9	63	82	84	74	36	9	12	33	11	31	17	75	82	33	76	33	71	16	34	29	64	43	73	91	98	29	60	9	87	39	52	31	27	36	52	45	10	82	99	61	88	32	11	20	9	18	34	28	66	49	81	11	27	88	27	54	51	70	35	80	56	81	
83	82	39	80	15	38	76	89	84	75	65	72	31	39	9	52	30	56	39	33	74	95	15	66	16	3	10	58	29	27	95	61	-1	47	73	48	21	56	47	13	73	60	72	23	15	20	60	79	70	10	4	37	1	96	71	39	2	90	100	17	68	60	88	81	29	11	5	84	86	13	20	16	20	31	75	7	95	59	13	8	25	55	42	1	81	52	54	57	13	78	5	66	17	87	69	13	20	82	87	76	
39	12	26	1	56	9	48	40	52	8	51	28	27	64	81	46	4	62	9	60	87	6	2	56	89	76	96	62	78	80	11	82	47	-1	63	46	14	61	68	7	77	50	41	17	3	49	59	38	17	56	13	25	50	31	44	32	6	45	59	77	69	36	98	97	73	17	40	24	91	83	61	9	10	75	37	57	97	16	11	26	97	52	13	34	97	86	65	51	98	54	91	62	14	30	39	79	49	78	89	83	
92	93	75	67	27	61	47	68	94	14	44	88	19	35	28	38	31	21	56	41	78	24	75	8	46	41	78	27	92	43	97	20	73	63	-1	94	18	51	12	70	22	27	84	11	26	62	1	15	19	45	40	71	39	6	25	77	4	96	17	39	11	58	77	27	14	70	70	40	2	90	17	14	79	3	73	5	60	96	43	98	3	96	42	98	40	40	95	27	93	80	22	29	27	5	98	13	31	94	73	60	
9	72	6	70	64	89	29	86	45	98	7	31	72	6	45	60	14	20	76	33	96	28	16	21	44	7	72	50	92	96	78	68	48	46	94	-1	3	65	16	61	82	13	77	48	28	97	85	98	67	71	81	48	75	74	35	33	100	66	67	6	22	34	71	9	48	62	53	62	53	37	24	24	51	20	88	22	80	89	55	100	55	30	4	1	26	18	5	38	85	29	45	13	76	70	51	46	33	26	78	98	
67	59	4	42	7	15	38	14	81	71	81	40	11	100	43	8	30	87	94	33	9	84	79	15	94	46	64	23	44	74	69	99	21	14	18	3	-1	52	34	77	42	22	81	37	90	91	27	100	46	27	85	68	15	7	86	21	15	25	66	95	95	97	73	15	81	70	58	91	69	96	88	76	19	79	100	100	21	4	76	61	43	23	68	69	96	1	95	26	27	42	93	27	14	66	70	99	33	59	49	73	
98	100	14	21	21	10	10	84	15	64	92	13	75	6	71	80	92	73	3	88	67	98	1	60	31	86	16	89	25	6	92	9	56	61	51	65	52	-1	82	18	34	73	51	54	37	23	65	29	100	1	56	3	30	42	91	84	98	52	6	13	77	57	9	85	31	94	18	84	77	83	25	44	42	11	99	96	3	27	17	41	67	41	15	7	77	99	93	4	16	88	72	94	44	10	64	99	90	84	76	41	
69	19	94	31	87	32	99	58	9	12	24	60	40	31	54	67	91	54	89	83	91	71	94	97	66	49	90	98	19	80	16	63	47	68	12	16	34	82	-1	8	86	99	4	22	59	82	3	100	75	18	12	49	61	43	23	99	58	41	37	44	82	10	58	68	54	8	81	88	11	12	10	59	18	11	24	83	77	48	88	42	100	83	82	17	28	57	23	41	76	51	27	44	5	67	91	42	60	12	1	33	
2	87	70	15	30	2	45	97	1	72	48	31	47	90	63	27	3	77	18	72	72	83	28	70	50	1	15	57	81	46	79	82	13	7	70	61	77	18	8	-1	37	25	23	2	58	85	30	73	79	74	80	38	49	76	55	85	70	3	27	66	20	83	82	14	50	15	63	50	41	96	65	37	50	76	88	92	27	54	12	76	8	31	57	12	4	69	3	99	36	55	72	60	64	78	42	24	4	59	28	60	
43	8	44	100	13	13	1	87	84	60	53	84	68	19	98	27	17	52	35	43	53	56	64	92	42	87	89	23	46	100	9	84	73	77	22	82	42	34	86	37	-1	52	89	8	15	31	83	34	75	16	97	96	79	58	19	45	7	22	15	95	8	34	85	40	25	52	51	15	79	76	26	20	59	86	66	33	89	15	100	3	81	61	2	5	39	54	99	87	89	2	45	97	100	63	51	100	86	41	67	41	
14	67	39	15	98	3	59	79	94	67	83	46	16	25	67	33	43	8	50	5	60	1	85	76	68	89	28	14	68	15	74	74	60	50	27	13	22	73	99	25	52	-1	86	65	8	54	89	14	43	74	9	95	35	21	59	4	6	58	48	71	26	74	8	48	32	46	98	44	83	37	51	59	28	89	91	96	26	66	76	45	88	66	36	91	62	26	81	91	52	45	38	14	16	48	69	10	62	6	95	57	
3	84	27	25	91	77	56	74	90	57	44	80	2	73	82	44	47	2	13	33	85	25	15	98	59	9	56	94	70	79	11	36	72	41	84	77	81	51	4	23	89	86	-1	33	45	20	73	25	29	8	85	94	67	69	27	74	73	30	74	15	44	35	78	32	17	73	42	50	96	28	37	69	78	56	5	15	74	73	28	83	67	22	35	55	23	100	19	88	27	22	13	22	77	64	98	14	94	57	40	98	
36	64	56	50	30	39	50	69	90	11	10	60	39	8	51	3	60	65	64	54	85	71	45	34	46	71	28	96	56	40	82	9	23	17	11	48	37	54	22	2	8	65	33	-1	58	97	28	93	56	75	16	39	87	13	7	80	65	53	42	46	13	56	18	95	24	14	95	41	15	97	19	47	60	61	15	67	86	71	81	88	74	24	7	9	96	29	99	98	29	93	28	33	65	79	63	6	28	76	1	90	
73	94	31	8	38	16	98	29	51	77	75	80	3	26	73	25	35	16	78	55	27	32	20	23	56	2	81	15	42	30	55	12	15	3	26	28	90	37	59	58	15	8	45	58	-1	61	18	52	54	31	94	32	14	84	68	72	20	91	77	22	91	60	65	71	4	89	34	34	75	91	27	99	73	99	81	34	48	99	95	49	72	24	36	47	1	4	22	18	33	34	72	92	47	57	49	28	7	43	7	31	
25	9	56	73	96	71	35	26	4	88	99	41	17	11	82	81	72	88	77	19	61	70	57	28	89	41	90	39	44	65	22	33	20	49	62	97	91	23	82	85	31	54	20	97	61	-1	29	16	13	45	96	33	73	55	92	65	16	4	84	17	35	7	11	46	58	75	81	33	59	6	64	46	29	82	93	90	13	73	9	82	37	30	20	55	31	52	89	7	25	15	46	59	75	81	92	27	84	6	30	11	
62	93	38	47	46	41	51	76	68	42	1	99	61	67	44	55	72	80	33	20	7	39	78	61	76	80	40	9	55	1	12	11	60	59	1	85	27	65	3	30	83	89	73	28	18	29	-1	80	47	59	35	40	20	94	58	20	12	97	46	51	53	68	23	41	64	71	25	13	22	98	62	11	64	89	45	63	84	27	60	92	84	10	80	72	2	20	42	36	21	29	48	26	91	4	94	85	60	62	99	65	
67	81	48	56	4	1	9	70	96	46	63	11	72	59	54	25	5	92	18	30	68	49	70	70	25	85	75	37	72	26	100	31	79	38	15	98	100	29	100	73	34	14	25	93	52	16	80	-1	6	89	71	68	41	1	81	45	20	93	4	78	13	60	53	63	29	93	4	69	96	7	45	23	24	77	93	56	63	19	61	13	90	46	28	6	87	97	100	96	67	63	31	32	53	6	43	10	77	12	35	30	
32	71	95	54	61	5	66	8	40	94	63	85	39	42	78	28	62	79	38	55	6	55	90	33	84	57	41	7	96	42	22	17	70	17	19	67	46	100	75	79	75	43	29	56	54	13	47	6	-1	24	61	7	86	43	74	6	10	86	89	23	13	67	73	43	57	35	67	12	73	85	81	97	80	12	46	52	92	30	22	64	72	18	15	20	47	77	63	23	79	68	49	46	73	9	55	58	21	77	1	79	
60	64	45	39	94	5	79	23	74	25	1	82	48	79	81	19	6	88	65	56	92	55	43	70	4	52	27	98	5	44	51	75	10	56	45	71	27	1	18	74	16	74	8	75	31	45	59	89	24	-1	16	73	71	22	87	59	3	1	11	75	9	45	11	45	51	86	58	65	25	63	26	38	69	8	84	91	19	47	1	24	15	43	88	39	38	58	53	18	97	59	53	8	11	3	3	66	87	59	55	16	
6	26	65	69	100	69	44	97	34	54	65	27	100	99	91	36	8	9	32	53	20	85	23	33	65	49	7	16	19	70	8	82	4	13	40	81	85	56	12	80	97	9	85	16	94	96	35	71	61	16	-1	83	77	21	84	51	66	95	98	73	49	38	16	51	66	3	32	25	57	14	4	9	72	27	70	40	26	40	96	63	70	97	17	41	51	2	81	23	97	6	21	65	68	9	14	51	55	27	76	24	
46	51	30	15	62	94	25	90	33	77	82	77	55	8	79	48	83	46	87	42	72	34	38	11	89	16	6	53	76	72	51	33	37	25	71	48	68	3	49	38	96	95	94	39	32	33	40	68	7	73	83	-1	4	9	22	14	78	25	73	83	70	81	44	13	35	61	61	44	68	42	29	71	91	37	57	28	76	92	6	46	66	49	30	40	13	16	67	80	23	59	32	76	88	28	42	71	53	79	80	87	
93	7	29	2	36	22	94	24	1	49	46	30	19	62	17	18	20	81	56	56	49	36	14	10	85	79	42	93	4	54	53	76	1	50	39	75	15	30	61	49	79	35	67	87	14	73	20	41	86	71	77	4	-1	76	21	54	81	54	28	82	33	8	3	100	1	71	77	67	52	1	13	28	40	37	65	75	67	30	79	9	96	70	99	49	70	59	18	5	1	9	71	39	1	2	96	62	3	93	35	31	
17	23	96	11	51	99	2	32	59	84	24	88	68	9	57	98	33	62	84	30	51	79	81	1	69	92	38	32	34	61	19	33	96	31	6	74	7	42	43	76	58	21	69	13	84	55	94	1	43	22	21	9	76	-1	89	17	17	49	53	34	58	4	13	18	39	25	9	17	61	81	9	61	19	21	33	91	45	84	27	90	93	19	72	70	6	73	49	4	48	61	75	76	47	57	49	98	48	96	57	38	
96	41	16	49	94	66	3	96	25	49	16	44	90	55	55	40	24	43	47	4	63	24	89	29	14	89	83	27	96	70	9	71	71	44	25	35	86	91	23	55	19	59	27	7	68	92	58	81	74	87	84	22	21	89	-1	84	99	65	30	78	31	15	22	83	10	87	38	19	53	20	54	87	17	86	9	25	61	87	74	24	50	23	24	17	79	84	61	81	64	9	42	16	58	10	37	37	53	1	79	38	
18	62	86	73	87	7	3	38	70	40	26	31	61	7	68	52	46	28	47	92	6	86	47	67	30	72	58	42	70	86	68	16	39	32	77	33	21	84	99	85	45	4	74	80	72	65	20	45	6	59	51	14	54	17	84	-1	100	56	11	35	32	59	10	10	28	31	88	1	40	27	75	28	93	30	94	48	47	90	77	97	44	43	20	47	56	34	77	46	94	15	62	52	22	73	82	61	3	50	58	10	
28	78	66	32	69	67	30	83	19	79	91	48	40	84	49	96	38	85	76	99	3	92	59	93	71	98	56	70	81	58	45	34	2	6	4	100	15	98	58	70	7	6	73	65	20	16	12	20	10	3	66	78	81	17	99	100	-1	87	34	31	27	48	28	98	33	25	66	76	80	25	33	71	68	100	93	96	79	52	94	71	66	2	43	36	79	49	41	44	34	62	56	71	71	72	5	79	40	82	47	81	
70	54	68	37	64	28	37	90	13	80	54	72	81	5	54	39	93	67	69	75	24	8	8	86	54	56	29	92	97	19	3	29	90	45	96	66	25	52	41	3	22	58	30	53	91	4	97	93	86	1	95	25	54	49	65	56	87	-1	35	95	60	38	50	76	3	33	40	53	51	22	23	61	65	46	32	55	34	86	15	41	87	77	48	26	17	58	56	9	81	65	64	35	68	53	87	49	26	46	6	30	
91	66	31	64	23	87	43	36	39	88	70	41	21	52	16	13	29	91	56	23	78	22	62	20	61	23	74	96	32	80	16	64	100	59	17	67	66	6	37	27	15	48	74	42	77	84	46	4	89	11	98	73	28	53	30	11	34	35	-1	76	12	53	58	44	51	24	100	52	40	7	77	33	24	49	54	17	12	59	6	62	5	72	19	26	64	64	91	8	97	53	46	81	19	77	98	98	59	94	17	11	
21	53	8	13	56	3	44	78	7	60	77	81	14	70	96	9	90	77	47	86	76	8	2	62	52	82	17	49	60	24	15	43	17	77	39	6	95	13	44	66	95	71	15	46	22	17	51	78	23	75	73	83	82	34	78	35	31	95	76	-1	42	23	62	9	88	72	95	16	91	75	10	32	67	35	47	1	31	21	13	37	12	29	47	44	73	99	24	58	6	55	2	92	81	26	28	76	45	83	10	54	
89	22	89	47	5	5	78	58	29	100	52	54	5	54	54	10	88	47	56	30	28	7	14	13	73	49	80	71	47	41	62	73	68	69	11	22	95	77	82	20	8	26	44	13	91	35	53	13	13	9	49	70	33	58	31	32	27	60	12	42	-1	1	53	5	43	61	65	71	18	35	45	67	79	49	18	73	35	20	11	85	61	64	20	38	70	91	70	14	72	3	15	50	68	60	28	42	21	86	45	38	
19	18	87	39	38	99	83	77	28	65	89	67	82	88	57	64	10	46	97	39	35	95	91	85	87	37	76	34	99	11	77	91	60	36	58	34	97	57	10	83	34	74	35	56	60	7	68	60	67	45	38	81	8	4	15	59	48	38	53	23	1	-1	99	34	50	15	80	98	7	57	90	18	25	41	61	2	39	98	78	57	21	100	51	3	76	60	53	2	22	50	76	13	61	16	94	5	98	22	95	49	
83	1	1	57	3	76	57	22	77	89	55	46	95	64	4	8	52	9	29	24	60	19	5	61	91	12	52	80	12	34	57	98	88	98	77	71	73	9	58	82	85	8	78	18	65	11	23	53	73	11	16	44	3	13	22	10	28	50	58	62	53	99	-1	86	19	31	78	36	87	53	54	32	13	82	16	72	75	73	47	6	71	69	46	41	97	28	76	31	2	15	73	6	99	93	57	81	38	52	23	98	
74	90	69	14	24	15	4	57	70	58	85	5	60	16	51	6	71	77	65	1	73	26	30	65	39	71	38	32	23	82	43	29	81	97	27	9	15	85	68	14	40	48	32	95	71	46	41	63	43	45	51	13	100	18	83	10	98	76	44	9	5	34	86	-1	32	81	21	89	40	72	14	31	67	45	76	84	76	1	55	14	94	71	74	84	44	100	44	78	92	53	10	21	51	100	27	13	19	62	4	36	
20	91	6	26	40	81	77	19	84	70	21	73	92	12	44	10	13	2	91	64	22	30	78	58	76	69	15	50	31	4	48	60	29	73	14	48	81	31	54	50	25	32	17	24	4	58	64	29	57	51	66	35	1	39	10	28	33	3	51	88	43	50	19	32	-1	58	4	17	98	11	51	59	23	87	64	79	21	89	51	75	11	49	83	76	70	57	99	92	73	81	24	81	6	5	63	65	70	4	24	39	
67	98	57	79	71	75	17	57	47	81	30	51	91	30	95	49	29	99	2	58	78	26	27	30	63	40	16	41	11	28	92	9	11	17	70	62	70	94	8	15	52	46	73	14	89	75	71	93	35	86	3	61	71	25	87	31	25	33	24	72	61	15	31	81	58	-1	53	15	87	98	76	79	34	81	62	7	51	75	78	86	28	8	89	59	32	91	75	17	27	21	52	81	56	5	23	6	74	10	31	33	
49	100	28	41	12	65	57	65	41	1	88	19	83	77	97	8	86	62	79	91	12	15	92	64	22	51	31	88	6	13	83	87	5	40	70	53	58	18	81	63	51	98	42	95	34	81	25	4	67	58	32	61	77	9	38	88	66	40	100	95	65	80	78	21	4	53	-1	98	95	28	45	48	41	25	12	72	38	19	42	89	23	68	34	66	23	29	62	45	35	17	84	66	85	31	47	61	9	25	87	99	
27	87	78	73	44	85	61	74	82	26	21	81	7	1	17	34	69	66	26	65	100	37	68	70	6	67	19	24	20	18	25	39	84	24	40	62	91	84	88	50	15	44	50	41	34	33	13	69	12	65	25	44	67	17	19	1	76	53	52	16	71	98	36	89	17	15	98	-1	84	6	72	72	87	81	75	88	28	40	98	52	63	55	93	27	4	80	17	43	59	83	90	56	68	66	4	50	64	7	41	90	
6	4	48	25	89	100	59	66	88	17	39	17	38	2	23	97	89	89	89	51	72	84	32	29	82	23	91	57	30	3	95	52	86	91	2	53	69	77	11	41	79	83	96	15	75	59	22	96	73	25	57	68	52	61	53	40	80	51	40	91	18	7	87	40	98	87	95	84	-1	31	1	5	32	95	60	77	90	5	11	89	32	11	18	88	19	50	72	6	75	45	19	78	70	81	3	8	100	83	9	36	
96	17	62	16	95	71	58	77	37	85	67	22	25	53	34	10	66	75	29	10	53	41	6	94	87	38	92	98	60	92	55	31	13	83	90	37	96	83	12	96	76	37	28	97	91	6	98	7	85	63	14	42	1	81	20	27	25	22	7	75	35	57	53	72	11	98	28	6	31	-1	12	67	12	11	20	61	72	69	7	29	76	80	70	35	13	45	21	77	21	72	63	93	17	8	97	18	87	16	35	58	
15	9	6	8	100	50	7	50	21	64	73	4	70	64	41	37	87	67	26	68	75	24	47	43	52	80	59	93	77	30	37	27	20	61	17	24	88	25	10	65	26	51	37	19	27	64	62	45	81	26	4	29	13	9	54	75	33	23	77	10	45	90	54	14	51	76	45	72	1	12	-1	43	15	51	55	4	15	15	58	49	80	53	29	17	87	33	83	16	29	93	30	11	20	87	87	17	10	68	38	99	
99	94	20	19	83	55	25	82	32	13	87	3	67	19	34	83	50	1	92	58	23	96	51	69	20	68	21	63	92	80	68	36	16	9	14	24	76	44	59	37	20	59	69	47	99	46	11	23	97	38	9	71	28	61	87	28	71	61	33	32	67	18	32	31	59	79	48	72	5	67	43	-1	75	4	65	12	100	10	93	49	100	97	44	13	10	47	27	49	85	21	23	18	15	7	87	29	45	90	60	15	
10	76	46	24	31	100	88	62	78	15	67	75	46	73	7	12	74	72	74	48	17	76	93	3	46	50	43	3	87	56	98	52	20	10	79	51	19	42	18	50	59	28	78	60	73	29	64	24	80	69	72	91	40	19	17	93	68	65	24	67	79	25	13	67	23	34	41	87	32	12	15	75	-1	21	63	65	24	90	85	60	6	84	94	76	51	71	38	92	35	66	25	48	59	43	58	35	72	17	12	29	
69	94	24	89	49	21	43	63	98	79	47	11	63	32	54	34	22	65	93	95	3	16	54	28	94	68	5	98	99	25	5	45	31	75	3	20	79	11	11	76	86	89	56	61	99	82	89	77	12	8	27	37	37	21	86	30	100	46	49	35	49	41	82	45	87	81	25	81	95	11	51	4	21	-1	68	64	40	58	26	20	70	23	85	56	52	83	31	1	93	64	54	60	7	91	74	64	32	17	68	16	
65	27	57	47	71	1	52	81	4	11	11	29	2	98	22	7	59	44	44	84	19	30	9	86	76	3	7	95	98	37	11	10	75	37	73	88	100	99	24	88	66	91	5	15	81	93	45	93	46	84	70	57	65	33	9	94	93	32	54	47	18	61	16	76	64	62	12	75	60	20	55	65	63	68	-1	33	51	10	55	67	97	56	20	69	11	55	61	58	100	37	26	73	54	48	95	74	17	69	18	99	
13	51	61	99	20	40	51	5	66	62	45	4	68	36	46	65	2	58	15	11	38	25	3	54	68	5	63	76	67	3	100	82	7	57	5	22	100	96	83	92	33	96	15	67	34	90	63	56	52	91	40	28	75	91	25	48	96	55	17	1	73	2	72	84	79	7	72	88	77	61	4	12	65	64	33	-1	11	7	30	23	52	4	53	93	48	20	26	44	1	89	46	6	65	86	100	6	52	7	8	11	
55	37	95	81	92	85	53	14	3	98	24	19	6	1	54	94	91	73	76	73	65	57	33	27	68	11	15	58	21	41	41	99	95	97	60	80	21	3	77	27	89	26	74	86	48	13	84	63	92	19	26	76	67	45	61	47	79	34	12	31	35	39	75	76	21	51	38	28	90	72	15	100	24	40	51	11	-1	77	4	82	14	27	46	94	70	74	34	89	34	11	95	25	82	88	10	34	28	83	67	66	
83	4	7	64	23	4	77	17	82	97	26	85	26	44	53	70	64	28	26	37	100	68	56	95	82	32	75	5	54	83	5	61	59	16	96	89	4	27	48	54	15	66	73	71	99	73	27	19	30	47	40	92	30	84	87	90	52	86	59	21	20	98	73	1	89	75	19	40	5	69	15	10	90	58	10	7	77	-1	70	14	31	42	3	99	28	37	22	5	69	80	67	50	71	87	41	14	39	16	78	13	
20	12	31	54	2	4	50	47	36	5	36	96	50	97	84	80	10	58	42	53	53	55	17	85	73	20	70	67	7	1	84	88	13	11	43	55	76	17	88	12	100	76	28	81	95	9	60	61	22	1	96	6	79	27	74	77	94	15	6	13	11	78	47	55	51	78	42	98	11	7	58	93	85	26	55	30	4	70	-1	40	61	5	48	71	86	46	50	29	59	45	68	50	91	52	93	32	70	26	72	93	
93	99	96	69	74	64	51	46	12	61	9	51	97	38	8	5	22	29	78	16	32	88	72	29	21	17	12	98	64	14	48	32	8	26	98	100	61	41	42	76	3	45	83	88	49	82	92	13	64	24	63	46	9	90	24	97	71	41	62	37	85	57	6	14	75	86	89	52	89	29	49	49	60	20	67	23	82	14	40	-1	92	4	46	65	58	91	17	93	52	78	41	72	80	29	21	88	35	38	73	81	
74	67	22	14	9	1	11	47	63	2	22	65	14	77	60	74	64	36	76	78	23	73	58	74	19	23	47	37	18	8	82	11	25	97	3	55	43	67	100	8	81	88	67	74	72	37	84	90	72	15	70	66	96	93	50	44	66	87	5	12	61	21	71	94	11	28	23	63	32	76	80	100	6	70	97	52	14	31	61	92	-1	97	39	21	90	98	65	54	23	22	4	63	53	20	34	68	19	90	28	82	
60	80	85	74	62	38	63	27	25	26	82	41	42	35	42	37	38	76	4	94	81	32	12	30	13	76	69	92	5	97	36	20	55	52	96	30	23	41	83	31	61	66	22	24	24	30	10	46	18	43	97	49	70	19	23	43	2	77	72	29	64	100	69	71	49	8	68	55	11	80	53	97	84	23	56	4	27	42	5	4	97	-1	22	52	70	49	100	59	15	81	58	4	57	26	65	10	29	80	52	84	
70	66	87	25	62	18	65	94	52	39	29	28	4	58	56	7	88	46	41	63	59	15	100	56	64	32	49	51	29	53	17	9	42	13	42	4	68	15	82	57	2	36	35	7	36	20	80	28	15	88	17	30	99	72	24	20	43	48	19	47	20	51	46	74	83	89	34	93	18	70	29	44	94	85	20	53	46	3	48	46	39	22	-1	34	99	72	66	63	11	73	41	15	38	63	56	89	24	100	42	2	
81	7	11	98	15	34	21	26	84	18	57	68	77	40	44	55	72	72	98	81	30	3	52	71	41	24	74	94	55	46	84	18	1	34	98	1	69	7	17	12	5	91	55	9	47	55	72	6	20	39	41	40	49	70	17	47	36	26	26	44	38	3	41	84	76	59	66	27	88	35	17	13	76	56	69	93	94	99	71	65	21	52	34	-1	52	94	34	49	54	34	26	61	12	94	15	47	100	25	44	96	
29	8	92	12	87	76	66	85	60	77	97	28	77	46	74	80	81	2	7	28	66	35	82	86	54	3	37	43	78	1	98	34	81	97	40	26	96	77	28	4	39	62	23	96	1	31	2	87	47	38	51	13	70	6	79	56	79	17	64	73	70	76	97	44	70	32	23	4	19	13	87	10	51	52	11	48	70	28	86	58	90	70	99	52	-1	42	93	29	39	94	1	42	82	9	27	56	37	77	28	18	
44	63	10	87	73	47	42	57	15	40	25	50	62	37	64	59	17	3	60	25	61	54	43	37	56	14	81	12	66	95	27	28	52	86	40	18	1	99	57	69	54	26	100	29	4	52	20	97	77	58	2	16	59	73	84	34	49	58	64	99	91	60	28	100	57	91	29	80	50	45	33	47	71	83	55	20	74	37	46	91	98	49	72	94	42	-1	99	34	2	28	53	10	91	73	61	67	20	91	19	23	
63	80	52	29	32	60	35	2	22	56	4	49	16	38	14	18	81	7	41	100	94	32	49	69	7	59	12	10	3	17	78	66	54	65	95	5	95	93	23	3	99	81	19	99	22	89	42	100	63	53	81	67	18	49	61	77	41	56	91	24	70	53	76	44	99	75	62	17	72	21	83	27	38	31	61	26	34	22	50	17	65	100	66	34	93	99	-1	14	51	98	69	28	100	33	82	5	15	47	2	12	
22	25	25	2	28	39	16	79	57	57	43	64	57	91	10	8	38	7	3	58	70	21	16	1	81	81	31	71	15	74	83	49	57	51	27	38	26	4	41	99	87	91	88	98	18	7	36	96	23	18	23	80	5	4	81	46	44	9	8	58	14	2	31	78	92	17	45	43	6	77	16	49	92	1	58	44	89	5	29	93	54	59	63	49	29	34	14	-1	77	100	20	22	26	32	75	70	90	70	7	88	
57	39	74	70	96	56	95	53	68	16	2	99	82	9	98	5	21	61	45	49	41	41	34	55	24	70	47	80	58	44	47	81	13	98	93	85	27	16	76	36	89	52	27	29	33	25	21	67	79	97	97	23	1	48	64	94	34	81	97	6	72	22	2	92	73	27	35	59	75	21	29	85	35	93	100	1	34	69	59	52	23	15	11	54	39	2	51	77	-1	60	74	27	26	4	71	4	14	80	100	22	
84	52	50	29	36	93	89	38	86	22	87	79	22	68	45	63	89	97	79	42	2	42	50	25	77	11	97	88	16	55	31	11	78	54	80	29	42	88	51	55	2	45	22	93	34	15	29	63	68	59	6	59	9	61	9	15	62	65	53	55	3	50	15	53	81	21	17	83	45	72	93	21	66	64	37	89	11	80	45	78	22	81	73	34	94	28	98	100	60	-1	94	23	4	50	100	62	35	99	90	32	
62	76	43	96	29	44	95	1	37	89	81	46	49	95	70	54	14	99	30	76	31	83	100	32	70	87	42	76	73	4	83	27	5	91	22	45	93	72	27	72	45	38	13	28	72	46	48	31	49	53	21	32	71	75	42	62	56	64	46	2	15	76	73	10	24	52	84	90	19	63	30	23	25	54	26	46	95	67	68	41	4	58	41	26	1	53	69	20	74	94	-1	98	49	17	43	82	23	84	91	9	
5	26	70	40	84	6	88	19	98	9	33	78	62	7	61	80	7	63	12	43	25	91	74	54	61	41	27	8	70	87	16	88	66	62	29	13	27	94	44	60	97	14	22	33	92	59	26	32	46	8	65	76	39	76	16	52	71	35	81	92	50	13	6	21	81	81	66	56	78	93	11	18	48	60	73	6	25	50	50	72	63	4	15	61	42	10	28	22	27	23	98	-1	48	36	3	66	60	69	10	54	
97	71	69	1	56	32	81	29	10	52	36	100	11	32	93	95	55	100	91	27	16	53	79	77	83	46	81	15	71	63	23	27	17	14	27	76	14	44	5	64	100	16	77	65	47	75	91	53	73	11	68	88	1	47	58	22	71	68	19	81	68	61	99	51	6	56	85	68	70	17	20	15	59	7	54	65	82	71	91	80	53	57	38	12	82	91	100	26	26	4	49	48	-1	11	72	84	39	19	11	65	
68	61	24	96	36	30	94	16	69	86	11	5	40	98	49	69	66	69	37	99	47	10	8	15	63	36	89	81	60	62	26	54	87	30	5	70	66	10	67	78	63	48	64	79	57	81	4	6	9	3	9	28	2	57	10	73	72	53	77	26	60	16	93	100	5	5	31	66	81	8	87	7	43	91	48	86	88	87	52	29	20	26	63	94	9	73	33	32	4	50	17	36	11	-1	36	62	27	89	17	18	
30	6	91	73	85	92	74	37	9	40	66	61	89	16	96	78	13	84	100	29	45	52	95	95	5	75	42	79	46	48	94	51	69	39	98	51	70	64	91	42	51	69	98	63	49	92	94	43	55	3	14	42	96	49	37	82	5	87	98	28	28	94	57	27	63	23	47	4	3	97	87	87	58	74	95	100	10	41	93	21	34	65	56	15	27	61	82	75	71	100	43	3	72	36	-1	33	56	12	76	71	
76	49	95	68	43	39	92	10	99	38	13	54	74	56	79	67	89	2	24	28	75	76	35	15	8	39	58	77	98	1	79	70	13	79	13	46	99	99	42	24	100	10	14	6	28	27	85	10	58	66	51	71	62	98	37	61	79	49	98	76	42	5	81	13	65	6	61	50	8	18	17	29	35	64	74	6	34	14	32	88	68	10	89	47	56	67	5	70	4	62	82	66	84	62	33	-1	59	40	90	62	
97	29	93	77	86	80	16	50	88	80	1	9	80	31	82	81	14	84	70	77	78	22	37	42	46	48	47	35	94	98	70	35	20	49	31	33	33	90	60	4	86	62	94	28	7	84	60	77	21	87	55	53	3	48	53	3	40	26	59	45	21	98	38	19	70	74	9	64	100	87	10	45	72	32	17	52	28	39	70	35	19	29	24	100	37	20	15	90	14	35	23	60	39	27	56	59	-1	32	69	52	
43	97	63	61	14	85	42	6	75	93	85	69	77	78	41	67	51	9	80	2	63	55	59	73	34	65	58	16	96	32	32	80	82	78	94	26	59	84	12	59	41	6	57	76	43	6	62	12	77	59	27	79	93	96	1	50	82	46	94	83	86	22	52	62	4	10	25	7	83	16	68	90	17	17	69	7	83	16	26	38	90	80	100	25	77	91	47	70	80	99	84	69	19	89	12	40	32	-1	36	35	
79	35	73	36	6	63	22	68	35	3	21	89	32	59	58	70	93	45	25	32	83	2	18	11	74	10	96	59	18	6	43	56	87	89	73	78	49	76	1	28	67	95	40	1	7	30	99	35	1	55	76	80	35	57	79	58	47	6	17	10	45	95	23	4	24	31	87	41	9	35	38	60	12	68	18	8	67	78	72	73	28	52	42	44	28	19	2	7	100	90	91	10	11	17	76	90	69	36	-1	76	
22	99	81	35	36	4	16	32	44	89	79	94	64	3	1	50	69	90	88	73	62	24	21	91	43	84	16	82	32	29	42	81	76	83	60	98	73	41	33	60	41	57	98	90	31	11	65	30	79	16	24	87	31	38	38	10	81	30	11	54	38	49	98	36	39	33	99	90	36	58	99	15	29	16	99	11	66	13	93	81	82	84	2	96	18	23	12	88	22	32	9	54	65	18	71	62	52	35	76	-1	
